send	rec	insert_time	motelabMoteID	milli_time	motelabSeqNo
2	7	2016-03-02 00:03:04	40019	1456848184031	1
1	10	2016-03-02 00:03:04	40057	1456848184369	2
1	18	2016-03-02 00:03:04	40019	1456848184489	3
2	3	2016-03-02 00:03:04	40081	1456848184739	4
2	3	2016-03-02 00:03:04	40068	1456848184897	5
1	0	2016-03-02 00:03:05	40081	1456848185488	6
1	2	2016-03-02 00:03:05	40068	1456848185518	7
2	3	2016-03-02 00:03:05	40078	1456848185740	8
1	17	2016-03-02 00:03:06	40078	1456848186583	9
2	7	2016-03-02 00:03:06	40063	1456848186865	10
2	7	2016-03-02 00:03:07	40080	1456848187165	11
2	7	2016-03-02 00:03:07	40123	1456848187292	12
2	7	2016-03-02 00:03:07	40132	1456848187303	13
1	18	2016-03-02 00:03:07	40063	1456848187453	14
2	7	2016-03-02 00:03:07	40122	1456848187763	15
2	7	2016-03-02 00:03:07	40054	1456848187827	16
2	7	2016-03-02 00:03:07	40040	1456848187833	17
1	20	2016-03-02 00:03:07	40080	1456848187899	18
1	1	2016-03-02 00:03:08	40123	1456848188024	19
2	7	2016-03-02 00:03:08	40038	1456848188169	20
1	26	2016-03-02 00:03:08	40132	1456848188418	21
2	7	2016-03-02 00:03:08	40135	1456848188590	22
2	7	2016-03-02 00:03:08	40077	1456848188604	23
2	7	2016-03-02 00:03:08	40046	1456848188669	24
2	7	2016-03-02 00:03:08	40058	1456848188690	25
1	20	2016-03-02 00:03:08	40038	1456848188743	26
1	21	2016-03-02 00:03:08	40122	1456848188754	27
2	7	2016-03-02 00:03:08	40048	1456848188884	28
1	4	2016-03-02 00:03:08	40058	1456848188913	29
1	4	2016-03-02 00:03:08	40040	1456848188917	30
1	5	2016-03-02 00:03:08	40135	1456848188925	31
2	7	2016-03-02 00:03:08	40016	1456848188981	32
2	7	2016-03-02 00:03:09	40024	1456848189111	33
1	22	2016-03-02 00:03:09	40054	1456848189199	34
2	3	2016-03-02 00:03:09	40058	1456848189359	35
1	12	2016-03-02 00:03:09	40077	1456848189464	36
2	7	2016-03-02 00:03:09	40005	1456848189513	37
2	7	2016-03-02 00:03:09	40045	1456848189526	38
2	3	2016-03-02 00:03:09	40040	1456848189682	39
1	1	2016-03-02 00:03:09	40046	1456848189721	40
1	2	2016-03-02 00:03:09	40024	1456848189731	41
2	7	2016-03-02 00:03:09	40037	1456848189755	42
1	9	2016-03-02 00:03:09	40058	1456848189837	43
1	12	2016-03-02 00:03:09	40048	1456848189886	44
2	7	2016-03-02 00:03:09	40011	1456848189906	45
1	8	2016-03-02 00:03:10	40016	1456848190241	46
2	3	2016-03-02 00:03:10	40080	1456848190259	47
2	7	2016-03-02 00:03:10	40002	1456848190357	48
1	22	2016-03-02 00:03:10	40011	1456848190457	49
1	14	2016-03-02 00:03:10	40045	1456848190753	50
1	14	2016-03-02 00:03:10	40037	1456848190758	51
2	2	2016-03-02 00:03:10	40077	1456848190834	52
2	2	2016-03-02 00:03:10	40068	1456848190835	53
2	2	2016-03-02 00:03:10	40069	1456848190838	54
1	25	2016-03-02 00:03:10	40005	1456848190930	55
1	7	2016-03-02 00:03:11	40002	1456848191070	56
2	7	2016-03-02 00:03:11	40015	1456848191153	57
1	19	2016-03-02 00:03:11	40080	1456848191264	58
1	24	2016-03-02 00:03:11	40069	1456848191331	59
2	2	2016-03-02 00:03:11	40123	1456848191335	60
2	2	2016-03-02 00:03:11	40063	1456848191337	61
2	2	2016-03-02 00:03:11	40080	1456848191343	62
1	25	2016-03-02 00:03:11	40077	1456848191344	63
2	2	2016-03-02 00:03:11	40075	1456848191348	64
2	2	2016-03-02 00:03:11	40076	1456848191349	65
1	3	2016-03-02 00:03:11	40068	1456848191423	66
2	2	2016-03-02 00:03:11	40051	1456848191442	67
1	12	2016-03-02 00:03:11	40015	1456848191570	68
1	15	2016-03-02 00:03:11	40040	1456848191627	69
2	2	2016-03-02 00:03:11	40078	1456848191769	70
2	2	2016-03-02 00:03:11	40081	1456848191781	71
2	2	2016-03-02 00:03:11	40079	1456848191858	72
1	7	2016-03-02 00:03:11	40076	1456848191906	73
2	2	2016-03-02 00:03:11	40072	1456848191915	74
2	2	2016-03-02 00:03:11	40132	1456848191921	75
1	15	2016-03-02 00:03:12	40078	1456848192040	76
2	2	2016-03-02 00:03:12	40070	1456848192042	77
1	2	2016-03-02 00:03:12	40123	1456848192259	78
1	2	2016-03-02 00:03:12	40063	1456848192260	79
2	2	2016-03-02 00:03:12	40120	1456848192265	80
2	2	2016-03-02 00:03:12	40064	1456848192271	81
1	4	2016-03-02 00:03:12	40051	1456848192285	82
2	2	2016-03-02 00:03:12	40084	1456848192289	83
2	2	2016-03-02 00:03:12	40030	1456848192291	84
2	2	2016-03-02 00:03:12	40056	1456848192291	85
2	2	2016-03-02 00:03:12	40054	1456848192292	86
2	2	2016-03-02 00:03:12	40053	1456848192295	87
2	2	2016-03-02 00:03:12	40055	1456848192296	88
2	2	2016-03-02 00:03:12	40040	1456848192297	89
2	2	2016-03-02 00:03:12	40038	1456848192298	90
2	2	2016-03-02 00:03:12	40057	1456848192300	91
2	2	2016-03-02 00:03:12	40047	1456848192301	92
1	8	2016-03-02 00:03:12	40075	1456848192351	93
1	11	2016-03-02 00:03:12	40081	1456848192402	94
1	17	2016-03-02 00:03:12	40072	1456848192488	95
2	2	2016-03-02 00:03:12	40071	1456848192501	96
1	20	2016-03-02 00:03:12	40080	1456848192539	97
1	23	2016-03-02 00:03:12	40079	1456848192591	98
2	2	2016-03-02 00:03:12	40138	1456848192592	99
1	0	2016-03-02 00:03:12	40084	1456848192639	100
2	2	2016-03-02 00:03:12	40008	1456848192677	101
2	2	2016-03-02 00:03:12	40045	1456848192713	102
1	5	2016-03-02 00:03:12	40132	1456848192717	103
2	2	2016-03-02 00:03:12	40136	1456848192725	104
2	2	2016-03-02 00:03:12	40118	1456848192726	105
1	10	2016-03-02 00:03:12	40030	1456848192800	106
2	2	2016-03-02 00:03:12	40036	1456848192807	107
2	2	2016-03-02 00:03:12	40083	1456848192827	108
2	2	2016-03-02 00:03:12	40074	1456848192833	109
1	12	2016-03-02 00:03:12	40071	1456848192836	110
2	2	2016-03-02 00:03:12	40027	1456848192897	111
1	16	2016-03-02 00:03:12	40040	1456848192903	112
2	2	2016-03-02 00:03:12	40058	1456848192910	113
2	2	2016-03-02 00:03:12	40067	1456848192917	114
1	21	2016-03-02 00:03:12	40047	1456848192969	115
1	21	2016-03-02 00:03:12	40064	1456848192971	116
2	3	2016-03-02 00:03:12	40076	1456848192973	117
1	4	2016-03-02 00:03:12	40057	1456848192984	118
2	2	2016-03-02 00:03:12	40048	1456848192987	119
1	22	2016-03-02 00:03:12	40054	1456848192994	120
1	23	2016-03-02 00:03:13	40038	1456848193000	121
2	2	2016-03-02 00:03:13	40028	1456848193008	122
1	23	2016-03-02 00:03:13	40070	1456848193012	123
2	2	2016-03-02 00:03:13	40035	1456848193015	124
2	2	2016-03-02 00:03:13	40037	1456848193019	125
1	26	2016-03-02 00:03:13	40055	1456848193046	126
1	26	2016-03-02 00:03:13	40056	1456848193055	127
1	2	2016-03-02 00:03:13	40083	1456848193098	128
2	2	2016-03-02 00:03:13	40017	1456848193102	129
2	2	2016-03-02 00:03:13	40019	1456848193103	130
2	2	2016-03-02 00:03:13	40117	1456848193156	131
2	2	2016-03-02 00:03:13	40135	1456848193164	132
1	10	2016-03-02 00:03:13	40136	1456848193217	133
1	13	2016-03-02 00:03:13	40045	1456848193271	134
1	13	2016-03-02 00:03:13	40048	1456848193273	135
2	2	2016-03-02 00:03:13	40024	1456848193275	136
2	3	2016-03-02 00:03:13	40002	1456848193277	137
2	2	2016-03-02 00:03:13	40031	1456848193278	138
1	14	2016-03-02 00:03:13	40120	1456848193282	139
1	18	2016-03-02 00:03:13	40008	1456848193346	140
2	2	2016-03-02 00:03:13	40001	1456848193349	141
2	2	2016-03-02 00:03:13	40004	1456848193353	142
2	2	2016-03-02 00:03:13	40014	1456848193354	143
2	2	2016-03-02 00:03:13	40009	1456848193354	144
2	2	2016-03-02 00:03:13	40002	1456848193381	145
1	22	2016-03-02 00:03:13	40074	1456848193407	146
2	2	2016-03-02 00:03:13	40085	1456848193430	147
2	2	2016-03-02 00:03:13	40039	1456848193436	148
2	3	2016-03-02 00:03:13	40123	1456848193453	149
1	9	2016-03-02 00:03:13	40053	1456848193633	150
2	3	2016-03-02 00:03:13	40055	1456848193636	151
2	3	2016-03-02 00:03:13	40057	1456848193637	152
2	2	2016-03-02 00:03:13	40046	1456848193644	153
2	2	2016-03-02 00:03:13	40034	1456848193703	154
1	15	2016-03-02 00:03:13	40118	1456848193729	155
1	15	2016-03-02 00:03:13	40036	1456848193730	156
2	2	2016-03-02 00:03:13	40026	1456848193731	157
2	3	2016-03-02 00:03:13	40056	1456848193755	158
1	19	2016-03-02 00:03:13	40037	1456848193783	159
2	2	2016-03-02 00:03:13	40010	1456848193789	160
2	2	2016-03-02 00:03:13	40005	1456848193790	161
1	19	2016-03-02 00:03:13	40067	1456848193792	162
2	2	2016-03-02 00:03:13	40033	1456848193797	163
2	2	2016-03-02 00:03:13	40060	1456848193799	164
1	20	2016-03-02 00:03:13	40138	1456848193801	165
2	2	2016-03-02 00:03:13	40139	1456848193807	166
2	2	2016-03-02 00:03:13	40131	1456848193807	167
2	2	2016-03-02 00:03:13	40119	1456848193808	168
2	2	2016-03-02 00:03:13	40137	1456848193813	169
2	2	2016-03-02 00:03:13	40122	1456848193817	170
1	22	2016-03-02 00:03:13	40135	1456848193836	171
2	3	2016-03-02 00:03:13	40048	1456848193846	172
2	2	2016-03-02 00:03:13	40133	1456848193852	173
1	26	2016-03-02 00:03:13	40131	1456848193902	174
1	1	2016-03-02 00:03:13	40058	1456848193930	175
1	2	2016-03-02 00:03:13	40028	1456848193948	176
1	3	2016-03-02 00:03:13	40017	1456848193953	177
2	2	2016-03-02 00:03:13	40025	1456848193957	178
1	22	2016-03-02 00:03:13	40059	1456848193962	179
1	5	2016-03-02 00:03:13	40027	1456848193994	180
1	9	2016-03-02 00:03:14	40014	1456848194049	181
2	2	2016-03-02 00:03:14	40016	1456848194058	182
2	2	2016-03-02 00:03:14	40018	1456848194066	183
2	2	2016-03-02 00:03:14	40003	1456848194066	184
2	2	2016-03-02 00:03:14	40013	1456848194066	185
2	2	2016-03-02 00:03:14	40011	1456848194066	186
2	2	2016-03-02 00:03:14	40066	1456848194069	187
1	12	2016-03-02 00:03:14	40060	1456848194101	188
1	14	2016-03-02 00:03:14	40035	1456848194128	189
1	14	2016-03-02 00:03:14	40024	1456848194133	190
1	18	2016-03-02 00:03:14	40046	1456848194187	191
1	18	2016-03-02 00:03:14	40031	1456848194200	192
1	20	2016-03-02 00:03:14	40009	1456848194221	193
1	20	2016-03-02 00:03:14	40034	1456848194229	194
2	2	2016-03-02 00:03:14	40032	1456848194240	195
2	2	2016-03-02 00:03:14	40059	1456848194249	196
1	23	2016-03-02 00:03:14	40013	1456848194265	197
2	2	2016-03-02 00:03:14	40020	1456848194273	198
1	23	2016-03-02 00:03:14	40133	1456848194277	199
2	2	2016-03-02 00:03:14	40065	1456848194279	200
2	2	2016-03-02 00:03:14	40073	1456848194281	201
1	24	2016-03-02 00:03:14	40039	1456848194281	202
2	2	2016-03-02 00:03:14	40082	1456848194281	203
1	24	2016-03-02 00:03:14	40019	1456848194281	204
2	2	2016-03-02 00:03:14	40012	1456848194289	205
1	24	2016-03-02 00:03:14	40025	1456848194292	206
1	26	2016-03-02 00:03:14	40076	1456848194312	207
1	0	2016-03-02 00:03:14	40123	1456848194328	208
1	1	2016-03-02 00:03:14	40002	1456848194345	209
1	1	2016-03-02 00:03:14	40033	1456848194354	210
1	4	2016-03-02 00:03:14	40005	1456848194389	211
1	4	2016-03-02 00:03:14	40012	1456848194393	212
1	4	2016-03-02 00:03:14	40117	1456848194397	213
2	2	2016-03-02 00:03:14	40128	1456848194399	214
2	2	2016-03-02 00:03:14	40124	1456848194400	215
2	2	2016-03-02 00:03:14	40126	1456848194402	216
2	2	2016-03-02 00:03:14	40130	1456848194408	217
1	6	2016-03-02 00:03:14	40026	1456848194430	218
1	11	2016-03-02 00:03:14	40048	1456848194514	219
1	12	2016-03-02 00:03:14	40065	1456848194518	220
1	12	2016-03-02 00:03:14	40073	1456848194518	221
1	12	2016-03-02 00:03:14	40032	1456848194526	222
1	13	2016-03-02 00:03:14	40137	1456848194543	223
1	14	2016-03-02 00:03:14	40011	1456848194558	224
2	2	2016-03-02 00:03:14	40015	1456848194558	225
1	14	2016-03-02 00:03:14	40139	1456848194558	226
2	2	2016-03-02 00:03:14	40006	1456848194558	227
1	15	2016-03-02 00:03:14	40055	1456848194576	228
1	18	2016-03-02 00:03:14	40126	1456848194608	229
1	21	2016-03-02 00:03:14	40010	1456848194657	230
1	21	2016-03-02 00:03:14	40122	1456848194660	231
1	21	2016-03-02 00:03:14	40119	1456848194666	232
1	22	2016-03-02 00:03:14	40001	1456848194674	233
1	22	2016-03-02 00:03:14	40130	1456848194679	234
1	23	2016-03-02 00:03:14	40057	1456848194688	235
1	2	2016-03-02 00:03:14	40082	1456848194790	236
1	4	2016-03-02 00:03:14	40006	1456848194813	237
2	2	2016-03-02 00:03:14	40007	1456848194821	238
1	6	2016-03-02 00:03:14	40056	1456848194853	239
1	15	2016-03-02 00:03:14	40018	1456848194985	240
1	17	2016-03-02 00:03:15	40059	1456848195029	241
1	21	2016-03-02 00:03:15	40128	1456848195084	242
1	24	2016-03-02 00:03:15	40015	1456848195125	243
2	3	2016-03-02 00:03:15	40005	1456848195133	244
1	25	2016-03-02 00:03:15	40003	1456848195141	245
1	26	2016-03-02 00:03:15	40066	1456848195167	246
2	3	2016-03-02 00:03:15	40073	1456848195219	247
2	3	2016-03-02 00:03:15	40011	1456848195321	248
1	11	2016-03-02 00:03:15	40124	1456848195355	249
1	20	2016-03-02 00:03:15	40016	1456848195486	250
2	3	2016-03-02 00:03:15	40064	1456848195530	251
1	17	2016-03-02 00:03:15	40004	1456848195562	252
1	0	2016-03-02 00:03:15	40007	1456848195594	253
1	5	2016-03-02 00:03:15	40020	1456848195674	254
2	3	2016-03-02 00:03:15	40122	1456848195807	255
2	3	2016-03-02 00:03:15	40018	1456848195821	256
2	3	2016-03-02 00:03:15	40133	1456848195918	257
1	26	2016-03-02 00:03:16	40011	1456848196002	258
1	0	2016-03-02 00:03:16	40005	1456848196017	259
1	7	2016-03-02 00:03:16	40018	1456848196125	260
1	23	2016-03-02 00:03:16	40085	1456848196300	261
2	3	2016-03-02 00:03:16	40070	1456848196322	262
1	2	2016-03-02 00:03:16	40133	1456848196476	263
1	3	2016-03-02 00:03:16	40073	1456848196494	264
2	3	2016-03-02 00:03:16	40066	1456848196567	265
1	12	2016-03-02 00:03:16	40064	1456848196627	266
1	23	2016-03-02 00:03:16	40122	1456848196810	267
1	21	2016-03-02 00:03:17	40066	1456848197188	268
1	0	2016-03-02 00:03:17	40070	1456848197293	269
2	3	2016-03-02 00:03:18	40122	1456848198036	270
2	3	2016-03-02 00:03:18	40033	1456848198766	271
1	6	2016-03-02 00:03:19	40122	1456848199071	272
1	22	2016-03-02 00:03:20	40033	1456848200167	273
2	7	2016-03-02 00:03:20	40077	1456848200788	274
2	7	2016-03-02 00:03:20	40054	1456848200792	275
2	7	2016-03-02 00:03:20	40040	1456848200795	276
2	7	2016-03-02 00:03:21	40038	1456848201147	277
1	7	2016-03-02 00:03:21	40077	1456848201186	278
2	7	2016-03-02 00:03:21	40076	1456848201672	279
1	16	2016-03-02 00:03:21	40038	1456848201752	280
2	7	2016-03-02 00:03:21	40047	1456848201866	281
2	7	2016-03-02 00:03:21	40017	1456848201946	282
2	7	2016-03-02 00:03:21	40002	1456848201978	283
2	7	2016-03-02 00:03:22	40024	1456848202001	284
2	3	2016-03-02 00:03:22	40005	1456848202042	285
1	8	2016-03-02 00:03:22	40040	1456848202054	286
1	14	2016-03-02 00:03:22	40054	1456848202148	287
2	7	2016-03-02 00:03:22	40056	1456848202286	288
2	7	2016-03-02 00:03:22	40123	1456848202288	289
2	7	2016-03-02 00:03:22	40046	1456848202288	290
2	7	2016-03-02 00:03:22	40057	1456848202476	291
1	10	2016-03-02 00:03:22	40076	1456848202500	292
1	14	2016-03-02 00:03:22	40017	1456848202562	293
1	22	2016-03-02 00:03:22	40056	1456848202700	294
1	25	2016-03-02 00:03:22	40002	1456848202734	295
1	2	2016-03-02 00:03:22	40024	1456848202795	296
1	2	2016-03-02 00:03:22	40046	1456848202798	297
2	7	2016-03-02 00:03:22	40059	1456848202864	298
2	7	2016-03-02 00:03:23	40015	1456848203166	299
1	26	2016-03-02 00:03:23	40047	1456848203171	300
1	1	2016-03-02 00:03:23	40005	1456848203207	301
2	7	2016-03-02 00:03:23	40124	1456848203243	302
2	7	2016-03-02 00:03:23	40055	1456848203252	303
2	7	2016-03-02 00:03:23	40007	1456848203290	304
1	19	2016-03-02 00:03:23	40123	1456848203498	305
1	20	2016-03-02 00:03:23	40059	1456848203501	306
1	15	2016-03-02 00:03:23	40057	1456848203845	307
1	1	2016-03-02 00:03:24	40124	1456848204054	308
1	10	2016-03-02 00:03:24	40007	1456848204190	309
1	19	2016-03-02 00:03:24	40015	1456848204330	310
2	7	2016-03-02 00:03:24	40037	1456848204546	311
1	6	2016-03-02 00:03:24	40055	1456848204560	312
2	7	2016-03-02 00:03:24	40016	1456848204774	313
2	3	2016-03-02 00:03:24	40076	1456848204970	314
2	7	2016-03-02 00:03:25	40019	1456848205354	315
1	16	2016-03-02 00:03:25	40016	1456848205546	316
1	1	2016-03-02 00:03:25	40076	1456848205735	317
2	3	2016-03-02 00:03:25	40002	1456848205838	318
1	12	2016-03-02 00:03:26	40019	1456848206331	319
1	20	2016-03-02 00:03:26	40037	1456848206457	320
2	7	2016-03-02 00:03:26	40122	1456848206538	321
2	7	2016-03-02 00:03:26	40006	1456848206542	322
1	8	2016-03-02 00:03:26	40002	1456848206690	323
1	7	2016-03-02 00:03:27	40122	1456848207095	324
1	3	2016-03-02 00:03:27	40006	1456848207454	325
2	3	2016-03-02 00:03:27	40010	1456848207726	326
2	7	2016-03-02 00:03:28	40070	1456848208193	327
1	13	2016-03-02 00:03:28	40070	1456848208464	328
2	7	2016-03-02 00:03:28	40035	1456848208918	329
2	7	2016-03-02 00:03:29	40054	1456848209228	330
2	7	2016-03-02 00:03:29	40040	1456848209229	331
2	7	2016-03-02 00:03:29	40077	1456848209229	332
1	19	2016-03-02 00:03:29	40010	1456848209466	333
1	14	2016-03-02 00:03:29	40035	1456848209745	334
2	3	2016-03-02 00:03:29	40010	1456848209826	335
2	7	2016-03-02 00:03:29	40038	1456848209883	336
2	7	2016-03-02 00:03:30	40001	1456848210198	337
1	21	2016-03-02 00:03:30	40038	1456848210265	338
1	23	2016-03-02 00:03:30	40054	1456848210297	339
1	25	2016-03-02 00:03:30	40077	1456848210329	340
2	7	2016-03-02 00:03:30	40024	1456848210440	341
2	7	2016-03-02 00:03:30	40005	1456848210494	342
2	7	2016-03-02 00:03:30	40047	1456848210523	343
1	0	2016-03-02 00:03:30	40010	1456848210782	344
1	7	2016-03-02 00:03:30	40040	1456848210903	345
2	7	2016-03-02 00:03:30	40057	1456848210916	346
1	11	2016-03-02 00:03:30	40005	1456848210954	347
1	13	2016-03-02 00:03:30	40001	1456848210987	348
2	7	2016-03-02 00:03:31	40046	1456848211011	349
1	14	2016-03-02 00:03:31	40024	1456848211012	350
1	5	2016-03-02 00:03:31	40046	1456848211283	351
1	15	2016-03-02 00:03:31	40047	1456848211446	352
2	7	2016-03-02 00:03:31	40059	1456848211542	353
2	7	2016-03-02 00:03:31	40015	1456848211602	354
2	7	2016-03-02 00:03:31	40055	1456848211688	355
2	7	2016-03-02 00:03:31	40124	1456848211689	356
1	16	2016-03-02 00:03:31	40057	1456848211887	357
1	26	2016-03-02 00:03:32	40055	1456848212039	358
1	2	2016-03-02 00:03:32	40059	1456848212084	359
1	15	2016-03-02 00:03:32	40015	1456848212282	360
2	7	2016-03-02 00:03:32	40034	1456848212654	361
1	25	2016-03-02 00:03:32	40124	1456848212865	362
2	7	2016-03-02 00:03:32	40132	1456848212956	363
2	7	2016-03-02 00:03:32	40037	1456848212984	364
2	7	2016-03-02 00:03:33	40016	1456848213214	365
1	26	2016-03-02 00:03:33	40034	1456848213307	366
2	7	2016-03-02 00:03:33	40076	1456848213477	367
2	7	2016-03-02 00:03:33	40135	1456848213545	368
1	20	2016-03-02 00:03:33	40132	1456848213625	369
2	7	2016-03-02 00:03:33	40063	1456848213746	370
2	7	2016-03-02 00:03:33	40019	1456848213790	371
1	9	2016-03-02 00:03:33	40135	1456848213879	372
1	14	2016-03-02 00:03:33	40063	1456848213953	373
1	19	2016-03-02 00:03:34	40016	1456848214030	374
1	3	2016-03-02 00:03:34	40037	1456848214210	375
1	1	2016-03-02 00:03:34	40019	1456848214594	376
2	7	2016-03-02 00:03:34	40002	1456848214634	377
1	6	2016-03-02 00:03:35	40076	1456848215102	378
1	15	2016-03-02 00:03:35	40002	1456848215234	379
2	3	2016-03-02 00:03:36	40132	1456848216380	380
2	7	2016-03-02 00:03:37	40035	1456848217442	381
1	3	2016-03-02 00:03:37	40132	1456848217590	382
2	7	2016-03-02 00:03:37	40040	1456848217663	383
2	7	2016-03-02 00:03:37	40054	1456848217664	384
2	7	2016-03-02 00:03:37	40077	1456848217669	385
1	14	2016-03-02 00:03:38	40035	1456848218173	386
2	7	2016-03-02 00:03:38	40122	1456848218177	387
1	21	2016-03-02 00:03:38	40077	1456848218291	388
2	7	2016-03-02 00:03:38	40068	1456848218308	389
2	7	2016-03-02 00:03:38	40010	1456848218683	390
2	7	2016-03-02 00:03:38	40024	1456848218879	391
1	7	2016-03-02 00:03:38	40122	1456848218909	392
2	7	2016-03-02 00:03:38	40047	1456848218973	393
1	17	2016-03-02 00:03:39	40040	1456848219066	394
1	17	2016-03-02 00:03:39	40054	1456848219068	395
2	7	2016-03-02 00:03:39	40011	1456848219102	396
2	7	2016-03-02 00:03:39	40005	1456848219274	397
2	3	2016-03-02 00:03:39	40077	1456848219298	398
2	7	2016-03-02 00:03:39	40057	1456848219356	399
1	16	2016-03-02 00:03:39	40010	1456848219470	400
2	3	2016-03-02 00:03:39	40054	1456848219578	401
1	25	2016-03-02 00:03:39	40068	1456848219613	402
1	0	2016-03-02 00:03:39	40011	1456848219642	403
1	4	2016-03-02 00:03:39	40024	1456848219706	404
1	5	2016-03-02 00:03:39	40005	1456848219718	405
2	7	2016-03-02 00:03:39	40046	1456848219783	406
2	3	2016-03-02 00:03:39	40040	1456848219863	407
2	7	2016-03-02 00:03:39	40059	1456848219982	408
1	23	2016-03-02 00:03:40	40047	1456848220008	409
2	7	2016-03-02 00:03:40	40015	1456848220042	410
1	12	2016-03-02 00:03:40	40057	1456848220248	411
2	3	2016-03-02 00:03:40	40064	1456848220343	412
1	19	2016-03-02 00:03:40	40059	1456848220364	413
1	0	2016-03-02 00:03:40	40046	1456848220485	414
1	1	2016-03-02 00:03:40	40077	1456848220504	415
1	17	2016-03-02 00:03:40	40054	1456848220758	416
1	24	2016-03-02 00:03:40	40015	1456848220858	417
2	7	2016-03-02 00:03:40	40017	1456848220930	418
2	7	2016-03-02 00:03:40	40038	1456848220963	419
1	20	2016-03-02 00:03:41	40040	1456848221218	420
1	11	2016-03-02 00:03:41	40064	1456848221503	421
2	7	2016-03-02 00:03:41	40016	1456848221650	422
1	22	2016-03-02 00:03:41	40017	1456848221674	423
2	7	2016-03-02 00:03:41	40076	1456848221925	424
2	7	2016-03-02 00:03:41	40135	1456848221990	425
1	18	2016-03-02 00:03:42	40016	1456848222030	426
2	7	2016-03-02 00:03:42	40019	1456848222226	427
1	7	2016-03-02 00:03:42	40038	1456848222286	428
1	8	2016-03-02 00:03:42	40019	1456848222719	429
2	3	2016-03-02 00:03:42	40016	1456848222742	430
1	22	2016-03-02 00:03:42	40135	1456848222946	431
2	7	2016-03-02 00:03:43	40002	1456848223070	432
1	5	2016-03-02 00:03:43	40076	1456848223100	433
1	26	2016-03-02 00:03:43	40016	1456848223422	434
1	21	2016-03-02 00:03:43	40002	1456848223766	435
2	7	2016-03-02 00:03:44	40037	1456848224416	436
2	7	2016-03-02 00:03:44	40001	1456848224538	437
1	24	2016-03-02 00:03:45	40001	1456848225078	438
1	20	2016-03-02 00:03:45	40037	1456848225451	439
2	7	2016-03-02 00:03:45	40132	1456848225615	440
1	9	2016-03-02 00:03:46	40132	1456848226539	441
2	7	2016-03-02 00:03:46	40122	1456848226615	442
2	7	2016-03-02 00:03:46	40063	1456848226781	443
1	26	2016-03-02 00:03:47	40063	1456848227226	444
2	7	2016-03-02 00:03:47	40126	1456848227288	445
2	7	2016-03-02 00:03:47	40024	1456848227303	446
1	10	2016-03-02 00:03:47	40122	1456848227395	447
2	7	2016-03-02 00:03:47	40033	1456848227399	448
2	7	2016-03-02 00:03:47	40047	1456848227408	449
1	16	2016-03-02 00:03:47	40024	1456848227493	450
1	1	2016-03-02 00:03:47	40033	1456848227670	451
2	7	2016-03-02 00:03:47	40005	1456848227710	452
2	7	2016-03-02 00:03:47	40077	1456848227798	453
2	7	2016-03-02 00:03:48	40046	1456848228219	454
2	7	2016-03-02 00:03:48	40054	1456848228221	455
2	7	2016-03-02 00:03:48	40059	1456848228421	456
1	23	2016-03-02 00:03:48	40126	1456848228448	457
2	7	2016-03-02 00:03:48	40015	1456848228494	458
2	7	2016-03-02 00:03:48	40066	1456848228607	459
2	7	2016-03-02 00:03:48	40040	1456848228632	460
1	8	2016-03-02 00:03:48	40054	1456848228636	461
2	7	2016-03-02 00:03:48	40055	1456848228688	462
1	13	2016-03-02 00:03:48	40046	1456848228714	463
1	14	2016-03-02 00:03:48	40059	1456848228724	464
1	17	2016-03-02 00:03:48	40005	1456848228766	465
1	2	2016-03-02 00:03:48	40047	1456848228952	466
1	8	2016-03-02 00:03:49	40066	1456848229053	467
1	13	2016-03-02 00:03:49	40015	1456848229126	468
2	7	2016-03-02 00:03:49	40071	1456848229130	469
1	21	2016-03-02 00:03:49	40077	1456848229247	470
1	0	2016-03-02 00:03:49	40071	1456848229353	471
2	7	2016-03-02 00:03:49	40017	1456848229366	472
2	7	2016-03-02 00:03:49	40038	1456848229412	473
1	19	2016-03-02 00:03:50	40055	1456848230059	474
1	19	2016-03-02 00:03:50	40040	1456848230066	475
1	20	2016-03-02 00:03:50	40017	1456848230078	476
2	7	2016-03-02 00:03:50	40123	1456848230258	477
2	7	2016-03-02 00:03:50	40076	1456848230364	478
2	7	2016-03-02 00:03:50	40135	1456848230420	479
2	7	2016-03-02 00:03:50	40010	1456848230494	480
1	3	2016-03-02 00:03:50	40038	1456848230655	481
2	3	2016-03-02 00:03:50	40040	1456848230656	482
2	7	2016-03-02 00:03:50	40019	1456848230666	483
2	3	2016-03-02 00:03:50	40055	1456848230745	484
2	3	2016-03-02 00:03:50	40004	1456848230758	485
1	10	2016-03-02 00:03:50	40010	1456848230766	486
2	7	2016-03-02 00:03:50	40075	1456848230781	487
1	14	2016-03-02 00:03:50	40076	1456848230826	488
1	22	2016-03-02 00:03:50	40135	1456848230962	489
1	0	2016-03-02 00:03:51	40123	1456848231038	490
1	12	2016-03-02 00:03:51	40019	1456848231219	491
2	3	2016-03-02 00:03:51	40076	1456848231464	492
2	7	2016-03-02 00:03:51	40002	1456848231506	493
2	7	2016-03-02 00:03:51	40057	1456848231586	494
1	16	2016-03-02 00:03:51	40075	1456848231705	495
1	23	2016-03-02 00:03:51	40055	1456848231814	496
2	3	2016-03-02 00:03:51	40037	1456848231835	497
1	6	2016-03-02 00:03:51	40040	1456848231980	498
1	11	2016-03-02 00:03:52	40002	1456848232046	499
2	3	2016-03-02 00:03:52	40032	1456848232061	500
1	12	2016-03-02 00:03:52	40076	1456848232076	501
1	15	2016-03-02 00:03:52	40004	1456848232110	502
1	25	2016-03-02 00:03:52	40032	1456848232698	503
1	7	2016-03-02 00:03:52	40057	1456848232828	504
1	16	2016-03-02 00:03:52	40037	1456848232981	505
2	7	2016-03-02 00:03:53	40016	1456848233134	506
2	7	2016-03-02 00:03:54	40132	1456848234039	507
1	7	2016-03-02 00:03:54	40132	1456848234516	508
1	1	2016-03-02 00:03:54	40016	1456848234842	509
2	7	2016-03-02 00:03:55	40035	1456848235014	510
2	7	2016-03-02 00:03:55	40063	1456848235216	511
2	7	2016-03-02 00:03:55	40122	1456848235467	512
1	23	2016-03-02 00:03:55	40063	1456848235614	513
2	7	2016-03-02 00:03:55	40126	1456848235728	514
2	7	2016-03-02 00:03:55	40024	1456848235742	515
1	19	2016-03-02 00:03:55	40035	1456848235968	516
2	7	2016-03-02 00:03:56	40005	1456848236150	517
2	7	2016-03-02 00:03:56	40047	1456848236161	518
2	7	2016-03-02 00:03:56	40077	1456848236239	519
1	16	2016-03-02 00:03:56	40126	1456848236348	520
1	19	2016-03-02 00:03:56	40024	1456848236394	521
1	23	2016-03-02 00:03:56	40122	1456848236455	522
2	7	2016-03-02 00:03:56	40054	1456848236658	523
2	7	2016-03-02 00:03:56	40064	1456848236826	524
2	7	2016-03-02 00:03:56	40059	1456848236861	525
1	24	2016-03-02 00:03:56	40047	1456848236893	526
2	7	2016-03-02 00:03:56	40015	1456848236930	527
2	3	2016-03-02 00:03:57	40122	1456848237267	528
1	9	2016-03-02 00:03:57	40122	1456848237506	529
1	13	2016-03-02 00:03:57	40005	1456848237562	530
1	13	2016-03-02 00:03:57	40064	1456848237573	531
1	26	2016-03-02 00:03:57	40077	1456848237767	532
1	2	2016-03-02 00:03:57	40054	1456848237822	533
2	7	2016-03-02 00:03:57	40038	1456848237845	534
1	17	2016-03-02 00:03:58	40015	1456848238046	535
1	17	2016-03-02 00:03:58	40059	1456848238055	536
2	7	2016-03-02 00:03:58	40128	1456848238691	537
2	7	2016-03-02 00:03:58	40135	1456848238850	538
1	26	2016-03-02 00:03:59	40038	1456848239041	539
2	7	2016-03-02 00:03:59	40019	1456848239102	540
2	7	2016-03-02 00:03:59	40040	1456848239186	541
2	7	2016-03-02 00:03:59	40123	1456848239236	542
2	7	2016-03-02 00:03:59	40055	1456848239389	543
1	13	2016-03-02 00:03:59	40128	1456848239679	544
1	21	2016-03-02 00:03:59	40040	1456848239808	545
2	7	2016-03-02 00:03:59	40002	1456848239946	546
2	7	2016-03-02 00:04:00	40046	1456848240005	547
2	7	2016-03-02 00:04:00	40057	1456848240026	548
2	7	2016-03-02 00:04:00	40076	1456848240066	549
1	22	2016-03-02 00:04:00	40135	1456848240238	550
1	25	2016-03-02 00:04:00	40019	1456848240282	551
2	7	2016-03-02 00:04:00	40007	1456848240382	552
1	6	2016-03-02 00:04:00	40055	1456848240409	553
2	7	2016-03-02 00:04:00	40037	1456848240448	554
2	7	2016-03-02 00:04:00	40033	1456848240505	555
1	17	2016-03-02 00:04:00	40046	1456848240579	556
2	7	2016-03-02 00:04:00	40010	1456848240618	557
1	23	2016-03-02 00:04:00	40123	1456848240669	558
1	26	2016-03-02 00:04:00	40007	1456848240718	559
1	5	2016-03-02 00:04:00	40002	1456848240810	560
1	12	2016-03-02 00:04:00	40057	1456848240934	561
2	7	2016-03-02 00:04:01	40048	1456848241124	562
1	10	2016-03-02 00:04:01	40033	1456848241317	563
1	10	2016-03-02 00:04:01	40076	1456848241325	564
1	16	2016-03-02 00:04:01	40037	1456848241403	565
1	20	2016-03-02 00:04:01	40048	1456848241473	566
2	7	2016-03-02 00:04:01	40016	1456848241570	567
1	12	2016-03-02 00:04:01	40010	1456848241766	568
1	1	2016-03-02 00:04:02	40016	1456848242438	569
2	7	2016-03-02 00:04:02	40132	1456848242478	570
2	7	2016-03-02 00:04:03	40063	1456848243651	571
1	3	2016-03-02 00:04:03	40132	1456848243736	572
2	3	2016-03-02 00:04:03	40076	1456848243746	573
2	7	2016-03-02 00:04:04	40024	1456848244181	574
2	7	2016-03-02 00:04:04	40120	1456848244505	575
2	7	2016-03-02 00:04:04	40005	1456848244586	576
2	7	2016-03-02 00:04:04	40047	1456848244595	577
1	11	2016-03-02 00:04:04	40024	1456848244706	578
1	14	2016-03-02 00:04:04	40063	1456848244749	579
2	7	2016-03-02 00:04:04	40077	1456848244759	580
1	1	2016-03-02 00:04:04	40076	1456848244973	581
1	3	2016-03-02 00:04:04	40005	1456848244998	582
2	7	2016-03-02 00:04:05	40054	1456848245094	583
1	10	2016-03-02 00:04:05	40077	1456848245109	584
2	7	2016-03-02 00:04:05	40001	1456848245178	585
2	7	2016-03-02 00:04:05	40059	1456848245301	586
2	7	2016-03-02 00:04:05	40015	1456848245366	587
1	3	2016-03-02 00:04:05	40047	1456848245423	588
1	14	2016-03-02 00:04:05	40120	1456848245601	589
1	16	2016-03-02 00:04:05	40015	1456848245626	590
1	10	2016-03-02 00:04:05	40001	1456848245950	591
2	7	2016-03-02 00:04:06	40122	1456848246008	592
2	7	2016-03-02 00:04:06	40038	1456848246279	593
2	7	2016-03-02 00:04:06	40030	1456848246281	594
1	7	2016-03-02 00:04:06	40059	1456848246336	595
1	16	2016-03-02 00:04:06	40054	1456848246466	596
2	7	2016-03-02 00:04:06	40035	1456848246623	597
1	5	2016-03-02 00:04:06	40122	1456848246725	598
2	7	2016-03-02 00:04:07	40128	1456848247122	599
1	8	2016-03-02 00:04:07	40030	1456848247189	600
2	7	2016-03-02 00:04:07	40135	1456848247295	601
1	18	2016-03-02 00:04:07	40038	1456848247347	602
2	7	2016-03-02 00:04:07	40011	1456848247366	603
2	7	2016-03-02 00:04:07	40040	1456848247620	604
1	11	2016-03-02 00:04:07	40035	1456848247657	605
1	19	2016-03-02 00:04:07	40128	1456848247792	606
2	7	2016-03-02 00:04:07	40123	1456848247864	607
2	7	2016-03-02 00:04:07	40055	1456848247968	608
1	11	2016-03-02 00:04:08	40135	1456848248076	609
1	24	2016-03-02 00:04:08	40011	1456848248278	610
2	7	2016-03-02 00:04:08	40002	1456848248382	611
2	7	2016-03-02 00:04:08	40046	1456848248473	612
1	14	2016-03-02 00:04:08	40040	1456848248544	613
2	7	2016-03-02 00:04:08	40045	1456848248715	614
1	6	2016-03-02 00:04:08	40123	1456848248851	615
1	8	2016-03-02 00:04:08	40002	1456848248874	616
2	7	2016-03-02 00:04:08	40037	1456848248886	617
1	23	2016-03-02 00:04:09	40046	1456848249111	618
2	7	2016-03-02 00:04:09	40124	1456848249238	619
2	7	2016-03-02 00:04:09	40033	1456848249280	620
2	7	2016-03-02 00:04:09	40075	1456848249343	621
2	7	2016-03-02 00:04:09	40056	1456848249350	622
1	21	2016-03-02 00:04:09	40037	1456848249507	623
1	2	2016-03-02 00:04:09	40055	1456848249627	624
1	7	2016-03-02 00:04:09	40075	1456848249710	625
2	7	2016-03-02 00:04:09	40071	1456848249794	626
1	19	2016-03-02 00:04:09	40033	1456848249901	627
2	7	2016-03-02 00:04:09	40034	1456848249983	628
2	7	2016-03-02 00:04:10	40016	1456848250134	629
1	10	2016-03-02 00:04:10	40045	1456848250181	630
1	23	2016-03-02 00:04:10	40124	1456848250383	631
1	26	2016-03-02 00:04:10	40056	1456848250433	632
1	18	2016-03-02 00:04:10	40071	1456848250718	633
1	2	2016-03-02 00:04:10	40016	1456848250890	634
1	15	2016-03-02 00:04:11	40034	1456848251098	635
2	7	2016-03-02 00:04:11	40132	1456848251761	636
2	7	2016-03-02 00:04:12	40063	1456848252086	637
2	7	2016-03-02 00:04:12	40024	1456848252621	638
1	8	2016-03-02 00:04:12	40132	1456848252669	639
1	8	2016-03-02 00:04:12	40063	1456848252674	640
2	7	2016-03-02 00:04:12	40057	1456848252686	641
1	24	2016-03-02 00:04:12	40024	1456848252923	642
2	7	2016-03-02 00:04:13	40005	1456848253023	643
2	7	2016-03-02 00:04:13	40047	1456848253157	644
2	7	2016-03-02 00:04:13	40081	1456848253423	645
2	7	2016-03-02 00:04:13	40054	1456848253530	646
1	19	2016-03-02 00:04:13	40057	1456848253689	647
2	3	2016-03-02 00:04:13	40002	1456848253931	648
1	11	2016-03-02 00:04:13	40047	1456848253985	649
1	18	2016-03-02 00:04:14	40002	1456848254094	650
1	22	2016-03-02 00:04:14	40005	1456848254154	651
2	7	2016-03-02 00:04:14	40122	1456848254446	652
2	7	2016-03-02 00:04:14	40001	1456848254458	653
1	21	2016-03-02 00:04:14	40081	1456848254570	654
2	7	2016-03-02 00:04:14	40030	1456848254708	655
2	7	2016-03-02 00:04:14	40038	1456848254712	656
2	7	2016-03-02 00:04:14	40066	1456848254761	657
1	22	2016-03-02 00:04:14	40054	1456848254997	658
2	7	2016-03-02 00:04:15	40077	1456848255014	659
1	26	2016-03-02 00:04:15	40001	1456848255062	660
1	0	2016-03-02 00:04:15	40066	1456848255079	661
2	7	2016-03-02 00:04:15	40035	1456848255179	662
1	9	2016-03-02 00:04:15	40122	1456848255226	663
2	7	2016-03-02 00:04:15	40015	1456848255446	664
1	1	2016-03-02 00:04:15	40035	1456848255513	665
1	12	2016-03-02 00:04:15	40030	1456848255696	666
2	7	2016-03-02 00:04:15	40135	1456848255727	667
1	18	2016-03-02 00:04:15	40038	1456848255780	668
2	7	2016-03-02 00:04:15	40011	1456848255802	669
2	7	2016-03-02 00:04:16	40040	1456848256054	670
1	16	2016-03-02 00:04:16	40077	1456848256177	671
1	17	2016-03-02 00:04:16	40135	1456848256187	672
1	20	2016-03-02 00:04:16	40015	1456848256234	673
1	24	2016-03-02 00:04:16	40011	1456848256294	674
2	7	2016-03-02 00:04:16	40123	1456848256349	675
1	17	2016-03-02 00:04:16	40040	1456848256612	676
1	9	2016-03-02 00:04:16	40123	1456848256906	677
2	7	2016-03-02 00:04:16	40046	1456848256910	678
2	7	2016-03-02 00:04:17	40010	1456848257075	679
2	3	2016-03-02 00:04:17	40030	1456848257126	680
2	7	2016-03-02 00:04:17	40045	1456848257159	681
1	11	2016-03-02 00:04:17	40010	1456848257358	682
2	7	2016-03-02 00:04:17	40059	1456848257594	683
2	3	2016-03-02 00:04:17	40123	1456848257606	684
2	7	2016-03-02 00:04:17	40055	1456848257664	685
1	8	2016-03-02 00:04:17	40046	1456848257739	686
1	0	2016-03-02 00:04:18	40059	1456848258040	687
1	3	2016-03-02 00:04:18	40055	1456848258079	688
1	3	2016-03-02 00:04:18	40030	1456848258086	689
2	7	2016-03-02 00:04:18	40071	1456848258238	690
1	0	2016-03-02 00:04:18	40123	1456848258450	691
1	6	2016-03-02 00:04:18	40045	1456848258545	692
1	5	2016-03-02 00:04:18	40071	1456848258955	693
2	7	2016-03-02 00:04:19	40016	1456848259242	694
2	7	2016-03-02 00:04:19	40072	1456848259949	695
2	7	2016-03-02 00:04:20	40017	1456848260162	696
2	7	2016-03-02 00:04:20	40132	1456848260200	697
2	7	2016-03-02 00:04:20	40033	1456848260444	698
2	7	2016-03-02 00:04:20	40063	1456848260520	699
1	4	2016-03-02 00:04:20	40016	1456848260622	700
1	10	2016-03-02 00:04:20	40072	1456848260730	701
1	2	2016-03-02 00:04:21	40033	1456848261017	702
2	7	2016-03-02 00:04:21	40024	1456848261060	703
2	7	2016-03-02 00:04:21	40057	1456848261126	704
1	11	2016-03-02 00:04:21	40132	1456848261156	705
1	15	2016-03-02 00:04:21	40017	1456848261218	706
2	7	2016-03-02 00:04:21	40005	1456848261463	707
1	4	2016-03-02 00:04:21	40024	1456848261473	708
2	7	2016-03-02 00:04:21	40047	1456848261703	709
2	7	2016-03-02 00:04:21	40048	1456848261797	710
1	2	2016-03-02 00:04:21	40063	1456848261857	711
2	7	2016-03-02 00:04:21	40054	1456848261966	712
2	7	2016-03-02 00:04:22	40080	1456848262103	713
1	20	2016-03-02 00:04:22	40057	1456848262145	714
1	16	2016-03-02 00:04:22	40005	1456848262498	715
2	7	2016-03-02 00:04:22	40002	1456848262630	716
2	7	2016-03-02 00:04:22	40058	1456848262747	717
1	7	2016-03-02 00:04:22	40048	1456848262783	718
1	7	2016-03-02 00:04:22	40047	1456848262785	719
1	12	2016-03-02 00:04:22	40080	1456848262868	720
2	7	2016-03-02 00:04:23	40038	1456848263145	721
1	8	2016-03-02 00:04:23	40002	1456848263219	722
1	22	2016-03-02 00:04:23	40058	1456848263448	723
2	7	2016-03-02 00:04:23	40077	1456848263455	724
2	7	2016-03-02 00:04:23	40014	1456848263490	725
2	7	2016-03-02 00:04:23	40128	1456848263570	726
2	3	2016-03-02 00:04:23	40047	1456848263629	727
1	11	2016-03-02 00:04:23	40054	1456848263688	728
2	7	2016-03-02 00:04:23	40076	1456848263835	729
1	22	2016-03-02 00:04:23	40077	1456848263869	730
2	7	2016-03-02 00:04:23	40020	1456848263882	731
2	7	2016-03-02 00:04:23	40015	1456848263883	732
1	7	2016-03-02 00:04:24	40128	1456848264048	733
2	7	2016-03-02 00:04:24	40135	1456848264170	734
1	21	2016-03-02 00:04:24	40020	1456848264267	735
2	3	2016-03-02 00:04:24	40028	1456848264387	736
1	7	2016-03-02 00:04:24	40038	1456848264469	737
1	13	2016-03-02 00:04:24	40047	1456848264568	738
2	7	2016-03-02 00:04:24	40027	1456848264615	739
1	17	2016-03-02 00:04:24	40014	1456848264623	740
2	7	2016-03-02 00:04:24	40019	1456848264834	741
1	14	2016-03-02 00:04:24	40027	1456848264997	742
1	24	2016-03-02 00:04:25	40019	1456848265154	743
2	7	2016-03-02 00:04:25	40046	1456848265346	744
1	12	2016-03-02 00:04:25	40028	1456848265390	745
1	14	2016-03-02 00:04:25	40076	1456848265428	746
2	7	2016-03-02 00:04:25	40008	1456848265430	747
1	17	2016-03-02 00:04:25	40135	1456848265477	748
1	19	2016-03-02 00:04:25	40015	1456848265498	749
2	7	2016-03-02 00:04:25	40010	1456848265506	750
1	24	2016-03-02 00:04:25	40046	1456848265585	751
2	7	2016-03-02 00:04:25	40045	1456848265587	752
2	7	2016-03-02 00:04:25	40030	1456848265685	753
2	7	2016-03-02 00:04:26	40059	1456848266033	754
2	7	2016-03-02 00:04:26	40055	1456848266100	755
1	5	2016-03-02 00:04:26	40030	1456848266131	756
2	3	2016-03-02 00:04:26	40076	1456848266225	757
1	23	2016-03-02 00:04:26	40008	1456848266406	758
2	7	2016-03-02 00:04:26	40034	1456848266434	759
2	3	2016-03-02 00:04:26	40028	1456848266490	760
1	8	2016-03-02 00:04:26	40045	1456848266591	761
1	9	2016-03-02 00:04:26	40010	1456848266606	762
1	12	2016-03-02 00:04:26	40059	1456848266654	763
1	1	2016-03-02 00:04:26	40076	1456848266910	764
1	1	2016-03-02 00:04:26	40055	1456848266913	765
2	7	2016-03-02 00:04:27	40040	1456848267022	766
1	19	2016-03-02 00:04:27	40034	1456848267198	767
1	22	2016-03-02 00:04:27	40028	1456848267238	768
2	3	2016-03-02 00:04:27	40008	1456848267270	769
2	7	2016-03-02 00:04:27	40016	1456848267680	770
1	4	2016-03-02 00:04:28	40008	1456848268219	771
1	10	2016-03-02 00:04:28	40040	1456848268314	772
2	7	2016-03-02 00:04:28	40132	1456848268640	773
2	7	2016-03-02 00:04:28	40067	1456848268881	774
2	7	2016-03-02 00:04:28	40063	1456848268971	775
1	8	2016-03-02 00:04:29	40016	1456848269123	776
1	25	2016-03-02 00:04:29	40067	1456848269390	777
2	7	2016-03-02 00:04:29	40005	1456848269899	778
1	5	2016-03-02 00:04:29	40063	1456848269926	779
1	5	2016-03-02 00:04:29	40132	1456848269929	780
2	7	2016-03-02 00:04:29	40024	1456848269944	781
2	7	2016-03-02 00:04:30	40056	1456848270153	782
2	7	2016-03-02 00:04:30	40048	1456848270225	783
2	7	2016-03-02 00:04:30	40054	1456848270402	784
1	16	2016-03-02 00:04:30	40048	1456848270511	785
1	18	2016-03-02 00:04:30	40005	1456848270547	786
1	19	2016-03-02 00:04:30	40024	1456848270564	787
1	26	2016-03-02 00:04:31	40056	1456848271092	788
2	7	2016-03-02 00:04:31	40002	1456848271163	789
2	3	2016-03-02 00:04:31	40063	1456848271279	790
2	7	2016-03-02 00:04:31	40038	1456848271595	791
1	11	2016-03-02 00:04:31	40054	1456848271710	792
1	19	2016-03-02 00:04:31	40002	1456848271827	793
2	7	2016-03-02 00:04:32	40077	1456848272086	794
2	7	2016-03-02 00:04:32	40047	1456848272254	795
2	7	2016-03-02 00:04:32	40015	1456848272320	796
2	7	2016-03-02 00:04:32	40138	1456848272597	797
2	7	2016-03-02 00:04:32	40135	1456848272600	798
1	19	2016-03-02 00:04:32	40038	1456848272679	799
1	2	2016-03-02 00:04:32	40063	1456848272838	800
1	12	2016-03-02 00:04:32	40015	1456848272983	801
1	0	2016-03-02 00:04:33	40138	1456848273218	802
1	3	2016-03-02 00:04:33	40077	1456848273264	803
2	7	2016-03-02 00:04:33	40019	1456848273271	804
2	7	2016-03-02 00:04:33	40001	1456848273448	805
1	15	2016-03-02 00:04:33	40047	1456848273464	806
2	7	2016-03-02 00:04:33	40046	1456848273942	807
2	7	2016-03-02 00:04:33	40010	1456848273943	808
2	7	2016-03-02 00:04:34	40045	1456848274031	809
1	26	2016-03-02 00:04:34	40010	1456848274047	810
1	6	2016-03-02 00:04:34	40135	1456848274162	811
1	10	2016-03-02 00:04:34	40001	1456848274219	812
1	13	2016-03-02 00:04:34	40045	1456848274270	813
1	16	2016-03-02 00:04:34	40046	1456848274309	814
1	25	2016-03-02 00:04:34	40019	1456848274451	815
2	7	2016-03-02 00:04:34	40059	1456848274457	816
2	7	2016-03-02 00:04:34	40123	1456848274496	817
2	7	2016-03-02 00:04:34	40076	1456848274811	818
2	7	2016-03-02 00:04:34	40034	1456848274874	819
1	14	2016-03-02 00:04:35	40034	1456848275129	820
1	17	2016-03-02 00:04:35	40123	1456848275180	821
1	5	2016-03-02 00:04:35	40059	1456848275412	822
2	7	2016-03-02 00:04:35	40040	1456848275472	823
1	16	2016-03-02 00:04:35	40076	1456848275576	824
1	10	2016-03-02 00:04:35	40040	1456848275903	825
2	7	2016-03-02 00:04:36	40008	1456848276055	826
2	7	2016-03-02 00:04:36	40016	1456848276163	827
2	7	2016-03-02 00:04:36	40071	1456848276369	828
1	14	2016-03-02 00:04:36	40008	1456848276391	829
1	19	2016-03-02 00:04:36	40016	1456848276467	830
1	24	2016-03-02 00:04:36	40071	1456848276975	831
2	7	2016-03-02 00:04:36	40030	1456848276996	832
2	7	2016-03-02 00:04:37	40132	1456848277174	833
1	8	2016-03-02 00:04:37	40132	1456848277572	834
1	2	2016-03-02 00:04:38	40030	1456848278318	835
2	7	2016-03-02 00:04:38	40005	1456848278335	836
2	7	2016-03-02 00:04:38	40024	1456848278494	837
2	7	2016-03-02 00:04:38	40056	1456848278588	838
2	7	2016-03-02 00:04:38	40048	1456848278669	839
1	8	2016-03-02 00:04:38	40056	1456848278827	840
2	7	2016-03-02 00:04:38	40054	1456848278839	841
1	5	2016-03-02 00:04:39	40005	1456848279203	842
1	11	2016-03-02 00:04:39	40024	1456848279305	843
1	3	2016-03-02 00:04:39	40048	1456848279591	844
2	7	2016-03-02 00:04:39	40002	1456848279599	845
2	7	2016-03-02 00:04:39	40035	1456848279844	846
1	23	2016-03-02 00:04:39	40054	1456848279907	847
2	7	2016-03-02 00:04:39	40063	1456848279936	848
2	7	2016-03-02 00:04:40	40038	1456848280028	849
1	8	2016-03-02 00:04:40	40035	1456848280512	850
2	7	2016-03-02 00:04:40	40077	1456848280526	851
1	11	2016-03-02 00:04:40	40063	1456848280573	852
2	7	2016-03-02 00:04:40	40047	1456848280704	853
1	22	2016-03-02 00:04:40	40002	1456848280731	854
2	7	2016-03-02 00:04:40	40015	1456848280755	855
1	11	2016-03-02 00:04:40	40038	1456848280984	856
2	7	2016-03-02 00:04:41	40075	1456848281039	857
2	7	2016-03-02 00:04:41	40135	1456848281045	858
1	14	2016-03-02 00:04:41	40075	1456848281453	859
2	7	2016-03-02 00:04:41	40033	1456848281560	860
1	24	2016-03-02 00:04:41	40047	1456848281612	861
1	25	2016-03-02 00:04:41	40135	1456848281635	862
2	7	2016-03-02 00:04:41	40019	1456848281711	863
1	6	2016-03-02 00:04:41	40015	1456848281747	864
1	19	2016-03-02 00:04:41	40077	1456848281959	865
1	9	2016-03-02 00:04:42	40033	1456848282229	866
2	7	2016-03-02 00:04:42	40046	1456848282379	867
2	7	2016-03-02 00:04:42	40120	1456848282426	868
1	9	2016-03-02 00:04:42	40019	1456848282639	869
2	7	2016-03-02 00:04:42	40045	1456848282651	870
2	7	2016-03-02 00:04:42	40066	1456848282760	871
1	14	2016-03-02 00:04:43	40120	1456848283141	872
2	7	2016-03-02 00:04:43	40034	1456848283315	873
1	26	2016-03-02 00:04:43	40046	1456848283335	874
1	11	2016-03-02 00:04:43	40066	1456848283523	875
1	16	2016-03-02 00:04:43	40034	1456848283601	876
2	7	2016-03-02 00:04:43	40040	1456848283906	877
1	12	2016-03-02 00:04:43	40045	1456848283957	878
2	7	2016-03-02 00:04:43	40058	1456848283977	879
2	7	2016-03-02 00:04:44	40124	1456848284242	880
1	6	2016-03-02 00:04:44	40040	1456848284288	881
2	7	2016-03-02 00:04:44	40055	1456848284503	882
1	11	2016-03-02 00:04:44	40124	1456848284783	883
1	22	2016-03-02 00:04:44	40055	1456848284950	884
2	7	2016-03-02 00:04:44	40016	1456848284975	885
2	7	2016-03-02 00:04:45	40010	1456848285335	886
2	7	2016-03-02 00:04:45	40007	1456848285351	887
1	22	2016-03-02 00:04:45	40016	1456848285375	888
1	0	2016-03-02 00:04:45	40058	1456848285458	889
2	7	2016-03-02 00:04:45	40030	1456848285519	890
1	11	2016-03-02 00:04:45	40010	1456848285623	891
1	3	2016-03-02 00:04:45	40030	1456848285917	892
2	7	2016-03-02 00:04:45	40132	1456848285932	893
2	7	2016-03-02 00:04:46	40059	1456848286002	894
2	7	2016-03-02 00:04:46	40008	1456848286099	895
1	7	2016-03-02 00:04:46	40059	1456848286416	896
1	14	2016-03-02 00:04:46	40007	1456848286515	897
2	7	2016-03-02 00:04:46	40005	1456848286771	898
2	3	2016-03-02 00:04:46	40060	1456848286780	899
1	12	2016-03-02 00:04:46	40008	1456848286903	900
2	7	2016-03-02 00:04:46	40024	1456848286934	901
2	7	2016-03-02 00:04:47	40048	1456848287097	902
1	7	2016-03-02 00:04:47	40132	1456848287254	903
2	7	2016-03-02 00:04:47	40054	1456848287275	904
1	10	2016-03-02 00:04:47	40024	1456848287299	905
2	7	2016-03-02 00:04:47	40118	1456848287393	906
2	7	2016-03-02 00:04:47	40076	1456848287460	907
1	4	2016-03-02 00:04:47	40060	1456848287624	908
2	7	2016-03-02 00:04:47	40001	1456848287787	909
1	26	2016-03-02 00:04:47	40048	1456848287972	910
1	0	2016-03-02 00:04:47	40005	1456848287983	911
2	7	2016-03-02 00:04:48	40002	1456848288039	912
1	6	2016-03-02 00:04:48	40001	1456848288075	913
1	18	2016-03-02 00:04:48	40118	1456848288268	914
2	7	2016-03-02 00:04:48	40063	1456848288371	915
1	1	2016-03-02 00:04:48	40054	1456848288423	916
2	7	2016-03-02 00:04:48	40038	1456848288461	917
2	3	2016-03-02 00:04:48	40132	1456848288480	918
2	7	2016-03-02 00:04:48	40035	1456848288575	919
1	18	2016-03-02 00:04:48	40002	1456848288683	920
1	7	2016-03-02 00:04:48	40063	1456848288944	921
1	8	2016-03-02 00:04:48	40132	1456848288957	922
2	7	2016-03-02 00:04:48	40077	1456848288966	923
1	11	2016-03-02 00:04:49	40076	1456848289006	924
1	13	2016-03-02 00:04:49	40035	1456848289036	925
1	14	2016-03-02 00:04:49	40038	1456848289051	926
2	7	2016-03-02 00:04:49	40047	1456848289139	927
2	7	2016-03-02 00:04:49	40015	1456848289195	928
2	7	2016-03-02 00:04:49	40126	1456848289309	929
1	12	2016-03-02 00:04:49	40126	1456848289436	930
2	7	2016-03-02 00:04:49	40135	1456848289475	931
1	15	2016-03-02 00:04:50	40135	1456848290340	932
1	3	2016-03-02 00:04:50	40077	1456848290559	933
1	6	2016-03-02 00:04:50	40015	1456848290607	934
2	7	2016-03-02 00:04:50	40071	1456848290708	935
2	7	2016-03-02 00:04:50	40046	1456848290831	936
1	23	2016-03-02 00:04:50	40047	1456848290874	937
2	7	2016-03-02 00:04:51	40045	1456848291318	938
2	3	2016-03-02 00:04:51	40077	1456848291435	939
2	7	2016-03-02 00:04:51	40066	1456848291462	940
1	17	2016-03-02 00:04:51	40071	1456848291632	941
1	18	2016-03-02 00:04:51	40046	1456848291644	942
1	5	2016-03-02 00:04:51	40045	1456848291860	943
2	7	2016-03-02 00:04:52	40067	1456848292085	944
1	26	2016-03-02 00:04:52	40066	1456848292193	945
1	4	2016-03-02 00:04:52	40067	1456848292276	946
2	7	2016-03-02 00:04:52	40036	1456848292294	947
2	7	2016-03-02 00:04:52	40058	1456848292721	948
1	16	2016-03-02 00:04:52	40077	1456848292884	949
2	7	2016-03-02 00:04:52	40055	1456848292939	950
1	22	2016-03-02 00:04:53	40055	1456848293386	951
1	23	2016-03-02 00:04:53	40036	1456848293409	952
2	7	2016-03-02 00:04:53	40016	1456848293411	953
2	7	2016-03-02 00:04:53	40040	1456848293599	954
2	7	2016-03-02 00:04:53	40011	1456848293771	955
2	7	2016-03-02 00:04:53	40030	1456848293946	956
1	10	2016-03-02 00:04:54	40058	1456848294043	957
1	24	2016-03-02 00:04:54	40016	1456848294263	958
2	7	2016-03-02 00:04:54	40059	1456848294425	959
2	7	2016-03-02 00:04:54	40008	1456848294539	960
1	2	2016-03-02 00:04:54	40011	1456848294763	961
1	12	2016-03-02 00:04:54	40040	1456848294922	962
1	15	2016-03-02 00:04:54	40030	1456848294966	963
2	7	2016-03-02 00:04:55	40005	1456848295287	964
2	7	2016-03-02 00:04:55	40024	1456848295373	965
1	16	2016-03-02 00:04:55	40059	1456848295413	966
2	7	2016-03-02 00:04:55	40048	1456848295541	967
2	7	2016-03-02 00:04:55	40054	1456848295711	968
1	14	2016-03-02 00:04:55	40008	1456848295795	969
2	7	2016-03-02 00:04:55	40076	1456848295904	970
1	3	2016-03-02 00:04:56	40005	1456848296044	971
1	19	2016-03-02 00:04:56	40048	1456848296304	972
1	0	2016-03-02 00:04:56	40024	1456848296422	973
2	7	2016-03-02 00:04:56	40002	1456848296475	974
1	11	2016-03-02 00:04:56	40076	1456848296589	975
2	7	2016-03-02 00:04:56	40080	1456848296613	976
2	7	2016-03-02 00:04:56	40063	1456848296805	977
2	7	2016-03-02 00:04:56	40038	1456848296895	978
1	24	2016-03-02 00:04:57	40054	1456848297226	979
2	7	2016-03-02 00:04:57	40132	1456848297317	980
2	7	2016-03-02 00:04:57	40019	1456848297320	981
2	7	2016-03-02 00:04:57	40056	1456848297401	982
1	18	2016-03-02 00:04:57	40019	1456848297543	983
2	7	2016-03-02 00:04:57	40047	1456848297573	984
1	22	2016-03-02 00:04:57	40002	1456848297607	985
2	7	2016-03-02 00:04:57	40015	1456848297631	986
2	7	2016-03-02 00:04:57	40123	1456848297849	987
1	12	2016-03-02 00:04:57	40063	1456848297872	988
1	14	2016-03-02 00:04:57	40038	1456848297915	989
2	7	2016-03-02 00:04:57	40135	1456848297968	990
1	19	2016-03-02 00:04:57	40080	1456848297985	991
1	6	2016-03-02 00:04:58	40123	1456848298199	992
1	3	2016-03-02 00:04:58	40056	1456848298579	993
1	12	2016-03-02 00:04:58	40015	1456848298715	994
1	15	2016-03-02 00:04:58	40135	1456848298765	995
1	23	2016-03-02 00:04:58	40132	1456848298893	996
1	2	2016-03-02 00:04:58	40047	1456848298990	997
2	7	2016-03-02 00:04:59	40046	1456848299275	998
2	7	2016-03-02 00:04:59	40017	1456848299395	999
1	13	2016-03-02 00:04:59	40046	1456848299586	1000
2	7	2016-03-02 00:04:59	40045	1456848299764	1001
2	7	2016-03-02 00:04:59	40077	1456848299938	1002
1	11	2016-03-02 00:04:59	40017	1456848299967	1003
1	5	2016-03-02 00:05:00	40045	1456848300304	1004
1	16	2016-03-02 00:05:00	40077	1456848300464	1005
2	7	2016-03-02 00:05:00	40067	1456848300520	1006
1	26	2016-03-02 00:05:01	40067	1456848301045	1007
2	7	2016-03-02 00:05:01	40035	1456848301281	1008
2	7	2016-03-02 00:05:01	40016	1456848301879	1009
2	7	2016-03-02 00:05:02	40040	1456848302049	1010
2	7	2016-03-02 00:05:02	40011	1456848302207	1011
2	7	2016-03-02 00:05:02	40055	1456848302231	1012
1	0	2016-03-02 00:05:02	40035	1456848302331	1013
1	23	2016-03-02 00:05:02	40055	1456848302683	1014
1	18	2016-03-02 00:05:03	40016	1456848303027	1015
2	7	2016-03-02 00:05:03	40008	1456848303051	1016
1	6	2016-03-02 00:05:03	40040	1456848303261	1017
1	8	2016-03-02 00:05:03	40011	1456848303295	1018
1	9	2016-03-02 00:05:03	40008	1456848303731	1019
2	7	2016-03-02 00:05:03	40024	1456848303812	1020
2	7	2016-03-02 00:05:03	40005	1456848303868	1021
1	7	2016-03-02 00:05:04	40024	1456848304130	1022
2	7	2016-03-02 00:05:04	40054	1456848304148	1023
1	22	2016-03-02 00:05:04	40054	1456848304355	1024
2	7	2016-03-02 00:05:04	40060	1456848304411	1025
1	1	2016-03-02 00:05:04	40060	1456848304873	1026
2	7	2016-03-02 00:05:04	40002	1456848304911	1027
1	5	2016-03-02 00:05:04	40005	1456848304935	1028
2	7	2016-03-02 00:05:05	40080	1456848305065	1029
2	7	2016-03-02 00:05:05	40063	1456848305240	1030
1	24	2016-03-02 00:05:05	40002	1456848305651	1031
1	7	2016-03-02 00:05:05	40063	1456848305813	1032
2	7	2016-03-02 00:05:05	40056	1456848305836	1033
2	7	2016-03-02 00:05:06	40047	1456848306008	1034
2	7	2016-03-02 00:05:06	40059	1456848306161	1035
2	7	2016-03-02 00:05:06	40015	1456848306223	1036
1	9	2016-03-02 00:05:06	40080	1456848306261	1037
1	10	2016-03-02 00:05:06	40015	1456848306699	1038
2	7	2016-03-02 00:05:06	40123	1456848306715	1039
1	11	2016-03-02 00:05:06	40047	1456848306724	1040
2	7	2016-03-02 00:05:06	40135	1456848306764	1041
1	16	2016-03-02 00:05:06	40059	1456848306798	1042
2	7	2016-03-02 00:05:06	40133	1456848306868	1043
1	24	2016-03-02 00:05:06	40056	1456848306919	1044
1	26	2016-03-02 00:05:07	40133	1456848307299	1045
1	22	2016-03-02 00:05:07	40135	1456848307322	1046
2	7	2016-03-02 00:05:07	40046	1456848307704	1047
2	3	2016-03-02 00:05:08	40131	1456848308020	1048
1	17	2016-03-02 00:05:08	40123	1456848308085	1049
2	7	2016-03-02 00:05:08	40045	1456848308190	1050
2	7	2016-03-02 00:05:08	40077	1456848308362	1051
1	5	2016-03-02 00:05:08	40046	1456848308741	1052
1	12	2016-03-02 00:05:08	40045	1456848308844	1053
2	7	2016-03-02 00:05:08	40067	1456848308971	1054
1	1	2016-03-02 00:05:09	40067	1456848309098	1055
1	20	2016-03-02 00:05:09	40131	1456848309387	1056
1	26	2016-03-02 00:05:09	40077	1456848309907	1057
2	7	2016-03-02 00:05:10	40019	1456848310008	1058
2	3	2016-03-02 00:05:10	40002	1456848310067	1059
1	25	2016-03-02 00:05:10	40002	1456848310307	1060
2	7	2016-03-02 00:05:10	40016	1456848310323	1061
1	9	2016-03-02 00:05:10	40019	1456848310479	1062
2	7	2016-03-02 00:05:10	40040	1456848310482	1063
2	7	2016-03-02 00:05:10	40011	1456848310647	1064
2	7	2016-03-02 00:05:10	40055	1456848310656	1065
1	7	2016-03-02 00:05:11	40040	1456848311296	1066
1	15	2016-03-02 00:05:11	40016	1456848311419	1067
2	7	2016-03-02 00:05:11	40008	1456848311491	1068
1	1	2016-03-02 00:05:11	40055	1456848311629	1069
2	3	2016-03-02 00:05:11	40024	1456848311838	1070
1	22	2016-03-02 00:05:11	40011	1456848311954	1071
2	3	2016-03-02 00:05:11	40016	1456848311957	1072
1	4	2016-03-02 00:05:12	40008	1456848312091	1073
2	7	2016-03-02 00:05:12	40005	1456848312507	1074
2	7	2016-03-02 00:05:12	40054	1456848312584	1075
2	7	2016-03-02 00:05:12	40069	1456848312681	1076
1	15	2016-03-02 00:05:12	40024	1456848312696	1077
2	7	2016-03-02 00:05:12	40076	1456848312774	1078
1	2	2016-03-02 00:05:13	40016	1456848313323	1079
2	3	2016-03-02 00:05:13	40002	1456848313411	1080
2	7	2016-03-02 00:05:13	40063	1456848313675	1081
1	3	2016-03-02 00:05:13	40005	1456848313763	1082
1	11	2016-03-02 00:05:13	40069	1456848313889	1083
1	11	2016-03-02 00:05:13	40076	1456848313889	1084
1	17	2016-03-02 00:05:13	40054	1456848313987	1085
2	3	2016-03-02 00:05:14	40076	1456848314367	1086
2	3	2016-03-02 00:05:14	40069	1456848314381	1087
2	7	2016-03-02 00:05:14	40047	1456848314442	1088
1	1	2016-03-02 00:05:14	40002	1456848314575	1089
1	5	2016-03-02 00:05:14	40069	1456848314636	1090
2	7	2016-03-02 00:05:14	40059	1456848314728	1091
1	12	2016-03-02 00:05:14	40063	1456848314757	1092
2	7	2016-03-02 00:05:14	40048	1456848314942	1093
1	5	2016-03-02 00:05:15	40048	1456848315069	1094
1	18	2016-03-02 00:05:15	40059	1456848315269	1095
1	19	2016-03-02 00:05:15	40076	1456848315291	1096
1	2	2016-03-02 00:05:15	40047	1456848315859	1097
2	3	2016-03-02 00:05:15	40033	1456848315879	1098
2	7	2016-03-02 00:05:16	40046	1456848316141	1099
2	7	2016-03-02 00:05:16	40131	1456848316459	1100
2	7	2016-03-02 00:05:16	40068	1456848316487	1101
1	19	2016-03-02 00:05:16	40033	1456848316548	1102
2	7	2016-03-02 00:05:16	40056	1456848316564	1103
2	7	2016-03-02 00:05:16	40077	1456848316802	1104
1	0	2016-03-02 00:05:17	40046	1456848317097	1105
1	3	2016-03-02 00:05:17	40068	1456848317139	1106
1	10	2016-03-02 00:05:17	40131	1456848317666	1107
1	11	2016-03-02 00:05:17	40077	1456848317694	1108
2	3	2016-03-02 00:05:17	40046	1456848317831	1109
1	26	2016-03-02 00:05:17	40056	1456848317916	1110
2	7	2016-03-02 00:05:18	40080	1456848318557	1111
2	7	2016-03-02 00:05:18	40040	1456848318916	1112
1	16	2016-03-02 00:05:19	40046	1456848319027	1113
2	7	2016-03-02 00:05:19	40011	1456848319083	1114
2	7	2016-03-02 00:05:19	40055	1456848319092	1115
1	20	2016-03-02 00:05:19	40080	1456848319099	1116
2	7	2016-03-02 00:05:19	40015	1456848319115	1117
1	16	2016-03-02 00:05:19	40011	1456848319447	1118
2	7	2016-03-02 00:05:19	40008	1456848319927	1119
1	13	2016-03-02 00:05:20	40040	1456848320256	1120
2	7	2016-03-02 00:05:20	40037	1456848320305	1121
2	7	2016-03-02 00:05:20	40016	1456848320443	1122
1	1	2016-03-02 00:05:20	40055	1456848320480	1123
1	4	2016-03-02 00:05:20	40015	1456848320527	1124
2	7	2016-03-02 00:05:20	40024	1456848320674	1125
1	18	2016-03-02 00:05:20	40016	1456848320748	1126
1	22	2016-03-02 00:05:20	40008	1456848320807	1127
2	7	2016-03-02 00:05:20	40005	1456848320943	1128
2	7	2016-03-02 00:05:21	40054	1456848321020	1129
1	8	2016-03-02 00:05:21	40037	1456848321436	1130
1	0	2016-03-02 00:05:21	40024	1456848321739	1131
1	3	2016-03-02 00:05:21	40005	1456848321775	1132
1	21	2016-03-02 00:05:22	40054	1456848322057	1133
2	7	2016-03-02 00:05:22	40002	1456848322207	1134
2	7	2016-03-02 00:05:22	40063	1456848322380	1135
2	7	2016-03-02 00:05:22	40132	1456848322874	1136
2	7	2016-03-02 00:05:22	40047	1456848322877	1137
1	21	2016-03-02 00:05:22	40002	1456848322903	1138
2	7	2016-03-02 00:05:23	40019	1456848323051	1139
2	7	2016-03-02 00:05:23	40048	1456848323386	1140
2	3	2016-03-02 00:05:23	40081	1456848323411	1141
1	6	2016-03-02 00:05:23	40132	1456848323511	1142
2	7	2016-03-02 00:05:23	40123	1456848323717	1143
1	22	2016-03-02 00:05:23	40081	1456848323761	1144
1	23	2016-03-02 00:05:23	40123	1456848323780	1145
1	24	2016-03-02 00:05:23	40063	1456848323796	1146
1	24	2016-03-02 00:05:24	40047	1456848324214	1147
1	5	2016-03-02 00:05:24	40019	1456848324339	1148
1	15	2016-03-02 00:05:24	40048	1456848324499	1149
2	7	2016-03-02 00:05:24	40010	1456848324567	1150
2	7	2016-03-02 00:05:24	40033	1456848324702	1151
2	7	2016-03-02 00:05:24	40068	1456848324923	1152
2	7	2016-03-02 00:05:24	40056	1456848324999	1153
2	7	2016-03-02 00:05:25	40077	1456848325242	1154
2	7	2016-03-02 00:05:25	40131	1456848325326	1155
1	24	2016-03-02 00:05:25	40010	1456848325479	1156
1	10	2016-03-02 00:05:25	40033	1456848325689	1157
1	25	2016-03-02 00:05:25	40077	1456848325926	1158
2	7	2016-03-02 00:05:26	40124	1456848326054	1159
1	12	2016-03-02 00:05:26	40131	1456848326137	1160
2	7	2016-03-02 00:05:26	40045	1456848326194	1161
1	26	2016-03-02 00:05:26	40068	1456848326355	1162
1	2	2016-03-02 00:05:26	40056	1456848326400	1163
2	7	2016-03-02 00:05:26	40046	1456848326507	1164
1	3	2016-03-02 00:05:26	40045	1456848326847	1165
1	3	2016-03-02 00:05:26	40124	1456848326849	1166
1	6	2016-03-02 00:05:27	40046	1456848327320	1167
2	7	2016-03-02 00:05:27	40040	1456848327350	1168
2	7	2016-03-02 00:05:27	40055	1456848327704	1169
2	7	2016-03-02 00:05:27	40015	1456848327879	1170
2	7	2016-03-02 00:05:27	40011	1456848327943	1171
1	5	2016-03-02 00:05:28	40040	1456848328147	1172
2	7	2016-03-02 00:05:28	40008	1456848328363	1173
2	7	2016-03-02 00:05:28	40037	1456848328743	1174
1	19	2016-03-02 00:05:28	40015	1456848328775	1175
2	7	2016-03-02 00:05:28	40016	1456848328879	1176
1	2	2016-03-02 00:05:28	40008	1456848328935	1177
2	7	2016-03-02 00:05:29	40024	1456848329113	1178
1	19	2016-03-02 00:05:29	40055	1456848329203	1179
2	7	2016-03-02 00:05:29	40005	1456848329379	1180
1	4	2016-03-02 00:05:29	40011	1456848329387	1181
1	4	2016-03-02 00:05:29	40016	1456848329388	1182
2	7	2016-03-02 00:05:29	40054	1456848329457	1183
1	16	2016-03-02 00:05:29	40037	1456848329587	1184
1	26	2016-03-02 00:05:29	40024	1456848329733	1185
1	3	2016-03-02 00:05:30	40005	1456848330215	1186
2	3	2016-03-02 00:05:30	40011	1456848330223	1187
2	7	2016-03-02 00:05:30	40118	1456848330348	1188
1	12	2016-03-02 00:05:30	40054	1456848330366	1189
2	7	2016-03-02 00:05:30	40002	1456848330643	1190
2	7	2016-03-02 00:05:30	40063	1456848330878	1191
1	8	2016-03-02 00:05:31	40002	1456848331135	1192
1	17	2016-03-02 00:05:31	40118	1456848331287	1193
2	7	2016-03-02 00:05:31	40132	1456848331313	1194
2	7	2016-03-02 00:05:31	40047	1456848331327	1195
2	7	2016-03-02 00:05:31	40076	1456848331349	1196
1	22	2016-03-02 00:05:31	40011	1456848331355	1197
2	7	2016-03-02 00:05:31	40059	1456848331384	1198
2	7	2016-03-02 00:05:31	40019	1456848331493	1199
1	8	2016-03-02 00:05:31	40063	1456848331562	1200
1	9	2016-03-02 00:05:31	40019	1456848331575	1201
1	3	2016-03-02 00:05:31	40076	1456848331906	1202
1	11	2016-03-02 00:05:32	40132	1456848332029	1203
1	11	2016-03-02 00:05:32	40059	1456848332037	1204
2	7	2016-03-02 00:05:32	40123	1456848332153	1205
1	8	2016-03-02 00:05:32	40047	1456848332823	1206
2	7	2016-03-02 00:05:32	40035	1456848332912	1207
2	7	2016-03-02 00:05:33	40033	1456848333143	1208
1	18	2016-03-02 00:05:33	40123	1456848333411	1209
2	7	2016-03-02 00:05:33	40056	1456848333435	1210
2	7	2016-03-02 00:05:33	40017	1456848333564	1211
2	7	2016-03-02 00:05:33	40077	1456848333681	1212
1	10	2016-03-02 00:05:33	40035	1456848333707	1213
1	20	2016-03-02 00:05:33	40017	1456848333855	1214
1	2	2016-03-02 00:05:34	40033	1456848334002	1215
1	21	2016-03-02 00:05:34	40077	1456848334302	1216
1	1	2016-03-02 00:05:34	40056	1456848334405	1217
2	7	2016-03-02 00:05:34	40136	1456848334410	1218
1	10	2016-03-02 00:05:34	40136	1456848334966	1219
2	7	2016-03-02 00:05:35	40046	1456848335119	1220
2	7	2016-03-02 00:05:35	40045	1456848335721	1221
2	7	2016-03-02 00:05:35	40040	1456848335784	1222
1	23	2016-03-02 00:05:36	40046	1456848336012	1223
1	13	2016-03-02 00:05:36	40045	1456848336279	1224
1	22	2016-03-02 00:05:36	40040	1456848336836	1225
2	7	2016-03-02 00:05:37	40037	1456848337181	1226
2	7	2016-03-02 00:05:37	40055	1456848337224	1227
2	7	2016-03-02 00:05:37	40016	1456848337316	1228
2	7	2016-03-02 00:05:37	40024	1456848337553	1229
2	7	2016-03-02 00:05:37	40010	1456848337644	1230
2	3	2016-03-02 00:05:37	40081	1456848337797	1231
1	3	2016-03-02 00:05:37	40024	1456848337807	1232
2	7	2016-03-02 00:05:37	40005	1456848337816	1233
2	7	2016-03-02 00:05:37	40054	1456848337893	1234
1	11	2016-03-02 00:05:37	40037	1456848337929	1235
1	6	2016-03-02 00:05:38	40081	1456848338275	1236
1	12	2016-03-02 00:05:38	40055	1456848338372	1237
1	18	2016-03-02 00:05:38	40010	1456848338464	1238
1	5	2016-03-02 00:05:38	40005	1456848338684	1239
1	12	2016-03-02 00:05:38	40016	1456848338792	1240
2	7	2016-03-02 00:05:38	40069	1456848338844	1241
2	7	2016-03-02 00:05:38	40011	1456848338908	1242
2	7	2016-03-02 00:05:39	40002	1456848339080	1243
2	7	2016-03-02 00:05:39	40063	1456848339424	1244
1	5	2016-03-02 00:05:39	40069	1456848339528	1245
1	7	2016-03-02 00:05:39	40054	1456848339567	1246
2	7	2016-03-02 00:05:39	40135	1456848339638	1247
1	18	2016-03-02 00:05:39	40002	1456848339728	1248
2	7	2016-03-02 00:05:39	40047	1456848339762	1249
1	22	2016-03-02 00:05:39	40011	1456848339792	1250
2	7	2016-03-02 00:05:39	40076	1456848339792	1251
2	7	2016-03-02 00:05:39	40132	1456848339911	1252
2	7	2016-03-02 00:05:39	40019	1456848339924	1253
1	16	2016-03-02 00:05:40	40063	1456848340124	1254
1	19	2016-03-02 00:05:40	40047	1456848340175	1255
1	3	2016-03-02 00:05:40	40076	1456848340349	1256
1	3	2016-03-02 00:05:40	40019	1456848340760	1257
2	7	2016-03-02 00:05:40	40123	1456848340765	1258
2	7	2016-03-02 00:05:40	40130	1456848340773	1259
1	11	2016-03-02 00:05:40	40135	1456848340897	1260
1	23	2016-03-02 00:05:41	40132	1456848341074	1261
1	0	2016-03-02 00:05:41	40130	1456848341139	1262
2	7	2016-03-02 00:05:41	40033	1456848341567	1263
2	7	2016-03-02 00:05:41	40059	1456848341575	1264
2	7	2016-03-02 00:05:41	40015	1456848341897	1265
2	7	2016-03-02 00:05:42	40017	1456848342004	1266
1	1	2016-03-02 00:05:42	40123	1456848342007	1267
2	7	2016-03-02 00:05:42	40077	1456848342121	1268
1	14	2016-03-02 00:05:42	40017	1456848342199	1269
2	7	2016-03-02 00:05:42	40038	1456848342457	1270
1	11	2016-03-02 00:05:42	40059	1456848342578	1271
1	0	2016-03-02 00:05:42	40015	1456848342824	1272
1	16	2016-03-02 00:05:43	40038	1456848343079	1273
2	7	2016-03-02 00:05:43	40030	1456848343252	1274
1	0	2016-03-02 00:05:43	40033	1456848343255	1275
1	8	2016-03-02 00:05:43	40077	1456848343379	1276
2	7	2016-03-02 00:05:43	40035	1456848343503	1277
2	7	2016-03-02 00:05:43	40046	1456848343555	1278
1	25	2016-03-02 00:05:43	40030	1456848343634	1279
1	8	2016-03-02 00:05:43	40035	1456848343789	1280
1	13	2016-03-02 00:05:43	40046	1456848343874	1281
2	7	2016-03-02 00:05:43	40058	1456848343876	1282
2	7	2016-03-02 00:05:44	40040	1456848344234	1283
2	7	2016-03-02 00:05:44	40045	1456848344341	1284
1	13	2016-03-02 00:05:45	40058	1456848345134	1285
2	7	2016-03-02 00:05:45	40016	1456848345752	1286
2	7	2016-03-02 00:05:45	40055	1456848345787	1287
1	2	2016-03-02 00:05:45	40045	1456848345807	1288
1	2	2016-03-02 00:05:45	40040	1456848345812	1289
2	7	2016-03-02 00:05:45	40024	1456848345992	1290
1	16	2016-03-02 00:05:46	40016	1456848346024	1291
2	7	2016-03-02 00:05:46	40010	1456848346080	1292
2	7	2016-03-02 00:05:46	40005	1456848346252	1293
2	3	2016-03-02 00:05:46	40045	1456848346269	1294
2	7	2016-03-02 00:05:46	40054	1456848346329	1295
2	3	2016-03-02 00:05:46	40040	1456848346450	1296
1	17	2016-03-02 00:05:46	40055	1456848346473	1297
1	9	2016-03-02 00:05:46	40024	1456848346771	1298
2	7	2016-03-02 00:05:46	40056	1456848346931	1299
1	21	2016-03-02 00:05:46	40054	1456848346951	1300
1	2	2016-03-02 00:05:47	40045	1456848347081	1301
1	3	2016-03-02 00:05:47	40010	1456848347088	1302
2	7	2016-03-02 00:05:47	40018	1456848347376	1303
1	22	2016-03-02 00:05:47	40040	1456848347390	1304
2	7	2016-03-02 00:05:47	40002	1456848347524	1305
1	5	2016-03-02 00:05:47	40005	1456848347540	1306
2	7	2016-03-02 00:05:47	40063	1456848347874	1307
1	11	2016-03-02 00:05:48	40063	1456848348065	1308
2	7	2016-03-02 00:05:48	40135	1456848348147	1309
2	7	2016-03-02 00:05:48	40047	1456848348196	1310
2	7	2016-03-02 00:05:48	40132	1456848348366	1311
2	7	2016-03-02 00:05:48	40076	1456848348394	1312
1	5	2016-03-02 00:05:48	40056	1456848348395	1313
1	12	2016-03-02 00:05:48	40002	1456848348496	1314
2	7	2016-03-02 00:05:48	40048	1456848348702	1315
2	7	2016-03-02 00:05:48	40124	1456848348797	1316
1	10	2016-03-02 00:05:48	40048	1456848348893	1317
1	18	2016-03-02 00:05:49	40018	1456848349008	1318
1	19	2016-03-02 00:05:49	40047	1456848349024	1319
1	21	2016-03-02 00:05:49	40124	1456848349067	1320
1	0	2016-03-02 00:05:49	40076	1456848349159	1321
2	7	2016-03-02 00:05:49	40123	1456848349202	1322
1	5	2016-03-02 00:05:49	40135	1456848349231	1323
1	18	2016-03-02 00:05:49	40132	1456848349433	1324
2	7	2016-03-02 00:05:50	40033	1456848350008	1325
2	7	2016-03-02 00:05:50	40015	1456848350336	1326
1	7	2016-03-02 00:05:50	40123	1456848350523	1327
2	7	2016-03-02 00:05:50	40077	1456848350561	1328
1	26	2016-03-02 00:05:50	40033	1456848350820	1329
2	7	2016-03-02 00:05:50	40038	1456848350906	1330
1	0	2016-03-02 00:05:51	40015	1456848351260	1331
1	24	2016-03-02 00:05:51	40077	1456848351644	1332
1	3	2016-03-02 00:05:51	40038	1456848351735	1333
2	7	2016-03-02 00:05:51	40030	1456848351743	1334
2	7	2016-03-02 00:05:51	40046	1456848351992	1335
1	8	2016-03-02 00:05:52	40046	1456848352662	1336
2	3	2016-03-02 00:05:52	40033	1456848352970	1337
1	12	2016-03-02 00:05:53	40030	1456848353145	1338
2	7	2016-03-02 00:05:54	40016	1456848354188	1339
2	7	2016-03-02 00:05:54	40024	1456848354431	1340
2	7	2016-03-02 00:05:54	40010	1456848354516	1341
2	7	2016-03-02 00:05:54	40055	1456848354526	1342
2	7	2016-03-02 00:05:54	40006	1456848354548	1343
1	0	2016-03-02 00:05:54	40033	1456848354642	1344
1	3	2016-03-02 00:05:54	40024	1456848354685	1345
2	7	2016-03-02 00:05:54	40005	1456848354692	1346
2	7	2016-03-02 00:05:54	40054	1456848354766	1347
1	26	2016-03-02 00:05:55	40010	1456848355040	1348
2	7	2016-03-02 00:05:55	40069	1456848355041	1349
2	7	2016-03-02 00:05:55	40040	1456848355202	1350
1	16	2016-03-02 00:05:55	40006	1456848355308	1351
2	7	2016-03-02 00:05:55	40056	1456848355367	1352
1	1	2016-03-02 00:05:55	40040	1456848355505	1353
1	5	2016-03-02 00:05:55	40005	1456848355556	1354
2	7	2016-03-02 00:05:55	40059	1456848355556	1355
2	7	2016-03-02 00:05:55	40018	1456848355816	1356
1	25	2016-03-02 00:05:55	40055	1456848355866	1357
1	25	2016-03-02 00:05:55	40069	1456848355868	1358
1	26	2016-03-02 00:05:55	40059	1456848355891	1359
2	7	2016-03-02 00:05:55	40002	1456848355956	1360
1	6	2016-03-02 00:05:55	40016	1456848355992	1361
2	7	2016-03-02 00:05:56	40063	1456848356309	1362
1	5	2016-03-02 00:05:56	40056	1456848356401	1363
1	5	2016-03-02 00:05:56	40054	1456848356408	1364
1	9	2016-03-02 00:05:56	40018	1456848356464	1365
1	16	2016-03-02 00:05:56	40002	1456848356572	1366
2	7	2016-03-02 00:05:56	40135	1456848356593	1367
2	7	2016-03-02 00:05:56	40047	1456848356630	1368
1	1	2016-03-02 00:05:56	40135	1456848356768	1369
2	7	2016-03-02 00:05:56	40132	1456848356806	1370
2	7	2016-03-02 00:05:56	40076	1456848356837	1371
2	3	2016-03-02 00:05:56	40054	1456848356903	1372
2	3	2016-03-02 00:05:57	40056	1456848357149	1373
1	5	2016-03-02 00:05:57	40132	1456848357252	1374
1	11	2016-03-02 00:05:57	40063	1456848357343	1375
1	11	2016-03-02 00:05:57	40076	1456848357347	1376
2	3	2016-03-02 00:05:57	40016	1456848357440	1377
1	19	2016-03-02 00:05:57	40047	1456848357474	1378
2	7	2016-03-02 00:05:57	40136	1456848357625	1379
1	10	2016-03-02 00:05:57	40016	1456848357744	1380
2	3	2016-03-02 00:05:57	40063	1456848357837	1381
1	21	2016-03-02 00:05:57	40056	1456848357913	1382
1	21	2016-03-02 00:05:57	40054	1456848357923	1383
2	7	2016-03-02 00:05:58	40123	1456848358005	1384
1	22	2016-03-02 00:05:58	40136	1456848358355	1385
2	3	2016-03-02 00:05:58	40056	1456848358454	1386
1	3	2016-03-02 00:05:58	40063	1456848358489	1387
2	3	2016-03-02 00:05:58	40054	1456848358513	1388
2	7	2016-03-02 00:05:58	40037	1456848358530	1389
2	7	2016-03-02 00:05:58	40015	1456848358768	1390
2	7	2016-03-02 00:05:58	40035	1456848358897	1391
1	6	2016-03-02 00:05:58	40123	1456848358960	1392
2	7	2016-03-02 00:05:58	40077	1456848358985	1393
1	13	2016-03-02 00:05:59	40037	1456848359056	1394
2	7	2016-03-02 00:05:59	40019	1456848359360	1395
1	11	2016-03-02 00:05:59	40015	1456848359448	1396
1	18	2016-03-02 00:05:59	40077	1456848359558	1397
2	7	2016-03-02 00:05:59	40038	1456848359642	1398
1	7	2016-03-02 00:05:59	40056	1456848359807	1399
1	21	2016-03-02 00:06:00	40038	1456848360025	1400
2	7	2016-03-02 00:06:00	40030	1456848360186	1401
1	5	2016-03-02 00:06:00	40054	1456848360204	1402
1	15	2016-03-02 00:06:00	40035	1456848360360	1403
2	7	2016-03-02 00:06:00	40046	1456848360428	1404
1	24	2016-03-02 00:06:00	40019	1456848360492	1405
2	7	2016-03-02 00:06:00	40048	1456848360930	1406
1	15	2016-03-02 00:06:01	40048	1456848361201	1407
1	16	2016-03-02 00:06:01	40030	1456848361222	1408
2	7	2016-03-02 00:06:01	40070	1456848361315	1409
1	2	2016-03-02 00:06:01	40046	1456848361417	1410
2	7	2016-03-02 00:06:01	40033	1456848361537	1411
1	19	2016-03-02 00:06:01	40033	1456848361681	1412
2	7	2016-03-02 00:06:02	40058	1456848362016	1413
2	7	2016-03-02 00:06:02	40011	1456848362112	1414
1	0	2016-03-02 00:06:02	40070	1456848362238	1415
1	8	2016-03-02 00:06:02	40011	1456848362352	1416
2	7	2016-03-02 00:06:02	40024	1456848362870	1417
1	21	2016-03-02 00:06:02	40058	1456848362988	1418
2	7	2016-03-02 00:06:03	40005	1456848363128	1419
2	7	2016-03-02 00:06:03	40055	1456848363138	1420
1	16	2016-03-02 00:06:03	40024	1456848363331	1421
2	7	2016-03-02 00:06:03	40045	1456848363460	1422
2	7	2016-03-02 00:06:03	40040	1456848363642	1423
2	7	2016-03-02 00:06:03	40008	1456848363720	1424
2	7	2016-03-02 00:06:03	40069	1456848363720	1425
2	3	2016-03-02 00:06:03	40048	1456848363952	1426
1	8	2016-03-02 00:06:04	40055	1456848364047	1427
2	7	2016-03-02 00:06:04	40059	1456848364203	1428
1	22	2016-03-02 00:06:04	40040	1456848364258	1429
1	23	2016-03-02 00:06:04	40008	1456848364277	1430
2	7	2016-03-02 00:06:04	40002	1456848364392	1431
1	5	2016-03-02 00:06:04	40005	1456848364416	1432
1	23	2016-03-02 00:06:04	40048	1456848364699	1433
1	25	2016-03-02 00:06:04	40069	1456848364737	1434
1	1	2016-03-02 00:06:04	40045	1456848364782	1435
1	11	2016-03-02 00:06:04	40059	1456848364935	1436
1	12	2016-03-02 00:06:04	40002	1456848364949	1437
2	7	2016-03-02 00:06:05	40135	1456848365023	1438
2	7	2016-03-02 00:06:05	40047	1456848365065	1439
