send	rec	insert_time	motelabMoteID	milli_time	motelabSeqNo
2	7	2016-03-02 00:12:03	40122	1456848723529	1
2	7	2016-03-02 00:12:03	40075	1456848723554	2
2	7	2016-03-02 00:12:03	40011	1456848723569	3
2	7	2016-03-02 00:12:03	40070	1456848723709	4
1	17	2016-03-02 00:12:03	40126	1456848723756	5
2	3	2016-03-02 00:12:03	40056	1456848723783	6
1	26	2016-03-02 00:12:03	40075	1456848723888	7
1	3	2016-03-02 00:12:03	40070	1456848723963	8
1	9	2016-03-02 00:12:04	40122	1456848724049	9
2	7	2016-03-02 00:12:04	40014	1456848724057	10
1	11	2016-03-02 00:12:04	40011	1456848724077	11
1	18	2016-03-02 00:12:05	40014	1456848725029	12
2	7	2016-03-02 00:12:05	40047	1456848725489	13
2	7	2016-03-02 00:12:05	40054	1456848725601	14
2	7	2016-03-02 00:12:05	40077	1456848725690	15
1	12	2016-03-02 00:12:05	40056	1456848725788	16
2	7	2016-03-02 00:12:05	40063	1456848725881	17
1	0	2016-03-02 00:12:06	40047	1456848726014	18
2	7	2016-03-02 00:12:06	40057	1456848726032	19
1	17	2016-03-02 00:12:06	40063	1456848726279	20
2	7	2016-03-02 00:12:06	40024	1456848726532	21
1	23	2016-03-02 00:12:06	40054	1456848726797	22
1	24	2016-03-02 00:12:06	40057	1456848726812	23
2	7	2016-03-02 00:12:06	40040	1456848726865	24
2	7	2016-03-02 00:12:06	40123	1456848726882	25
2	7	2016-03-02 00:12:06	40005	1456848726945	26
2	7	2016-03-02 00:12:06	40048	1456848726988	27
2	7	2016-03-02 00:12:07	40132	1456848727174	28
1	20	2016-03-02 00:12:07	40077	1456848727175	29
1	21	2016-03-02 00:12:07	40024	1456848727200	30
2	7	2016-03-02 00:12:07	40135	1456848727330	31
2	7	2016-03-02 00:12:07	40076	1456848727352	32
1	3	2016-03-02 00:12:07	40048	1456848727752	33
1	3	2016-03-02 00:12:07	40040	1456848727758	34
2	7	2016-03-02 00:12:07	40002	1456848727789	35
2	7	2016-03-02 00:12:07	40010	1456848727789	36
1	9	2016-03-02 00:12:07	40005	1456848727841	37
1	13	2016-03-02 00:12:07	40135	1456848727903	38
1	14	2016-03-02 00:12:07	40123	1456848727933	39
2	7	2016-03-02 00:12:07	40045	1456848727975	40
1	19	2016-03-02 00:12:08	40076	1456848728005	41
1	1	2016-03-02 00:12:08	40132	1456848728145	42
2	7	2016-03-02 00:12:08	40124	1456848728435	43
2	7	2016-03-02 00:12:08	40035	1456848728450	44
1	25	2016-03-02 00:12:08	40045	1456848728516	45
2	7	2016-03-02 00:12:08	40046	1456848728558	46
1	5	2016-03-02 00:12:08	40002	1456848728625	47
1	15	2016-03-02 00:12:08	40010	1456848728781	48
1	19	2016-03-02 00:12:08	40046	1456848728845	49
2	3	2016-03-02 00:12:08	40055	1456848728918	50
2	3	2016-03-02 00:12:08	40040	1456848728954	51
2	7	2016-03-02 00:12:08	40016	1456848728977	52
2	7	2016-03-02 00:12:09	40015	1456848729197	53
2	7	2016-03-02 00:12:09	40001	1456848729353	54
1	8	2016-03-02 00:12:09	40124	1456848729517	55
1	14	2016-03-02 00:12:09	40035	1456848729610	56
1	26	2016-03-02 00:12:09	40015	1456848729797	57
2	7	2016-03-02 00:12:09	40008	1456848729897	58
1	13	2016-03-02 00:12:10	40001	1456848730013	59
1	20	2016-03-02 00:12:10	40055	1456848730130	60
1	24	2016-03-02 00:12:10	40016	1456848730185	61
1	7	2016-03-02 00:12:10	40040	1456848730341	62
2	3	2016-03-02 00:12:10	40135	1456848730692	63
1	16	2016-03-02 00:12:10	40008	1456848730905	64
1	21	2016-03-02 00:12:10	40135	1456848730995	65
2	3	2016-03-02 00:12:11	40008	1456848731353	66
2	7	2016-03-02 00:12:11	40018	1456848731665	67
1	12	2016-03-02 00:12:11	40008	1456848731689	68
2	3	2016-03-02 00:12:11	40064	1456848731724	69
2	7	2016-03-02 00:12:11	40037	1456848731771	70
2	7	2016-03-02 00:12:11	40128	1456848731808	71
2	7	2016-03-02 00:12:11	40122	1456848731962	72
2	7	2016-03-02 00:12:12	40011	1456848732009	73
1	10	2016-03-02 00:12:12	40018	1456848732077	74
2	7	2016-03-02 00:12:12	40056	1456848732362	75
1	7	2016-03-02 00:12:12	40064	1456848732455	76
1	13	2016-03-02 00:12:12	40128	1456848732557	77
1	17	2016-03-02 00:12:12	40122	1456848732615	78
1	22	2016-03-02 00:12:12	40011	1456848732689	79
1	2	2016-03-02 00:12:12	40037	1456848732806	80
2	3	2016-03-02 00:12:12	40018	1456848732993	81
1	10	2016-03-02 00:12:13	40056	1456848733348	82
2	3	2016-03-02 00:12:13	40084	1456848733821	83
2	7	2016-03-02 00:12:13	40047	1456848733987	84
2	7	2016-03-02 00:12:14	40054	1456848734038	85
2	7	2016-03-02 00:12:14	40077	1456848734102	86
2	7	2016-03-02 00:12:14	40075	1456848734172	87
2	7	2016-03-02 00:12:14	40063	1456848734315	88
2	7	2016-03-02 00:12:14	40057	1456848734472	89
1	4	2016-03-02 00:12:14	40054	1456848734516	90
1	8	2016-03-02 00:12:14	40075	1456848734586	91
1	16	2016-03-02 00:12:14	40063	1456848734713	92
1	23	2016-03-02 00:12:14	40084	1456848734821	93
1	0	2016-03-02 00:12:14	40047	1456848734878	94
1	4	2016-03-02 00:12:14	40018	1456848734937	95
2	7	2016-03-02 00:12:14	40024	1456848734971	96
2	7	2016-03-02 00:12:15	40072	1456848735008	97
1	23	2016-03-02 00:12:15	40077	1456848735232	98
1	2	2016-03-02 00:12:15	40057	1456848735332	99
2	7	2016-03-02 00:12:15	40005	1456848735381	100
1	12	2016-03-02 00:12:15	40024	1456848735909	101
2	7	2016-03-02 00:12:16	40132	1456848736027	102
1	0	2016-03-02 00:12:16	40072	1456848736140	103
2	7	2016-03-02 00:12:16	40002	1456848736225	104
2	7	2016-03-02 00:12:16	40010	1456848736226	105
2	3	2016-03-02 00:12:16	40077	1456848736363	106
1	25	2016-03-02 00:12:16	40005	1456848736529	107
2	7	2016-03-02 00:12:16	40119	1456848736575	108
1	12	2016-03-02 00:12:16	40002	1456848736749	109
1	18	2016-03-02 00:12:16	40132	1456848736855	110
2	7	2016-03-02 00:12:16	40124	1456848736880	111
2	7	2016-03-02 00:12:16	40035	1456848736894	112
1	6	2016-03-02 00:12:17	40119	1456848737083	113
2	3	2016-03-02 00:12:17	40004	1456848737273	114
1	0	2016-03-02 00:12:17	40124	1456848737405	115
2	7	2016-03-02 00:12:17	40016	1456848737413	116
2	7	2016-03-02 00:12:17	40040	1456848737420	117
1	9	2016-03-02 00:12:17	40010	1456848737545	118
1	11	2016-03-02 00:12:17	40035	1456848737578	119
2	7	2016-03-02 00:12:17	40055	1456848737609	120
1	6	2016-03-02 00:12:17	40077	1456848737923	121
2	7	2016-03-02 00:12:17	40048	1456848737945	122
1	7	2016-03-02 00:12:17	40040	1456848737946	123
1	19	2016-03-02 00:12:18	40004	1456848738129	124
1	21	2016-03-02 00:12:18	40016	1456848738157	125
1	26	2016-03-02 00:12:18	40048	1456848738231	126
1	8	2016-03-02 00:12:18	40055	1456848738375	127
2	2	2016-03-02 00:12:18	40047	1456848738714	128
2	2	2016-03-02 00:12:18	40051	1456848738718	129
2	2	2016-03-02 00:12:18	40054	1456848738726	130
2	7	2016-03-02 00:12:18	40038	1456848738878	131
2	3	2016-03-02 00:12:19	40132	1456848739403	132
2	7	2016-03-02 00:12:19	40135	1456848739440	133
1	6	2016-03-02 00:12:19	40038	1456848739611	134
2	2	2016-03-02 00:12:19	40040	1456848739827	135
1	20	2016-03-02 00:12:19	40047	1456848739828	136
2	2	2016-03-02 00:12:19	40059	1456848739831	137
2	2	2016-03-02 00:12:19	40058	1456848739834	138
2	2	2016-03-02 00:12:19	40048	1456848739837	139
2	2	2016-03-02 00:12:19	40055	1456848739842	140
2	2	2016-03-02 00:12:19	40056	1456848739842	141
2	2	2016-03-02 00:12:19	40045	1456848739860	142
1	24	2016-03-02 00:12:19	40054	1456848739891	143
2	2	2016-03-02 00:12:19	40027	1456848739893	144
2	2	2016-03-02 00:12:19	40053	1456848739899	145
2	2	2016-03-02 00:12:19	40057	1456848739902	146
2	2	2016-03-02 00:12:19	40084	1456848739903	147
1	25	2016-03-02 00:12:19	40040	1456848739907	148
2	2	2016-03-02 00:12:19	40081	1456848739908	149
2	7	2016-03-02 00:12:20	40076	1456848740016	150
1	6	2016-03-02 00:12:20	40132	1456848740040	151
1	9	2016-03-02 00:12:20	40057	1456848740077	152
1	11	2016-03-02 00:12:20	40051	1456848740101	153
2	2	2016-03-02 00:12:20	40068	1456848740106	154
2	2	2016-03-02 00:12:20	40030	1456848740110	155
2	2	2016-03-02 00:12:20	40077	1456848740121	156
2	2	2016-03-02 00:12:20	40038	1456848740137	157
1	14	2016-03-02 00:12:20	40059	1456848740150	158
1	16	2016-03-02 00:12:20	40048	1456848740187	159
1	16	2016-03-02 00:12:20	40084	1456848740188	160
1	16	2016-03-02 00:12:20	40027	1456848740196	161
2	2	2016-03-02 00:12:20	40031	1456848740200	162
2	7	2016-03-02 00:12:20	40037	1456848740209	163
2	7	2016-03-02 00:12:20	40123	1456848740237	164
2	7	2016-03-02 00:12:20	40128	1456848740255	165
2	7	2016-03-02 00:12:20	40015	1456848740273	166
1	23	2016-03-02 00:12:20	40135	1456848740301	167
1	1	2016-03-02 00:12:20	40058	1456848740375	168
2	7	2016-03-02 00:12:20	40122	1456848740400	169
2	7	2016-03-02 00:12:20	40011	1456848740445	170
1	7	2016-03-02 00:12:20	40123	1456848740476	171
2	2	2016-03-02 00:12:20	40046	1456848740503	172
1	15	2016-03-02 00:12:20	40053	1456848740600	173
2	2	2016-03-02 00:12:20	40032	1456848740614	174
1	17	2016-03-02 00:12:20	40045	1456848740624	175
2	2	2016-03-02 00:12:20	40037	1456848740654	176
1	20	2016-03-02 00:12:20	40038	1456848740663	177
1	20	2016-03-02 00:12:20	40015	1456848740670	178
2	2	2016-03-02 00:12:20	40035	1456848740679	179
2	2	2016-03-02 00:12:20	40028	1456848740679	180
2	2	2016-03-02 00:12:20	40036	1456848740683	181
1	21	2016-03-02 00:12:20	40081	1456848740689	182
2	2	2016-03-02 00:12:20	40075	1456848740706	183
2	2	2016-03-02 00:12:20	40076	1456848740710	184
2	3	2016-03-02 00:12:20	40048	1456848740744	185
2	3	2016-03-02 00:12:20	40084	1456848740744	186
1	8	2016-03-02 00:12:20	40055	1456848740910	187
1	10	2016-03-02 00:12:20	40011	1456848740937	188
1	10	2016-03-02 00:12:20	40075	1456848740938	189
2	2	2016-03-02 00:12:20	40079	1456848740940	190
2	2	2016-03-02 00:12:20	40069	1456848740942	191
1	11	2016-03-02 00:12:20	40032	1456848740948	192
2	2	2016-03-02 00:12:20	40034	1456848740967	193
1	14	2016-03-02 00:12:21	40128	1456848741004	194
1	15	2016-03-02 00:12:21	40079	1456848741019	195
2	2	2016-03-02 00:12:21	40024	1456848741043	196
1	18	2016-03-02 00:12:21	40122	1456848741069	197
2	7	2016-03-02 00:12:21	40130	1456848741097	198
2	2	2016-03-02 00:12:21	40039	1456848741104	199
2	3	2016-03-02 00:12:21	40057	1456848741112	200
2	2	2016-03-02 00:12:21	40078	1456848741119	201
2	2	2016-03-02 00:12:21	40083	1456848741122	202
1	22	2016-03-02 00:12:21	40056	1456848741131	203
1	23	2016-03-02 00:12:21	40077	1456848741140	204
1	23	2016-03-02 00:12:21	40068	1456848741140	205
1	24	2016-03-02 00:12:21	40037	1456848741148	206
2	2	2016-03-02 00:12:21	40026	1456848741157	207
2	2	2016-03-02 00:12:21	40005	1456848741157	208
2	2	2016-03-02 00:12:21	40060	1456848741161	209
2	2	2016-03-02 00:12:21	40033	1456848741164	210
1	0	2016-03-02 00:12:21	40030	1456848741209	211
1	2	2016-03-02 00:12:21	40031	1456848741234	212
1	2	2016-03-02 00:12:21	40046	1456848741237	213
2	2	2016-03-02 00:12:21	40014	1456848741297	214
2	2	2016-03-02 00:12:21	40018	1456848741298	215
1	6	2016-03-02 00:12:21	40035	1456848741299	216
1	8	2016-03-02 00:12:21	40076	1456848741323	217
2	2	2016-03-02 00:12:21	40132	1456848741329	218
2	2	2016-03-02 00:12:21	40063	1456848741333	219
2	2	2016-03-02 00:12:21	40072	1456848741334	220
2	2	2016-03-02 00:12:21	40080	1456848741344	221
1	14	2016-03-02 00:12:21	40078	1456848741420	222
2	2	2016-03-02 00:12:21	40070	1456848741434	223
1	19	2016-03-02 00:12:21	40080	1456848741503	224
1	22	2016-03-02 00:12:21	40005	1456848741541	225
2	2	2016-03-02 00:12:21	40002	1456848741549	226
1	1	2016-03-02 00:12:21	40084	1456848741633	227
1	1	2016-03-02 00:12:21	40028	1456848741635	228
2	2	2016-03-02 00:12:21	40025	1456848741642	229
1	3	2016-03-02 00:12:21	40048	1456848741666	230
1	7	2016-03-02 00:12:21	40036	1456848741733	231
1	7	2016-03-02 00:12:21	40130	1456848741734	232
2	3	2016-03-02 00:12:21	40077	1456848741761	233
2	2	2016-03-02 00:12:21	40123	1456848741765	234
1	12	2016-03-02 00:12:21	40024	1456848741805	235
2	2	2016-03-02 00:12:21	40138	1456848741859	236
1	16	2016-03-02 00:12:21	40018	1456848741869	237
2	2	2016-03-02 00:12:21	40007	1456848741873	238
2	2	2016-03-02 00:12:21	40066	1456848741876	239
2	2	2016-03-02 00:12:21	40011	1456848741879	240
2	2	2016-03-02 00:12:21	40015	1456848741879	241
2	2	2016-03-02 00:12:21	40013	1456848741879	242
2	2	2016-03-02 00:12:21	40003	1456848741879	243
1	21	2016-03-02 00:12:21	40034	1456848741954	244
2	3	2016-03-02 00:12:21	40035	1456848741983	245
1	1	2016-03-02 00:12:22	40069	1456848742055	246
1	2	2016-03-02 00:12:22	40039	1456848742075	247
1	5	2016-03-02 00:12:22	40002	1456848742117	248
1	5	2016-03-02 00:12:22	40057	1456848742131	249
1	8	2016-03-02 00:12:22	40070	1456848742166	250
2	2	2016-03-02 00:12:22	40067	1456848742172	251
2	2	2016-03-02 00:12:22	40071	1456848742185	252
2	2	2016-03-02 00:12:22	40019	1456848742282	253
1	15	2016-03-02 00:12:22	40026	1456848742286	254
2	2	2016-03-02 00:12:22	40064	1456848742357	255
1	22	2016-03-02 00:12:22	40025	1456848742390	256
1	23	2016-03-02 00:12:22	40060	1456848742404	257
1	23	2016-03-02 00:12:22	40033	1456848742407	258
1	24	2016-03-02 00:12:22	40063	1456848742415	259
1	24	2016-03-02 00:12:22	40072	1456848742417	260
1	24	2016-03-02 00:12:22	40123	1456848742418	261
2	2	2016-03-02 00:12:22	40120	1456848742437	262
1	2	2016-03-02 00:12:22	40132	1456848742492	263
1	2	2016-03-02 00:12:22	40015	1456848742493	264
2	2	2016-03-02 00:12:22	40136	1456848742499	265
2	2	2016-03-02 00:12:22	40118	1456848742500	266
2	2	2016-03-02 00:12:22	40135	1456848742500	267
2	2	2016-03-02 00:12:22	40016	1456848742501	268
2	2	2016-03-02 00:12:22	40020	1456848742502	269
2	2	2016-03-02 00:12:22	40006	1456848742502	270
2	2	2016-03-02 00:12:22	40017	1456848742502	271
1	3	2016-03-02 00:12:22	40011	1456848742509	272
2	7	2016-03-02 00:12:22	40008	1456848742553	273
1	8	2016-03-02 00:12:22	40083	1456848742589	274
1	9	2016-03-02 00:12:22	40138	1456848742606	275
2	2	2016-03-02 00:12:22	40139	1456848742612	276
2	2	2016-03-02 00:12:22	40122	1456848742613	277
2	2	2016-03-02 00:12:22	40131	1456848742614	278
1	10	2016-03-02 00:12:22	40003	1456848742617	279
2	2	2016-03-02 00:12:22	40137	1456848742621	280
1	14	2016-03-02 00:12:22	40131	1456848742694	281
2	2	2016-03-02 00:12:22	40133	1456848742698	282
1	17	2016-03-02 00:12:22	40066	1456848742735	283
1	18	2016-03-02 00:12:22	40077	1456848742748	284
1	21	2016-03-02 00:12:22	40019	1456848742789	285
2	2	2016-03-02 00:12:22	40012	1456848742797	286
1	24	2016-03-02 00:12:22	40007	1456848742837	287
1	24	2016-03-02 00:12:22	40013	1456848742838	288
2	2	2016-03-02 00:12:22	40008	1456848742845	289
2	3	2016-03-02 00:12:22	40033	1456848742852	290
1	25	2016-03-02 00:12:22	40035	1456848742857	291
1	2	2016-03-02 00:12:22	40139	1456848742915	292
2	2	2016-03-02 00:12:22	40119	1456848742932	293
2	2	2016-03-02 00:12:22	40004	1456848742937	294
2	2	2016-03-02 00:12:22	40009	1456848742938	295
1	4	2016-03-02 00:12:22	40067	1456848742952	296
1	7	2016-03-02 00:12:22	40135	1456848742994	297
1	12	2016-03-02 00:12:23	40071	1456848743078	298
2	2	2016-03-02 00:12:23	40074	1456848743082	299
1	13	2016-03-02 00:12:23	40122	1456848743091	300
1	13	2016-03-02 00:12:23	40033	1456848743091	301
1	14	2016-03-02 00:12:23	40016	1456848743101	302
1	19	2016-03-02 00:12:23	40014	1456848743105	303
2	2	2016-03-02 00:12:23	40001	1456848743113	304
1	20	2016-03-02 00:12:23	40008	1456848743197	305
1	22	2016-03-02 00:12:23	40017	1456848743229	306
1	22	2016-03-02 00:12:23	40120	1456848743232	307
2	3	2016-03-02 00:12:23	40053	1456848743259	308
1	0	2016-03-02 00:12:23	40006	1456848743306	309
1	0	2016-03-02 00:12:23	40009	1456848743306	310
1	0	2016-03-02 00:12:23	40020	1456848743306	311
2	2	2016-03-02 00:12:23	40010	1456848743313	312
2	3	2016-03-02 00:12:23	40123	1456848743341	313
1	3	2016-03-02 00:12:23	40136	1456848743357	314
1	6	2016-03-02 00:12:23	40137	1456848743400	315
1	7	2016-03-02 00:12:23	40133	1456848743415	316
2	3	2016-03-02 00:12:23	40019	1456848743437	317
2	2	2016-03-02 00:12:23	40085	1456848743438	318
1	12	2016-03-02 00:12:23	40064	1456848743501	319
2	3	2016-03-02 00:12:23	40063	1456848743545	320
1	15	2016-03-02 00:12:23	40118	1456848743550	321
1	18	2016-03-02 00:12:23	40119	1456848743600	322
2	2	2016-03-02 00:12:23	40124	1456848743655	323
1	1	2016-03-02 00:12:23	40074	1456848743751	324
2	2	2016-03-02 00:12:23	40117	1456848743769	325
2	3	2016-03-02 00:12:23	40006	1456848743781	326
1	9	2016-03-02 00:12:23	40001	1456848743869	327
2	2	2016-03-02 00:12:23	40126	1456848743973	328
2	3	2016-03-02 00:12:23	40013	1456848743985	329
1	26	2016-03-02 00:12:24	40019	1456848744133	330
2	3	2016-03-02 00:12:24	40009	1456848744206	331
1	4	2016-03-02 00:12:24	40053	1456848744215	332
1	4	2016-03-02 00:12:24	40123	1456848744217	333
1	5	2016-03-02 00:12:24	40004	1456848744229	334
1	5	2016-03-02 00:12:24	40010	1456848744230	335
1	6	2016-03-02 00:12:24	40063	1456848744245	336
1	11	2016-03-02 00:12:24	40006	1456848744321	337
1	15	2016-03-02 00:12:24	40085	1456848744394	338
1	4	2016-03-02 00:12:24	40117	1456848744644	339
2	2	2016-03-02 00:12:24	40130	1456848744648	340
2	2	2016-03-02 00:12:24	40128	1456848744654	341
1	5	2016-03-02 00:12:24	40124	1456848744657	342
2	2	2016-03-02 00:12:24	40082	1456848744813	343
2	2	2016-03-02 00:12:24	40073	1456848744814	344
2	2	2016-03-02 00:12:24	40065	1456848744816	345
1	16	2016-03-02 00:12:24	40126	1456848744831	346
1	18	2016-03-02 00:12:24	40013	1456848744853	347
1	20	2016-03-02 00:12:25	40009	1456848745046	348
1	6	2016-03-02 00:12:25	40128	1456848745100	349
1	19	2016-03-02 00:12:25	40082	1456848745291	350
1	19	2016-03-02 00:12:25	40130	1456848745301	351
1	22	2016-03-02 00:12:25	40012	1456848745349	352
2	3	2016-03-02 00:12:25	40017	1456848745365	353
2	3	2016-03-02 00:12:25	40005	1456848745373	354
1	0	2016-03-02 00:12:25	40065	1456848745422	355
2	3	2016-03-02 00:12:25	40008	1456848745502	356
1	9	2016-03-02 00:12:25	40073	1456848745562	357
2	3	2016-03-02 00:12:25	40133	1456848745883	358
1	4	2016-03-02 00:12:25	40005	1456848745898	359
1	18	2016-03-02 00:12:26	40017	1456848746118	360
2	3	2016-03-02 00:12:26	40076	1456848746229	361
1	7	2016-03-02 00:12:26	40008	1456848746369	362
1	10	2016-03-02 00:12:26	40133	1456848746425	363
2	3	2016-03-02 00:12:27	40010	1456848747001	364
1	7	2016-03-02 00:12:27	40076	1456848747647	365
2	7	2016-03-02 00:12:27	40047	1456848747689	366
1	21	2016-03-02 00:12:27	40010	1456848747854	367
2	7	2016-03-02 00:12:28	40059	1456848748287	368
1	26	2016-03-02 00:12:28	40047	1456848748358	369
1	12	2016-03-02 00:12:28	40059	1456848748557	370
2	7	2016-03-02 00:12:28	40038	1456848748953	371
2	3	2016-03-02 00:12:29	40117	1456848749261	372
2	7	2016-03-02 00:12:29	40054	1456848749284	373
1	10	2016-03-02 00:12:29	40038	1456848749368	374
2	7	2016-03-02 00:12:29	40024	1456848749672	375
2	7	2016-03-02 00:12:29	40046	1456848749706	376
1	25	2016-03-02 00:12:30	40117	1456848750025	377
2	7	2016-03-02 00:12:30	40055	1456848750128	378
1	9	2016-03-02 00:12:30	40024	1456848750197	379
1	9	2016-03-02 00:12:30	40046	1456848750200	380
2	7	2016-03-02 00:12:30	40077	1456848750232	381
1	19	2016-03-02 00:12:30	40054	1456848750353	382
2	7	2016-03-02 00:12:30	40002	1456848750394	383
2	7	2016-03-02 00:12:30	40035	1456848750411	384
1	18	2016-03-02 00:12:30	40077	1456848750758	385
2	7	2016-03-02 00:12:31	40016	1456848751158	386
2	7	2016-03-02 00:12:31	40037	1456848751194	387
2	7	2016-03-02 00:12:31	40015	1456848751362	388
2	7	2016-03-02 00:12:31	40068	1456848751375	389
1	5	2016-03-02 00:12:31	40035	1456848751397	390
1	8	2016-03-02 00:12:31	40037	1456848751448	391
1	13	2016-03-02 00:12:31	40055	1456848751531	392
2	7	2016-03-02 00:12:31	40135	1456848751551	393
1	20	2016-03-02 00:12:31	40002	1456848751634	394
2	7	2016-03-02 00:12:31	40033	1456848751675	395
2	7	2016-03-02 00:12:31	40040	1456848751800	396
1	12	2016-03-02 00:12:31	40016	1456848751930	397
1	23	2016-03-02 00:12:32	40068	1456848752111	398
2	7	2016-03-02 00:12:32	40069	1456848752386	399
1	21	2016-03-02 00:12:32	40015	1456848752494	400
1	26	2016-03-02 00:12:32	40033	1456848752583	401
2	7	2016-03-02 00:12:32	40080	1456848752778	402
1	17	2016-03-02 00:12:32	40135	1456848752857	403
1	1	2016-03-02 00:12:33	40069	1456848753038	404
2	3	2016-03-02 00:12:33	40033	1456848753284	405
1	25	2016-03-02 00:12:33	40040	1456848753411	406
1	8	2016-03-02 00:12:33	40080	1456848753560	407
2	7	2016-03-02 00:12:33	40005	1456848753830	408
1	6	2016-03-02 00:12:33	40033	1456848753953	409
2	7	2016-03-02 00:12:33	40017	1456848753970	410
2	3	2016-03-02 00:12:34	40004	1456848754158	411
2	7	2016-03-02 00:12:34	40057	1456848754329	412
1	4	2016-03-02 00:12:34	40017	1456848754338	413
1	13	2016-03-02 00:12:34	40005	1456848754902	414
2	7	2016-03-02 00:12:35	40076	1456848755023	415
1	25	2016-03-02 00:12:35	40004	1456848755086	416
2	7	2016-03-02 00:12:35	40075	1456848755329	417
1	0	2016-03-02 00:12:35	40057	1456848755540	418
1	13	2016-03-02 00:12:35	40075	1456848755743	419
2	7	2016-03-02 00:12:35	40010	1456848755846	420
1	10	2016-03-02 00:12:36	40010	1456848756118	421
2	7	2016-03-02 00:12:36	40047	1456848756139	422
1	19	2016-03-02 00:12:36	40076	1456848756265	423
1	14	2016-03-02 00:12:36	40047	1456848756601	424
2	7	2016-03-02 00:12:36	40059	1456848756726	425
2	3	2016-03-02 00:12:37	40132	1456848757093	426
2	3	2016-03-02 00:12:37	40030	1456848757155	427
2	7	2016-03-02 00:12:37	40011	1456848757534	428
1	3	2016-03-02 00:12:37	40030	1456848757697	429
1	18	2016-03-02 00:12:37	40059	1456848757936	430
1	20	2016-03-02 00:12:37	40132	1456848757969	431
2	7	2016-03-02 00:12:38	40024	1456848758111	432
2	7	2016-03-02 00:12:38	40054	1456848758135	433
2	7	2016-03-02 00:12:38	40046	1456848758557	434
2	7	2016-03-02 00:12:38	40077	1456848758656	435
2	7	2016-03-02 00:12:38	40002	1456848758830	436
2	7	2016-03-02 00:12:38	40035	1456848758860	437
1	4	2016-03-02 00:12:38	40024	1456848758985	438
1	5	2016-03-02 00:12:38	40054	1456848758996	439
1	12	2016-03-02 00:12:39	40046	1456848759115	440
1	14	2016-03-02 00:12:39	40035	1456848759142	441
1	20	2016-03-02 00:12:39	40011	1456848759231	442
1	2	2016-03-02 00:12:39	40077	1456848759373	443
2	7	2016-03-02 00:12:39	40016	1456848759599	444
2	3	2016-03-02 00:12:39	40011	1456848759690	445
1	23	2016-03-02 00:12:39	40002	1456848759698	446
2	7	2016-03-02 00:12:39	40068	1456848759827	447
2	7	2016-03-02 00:12:39	40119	1456848759844	448
2	7	2016-03-02 00:12:40	40015	1456848760002	449
2	7	2016-03-02 00:12:40	40040	1456848760234	450
1	8	2016-03-02 00:12:40	40011	1456848760306	451
1	16	2016-03-02 00:12:40	40068	1456848760432	452
1	25	2016-03-02 00:12:40	40119	1456848760575	453
1	26	2016-03-02 00:12:40	40016	1456848760586	454
1	1	2016-03-02 00:12:40	40015	1456848760618	455
2	7	2016-03-02 00:12:40	40136	1456848760724	456
2	7	2016-03-02 00:12:40	40048	1456848760780	457
1	0	2016-03-02 00:12:41	40048	1456848761034	458
2	7	2016-03-02 00:12:41	40135	1456848761255	459
1	2	2016-03-02 00:12:41	40136	1456848761487	460
1	20	2016-03-02 00:12:41	40040	1456848761765	461
1	11	2016-03-02 00:12:42	40135	1456848762052	462
2	3	2016-03-02 00:12:42	40048	1456848762100	463
2	7	2016-03-02 00:12:42	40005	1456848762266	464
2	7	2016-03-02 00:12:43	40037	1456848763007	465
1	26	2016-03-02 00:12:43	40048	1456848763118	466
2	7	2016-03-02 00:12:43	40076	1456848763466	467
1	3	2016-03-02 00:12:43	40005	1456848763602	468
1	24	2016-03-02 00:12:43	40037	1456848763930	469
2	7	2016-03-02 00:12:44	40019	1456848764206	470
2	7	2016-03-02 00:12:44	40010	1456848764282	471
2	3	2016-03-02 00:12:44	40030	1456848764372	472
1	19	2016-03-02 00:12:44	40076	1456848764708	473
1	25	2016-03-02 00:12:44	40030	1456848764802	474
2	7	2016-03-02 00:12:44	40047	1456848764812	475
2	7	2016-03-02 00:12:45	40059	1456848765166	476
1	9	2016-03-02 00:12:45	40019	1456848765382	477
1	13	2016-03-02 00:12:45	40010	1456848765446	478
2	7	2016-03-02 00:12:45	40071	1456848765782	479
1	2	2016-03-02 00:12:46	40059	1456848766121	480
1	24	2016-03-02 00:12:46	40047	1456848766468	481
2	7	2016-03-02 00:12:46	40054	1456848766572	482
1	12	2016-03-02 00:12:46	40071	1456848766706	483
2	7	2016-03-02 00:12:46	40024	1456848766757	484
1	0	2016-03-02 00:12:46	40024	1456848766932	485
2	3	2016-03-02 00:12:46	40135	1456848766976	486
2	7	2016-03-02 00:12:47	40077	1456848767096	487
2	2	2016-03-02 00:12:47	40119	1456848767108	488
2	2	2016-03-02 00:12:47	40139	1456848767111	489
2	2	2016-03-02 00:12:47	40137	1456848767119	490
2	2	2016-03-02 00:12:47	40131	1456848767120	491
2	7	2016-03-02 00:12:47	40002	1456848767266	492
2	7	2016-03-02 00:12:47	40035	1456848767284	493
2	7	2016-03-02 00:12:47	40046	1456848767345	494
1	3	2016-03-02 00:12:47	40135	1456848767406	495
1	8	2016-03-02 00:12:47	40119	1456848767473	496
2	2	2016-03-02 00:12:47	40133	1456848767481	497
2	2	2016-03-02 00:12:47	40138	1456848767604	498
1	16	2016-03-02 00:12:47	40139	1456848767607	499
2	2	2016-03-02 00:12:47	40135	1456848767613	500
1	24	2016-03-02 00:12:47	40137	1456848767730	501
2	2	2016-03-02 00:12:47	40122	1456848767738	502
1	1	2016-03-02 00:12:47	40131	1456848767787	503
1	15	2016-03-02 00:12:48	40046	1456848768014	504
1	17	2016-03-02 00:12:48	40133	1456848768038	505
1	18	2016-03-02 00:12:48	40077	1456848768067	506
1	20	2016-03-02 00:12:48	40035	1456848768095	507
1	25	2016-03-02 00:12:48	40138	1456848768160	508
2	2	2016-03-02 00:12:48	40079	1456848768173	509
1	1	2016-03-02 00:12:48	40002	1456848768210	510
2	2	2016-03-02 00:12:48	40123	1456848768237	511
1	3	2016-03-02 00:12:48	40054	1456848768246	512
2	7	2016-03-02 00:12:48	40068	1456848768264	513
1	4	2016-03-02 00:12:48	40122	1456848768677	514
2	7	2016-03-02 00:12:48	40040	1456848768684	515
1	7	2016-03-02 00:12:48	40135	1456848768729	516
2	7	2016-03-02 00:12:48	40015	1456848768738	517
2	2	2016-03-02 00:12:48	40132	1456848768749	518
2	7	2016-03-02 00:12:48	40034	1456848768789	519
1	14	2016-03-02 00:12:48	40034	1456848768836	520
2	2	2016-03-02 00:12:48	40120	1456848768947	521
2	2	2016-03-02 00:12:48	40069	1456848768948	522
1	21	2016-03-02 00:12:48	40123	1456848768953	523
2	2	2016-03-02 00:12:48	40068	1456848768980	524
2	2	2016-03-02 00:12:48	40081	1456848768983	525
1	23	2016-03-02 00:12:48	40079	1456848768986	526
2	2	2016-03-02 00:12:48	40075	1456848768988	527
2	7	2016-03-02 00:12:49	40016	1456848769158	528
1	8	2016-03-02 00:12:49	40132	1456848769163	529
2	2	2016-03-02 00:12:49	40073	1456848769170	530
2	2	2016-03-02 00:12:49	40136	1456848769177	531
2	2	2016-03-02 00:12:49	40076	1456848769185	532
1	5	2016-03-02 00:12:49	40015	1456848769542	533
2	2	2016-03-02 00:12:49	40118	1456848769597	534
1	10	2016-03-02 00:12:49	40081	1456848769620	535
2	2	2016-03-02 00:12:49	40078	1456848769624	536
2	2	2016-03-02 00:12:49	40077	1456848769628	537
1	12	2016-03-02 00:12:49	40016	1456848769650	538
1	12	2016-03-02 00:12:49	40136	1456848769654	539
1	13	2016-03-02 00:12:49	40069	1456848769663	540
2	2	2016-03-02 00:12:49	40080	1456848769667	541
2	2	2016-03-02 00:12:49	40063	1456848769674	542
1	25	2016-03-02 00:12:49	40076	1456848769854	543
2	2	2016-03-02 00:12:49	40072	1456848769870	544
1	4	2016-03-02 00:12:49	40075	1456848769942	545
1	5	2016-03-02 00:12:49	40063	1456848769960	546
2	2	2016-03-02 00:12:49	40064	1456848769965	547
2	2	2016-03-02 00:12:49	40008	1456848769966	548
2	2	2016-03-02 00:12:49	40051	1456848769967	549
1	5	2016-03-02 00:12:49	40068	1456848769969	550
1	9	2016-03-02 00:12:50	40120	1456848770028	551
2	2	2016-03-02 00:12:50	40054	1456848770048	552
2	2	2016-03-02 00:12:50	40056	1456848770051	553
2	2	2016-03-02 00:12:50	40040	1456848770055	554
2	2	2016-03-02 00:12:50	40083	1456848770077	555
2	3	2016-03-02 00:12:50	40132	1456848770086	556
1	14	2016-03-02 00:12:50	40073	1456848770110	557
2	7	2016-03-02 00:12:50	40045	1456848770210	558
2	2	2016-03-02 00:12:50	40124	1456848770454	559
1	10	2016-03-02 00:12:50	40083	1456848770460	560
2	3	2016-03-02 00:12:50	40063	1456848770517	561
1	14	2016-03-02 00:12:50	40080	1456848770528	562
2	2	2016-03-02 00:12:50	40065	1456848770532	563
2	2	2016-03-02 00:12:50	40085	1456848770533	564
2	2	2016-03-02 00:12:50	40082	1456848770536	565
1	16	2016-03-02 00:12:50	40072	1456848770555	566
2	2	2016-03-02 00:12:50	40071	1456848770561	567
2	2	2016-03-02 00:12:50	40067	1456848770565	568
2	2	2016-03-02 00:12:50	40070	1456848770568	569
2	2	2016-03-02 00:12:50	40074	1456848770571	570
2	2	2016-03-02 00:12:50	40055	1456848770604	571
2	2	2016-03-02 00:12:50	40047	1456848770605	572
1	19	2016-03-02 00:12:50	40054	1456848770607	573
2	2	2016-03-02 00:12:50	40048	1456848770607	574
2	2	2016-03-02 00:12:50	40045	1456848770608	575
2	2	2016-03-02 00:12:50	40084	1456848770612	576
2	2	2016-03-02 00:12:50	40027	1456848770616	577
1	23	2016-03-02 00:12:50	40064	1456848770664	578
1	2	2016-03-02 00:12:50	40078	1456848770754	579
1	3	2016-03-02 00:12:50	40040	1456848770773	580
2	2	2016-03-02 00:12:50	40053	1456848770777	581
2	2	2016-03-02 00:12:50	40058	1456848770779	582
1	5	2016-03-02 00:12:50	40085	1456848770804	583
2	2	2016-03-02 00:12:50	40017	1456848770914	584
2	2	2016-03-02 00:12:50	40019	1456848770914	585
2	3	2016-03-02 00:12:50	40081	1456848770927	586
1	14	2016-03-02 00:12:50	40067	1456848770947	587
2	2	2016-03-02 00:12:50	40009	1456848770950	588
2	2	2016-03-02 00:12:50	40010	1456848770950	589
1	15	2016-03-02 00:12:50	40082	1456848770966	590
1	17	2016-03-02 00:12:50	40056	1456848770990	591
2	2	2016-03-02 00:12:50	40059	1456848770994	592
1	17	2016-03-02 00:12:50	40118	1456848770998	593
2	2	2016-03-02 00:12:50	40030	1456848770999	594
2	2	2016-03-02 00:12:51	40057	1456848771002	595
1	18	2016-03-02 00:12:51	40051	1456848771017	596
2	2	2016-03-02 00:12:51	40038	1456848771018	597
2	7	2016-03-02 00:12:51	40005	1456848771018	598
1	20	2016-03-02 00:12:51	40077	1456848771045	599
1	23	2016-03-02 00:12:51	40065	1456848771090	600
1	1	2016-03-02 00:12:51	40008	1456848771162	601
1	4	2016-03-02 00:12:51	40053	1456848771207	602
1	4	2016-03-02 00:12:51	40058	1456848771209	603
1	4	2016-03-02 00:12:51	40057	1456848771209	604
2	2	2016-03-02 00:12:51	40046	1456848771220	605
1	5	2016-03-02 00:12:51	40010	1456848771222	606
2	2	2016-03-02 00:12:51	40013	1456848771230	607
2	2	2016-03-02 00:12:51	40004	1456848771230	608
2	2	2016-03-02 00:12:51	40001	1456848771230	609
1	8	2016-03-02 00:12:51	40132	1456848771280	610
1	8	2016-03-02 00:12:51	40063	1456848771281	611
1	9	2016-03-02 00:12:51	40084	1456848771295	612
2	2	2016-03-02 00:12:51	40126	1456848771295	613
1	10	2016-03-02 00:12:51	40124	1456848771312	614
1	14	2016-03-02 00:12:51	40019	1456848771362	615
1	14	2016-03-02 00:12:51	40013	1456848771367	616
2	3	2016-03-02 00:12:51	40083	1456848771369	617
2	2	2016-03-02 00:12:51	40005	1456848771370	618
1	14	2016-03-02 00:12:51	40059	1456848771378	619
1	15	2016-03-02 00:12:51	40027	1456848771379	620
2	2	2016-03-02 00:12:51	40031	1456848771394	621
2	2	2016-03-02 00:12:51	40024	1456848771398	622
1	17	2016-03-02 00:12:51	40070	1456848771411	623
1	20	2016-03-02 00:12:51	40047	1456848771465	624
2	2	2016-03-02 00:12:51	40032	1456848771478	625
1	21	2016-03-02 00:12:51	40048	1456848771482	626
1	21	2016-03-02 00:12:51	40071	1456848771485	627
2	2	2016-03-02 00:12:51	40060	1456848771487	628
2	2	2016-03-02 00:12:51	40033	1456848771487	629
2	2	2016-03-02 00:12:51	40014	1456848771590	630
1	1	2016-03-02 00:12:51	40055	1456848771592	631
1	5	2016-03-02 00:12:51	40060	1456848771646	632
2	2	2016-03-02 00:12:51	40037	1456848771651	633
2	3	2016-03-02 00:12:51	40053	1456848771653	634
2	2	2016-03-02 00:12:51	40066	1456848771656	635
2	2	2016-03-02 00:12:51	40035	1456848771657	636
2	2	2016-03-02 00:12:51	40117	1456848771706	637
1	10	2016-03-02 00:12:51	40081	1456848771723	638
2	2	2016-03-02 00:12:51	40128	1456848771731	639
1	12	2016-03-02 00:12:51	40074	1456848771764	640
1	12	2016-03-02 00:12:51	40083	1456848771767	641
1	13	2016-03-02 00:12:51	40004	1456848771770	642
1	13	2016-03-02 00:12:51	40045	1456848771771	643
2	2	2016-03-02 00:12:51	40011	1456848771778	644
2	2	2016-03-02 00:12:51	40034	1456848771782	645
2	2	2016-03-02 00:12:51	40018	1456848771795	646
2	2	2016-03-02 00:12:51	40020	1456848771795	647
1	19	2016-03-02 00:12:51	40017	1456848771862	648
2	3	2016-03-02 00:12:51	40057	1456848771862	649
2	2	2016-03-02 00:12:51	40039	1456848771871	650
1	21	2016-03-02 00:12:51	40038	1456848771893	651
2	2	2016-03-02 00:12:51	40028	1456848771900	652
1	22	2016-03-02 00:12:51	40018	1456848771910	653
2	2	2016-03-02 00:12:51	40036	1456848771915	654
1	22	2016-03-02 00:12:51	40126	1456848771915	655
2	2	2016-03-02 00:12:51	40015	1456848771918	656
2	2	2016-03-02 00:12:51	40003	1456848771918	657
2	2	2016-03-02 00:12:51	40007	1456848771918	658
1	22	2016-03-02 00:12:51	40031	1456848771919	659
1	23	2016-03-02 00:12:51	40001	1456848771926	660
2	2	2016-03-02 00:12:51	40130	1456848771927	661
1	25	2016-03-02 00:12:51	40009	1456848771958	662
1	0	2016-03-02 00:12:52	40046	1456848772001	663
1	2	2016-03-02 00:12:52	40024	1456848772033	664
1	3	2016-03-02 00:12:52	40035	1456848772038	665
2	3	2016-03-02 00:12:52	40058	1456848772053	666
1	4	2016-03-02 00:12:52	40117	1456848772058	667
1	5	2016-03-02 00:12:52	40032	1456848772067	668
1	6	2016-03-02 00:12:52	40030	1456848772082	669
1	12	2016-03-02 00:12:52	40014	1456848772178	670
2	2	2016-03-02 00:12:52	40012	1456848772214	671
2	2	2016-03-02 00:12:52	40026	1456848772220	672
1	16	2016-03-02 00:12:52	40039	1456848772237	673
1	18	2016-03-02 00:12:52	40020	1456848772270	674
1	18	2016-03-02 00:12:52	40066	1456848772276	675
2	2	2016-03-02 00:12:52	40006	1456848772278	676
1	24	2016-03-02 00:12:52	40053	1456848772370	677
1	0	2016-03-02 00:12:52	40015	1456848772410	678
1	1	2016-03-02 00:12:52	40128	1456848772432	679
1	4	2016-03-02 00:12:52	40005	1456848772475	680
2	2	2016-03-02 00:12:52	40002	1456848772483	681
1	10	2016-03-02 00:12:52	40007	1456848772566	682
2	2	2016-03-02 00:12:52	40016	1456848772574	683
1	13	2016-03-02 00:12:52	40037	1456848772622	684
1	15	2016-03-02 00:12:52	40130	1456848772644	685
1	15	2016-03-02 00:12:52	40011	1456848772646	686
1	15	2016-03-02 00:12:52	40028	1456848772649	687
2	2	2016-03-02 00:12:52	40025	1456848772687	688
1	20	2016-03-02 00:12:52	40026	1456848772729	689
1	23	2016-03-02 00:12:52	40057	1456848772770	690
1	25	2016-03-02 00:12:52	40036	1456848772806	691
1	2	2016-03-02 00:12:52	40034	1456848772865	692
1	4	2016-03-02 00:12:52	40058	1456848772897	693
1	5	2016-03-02 00:12:52	40003	1456848772910	694
1	10	2016-03-02 00:12:52	40002	1456848772990	695
1	10	2016-03-02 00:12:52	40012	1456848772990	696
1	16	2016-03-02 00:12:53	40006	1456848773082	697
1	18	2016-03-02 00:12:53	40025	1456848773121	698
1	2	2016-03-02 00:12:53	40016	1456848773706	699
2	3	2016-03-02 00:12:53	40013	1456848773762	700
1	6	2016-03-02 00:12:54	40013	1456848774614	701
2	7	2016-03-02 00:12:56	40135	1456848776457	702
2	3	2016-03-02 00:12:56	40066	1456848776667	703
2	3	2016-03-02 00:12:56	40032	1456848776970	704
1	7	2016-03-02 00:12:57	40066	1456848777160	705
2	7	2016-03-02 00:12:57	40076	1456848777628	706
2	3	2016-03-02 00:12:57	40136	1456848777678	707
2	3	2016-03-02 00:12:57	40083	1456848777683	708
1	22	2016-03-02 00:12:57	40032	1456848777829	709
1	2	2016-03-02 00:12:57	40135	1456848777939	710
1	13	2016-03-02 00:12:58	40136	1456848778520	711
1	20	2016-03-02 00:12:58	40083	1456848778639	712
1	22	2016-03-02 00:12:58	40076	1456848778663	713
2	3	2016-03-02 00:12:58	40072	1456848778777	714
2	7	2016-03-02 00:12:59	40077	1456848779023	715
2	3	2016-03-02 00:12:59	40032	1456848779087	716
2	7	2016-03-02 00:12:59	40063	1456848779126	717
2	7	2016-03-02 00:12:59	40070	1456848779239	718
1	10	2016-03-02 00:12:59	40032	1456848779325	719
2	7	2016-03-02 00:12:59	40030	1456848779442	720
2	7	2016-03-02 00:12:59	40059	1456848779465	721
1	22	2016-03-02 00:12:59	40070	1456848779510	722
2	7	2016-03-02 00:12:59	40054	1456848779538	723
1	3	2016-03-02 00:12:59	40072	1456848779637	724
1	20	2016-03-02 00:12:59	40063	1456848779906	725
2	7	2016-03-02 00:12:59	40024	1456848779916	726
2	7	2016-03-02 00:12:59	40046	1456848779943	727
2	7	2016-03-02 00:12:59	40047	1456848779947	728
2	7	2016-03-02 00:12:59	40040	1456848779955	729
1	25	2016-03-02 00:12:59	40077	1456848779978	730
2	3	2016-03-02 00:13:00	40076	1456848780065	731
1	7	2016-03-02 00:13:00	40059	1456848780118	732
1	11	2016-03-02 00:13:00	40046	1456848780183	733
2	7	2016-03-02 00:13:00	40005	1456848780214	734
2	7	2016-03-02 00:13:00	40035	1456848780324	735
2	3	2016-03-02 00:13:00	40002	1456848780358	736
1	26	2016-03-02 00:13:00	40030	1456848780413	737
1	21	2016-03-02 00:13:00	40033	1456848780437	738
1	2	2016-03-02 00:13:00	40024	1456848780457	739
1	6	2016-03-02 00:13:00	40054	1456848780526	740
2	7	2016-03-02 00:13:00	40003	1456848780606	741
2	7	2016-03-02 00:13:00	40001	1456848780622	742
2	3	2016-03-02 00:13:00	40033	1456848780644	743
1	19	2016-03-02 00:13:00	40005	1456848780722	744
1	19	2016-03-02 00:13:00	40047	1456848780726	745
2	7	2016-03-02 00:13:00	40056	1456848780778	746
2	7	2016-03-02 00:13:00	40010	1456848780810	747
2	7	2016-03-02 00:13:00	40011	1456848780810	748
1	26	2016-03-02 00:13:00	40076	1456848780845	749
2	7	2016-03-02 00:13:01	40037	1456848781028	750
2	7	2016-03-02 00:13:01	40016	1456848781030	751
1	14	2016-03-02 00:13:01	40040	1456848781071	752
1	3	2016-03-02 00:13:01	40035	1456848781326	753
1	5	2016-03-02 00:13:01	40001	1456848781350	754
1	8	2016-03-02 00:13:01	40016	1456848781394	755
1	17	2016-03-02 00:13:01	40002	1456848781534	756
1	17	2016-03-02 00:13:01	40037	1456848781538	757
1	23	2016-03-02 00:13:01	40003	1456848781630	758
1	4	2016-03-02 00:13:01	40033	1456848781759	759
2	7	2016-03-02 00:13:01	40019	1456848781842	760
1	12	2016-03-02 00:13:01	40056	1456848781892	761
1	15	2016-03-02 00:13:01	40010	1456848781926	762
1	21	2016-03-02 00:13:02	40011	1456848782018	763
2	7	2016-03-02 00:13:02	40069	1456848782983	764
1	5	2016-03-02 00:13:03	40019	1456848783034	765
2	3	2016-03-02 00:13:03	40083	1456848783471	766
1	11	2016-03-02 00:13:03	40069	1456848783984	767
1	15	2016-03-02 00:13:04	40083	1456848784459	768
2	7	2016-03-02 00:13:04	40135	1456848784887	769
1	0	2016-03-02 00:13:05	40135	1456848785492	770
2	7	2016-03-02 00:13:06	40045	1456848786493	771
2	7	2016-03-02 00:13:06	40058	1456848786960	772
1	17	2016-03-02 00:13:07	40045	1456848787449	773
2	7	2016-03-02 00:13:07	40077	1456848787462	774
2	7	2016-03-02 00:13:07	40068	1456848787556	775
1	25	2016-03-02 00:13:07	40058	1456848787565	776
2	7	2016-03-02 00:13:07	40063	1456848787672	777
2	7	2016-03-02 00:13:07	40054	1456848787974	778
1	0	2016-03-02 00:13:08	40068	1456848788017	779
2	7	2016-03-02 00:13:08	40024	1456848788339	780
2	7	2016-03-02 00:13:08	40046	1456848788380	781
2	7	2016-03-02 00:13:08	40047	1456848788381	782
2	7	2016-03-02 00:13:08	40040	1456848788389	783
2	7	2016-03-02 00:13:08	40132	1456848788429	784
2	7	2016-03-02 00:13:08	40072	1456848788464	785
2	7	2016-03-02 00:13:08	40076	1456848788603	786
1	13	2016-03-02 00:13:08	40054	1456848788644	787
1	13	2016-03-02 00:13:08	40024	1456848788657	788
1	16	2016-03-02 00:13:08	40077	1456848788705	789
1	17	2016-03-02 00:13:08	40063	1456848788706	790
1	17	2016-03-02 00:13:08	40046	1456848788715	791
2	7	2016-03-02 00:13:08	40035	1456848788784	792
2	7	2016-03-02 00:13:09	40005	1456848789010	793
2	7	2016-03-02 00:13:09	40002	1456848789014	794
2	3	2016-03-02 00:13:09	40024	1456848789118	795
2	7	2016-03-02 00:13:09	40015	1456848789198	796
2	7	2016-03-02 00:13:09	40010	1456848789246	797
2	7	2016-03-02 00:13:09	40011	1456848789246	798
1	3	2016-03-02 00:13:09	40132	1456848789337	799
1	6	2016-03-02 00:13:09	40072	1456848789388	800
1	8	2016-03-02 00:13:09	40047	1456848789415	801
1	11	2016-03-02 00:13:09	40040	1456848789457	802
2	7	2016-03-02 00:13:09	40059	1456848789465	803
1	14	2016-03-02 00:13:09	40024	1456848789516	804
2	7	2016-03-02 00:13:09	40037	1456848789578	805
1	19	2016-03-02 00:13:09	40035	1456848789595	806
1	3	2016-03-02 00:13:09	40005	1456848789754	807
2	7	2016-03-02 00:13:09	40016	1456848789810	808
1	25	2016-03-02 00:13:10	40076	1456848790101	809
1	8	2016-03-02 00:13:10	40015	1456848790254	810
2	7	2016-03-02 00:13:10	40019	1456848790278	811
1	16	2016-03-02 00:13:10	40002	1456848790378	812
1	19	2016-03-02 00:13:10	40059	1456848790436	813
1	2	2016-03-02 00:13:10	40011	1456848790582	814
1	6	2016-03-02 00:13:10	40019	1456848790642	815
1	9	2016-03-02 00:13:10	40016	1456848790690	816
1	15	2016-03-02 00:13:10	40010	1456848790787	817
1	8	2016-03-02 00:13:11	40037	1456848791106	818
2	7	2016-03-02 00:13:11	40069	1456848791423	819
2	7	2016-03-02 00:13:11	40075	1456848791975	820
2	7	2016-03-02 00:13:12	40008	1456848792014	821
1	5	2016-03-02 00:13:12	40069	1456848792329	822
1	4	2016-03-02 00:13:12	40008	1456848792722	823
1	19	2016-03-02 00:13:12	40075	1456848792962	824
2	7	2016-03-02 00:13:13	40135	1456848793332	825
2	7	2016-03-02 00:13:13	40119	1456848793460	826
1	15	2016-03-02 00:13:14	40135	1456848794161	827
1	5	2016-03-02 00:13:14	40119	1456848794430	828
2	7	2016-03-02 00:13:14	40045	1456848794921	829
1	26	2016-03-02 00:13:15	40045	1456848795176	830
2	7	2016-03-02 00:13:15	40077	1456848795886	831
2	7	2016-03-02 00:13:15	40068	1456848795992	832
2	7	2016-03-02 00:13:16	40056	1456848796392	833
2	7	2016-03-02 00:13:16	40054	1456848796410	834
2	7	2016-03-02 00:13:16	40063	1456848796455	835
2	7	2016-03-02 00:13:16	40120	1456848796618	836
1	14	2016-03-02 00:13:16	40120	1456848796681	837
1	16	2016-03-02 00:13:16	40068	1456848796708	838
1	16	2016-03-02 00:13:16	40054	1456848796713	839
1	16	2016-03-02 00:13:16	40077	1456848796714	840
2	7	2016-03-02 00:13:16	40047	1456848796815	841
2	7	2016-03-02 00:13:16	40046	1456848796817	842
2	7	2016-03-02 00:13:16	40040	1456848796823	843
2	7	2016-03-02 00:13:17	40076	1456848797030	844
2	7	2016-03-02 00:13:17	40030	1456848797156	845
2	3	2016-03-02 00:13:17	40077	1456848797177	846
2	3	2016-03-02 00:13:17	40054	1456848797177	847
1	7	2016-03-02 00:13:17	40063	1456848797410	848
2	7	2016-03-02 00:13:17	40002	1456848797450	849
2	7	2016-03-02 00:13:17	40005	1456848797450	850
2	7	2016-03-02 00:13:17	40035	1456848797483	851
1	17	2016-03-02 00:13:17	40077	1456848797574	852
2	7	2016-03-02 00:13:17	40015	1456848797638	853
2	7	2016-03-02 00:13:17	40010	1456848797682	854
2	7	2016-03-02 00:13:17	40011	1456848797683	855
1	0	2016-03-02 00:13:17	40035	1456848797721	856
1	0	2016-03-02 00:13:17	40056	1456848797729	857
1	2	2016-03-02 00:13:17	40046	1456848797758	858
1	11	2016-03-02 00:13:17	40047	1456848797898	859
2	7	2016-03-02 00:13:17	40059	1456848797904	860
2	7	2016-03-02 00:13:17	40024	1456848797955	861
1	19	2016-03-02 00:13:18	40010	1456848798018	862
2	7	2016-03-02 00:13:18	40037	1456848798032	863
1	20	2016-03-02 00:13:18	40076	1456848798034	864
1	26	2016-03-02 00:13:18	40011	1456848798130	865
1	3	2016-03-02 00:13:18	40030	1456848798192	866
2	7	2016-03-02 00:13:18	40016	1456848798246	867
1	11	2016-03-02 00:13:18	40005	1456848798314	868
1	12	2016-03-02 00:13:18	40059	1456848798334	869
1	18	2016-03-02 00:13:18	40002	1456848798426	870
1	2	2016-03-02 00:13:18	40024	1456848798606	871
1	5	2016-03-02 00:13:18	40054	1456848798643	872
1	6	2016-03-02 00:13:18	40040	1456848798672	873
2	7	2016-03-02 00:13:18	40081	1456848798806	874
1	17	2016-03-02 00:13:18	40015	1456848798830	875
2	7	2016-03-02 00:13:18	40036	1456848798883	876
1	24	2016-03-02 00:13:19	40037	1456848799369	877
1	1	2016-03-02 00:13:19	40016	1456848799426	878
1	13	2016-03-02 00:13:19	40036	1456848799614	879
2	7	2016-03-02 00:13:19	40069	1456848799863	880
1	4	2016-03-02 00:13:19	40081	1456848799905	881
2	7	2016-03-02 00:13:20	40075	1456848800412	882
2	7	2016-03-02 00:13:20	40008	1456848800638	883
2	7	2016-03-02 00:13:20	40048	1456848800837	884
1	25	2016-03-02 00:13:21	40069	1456848801071	885
1	12	2016-03-02 00:13:21	40075	1456848801287	886
1	15	2016-03-02 00:13:21	40008	1456848801330	887
1	3	2016-03-02 00:13:21	40048	1456848801568	888
2	7	2016-03-02 00:13:21	40135	1456848801762	889
2	7	2016-03-02 00:13:22	40019	1456848802090	890
2	7	2016-03-02 00:13:22	40055	1456848802306	891
1	5	2016-03-02 00:13:22	40019	1456848802443	892
1	18	2016-03-02 00:13:22	40135	1456848802654	893
2	7	2016-03-02 00:13:23	40070	1456848803711	894
1	1	2016-03-02 00:13:24	40055	1456848804076	895
2	7	2016-03-02 00:13:24	40038	1456848804335	896
1	19	2016-03-02 00:13:24	40070	1456848804347	897
2	7	2016-03-02 00:13:24	40080	1456848804401	898
2	7	2016-03-02 00:13:24	40068	1456848804428	899
2	7	2016-03-02 00:13:24	40067	1456848804433	900
1	8	2016-03-02 00:13:24	40080	1456848804608	901
1	10	2016-03-02 00:13:24	40067	1456848804640	902
1	14	2016-03-02 00:13:24	40038	1456848804702	903
2	7	2016-03-02 00:13:24	40056	1456848804844	904
1	16	2016-03-02 00:13:25	40068	1456848805144	905
2	7	2016-03-02 00:13:25	40047	1456848805250	906
2	7	2016-03-02 00:13:25	40046	1456848805253	907
2	7	2016-03-02 00:13:25	40040	1456848805273	908
2	7	2016-03-02 00:13:25	40030	1456848805599	909
2	7	2016-03-02 00:13:25	40054	1456848805676	910
2	7	2016-03-02 00:13:25	40077	1456848805695	911
2	7	2016-03-02 00:13:25	40005	1456848805886	912
2	7	2016-03-02 00:13:25	40002	1456848805887	913
2	7	2016-03-02 00:13:25	40058	1456848805976	914
1	19	2016-03-02 00:13:26	40046	1456848806035	915
1	19	2016-03-02 00:13:26	40047	1456848806049	916
2	7	2016-03-02 00:13:26	40015	1456848806074	917
2	7	2016-03-02 00:13:26	40035	1456848806086	918
1	22	2016-03-02 00:13:26	40077	1456848806093	919
2	7	2016-03-02 00:13:26	40011	1456848806122	920
1	5	2016-03-02 00:13:26	40056	1456848806244	921
1	6	2016-03-02 00:13:26	40030	1456848806252	922
1	9	2016-03-02 00:13:26	40058	1456848806311	923
1	14	2016-03-02 00:13:26	40002	1456848806378	924
2	7	2016-03-02 00:13:26	40024	1456848806394	925
1	17	2016-03-02 00:13:26	40040	1456848806436	926
2	7	2016-03-02 00:13:26	40037	1456848806469	927
2	7	2016-03-02 00:13:26	40059	1456848806583	928
1	0	2016-03-02 00:13:26	40005	1456848806583	929
1	6	2016-03-02 00:13:26	40054	1456848806681	930
2	7	2016-03-02 00:13:26	40016	1456848806682	931
1	13	2016-03-02 00:13:26	40015	1456848806787	932
1	1	2016-03-02 00:13:27	40037	1456848807026	933
1	13	2016-03-02 00:13:27	40024	1456848807204	934
2	7	2016-03-02 00:13:27	40081	1456848807234	935
1	1	2016-03-02 00:13:27	40011	1456848807446	936
2	3	2016-03-02 00:13:27	40015	1456848807450	937
1	2	2016-03-02 00:13:27	40035	1456848807469	938
2	7	2016-03-02 00:13:27	40076	1456848807480	939
2	3	2016-03-02 00:13:27	40030	1456848807511	940
1	7	2016-03-02 00:13:27	40059	1456848807538	941
1	11	2016-03-02 00:13:27	40081	1456848807600	942
1	21	2016-03-02 00:13:27	40016	1456848807754	943
1	26	2016-03-02 00:13:27	40076	1456848807831	944
1	12	2016-03-02 00:13:28	40030	1456848808467	945
2	7	2016-03-02 00:13:28	40069	1456848808589	946
1	17	2016-03-02 00:13:28	40015	1456848808959	947
1	20	2016-03-02 00:13:29	40069	1456848809002	948
2	7	2016-03-02 00:13:29	40008	1456848809306	949
2	7	2016-03-02 00:13:29	40063	1456848809361	950
2	7	2016-03-02 00:13:29	40132	1456848809591	951
2	3	2016-03-02 00:13:29	40046	1456848809912	952
1	0	2016-03-02 00:13:29	40063	1456848809965	953
2	7	2016-03-02 00:13:29	40072	1456848809990	954
1	14	2016-03-02 00:13:30	40008	1456848810174	955
2	7	2016-03-02 00:13:30	40135	1456848810207	956
1	3	2016-03-02 00:13:30	40072	1456848810436	957
1	7	2016-03-02 00:13:30	40132	1456848810498	958
1	0	2016-03-02 00:13:30	40135	1456848810813	959
2	7	2016-03-02 00:13:30	40055	1456848810870	960
1	15	2016-03-02 00:13:31	40046	1456848811043	961
1	4	2016-03-02 00:13:31	40055	1456848811284	962
2	7	2016-03-02 00:13:32	40068	1456848812864	963
2	7	2016-03-02 00:13:33	40048	1456848813065	964
2	7	2016-03-02 00:13:33	40047	1456848813684	965
2	7	2016-03-02 00:13:33	40056	1456848813693	966
2	7	2016-03-02 00:13:33	40040	1456848813706	967
1	16	2016-03-02 00:13:34	40068	1456848814010	968
2	7	2016-03-02 00:13:34	40054	1456848814113	969
2	7	2016-03-02 00:13:34	40077	1456848814119	970
1	25	2016-03-02 00:13:34	40047	1456848814146	971
2	7	2016-03-02 00:13:34	40005	1456848814322	972
2	7	2016-03-02 00:13:34	40002	1456848814323	973
1	17	2016-03-02 00:13:34	40040	1456848814440	974
2	7	2016-03-02 00:13:34	40011	1456848814559	975
1	0	2016-03-02 00:13:34	40056	1456848814600	976
1	3	2016-03-02 00:13:34	40048	1456848814656	977
2	7	2016-03-02 00:13:34	40035	1456848814673	978
2	7	2016-03-02 00:13:34	40024	1456848814833	979
1	19	2016-03-02 00:13:34	40005	1456848814895	980
1	19	2016-03-02 00:13:34	40035	1456848814896	981
1	21	2016-03-02 00:13:34	40002	1456848814922	982
2	7	2016-03-02 00:13:35	40059	1456848815102	983
2	7	2016-03-02 00:13:35	40016	1456848815122	984
1	11	2016-03-02 00:13:35	40024	1456848815198	985
1	14	2016-03-02 00:13:35	40054	1456848815245	986
1	22	2016-03-02 00:13:35	40077	1456848815361	987
2	3	2016-03-02 00:13:35	40035	1456848815373	988
1	4	2016-03-02 00:13:35	40011	1456848815503	989
1	25	2016-03-02 00:13:35	40035	1456848815834	990
2	7	2016-03-02 00:13:36	40120	1456848816024	991
2	7	2016-03-02 00:13:36	40076	1456848816035	992
1	19	2016-03-02 00:13:36	40059	1456848816169	993
2	7	2016-03-02 00:13:36	40015	1456848816198	994
1	8	2016-03-02 00:13:36	40016	1456848816410	995
1	2	2016-03-02 00:13:36	40120	1456848816739	996
1	6	2016-03-02 00:13:36	40076	1456848816800	997
1	9	2016-03-02 00:13:36	40015	1456848816854	998
2	7	2016-03-02 00:13:37	40063	1456848817795	999
2	7	2016-03-02 00:13:37	40038	1456848817822	1000
2	7	2016-03-02 00:13:38	40046	1456848818349	1001
2	7	2016-03-02 00:13:38	40010	1456848818779	1002
1	10	2016-03-02 00:13:38	40038	1456848818970	1003
1	26	2016-03-02 00:13:39	40063	1456848819227	1004
1	6	2016-03-02 00:13:39	40046	1456848819336	1005
1	7	2016-03-02 00:13:39	40010	1456848819347	1006
2	7	2016-03-02 00:13:39	40055	1456848819593	1007
2	7	2016-03-02 00:13:39	40130	1456848819717	1008
1	16	2016-03-02 00:13:40	40130	1456848820338	1009
1	20	2016-03-02 00:13:40	40055	1456848820406	1010
2	7	2016-03-02 00:13:41	40068	1456848821301	1011
2	7	2016-03-02 00:13:41	40132	1456848821406	1012
2	7	2016-03-02 00:13:41	40048	1456848821493	1013
2	7	2016-03-02 00:13:41	40033	1456848821781	1014
2	7	2016-03-02 00:13:42	40047	1456848822119	1015
2	7	2016-03-02 00:13:42	40056	1456848822129	1016
2	7	2016-03-02 00:13:42	40040	1456848822140	1017
1	8	2016-03-02 00:13:42	40033	1456848822322	1018
1	14	2016-03-02 00:13:42	40132	1456848822409	1019
2	7	2016-03-02 00:13:42	40054	1456848822549	1020
2	7	2016-03-02 00:13:42	40077	1456848822559	1021
1	0	2016-03-02 00:13:42	40068	1456848822622	1022
1	0	2016-03-02 00:13:42	40048	1456848822622	1023
1	3	2016-03-02 00:13:42	40047	1456848822660	1024
2	7	2016-03-02 00:13:42	40002	1456848822763	1025
2	7	2016-03-02 00:13:42	40005	1456848822763	1026
2	3	2016-03-02 00:13:43	40119	1456848823262	1027
2	7	2016-03-02 00:13:43	40024	1456848823272	1028
1	16	2016-03-02 00:13:43	40002	1456848823283	1029
1	21	2016-03-02 00:13:43	40005	1456848823363	1030
1	25	2016-03-02 00:13:43	40056	1456848823434	1031
2	7	2016-03-02 00:13:43	40016	1456848823559	1032
1	13	2016-03-02 00:13:43	40054	1456848823666	1033
1	16	2016-03-02 00:13:43	40077	1456848823705	1034
2	7	2016-03-02 00:13:43	40059	1456848823876	1035
1	1	2016-03-02 00:13:43	40040	1456848823894	1036
1	2	2016-03-02 00:13:43	40016	1456848823907	1037
1	6	2016-03-02 00:13:43	40119	1456848823977	1038
1	21	2016-03-02 00:13:44	40059	1456848824210	1039
1	4	2016-03-02 00:13:44	40024	1456848824368	1040
2	7	2016-03-02 00:13:44	40076	1456848824462	1041
2	7	2016-03-02 00:13:44	40015	1456848824780	1042
2	7	2016-03-02 00:13:44	40070	1456848824793	1043
1	9	2016-03-02 00:13:45	40076	1456848825705	1044
1	11	2016-03-02 00:13:45	40015	1456848825739	1045
1	1	2016-03-02 00:13:46	40070	1456848826003	1046
2	7	2016-03-02 00:13:46	40038	1456848826271	1047
2	7	2016-03-02 00:13:46	40063	1456848826435	1048
1	15	2016-03-02 00:13:46	40063	1456848826642	1049
2	7	2016-03-02 00:13:46	40046	1456848826784	1050
2	7	2016-03-02 00:13:47	40010	1456848827215	1051
1	10	2016-03-02 00:13:47	40038	1456848827419	1052
1	6	2016-03-02 00:13:47	40046	1456848827772	1053
1	22	2016-03-02 00:13:48	40010	1456848828019	1054
2	7	2016-03-02 00:13:48	40055	1456848828028	1055
2	7	2016-03-02 00:13:48	40130	1456848828157	1056
1	2	2016-03-02 00:13:48	40055	1456848828555	1057
2	7	2016-03-02 00:13:48	40035	1456848828668	1058
1	9	2016-03-02 00:13:49	40130	1456848829081	1059
1	19	2016-03-02 00:13:49	40035	1456848829670	1060
2	7	2016-03-02 00:13:49	40068	1456848829737	1061
2	7	2016-03-02 00:13:49	40048	1456848829937	1062
1	20	2016-03-02 00:13:50	40048	1456848830096	1063
2	7	2016-03-02 00:13:50	40072	1456848830241	1064
2	7	2016-03-02 00:13:50	40019	1456848830355	1065
2	7	2016-03-02 00:13:50	40056	1456848830564	1066
2	7	2016-03-02 00:13:50	40047	1456848830569	1067
2	7	2016-03-02 00:13:50	40040	1456848830574	1068
1	17	2016-03-02 00:13:50	40072	1456848830894	1069
2	7	2016-03-02 00:13:50	40054	1456848830986	1070
2	7	2016-03-02 00:13:50	40077	1456848830998	1071
1	7	2016-03-02 00:13:51	40019	1456848831159	1072
1	8	2016-03-02 00:13:51	40047	1456848831174	1073
2	7	2016-03-02 00:13:51	40002	1456848831199	1074
2	7	2016-03-02 00:13:51	40005	1456848831199	1075
1	19	2016-03-02 00:13:51	40068	1456848831344	1076
1	0	2016-03-02 00:13:51	40056	1456848831474	1077
1	3	2016-03-02 00:13:51	40040	1456848831531	1078
2	7	2016-03-02 00:13:51	40024	1456848831711	1079
1	16	2016-03-02 00:13:51	40077	1456848831731	1080
1	23	2016-03-02 00:13:51	40002	1456848831831	1081
2	7	2016-03-02 00:13:51	40016	1456848831995	1082
1	9	2016-03-02 00:13:52	40005	1456848832035	1083
1	13	2016-03-02 00:13:52	40054	1456848832517	1084
1	14	2016-03-02 00:13:52	40016	1456848832535	1085
2	7	2016-03-02 00:13:52	40076	1456848832905	1086
1	11	2016-03-02 00:13:52	40024	1456848832919	1087
2	3	2016-03-02 00:13:53	40030	1456848833191	1088
2	7	2016-03-02 00:13:53	40015	1456848833215	1089
1	25	2016-03-02 00:13:53	40030	1456848833557	1090
2	7	2016-03-02 00:13:53	40132	1456848833634	1091
1	22	2016-03-02 00:13:53	40076	1456848833924	1092
2	7	2016-03-02 00:13:53	40011	1456848833963	1093
1	7	2016-03-02 00:13:54	40011	1456848834535	1094
1	11	2016-03-02 00:13:54	40015	1456848834595	1095
2	7	2016-03-02 00:13:54	40038	1456848834704	1096
1	8	2016-03-02 00:13:54	40132	1456848834972	1097
2	3	2016-03-02 00:13:55	40016	1456848835043	1098
2	3	2016-03-02 00:13:55	40066	1456848835209	1099
2	7	2016-03-02 00:13:55	40046	1456848835220	1100
2	7	2016-03-02 00:13:55	40010	1456848835651	1101
1	7	2016-03-02 00:13:55	40046	1456848835810	1102
1	14	2016-03-02 00:13:55	40038	1456848835916	1103
1	1	2016-03-02 00:13:56	40010	1456848836127	1104
1	13	2016-03-02 00:13:56	40066	1456848836322	1105
2	7	2016-03-02 00:13:56	40055	1456848836464	1106
1	26	2016-03-02 00:13:56	40016	1456848836520	1107
1	1	2016-03-02 00:13:56	40055	1456848836975	1108
2	7	2016-03-02 00:13:56	40045	1456848836982	1109
2	3	2016-03-02 00:13:57	40033	1456848837707	1110
2	7	2016-03-02 00:13:58	40068	1456848838173	1111
1	25	2016-03-02 00:13:58	40045	1456848838192	1112
2	7	2016-03-02 00:13:58	40063	1456848838513	1113
1	21	2016-03-02 00:13:58	40033	1456848838551	1114
2	7	2016-03-02 00:13:58	40059	1456848838637	1115
2	7	2016-03-02 00:13:58	40019	1456848838791	1116
2	7	2016-03-02 00:13:59	40056	1456848839000	1117
2	7	2016-03-02 00:13:59	40047	1456848839003	1118
2	7	2016-03-02 00:13:59	40040	1456848839024	1119
1	4	2016-03-02 00:13:59	40068	1456848839128	1120
1	17	2016-03-02 00:13:59	40059	1456848839337	1121
2	3	2016-03-02 00:13:59	40080	1456848839342	1122
2	7	2016-03-02 00:13:59	40054	1456848839422	1123
2	7	2016-03-02 00:13:59	40077	1456848839438	1124
1	4	2016-03-02 00:13:59	40019	1456848839551	1125
1	6	2016-03-02 00:13:59	40080	1456848839581	1126
2	7	2016-03-02 00:13:59	40005	1456848839635	1127
2	7	2016-03-02 00:13:59	40002	1456848839635	1128
2	7	2016-03-02 00:13:59	40001	1456848839683	1129
1	19	2016-03-02 00:13:59	40056	1456848839795	1130
1	26	2016-03-02 00:13:59	40040	1456848839901	1131
1	8	2016-03-02 00:14:00	40047	1456848840038	1132
1	8	2016-03-02 00:14:00	40063	1456848840040	1133
2	3	2016-03-02 00:14:00	40070	1456848840084	1134
2	7	2016-03-02 00:14:00	40024	1456848840134	1135
2	7	2016-03-02 00:14:00	40135	1456848840164	1136
1	24	2016-03-02 00:14:00	40005	1456848840283	1137
1	3	2016-03-02 00:14:00	40002	1456848840375	1138
2	7	2016-03-02 00:14:00	40018	1456848840431	1139
1	8	2016-03-02 00:14:00	40001	1456848840455	1140
2	7	2016-03-02 00:14:00	40048	1456848840480	1141
1	14	2016-03-02 00:14:00	40135	1456848840547	1142
1	0	2016-03-02 00:14:00	40048	1456848840750	1143
1	3	2016-03-02 00:14:00	40077	1456848840808	1144
1	13	2016-03-02 00:14:00	40070	1456848840959	1145
2	7	2016-03-02 00:14:00	40058	1456848840983	1146
1	16	2016-03-02 00:14:01	40054	1456848841001	1147
1	16	2016-03-02 00:14:01	40024	1456848841008	1148
2	7	2016-03-02 00:14:01	40076	1456848841348	1149
1	15	2016-03-02 00:14:01	40018	1456848841831	1150
2	3	2016-03-02 00:14:01	40024	1456848841850	1151
2	7	2016-03-02 00:14:01	40030	1456848841873	1152
2	7	2016-03-02 00:14:01	40015	1456848841931	1153
1	22	2016-03-02 00:14:01	40076	1456848841937	1154
2	7	2016-03-02 00:14:02	40132	1456848842280	1155
1	20	2016-03-02 00:14:02	40058	1456848842337	1156
2	7	2016-03-02 00:14:02	40011	1456848842399	1157
2	3	2016-03-02 00:14:02	40036	1456848842524	1158
1	9	2016-03-02 00:14:02	40011	1456848842579	1159
1	18	2016-03-02 00:14:02	40132	1456848842726	1160
1	23	2016-03-02 00:14:02	40036	1456848842810	1161
1	2	2016-03-02 00:14:02	40024	1456848842899	1162
2	7	2016-03-02 00:14:03	40034	1456848843016	1163
1	11	2016-03-02 00:14:03	40015	1456848843031	1164
2	7	2016-03-02 00:14:03	40035	1456848843075	1165
2	7	2016-03-02 00:14:03	40038	1456848843138	1166
1	20	2016-03-02 00:14:03	40030	1456848843179	1167
1	2	2016-03-02 00:14:03	40038	1456848843313	1168
1	3	2016-03-02 00:14:03	40034	1456848843335	1169
2	7	2016-03-02 00:14:03	40046	1456848843657	1170
2	7	2016-03-02 00:14:03	40016	1456848843903	1171
1	3	2016-03-02 00:14:04	40016	1456848844175	1172
1	12	2016-03-02 00:14:04	40046	1456848844327	1173
2	3	2016-03-02 00:14:04	40030	1456848844437	1174
1	7	2016-03-02 00:14:04	40035	1456848844666	1175
2	7	2016-03-02 00:14:04	40055	1456848844900	1176
1	5	2016-03-02 00:14:05	40055	1456848845474	1177
1	6	2016-03-02 00:14:05	40030	1456848845489	1178
2	7	2016-03-02 00:14:05	40060	1456848845595	1179
2	2	2016-03-02 00:14:06	40120	1456848846110	1180
2	2	2016-03-02 00:14:06	40136	1456848846117	1181
2	2	2016-03-02 00:14:06	40123	1456848846122	1182
2	2	2016-03-02 00:14:06	40135	1456848846124	1183
2	7	2016-03-02 00:14:06	40068	1456848846609	1184
2	2	2016-03-02 00:14:06	40131	1456848846642	1185
2	2	2016-03-02 00:14:06	40132	1456848846643	1186
2	2	2016-03-02 00:14:06	40122	1456848846645	1187
1	26	2016-03-02 00:14:06	40135	1456848846650	1188
2	2	2016-03-02 00:14:06	40139	1456848846653	1189
1	3	2016-03-02 00:14:06	40131	1456848846706	1190
2	2	2016-03-02 00:14:06	40137	1456848846713	1191
2	2	2016-03-02 00:14:06	40133	1456848846719	1192
1	4	2016-03-02 00:14:06	40060	1456848846726	1193
1	11	2016-03-02 00:14:06	40120	1456848846825	1194
2	2	2016-03-02 00:14:06	40124	1456848846841	1195
2	2	2016-03-02 00:14:06	40118	1456848846845	1196
1	20	2016-03-02 00:14:06	40136	1456848846971	1197
2	7	2016-03-02 00:14:06	40063	1456848846994	1198
1	1	2016-03-02 00:14:07	40123	1456848847093	1199
2	2	2016-03-02 00:14:07	40069	1456848847101	1200
2	2	2016-03-02 00:14:07	40138	1456848847129	1201
2	2	2016-03-02 00:14:07	40119	1456848847135	1202
1	4	2016-03-02 00:14:07	40137	1456848847142	1203
2	7	2016-03-02 00:14:07	40126	1456848847144	1204
1	12	2016-03-02 00:14:07	40126	1456848847271	1205
2	2	2016-03-02 00:14:07	40117	1456848847275	1206
1	12	2016-03-02 00:14:07	40118	1456848847275	1207
1	15	2016-03-02 00:14:07	40068	1456848847326	1208
1	17	2016-03-02 00:14:07	40119	1456848847341	1209
1	17	2016-03-02 00:14:07	40122	1456848847345	1210
2	7	2016-03-02 00:14:07	40059	1456848847379	1211
2	2	2016-03-02 00:14:07	40083	1456848847392	1212
2	7	2016-03-02 00:14:07	40056	1456848847435	1213
2	7	2016-03-02 00:14:07	40047	1456848847438	1214
2	7	2016-03-02 00:14:07	40040	1456848847457	1215
1	7	2016-03-02 00:14:07	40133	1456848847611	1216
2	2	2016-03-02 00:14:07	40080	1456848847698	1217
1	13	2016-03-02 00:14:07	40139	1456848847703	1218
2	3	2016-03-02 00:14:07	40118	1456848847705	1219
1	15	2016-03-02 00:14:07	40117	1456848847737	1220
2	2	2016-03-02 00:14:07	40128	1456848847737	1221
2	2	2016-03-02 00:14:07	40130	1456848847744	1222
2	2	2016-03-02 00:14:07	40126	1456848847748	1223
1	16	2016-03-02 00:14:07	40063	1456848847758	1224
1	19	2016-03-02 00:14:07	40138	1456848847797	1225
1	22	2016-03-02 00:14:07	40080	1456848847842	1226
2	2	2016-03-02 00:14:07	40064	1456848847847	1227
2	7	2016-03-02 00:14:07	40054	1456848847875	1228
2	7	2016-03-02 00:14:07	40077	1456848847878	1229
2	2	2016-03-02 00:14:07	40076	1456848847943	1230
1	4	2016-03-02 00:14:07	40126	1456848847986	1231
1	5	2016-03-02 00:14:08	40124	1456848848001	1232
1	8	2016-03-02 00:14:08	40132	1456848848044	1233
2	2	2016-03-02 00:14:08	40078	1456848848066	1234
2	2	2016-03-02 00:14:08	40077	1456848848069	1235
1	9	2016-03-02 00:14:08	40069	1456848848071	1236
2	7	2016-03-02 00:14:08	40002	1456848848071	1237
2	7	2016-03-02 00:14:08	40005	1456848848071	1238
2	2	2016-03-02 00:14:08	40075	1456848848074	1239
2	2	2016-03-02 00:14:08	40068	1456848848074	1240
2	2	2016-03-02 00:14:08	40063	1456848848076	1241
1	13	2016-03-02 00:14:08	40054	1456848848130	1242
2	2	2016-03-02 00:14:08	40079	1456848848232	1243
1	19	2016-03-02 00:14:08	40047	1456848848233	1244
1	21	2016-03-02 00:14:08	40083	1456848848253	1245
2	2	2016-03-02 00:14:08	40017	1456848848255	1246
2	2	2016-03-02 00:14:08	40081	1456848848256	1247
1	0	2016-03-02 00:14:08	40130	1456848848349	1248
1	1	2016-03-02 00:14:08	40059	1456848848366	1249
1	5	2016-03-02 00:14:08	40076	1456848848421	1250
1	6	2016-03-02 00:14:08	40064	1456848848435	1251
2	2	2016-03-02 00:14:08	40072	1456848848437	1252
1	6	2016-03-02 00:14:08	40040	1456848848446	1253
1	12	2016-03-02 00:14:08	40081	1456848848527	1254
2	2	2016-03-02 00:14:08	40056	1456848848533	1255
2	2	2016-03-02 00:14:08	40040	1456848848542	1256
2	2	2016-03-02 00:14:08	40051	1456848848542	1257
2	2	2016-03-02 00:14:08	40054	1456848848545	1258
1	16	2016-03-02 00:14:08	40077	1456848848594	1259
1	18	2016-03-02 00:14:08	40128	1456848848630	1260
1	19	2016-03-02 00:14:08	40075	1456848848647	1261
2	2	2016-03-02 00:14:08	40008	1456848848675	1262
1	21	2016-03-02 00:14:08	40063	1456848848681	1263
1	24	2016-03-02 00:14:08	40072	1456848848723	1264
2	2	2016-03-02 00:14:08	40070	1456848848724	1265
2	2	2016-03-02 00:14:08	40071	1456848848726	1266
1	25	2016-03-02 00:14:08	40078	1456848848734	1267
1	25	2016-03-02 00:14:08	40005	1456848848735	1268
1	0	2016-03-02 00:14:08	40118	1456848848772	1269
1	7	2016-03-02 00:14:08	40079	1456848848885	1270
2	7	2016-03-02 00:14:08	40018	1456848848947	1271
1	18	2016-03-02 00:14:09	40056	1456848849043	1272
2	2	2016-03-02 00:14:09	40059	1456848849051	1273
2	2	2016-03-02 00:14:09	40030	1456848849057	1274
2	2	2016-03-02 00:14:09	40058	1456848849057	1275
2	2	2016-03-02 00:14:09	40027	1456848849060	1276
2	2	2016-03-02 00:14:09	40047	1456848849061	1277
2	2	2016-03-02 00:14:09	40055	1456848849062	1278
2	2	2016-03-02 00:14:09	40057	1456848849063	1279
2	2	2016-03-02 00:14:09	40053	1456848849063	1280
2	2	2016-03-02 00:14:09	40074	1456848849152	1281
2	2	2016-03-02 00:14:09	40067	1456848849154	1282
1	3	2016-03-02 00:14:09	40002	1456848849235	1283
2	3	2016-03-02 00:14:09	40130	1456848849257	1284
2	3	2016-03-02 00:14:09	40138	1456848849308	1285
1	8	2016-03-02 00:14:09	40070	1456848849313	1286
1	8	2016-03-02 00:14:09	40067	1456848849313	1287
2	2	2016-03-02 00:14:09	40009	1456848849315	1288
2	2	2016-03-02 00:14:09	40085	1456848849316	1289
1	9	2016-03-02 00:14:09	40071	1456848849331	1290
1	11	2016-03-02 00:14:09	40054	1456848849358	1291
1	11	2016-03-02 00:14:09	40017	1456848849359	1292
1	11	2016-03-02 00:14:09	40059	1456848849369	1293
2	2	2016-03-02 00:14:09	40084	1456848849372	1294
2	2	2016-03-02 00:14:09	40045	1456848849377	1295
2	2	2016-03-02 00:14:09	40039	1456848849379	1296
1	14	2016-03-02 00:14:09	40018	1456848849407	1297
1	14	2016-03-02 00:14:09	40047	1456848849411	1298
2	2	2016-03-02 00:14:09	40048	1456848849417	1299
2	3	2016-03-02 00:14:09	40118	1456848849425	1300
2	2	2016-03-02 00:14:09	40073	1456848849457	1301
1	17	2016-03-02 00:14:09	40068	1456848849459	1302
1	21	2016-03-02 00:14:09	40009	1456848849511	1303
2	2	2016-03-02 00:14:09	40010	1456848849519	1304
2	2	2016-03-02 00:14:09	40004	1456848849519	1305
2	2	2016-03-02 00:14:09	40011	1456848849520	1306
2	2	2016-03-02 00:14:09	40019	1456848849520	1307
2	2	2016-03-02 00:14:09	40002	1456848849535	1308
1	23	2016-03-02 00:14:09	40040	1456848849546	1309
1	26	2016-03-02 00:14:09	40051	1456848849592	1310
2	2	2016-03-02 00:14:09	40038	1456848849610	1311
1	6	2016-03-02 00:14:09	40004	1456848849699	1312
2	2	2016-03-02 00:14:09	40001	1456848849707	1313
1	10	2016-03-02 00:14:09	40055	1456848849764	1314
1	13	2016-03-02 00:14:09	40130	1456848849814	1315
2	3	2016-03-02 00:14:09	40059	1456848849831	1316
1	15	2016-03-02 00:14:09	40008	1456848849839	1317
1	19	2016-03-02 00:14:09	40058	1456848849901	1318
1	19	2016-03-02 00:14:09	40027	1456848849903	1319
2	2	2016-03-02 00:14:09	40024	1456848849908	1320
2	2	2016-03-02 00:14:09	40031	1456848849919	1321
1	21	2016-03-02 00:14:09	40074	1456848849932	1322
1	21	2016-03-02 00:14:09	40073	1456848849934	1323
2	2	2016-03-02 00:14:09	40065	1456848849945	1324
2	2	2016-03-02 00:14:09	40082	1456848849951	1325
1	24	2016-03-02 00:14:09	40001	1456848849983	1326
1	24	2016-03-02 00:14:09	40019	1456848849983	1327
2	2	2016-03-02 00:14:09	40005	1456848849987	1328
2	2	2016-03-02 00:14:09	40012	1456848849987	1329
2	2	2016-03-02 00:14:09	40026	1456848849990	1330
2	2	2016-03-02 00:14:09	40014	1456848849991	1331
1	24	2016-03-02 00:14:09	40030	1456848849997	1332
2	3	2016-03-02 00:14:09	40067	1456848849998	1333
1	25	2016-03-02 00:14:10	40057	1456848850002	1334
2	2	2016-03-02 00:14:10	40046	1456848850004	1335
1	26	2016-03-02 00:14:10	40085	1456848850017	1336
1	7	2016-03-02 00:14:10	40031	1456848850142	1337
1	7	2016-03-02 00:14:10	40011	1456848850143	1338
2	2	2016-03-02 00:14:10	40060	1456848850150	1339
2	2	2016-03-02 00:14:10	40006	1456848850159	1340
2	2	2016-03-02 00:14:10	40018	1456848850159	1341
1	8	2016-03-02 00:14:10	40039	1456848850159	1342
2	2	2016-03-02 00:14:10	40033	1456848850160	1343
2	2	2016-03-02 00:14:10	40020	1456848850164	1344
2	2	2016-03-02 00:14:10	40016	1456848850164	1345
2	2	2016-03-02 00:14:10	40015	1456848850164	1346
1	12	2016-03-02 00:14:10	40002	1456848850215	1347
1	13	2016-03-02 00:14:10	40046	1456848850243	1348
2	2	2016-03-02 00:14:10	40032	1456848850270	1349
1	15	2016-03-02 00:14:10	40048	1456848850275	1350
1	16	2016-03-02 00:14:10	40118	1456848850284	1351
1	19	2016-03-02 00:14:10	40026	1456848850324	1352
2	2	2016-03-02 00:14:10	40036	1456848850336	1353
2	2	2016-03-02 00:14:10	40037	1456848850345	1354
1	22	2016-03-02 00:14:10	40012	1456848850371	1355
2	3	2016-03-02 00:14:10	40058	1456848850395	1356
1	0	2016-03-02 00:14:10	40053	1456848850448	1357
1	0	2016-03-02 00:14:10	40024	1456848850448	1358
1	0	2016-03-02 00:14:10	40084	1456848850451	1359
1	2	2016-03-02 00:14:10	40138	1456848850484	1360
1	2	2016-03-02 00:14:10	40045	1456848850492	1361
2	2	2016-03-02 00:14:10	40034	1456848850501	1362
1	5	2016-03-02 00:14:10	40014	1456848850527	1363
2	2	2016-03-02 00:14:10	40035	1456848850534	1364
2	2	2016-03-02 00:14:10	40003	1456848850535	1365
2	2	2016-03-02 00:14:10	40066	1456848850544	1366
1	6	2016-03-02 00:14:10	40059	1456848850548	1367
1	6	2016-03-02 00:14:10	40082	1456848850557	1368
1	9	2016-03-02 00:14:10	40003	1456848850591	1369
2	2	2016-03-02 00:14:10	40007	1456848850599	1370
2	3	2016-03-02 00:14:10	40027	1456848850619	1371
1	14	2016-03-02 00:14:10	40067	1456848850666	1372
1	15	2016-03-02 00:14:10	40010	1456848850683	1373
1	18	2016-03-02 00:14:10	40015	1456848850731	1374
1	18	2016-03-02 00:14:10	40033	1456848850734	1375
1	20	2016-03-02 00:14:10	40065	1456848850774	1376
1	22	2016-03-02 00:14:10	40020	1456848850795	1377
2	2	2016-03-02 00:14:10	40013	1456848850807	1378
1	24	2016-03-02 00:14:10	40006	1456848850827	1379
1	25	2016-03-02 00:14:10	40032	1456848850843	1380
1	1	2016-03-02 00:14:10	40038	1456848850885	1381
1	1	2016-03-02 00:14:10	40058	1456848850889	1382
2	2	2016-03-02 00:14:10	40028	1456848850908	1383
1	8	2016-03-02 00:14:10	40018	1456848850999	1384
1	10	2016-03-02 00:14:11	40037	1456848851030	1385
1	12	2016-03-02 00:14:11	40034	1456848851058	1386
1	13	2016-03-02 00:14:11	40060	1456848851074	1387
1	19	2016-03-02 00:14:11	40036	1456848851115	1388
2	2	2016-03-02 00:14:11	40025	1456848851237	1389
1	23	2016-03-02 00:14:11	40028	1456848851242	1390
1	24	2016-03-02 00:14:11	40066	1456848851260	1391
2	3	2016-03-02 00:14:11	40084	1456848851277	1392
1	2	2016-03-02 00:14:11	40035	1456848851329	1393
1	6	2016-03-02 00:14:11	40005	1456848851387	1394
2	3	2016-03-02 00:14:11	40010	1456848851395	1395
2	3	2016-03-02 00:14:11	40026	1456848851468	1396
1	19	2016-03-02 00:14:11	40007	1456848851591	1397
1	3	2016-03-02 00:14:11	40013	1456848851763	1398
1	3	2016-03-02 00:14:11	40016	1456848851763	1399
1	4	2016-03-02 00:14:11	40084	1456848851785	1400
1	8	2016-03-02 00:14:11	40027	1456848851843	1401
1	13	2016-03-02 00:14:11	40025	1456848851922	1402
1	0	2016-03-02 00:14:12	40026	1456848852136	1403
2	3	2016-03-02 00:14:12	40016	1456848852223	1404
2	3	2016-03-02 00:14:12	40066	1456848852230	1405
1	9	2016-03-02 00:14:12	40010	1456848852279	1406
2	3	2016-03-02 00:14:12	40119	1456848852348	1407
2	3	2016-03-02 00:14:12	40013	1456848852491	1408
1	23	2016-03-02 00:14:12	40016	1456848852495	1409
1	9	2016-03-02 00:14:12	40066	1456848852707	1410
1	12	2016-03-02 00:14:13	40119	1456848853175	1411
1	16	2016-03-02 00:14:13	40013	1456848853235	1412
2	3	2016-03-02 00:14:13	40063	1456848853236	1413
1	2	2016-03-02 00:14:13	40063	1456848853439	1414
2	3	2016-03-02 00:14:13	40066	1456848853535	1415
1	22	2016-03-02 00:14:14	40066	1456848854601	1416
2	3	2016-03-02 00:14:15	40133	1456848855129	1417
1	5	2016-03-02 00:14:16	40133	1456848856021	1418
2	7	2016-03-02 00:14:16	40132	1456848856595	1419
2	7	2016-03-02 00:14:16	40068	1456848856749	1420
2	7	2016-03-02 00:14:17	40017	1456848857099	1421
2	3	2016-03-02 00:14:17	40066	1456848857146	1422
2	7	2016-03-02 00:14:17	40040	1456848857205	1423
2	7	2016-03-02 00:14:17	40047	1456848857591	1424
2	7	2016-03-02 00:14:17	40077	1456848857607	1425
2	7	2016-03-02 00:14:17	40054	1456848857619	1426
2	7	2016-03-02 00:14:17	40138	1456848857815	1427
1	14	2016-03-02 00:14:17	40132	1456848857853	1428
2	7	2016-03-02 00:14:17	40135	1456848857868	1429
1	17	2016-03-02 00:14:17	40047	1456848857893	1430
1	22	2016-03-02 00:14:17	40066	1456848857973	1431
2	7	2016-03-02 00:14:17	40045	1456848857980	1432
2	7	2016-03-02 00:14:17	40002	1456848857991	1433
2	7	2016-03-02 00:14:18	40011	1456848858131	1434
1	17	2016-03-02 00:14:18	40017	1456848858311	1435
2	7	2016-03-02 00:14:18	40059	1456848858318	1436
1	19	2016-03-02 00:14:18	40002	1456848858339	1437
1	20	2016-03-02 00:14:18	40138	1456848858356	1438
1	22	2016-03-02 00:14:18	40054	1456848858400	1439
1	2	2016-03-02 00:14:18	40040	1456848858506	1440
2	7	2016-03-02 00:14:18	40024	1456848858569	1441
1	11	2016-03-02 00:14:18	40068	1456848858643	1442
2	7	2016-03-02 00:14:18	40136	1456848858793	1443
2	7	2016-03-02 00:14:18	40005	1456848858803	1444
1	23	2016-03-02 00:14:18	40024	1456848858824	1445
1	23	2016-03-02 00:14:18	40077	1456848858833	1446
1	25	2016-03-02 00:14:18	40005	1456848858855	1447
2	7	2016-03-02 00:14:18	40046	1456848858856	1448
1	26	2016-03-02 00:14:18	40135	1456848858872	1449
2	7	2016-03-02 00:14:18	40056	1456848858879	1450
1	4	2016-03-02 00:14:18	40011	1456848858951	1451
2	7	2016-03-02 00:14:18	40015	1456848858987	1452
2	7	2016-03-02 00:14:18	40018	1456848858991	1453
1	9	2016-03-02 00:14:19	40059	1456848859035	1454
1	13	2016-03-02 00:14:19	40136	1456848859095	1455
1	16	2016-03-02 00:14:19	40046	1456848859143	1456
2	7	2016-03-02 00:14:19	40035	1456848859169	1457
2	7	2016-03-02 00:14:19	40027	1456848859238	1458
1	25	2016-03-02 00:14:19	40015	1456848859280	1459
1	3	2016-03-02 00:14:19	40045	1456848859366	1460
1	8	2016-03-02 00:14:19	40018	1456848859435	1461
1	24	2016-03-02 00:14:19	40027	1456848859683	1462
1	6	2016-03-02 00:14:19	40056	1456848859834	1463
2	7	2016-03-02 00:14:20	40010	1456848860051	1464
1	7	2016-03-02 00:14:20	40010	1456848860263	1465
2	3	2016-03-02 00:14:20	40015	1456848860287	1466
2	7	2016-03-02 00:14:20	40070	1456848860562	1467
1	2	2016-03-02 00:14:20	40035	1456848860616	1468
2	3	2016-03-02 00:14:20	40030	1456848860686	1469
2	7	2016-03-02 00:14:20	40081	1456848860906	1470
2	3	2016-03-02 00:14:21	40002	1456848861132	1471
1	12	2016-03-02 00:14:21	40015	1456848861183	1472
1	15	2016-03-02 00:14:21	40070	1456848861230	1473
1	18	2016-03-02 00:14:21	40030	1456848861276	1474
1	18	2016-03-02 00:14:21	40081	1456848861288	1475
2	7	2016-03-02 00:14:21	40076	1456848861611	1476
1	19	2016-03-02 00:14:21	40002	1456848861715	1477
2	7	2016-03-02 00:14:21	40048	1456848861804	1478
2	7	2016-03-02 00:14:21	40063	1456848861920	1479
2	3	2016-03-02 00:14:22	40030	1456848862263	1480
1	10	2016-03-02 00:14:22	40076	1456848862423	1481
2	3	2016-03-02 00:14:22	40066	1456848862634	1482
2	7	2016-03-02 00:14:22	40075	1456848862655	1483
1	4	2016-03-02 00:14:22	40048	1456848862758	1484
1	20	2016-03-02 00:14:23	40063	1456848863003	1485
1	3	2016-03-02 00:14:23	40075	1456848863165	1486
1	5	2016-03-02 00:14:23	40030	1456848863187	1487
2	7	2016-03-02 00:14:23	40080	1456848863614	1488
2	7	2016-03-02 00:14:23	40008	1456848863847	1489
1	26	2016-03-02 00:14:23	40066	1456848863939	1490
1	13	2016-03-02 00:14:24	40080	1456848864156	1491
2	3	2016-03-02 00:14:24	40002	1456848864928	1492
1	25	2016-03-02 00:14:25	40008	1456848865183	1493
2	7	2016-03-02 00:14:25	40068	1456848865185	1494
2	7	2016-03-02 00:14:25	40040	1456848865632	1495
2	7	2016-03-02 00:14:25	40016	1456848865707	1496
1	18	2016-03-02 00:14:25	40002	1456848865919	1497
1	20	2016-03-02 00:14:25	40016	1456848865947	1498
2	7	2016-03-02 00:14:26	40047	1456848866025	1499
2	7	2016-03-02 00:14:26	40077	1456848866047	1500
2	7	2016-03-02 00:14:26	40054	1456848866055	1501
1	19	2016-03-02 00:14:26	40068	1456848866363	1502
2	3	2016-03-02 00:14:26	40008	1456848866380	1503
1	21	2016-03-02 00:14:26	40047	1456848866391	1504
2	7	2016-03-02 00:14:26	40135	1456848866521	1505
1	2	2016-03-02 00:14:26	40040	1456848866525	1506
2	7	2016-03-02 00:14:26	40059	1456848866997	1507
2	3	2016-03-02 00:14:27	40080	1456848867171	1508
2	7	2016-03-02 00:14:27	40005	1456848867239	1509
1	22	2016-03-02 00:14:27	40077	1456848867257	1510
1	23	2016-03-02 00:14:27	40008	1456848867263	1511
2	7	2016-03-02 00:14:27	40024	1456848867279	1512
2	7	2016-03-02 00:14:27	40046	1456848867292	1513
1	15	2016-03-02 00:14:27	40054	1456848867571	1514
2	7	2016-03-02 00:14:27	40035	1456848867597	1515
1	3	2016-03-02 00:14:27	40035	1456848867804	1516
1	7	2016-03-02 00:14:27	40059	1456848867856	1517
1	8	2016-03-02 00:14:27	40135	1456848867875	1518
1	16	2016-03-02 00:14:27	40046	1456848867994	1519
1	20	2016-03-02 00:14:28	40024	1456848868057	1520
1	7	2016-03-02 00:14:28	40080	1456848868287	1521
1	25	2016-03-02 00:14:28	40005	1456848868559	1522
2	7	2016-03-02 00:14:28	40132	1456848868824	1523
2	7	2016-03-02 00:14:28	40070	1456848868995	1524
2	7	2016-03-02 00:14:29	40058	1456848869045	1525
2	7	2016-03-02 00:14:29	40006	1456848869067	1526
2	7	2016-03-02 00:14:29	40015	1456848869067	1527
2	7	2016-03-02 00:14:29	40057	1456848869430	1528
1	2	2016-03-02 00:14:29	40070	1456848869472	1529
1	24	2016-03-02 00:14:29	40057	1456848869812	1530
1	0	2016-03-02 00:14:29	40015	1456848869855	1531
1	6	2016-03-02 00:14:29	40132	1456848869954	1532
1	8	2016-03-02 00:14:29	40058	1456848869985	1533
1	11	2016-03-02 00:14:30	40006	1456848870027	1534
2	7	2016-03-02 00:14:30	40076	1456848870133	1535
2	7	2016-03-02 00:14:30	40048	1456848870248	1536
2	3	2016-03-02 00:14:30	40057	1456848870385	1537
2	7	2016-03-02 00:14:30	40011	1456848870599	1538
1	23	2016-03-02 00:14:30	40076	1456848870643	1539
2	7	2016-03-02 00:14:30	40063	1456848870673	1540
2	7	2016-03-02 00:14:31	40075	1456848871093	1541
1	10	2016-03-02 00:14:31	40063	1456848871277	1542
1	17	2016-03-02 00:14:31	40011	1456848871387	1543
1	1	2016-03-02 00:14:31	40048	1456848871567	1544
1	3	2016-03-02 00:14:32	40075	1456848872016	1545
1	9	2016-03-02 00:14:32	40057	1456848872105	1546
2	7	2016-03-02 00:14:32	40019	1456848872299	1547
1	6	2016-03-02 00:14:32	40019	1456848872479	1548
2	7	2016-03-02 00:14:33	40002	1456848873567	1549
2	7	2016-03-02 00:14:33	40068	1456848873653	1550
2	7	2016-03-02 00:14:34	40040	1456848874066	1551
1	8	2016-03-02 00:14:34	40068	1456848874210	1552
1	11	2016-03-02 00:14:34	40002	1456848874248	1553
2	7	2016-03-02 00:14:34	40016	1456848874471	1554
2	7	2016-03-02 00:14:34	40077	1456848874487	1555
2	7	2016-03-02 00:14:34	40054	1456848874492	1556
2	7	2016-03-02 00:14:34	40008	1456848874815	1557
2	7	2016-03-02 00:14:34	40135	1456848874966	1558
1	11	2016-03-02 00:14:35	40077	1456848875092	1559
1	11	2016-03-02 00:14:35	40054	1456848875098	1560
1	11	2016-03-02 00:14:35	40040	1456848875102	1561
1	21	2016-03-02 00:14:35	40135	1456848875253	1562
2	7	2016-03-02 00:14:35	40059	1456848875436	1563
2	7	2016-03-02 00:14:35	40030	1456848875438	1564
2	7	2016-03-02 00:14:35	40005	1456848875675	1565
1	23	2016-03-02 00:14:35	40016	1456848875699	1566
2	7	2016-03-02 00:14:35	40024	1456848875718	1567
2	3	2016-03-02 00:14:35	40040	1456848875724	1568
2	7	2016-03-02 00:14:35	40046	1456848875761	1569
2	3	2016-03-02 00:14:35	40054	1456848875927	1570
1	14	2016-03-02 00:14:35	40024	1456848875988	1571
1	15	2016-03-02 00:14:36	40059	1456848876009	1572
2	7	2016-03-02 00:14:36	40067	1456848876083	1573
1	4	2016-03-02 00:14:36	40008	1456848876247	1574
1	15	2016-03-02 00:14:36	40005	1456848876420	1575
1	16	2016-03-02 00:14:36	40040	1456848876442	1576
1	17	2016-03-02 00:14:36	40030	1456848876457	1577
2	7	2016-03-02 00:14:36	40055	1456848876698	1578
1	12	2016-03-02 00:14:36	40067	1456848876799	1579
1	13	2016-03-02 00:14:36	40046	1456848876813	1580
2	7	2016-03-02 00:14:37	40132	1456848877263	1581
2	7	2016-03-02 00:14:37	40037	1456848877441	1582
1	10	2016-03-02 00:14:37	40054	1456848877618	1583
1	26	2016-03-02 00:14:37	40132	1456848877868	1584
1	20	2016-03-02 00:14:38	40055	1456848878181	1585
1	24	2016-03-02 00:14:38	40037	1456848878253	1586
2	7	2016-03-02 00:14:38	40015	1456848878552	1587
2	7	2016-03-02 00:14:38	40048	1456848878675	1588
2	7	2016-03-02 00:14:39	40011	1456848879035	1589
2	7	2016-03-02 00:14:39	40063	1456848879106	1590
2	7	2016-03-02 00:14:39	40057	1456848879127	1591
2	3	2016-03-02 00:14:39	40037	1456848879225	1592
2	7	2016-03-02 00:14:39	40047	1456848879281	1593
1	20	2016-03-02 00:14:39	40015	1456848879448	1594
2	7	2016-03-02 00:14:39	40075	1456848879530	1595
1	4	2016-03-02 00:14:39	40048	1456848879630	1596
1	12	2016-03-02 00:14:39	40037	1456848879750	1597
1	17	2016-03-02 00:14:39	40075	1456848879832	1598
1	25	2016-03-02 00:14:39	40057	1456848879955	1599
1	9	2016-03-02 00:14:40	40047	1456848880124	1600
1	10	2016-03-02 00:14:40	40011	1456848880135	1601
2	7	2016-03-02 00:14:40	40035	1456848880255	1602
2	7	2016-03-02 00:14:40	40136	1456848880307	1603
1	14	2016-03-02 00:14:40	40063	1456848880634	1604
1	14	2016-03-02 00:14:41	40035	1456848881050	1605
2	7	2016-03-02 00:14:41	40010	1456848881143	1606
1	24	2016-03-02 00:14:41	40136	1456848881197	1607
1	7	2016-03-02 00:14:41	40010	1456848881355	1608
2	7	2016-03-02 00:14:42	40002	1456848882004	1609
2	7	2016-03-02 00:14:42	40068	1456848882089	1610
2	7	2016-03-02 00:14:42	40120	1456848882156	1611
1	25	2016-03-02 00:14:42	40002	1456848882480	1612
2	7	2016-03-02 00:14:42	40016	1456848882912	1613
2	7	2016-03-02 00:14:42	40077	1456848882926	1614
1	15	2016-03-02 00:14:43	40068	1456848883172	1615
2	7	2016-03-02 00:14:43	40008	1456848883256	1616
1	0	2016-03-02 00:14:43	40120	1456848883364	1617
2	7	2016-03-02 00:14:43	40058	1456848883602	1618
1	0	2016-03-02 00:14:43	40008	1456848883775	1619
1	4	2016-03-02 00:14:43	40016	1456848883839	1620
2	7	2016-03-02 00:14:43	40059	1456848883876	1621
1	19	2016-03-02 00:14:44	40058	1456848884080	1622
2	7	2016-03-02 00:14:44	40005	1456848884116	1623
2	7	2016-03-02 00:14:44	40024	1456848884157	1624
2	7	2016-03-02 00:14:44	40040	1456848884190	1625
2	7	2016-03-02 00:14:44	40046	1456848884197	1626
1	24	2016-03-02 00:14:44	40005	1456848884572	1627
1	26	2016-03-02 00:14:44	40024	1456848884618	1628
2	7	2016-03-02 00:14:44	40054	1456848884619	1629
1	5	2016-03-02 00:14:44	40059	1456848884704	1630
1	19	2016-03-02 00:14:44	40077	1456848884917	1631
1	21	2016-03-02 00:14:44	40046	1456848884947	1632
2	7	2016-03-02 00:14:45	40055	1456848885134	1633
2	7	2016-03-02 00:14:45	40076	1456848885315	1634
1	8	2016-03-02 00:14:45	40054	1456848885592	1635
2	7	2016-03-02 00:14:45	40132	1456848885702	1636
1	16	2016-03-02 00:14:45	40040	1456848885720	1637
1	3	2016-03-02 00:14:46	40076	1456848886366	1638
2	3	2016-03-02 00:14:46	40001	1456848886395	1639
1	8	2016-03-02 00:14:46	40132	1456848886435	1640
2	7	2016-03-02 00:14:46	40126	1456848886546	1641
1	20	2016-03-02 00:14:46	40055	1456848886633	1642
1	25	2016-03-02 00:14:46	40126	1456848886705	1643
2	7	2016-03-02 00:14:47	40048	1456848887119	1644
2	7	2016-03-02 00:14:47	40135	1456848887204	1645
2	7	2016-03-02 00:14:47	40015	1456848887272	1646
2	7	2016-03-02 00:14:47	40011	1456848887472	1647
1	8	2016-03-02 00:14:47	40001	1456848887701	1648
1	23	2016-03-02 00:14:47	40015	1456848887932	1649
2	7	2016-03-02 00:14:47	40047	1456848887970	1650
1	26	2016-03-02 00:14:47	40135	1456848887985	1651
1	1	2016-03-02 00:14:48	40048	1456848888010	1652
1	1	2016-03-02 00:14:48	40011	1456848888432	1653
2	7	2016-03-02 00:14:48	40136	1456848888744	1654
2	7	2016-03-02 00:14:48	40035	1456848888858	1655
1	2	2016-03-02 00:14:48	40047	1456848888877	1656
2	3	2016-03-02 00:14:48	40018	1456848888924	1657
2	7	2016-03-02 00:14:49	40081	1456848889167	1658
1	17	2016-03-02 00:14:49	40018	1456848889532	1659
1	19	2016-03-02 00:14:49	40136	1456848889984	1660
2	7	2016-03-02 00:14:50	40075	1456848890068	1661
2	7	2016-03-02 00:14:50	40030	1456848890189	1662
1	14	2016-03-02 00:14:50	40035	1456848890322	1663
1	20	2016-03-02 00:14:50	40081	1456848890426	1664
2	7	2016-03-02 00:14:50	40002	1456848890440	1665
2	7	2016-03-02 00:14:50	40068	1456848890526	1666
2	7	2016-03-02 00:14:50	40045	1456848890705	1667
2	7	2016-03-02 00:14:50	40063	1456848890754	1668
1	17	2016-03-02 00:14:50	40075	1456848890801	1669
1	18	2016-03-02 00:14:50	40030	1456848890810	1670
2	3	2016-03-02 00:14:51	40081	1456848891095	1671
1	10	2016-03-02 00:14:51	40002	1456848891104	1672
2	7	2016-03-02 00:14:51	40016	1456848891348	1673
2	7	2016-03-02 00:14:51	40077	1456848891366	1674
1	3	2016-03-02 00:14:51	40045	1456848891422	1675
1	10	2016-03-02 00:14:51	40068	1456848891528	1676
1	18	2016-03-02 00:14:51	40063	1456848891661	1677
2	3	2016-03-02 00:14:51	40064	1456848891942	1678
1	15	2016-03-02 00:14:52	40081	1456848892035	1679
2	7	2016-03-02 00:14:52	40058	1456848892043	1680
1	2	2016-03-02 00:14:52	40016	1456848892248	1681
2	7	2016-03-02 00:14:52	40059	1456848892299	1682
1	11	2016-03-02 00:14:52	40077	1456848892385	1683
2	7	2016-03-02 00:14:52	40005	1456848892552	1684
2	7	2016-03-02 00:14:52	40024	1456848892580	1685
2	7	2016-03-02 00:14:52	40034	1456848892608	1686
2	7	2016-03-02 00:14:52	40040	1456848892640	1687
1	17	2016-03-02 00:14:52	40058	1456848892903	1688
1	21	2016-03-02 00:14:52	40064	1456848892970	1689
2	7	2016-03-02 00:14:53	40046	1456848893033	1690
2	7	2016-03-02 00:14:53	40054	1456848893056	1691
1	4	2016-03-02 00:14:53	40059	1456848893127	1692
2	7	2016-03-02 00:14:53	40033	1456848893240	1693
1	19	2016-03-02 00:14:53	40034	1456848893356	1694
1	0	2016-03-02 00:14:53	40024	1456848893486	1695
1	5	2016-03-02 00:14:53	40046	1456848893559	1696
2	7	2016-03-02 00:14:53	40055	1456848893570	1697
1	11	2016-03-02 00:14:53	40033	1456848893654	1698
1	18	2016-03-02 00:14:53	40005	1456848893760	1699
2	7	2016-03-02 00:14:53	40076	1456848893853	1700
2	7	2016-03-02 00:14:53	40056	1456848893894	1701
1	9	2016-03-02 00:14:54	40040	1456848894043	1702
2	7	2016-03-02 00:14:54	40132	1456848894141	1703
2	7	2016-03-02 00:14:54	40130	1456848894563	1704
1	16	2016-03-02 00:14:54	40055	1456848894575	1705
1	22	2016-03-02 00:14:54	40054	1456848894666	1706
1	12	2016-03-02 00:14:54	40056	1456848894945	1707
2	7	2016-03-02 00:14:54	40126	1456848894970	1708
1	18	2016-03-02 00:14:55	40132	1456848895033	1709
1	20	2016-03-02 00:14:55	40076	1456848895064	1710
2	7	2016-03-02 00:14:55	40017	1456848895069	1711
1	3	2016-03-02 00:14:55	40130	1456848895216	1712
2	7	2016-03-02 00:14:55	40048	1456848895563	1713
1	0	2016-03-02 00:14:55	40017	1456848895588	1714
2	3	2016-03-02 00:14:55	40132	1456848895829	1715
2	7	2016-03-02 00:14:55	40011	1456848895912	1716
2	7	2016-03-02 00:14:56	40015	1456848896020	1717
1	12	2016-03-02 00:14:56	40126	1456848896210	1718
2	7	2016-03-02 00:14:56	40047	1456848896404	1719
1	20	2016-03-02 00:14:56	40011	1456848896744	1720
1	20	2016-03-02 00:14:56	40048	1456848896755	1721
2	7	2016-03-02 00:14:57	40136	1456848897181	1722
1	22	2016-03-02 00:14:57	40132	1456848897198	1723
1	1	2016-03-02 00:14:57	40015	1456848897292	1724
2	7	2016-03-02 00:14:57	40035	1456848897350	1725
1	14	2016-03-02 00:14:57	40136	1456848897499	1726
1	21	2016-03-02 00:14:57	40047	1456848897614	1727
2	7	2016-03-02 00:14:58	40008	1456848898020	1728
1	4	2016-03-02 00:14:58	40035	1456848898193	1729
2	7	2016-03-02 00:14:58	40075	1456848898776	1730
2	7	2016-03-02 00:14:58	40002	1456848898880	1731
2	7	2016-03-02 00:14:58	40068	1456848898962	1732
2	7	2016-03-02 00:14:59	40063	1456848899347	1733
1	25	2016-03-02 00:14:59	40008	1456848899357	1734
1	14	2016-03-02 00:14:59	40063	1456848899618	1735
1	16	2016-03-02 00:14:59	40075	1456848899636	1736
2	7	2016-03-02 00:14:59	40081	1456848899714	1737
2	7	2016-03-02 00:14:59	40019	1456848899724	1738
2	7	2016-03-02 00:14:59	40016	1456848899784	1739
2	7	2016-03-02 00:14:59	40077	1456848899806	1740
1	1	2016-03-02 00:14:59	40002	1456848899824	1741
1	1	2016-03-02 00:14:59	40019	1456848899824	1742
2	3	2016-03-02 00:15:00	40008	1456848900036	1743
1	1	2016-03-02 00:15:00	40008	1456848900244	1744
1	6	2016-03-02 00:15:00	40068	1456848900331	1745
2	3	2016-03-02 00:15:00	40002	1456848900580	1746
1	10	2016-03-02 00:15:00	40016	1456848900808	1747
1	13	2016-03-02 00:15:00	40077	1456848900857	1748
