send	rec	insert_time	motelabMoteID	milli_time	motelabSeqNo
2	7	2016-03-02 02:26:59	40024	1456856819809	1
2	7	2016-03-02 02:26:59	40035	1456856819847	2
1	1	2016-03-02 02:26:59	40059	1456856819962	3
1	8	2016-03-02 02:27:00	40076	1456856820062	4
2	7	2016-03-02 02:27:00	40135	1456856820164	5
1	18	2016-03-02 02:27:00	40040	1456856820218	6
2	7	2016-03-02 02:27:00	40005	1456856820396	7
1	5	2016-03-02 02:27:00	40024	1456856820444	8
1	7	2016-03-02 02:27:00	40135	1456856820467	9
1	16	2016-03-02 02:27:00	40035	1456856820611	10
2	7	2016-03-02 02:27:00	40018	1456856820644	11
1	25	2016-03-02 02:27:00	40005	1456856820748	12
2	7	2016-03-02 02:27:00	40016	1456856820800	13
2	7	2016-03-02 02:27:00	40131	1456856820955	14
2	7	2016-03-02 02:27:01	40033	1456856821158	15
2	7	2016-03-02 02:27:01	40126	1456856821342	16
1	26	2016-03-02 02:27:01	40018	1456856821604	17
2	7	2016-03-02 02:27:01	40120	1456856821626	18
1	2	2016-03-02 02:27:01	40131	1456856821655	19
2	7	2016-03-02 02:27:01	40119	1456856821747	20
1	13	2016-03-02 02:27:01	40033	1456856821830	21
2	7	2016-03-02 02:27:02	40015	1456856822068	22
1	1	2016-03-02 02:27:02	40120	1456856822071	23
2	7	2016-03-02 02:27:02	40075	1456856822111	24
1	4	2016-03-02 02:27:02	40016	1456856822528	25
1	9	2016-03-02 02:27:02	40075	1456856822605	26
1	10	2016-03-02 02:27:02	40119	1456856822621	27
1	10	2016-03-02 02:27:02	40126	1456856822629	28
2	7	2016-03-02 02:27:02	40002	1456856822928	29
1	7	2016-03-02 02:27:02	40015	1456856822996	30
2	7	2016-03-02 02:27:03	40080	1456856823256	31
1	18	2016-03-02 02:27:03	40002	1456856823588	32
2	7	2016-03-02 02:27:03	40132	1456856823876	33
1	11	2016-03-02 02:27:03	40080	1456856823910	34
2	7	2016-03-02 02:27:04	40070	1456856824095	35
2	3	2016-03-02 02:27:04	40033	1456856824585	36
2	7	2016-03-02 02:27:04	40069	1456856824830	37
1	17	2016-03-02 02:27:04	40132	1456856824848	38
1	20	2016-03-02 02:27:04	40070	1456856824890	39
1	23	2016-03-02 02:27:04	40069	1456856824941	40
2	7	2016-03-02 02:27:05	40130	1456856825134	41
1	5	2016-03-02 02:27:05	40130	1456856825501	42
2	7	2016-03-02 02:27:05	40128	1456856825554	43
2	7	2016-03-02 02:27:05	40063	1456856825935	44
1	12	2016-03-02 02:27:06	40033	1456856826034	45
1	19	2016-03-02 02:27:06	40128	1456856826143	46
1	22	2016-03-02 02:27:06	40063	1456856826190	47
2	7	2016-03-02 02:27:06	40040	1456856826946	48
2	7	2016-03-02 02:27:06	40077	1456856826947	49
2	7	2016-03-02 02:27:07	40081	1456856827031	50
2	7	2016-03-02 02:27:07	40034	1456856827398	51
1	22	2016-03-02 02:27:07	40034	1456856827462	52
2	7	2016-03-02 02:27:07	40076	1456856827611	53
2	7	2016-03-02 02:27:07	40123	1456856827645	54
1	9	2016-03-02 02:27:07	40040	1456856827679	55
2	7	2016-03-02 02:27:07	40059	1456856827764	56
1	22	2016-03-02 02:27:07	40123	1456856827884	57
1	2	2016-03-02 02:27:07	40081	1456856827987	58
2	7	2016-03-02 02:27:08	40024	1456856828247	59
2	3	2016-03-02 02:27:08	40004	1456856828252	60
1	21	2016-03-02 02:27:08	40076	1456856828280	61
2	7	2016-03-02 02:27:08	40035	1456856828292	62
2	3	2016-03-02 02:27:08	40123	1456856828329	63
1	5	2016-03-02 02:27:08	40077	1456856828460	64
2	7	2016-03-02 02:27:08	40135	1456856828610	65
1	23	2016-03-02 02:27:08	40004	1456856828733	66
2	3	2016-03-02 02:27:08	40058	1456856828811	67
1	1	2016-03-02 02:27:08	40059	1456856828815	68
2	7	2016-03-02 02:27:08	40005	1456856828832	69
1	8	2016-03-02 02:27:08	40123	1456856828918	70
1	24	2016-03-02 02:27:09	40024	1456856829169	71
2	7	2016-03-02 02:27:09	40016	1456856829240	72
2	7	2016-03-02 02:27:09	40018	1456856829240	73
1	4	2016-03-02 02:27:09	40135	1456856829279	74
1	5	2016-03-02 02:27:09	40035	1456856829294	75
2	7	2016-03-02 02:27:09	40126	1456856829781	76
1	15	2016-03-02 02:27:09	40016	1456856829872	77
2	7	2016-03-02 02:27:09	40056	1456856829898	78
2	7	2016-03-02 02:27:09	40017	1456856829972	79
1	23	2016-03-02 02:27:10	40058	1456856830005	80
2	7	2016-03-02 02:27:10	40119	1456856830187	81
1	14	2016-03-02 02:27:10	40005	1456856830276	82
2	7	2016-03-02 02:27:10	40136	1456856830404	83
2	7	2016-03-02 02:27:10	40015	1456856830504	84
2	7	2016-03-02 02:27:10	40019	1456856830520	85
1	16	2016-03-02 02:27:10	40126	1456856830735	86
1	20	2016-03-02 02:27:10	40017	1456856830792	87
1	5	2016-03-02 02:27:10	40119	1456856830981	88
1	8	2016-03-02 02:27:11	40019	1456856831028	89
1	14	2016-03-02 02:27:11	40015	1456856831120	90
1	14	2016-03-02 02:27:11	40056	1456856831124	91
1	16	2016-03-02 02:27:11	40018	1456856831152	92
2	7	2016-03-02 02:27:11	40002	1456856831364	93
2	7	2016-03-02 02:27:11	40036	1456856831467	94
1	10	2016-03-02 02:27:11	40136	1456856831485	95
2	3	2016-03-02 02:27:11	40015	1456856831580	96
2	3	2016-03-02 02:27:11	40030	1456856831981	97
1	17	2016-03-02 02:27:12	40015	1456856832012	98
2	3	2016-03-02 02:27:12	40123	1456856832213	99
1	4	2016-03-02 02:27:12	40002	1456856832232	100
1	21	2016-03-02 02:27:12	40036	1456856832501	101
2	7	2016-03-02 02:27:12	40070	1456856832527	102
2	3	2016-03-02 02:27:12	40040	1456856832637	103
1	17	2016-03-02 02:27:12	40070	1456856832861	104
1	20	2016-03-02 02:27:12	40030	1456856832905	105
1	3	2016-03-02 02:27:13	40123	1456856833057	106
2	3	2016-03-02 02:27:13	40123	1456856833901	107
2	7	2016-03-02 02:27:14	40128	1456856834000	108
1	13	2016-03-02 02:27:14	40040	1456856834056	109
2	3	2016-03-02 02:27:14	40070	1456856834230	110
2	7	2016-03-02 02:27:14	40054	1456856834537	111
1	24	2016-03-02 02:27:14	40123	1456856834664	112
1	18	2016-03-02 02:27:14	40128	1456856834988	113
2	7	2016-03-02 02:27:15	40075	1456856835149	114
1	10	2016-03-02 02:27:15	40070	1456856835280	115
2	7	2016-03-02 02:27:15	40077	1456856835387	116
1	19	2016-03-02 02:27:15	40075	1456856835420	117
2	7	2016-03-02 02:27:15	40132	1456856835452	118
2	7	2016-03-02 02:27:15	40081	1456856835458	119
1	25	2016-03-02 02:27:15	40081	1456856835936	120
1	2	2016-03-02 02:27:16	40054	1456856836004	121
2	7	2016-03-02 02:27:16	40059	1456856836204	122
2	7	2016-03-02 02:27:16	40063	1456856836295	123
2	7	2016-03-02 02:27:16	40076	1456856836419	124
1	5	2016-03-02 02:27:16	40059	1456856836474	125
1	13	2016-03-02 02:27:16	40132	1456856836599	126
2	7	2016-03-02 02:27:16	40024	1456856836686	127
2	7	2016-03-02 02:27:16	40035	1456856836720	128
1	22	2016-03-02 02:27:16	40063	1456856836740	129
1	26	2016-03-02 02:27:16	40077	1456856836804	130
2	7	2016-03-02 02:27:17	40135	1456856837039	131
2	7	2016-03-02 02:27:17	40005	1456856837268	132
1	11	2016-03-02 02:27:17	40135	1456856837406	133
1	16	2016-03-02 02:27:17	40024	1456856837480	134
2	7	2016-03-02 02:27:17	40018	1456856837676	135
2	7	2016-03-02 02:27:17	40016	1456856837768	136
1	7	2016-03-02 02:27:17	40035	1456856837770	137
1	20	2016-03-02 02:27:17	40005	1456856837964	138
1	7	2016-03-02 02:27:18	40076	1456856838187	139
2	7	2016-03-02 02:27:18	40126	1456856838205	140
2	7	2016-03-02 02:27:18	40048	1456856838307	141
2	7	2016-03-02 02:27:18	40056	1456856838334	142
1	14	2016-03-02 02:27:18	40126	1456856838714	143
1	21	2016-03-02 02:27:18	40056	1456856838827	144
2	7	2016-03-02 02:27:18	40136	1456856838841	145
2	7	2016-03-02 02:27:18	40019	1456856838956	146
1	18	2016-03-02 02:27:19	40048	1456856839198	147
1	4	2016-03-02 02:27:19	40016	1456856839400	148
1	16	2016-03-02 02:27:19	40018	1456856839588	149
1	23	2016-03-02 02:27:19	40019	1456856839700	150
2	7	2016-03-02 02:27:19	40002	1456856839800	151
2	7	2016-03-02 02:27:19	40004	1456856839880	152
1	12	2016-03-02 02:27:19	40136	1456856839954	153
2	7	2016-03-02 02:27:20	40015	1456856840208	154
1	8	2016-03-02 02:27:20	40002	1456856840308	155
1	13	2016-03-02 02:27:20	40004	1456856840388	156
1	21	2016-03-02 02:27:20	40015	1456856840932	157
2	7	2016-03-02 02:27:21	40040	1456856841294	158
1	24	2016-03-02 02:27:21	40040	1456856841406	159
2	7	2016-03-02 02:27:22	40054	1456856842973	160
2	7	2016-03-02 02:27:23	40124	1456856843275	161
2	7	2016-03-02 02:27:23	40131	1456856843315	162
1	10	2016-03-02 02:27:23	40124	1456856843721	163
2	7	2016-03-02 02:27:23	40077	1456856843827	164
1	10	2016-03-02 02:27:24	40131	1456856844142	165
1	26	2016-03-02 02:27:24	40054	1456856844393	166
2	7	2016-03-02 02:27:24	40059	1456856844627	167
2	7	2016-03-02 02:27:24	40063	1456856844919	168
2	7	2016-03-02 02:27:25	40076	1456856845068	169
2	7	2016-03-02 02:27:25	40024	1456856845124	170
2	7	2016-03-02 02:27:25	40035	1456856845165	171
1	5	2016-03-02 02:27:25	40063	1456856845333	172
1	13	2016-03-02 02:27:25	40077	1456856845451	173
2	7	2016-03-02 02:27:25	40135	1456856845485	174
1	25	2016-03-02 02:27:25	40024	1456856845633	175
2	7	2016-03-02 02:27:25	40005	1456856845708	176
1	5	2016-03-02 02:27:25	40035	1456856845753	177
1	9	2016-03-02 02:27:25	40059	1456856845805	178
1	7	2016-03-02 02:27:26	40076	1456856846203	179
2	7	2016-03-02 02:27:26	40016	1456856846208	180
2	7	2016-03-02 02:27:26	40020	1456856846284	181
1	16	2016-03-02 02:27:26	40135	1456856846345	182
1	6	2016-03-02 02:27:26	40020	1456856846611	183
1	7	2016-03-02 02:27:26	40005	1456856846620	184
2	3	2016-03-02 02:27:26	40132	1456856846630	185
2	7	2016-03-02 02:27:26	40118	1456856846724	186
2	7	2016-03-02 02:27:26	40048	1456856846799	187
1	7	2016-03-02 02:27:27	40016	1456856847040	188
1	13	2016-03-02 02:27:27	40048	1456856847133	189
2	7	2016-03-02 02:27:27	40034	1456856847225	190
2	7	2016-03-02 02:27:27	40019	1456856847392	191
1	2	2016-03-02 02:27:27	40132	1456856847394	192
1	25	2016-03-02 02:27:27	40118	1456856847743	193
1	26	2016-03-02 02:27:27	40019	1456856847760	194
1	26	2016-03-02 02:27:27	40034	1456856847767	195
2	7	2016-03-02 02:27:27	40047	1456856847816	196
2	7	2016-03-02 02:27:28	40002	1456856848236	197
2	7	2016-03-02 02:27:28	40015	1456856848644	198
1	15	2016-03-02 02:27:28	40002	1456856848852	199
1	14	2016-03-02 02:27:29	40047	1456856849264	200
2	3	2016-03-02 02:27:29	40016	1456856849349	201
2	7	2016-03-02 02:27:29	40040	1456856849728	202
1	23	2016-03-02 02:27:29	40015	1456856849825	203
1	17	2016-03-02 02:27:30	40016	1456856850153	204
2	7	2016-03-02 02:27:30	40001	1456856850504	205
2	7	2016-03-02 02:27:31	40070	1456856851080	206
1	4	2016-03-02 02:27:31	40001	1456856851212	207
1	15	2016-03-02 02:27:31	40040	1456856851386	208
2	7	2016-03-02 02:27:31	40054	1456856851410	209
1	8	2016-03-02 02:27:31	40070	1456856851700	210
2	7	2016-03-02 02:27:32	40077	1456856852251	211
2	7	2016-03-02 02:27:32	40057	1456856852259	212
2	3	2016-03-02 02:27:32	40070	1456856852655	213
1	8	2016-03-02 02:27:32	40054	1456856852973	214
2	7	2016-03-02 02:27:33	40059	1456856853162	215
1	1	2016-03-02 02:27:33	40057	1456856853278	216
2	7	2016-03-02 02:27:33	40063	1456856853353	217
1	8	2016-03-02 02:27:33	40070	1456856853387	218
1	13	2016-03-02 02:27:33	40077	1456856853461	219
2	7	2016-03-02 02:27:33	40076	1456856853509	220
2	7	2016-03-02 02:27:33	40024	1456856853563	221
2	7	2016-03-02 02:27:33	40035	1456856853609	222
1	20	2016-03-02 02:27:34	40076	1456856854003	223
2	7	2016-03-02 02:27:34	40135	1456856854042	224
2	7	2016-03-02 02:27:34	40005	1456856854144	225
1	3	2016-03-02 02:27:34	40059	1456856854149	226
2	3	2016-03-02 02:27:34	40070	1456856854342	227
1	18	2016-03-02 02:27:34	40024	1456856854389	228
1	0	2016-03-02 02:27:34	40063	1456856854530	229
1	7	2016-03-02 02:27:34	40070	1456856854644	230
1	11	2016-03-02 02:27:34	40135	1456856854711	231
2	7	2016-03-02 02:27:34	40020	1456856854720	232
1	18	2016-03-02 02:27:34	40035	1456856854818	233
1	25	2016-03-02 02:27:35	40005	1456856855336	234
1	3	2016-03-02 02:27:35	40020	1456856855840	235
2	2	2016-03-02 02:27:36	40046	1456856856081	236
2	7	2016-03-02 02:27:36	40119	1456856856333	237
2	7	2016-03-02 02:27:36	40002	1456856856676	238
1	18	2016-03-02 02:27:36	40119	1456856856921	239
1	26	2016-03-02 02:27:37	40046	1456856857054	240
2	7	2016-03-02 02:27:37	40015	1456856857080	241
2	7	2016-03-02 02:27:37	40080	1456856857432	242
1	20	2016-03-02 02:27:37	40015	1456856857792	243
1	4	2016-03-02 02:27:37	40002	1456856857964	244
2	7	2016-03-02 02:27:38	40016	1456856858016	245
2	7	2016-03-02 02:27:38	40040	1456856858162	246
1	17	2016-03-02 02:27:38	40080	1456856858166	247
2	7	2016-03-02 02:27:38	40136	1456856858242	248
1	12	2016-03-02 02:27:38	40136	1456856858941	249
1	17	2016-03-02 02:27:39	40016	1456856859432	250
1	9	2016-03-02 02:27:39	40040	1456856859740	251
2	7	2016-03-02 02:27:39	40054	1456856859846	252
2	7	2016-03-02 02:27:40	40047	1456856860452	253
2	7	2016-03-02 02:27:40	40132	1456856860579	254
2	7	2016-03-02 02:27:40	40077	1456856860691	255
2	7	2016-03-02 02:27:40	40057	1456856860698	256
1	16	2016-03-02 02:27:41	40054	1456856861106	257
1	21	2016-03-02 02:27:41	40132	1456856861184	258
1	1	2016-03-02 02:27:41	40047	1456856861295	259
2	7	2016-03-02 02:27:41	40059	1456856861601	260
2	7	2016-03-02 02:27:41	40063	1456856861787	261
2	7	2016-03-02 02:27:41	40120	1456856861852	262
1	10	2016-03-02 02:27:41	40077	1456856861853	263
2	7	2016-03-02 02:27:41	40024	1456856861986	264
1	20	2016-03-02 02:27:42	40059	1456856862015	265
2	7	2016-03-02 02:27:42	40035	1456856862038	266
2	7	2016-03-02 02:27:42	40076	1456856862078	267
1	24	2016-03-02 02:27:42	40057	1456856862084	268
2	7	2016-03-02 02:27:42	40055	1456856862140	269
1	2	2016-03-02 02:27:42	40024	1456856862161	270
1	19	2016-03-02 02:27:42	40120	1456856862424	271
2	7	2016-03-02 02:27:42	40123	1456856862425	272
1	22	2016-03-02 02:27:42	40063	1456856862471	273
2	7	2016-03-02 02:27:42	40135	1456856862503	274
2	7	2016-03-02 02:27:42	40005	1456856862580	275
1	5	2016-03-02 02:27:42	40076	1456856862620	276
2	7	2016-03-02 02:27:42	40034	1456856862832	277
1	20	2016-03-02 02:27:42	40123	1456856862854	278
1	15	2016-03-02 02:27:43	40035	1456856863199	279
2	7	2016-03-02 02:27:43	40020	1456856863409	280
1	3	2016-03-02 02:27:43	40055	1456856863432	281
1	8	2016-03-02 02:27:43	40034	1456856863517	282
1	24	2016-03-02 02:27:43	40135	1456856863762	283
1	5	2016-03-02 02:27:43	40005	1456856863885	284
2	7	2016-03-02 02:27:43	40124	1456856863950	285
2	7	2016-03-02 02:27:44	40019	1456856864269	286
1	2	2016-03-02 02:27:44	40019	1456856864680	287
1	6	2016-03-02 02:27:44	40020	1456856864740	288
2	7	2016-03-02 02:27:44	40046	1456856864917	289
1	26	2016-03-02 02:27:45	40124	1456856865064	290
2	7	2016-03-02 02:27:45	40002	1456856865112	291
2	7	2016-03-02 02:27:45	40018	1456856865188	292
2	7	2016-03-02 02:27:45	40067	1456856865197	293
2	7	2016-03-02 02:27:45	40015	1456856865517	294
1	11	2016-03-02 02:27:45	40067	1456856865675	295
1	14	2016-03-02 02:27:45	40046	1456856865714	296
2	7	2016-03-02 02:27:45	40072	1456856865740	297
2	7	2016-03-02 02:27:45	40081	1456856865836	298
1	1	2016-03-02 02:27:45	40002	1456856865928	299
1	24	2016-03-02 02:27:46	40015	1456856866289	300
2	7	2016-03-02 02:27:46	40016	1456856866458	301
1	15	2016-03-02 02:27:46	40072	1456856866568	302
2	3	2016-03-02 02:27:46	40074	1456856866580	303
2	7	2016-03-02 02:27:46	40040	1456856866596	304
1	25	2016-03-02 02:27:46	40081	1456856866728	305
1	7	2016-03-02 02:27:46	40018	1456856866868	306
1	22	2016-03-02 02:27:47	40074	1456856867106	307
1	18	2016-03-02 02:27:47	40016	1456856867885	308
2	7	2016-03-02 02:27:48	40054	1456856868282	309
1	18	2016-03-02 02:27:48	40040	1456856868317	310
2	7	2016-03-02 02:27:48	40010	1456856868565	311
1	26	2016-03-02 02:27:48	40054	1456856868857	312
2	7	2016-03-02 02:27:48	40047	1456856868934	313
2	7	2016-03-02 02:27:49	40077	1456856869131	314
1	18	2016-03-02 02:27:49	40010	1456856869148	315
2	7	2016-03-02 02:27:49	40037	1456856869587	316
2	7	2016-03-02 02:27:49	40068	1456856869717	317
1	2	2016-03-02 02:27:49	40077	1456856869752	318
2	3	2016-03-02 02:27:50	40004	1456856870017	319
2	7	2016-03-02 02:27:50	40059	1456856870041	320
1	26	2016-03-02 02:27:50	40037	1456856870128	321
1	1	2016-03-02 02:27:50	40047	1456856870159	322
2	7	2016-03-02 02:27:50	40063	1456856870220	323
1	13	2016-03-02 02:27:50	40068	1456856870338	324
2	7	2016-03-02 02:27:50	40024	1456856870425	325
2	7	2016-03-02 02:27:50	40035	1456856870482	326
2	7	2016-03-02 02:27:50	40076	1456856870520	327
2	7	2016-03-02 02:27:50	40055	1456856870608	328
1	9	2016-03-02 02:27:50	40059	1456856870694	329
1	17	2016-03-02 02:27:50	40004	1456856870820	330
2	7	2016-03-02 02:27:50	40080	1456856870924	331
2	7	2016-03-02 02:27:51	40005	1456856871017	332
1	4	2016-03-02 02:27:51	40024	1456856871045	333
1	8	2016-03-02 02:27:51	40080	1456856871099	334
2	7	2016-03-02 02:27:51	40135	1456856871124	335
2	7	2016-03-02 02:27:51	40034	1456856871273	336
1	10	2016-03-02 02:27:51	40063	1456856871557	337
1	11	2016-03-02 02:27:51	40034	1456856871575	338
1	0	2016-03-02 02:27:51	40076	1456856871826	339
2	7	2016-03-02 02:27:51	40020	1456856871845	340
1	5	2016-03-02 02:27:51	40035	1456856871898	341
1	6	2016-03-02 02:27:51	40135	1456856871922	342
1	12	2016-03-02 02:27:52	40055	1456856872012	343
1	23	2016-03-02 02:27:52	40005	1456856872181	344
2	7	2016-03-02 02:27:52	40124	1456856872380	345
1	14	2016-03-02 02:27:52	40020	1456856872881	346
1	15	2016-03-02 02:27:52	40124	1456856872904	347
2	3	2016-03-02 02:27:53	40055	1456856873160	348
2	7	2016-03-02 02:27:53	40069	1456856873337	349
2	7	2016-03-02 02:27:53	40046	1456856873353	350
2	7	2016-03-02 02:27:53	40002	1456856873549	351
2	7	2016-03-02 02:27:53	40018	1456856873625	352
2	7	2016-03-02 02:27:53	40015	1456856873953	353
1	9	2016-03-02 02:27:54	40046	1456856874071	354
1	22	2016-03-02 02:27:54	40018	1456856874273	355
1	5	2016-03-02 02:27:54	40055	1456856874436	356
1	10	2016-03-02 02:27:54	40002	1456856874509	357
1	12	2016-03-02 02:27:54	40015	1456856874541	358
1	22	2016-03-02 02:27:54	40069	1456856874704	359
2	7	2016-03-02 02:27:54	40016	1456856874893	360
2	7	2016-03-02 02:27:55	40072	1456856875029	361
2	7	2016-03-02 02:27:55	40040	1456856875029	362
1	7	2016-03-02 02:27:55	40016	1456856875305	363
1	5	2016-03-02 02:27:55	40072	1456856875698	364
1	18	2016-03-02 02:27:56	40040	1456856876321	365
2	7	2016-03-02 02:27:56	40019	1456856876501	366
2	7	2016-03-02 02:27:56	40054	1456856876719	367
1	4	2016-03-02 02:27:56	40019	1456856876945	368
2	3	2016-03-02 02:27:56	40038	1456856876966	369
2	7	2016-03-02 02:27:57	40057	1456856877148	370
2	7	2016-03-02 02:27:57	40047	1456856877368	371
1	14	2016-03-02 02:27:57	40038	1456856877524	372
2	7	2016-03-02 02:27:57	40077	1456856877571	373
1	16	2016-03-02 02:27:57	40054	1456856877979	374
1	24	2016-03-02 02:27:58	40057	1456856878104	375
2	7	2016-03-02 02:27:58	40037	1456856878295	376
1	15	2016-03-02 02:27:58	40077	1456856878383	377
2	7	2016-03-02 02:27:58	40059	1456856878480	378
1	1	2016-03-02 02:27:58	40037	1456856878597	379
2	7	2016-03-02 02:27:58	40030	1456856878625	380
2	7	2016-03-02 02:27:58	40063	1456856878765	381
2	7	2016-03-02 02:27:58	40024	1456856878863	382
1	22	2016-03-02 02:27:58	40047	1456856878912	383
2	7	2016-03-02 02:27:58	40076	1456856878962	384
1	24	2016-03-02 02:27:59	40024	1456856879372	385
1	1	2016-03-02 02:27:59	40059	1456856879436	386
2	7	2016-03-02 02:27:59	40005	1456856879453	387
1	6	2016-03-02 02:27:59	40030	1456856879517	388
2	7	2016-03-02 02:27:59	40135	1456856879569	389
1	14	2016-03-02 02:27:59	40063	1456856879641	390
1	11	2016-03-02 02:28:00	40135	1456856880015	391
2	7	2016-03-02 02:28:00	40068	1456856880096	392
1	23	2016-03-02 02:28:00	40076	1456856880204	393
2	3	2016-03-02 02:28:00	40069	1456856880235	394
2	7	2016-03-02 02:28:00	40020	1456856880281	395
1	17	2016-03-02 02:28:00	40005	1456856880525	396
1	13	2016-03-02 02:28:00	40069	1456856880887	397
1	21	2016-03-02 02:28:01	40020	1456856881013	398
1	2	2016-03-02 02:28:01	40068	1456856881560	399
2	7	2016-03-02 02:28:01	40055	1456856881788	400
2	7	2016-03-02 02:28:01	40046	1456856881901	401
2	7	2016-03-02 02:28:01	40002	1456856881985	402
2	7	2016-03-02 02:28:02	40018	1456856882061	403
1	26	2016-03-02 02:28:02	40046	1456856882364	404
2	7	2016-03-02 02:28:02	40015	1456856882389	405
1	12	2016-03-02 02:28:02	40002	1456856882553	406
1	7	2016-03-02 02:28:02	40055	1456856882903	407
2	7	2016-03-02 02:28:03	40016	1456856883329	408
2	7	2016-03-02 02:28:03	40040	1456856883479	409
1	18	2016-03-02 02:28:03	40015	1456856883493	410
1	6	2016-03-02 02:28:03	40016	1456856883725	411
1	24	2016-03-02 02:28:04	40018	1456856884009	412
1	18	2016-03-02 02:28:04	40040	1456856884340	413
2	7	2016-03-02 02:28:04	40118	1456856884696	414
2	7	2016-03-02 02:28:05	40132	1456856885036	415
2	7	2016-03-02 02:28:05	40054	1456856885155	416
2	7	2016-03-02 02:28:05	40038	1456856885496	417
1	16	2016-03-02 02:28:05	40118	1456856885571	418
1	21	2016-03-02 02:28:05	40132	1456856885657	419
2	7	2016-03-02 02:28:05	40047	1456856885802	420
2	7	2016-03-02 02:28:06	40077	1456856886011	421
1	7	2016-03-02 02:28:06	40038	1456856886277	422
1	14	2016-03-02 02:28:06	40047	1456856886391	423
1	5	2016-03-02 02:28:06	40054	1456856886670	424
2	7	2016-03-02 02:28:06	40037	1456856886716	425
2	7	2016-03-02 02:28:06	40059	1456856886904	426
1	3	2016-03-02 02:28:07	40077	1456856887061	427
2	7	2016-03-02 02:28:07	40063	1456856887263	428
2	7	2016-03-02 02:28:07	40024	1456856887302	429
1	9	2016-03-02 02:28:07	40024	1456856887572	430
1	15	2016-03-02 02:28:07	40037	1456856887672	431
2	7	2016-03-02 02:28:07	40005	1456856887889	432
2	7	2016-03-02 02:28:07	40135	1456856887999	433
1	3	2016-03-02 02:28:08	40059	1456856888321	434
1	14	2016-03-02 02:28:08	40005	1456856888493	435
2	7	2016-03-02 02:28:08	40068	1456856888707	436
1	6	2016-03-02 02:28:08	40063	1456856888790	437
2	7	2016-03-02 02:28:08	40120	1456856888935	438
2	7	2016-03-02 02:28:08	40048	1456856888989	439
2	7	2016-03-02 02:28:09	40019	1456856889157	440
1	11	2016-03-02 02:28:09	40135	1456856889289	441
2	7	2016-03-02 02:28:09	40007	1456856889437	442
1	15	2016-03-02 02:28:09	40007	1456856889773	443
1	15	2016-03-02 02:28:09	40068	1456856889774	444
1	2	2016-03-02 02:28:10	40120	1456856890000	445
2	7	2016-03-02 02:28:10	40046	1456856890338	446
1	0	2016-03-02 02:28:10	40019	1456856890381	447
1	1	2016-03-02 02:28:10	40048	1456856890404	448
2	7	2016-03-02 02:28:10	40002	1456856890421	449
2	7	2016-03-02 02:28:10	40018	1456856890673	450
2	7	2016-03-02 02:28:10	40015	1456856890829	451
1	8	2016-03-02 02:28:10	40046	1456856890928	452
2	7	2016-03-02 02:28:10	40126	1456856890942	453
1	20	2016-03-02 02:28:11	40015	1456856891117	454
1	26	2016-03-02 02:28:11	40126	1456856891212	455
1	24	2016-03-02 02:28:11	40002	1456856891601	456
2	7	2016-03-02 02:28:11	40016	1456856891765	457
1	16	2016-03-02 02:28:11	40018	1456856891897	458
2	7	2016-03-02 02:28:11	40040	1456856891913	459
2	7	2016-03-02 02:28:12	40006	1456856892093	460
1	11	2016-03-02 02:28:12	40016	1456856892672	461
1	14	2016-03-02 02:28:12	40006	1456856892709	462
1	22	2016-03-02 02:28:12	40040	1456856892838	463
2	3	2016-03-02 02:28:13	40071	1456856893431	464
2	7	2016-03-02 02:28:13	40132	1456856893523	465
2	7	2016-03-02 02:28:14	40038	1456856894232	466
1	9	2016-03-02 02:28:14	40071	1456856894323	467
2	7	2016-03-02 02:28:14	40077	1456856894435	468
2	7	2016-03-02 02:28:14	40008	1456856894857	469
2	7	2016-03-02 02:28:14	40054	1456856894868	470
1	18	2016-03-02 02:28:14	40038	1456856894886	471
1	0	2016-03-02 02:28:15	40132	1456856895020	472
2	7	2016-03-02 02:28:15	40037	1456856895154	473
1	12	2016-03-02 02:28:15	40008	1456856895209	474
2	3	2016-03-02 02:28:15	40063	1456856895283	475
2	7	2016-03-02 02:28:15	40059	1456856895343	476
2	7	2016-03-02 02:28:15	40124	1456856895583	477
1	10	2016-03-02 02:28:15	40077	1456856895597	478
2	7	2016-03-02 02:28:15	40024	1456856895741	479
2	7	2016-03-02 02:28:15	40076	1456856895829	480
1	3	2016-03-02 02:28:15	40063	1456856895919	481
2	3	2016-03-02 02:28:16	40075	1456856896136	482
1	17	2016-03-02 02:28:16	40024	1456856896138	483
2	7	2016-03-02 02:28:16	40123	1456856896218	484
2	7	2016-03-02 02:28:16	40005	1456856896325	485
1	2	2016-03-02 02:28:16	40059	1456856896330	486
1	7	2016-03-02 02:28:16	40037	1456856896396	487
2	7	2016-03-02 02:28:16	40064	1456856896417	488
2	7	2016-03-02 02:28:16	40135	1456856896444	489
1	13	2016-03-02 02:28:16	40054	1456856896494	490
1	22	2016-03-02 02:28:16	40124	1456856896634	491
1	1	2016-03-02 02:28:16	40123	1456856896727	492
1	26	2016-03-02 02:28:17	40064	1456856897117	493
2	7	2016-03-02 02:28:17	40068	1456856897144	494
1	4	2016-03-02 02:28:17	40135	1456856897193	495
1	6	2016-03-02 02:28:17	40076	1456856897232	496
1	6	2016-03-02 02:28:17	40075	1456856897234	497
2	3	2016-03-02 02:28:17	40078	1456856897285	498
1	14	2016-03-02 02:28:17	40005	1456856897349	499
2	7	2016-03-02 02:28:17	40048	1456856897433	500
2	7	2016-03-02 02:28:17	40045	1456856897441	501
2	7	2016-03-02 02:28:17	40019	1456856897593	502
2	3	2016-03-02 02:28:17	40076	1456856897724	503
2	3	2016-03-02 02:28:17	40075	1456856897776	504
1	18	2016-03-02 02:28:17	40068	1456856897844	505
1	25	2016-03-02 02:28:17	40019	1456856897945	506
1	26	2016-03-02 02:28:17	40045	1456856897960	507
2	7	2016-03-02 02:28:18	40036	1456856898110	508
1	19	2016-03-02 02:28:18	40076	1456856898282	509
1	0	2016-03-02 02:28:18	40048	1456856898403	510
1	6	2016-03-02 02:28:18	40078	1456856898494	511
1	14	2016-03-02 02:28:18	40075	1456856898619	512
2	3	2016-03-02 02:28:18	40019	1456856898749	513
2	7	2016-03-02 02:28:18	40046	1456856898774	514
2	7	2016-03-02 02:28:18	40002	1456856898857	515
2	3	2016-03-02 02:28:18	40038	1456856898887	516
1	10	2016-03-02 02:28:18	40036	1456856898985	517
1	17	2016-03-02 02:28:19	40019	1456856899085	518
2	7	2016-03-02 02:28:19	40118	1456856899216	519
2	7	2016-03-02 02:28:19	40015	1456856899265	520
2	7	2016-03-02 02:28:19	40018	1456856899265	521
1	8	2016-03-02 02:28:19	40038	1456856899366	522
2	7	2016-03-02 02:28:19	40126	1456856899382	523
1	11	2016-03-02 02:28:19	40046	1456856899412	524
2	2	2016-03-02 02:28:19	40078	1456856899416	525
2	2	2016-03-02 02:28:19	40069	1456856899419	526
2	2	2016-03-02 02:28:19	40072	1456856899423	527
1	15	2016-03-02 02:28:19	40126	1456856899477	528
1	26	2016-03-02 02:28:19	40072	1456856899646	529
2	2	2016-03-02 02:28:19	40076	1456856899652	530
2	2	2016-03-02 02:28:19	40070	1456856899656	531
2	2	2016-03-02 02:28:19	40077	1456856899658	532
2	2	2016-03-02 02:28:19	40063	1456856899659	533
2	2	2016-03-02 02:28:19	40071	1456856899661	534
1	15	2016-03-02 02:28:19	40077	1456856899897	535
2	2	2016-03-02 02:28:19	40053	1456856899905	536
2	2	2016-03-02 02:28:19	40075	1456856899909	537
2	2	2016-03-02 02:28:19	40081	1456856899910	538
2	2	2016-03-02 02:28:19	40068	1456856899913	539
1	22	2016-03-02 02:28:20	40015	1456856900005	540
1	1	2016-03-02 02:28:20	40002	1456856900102	541
1	2	2016-03-02 02:28:20	40069	1456856900118	542
2	2	2016-03-02 02:28:20	40080	1456856900125	543
1	5	2016-03-02 02:28:20	40063	1456856900168	544
2	2	2016-03-02 02:28:20	40064	1456856900168	545
2	7	2016-03-02 02:28:20	40016	1456856900201	546
1	8	2016-03-02 02:28:20	40070	1456856900213	547
2	2	2016-03-02 02:28:20	40085	1456856900213	548
1	9	2016-03-02 02:28:20	40076	1456856900225	549
2	2	2016-03-02 02:28:20	40123	1456856900231	550
2	2	2016-03-02 02:28:20	40067	1456856900241	551
2	2	2016-03-02 02:28:20	40132	1456856900242	552
1	16	2016-03-02 02:28:20	40071	1456856900330	553
1	16	2016-03-02 02:28:20	40080	1456856900332	554
2	2	2016-03-02 02:28:20	40002	1456856900337	555
2	2	2016-03-02 02:28:20	40074	1456856900339	556
2	7	2016-03-02 02:28:20	40040	1456856900347	557
1	22	2016-03-02 02:28:20	40067	1456856900432	558
1	23	2016-03-02 02:28:20	40068	1456856900438	559
2	2	2016-03-02 02:28:20	40079	1456856900454	560
2	2	2016-03-02 02:28:20	40051	1456856900455	561
1	0	2016-03-02 02:28:20	40018	1456856900505	562
1	3	2016-03-02 02:28:20	40075	1456856900545	563
1	3	2016-03-02 02:28:20	40078	1456856900546	564
2	2	2016-03-02 02:28:20	40040	1456856900554	565
2	2	2016-03-02 02:28:20	40057	1456856900556	566
1	3	2016-03-02 02:28:20	40053	1456856900558	567
2	2	2016-03-02 02:28:20	40046	1456856900561	568
2	2	2016-03-02 02:28:20	40054	1456856900561	569
2	2	2016-03-02 02:28:20	40056	1456856900565	570
1	6	2016-03-02 02:28:20	40081	1456856900595	571
1	7	2016-03-02 02:28:20	40079	1456856900613	572
1	16	2016-03-02 02:28:20	40118	1456856900760	573
1	16	2016-03-02 02:28:20	40074	1456856900785	574
1	20	2016-03-02 02:28:20	40064	1456856900820	575
1	21	2016-03-02 02:28:20	40085	1456856900835	576
2	2	2016-03-02 02:28:20	40082	1456856900838	577
2	2	2016-03-02 02:28:20	40065	1456856900841	578
2	2	2016-03-02 02:28:20	40073	1456856900842	579
2	2	2016-03-02 02:28:20	40010	1456856900849	580
2	2	2016-03-02 02:28:20	40008	1456856900853	581
2	2	2016-03-02 02:28:20	40009	1456856900853	582
1	2	2016-03-02 02:28:20	40010	1456856900953	583
2	2	2016-03-02 02:28:20	40001	1456856900961	584
2	2	2016-03-02 02:28:20	40013	1456856900969	585
2	2	2016-03-02 02:28:20	40004	1456856900973	586
1	4	2016-03-02 02:28:20	40123	1456856900993	587
2	2	2016-03-02 02:28:20	40120	1456856900998	588
2	2	2016-03-02 02:28:21	40083	1456856901035	589
2	2	2016-03-02 02:28:21	40138	1456856901054	590
2	3	2016-03-02 02:28:21	40075	1456856901071	591
1	11	2016-03-02 02:28:21	40132	1456856901102	592
2	2	2016-03-02 02:28:21	40118	1456856901110	593
2	2	2016-03-02 02:28:21	40136	1456856901111	594
2	3	2016-03-02 02:28:21	40076	1456856901117	595
2	3	2016-03-02 02:28:21	40053	1456856901164	596
1	24	2016-03-02 02:28:21	40002	1456856901297	597
1	24	2016-03-02 02:28:21	40073	1456856901304	598
2	2	2016-03-02 02:28:21	40005	1456856901305	599
2	2	2016-03-02 02:28:21	40058	1456856901308	600
2	2	2016-03-02 02:28:21	40030	1456856901309	601
1	24	2016-03-02 02:28:21	40056	1456856901313	602
2	2	2016-03-02 02:28:21	40059	1456856901314	603
2	2	2016-03-02 02:28:21	40027	1456856901317	604
2	2	2016-03-02 02:28:21	40047	1456856901318	605
2	3	2016-03-02 02:28:21	40074	1456856901342	606
1	26	2016-03-02 02:28:21	40046	1456856901342	607
1	1	2016-03-02 02:28:21	40013	1456856901361	608
1	1	2016-03-02 02:28:21	40001	1456856901361	609
1	1	2016-03-02 02:28:21	40016	1456856901365	610
2	2	2016-03-02 02:28:21	40014	1456856901369	611
1	3	2016-03-02 02:28:21	40118	1456856901397	612
2	2	2016-03-02 02:28:21	40017	1456856901417	613
1	4	2016-03-02 02:28:21	40083	1456856901417	614
1	8	2016-03-02 02:28:21	40004	1456856901469	615
1	12	2016-03-02 02:28:21	40009	1456856901533	616
2	3	2016-03-02 02:28:21	40010	1456856901541	617
2	2	2016-03-02 02:28:21	40011	1456856901541	618
1	13	2016-03-02 02:28:21	40053	1456856901549	619
1	13	2016-03-02 02:28:21	40040	1456856901558	620
2	2	2016-03-02 02:28:21	40045	1456856901560	621
2	2	2016-03-02 02:28:21	40055	1456856901561	622
2	2	2016-03-02 02:28:21	40075	1456856901596	623
2	2	2016-03-02 02:28:21	40069	1456856901596	624
2	2	2016-03-02 02:28:21	40068	1456856901601	625
1	16	2016-03-02 02:28:21	40057	1456856901607	626
1	17	2016-03-02 02:28:21	40008	1456856901609	627
2	2	2016-03-02 02:28:21	40076	1456856901611	628
2	2	2016-03-02 02:28:21	40038	1456856901629	629
1	21	2016-03-02 02:28:21	40120	1456856901681	630
2	2	2016-03-02 02:28:21	40124	1456856901690	631
1	25	2016-03-02 02:28:21	40082	1456856901746	632
1	21	2016-03-02 02:28:21	40065	1456856901750	633
1	26	2016-03-02 02:28:21	40136	1456856901763	634
1	0	2016-03-02 02:28:21	40076	1456856901770	635
2	2	2016-03-02 02:28:21	40078	1456856901771	636
2	2	2016-03-02 02:28:21	40123	1456856901773	637
2	2	2016-03-02 02:28:21	40081	1456856901774	638
2	2	2016-03-02 02:28:21	40063	1456856901775	639
2	2	2016-03-02 02:28:21	40077	1456856901776	640
2	2	2016-03-02 02:28:21	40072	1456856901781	641
2	2	2016-03-02 02:28:21	40080	1456856901783	642
2	2	2016-03-02 02:28:21	40018	1456856901793	643
1	2	2016-03-02 02:28:21	40074	1456856901803	644
2	2	2016-03-02 02:28:21	40117	1456856901824	645
2	2	2016-03-02 02:28:21	40126	1456856901830	646
1	6	2016-03-02 02:28:21	40054	1456856901869	647
2	2	2016-03-02 02:28:21	40048	1456856901870	648
1	9	2016-03-02 02:28:21	40059	1456856901919	649
1	10	2016-03-02 02:28:21	40080	1456856901927	650
2	2	2016-03-02 02:28:21	40064	1456856901933	651
1	14	2016-03-02 02:28:21	40047	1456856901987	652
1	14	2016-03-02 02:28:21	40058	1456856901993	653
1	24	2016-03-02 02:28:21	40030	1456856901994	654
1	22	2016-03-02 02:28:22	40017	1456856902109	655
1	22	2016-03-02 02:28:22	40126	1456856902116	656
2	2	2016-03-02 02:28:22	40039	1456856902117	657
2	3	2016-03-02 02:28:22	40065	1456856902149	658
2	2	2016-03-02 02:28:22	40119	1456856902155	659
2	2	2016-03-02 02:28:22	40132	1456856902201	660
1	1	2016-03-02 02:28:22	40064	1456856902203	661
1	2	2016-03-02 02:28:22	40011	1456856902221	662
1	2	2016-03-02 02:28:22	40018	1456856902221	663
2	2	2016-03-02 02:28:22	40020	1456856902233	664
2	2	2016-03-02 02:28:22	40003	1456856902238	665
2	2	2016-03-02 02:28:22	40007	1456856902241	666
2	2	2016-03-02 02:28:22	40006	1456856902243	667
2	2	2016-03-02 02:28:22	40066	1456856902253	668
1	4	2016-03-02 02:28:22	40117	1456856902254	669
2	2	2016-03-02 02:28:22	40130	1456856902257	670
2	2	2016-03-02 02:28:22	40032	1456856902258	671
2	2	2016-03-02 02:28:22	40128	1456856902258	672
2	2	2016-03-02 02:28:22	40033	1456856902259	673
1	4	2016-03-02 02:28:22	40124	1456856902291	674
2	2	2016-03-02 02:28:22	40139	1456856902292	675
2	2	2016-03-02 02:28:22	40131	1456856902293	676
2	2	2016-03-02 02:28:22	40034	1456856902294	677
1	4	2016-03-02 02:28:22	40045	1456856902295	678
2	2	2016-03-02 02:28:22	40084	1456856902295	679
1	7	2016-03-02 02:28:22	40078	1456856902296	680
2	2	2016-03-02 02:28:22	40019	1456856902296	681
1	7	2016-03-02 02:28:22	40069	1456856902297	682
2	2	2016-03-02 02:28:22	40122	1456856902297	683
1	5	2016-03-02 02:28:22	40055	1456856902297	684
2	2	2016-03-02 02:28:22	40135	1456856902308	685
2	2	2016-03-02 02:28:22	40070	1456856902313	686
1	16	2016-03-02 02:28:22	40051	1456856902317	687
1	9	2016-03-02 02:28:22	40010	1456856902329	688
1	11	2016-03-02 02:28:22	40003	1456856902361	689
1	11	2016-03-02 02:28:22	40027	1456856902367	690
2	2	2016-03-02 02:28:22	40024	1456856902368	691
2	2	2016-03-02 02:28:22	40016	1456856902369	692
2	2	2016-03-02 02:28:22	40015	1456856902369	693
2	2	2016-03-02 02:28:22	40031	1456856902380	694
1	13	2016-03-02 02:28:22	40072	1456856902387	695
2	2	2016-03-02 02:28:22	40071	1456856902401	696
2	2	2016-03-02 02:28:22	40067	1456856902405	697
1	14	2016-03-02 02:28:22	40075	1456856902408	698
1	14	2016-03-02 02:28:22	40123	1456856902410	699
2	2	2016-03-02 02:28:22	40120	1456856902412	700
2	2	2016-03-02 02:28:22	40079	1456856902414	701
2	2	2016-03-02 02:28:22	40051	1456856902427	702
1	15	2016-03-02 02:28:22	40068	1456856902428	703
1	17	2016-03-02 02:28:22	40066	1456856902459	704
2	2	2016-03-02 02:28:22	40060	1456856902469	705
1	18	2016-03-02 02:28:22	40005	1456856902469	706
2	2	2016-03-02 02:28:22	40037	1456856902477	707
2	2	2016-03-02 02:28:22	40035	1456856902479	708
1	18	2016-03-02 02:28:22	40039	1456856902483	709
2	3	2016-03-02 02:28:22	40059	1456856902576	710
2	3	2016-03-02 02:28:22	40053	1456856902580	711
2	2	2016-03-02 02:28:22	40083	1456856902581	712
2	3	2016-03-02 02:28:22	40058	1456856902582	713
1	25	2016-03-02 02:28:22	40081	1456856902586	714
1	25	2016-03-02 02:28:22	40084	1456856902592	715
1	1	2016-03-02 02:28:22	40138	1456856902626	716
2	3	2016-03-02 02:28:22	40064	1456856902632	717
1	3	2016-03-02 02:28:22	40063	1456856902650	718
1	5	2016-03-02 02:28:22	40128	1456856902689	719
1	6	2016-03-02 02:28:22	40006	1456856902706	720
2	3	2016-03-02 02:28:22	40124	1456856902708	721
1	8	2016-03-02 02:28:22	40077	1456856902731	722
2	2	2016-03-02 02:28:22	40053	1456856902740	723
2	3	2016-03-02 02:28:22	40069	1456856902741	724
2	2	2016-03-02 02:28:22	40028	1456856902743	725
1	8	2016-03-02 02:28:22	40038	1456856902745	726
2	2	2016-03-02 02:28:22	40036	1456856902755	727
2	3	2016-03-02 02:28:22	40013	1456856902757	728
1	12	2016-03-02 02:28:22	40014	1456856902797	729
1	12	2016-03-02 02:28:22	40048	1456856902808	730
2	3	2016-03-02 02:28:22	40078	1456856902836	731
1	15	2016-03-02 02:28:22	40119	1456856902855	732
1	15	2016-03-02 02:28:22	40031	1456856902857	733
1	16	2016-03-02 02:28:22	40035	1456856902861	734
2	2	2016-03-02 02:28:22	40137	1456856902862	735
1	17	2016-03-02 02:28:22	40132	1456856902870	736
2	3	2016-03-02 02:28:22	40030	1456856902870	737
2	2	2016-03-02 02:28:22	40118	1456856902877	738
2	2	2016-03-02 02:28:22	40133	1456856902888	739
2	2	2016-03-02 02:28:22	40136	1456856902891	740
2	2	2016-03-02 02:28:22	40010	1456856902897	741
2	2	2016-03-02 02:28:22	40009	1456856902897	742
2	2	2016-03-02 02:28:22	40008	1456856902897	743
1	18	2016-03-02 02:28:22	40067	1456856902898	744
1	19	2016-03-02 02:28:22	40037	1456856902907	745
1	19	2016-03-02 02:28:22	40013	1456856902909	746
1	22	2016-03-02 02:28:22	40070	1456856902949	747
1	22	2016-03-02 02:28:22	40024	1456856902956	748
2	2	2016-03-02 02:28:22	40085	1456856902957	749
1	22	2016-03-02 02:28:22	40071	1456856902959	750
2	2	2016-03-02 02:28:22	40074	1456856902965	751
2	3	2016-03-02 02:28:22	40117	1456856902970	752
2	2	2016-03-02 02:28:22	40017	1456856902973	753
2	2	2016-03-02 02:28:22	40019	1456856902973	754
1	23	2016-03-02 02:28:22	40083	1456856902980	755
2	2	2016-03-02 02:28:23	40040	1456856903009	756
2	2	2016-03-02 02:28:23	40056	1456856903016	757
1	26	2016-03-02 02:28:23	40065	1456856903026	758
1	26	2016-03-02 02:28:23	40034	1456856903028	759
1	0	2016-03-02 02:28:23	40036	1456856903042	760
2	3	2016-03-02 02:28:23	40123	1456856903046	761
1	2	2016-03-02 02:28:23	40120	1456856903064	762
2	2	2016-03-02 02:28:23	40126	1456856903069	763
2	2	2016-03-02 02:28:23	40124	1456856903074	764
1	3	2016-03-02 02:28:23	40007	1456856903081	765
1	6	2016-03-02 02:28:23	40122	1456856903131	766
1	7	2016-03-02 02:28:23	40058	1456856903139	767
1	7	2016-03-02 02:28:23	40059	1456856903146	768
1	19	2016-03-02 02:28:23	40135	1456856903152	769
2	2	2016-03-02 02:28:23	40025	1456856903162	770
1	9	2016-03-02 02:28:23	40117	1456856903177	771
1	9	2016-03-02 02:28:23	40130	1456856903180	772
1	10	2016-03-02 02:28:23	40074	1456856903188	773
2	3	2016-03-02 02:28:23	40011	1456856903229	774
1	13	2016-03-02 02:28:23	40032	1456856903244	775
1	15	2016-03-02 02:28:23	40016	1456856903270	776
1	16	2016-03-02 02:28:23	40085	1456856903275	777
1	16	2016-03-02 02:28:23	40064	1456856903284	778
1	17	2016-03-02 02:28:23	40079	1456856903290	779
2	2	2016-03-02 02:28:23	40082	1456856903291	780
2	2	2016-03-02 02:28:23	40073	1456856903295	781
2	2	2016-03-02 02:28:23	40065	1456856903297	782
2	2	2016-03-02 02:28:23	40117	1456856903305	783
1	18	2016-03-02 02:28:23	40118	1456856903307	784
1	18	2016-03-02 02:28:23	40017	1456856903309	785
2	2	2016-03-02 02:28:23	40138	1456856903310	786
1	18	2016-03-02 02:28:23	40133	1456856903312	787
2	2	2016-03-02 02:28:23	40135	1456856903312	788
2	3	2016-03-02 02:28:23	40018	1456856903337	789
2	3	2016-03-02 02:28:23	40039	1456856903343	790
1	20	2016-03-02 02:28:23	40060	1456856903345	791
1	20	2016-03-02 02:28:23	40020	1456856903345	792
2	2	2016-03-02 02:28:23	40026	1456856903347	793
1	21	2016-03-02 02:28:23	40131	1456856903370	794
2	2	2016-03-02 02:28:23	40054	1456856903432	795
1	25	2016-03-02 02:28:23	40139	1456856903436	796
2	2	2016-03-02 02:28:23	40045	1456856903472	797
1	1	2016-03-02 02:28:23	40078	1456856903473	798
2	2	2016-03-02 02:28:23	40055	1456856903475	799
2	2	2016-03-02 02:28:23	40030	1456856903475	800
1	1	2016-03-02 02:28:23	40051	1456856903477	801
2	2	2016-03-02 02:28:23	40038	1456856903479	802
1	10	2016-03-02 02:28:23	40025	1456856903608	803
2	2	2016-03-02 02:28:23	40057	1456856903630	804
1	11	2016-03-02 02:28:23	40053	1456856903631	805
2	2	2016-03-02 02:28:23	40046	1456856903639	806
2	3	2016-03-02 02:28:23	40037	1456856903655	807
1	13	2016-03-02 02:28:23	40011	1456856903657	808
1	13	2016-03-02 02:28:23	40015	1456856903657	809
1	13	2016-03-02 02:28:23	40033	1456856903660	810
2	3	2016-03-02 02:28:23	40071	1456856903676	811
2	2	2016-03-02 02:28:23	40004	1456856903677	812
2	3	2016-03-02 02:28:23	40059	1456856903687	813
1	17	2016-03-02 02:28:23	40019	1456856903717	814
2	2	2016-03-02 02:28:23	40005	1456856903721	815
2	2	2016-03-02 02:28:23	40012	1456856903725	816
1	17	2016-03-02 02:28:23	40065	1456856903727	817
2	2	2016-03-02 02:28:23	40026	1456856903729	818
2	2	2016-03-02 02:28:23	40039	1456856903741	819
1	21	2016-03-02 02:28:23	40056	1456856903780	820
2	2	2016-03-02 02:28:23	40027	1456856903782	821
2	2	2016-03-02 02:28:23	40047	1456856903785	822
1	21	2016-03-02 02:28:23	40057	1456856903789	823
1	21	2016-03-02 02:28:23	40040	1456856903790	824
2	2	2016-03-02 02:28:23	40058	1456856903792	825
2	2	2016-03-02 02:28:23	40048	1456856903794	826
1	22	2016-03-02 02:28:23	40137	1456856903800	827
1	24	2016-03-02 02:28:23	40136	1456856903829	828
1	26	2016-03-02 02:28:23	40010	1456856903857	829
1	0	2016-03-02 02:28:23	40009	1456856903873	830
2	2	2016-03-02 02:28:23	40011	1456856903877	831
1	0	2016-03-02 02:28:23	40046	1456856903878	832
1	1	2016-03-02 02:28:23	40082	1456856903896	833
1	5	2016-03-02 02:28:23	40073	1456856903948	834
1	5	2016-03-02 02:28:23	40045	1456856903950	835
1	9	2016-03-02 02:28:24	40008	1456856904013	836
1	12	2016-03-02 02:28:24	40117	1456856904068	837
2	2	2016-03-02 02:28:24	40130	1456856904072	838
2	2	2016-03-02 02:28:24	40128	1456856904075	839
1	13	2016-03-02 02:28:24	40055	1456856904081	840
2	2	2016-03-02 02:28:24	40059	1456856904085	841
1	16	2016-03-02 02:28:24	40138	1456856904121	842
1	16	2016-03-02 02:28:24	40058	1456856904127	843
1	19	2016-03-02 02:28:24	40135	1456856904172	844
2	2	2016-03-02 02:28:24	40122	1456856904182	845
1	21	2016-03-02 02:28:24	40005	1456856904201	846
2	2	2016-03-02 02:28:24	40002	1456856904205	847
2	2	2016-03-02 02:28:24	40014	1456856904205	848
2	2	2016-03-02 02:28:24	40018	1456856904206	849
2	2	2016-03-02 02:28:24	40037	1456856904212	850
2	2	2016-03-02 02:28:24	40035	1456856904213	851
1	22	2016-03-02 02:28:24	40026	1456856904221	852
2	2	2016-03-02 02:28:24	40036	1456856904235	853
1	23	2016-03-02 02:28:24	40030	1456856904240	854
1	25	2016-03-02 02:28:24	40123	1456856904272	855
1	26	2016-03-02 02:28:24	40124	1456856904283	856
2	2	2016-03-02 02:28:24	40131	1456856904292	857
2	2	2016-03-02 02:28:24	40033	1456856904377	858
2	2	2016-03-02 02:28:24	40034	1456856904382	859
2	2	2016-03-02 02:28:24	40031	1456856904383	860
2	2	2016-03-02 02:28:24	40032	1456856904390	861
1	7	2016-03-02 02:28:24	40126	1456856904404	862
1	7	2016-03-02 02:28:24	40130	1456856904406	863
1	7	2016-03-02 02:28:24	40069	1456856904410	864
1	8	2016-03-02 02:28:24	40039	1456856904426	865
1	9	2016-03-02 02:28:24	40018	1456856904433	866
1	9	2016-03-02 02:28:24	40047	1456856904437	867
2	2	2016-03-02 02:28:24	40003	1456856904441	868
2	2	2016-03-02 02:28:24	40015	1456856904441	869
2	2	2016-03-02 02:28:24	40007	1456856904441	870
2	2	2016-03-02 02:28:24	40066	1456856904448	871
1	10	2016-03-02 02:28:24	40012	1456856904449	872
1	8	2016-03-02 02:28:24	40028	1456856904479	873
1	12	2016-03-02 02:28:24	40038	1456856904483	874
1	14	2016-03-02 02:28:24	40048	1456856904509	875
1	14	2016-03-02 02:28:24	40027	1456856904514	876
1	14	2016-03-02 02:28:24	40011	1456856904514	877
2	2	2016-03-02 02:28:24	40020	1456856904517	878
2	2	2016-03-02 02:28:24	40013	1456856904521	879
2	2	2016-03-02 02:28:24	40006	1456856904521	880
2	2	2016-03-02 02:28:24	40060	1456856904523	881
2	3	2016-03-02 02:28:24	40040	1456856904524	882
2	3	2016-03-02 02:28:24	40051	1456856904542	883
1	19	2016-03-02 02:28:24	40054	1456856904596	884
2	2	2016-03-02 02:28:24	40139	1456856904597	885
2	3	2016-03-02 02:28:24	40056	1456856904608	886
1	20	2016-03-02 02:28:24	40037	1456856904610	887
1	20	2016-03-02 02:28:24	40071	1456856904616	888
1	25	2016-03-02 02:28:24	40002	1456856904685	889
2	2	2016-03-02 02:28:24	40001	1456856904705	890
1	0	2016-03-02 02:28:24	40128	1456856904713	891
2	2	2016-03-02 02:28:24	40137	1456856904737	892
1	1	2016-03-02 02:28:24	40131	1456856904737	893
1	3	2016-03-02 02:28:24	40059	1456856904770	894
2	2	2016-03-02 02:28:24	40119	1456856904810	895
1	7	2016-03-02 02:28:24	40004	1456856904825	896
1	10	2016-03-02 02:28:24	40056	1456856904878	897
2	2	2016-03-02 02:28:24	40016	1456856904941	898
2	2	2016-03-02 02:28:24	40024	1456856904942	899
1	15	2016-03-02 02:28:24	40032	1456856904947	900
1	16	2016-03-02 02:28:24	40015	1456856904965	901
1	18	2016-03-02 02:28:25	40035	1456856905008	902
2	3	2016-03-02 02:28:25	40048	1456856905018	903
1	20	2016-03-02 02:28:25	40034	1456856905035	904
2	2	2016-03-02 02:28:25	40084	1456856905053	905
1	24	2016-03-02 02:28:25	40007	1456856905089	906
1	24	2016-03-02 02:28:25	40122	1456856905089	907
2	3	2016-03-02 02:28:25	40080	1456856905116	908
1	26	2016-03-02 02:28:25	40066	1456856905132	909
2	3	2016-03-02 02:28:25	40126	1456856905151	910
1	1	2016-03-02 02:28:25	40020	1456856905153	911
1	2	2016-03-02 02:28:25	40137	1456856905166	912
1	7	2016-03-02 02:28:25	40036	1456856905253	913
1	8	2016-03-02 02:28:25	40013	1456856905261	914
1	8	2016-03-02 02:28:25	40119	1456856905271	915
2	2	2016-03-02 02:28:25	40133	1456856905271	916
1	11	2016-03-02 02:28:25	40006	1456856905309	917
2	3	2016-03-02 02:28:25	40039	1456856905334	918
2	2	2016-03-02 02:28:25	40028	1456856905339	919
1	17	2016-03-02 02:28:25	40033	1456856905412	920
1	19	2016-03-02 02:28:25	40014	1456856905433	921
1	22	2016-03-02 02:28:25	40060	1456856905479	922
1	23	2016-03-02 02:28:25	40031	1456856905496	923
1	23	2016-03-02 02:28:25	40139	1456856905504	924
1	26	2016-03-02 02:28:25	40051	1456856905544	925
1	4	2016-03-02 02:28:25	40048	1456856905623	926
1	5	2016-03-02 02:28:25	40080	1456856905643	927
1	7	2016-03-02 02:28:25	40003	1456856905669	928
1	11	2016-03-02 02:28:25	40024	1456856905737	929
1	17	2016-03-02 02:28:25	40133	1456856905828	930
1	1	2016-03-02 02:28:26	40084	1456856906006	931
1	4	2016-03-02 02:28:26	40001	1456856906041	932
1	8	2016-03-02 02:28:26	40028	1456856906104	933
1	8	2016-03-02 02:28:26	40126	1456856906105	934
2	2	2016-03-02 02:28:26	40025	1456856906124	935
1	13	2016-03-02 02:28:26	40039	1456856906194	936
1	15	2016-03-02 02:28:26	40016	1456856906213	937
1	19	2016-03-02 02:28:26	40025	1456856906283	938
1	2	2016-03-02 02:28:26	40040	1456856906437	939
2	3	2016-03-02 02:28:26	40008	1456856906705	940
1	10	2016-03-02 02:28:27	40008	1456856907401	941
2	7	2016-03-02 02:28:30	40077	1456856910407	942
2	7	2016-03-02 02:28:30	40063	1456856910432	943
2	3	2016-03-02 02:28:30	40040	1456856910869	944
1	23	2016-03-02 02:28:30	40063	1456856910989	945
2	7	2016-03-02 02:28:31	40076	1456856911056	946
2	7	2016-03-02 02:28:31	40019	1456856911613	947
1	19	2016-03-02 02:28:31	40076	1456856911772	948
2	7	2016-03-02 02:28:31	40136	1456856911821	949
2	3	2016-03-02 02:28:31	40082	1456856911828	950
1	24	2016-03-02 02:28:31	40077	1456856911840	951
1	2	2016-03-02 02:28:31	40040	1456856911921	952
2	7	2016-03-02 02:28:32	40068	1456856912059	953
2	7	2016-03-02 02:28:32	40054	1456856912066	954
1	11	2016-03-02 02:28:32	40082	1456856912067	955
2	7	2016-03-02 02:28:32	40135	1456856912156	956
1	21	2016-03-02 02:28:32	40136	1456856912218	957
2	7	2016-03-02 02:28:32	40046	1456856912219	958
2	7	2016-03-02 02:28:32	40004	1456856912301	959
1	5	2016-03-02 02:28:32	40019	1456856912385	960
2	7	2016-03-02 02:28:32	40005	1456856912457	961
2	7	2016-03-02 02:28:32	40057	1456856912483	962
1	15	2016-03-02 02:28:32	40046	1456856912554	963
2	7	2016-03-02 02:28:32	40047	1456856912633	964
2	7	2016-03-02 02:28:32	40011	1456856912721	965
2	7	2016-03-02 02:28:32	40059	1456856912875	966
2	7	2016-03-02 02:28:32	40002	1456856912877	967
2	7	2016-03-02 02:28:32	40035	1456856912912	968
2	7	2016-03-02 02:28:33	40003	1456856913021	969
2	7	2016-03-02 02:28:33	40060	1456856913044	970
1	21	2016-03-02 02:28:33	40004	1456856913057	971
2	7	2016-03-02 02:28:33	40056	1456856913059	972
1	22	2016-03-02 02:28:33	40135	1456856913080	973
1	0	2016-03-02 02:28:33	40054	1456856913160	974
1	2	2016-03-02 02:28:33	40005	1456856913185	975
1	6	2016-03-02 02:28:33	40057	1456856913248	976
1	21	2016-03-02 02:28:33	40002	1456856913481	977
2	7	2016-03-02 02:28:33	40071	1456856913491	978
1	23	2016-03-02 02:28:33	40003	1456856913513	979
2	7	2016-03-02 02:28:33	40016	1456856913549	980
2	7	2016-03-02 02:28:33	40122	1456856913591	981
1	3	2016-03-02 02:28:33	40068	1456856913618	982
1	3	2016-03-02 02:28:33	40035	1456856913627	983
1	7	2016-03-02 02:28:33	40047	1456856913683	984
2	7	2016-03-02 02:28:33	40024	1456856913795	985
1	17	2016-03-02 02:28:33	40016	1456856913841	986
1	17	2016-03-02 02:28:33	40059	1456856913846	987
1	10	2016-03-02 02:28:34	40056	1456856914157	988
1	10	2016-03-02 02:28:34	40122	1456856914165	989
1	12	2016-03-02 02:28:34	40024	1456856914192	990
1	17	2016-03-02 02:28:34	40071	1456856914271	991
1	21	2016-03-02 02:28:34	40060	1456856914334	992
1	5	2016-03-02 02:28:34	40011	1456856914497	993
2	7	2016-03-02 02:28:35	40008	1456856915253	994
2	7	2016-03-02 02:28:35	40027	1456856915709	995
1	14	2016-03-02 02:28:35	40008	1456856915901	996
1	22	2016-03-02 02:28:36	40027	1456856916456	997
2	7	2016-03-02 02:28:36	40034	1456856916763	998
1	1	2016-03-02 02:28:37	40034	1456856917807	999
2	7	2016-03-02 02:28:38	40072	1456856918225	1000
2	7	2016-03-02 02:28:38	40126	1456856918408	1001
2	7	2016-03-02 02:28:38	40077	1456856918832	1002
1	11	2016-03-02 02:28:39	40126	1456856919234	1003
2	7	2016-03-02 02:28:39	40076	1456856919497	1004
2	7	2016-03-02 02:28:39	40040	1456856919654	1005
1	12	2016-03-02 02:28:39	40072	1456856919675	1006
2	7	2016-03-02 02:28:40	40019	1456856920049	1007
1	2	2016-03-02 02:28:40	40077	1456856920359	1008
2	7	2016-03-02 02:28:40	40054	1456856920496	1009
1	11	2016-03-02 02:28:40	40019	1456856920497	1010
1	13	2016-03-02 02:28:40	40076	1456856920532	1011
2	7	2016-03-02 02:28:40	40068	1456856920591	1012
1	18	2016-03-02 02:28:40	40040	1456856920610	1013
2	7	2016-03-02 02:28:40	40007	1456856920753	1014
2	7	2016-03-02 02:28:40	40063	1456856920791	1015
2	7	2016-03-02 02:28:40	40046	1456856920831	1016
2	7	2016-03-02 02:28:40	40005	1456856920904	1017
2	7	2016-03-02 02:28:41	40001	1456856921065	1018
2	7	2016-03-02 02:28:41	40011	1456856921161	1019
2	7	2016-03-02 02:28:41	40047	1456856921258	1020
2	7	2016-03-02 02:28:41	40123	1456856921272	1021
2	7	2016-03-02 02:28:41	40002	1456856921317	1022
2	7	2016-03-02 02:28:41	40035	1456856921356	1023
2	7	2016-03-02 02:28:41	40018	1456856921457	1024
2	7	2016-03-02 02:28:41	40060	1456856921565	1025
1	0	2016-03-02 02:28:41	40035	1456856921595	1026
2	7	2016-03-02 02:28:41	40056	1456856921685	1027
2	7	2016-03-02 02:28:41	40055	1456856921686	1028
1	11	2016-03-02 02:28:41	40001	1456856921761	1029
1	12	2016-03-02 02:28:41	40046	1456856921788	1030
1	14	2016-03-02 02:28:41	40054	1456856921820	1031
1	15	2016-03-02 02:28:41	40018	1456856921821	1032
1	15	2016-03-02 02:28:41	40063	1456856921826	1033
1	15	2016-03-02 02:28:41	40005	1456856921826	1034
1	15	2016-03-02 02:28:41	40011	1456856921826	1035
1	21	2016-03-02 02:28:41	40002	1456856921917	1036
1	24	2016-03-02 02:28:41	40060	1456856921963	1037
2	7	2016-03-02 02:28:41	40016	1456856921989	1038
2	7	2016-03-02 02:28:42	40010	1456856922005	1039
1	2	2016-03-02 02:28:42	40007	1456856922041	1040
2	7	2016-03-02 02:28:42	40033	1456856922071	1041
1	6	2016-03-02 02:28:42	40123	1456856922116	1042
1	7	2016-03-02 02:28:42	40055	1456856922133	1043
1	10	2016-03-02 02:28:42	40047	1456856922166	1044
1	19	2016-03-02 02:28:42	40068	1456856922310	1045
2	3	2016-03-02 02:28:42	40018	1456856922345	1046
1	3	2016-03-02 02:28:42	40016	1456856922481	1047
2	7	2016-03-02 02:28:42	40014	1456856922489	1048
1	15	2016-03-02 02:28:42	40056	1456856922672	1049
2	3	2016-03-02 02:28:42	40054	1456856922840	1050
1	9	2016-03-02 02:28:42	40018	1456856922993	1051
2	7	2016-03-02 02:28:43	40059	1456856923002	1052
1	21	2016-03-02 02:28:43	40054	1456856923191	1053
1	23	2016-03-02 02:28:43	40010	1456856923213	1054
1	25	2016-03-02 02:28:43	40033	1456856923250	1055
1	8	2016-03-02 02:28:43	40059	1456856923400	1056
2	7	2016-03-02 02:28:43	40024	1456856923616	1057
2	7	2016-03-02 02:28:43	40008	1456856923693	1058
1	17	2016-03-02 02:28:43	40014	1456856923965	1059
2	3	2016-03-02 02:28:43	40011	1456856923973	1060
2	7	2016-03-02 02:28:43	40135	1456856923979	1061
2	7	2016-03-02 02:28:44	40038	1456856924108	1062
2	7	2016-03-02 02:28:44	40132	1456856924302	1063
1	26	2016-03-02 02:28:44	40008	1456856924525	1064
1	3	2016-03-02 02:28:44	40132	1456856924588	1065
1	11	2016-03-02 02:28:44	40024	1456856924712	1066
1	19	2016-03-02 02:28:44	40135	1456856924840	1067
2	7	2016-03-02 02:28:44	40138	1456856924905	1068
1	4	2016-03-02 02:28:45	40011	1456856925025	1069
1	21	2016-03-02 02:28:45	40038	1456856925304	1070
1	26	2016-03-02 02:28:45	40138	1456856925795	1071
2	7	2016-03-02 02:28:46	40057	1456856926401	1072
2	7	2016-03-02 02:28:46	40071	1456856926571	1073
2	7	2016-03-02 02:28:46	40075	1456856926669	1074
2	7	2016-03-02 02:28:46	40124	1456856926835	1075
2	2	2016-03-02 02:28:47	40014	1456856927085	1076
2	2	2016-03-02 02:28:47	40018	1456856927086	1077
2	2	2016-03-02 02:28:47	40060	1456856927092	1078
1	6	2016-03-02 02:28:47	40057	1456856927165	1079
1	8	2016-03-02 02:28:47	40071	1456856927209	1080
1	14	2016-03-02 02:28:47	40075	1456856927290	1081
2	7	2016-03-02 02:28:47	40037	1456856927423	1082
2	7	2016-03-02 02:28:47	40077	1456856927462	1083
1	14	2016-03-02 02:28:47	40014	1456856927709	1084
2	2	2016-03-02 02:28:47	40035	1456856927717	1085
2	2	2016-03-02 02:28:47	40005	1456856927717	1086
2	2	2016-03-02 02:28:47	40003	1456856927717	1087
2	2	2016-03-02 02:28:47	40066	1456856927721	1088
2	2	2016-03-02 02:28:47	40037	1456856927726	1089
2	2	2016-03-02 02:28:47	40048	1456856927934	1090
1	1	2016-03-02 02:28:47	40060	1456856927936	1091
2	7	2016-03-02 02:28:47	40076	1456856927939	1092
2	2	2016-03-02 02:28:47	40031	1456856927946	1093
2	2	2016-03-02 02:28:47	40033	1456856927948	1094
2	7	2016-03-02 02:28:47	40119	1456856927952	1095
1	8	2016-03-02 02:28:48	40048	1456856928045	1096
2	2	2016-03-02 02:28:48	40024	1456856928050	1097
2	2	2016-03-02 02:28:48	40045	1456856928053	1098
2	2	2016-03-02 02:28:48	40047	1456856928054	1099
2	2	2016-03-02 02:28:48	40040	1456856928055	1100
2	2	2016-03-02 02:28:48	40054	1456856928055	1101
1	9	2016-03-02 02:28:48	40018	1456856928058	1102
2	2	2016-03-02 02:28:48	40007	1456856928061	1103
1	13	2016-03-02 02:28:48	40124	1456856928123	1104
2	2	2016-03-02 02:28:48	40008	1456856928137	1105
2	2	2016-03-02 02:28:48	40013	1456856928138	1106
2	2	2016-03-02 02:28:48	40011	1456856928138	1107
2	2	2016-03-02 02:28:48	40001	1456856928138	1108
1	17	2016-03-02 02:28:48	40031	1456856928184	1109
2	2	2016-03-02 02:28:48	40027	1456856928192	1110
2	2	2016-03-02 02:28:48	40039	1456856928235	1111
1	20	2016-03-02 02:28:48	40037	1456856928235	1112
2	2	2016-03-02 02:28:48	40038	1456856928237	1113
2	2	2016-03-02 02:28:48	40036	1456856928241	1114
2	2	2016-03-02 02:28:48	40026	1456856928242	1115
1	5	2016-03-02 02:28:48	40066	1456856928421	1116
2	2	2016-03-02 02:28:48	40016	1456856928421	1117
1	6	2016-03-02 02:28:48	40005	1456856928429	1118
2	2	2016-03-02 02:28:48	40002	1456856928441	1119
1	9	2016-03-02 02:28:48	40077	1456856928481	1120
2	2	2016-03-02 02:28:48	40015	1456856928481	1121
1	9	2016-03-02 02:28:48	40045	1456856928484	1122
2	7	2016-03-02 02:28:48	40019	1456856928489	1123
2	2	2016-03-02 02:28:48	40051	1456856928492	1124
2	2	2016-03-02 02:28:48	40058	1456856928494	1125
1	19	2016-03-02 02:28:48	40008	1456856928634	1126
1	19	2016-03-02 02:28:48	40036	1456856928639	1127
2	2	2016-03-02 02:28:48	40004	1456856928641	1128
2	2	2016-03-02 02:28:48	40009	1456856928642	1129
2	2	2016-03-02 02:28:48	40067	1456856928648	1130
2	3	2016-03-02 02:28:48	40133	1456856928764	1131
1	0	2016-03-02 02:28:48	40076	1456856928767	1132
1	2	2016-03-02 02:28:48	40067	1456856928791	1133
2	2	2016-03-02 02:28:48	40072	1456856928804	1134
1	7	2016-03-02 02:28:48	40007	1456856928865	1135
1	7	2016-03-02 02:28:48	40003	1456856928866	1136
2	2	2016-03-02 02:28:48	40006	1456856928873	1137
2	2	2016-03-02 02:28:48	40020	1456856928874	1138
1	7	2016-03-02 02:28:48	40133	1456856928875	1139
2	2	2016-03-02 02:28:48	40034	1456856928907	1140
2	2	2016-03-02 02:28:48	40032	1456856928916	1141
1	11	2016-03-02 02:28:48	40119	1456856928937	1142
1	12	2016-03-02 02:28:48	40027	1456856928956	1143
2	2	2016-03-02 02:28:48	40055	1456856928958	1144
2	2	2016-03-02 02:28:48	40056	1456856928959	1145
1	14	2016-03-02 02:28:48	40047	1456856928977	1146
2	2	2016-03-02 02:28:48	40059	1456856928989	1147
1	15	2016-03-02 02:28:48	40026	1456856928989	1148
1	15	2016-03-02 02:28:48	40035	1456856928990	1149
2	2	2016-03-02 02:28:48	40019	1456856928997	1150
2	7	2016-03-02 02:28:49	40068	1456856929027	1151
2	2	2016-03-02 02:28:49	40017	1456856929029	1152
1	17	2016-03-02 02:28:49	40039	1456856929031	1153
1	18	2016-03-02 02:28:49	40040	1456856929044	1154
2	2	2016-03-02 02:28:49	40081	1456856929046	1155
2	2	2016-03-02 02:28:49	40053	1456856929047	1156
2	2	2016-03-02 02:28:49	40063	1456856929065	1157
1	20	2016-03-02 02:28:49	40009	1456856929069	1158
1	20	2016-03-02 02:28:49	40001	1456856929070	1159
2	2	2016-03-02 02:28:49	40010	1456856929078	1160
1	20	2016-03-02 02:28:49	40034	1456856929082	1161
1	21	2016-03-02 02:28:49	40002	1456856929085	1162
1	22	2016-03-02 02:28:49	40019	1456856929101	1163
2	2	2016-03-02 02:28:49	40080	1456856929102	1164
1	23	2016-03-02 02:28:49	40058	1456856929115	1165
1	24	2016-03-02 02:28:49	40033	1456856929142	1166
1	25	2016-03-02 02:28:49	40011	1456856929149	1167
1	26	2016-03-02 02:28:49	40054	1456856929172	1168
2	2	2016-03-02 02:28:49	40084	1456856929173	1169
1	0	2016-03-02 02:28:49	40024	1456856929178	1170
1	3	2016-03-02 02:28:49	40013	1456856929225	1171
1	4	2016-03-02 02:28:49	40038	1456856929242	1172
2	2	2016-03-02 02:28:49	40028	1456856929249	1173
2	2	2016-03-02 02:28:49	40030	1456856929250	1174
2	7	2016-03-02 02:28:49	40046	1456856929267	1175
1	6	2016-03-02 02:28:49	40032	1456856929282	1176
1	8	2016-03-02 02:28:49	40015	1456856929301	1177
2	3	2016-03-02 02:28:49	40003	1456856929317	1178
2	3	2016-03-02 02:28:49	40007	1456856929325	1179
1	11	2016-03-02 02:28:49	40006	1456856929349	1180
1	13	2016-03-02 02:28:49	40081	1456856929380	1181
1	13	2016-03-02 02:28:49	40004	1456856929381	1182
2	2	2016-03-02 02:28:49	40076	1456856929388	1183
2	2	2016-03-02 02:28:49	40077	1456856929388	1184
1	13	2016-03-02 02:28:49	40055	1456856929388	1185
2	2	2016-03-02 02:28:49	40075	1456856929391	1186
2	2	2016-03-02 02:28:49	40068	1456856929393	1187
2	2	2016-03-02 02:28:49	40069	1456856929395	1188
2	2	2016-03-02 02:28:49	40083	1456856929398	1189
2	2	2016-03-02 02:28:49	40078	1456856929402	1190
1	18	2016-03-02 02:28:49	40080	1456856929469	1191
2	2	2016-03-02 02:28:49	40064	1456856929478	1192
2	3	2016-03-02 02:28:49	40035	1456856929482	1193
2	2	2016-03-02 02:28:49	40136	1456856929537	1194
1	25	2016-03-02 02:28:49	40072	1456856929569	1195
1	25	2016-03-02 02:28:49	40051	1456856929573	1196
2	2	2016-03-02 02:28:49	40071	1456856929582	1197
2	2	2016-03-02 02:28:49	40070	1456856929585	1198
1	3	2016-03-02 02:28:49	40059	1456856929662	1199
1	4	2016-03-02 02:28:49	40016	1456856929663	1200
1	11	2016-03-02 02:28:49	40075	1456856929773	1201
1	22	2016-03-02 02:28:49	40083	1456856929781	1202
2	2	2016-03-02 02:28:49	40079	1456856929791	1203
2	3	2016-03-02 02:28:49	40037	1456856929827	1204
1	15	2016-03-02 02:28:49	40084	1456856929840	1205
1	16	2016-03-02 02:28:49	40020	1456856929849	1206
1	17	2016-03-02 02:28:49	40063	1456856929877	1207
1	19	2016-03-02 02:28:49	40071	1456856929901	1208
2	2	2016-03-02 02:28:49	40074	1456856929912	1209
1	20	2016-03-02 02:28:49	40017	1456856929913	1210
1	20	2016-03-02 02:28:49	40076	1456856929914	1211
1	20	2016-03-02 02:28:49	40069	1456856929919	1212
2	2	2016-03-02 02:28:49	40012	1456856929949	1213
1	23	2016-03-02 02:28:49	40003	1456856929961	1214
2	2	2016-03-02 02:28:50	40057	1456856930000	1215
2	3	2016-03-02 02:28:50	40055	1456856930010	1216
1	26	2016-03-02 02:28:50	40070	1456856930014	1217
2	3	2016-03-02 02:28:50	40081	1456856930018	1218
1	0	2016-03-02 02:28:50	40068	1456856930030	1219
2	3	2016-03-02 02:28:50	40072	1456856930031	1220
1	0	2016-03-02 02:28:50	40046	1456856930033	1221
1	5	2016-03-02 02:28:50	40056	1456856930105	1222
1	7	2016-03-02 02:28:50	40007	1456856930133	1223
1	9	2016-03-02 02:28:50	40010	1456856930161	1224
1	9	2016-03-02 02:28:50	40077	1456856930169	1225
1	10	2016-03-02 02:28:50	40030	1456856930190	1226
2	3	2016-03-02 02:28:50	40001	1456856930233	1227
2	2	2016-03-02 02:28:50	40025	1456856930311	1228
1	18	2016-03-02 02:28:50	40028	1456856930316	1229
1	19	2016-03-02 02:28:50	40053	1456856930321	1230
2	2	2016-03-02 02:28:50	40046	1456856930336	1231
1	23	2016-03-02 02:28:50	40078	1456856930388	1232
2	2	2016-03-02 02:28:50	40085	1456856930435	1233
2	3	2016-03-02 02:28:50	40069	1456856930459	1234
1	4	2016-03-02 02:28:50	40055	1456856930505	1235
1	4	2016-03-02 02:28:50	40136	1456856930506	1236
2	2	2016-03-02 02:28:50	40118	1456856930516	1237
2	2	2016-03-02 02:28:50	40132	1456856930528	1238
2	2	2016-03-02 02:28:50	40120	1456856930528	1239
1	7	2016-03-02 02:28:50	40001	1456856930554	1240
1	11	2016-03-02 02:28:50	40012	1456856930617	1241
1	11	2016-03-02 02:28:50	40046	1456856930623	1242
2	3	2016-03-02 02:28:50	40076	1456856930631	1243
1	14	2016-03-02 02:28:50	40074	1456856930676	1244
1	17	2016-03-02 02:28:50	40079	1456856930715	1245
2	2	2016-03-02 02:28:50	40138	1456856930725	1246
1	22	2016-03-02 02:28:50	40138	1456856930789	1247
1	24	2016-03-02 02:28:50	40085	1456856930818	1248
2	2	2016-03-02 02:28:50	40082	1456856930830	1249
2	2	2016-03-02 02:28:50	40065	1456856930830	1250
2	2	2016-03-02 02:28:50	40073	1456856930838	1251
1	12	2016-03-02 02:28:51	40037	1456856931053	1252
2	3	2016-03-02 02:28:51	40083	1456856931057	1253
1	12	2016-03-02 02:28:51	40035	1456856931057	1254
1	14	2016-03-02 02:28:51	40076	1456856931093	1255
2	2	2016-03-02 02:28:51	40123	1456856931093	1256
1	19	2016-03-02 02:28:51	40025	1456856931171	1257
1	20	2016-03-02 02:28:51	40065	1456856931181	1258
1	15	2016-03-02 02:28:51	40057	1456856931290	1259
1	1	2016-03-02 02:28:51	40073	1456856931316	1260
1	5	2016-03-02 02:28:51	40072	1456856931370	1261
1	5	2016-03-02 02:28:51	40132	1456856931372	1262
2	2	2016-03-02 02:28:51	40135	1456856931373	1263
1	6	2016-03-02 02:28:51	40082	1456856931387	1264
1	7	2016-03-02 02:28:51	40069	1456856931397	1265
2	3	2016-03-02 02:28:51	40037	1456856931515	1266
1	15	2016-03-02 02:28:51	40118	1456856931535	1267
2	2	2016-03-02 02:28:51	40126	1456856931536	1268
2	2	2016-03-02 02:28:51	40124	1456856931542	1269
1	20	2016-03-02 02:28:51	40120	1456856931609	1270
2	2	2016-03-02 02:28:51	40139	1456856931641	1271
2	2	2016-03-02 02:28:51	40131	1456856931642	1272
2	2	2016-03-02 02:28:51	40122	1456856931647	1273
2	2	2016-03-02 02:28:51	40137	1456856931650	1274
1	4	2016-03-02 02:28:51	40081	1456856931786	1275
2	3	2016-03-02 02:28:51	40035	1456856931788	1276
1	18	2016-03-02 02:28:51	40064	1456856931798	1277
2	3	2016-03-02 02:28:51	40080	1456856931813	1278
1	8	2016-03-02 02:28:51	40139	1456856931848	1279
1	14	2016-03-02 02:28:51	40131	1456856931928	1280
2	3	2016-03-02 02:28:51	40132	1456856931945	1281
2	2	2016-03-02 02:28:51	40133	1456856931949	1282
1	16	2016-03-02 02:28:51	40123	1456856931968	1283
1	19	2016-03-02 02:28:52	40083	1456856932013	1284
2	2	2016-03-02 02:28:52	40119	1456856932068	1285
1	12	2016-03-02 02:28:52	40122	1456856932331	1286
1	16	2016-03-02 02:28:52	40137	1456856932380	1287
1	20	2016-03-02 02:28:52	40037	1456856932454	1288
2	3	2016-03-02 02:28:52	40057	1456856932532	1289
1	26	2016-03-02 02:28:52	40135	1456856932536	1290
2	3	2016-03-02 02:28:52	40038	1456856932542	1291
1	1	2016-03-02 02:28:52	40124	1456856932576	1292
1	8	2016-03-02 02:28:52	40126	1456856932680	1293
2	2	2016-03-02 02:28:52	40117	1456856932802	1294
2	3	2016-03-02 02:28:52	40081	1456856932853	1295
1	25	2016-03-02 02:28:52	40133	1456856932953	1296
2	2	2016-03-02 02:28:53	40128	1456856933001	1297
2	2	2016-03-02 02:28:53	40130	1456856933007	1298
1	10	2016-03-02 02:28:53	40132	1456856933139	1299
1	16	2016-03-02 02:28:53	40057	1456856933232	1300
1	18	2016-03-02 02:28:53	40117	1456856933263	1301
1	19	2016-03-02 02:28:53	40080	1456856933280	1302
1	23	2016-03-02 02:28:53	40119	1456856933340	1303
1	26	2016-03-02 02:28:53	40035	1456856933395	1304
1	7	2016-03-02 02:28:53	40128	1456856933511	1305
1	13	2016-03-02 02:28:53	40038	1456856933610	1306
1	16	2016-03-02 02:28:53	40130	1456856933660	1307
1	24	2016-03-02 02:28:54	40081	1456856934621	1308
2	7	2016-03-02 02:28:56	40005	1456856936266	1309
2	7	2016-03-02 02:28:56	40024	1456856936536	1310
1	6	2016-03-02 02:28:56	40005	1456856936865	1311
2	7	2016-03-02 02:28:56	40047	1456856936902	1312
2	7	2016-03-02 02:28:57	40015	1456856937154	1313
2	7	2016-03-02 02:28:57	40016	1456856937158	1314
1	11	2016-03-02 02:28:57	40024	1456856937379	1315
1	12	2016-03-02 02:28:57	40016	1456856937381	1316
2	7	2016-03-02 02:28:57	40040	1456856937493	1317
2	7	2016-03-02 02:28:57	40054	1456856937497	1318
2	3	2016-03-02 02:28:57	40079	1456856937567	1319
2	7	2016-03-02 02:28:57	40063	1456856937610	1320
2	7	2016-03-02 02:28:57	40059	1456856937699	1321
1	6	2016-03-02 02:28:57	40054	1456856937720	1322
2	7	2016-03-02 02:28:57	40058	1456856937795	1323
1	14	2016-03-02 02:28:57	40047	1456856937841	1324
2	7	2016-03-02 02:28:57	40002	1456856937953	1325
2	7	2016-03-02 02:28:58	40030	1456856938012	1326
1	3	2016-03-02 02:28:58	40079	1456856938093	1327
2	3	2016-03-02 02:28:58	40032	1456856938179	1328
2	7	2016-03-02 02:28:58	40019	1456856938202	1329
1	14	2016-03-02 02:28:58	40019	1456856938258	1330
2	7	2016-03-02 02:28:58	40077	1456856938338	1331
1	21	2016-03-02 02:28:58	40058	1456856938369	1332
1	21	2016-03-02 02:28:58	40063	1456856938374	1333
1	22	2016-03-02 02:28:58	40059	1456856938384	1334
2	7	2016-03-02 02:28:58	40055	1456856938542	1335
2	7	2016-03-02 02:28:58	40034	1456856938558	1336
1	8	2016-03-02 02:28:58	40015	1456856938586	1337
1	16	2016-03-02 02:28:58	40032	1456856938720	1338
1	17	2016-03-02 02:28:58	40002	1456856938725	1339
1	18	2016-03-02 02:28:58	40040	1456856938753	1340
1	17	2016-03-02 02:28:59	40077	1456856939150	1341
1	18	2016-03-02 02:28:59	40034	1456856939163	1342
2	7	2016-03-02 02:28:59	40069	1456856939233	1343
1	23	2016-03-02 02:28:59	40030	1456856939254	1344
1	20	2016-03-02 02:28:59	40055	1456856939627	1345
2	7	2016-03-02 02:28:59	40037	1456856939952	1346
2	7	2016-03-02 02:29:00	40017	1456856940014	1347
2	3	2016-03-02 02:29:00	40074	1456856940242	1348
2	7	2016-03-02 02:29:00	40035	1456856940280	1349
2	3	2016-03-02 02:29:00	40040	1456856940299	1350
1	12	2016-03-02 02:29:00	40069	1456856940345	1351
2	7	2016-03-02 02:29:00	40135	1456856940376	1352
2	7	2016-03-02 02:29:00	40046	1456856940399	1353
1	0	2016-03-02 02:29:00	40017	1456856940570	1354
2	7	2016-03-02 02:29:00	40132	1456856940782	1355
1	9	2016-03-02 02:29:01	40132	1456856941132	1356
2	7	2016-03-02 02:29:01	40011	1456856941186	1357
2	7	2016-03-02 02:29:01	40038	1456856941374	1358
1	1	2016-03-02 02:29:01	40046	1456856941436	1359
1	6	2016-03-02 02:29:01	40135	1456856941508	1360
1	6	2016-03-02 02:29:01	40074	1456856941515	1361
1	7	2016-03-02 02:29:01	40038	1456856941533	1362
1	10	2016-03-02 02:29:01	40037	1456856941576	1363
1	22	2016-03-02 02:29:01	40035	1456856941760	1364
1	26	2016-03-02 02:29:01	40040	1456856941830	1365
2	7	2016-03-02 02:29:02	40068	1456856942557	1366
2	7	2016-03-02 02:29:02	40075	1456856942620	1367
1	26	2016-03-02 02:29:02	40011	1456856942662	1368
1	0	2016-03-02 02:29:03	40075	1456856943527	1369
1	4	2016-03-02 02:29:04	40068	1456856944006	1370
2	7	2016-03-02 02:29:04	40076	1456856944312	1371
2	7	2016-03-02 02:29:04	40081	1456856944657	1372
2	7	2016-03-02 02:29:04	40005	1456856944954	1373
2	7	2016-03-02 02:29:04	40024	1456856944975	1374
1	24	2016-03-02 02:29:05	40076	1456856945172	1375
2	7	2016-03-02 02:29:05	40047	1456856945463	1376
1	2	2016-03-02 02:29:05	40005	1456856945662	1377
2	7	2016-03-02 02:29:05	40016	1456856945702	1378
2	7	2016-03-02 02:29:05	40015	1456856945767	1379
2	7	2016-03-02 02:29:05	40054	1456856945933	1380
1	25	2016-03-02 02:29:06	40024	1456856946024	1381
2	7	2016-03-02 02:29:06	40071	1456856946041	1382
2	7	2016-03-02 02:29:06	40059	1456856946123	1383
1	13	2016-03-02 02:29:06	40081	1456856946266	1384
2	7	2016-03-02 02:29:06	40063	1456856946347	1385
2	7	2016-03-02 02:29:06	40070	1456856946434	1386
2	7	2016-03-02 02:29:06	40030	1456856946439	1387
1	7	2016-03-02 02:29:06	40071	1456856946583	1388
2	7	2016-03-02 02:29:06	40002	1456856946642	1389
2	7	2016-03-02 02:29:06	40001	1456856946670	1390
1	19	2016-03-02 02:29:06	40015	1456856946770	1391
2	7	2016-03-02 02:29:06	40077	1456856946778	1392
1	5	2016-03-02 02:29:06	40001	1456856946974	1393
2	7	2016-03-02 02:29:06	40055	1456856946978	1394
1	6	2016-03-02 02:29:06	40059	1456856946999	1395
1	10	2016-03-02 02:29:07	40047	1456856947055	1396
1	11	2016-03-02 02:29:07	40070	1456856947071	1397
2	7	2016-03-02 02:29:07	40034	1456856947142	1398
1	22	2016-03-02 02:29:07	40054	1456856947241	1399
1	6	2016-03-02 02:29:07	40063	1456856947413	1400
1	8	2016-03-02 02:29:07	40016	1456856947447	1401
2	3	2016-03-02 02:29:07	40066	1456856947558	1402
2	7	2016-03-02 02:29:07	40119	1456856947565	1403
2	7	2016-03-02 02:29:07	40069	1456856947672	1404
1	24	2016-03-02 02:29:07	40030	1456856947697	1405
1	2	2016-03-02 02:29:07	40119	1456856947772	1406
1	6	2016-03-02 02:29:07	40002	1456856947834	1407
1	6	2016-03-02 02:29:07	40034	1456856947843	1408
1	15	2016-03-02 02:29:07	40066	1456856947987	1409
1	20	2016-03-02 02:29:08	40077	1456856948052	1410
2	7	2016-03-02 02:29:08	40037	1456856948390	1411
1	18	2016-03-02 02:29:08	40055	1456856948445	1412
1	8	2016-03-02 02:29:08	40069	1456856948721	1413
2	7	2016-03-02 02:29:08	40046	1456856948836	1414
2	7	2016-03-02 02:29:08	40040	1456856948877	1415
2	7	2016-03-02 02:29:09	40035	1456856949107	1416
2	3	2016-03-02 02:29:09	40123	1456856949239	1417
1	20	2016-03-02 02:29:09	40035	1456856949329	1418
1	4	2016-03-02 02:29:09	40037	1456856949488	1419
2	7	2016-03-02 02:29:09	40011	1456856949734	1420
1	23	2016-03-02 02:29:09	40040	1456856949785	1421
1	23	2016-03-02 02:29:09	40046	1456856949793	1422
2	7	2016-03-02 02:29:09	40038	1456856949829	1423
2	7	2016-03-02 02:29:10	40045	1456856950102	1424
2	7	2016-03-02 02:29:10	40080	1456856950137	1425
1	24	2016-03-02 02:29:10	40011	1456856950226	1426
2	7	2016-03-02 02:29:10	40019	1456856950442	1427
1	15	2016-03-02 02:29:10	40080	1456856950504	1428
1	16	2016-03-02 02:29:10	40123	1456856950528	1429
2	7	2016-03-02 02:29:11	40068	1456856951057	1430
2	7	2016-03-02 02:29:11	40075	1456856951058	1431
1	26	2016-03-02 02:29:11	40038	1456856951099	1432
2	3	2016-03-02 02:29:11	40033	1456856951264	1433
1	10	2016-03-02 02:29:11	40019	1456856951275	1434
1	14	2016-03-02 02:29:11	40075	1456856951344	1435
1	21	2016-03-02 02:29:11	40068	1456856951455	1436
1	26	2016-03-02 02:29:11	40045	1456856951519	1437
2	7	2016-03-02 02:29:11	40057	1456856951832	1438
1	10	2016-03-02 02:29:12	40033	1456856952124	1439
2	7	2016-03-02 02:29:12	40135	1456856952200	1440
1	25	2016-03-02 02:29:12	40135	1456856952359	1441
1	4	2016-03-02 02:29:12	40057	1456856952453	1442
2	3	2016-03-02 02:29:12	40033	1456856952793	1443
2	7	2016-03-02 02:29:12	40076	1456856952881	1444
2	7	2016-03-02 02:29:13	40005	1456856953390	1445
1	10	2016-03-02 02:29:13	40076	1456856953391	1446
2	7	2016-03-02 02:29:13	40024	1456856953414	1447
2	3	2016-03-02 02:29:13	40123	1456856953457	1448
1	0	2016-03-02 02:29:13	40033	1456856953653	1449
2	7	2016-03-02 02:29:13	40047	1456856953902	1450
1	24	2016-03-02 02:29:14	40024	1456856954034	1451
2	3	2016-03-02 02:29:14	40133	1456856954216	1452
1	12	2016-03-02 02:29:14	40005	1456856954254	1453
2	7	2016-03-02 02:29:14	40054	1456856954370	1454
2	7	2016-03-02 02:29:14	40059	1456856954562	1455
1	4	2016-03-02 02:29:14	40133	1456856954566	1456
1	11	2016-03-02 02:29:14	40123	1456856954667	1457
2	7	2016-03-02 02:29:14	40070	1456856954867	1458
2	7	2016-03-02 02:29:14	40030	1456856954882	1459
2	7	2016-03-02 02:29:15	40002	1456856955078	1460
2	7	2016-03-02 02:29:15	40016	1456856955138	1461
2	7	2016-03-02 02:29:15	40077	1456856955202	1462
2	7	2016-03-02 02:29:15	40008	1456856955218	1463
1	20	2016-03-02 02:29:15	40047	1456856955234	1464
2	7	2016-03-02 02:29:15	40055	1456856955414	1465
1	6	2016-03-02 02:29:15	40016	1456856955430	1466
1	13	2016-03-02 02:29:15	40059	1456856955550	1467
2	7	2016-03-02 02:29:15	40034	1456856955582	1468
1	0	2016-03-02 02:29:15	40030	1456856955758	1469
1	0	2016-03-02 02:29:15	40008	1456856955758	1470
1	1	2016-03-02 02:29:15	40002	1456856955774	1471
1	2	2016-03-02 02:29:15	40054	1456856955789	1472
1	11	2016-03-02 02:29:15	40070	1456856955933	1473
1	17	2016-03-02 02:29:16	40034	1456856956028	1474
2	7	2016-03-02 02:29:16	40048	1456856956431	1475
2	7	2016-03-02 02:29:16	40130	1456856956463	1476
1	12	2016-03-02 02:29:16	40077	1456856956794	1477
1	18	2016-03-02 02:29:16	40055	1456856956881	1478
1	11	2016-03-02 02:29:17	40130	1456856957196	1479
2	7	2016-03-02 02:29:17	40040	1456856957311	1480
2	7	2016-03-02 02:29:17	40046	1456856957320	1481
1	10	2016-03-02 02:29:17	40048	1456856957608	1482
1	3	2016-03-02 02:29:17	40046	1456856957911	1483
2	7	2016-03-02 02:29:18	40015	1456856958234	1484
2	7	2016-03-02 02:29:18	40038	1456856958257	1485
2	7	2016-03-02 02:29:18	40035	1456856958267	1486
1	6	2016-03-02 02:29:18	40040	1456856958379	1487
2	7	2016-03-02 02:29:18	40080	1456856958574	1488
2	7	2016-03-02 02:29:18	40063	1456856958615	1489
1	2	2016-03-02 02:29:18	40015	1456856958742	1490
2	7	2016-03-02 02:29:18	40019	1456856958874	1491
1	10	2016-03-02 02:29:19	40038	1456856959293	1492
1	16	2016-03-02 02:29:19	40080	1456856959387	1493
2	7	2016-03-02 02:29:19	40075	1456856959494	1494
1	10	2016-03-02 02:29:19	40019	1456856959710	1495
2	7	2016-03-02 02:29:19	40068	1456856959844	1496
1	20	2016-03-02 02:29:19	40035	1456856959873	1497
1	22	2016-03-02 02:29:19	40063	1456856959904	1498
1	1	2016-03-02 02:29:20	40068	1456856960003	1499
1	14	2016-03-02 02:29:20	40075	1456856960195	1500
2	7	2016-03-02 02:29:20	40057	1456856960271	1501
2	7	2016-03-02 02:29:20	40067	1456856960286	1502
2	7	2016-03-02 02:29:21	40132	1456856961100	1503
2	3	2016-03-02 02:29:21	40031	1456856961239	1504
2	7	2016-03-02 02:29:21	40033	1456856961298	1505
1	10	2016-03-02 02:29:21	40067	1456856961400	1506
2	7	2016-03-02 02:29:21	40076	1456856961435	1507
1	4	2016-03-02 02:29:21	40057	1456856961736	1508
2	7	2016-03-02 02:29:21	40005	1456856961826	1509
2	7	2016-03-02 02:29:21	40024	1456856961852	1510
1	25	2016-03-02 02:29:22	40024	1456856962059	1511
1	7	2016-03-02 02:29:22	40031	1456856962193	1512
2	7	2016-03-02 02:29:22	40123	1456856962244	1513
2	7	2016-03-02 02:29:22	40001	1456856962278	1514
1	17	2016-03-02 02:29:22	40076	1456856962358	1515
1	21	2016-03-02 02:29:22	40132	1456856962421	1516
1	25	2016-03-02 02:29:22	40005	1456856962474	1517
2	7	2016-03-02 02:29:22	40047	1456856962475	1518
2	7	2016-03-02 02:29:22	40054	1456856962806	1519
1	22	2016-03-02 02:29:22	40033	1456856962859	1520
2	7	2016-03-02 02:29:22	40006	1456856962874	1521
1	1	2016-03-02 02:29:22	40001	1456856962942	1522
1	2	2016-03-02 02:29:22	40123	1456856962960	1523
2	7	2016-03-02 02:29:23	40059	1456856963002	1524
1	17	2016-03-02 02:29:23	40047	1456856963191	1525
1	1	2016-03-02 02:29:23	40059	1456856963368	1526
2	7	2016-03-02 02:29:23	40002	1456856963514	1527
2	7	2016-03-02 02:29:23	40016	1456856963578	1528
2	7	2016-03-02 02:29:23	40077	1456856963642	1529
1	19	2016-03-02 02:29:23	40006	1456856963646	1530
1	4	2016-03-02 02:29:23	40016	1456856963834	1531
2	7	2016-03-02 02:29:23	40055	1456856963850	1532
1	12	2016-03-02 02:29:23	40002	1456856963958	1533
1	23	2016-03-02 02:29:24	40054	1456856964130	1534
1	20	2016-03-02 02:29:24	40077	1456856964517	1535
2	3	2016-03-02 02:29:24	40016	1456856964842	1536
2	7	2016-03-02 02:29:24	40037	1456856964851	1537
2	7	2016-03-02 02:29:24	40048	1456856964859	1538
1	22	2016-03-02 02:29:24	40055	1456856964966	1539
1	2	2016-03-02 02:29:25	40048	1456856965066	1540
2	7	2016-03-02 02:29:25	40046	1456856965757	1541
2	7	2016-03-02 02:29:25	40040	1456856965760	1542
1	12	2016-03-02 02:29:26	40016	1456856966070	1543
1	16	2016-03-02 02:29:26	40037	1456856966140	1544
1	9	2016-03-02 02:29:26	40046	1456856966443	1545
1	10	2016-03-02 02:29:26	40040	1456856966462	1546
2	3	2016-03-02 02:29:26	40078	1456856966610	1547
2	7	2016-03-02 02:29:26	40015	1456856966670	1548
2	7	2016-03-02 02:29:26	40038	1456856966690	1549
2	7	2016-03-02 02:29:27	40080	1456856967010	1550
2	7	2016-03-02 02:29:27	40063	1456856967081	1551
1	7	2016-03-02 02:29:27	40080	1456856967265	1552
2	7	2016-03-02 02:29:27	40019	1456856967310	1553
2	7	2016-03-02 02:29:27	40130	1456856967420	1554
1	2	2016-03-02 02:29:27	40078	1456856967612	1555
1	3	2016-03-02 02:29:27	40038	1456856967615	1556
1	14	2016-03-02 02:29:27	40130	1456856967786	1557
1	23	2016-03-02 02:29:27	40019	1456856967926	1558
1	2	2016-03-02 02:29:28	40015	1456856968022	1559
2	7	2016-03-02 02:29:28	40118	1456856968057	1560
1	6	2016-03-02 02:29:28	40063	1456856968083	1561
2	7	2016-03-02 02:29:28	40068	1456856968280	1562
2	7	2016-03-02 02:29:28	40057	1456856968711	1563
2	3	2016-03-02 02:29:28	40047	1456856968825	1564
1	9	2016-03-02 02:29:28	40118	1456856968981	1565
2	3	2016-03-02 02:29:29	40123	1456856969120	1566
2	7	2016-03-02 02:29:29	40120	1456856969276	1567
2	7	2016-03-02 02:29:29	40136	1456856969547	1568
1	2	2016-03-02 02:29:29	40120	1456856969722	1569
1	10	2016-03-02 02:29:29	40123	1456856969836	1570
1	11	2016-03-02 02:29:29	40057	1456856969857	1571
2	7	2016-03-02 02:29:29	40076	1456856969876	1572
2	7	2016-03-02 02:29:29	40119	1456856969928	1573
2	7	2016-03-02 02:29:29	40132	1456856969937	1574
1	18	2016-03-02 02:29:29	40136	1456856969960	1575
1	24	2016-03-02 02:29:30	40068	1456856970063	1576
2	7	2016-03-02 02:29:30	40005	1456856970266	1577
2	7	2016-03-02 02:29:30	40024	1456856970291	1578
1	14	2016-03-02 02:29:30	40047	1456856970321	1579
1	20	2016-03-02 02:29:30	40132	1456856970415	1580
1	13	2016-03-02 02:29:30	40119	1456856970723	1581
2	7	2016-03-02 02:29:30	40034	1456856970775	1582
2	3	2016-03-02 02:29:30	40117	1456856970847	1583
1	0	2016-03-02 02:29:30	40076	1456856970943	1584
2	3	2016-03-02 02:29:30	40132	1456856970956	1585
1	5	2016-03-02 02:29:31	40005	1456856971022	1586
1	6	2016-03-02 02:29:31	40024	1456856971038	1587
1	15	2016-03-02 02:29:31	40117	1456856971182	1588
2	7	2016-03-02 02:29:31	40054	1456856971242	1589
1	10	2016-03-02 02:29:31	40034	1456856971524	1590
2	7	2016-03-02 02:29:31	40002	1456856971950	1591
2	7	2016-03-02 02:29:32	40077	1456856972081	1592
2	7	2016-03-02 02:29:32	40018	1456856972154	1593
1	20	2016-03-02 02:29:32	40132	1456856972532	1594
1	21	2016-03-02 02:29:32	40002	1456856972538	1595
2	3	2016-03-02 02:29:32	40040	1456856972632	1596
1	8	2016-03-02 02:29:32	40054	1456856972758	1597
1	10	2016-03-02 02:29:33	40018	1456856973211	1598
2	7	2016-03-02 02:29:33	40016	1456856973278	1599
2	7	2016-03-02 02:29:33	40037	1456856973295	1600
1	15	2016-03-02 02:29:33	40077	1456856973325	1601
2	7	2016-03-02 02:29:33	40048	1456856973325	1602
1	0	2016-03-02 02:29:33	40048	1456856973478	1603
2	7	2016-03-02 02:29:34	40046	1456856974194	1604
1	20	2016-03-02 02:29:34	40040	1456856974210	1605
1	22	2016-03-02 02:29:34	40016	1456856974238	1606
2	7	2016-03-02 02:29:34	40014	1456856974326	1607
1	2	2016-03-02 02:29:34	40037	1456856974355	1608
1	7	2016-03-02 02:29:34	40046	1456856974433	1609
2	7	2016-03-02 02:29:34	40035	1456856974790	1610
2	7	2016-03-02 02:29:35	40015	1456856975106	1611
2	7	2016-03-02 02:29:35	40038	1456856975124	1612
1	25	2016-03-02 02:29:35	40014	1456856975550	1613
1	4	2016-03-02 02:29:35	40035	1456856975649	1614
1	9	2016-03-02 02:29:35	40038	1456856975730	1615
2	7	2016-03-02 02:29:35	40019	1456856975751	1616
1	2	2016-03-02 02:29:36	40015	1456856976038	1617
1	26	2016-03-02 02:29:36	40019	1456856976410	1618
2	7	2016-03-02 02:29:36	40118	1456856976543	1619
2	7	2016-03-02 02:29:36	40068	1456856976717	1620
2	7	2016-03-02 02:29:36	40055	1456856976926	1621
1	24	2016-03-02 02:29:37	40118	1456856977228	1622
2	7	2016-03-02 02:29:37	40047	1456856977434	1623
2	7	2016-03-02 02:29:37	40056	1456856977439	1624
1	17	2016-03-02 02:29:37	40055	1456856977548	1625
2	7	2016-03-02 02:29:38	40069	1456856978268	1626
2	7	2016-03-02 02:29:38	40076	1456856978318	1627
1	23	2016-03-02 02:29:38	40068	1456856978484	1628
1	10	2016-03-02 02:29:38	40056	1456856978697	1629
2	7	2016-03-02 02:29:38	40005	1456856978713	1630
2	7	2016-03-02 02:29:38	40024	1456856978730	1631
1	14	2016-03-02 02:29:38	40047	1456856978755	1632
1	2	2016-03-02 02:29:39	40024	1456856979000	1633
1	0	2016-03-02 02:29:39	40076	1456856979385	1634
1	12	2016-03-02 02:29:39	40069	1456856979571	1635
2	7	2016-03-02 02:29:39	40001	1456856979574	1636
2	7	2016-03-02 02:29:39	40054	1456856979679	1637
1	17	2016-03-02 02:29:40	40001	1456856980071	1638
2	7	2016-03-02 02:29:40	40080	1456856980087	1639
1	5	2016-03-02 02:29:40	40005	1456856980302	1640
2	7	2016-03-02 02:29:40	40002	1456856980390	1641
2	7	2016-03-02 02:29:40	40008	1456856980418	1642
2	7	2016-03-02 02:29:40	40077	1456856980521	1643
1	6	2016-03-02 02:29:40	40054	1456856980748	1644
1	11	2016-03-02 02:29:40	40080	1456856980821	1645
1	14	2016-03-02 02:29:40	40008	1456856980866	1646
1	1	2016-03-02 02:29:41	40077	1456856981095	1647
1	17	2016-03-02 02:29:41	40002	1456856981334	1648
2	7	2016-03-02 02:29:41	40040	1456856981368	1649
2	7	2016-03-02 02:29:41	40016	1456856981718	1650
2	3	2016-03-02 02:29:41	40080	1456856981762	1651
2	7	2016-03-02 02:29:41	40020	1456856981858	1652
1	18	2016-03-02 02:29:42	40040	1456856982197	1653
1	16	2016-03-02 02:29:42	40020	1456856982582	1654
1	16	2016-03-02 02:29:42	40016	1456856982583	1655
2	7	2016-03-02 02:29:42	40046	1456856982933	1656
1	15	2016-03-02 02:29:42	40080	1456856982990	1657
2	3	2016-03-02 02:29:43	40020	1456856983058	1658
2	7	2016-03-02 02:29:43	40006	1456856983122	1659
2	3	2016-03-02 02:29:43	40016	1456856983138	1660
1	3	2016-03-02 02:29:43	40046	1456856983236	1661
2	7	2016-03-02 02:29:43	40035	1456856983314	1662
2	7	2016-03-02 02:29:43	40015	1456856983546	1663
2	7	2016-03-02 02:29:43	40038	1456856983573	1664
1	16	2016-03-02 02:29:43	40006	1456856983850	1665
1	4	2016-03-02 02:29:44	40016	1456856984082	1666
2	7	2016-03-02 02:29:44	40019	1456856984186	1667
1	13	2016-03-02 02:29:44	40035	1456856984236	1668
1	17	2016-03-02 02:29:44	40020	1456856984286	1669
1	20	2016-03-02 02:29:44	40015	1456856984334	1670
1	7	2016-03-02 02:29:44	40038	1456856984562	1671
1	6	2016-03-02 02:29:44	40019	1456856984958	1672
2	7	2016-03-02 02:29:45	40059	1456856985087	1673
2	7	2016-03-02 02:29:45	40123	1456856985292	1674
2	7	2016-03-02 02:29:45	40063	1456856985651	1675
1	1	2016-03-02 02:29:45	40059	1456856985725	1676
1	3	2016-03-02 02:29:45	40123	1456856985754	1677
2	7	2016-03-02 02:29:45	40056	1456856985875	1678
2	7	2016-03-02 02:29:45	40047	1456856985884	1679
1	21	2016-03-02 02:29:46	40063	1456856986463	1680
2	7	2016-03-02 02:29:46	40076	1456856986759	1681
2	7	2016-03-02 02:29:46	40010	1456856986858	1682
1	21	2016-03-02 02:29:46	40010	1456856986878	1683
1	22	2016-03-02 02:29:46	40056	1456856986893	1684
2	7	2016-03-02 02:29:47	40069	1456856987009	1685
2	7	2016-03-02 02:29:47	40005	1456856987138	1686
2	7	2016-03-02 02:29:47	40024	1456856987153	1687
1	16	2016-03-02 02:29:47	40005	1456856987222	1688
1	4	2016-03-02 02:29:47	40047	1456856987460	1689
1	13	2016-03-02 02:29:47	40024	1456856987598	1690
2	7	2016-03-02 02:29:48	40054	1456856988115	1691
1	26	2016-03-02 02:29:48	40076	1456856988225	1692
1	4	2016-03-02 02:29:48	40069	1456856988313	1693
2	7	2016-03-02 02:29:48	40002	1456856988826	1694
1	14	2016-03-02 02:29:48	40054	1456856988881	1695
2	7	2016-03-02 02:29:48	40077	1456856988961	1696
2	7	2016-03-02 02:29:49	40037	1456856989049	1697
1	26	2016-03-02 02:29:49	40002	1456856989490	1698
2	7	2016-03-02 02:29:49	40045	1456856989752	1699
2	7	2016-03-02 02:29:49	40040	1456856989802	1700
1	1	2016-03-02 02:29:49	40077	1456856989949	1701
1	8	2016-03-02 02:29:50	40037	1456856990052	1702
2	7	2016-03-02 02:29:50	40080	1456856990214	1703
1	10	2016-03-02 02:29:50	40080	1456856990517	1704
1	16	2016-03-02 02:29:50	40040	1456856990599	1705
1	18	2016-03-02 02:29:51	40045	1456856991058	1706
2	3	2016-03-02 02:29:51	40032	1456856991066	1707
2	7	2016-03-02 02:29:51	40046	1456856991370	1708
2	7	2016-03-02 02:29:51	40075	1456856991811	1709
2	7	2016-03-02 02:29:51	40016	1456856991843	1710
2	7	2016-03-02 02:29:51	40015	1456856991982	1711
2	7	2016-03-02 02:29:51	40070	1456856991988	1712
2	7	2016-03-02 02:29:52	40038	1456856992007	1713
1	1	2016-03-02 02:29:52	40046	1456856992056	1714
1	22	2016-03-02 02:29:52	40032	1456856992387	1715
1	26	2016-03-02 02:29:52	40016	1456856992442	1716
1	3	2016-03-02 02:29:52	40038	1456856992517	1717
1	8	2016-03-02 02:29:52	40070	1456856992592	1718
2	7	2016-03-02 02:29:52	40019	1456856992622	1719
1	17	2016-03-02 02:29:52	40075	1456856992734	1720
2	7	2016-03-02 02:29:52	40057	1456856992756	1721
1	0	2016-03-02 02:29:52	40015	1456856992878	1722
2	3	2016-03-02 02:29:53	40077	1456856993197	1723
1	0	2016-03-02 02:29:53	40077	1456856993309	1724
1	7	2016-03-02 02:29:53	40057	1456856993409	1725
2	7	2016-03-02 02:29:53	40068	1456856993590	1726
2	7	2016-03-02 02:29:53	40081	1456856993593	1727
1	20	2016-03-02 02:29:53	40019	1456856993614	1728
2	7	2016-03-02 02:29:53	40030	1456856993687	1729
2	3	2016-03-02 02:29:53	40004	1456856993702	1730
2	7	2016-03-02 02:29:54	40063	1456856994085	1731
1	6	2016-03-02 02:29:54	40030	1456856994245	1732
2	7	2016-03-02 02:29:54	40056	1456856994437	1733
1	23	2016-03-02 02:29:54	40068	1456856994514	1734
2	7	2016-03-02 02:29:54	40059	1456856994626	1735
1	8	2016-03-02 02:29:54	40004	1456856994690	1736
1	13	2016-03-02 02:29:54	40081	1456856994772	1737
1	1	2016-03-02 02:29:55	40063	1456856995008	1738
2	7	2016-03-02 02:29:55	40076	1456856995185	1739
1	20	2016-03-02 02:29:55	40059	1456856995310	1740
1	24	2016-03-02 02:29:55	40056	1456856995376	1741
2	7	2016-03-02 02:29:55	40005	1456856995574	1742
2	7	2016-03-02 02:29:55	40024	1456856995592	1743
2	7	2016-03-02 02:29:56	40054	1456856996552	1744
1	19	2016-03-02 02:29:56	40024	1456856996561	1745
1	9	2016-03-02 02:29:56	40005	1456856996818	1746
1	6	2016-03-02 02:29:57	40076	1456856997192	1747
2	7	2016-03-02 02:29:57	40002	1456856997262	1748
1	11	2016-03-02 02:29:57	40054	1456856997700	1749
1	15	2016-03-02 02:29:57	40002	1456856997754	1750
2	7	2016-03-02 02:29:58	40040	1456856998236	1751
2	3	2016-03-02 02:29:58	40002	1456856998686	1752
2	7	2016-03-02 02:29:58	40027	1456856998687	1753
1	22	2016-03-02 02:29:59	40027	1456856999133	1754
1	4	2016-03-02 02:29:59	40002	1456856999270	1755
2	7	2016-03-02 02:29:59	40135	1456856999431	1756
1	5	2016-03-02 02:29:59	40040	1456856999719	1757
2	7	2016-03-02 02:29:59	40124	1456856999755	1758
2	7	2016-03-02 02:29:59	40046	1456856999918	1759
1	1	2016-03-02 02:30:00	40135	1456857000068	1760
2	7	2016-03-02 02:30:00	40035	1456857000091	1761
1	4	2016-03-02 02:30:00	40124	1456857000121	1762
2	7	2016-03-02 02:30:00	40075	1456857000248	1763
2	7	2016-03-02 02:30:00	40016	1456857000278	1764
1	21	2016-03-02 02:30:00	40035	1456857000378	1765
2	7	2016-03-02 02:30:00	40015	1456857000418	1766
2	7	2016-03-02 02:30:00	40038	1456857000440	1767
1	26	2016-03-02 02:30:00	40046	1456857000891	1768
2	3	2016-03-02 02:30:00	40074	1456857000979	1769
2	7	2016-03-02 02:30:01	40069	1456857001044	1770
1	9	2016-03-02 02:30:01	40075	1456857001044	1771
2	7	2016-03-02 02:30:01	40019	1456857001058	1772
