send	rec	insert_time	motelabMoteID	milli_time	motelabSeqNo
2	7	2016-03-02 00:32:21	40048	1456849941036	1
1	25	2016-03-02 00:32:21	40048	1456849941257	2
2	7	2016-03-02 00:32:21	40034	1456849941265	3
2	7	2016-03-02 00:32:21	40067	1456849941405	4
1	20	2016-03-02 00:32:21	40032	1456849941597	5
1	23	2016-03-02 00:32:21	40067	1456849941643	6
2	7	2016-03-02 00:32:21	40017	1456849941691	7
2	7	2016-03-02 00:32:22	40035	1456849942197	8
1	6	2016-03-02 00:32:22	40034	1456849942220	9
1	11	2016-03-02 00:32:22	40017	1456849942295	10
2	7	2016-03-02 00:32:22	40068	1456849942514	11
2	7	2016-03-02 00:32:23	40005	1456849943007	12
2	7	2016-03-02 00:32:23	40132	1456849943019	13
1	7	2016-03-02 00:32:23	40035	1456849943087	14
1	19	2016-03-02 00:32:23	40068	1456849943705	15
1	20	2016-03-02 00:32:23	40005	1456849943705	16
2	7	2016-03-02 00:32:23	40002	1456849943847	17
2	7	2016-03-02 00:32:23	40019	1456849943848	18
2	7	2016-03-02 00:32:23	40128	1456849943877	19
2	7	2016-03-02 00:32:23	40015	1456849943959	20
1	17	2016-03-02 00:32:24	40132	1456849944086	21
2	7	2016-03-02 00:32:24	40076	1456849944419	22
1	21	2016-03-02 00:32:24	40002	1456849944559	23
1	9	2016-03-02 00:32:24	40015	1456849944791	24
2	7	2016-03-02 00:32:24	40077	1456849944846	25
2	7	2016-03-02 00:32:24	40024	1456849944892	26
1	15	2016-03-02 00:32:24	40128	1456849944897	27
2	7	2016-03-02 00:32:24	40016	1456849944972	28
1	1	2016-03-02 00:32:25	40019	1456849945091	29
2	7	2016-03-02 00:32:25	40059	1456849945175	30
1	7	2016-03-02 00:32:25	40076	1456849945184	31
2	7	2016-03-02 00:32:25	40038	1456849945198	32
2	7	2016-03-02 00:32:25	40001	1456849945239	33
1	13	2016-03-02 00:32:25	40024	1456849945290	34
2	7	2016-03-02 00:32:25	40046	1456849945414	35
1	9	2016-03-02 00:32:25	40001	1456849945635	36
1	20	2016-03-02 00:32:25	40077	1456849945818	37
2	7	2016-03-02 00:32:25	40136	1456849945917	38
1	3	2016-03-02 00:32:25	40046	1456849945972	39
1	20	2016-03-02 00:32:26	40059	1456849946242	40
1	3	2016-03-02 00:32:26	40136	1456849946393	41
1	6	2016-03-02 00:32:26	40038	1456849946441	42
1	25	2016-03-02 00:32:26	40016	1456849946731	43
2	7	2016-03-02 00:32:26	40058	1456849946782	44
2	7	2016-03-02 00:32:26	40008	1456849946927	45
2	7	2016-03-02 00:32:27	40138	1456849947073	46
2	7	2016-03-02 00:32:27	40054	1456849947107	47
1	24	2016-03-02 00:32:27	40138	1456849947566	48
1	10	2016-03-02 00:32:27	40008	1456849947764	49
1	21	2016-03-02 00:32:27	40058	1456849947945	50
1	26	2016-03-02 00:32:28	40054	1456849948016	51
2	7	2016-03-02 00:32:28	40124	1456849948509	52
2	3	2016-03-02 00:32:28	40008	1456849948675	53
1	1	2016-03-02 00:32:29	40124	1456849949320	54
1	24	2016-03-02 00:32:29	40008	1456849949667	55
2	7	2016-03-02 00:32:30	40075	1456849950109	56
2	3	2016-03-02 00:32:30	40008	1456849950599	57
2	7	2016-03-02 00:32:30	40035	1456849950641	58
2	7	2016-03-02 00:32:30	40063	1456849950856	59
1	2	2016-03-02 00:32:31	40075	1456849951017	60
2	7	2016-03-02 00:32:31	40068	1456849951110	61
1	9	2016-03-02 00:32:31	40063	1456849951126	62
2	7	2016-03-02 00:32:31	40135	1456849951237	63
2	7	2016-03-02 00:32:31	40005	1456849951443	64
1	3	2016-03-02 00:32:31	40008	1456849951447	65
1	7	2016-03-02 00:32:31	40035	1456849951516	66
1	18	2016-03-02 00:32:32	40135	1456849952113	67
2	7	2016-03-02 00:32:32	40002	1456849952287	68
1	8	2016-03-02 00:32:32	40005	1456849952371	69
2	7	2016-03-02 00:32:32	40015	1456849952395	70
2	7	2016-03-02 00:32:32	40034	1456849952556	71
1	5	2016-03-02 00:32:32	40068	1456849952749	72
2	7	2016-03-02 00:32:32	40076	1456849952846	73
1	18	2016-03-02 00:32:32	40002	1456849952947	74
1	4	2016-03-02 00:32:33	40015	1456849953151	75
2	7	2016-03-02 00:32:33	40030	1456849953219	76
2	7	2016-03-02 00:32:33	40077	1456849953270	77
2	7	2016-03-02 00:32:33	40024	1456849953315	78
2	7	2016-03-02 00:32:33	40016	1456849953411	79
1	0	2016-03-02 00:32:33	40034	1456849953511	80
2	7	2016-03-02 00:32:33	40059	1456849953615	81
2	7	2016-03-02 00:32:33	40038	1456849953631	82
1	20	2016-03-02 00:32:33	40030	1456849953824	83
2	7	2016-03-02 00:32:33	40046	1456849953851	84
1	24	2016-03-02 00:32:33	40059	1456849953886	85
1	9	2016-03-02 00:32:34	40024	1456849954078	86
1	20	2016-03-02 00:32:34	40076	1456849954248	87
1	4	2016-03-02 00:32:34	40046	1456849954425	88
1	18	2016-03-02 00:32:34	40016	1456849954635	89
1	6	2016-03-02 00:32:34	40038	1456849954875	90
1	7	2016-03-02 00:32:34	40077	1456849954894	91
2	7	2016-03-02 00:32:35	40071	1456849955463	92
2	7	2016-03-02 00:32:35	40058	1456849955557	93
1	26	2016-03-02 00:32:35	40071	1456849955607	94
2	7	2016-03-02 00:32:35	40132	1456849955678	95
2	7	2016-03-02 00:32:35	40067	1456849955744	96
2	7	2016-03-02 00:32:35	40048	1456849955808	97
1	4	2016-03-02 00:32:36	40067	1456849956540	98
1	8	2016-03-02 00:32:36	40132	1456849956601	99
1	11	2016-03-02 00:32:36	40048	1456849956635	100
1	10	2016-03-02 00:32:37	40058	1456849957054	101
2	7	2016-03-02 00:32:37	40054	1456849957234	102
2	7	2016-03-02 00:32:37	40069	1456849957299	103
2	7	2016-03-02 00:32:37	40045	1456849957324	104
2	7	2016-03-02 00:32:37	40027	1456849957329	105
2	3	2016-03-02 00:32:37	40063	1456849957364	106
2	7	2016-03-02 00:32:37	40047	1456849957430	107
1	10	2016-03-02 00:32:37	40063	1456849957889	108
1	13	2016-03-02 00:32:38	40047	1456849958354	109
1	15	2016-03-02 00:32:38	40069	1456849958396	110
1	17	2016-03-02 00:32:38	40027	1456849958426	111
2	7	2016-03-02 00:32:38	40075	1456849958546	112
1	26	2016-03-02 00:32:38	40054	1456849958558	113
1	4	2016-03-02 00:32:38	40045	1456849958647	114
2	7	2016-03-02 00:32:39	40035	1456849959069	115
2	7	2016-03-02 00:32:39	40008	1456849959115	116
2	7	2016-03-02 00:32:39	40072	1456849959379	117
1	2	2016-03-02 00:32:39	40075	1456849959454	118
1	5	2016-03-02 00:32:39	40008	1456849959495	119
2	7	2016-03-02 00:32:39	40068	1456849959546	120
2	7	2016-03-02 00:32:39	40005	1456849959879	121
2	3	2016-03-02 00:32:40	40008	1456849960067	122
1	15	2016-03-02 00:32:40	40035	1456849960071	123
1	9	2016-03-02 00:32:40	40072	1456849960414	124
2	7	2016-03-02 00:32:40	40002	1456849960723	125
1	19	2016-03-02 00:32:40	40008	1456849960979	126
2	7	2016-03-02 00:32:40	40034	1456849960996	127
1	22	2016-03-02 00:32:41	40005	1456849961027	128
2	7	2016-03-02 00:32:41	40015	1456849961127	129
1	5	2016-03-02 00:32:41	40068	1456849961186	130
2	7	2016-03-02 00:32:41	40076	1456849961289	131
1	2	2016-03-02 00:32:41	40002	1456849961560	132
2	7	2016-03-02 00:32:41	40077	1456849961710	133
2	7	2016-03-02 00:32:41	40016	1456849961847	134
1	24	2016-03-02 00:32:41	40076	1456849961910	135
2	7	2016-03-02 00:32:42	40038	1456849962065	136
1	14	2016-03-02 00:32:42	40034	1456849962175	137
1	19	2016-03-02 00:32:42	40015	1456849962247	138
2	7	2016-03-02 00:32:42	40046	1456849962287	139
2	7	2016-03-02 00:32:42	40056	1456849962297	140
2	7	2016-03-02 00:32:42	40059	1456849962309	141
2	3	2016-03-02 00:32:42	40002	1456849962535	142
1	13	2016-03-02 00:32:42	40016	1456849962576	143
1	14	2016-03-02 00:32:42	40046	1456849962590	144
2	7	2016-03-02 00:32:42	40135	1456849962678	145
1	6	2016-03-02 00:32:42	40077	1456849962888	146
1	6	2016-03-02 00:32:42	40038	1456849962894	147
1	16	2016-03-02 00:32:43	40002	1456849963043	148
1	16	2016-03-02 00:32:43	40135	1456849963045	149
1	7	2016-03-02 00:32:43	40056	1456849963331	150
1	16	2016-03-02 00:32:43	40059	1456849963472	151
2	7	2016-03-02 00:32:43	40071	1456849963908	152
2	7	2016-03-02 00:32:43	40058	1456849963998	153
2	7	2016-03-02 00:32:44	40132	1456849964451	154
2	7	2016-03-02 00:32:44	40126	1456849964577	155
1	7	2016-03-02 00:32:44	40071	1456849964593	156
1	15	2016-03-02 00:32:44	40058	1456849964715	157
1	20	2016-03-02 00:32:44	40126	1456849964794	158
2	7	2016-03-02 00:32:45	40040	1456849965246	159
1	13	2016-03-02 00:32:45	40132	1456849965534	160
2	7	2016-03-02 00:32:45	40024	1456849965585	161
2	7	2016-03-02 00:32:45	40054	1456849965671	162
2	7	2016-03-02 00:32:45	40069	1456849965739	163
2	7	2016-03-02 00:32:45	40017	1456849965740	164
2	7	2016-03-02 00:32:45	40045	1456849965752	165
2	7	2016-03-02 00:32:45	40063	1456849965830	166
2	7	2016-03-02 00:32:45	40047	1456849965881	167
1	18	2016-03-02 00:32:46	40040	1456849966027	168
1	19	2016-03-02 00:32:46	40069	1456849966041	169
1	26	2016-03-02 00:32:46	40063	1456849966164	170
1	2	2016-03-02 00:32:46	40024	1456849966204	171
1	26	2016-03-02 00:32:46	40017	1456849966575	172
1	13	2016-03-02 00:32:46	40054	1456849966803	173
1	23	2016-03-02 00:32:46	40045	1456849966947	174
2	3	2016-03-02 00:32:47	40008	1456849967003	175
1	1	2016-03-02 00:32:47	40047	1456849967027	176
2	7	2016-03-02 00:32:47	40035	1456849967514	177
2	7	2016-03-02 00:32:47	40068	1456849967982	178
1	15	2016-03-02 00:32:48	40035	1456849968102	179
1	23	2016-03-02 00:32:48	40008	1456849968216	180
2	7	2016-03-02 00:32:48	40005	1456849968315	181
1	4	2016-03-02 00:32:48	40005	1456849968760	182
1	5	2016-03-02 00:32:49	40068	1456849969215	183
2	7	2016-03-02 00:32:49	40015	1456849969568	184
2	7	2016-03-02 00:32:49	40019	1456849969583	185
2	7	2016-03-02 00:32:49	40076	1456849969732	186
2	7	2016-03-02 00:32:50	40016	1456849970284	187
2	7	2016-03-02 00:32:50	40077	1456849970309	188
1	24	2016-03-02 00:32:50	40019	1456849970339	189
1	1	2016-03-02 00:32:50	40076	1456849970401	190
2	7	2016-03-02 00:32:50	40038	1456849970514	191
2	7	2016-03-02 00:32:50	40046	1456849970724	192
2	7	2016-03-02 00:32:50	40056	1456849970732	193
1	1	2016-03-02 00:32:50	40015	1456849970823	194
2	7	2016-03-02 00:32:50	40059	1456849970908	195
1	12	2016-03-02 00:32:50	40016	1456849970996	196
2	7	2016-03-02 00:32:51	40002	1456849971268	197
1	14	2016-03-02 00:32:51	40046	1456849971457	198
1	15	2016-03-02 00:32:51	40077	1456849971471	199
2	3	2016-03-02 00:32:51	40037	1456849971655	200
1	3	2016-03-02 00:32:51	40038	1456849971710	201
1	10	2016-03-02 00:32:51	40056	1456849971814	202
1	14	2016-03-02 00:32:51	40059	1456849971879	203
1	16	2016-03-02 00:32:51	40002	1456849971899	204
2	7	2016-03-02 00:32:52	40080	1456849972276	205
1	9	2016-03-02 00:32:52	40037	1456849972642	206
2	7	2016-03-02 00:32:52	40130	1456849972726	207
2	7	2016-03-02 00:32:52	40058	1456849972758	208
2	7	2016-03-02 00:32:53	40071	1456849973180	209
1	18	2016-03-02 00:32:53	40080	1456849973201	210
1	11	2016-03-02 00:32:53	40130	1456849973523	211
1	26	2016-03-02 00:32:53	40071	1456849973754	212
2	7	2016-03-02 00:32:54	40024	1456849974024	213
2	7	2016-03-02 00:32:54	40054	1456849974107	214
1	4	2016-03-02 00:32:54	40058	1456849974255	215
2	7	2016-03-02 00:32:54	40063	1456849974264	216
2	7	2016-03-02 00:32:54	40047	1456849974315	217
2	7	2016-03-02 00:32:54	40045	1456849974404	218
1	22	2016-03-02 00:32:54	40024	1456849974961	219
1	23	2016-03-02 00:32:54	40047	1456849974967	220
2	7	2016-03-02 00:32:55	40067	1456849975145	221
1	20	2016-03-02 00:32:55	40063	1456849975346	222
1	7	2016-03-02 00:32:55	40067	1456849975559	223
2	7	2016-03-02 00:32:55	40008	1456849975573	224
1	13	2016-03-02 00:32:55	40054	1456849975654	225
1	13	2016-03-02 00:32:55	40045	1456849975662	226
2	7	2016-03-02 00:32:55	40035	1456849975942	227
2	3	2016-03-02 00:32:56	40045	1456849976173	228
1	24	2016-03-02 00:32:56	40008	1456849976244	229
2	7	2016-03-02 00:32:56	40132	1456849976346	230
2	7	2016-03-02 00:32:56	40126	1456849976350	231
2	3	2016-03-02 00:32:56	40054	1456849976483	232
2	7	2016-03-02 00:32:56	40068	1456849976673	233
2	7	2016-03-02 00:32:56	40005	1456849976756	234
2	7	2016-03-02 00:32:56	40001	1456849976880	235
1	26	2016-03-02 00:32:57	40132	1456849977126	236
1	4	2016-03-02 00:32:57	40035	1456849977198	237
1	4	2016-03-02 00:32:57	40068	1456849977199	238
1	7	2016-03-02 00:32:57	40005	1456849977244	239
1	9	2016-03-02 00:32:57	40126	1456849977287	240
1	1	2016-03-02 00:32:57	40045	1456849977574	241
1	6	2016-03-02 00:32:57	40001	1456849977652	242
1	13	2016-03-02 00:32:57	40054	1456849977759	243
2	7	2016-03-02 00:32:58	40015	1456849978004	244
2	7	2016-03-02 00:32:58	40019	1456849978024	245
2	7	2016-03-02 00:32:58	40076	1456849978159	246
1	23	2016-03-02 00:32:58	40019	1456849978340	247
2	7	2016-03-02 00:32:58	40077	1456849978748	248
2	7	2016-03-02 00:32:58	40016	1456849978848	249
2	7	2016-03-02 00:32:58	40038	1456849978947	250
2	7	2016-03-02 00:32:59	40046	1456849979160	251
1	1	2016-03-02 00:32:59	40015	1456849979260	252
1	5	2016-03-02 00:32:59	40077	1456849979322	253
2	7	2016-03-02 00:32:59	40014	1456849979380	254
2	7	2016-03-02 00:32:59	40059	1456849979395	255
1	15	2016-03-02 00:32:59	40016	1456849979480	256
1	15	2016-03-02 00:32:59	40076	1456849979482	257
1	15	2016-03-02 00:32:59	40038	1456849979489	258
1	24	2016-03-02 00:32:59	40046	1456849979623	259
2	7	2016-03-02 00:32:59	40002	1456849979709	260
2	7	2016-03-02 00:32:59	40033	1456849979834	261
1	14	2016-03-02 00:32:59	40059	1456849979889	262
1	25	2016-03-02 00:33:00	40014	1456849980060	263
1	24	2016-03-02 00:33:00	40033	1456849980471	264
2	7	2016-03-02 00:33:00	40048	1456849980822	265
2	7	2016-03-02 00:33:00	40017	1456849980928	266
1	2	2016-03-02 00:33:00	40002	1456849980964	267
1	10	2016-03-02 00:33:01	40048	1456849981092	268
2	7	2016-03-02 00:33:01	40058	1456849981199	269
2	3	2016-03-02 00:33:01	40048	1456849981569	270
2	7	2016-03-02 00:33:01	40030	1456849981894	271
1	8	2016-03-02 00:33:01	40017	1456849981900	272
1	11	2016-03-02 00:33:01	40048	1456849981951	273
1	6	2016-03-02 00:33:02	40030	1456849982292	274
1	16	2016-03-02 00:33:02	40058	1456849982457	275
2	7	2016-03-02 00:33:02	40024	1456849982463	276
2	7	2016-03-02 00:33:02	40047	1456849982765	277
2	7	2016-03-02 00:33:02	40063	1456849982857	278
2	3	2016-03-02 00:33:03	40028	1456849983123	279
1	14	2016-03-02 00:33:03	40024	1456849983273	280
1	19	2016-03-02 00:33:03	40047	1456849983338	281
1	1	2016-03-02 00:33:03	40063	1456849983478	282
2	7	2016-03-02 00:33:03	40069	1456849983891	283
1	19	2016-03-02 00:33:04	40028	1456849984190	284
2	7	2016-03-02 00:33:04	40035	1456849984386	285
2	7	2016-03-02 00:33:04	40045	1456849984616	286
2	7	2016-03-02 00:33:04	40126	1456849984790	287
2	3	2016-03-02 00:33:04	40002	1456849984892	288
2	7	2016-03-02 00:33:05	40054	1456849985064	289
2	7	2016-03-02 00:33:05	40005	1456849985192	290
1	6	2016-03-02 00:33:05	40069	1456849985258	291
2	7	2016-03-02 00:33:05	40010	1456849985268	292
1	9	2016-03-02 00:33:05	40126	1456849985298	293
1	23	2016-03-02 00:33:05	40054	1456849985510	294
1	26	2016-03-02 00:33:05	40035	1456849985563	295
2	7	2016-03-02 00:33:05	40011	1456849985692	296
1	9	2016-03-02 00:33:05	40002	1456849985712	297
1	16	2016-03-02 00:33:05	40010	1456849985825	298
2	2	2016-03-02 00:33:05	40068	1456849985985	299
2	7	2016-03-02 00:33:06	40004	1456849986112	300
1	7	2016-03-02 00:33:06	40045	1456849986114	301
1	11	2016-03-02 00:33:06	40005	1456849986168	302
1	12	2016-03-02 00:33:06	40011	1456849986184	303
2	7	2016-03-02 00:33:06	40015	1456849986440	304
2	7	2016-03-02 00:33:06	40020	1456849986440	305
2	7	2016-03-02 00:33:06	40019	1456849986456	306
2	7	2016-03-02 00:33:06	40076	1456849986602	307
1	4	2016-03-02 00:33:06	40019	1456849986900	308
2	2	2016-03-02 00:33:06	40076	1456849986905	309
1	4	2016-03-02 00:33:06	40068	1456849986908	310
2	2	2016-03-02 00:33:06	40069	1456849986911	311
2	2	2016-03-02 00:33:06	40079	1456849986913	312
2	2	2016-03-02 00:33:06	40051	1456849986914	313
2	2	2016-03-02 00:33:06	40075	1456849986914	314
2	2	2016-03-02 00:33:06	40063	1456849986915	315
2	2	2016-03-02 00:33:06	40077	1456849986917	316
1	9	2016-03-02 00:33:06	40004	1456849986980	317
1	13	2016-03-02 00:33:07	40015	1456849987040	318
1	15	2016-03-02 00:33:07	40069	1456849987070	319
2	2	2016-03-02 00:33:07	40080	1456849987075	320
2	2	2016-03-02 00:33:07	40123	1456849987081	321
2	2	2016-03-02 00:33:07	40002	1456849987200	322
1	23	2016-03-02 00:33:07	40080	1456849987203	323
2	7	2016-03-02 00:33:07	40016	1456849987284	324
2	2	2016-03-02 00:33:07	40056	1456849987333	325
2	2	2016-03-02 00:33:07	40053	1456849987333	326
2	2	2016-03-02 00:33:07	40078	1456849987335	327
2	2	2016-03-02 00:33:07	40081	1456849987336	328
2	2	2016-03-02 00:33:07	40045	1456849987341	329
2	2	2016-03-02 00:33:07	40084	1456849987342	330
2	2	2016-03-02 00:33:07	40030	1456849987342	331
1	5	2016-03-02 00:33:07	40051	1456849987343	332
2	2	2016-03-02 00:33:07	40040	1456849987343	333
2	2	2016-03-02 00:33:07	40055	1456849987343	334
2	2	2016-03-02 00:33:07	40047	1456849987348	335
2	2	2016-03-02 00:33:07	40038	1456849987349	336
1	8	2016-03-02 00:33:07	40076	1456849987383	337
2	2	2016-03-02 00:33:07	40072	1456849987389	338
2	2	2016-03-02 00:33:07	40132	1456849987396	339
1	21	2016-03-02 00:33:07	40078	1456849987590	340
2	7	2016-03-02 00:33:07	40046	1456849987597	341
2	2	2016-03-02 00:33:07	40070	1456849987603	342
1	26	2016-03-02 00:33:07	40020	1456849987668	343
1	0	2016-03-02 00:33:07	40084	1456849987691	344
2	2	2016-03-02 00:33:07	40054	1456849987775	345
1	6	2016-03-02 00:33:07	40077	1456849987777	346
2	7	2016-03-02 00:33:07	40059	1456849987834	347
1	10	2016-03-02 00:33:07	40040	1456849987837	348
2	2	2016-03-02 00:33:07	40058	1456849987840	349
2	2	2016-03-02 00:33:07	40027	1456849987845	350
2	3	2016-03-02 00:33:07	40008	1456849987876	351
1	12	2016-03-02 00:33:07	40123	1456849987877	352
2	2	2016-03-02 00:33:07	40120	1456849987884	353
2	2	2016-03-02 00:33:07	40071	1456849987902	354
1	14	2016-03-02 00:33:07	40070	1456849987905	355
2	2	2016-03-02 00:33:07	40067	1456849987909	356
2	2	2016-03-02 00:33:07	40085	1456849987910	357
1	18	2016-03-02 00:33:07	40079	1456849987965	358
2	2	2016-03-02 00:33:07	40138	1456849987974	359
2	2	2016-03-02 00:33:08	40046	1456849988059	360
2	2	2016-03-02 00:33:08	40118	1456849988062	361
2	2	2016-03-02 00:33:08	40135	1456849988062	362
2	2	2016-03-02 00:33:08	40117	1456849988064	363
1	24	2016-03-02 00:33:08	40132	1456849988065	364
1	24	2016-03-02 00:33:08	40053	1456849988066	365
1	25	2016-03-02 00:33:08	40081	1456849988068	366
2	2	2016-03-02 00:33:08	40057	1456849988068	367
1	0	2016-03-02 00:33:08	40067	1456849988100	368
1	0	2016-03-02 00:33:08	40030	1456849988107	369
2	2	2016-03-02 00:33:08	40009	1456849988108	370
2	2	2016-03-02 00:33:08	40008	1456849988108	371
2	2	2016-03-02 00:33:08	40010	1456849988108	372
1	2	2016-03-02 00:33:08	40002	1456849988132	373
2	2	2016-03-02 00:33:08	40018	1456849988140	374
2	2	2016-03-02 00:33:08	40005	1456849988140	375
1	6	2016-03-02 00:33:08	40010	1456849988197	376
2	2	2016-03-02 00:33:08	40059	1456849988201	377
1	6	2016-03-02 00:33:08	40055	1456849988204	378
1	7	2016-03-02 00:33:08	40038	1456849988209	379
1	7	2016-03-02 00:33:08	40016	1456849988212	380
2	2	2016-03-02 00:33:08	40064	1456849988215	381
2	2	2016-03-02 00:33:08	40035	1456849988219	382
1	7	2016-03-02 00:33:08	40063	1456849988220	383
2	2	2016-03-02 00:33:08	40039	1456849988220	384
2	2	2016-03-02 00:33:08	40028	1456849988220	385
2	2	2016-03-02 00:33:08	40036	1456849988222	386
2	2	2016-03-02 00:33:08	40037	1456849988228	387
2	2	2016-03-02 00:33:08	40048	1456849988232	388
1	8	2016-03-02 00:33:08	40045	1456849988233	389
2	2	2016-03-02 00:33:08	40032	1456849988236	390
2	2	2016-03-02 00:33:08	40033	1456849988242	391
2	2	2016-03-02 00:33:08	40034	1456849988244	392
1	12	2016-03-02 00:33:08	40056	1456849988288	393
1	16	2016-03-02 00:33:08	40075	1456849988363	394
1	19	2016-03-02 00:33:08	40064	1456849988406	395
1	19	2016-03-02 00:33:08	40072	1456849988409	396
1	21	2016-03-02 00:33:08	40058	1456849988430	397
1	23	2016-03-02 00:33:08	40117	1456849988466	398
2	2	2016-03-02 00:33:08	40128	1456849988471	399
2	2	2016-03-02 00:33:08	40124	1456849988476	400
2	2	2016-03-02 00:33:08	40130	1456849988477	401
2	2	2016-03-02 00:33:08	40126	1456849988477	402
2	2	2016-03-02 00:33:08	40136	1456849988484	403
1	25	2016-03-02 00:33:08	40085	1456849988500	404
2	2	2016-03-02 00:33:08	40083	1456849988504	405
2	2	2016-03-02 00:33:08	40082	1456849988506	406
2	2	2016-03-02 00:33:08	40073	1456849988510	407
2	2	2016-03-02 00:33:08	40065	1456849988511	408
2	2	2016-03-02 00:33:08	40031	1456849988512	409
1	26	2016-03-02 00:33:08	40027	1456849988512	410
2	2	2016-03-02 00:33:08	40024	1456849988518	411
1	2	2016-03-02 00:33:08	40118	1456849988555	412
1	6	2016-03-02 00:33:08	40028	1456849988618	413
2	2	2016-03-02 00:33:08	40025	1456849988622	414
2	2	2016-03-02 00:33:08	40013	1456849988624	415
1	7	2016-03-02 00:33:08	40135	1456849988636	416
2	2	2016-03-02 00:33:08	40122	1456849988639	417
2	2	2016-03-02 00:33:08	40131	1456849988639	418
1	11	2016-03-02 00:33:08	40039	1456849988698	419
1	11	2016-03-02 00:33:08	40046	1456849988698	420
1	11	2016-03-02 00:33:08	40032	1456849988698	421
2	2	2016-03-02 00:33:08	40139	1456849988730	422
1	13	2016-03-02 00:33:08	40047	1456849988733	423
1	16	2016-03-02 00:33:08	40035	1456849988775	424
2	2	2016-03-02 00:33:08	40014	1456849988780	425
1	18	2016-03-02 00:33:08	40071	1456849988810	426
2	2	2016-03-02 00:33:08	40074	1456849988817	427
1	19	2016-03-02 00:33:08	40025	1456849988829	428
1	21	2016-03-02 00:33:08	40082	1456849988856	429
1	22	2016-03-02 00:33:08	40034	1456849988865	430
1	22	2016-03-02 00:33:08	40009	1456849988868	431
1	22	2016-03-02 00:33:08	40128	1456849988870	432
1	22	2016-03-02 00:33:08	40083	1456849988871	433
2	2	2016-03-02 00:33:08	40004	1456849988872	434
2	2	2016-03-02 00:33:08	40011	1456849988872	435
2	2	2016-03-02 00:33:08	40017	1456849988872	436
1	22	2016-03-02 00:33:08	40054	1456849988875	437
1	23	2016-03-02 00:33:08	40037	1456849988881	438
2	2	2016-03-02 00:33:08	40060	1456849988886	439
1	2	2016-03-02 00:33:08	40024	1456849988979	440
1	3	2016-03-02 00:33:08	40059	1456849988997	441
1	3	2016-03-02 00:33:08	40120	1456849988997	442
1	3	2016-03-02 00:33:09	40073	1456849989003	443
2	3	2016-03-02 00:33:09	40030	1456849989031	444
1	5	2016-03-02 00:33:09	40139	1456849989032	445
1	7	2016-03-02 00:33:09	40048	1456849989059	446
1	7	2016-03-02 00:33:09	40130	1456849989065	447
1	12	2016-03-02 00:33:09	40131	1456849989068	448
1	8	2016-03-02 00:33:09	40124	1456849989080	449
1	10	2016-03-02 00:33:09	40013	1456849989100	450
2	2	2016-03-02 00:33:09	40026	1456849989137	451
1	12	2016-03-02 00:33:09	40036	1456849989144	452
1	14	2016-03-02 00:33:09	40057	1456849989167	453
1	16	2016-03-02 00:33:09	40008	1456849989192	454
1	17	2016-03-02 00:33:09	40060	1456849989221	455
2	2	2016-03-02 00:33:09	40066	1456849989225	456
2	2	2016-03-02 00:33:09	40019	1456849989296	457
1	25	2016-03-02 00:33:09	40074	1456849989342	458
1	26	2016-03-02 00:33:09	40005	1456849989352	459
1	1	2016-03-02 00:33:09	40004	1456849989385	460
1	3	2016-03-02 00:33:09	40033	1456849989421	461
1	8	2016-03-02 00:33:09	40011	1456849989492	462
1	8	2016-03-02 00:33:09	40122	1456849989498	463
2	2	2016-03-02 00:33:09	40015	1456849989501	464
2	2	2016-03-02 00:33:09	40020	1456849989501	465
2	2	2016-03-02 00:33:09	40006	1456849989501	466
2	2	2016-03-02 00:33:09	40016	1456849989512	467
1	9	2016-03-02 00:33:09	40138	1456849989516	468
2	2	2016-03-02 00:33:09	40137	1456849989521	469
1	11	2016-03-02 00:33:09	40026	1456849989551	470
1	12	2016-03-02 00:33:09	40065	1456849989564	471
1	13	2016-03-02 00:33:09	40136	1456849989580	472
1	14	2016-03-02 00:33:09	40031	1456849989593	473
1	18	2016-03-02 00:33:09	40014	1456849989644	474
2	2	2016-03-02 00:33:09	40003	1456849989652	475
1	19	2016-03-02 00:33:09	40017	1456849989664	476
1	20	2016-03-02 00:33:09	40126	1456849989685	477
2	3	2016-03-02 00:33:09	40054	1456849989768	478
1	0	2016-03-02 00:33:09	40003	1456849989788	479
1	6	2016-03-02 00:33:09	40019	1456849989880	480
1	6	2016-03-02 00:33:09	40016	1456849989880	481
2	2	2016-03-02 00:33:09	40012	1456849989888	482
2	2	2016-03-02 00:33:09	40007	1456849989888	483
1	9	2016-03-02 00:33:09	40018	1456849989928	484
2	3	2016-03-02 00:33:09	40034	1456849989932	485
1	15	2016-03-02 00:33:10	40030	1456849990035	486
2	2	2016-03-02 00:33:10	40001	1456849990092	487
1	20	2016-03-02 00:33:10	40012	1456849990100	488
2	3	2016-03-02 00:33:10	40039	1456849990162	489
1	24	2016-03-02 00:33:10	40007	1456849990165	490
2	2	2016-03-02 00:33:10	40119	1456849990265	491
1	4	2016-03-02 00:33:10	40006	1456849990272	492
1	4	2016-03-02 00:33:10	40020	1456849990272	493
2	2	2016-03-02 00:33:10	40133	1456849990293	494
1	17	2016-03-02 00:33:10	40015	1456849990472	495
1	21	2016-03-02 00:33:10	40039	1456849990545	496
1	25	2016-03-02 00:33:10	40066	1456849990609	497
1	0	2016-03-02 00:33:10	40137	1456849990633	498
1	6	2016-03-02 00:33:10	40119	1456849990727	499
2	3	2016-03-02 00:33:10	40006	1456849990732	500
1	13	2016-03-02 00:33:10	40001	1456849990838	501
1	14	2016-03-02 00:33:10	40133	1456849990850	502
2	3	2016-03-02 00:33:11	40020	1456849991012	503
1	6	2016-03-02 00:33:11	40034	1456849991158	504
1	14	2016-03-02 00:33:11	40006	1456849991272	505
1	16	2016-03-02 00:33:11	40054	1456849991315	506
1	4	2016-03-02 00:33:11	40020	1456849991960	507
2	3	2016-03-02 00:33:15	40054	1456849995254	508
2	7	2016-03-02 00:33:15	40063	1456849995396	509
2	3	2016-03-02 00:33:15	40123	1456849995534	510
2	7	2016-03-02 00:33:15	40077	1456849995659	511
2	7	2016-03-02 00:33:15	40076	1456849995667	512
2	7	2016-03-02 00:33:16	40075	1456849996020	513
2	7	2016-03-02 00:33:16	40056	1456849996071	514
1	26	2016-03-02 00:33:16	40063	1456849996097	515
2	7	2016-03-02 00:33:16	40038	1456849996196	516
1	11	2016-03-02 00:33:16	40075	1456849996290	517
1	22	2016-03-02 00:33:16	40123	1456849996457	518
1	22	2016-03-02 00:33:16	40056	1456849996468	519
1	3	2016-03-02 00:33:16	40038	1456849996595	520
2	7	2016-03-02 00:33:16	40059	1456849996720	521
2	7	2016-03-02 00:33:16	40048	1456849996756	522
1	16	2016-03-02 00:33:16	40054	1456849996785	523
2	7	2016-03-02 00:33:16	40035	1456849996822	524
1	19	2016-03-02 00:33:16	40059	1456849996831	525
2	7	2016-03-02 00:33:16	40046	1456849996911	526
1	1	2016-03-02 00:33:16	40076	1456849996973	527
1	1	2016-03-02 00:33:16	40077	1456849996982	528
2	7	2016-03-02 00:33:17	40005	1456849997044	529
2	7	2016-03-02 00:33:17	40033	1456849997065	530
1	9	2016-03-02 00:33:17	40048	1456849997106	531
2	7	2016-03-02 00:33:17	40002	1456849997264	532
2	7	2016-03-02 00:33:17	40126	1456849997314	533
1	22	2016-03-02 00:33:17	40035	1456849997315	534
2	7	2016-03-02 00:33:17	40124	1456849997318	535
1	24	2016-03-02 00:33:17	40033	1456849997335	536
1	0	2016-03-02 00:33:17	40046	1456849997389	537
1	4	2016-03-02 00:33:17	40126	1456849997442	538
2	3	2016-03-02 00:33:17	40076	1456849997451	539
1	5	2016-03-02 00:33:17	40005	1456849997460	540
2	3	2016-03-02 00:33:17	40077	1456849997634	541
2	7	2016-03-02 00:33:17	40017	1456849997716	542
1	2	2016-03-02 00:33:17	40002	1456849997832	543
2	7	2016-03-02 00:33:17	40030	1456849997872	544
2	7	2016-03-02 00:33:18	40068	1456849998082	545
2	7	2016-03-02 00:33:18	40019	1456849998109	546
1	1	2016-03-02 00:33:18	40124	1456849998241	547
1	4	2016-03-02 00:33:18	40017	1456849998288	548
2	7	2016-03-02 00:33:18	40016	1456849998340	549
2	7	2016-03-02 00:33:18	40015	1456849998343	550
1	20	2016-03-02 00:33:18	40076	1456849998534	551
2	7	2016-03-02 00:33:18	40045	1456849998732	552
1	7	2016-03-02 00:33:18	40015	1456849998756	553
1	9	2016-03-02 00:33:18	40068	1456849998798	554
1	0	2016-03-02 00:33:19	40045	1456849999067	555
1	4	2016-03-02 00:33:19	40030	1456849999131	556
1	7	2016-03-02 00:33:19	40077	1456849999179	557
1	17	2016-03-02 00:33:19	40019	1456849999332	558
2	3	2016-03-02 00:33:19	40068	1456849999355	559
2	7	2016-03-02 00:33:19	40069	1456849999388	560
1	2	2016-03-02 00:33:19	40016	1456849999520	561
2	3	2016-03-02 00:33:19	40045	1456849999577	562
1	13	2016-03-02 00:33:20	40069	1456850000119	563
2	3	2016-03-02 00:33:20	40046	1456850000148	564
2	7	2016-03-02 00:33:20	40027	1456850000487	565
1	12	2016-03-02 00:33:20	40068	1456850000533	566
1	15	2016-03-02 00:33:20	40045	1456850000995	567
2	7	2016-03-02 00:33:21	40040	1456850001133	568
1	8	2016-03-02 00:33:21	40046	1456850001312	569
1	11	2016-03-02 00:33:21	40027	1456850001361	570
1	20	2016-03-02 00:33:21	40040	1456850001915	571
2	7	2016-03-02 00:33:22	40006	1456850002560	572
2	3	2016-03-02 00:33:23	40069	1456850003250	573
2	7	2016-03-02 00:33:23	40064	1456850003267	574
2	7	2016-03-02 00:33:23	40007	1456850003340	575
1	17	2016-03-02 00:33:23	40064	1456850003553	576
1	23	2016-03-02 00:33:23	40006	1456850003644	577
2	7	2016-03-02 00:33:24	40054	1456850004089	578
1	0	2016-03-02 00:33:24	40069	1456850004140	579
2	7	2016-03-02 00:33:24	40037	1456850004404	580
1	19	2016-03-02 00:33:24	40007	1456850004428	581
2	7	2016-03-02 00:33:24	40056	1456850004506	582
2	7	2016-03-02 00:33:24	40038	1456850004630	583
2	7	2016-03-02 00:33:25	40059	1456850005175	584
2	7	2016-03-02 00:33:25	40035	1456850005250	585
1	12	2016-03-02 00:33:25	40059	1456850005589	586
2	7	2016-03-02 00:33:25	40002	1456850005700	587
2	7	2016-03-02 00:33:25	40005	1456850005700	588
1	19	2016-03-02 00:33:25	40054	1456850005701	589
1	22	2016-03-02 00:33:25	40038	1456850005745	590
2	7	2016-03-02 00:33:26	40077	1456850006137	591
2	7	2016-03-02 00:33:26	40076	1456850006149	592
2	7	2016-03-02 00:33:26	40017	1456850006156	593
1	23	2016-03-02 00:33:26	40035	1456850006188	594
1	1	2016-03-02 00:33:26	40037	1456850006266	595
1	2	2016-03-02 00:33:26	40056	1456850006274	596
2	7	2016-03-02 00:33:26	40030	1456850006315	597
1	26	2016-03-02 00:33:26	40005	1456850006644	598
1	1	2016-03-02 00:33:26	40077	1456850006679	599
2	7	2016-03-02 00:33:26	40016	1456850006780	600
2	7	2016-03-02 00:33:26	40015	1456850006780	601
2	3	2016-03-02 00:33:26	40024	1456850006843	602
1	15	2016-03-02 00:33:26	40002	1456850006896	603
1	24	2016-03-02 00:33:27	40015	1456850007036	604
1	26	2016-03-02 00:33:27	40017	1456850007068	605
1	5	2016-03-02 00:33:27	40016	1456850007160	606
1	16	2016-03-02 00:33:27	40030	1456850007335	607
1	6	2016-03-02 00:33:27	40076	1456850007599	608
2	7	2016-03-02 00:33:27	40036	1456850007682	609
1	12	2016-03-02 00:33:27	40024	1456850007700	610
2	7	2016-03-02 00:33:27	40068	1456850007824	611
2	7	2016-03-02 00:33:27	40011	1456850007840	612
2	7	2016-03-02 00:33:28	40045	1456850008021	613
1	10	2016-03-02 00:33:28	40045	1456850008515	614
2	7	2016-03-02 00:33:28	40063	1456850008668	615
2	7	2016-03-02 00:33:28	40046	1456850008728	616
1	0	2016-03-02 00:33:28	40036	1456850008780	617
1	15	2016-03-02 00:33:29	40068	1456850009017	618
1	18	2016-03-02 00:33:29	40046	1456850009063	619
2	7	2016-03-02 00:33:29	40072	1456850009090	620
2	7	2016-03-02 00:33:29	40122	1456850009273	621
1	7	2016-03-02 00:33:29	40072	1456850009313	622
2	7	2016-03-02 00:33:29	40019	1456850009496	623
1	21	2016-03-02 00:33:29	40011	1456850009520	624
1	26	2016-03-02 00:33:29	40063	1456850009607	625
1	10	2016-03-02 00:33:29	40122	1456850009782	626
1	16	2016-03-02 00:33:29	40019	1456850009864	627
2	7	2016-03-02 00:33:30	40138	1456850010539	628
2	7	2016-03-02 00:33:31	40075	1456850011207	629
1	23	2016-03-02 00:33:31	40138	1456850011239	630
1	3	2016-03-02 00:33:31	40075	1456850011780	631
2	7	2016-03-02 00:33:31	40007	1456850011781	632
2	7	2016-03-02 00:33:32	40048	1456850012308	633
1	1	2016-03-02 00:33:32	40007	1456850012584	634
2	7	2016-03-02 00:33:32	40071	1456850012788	635
2	7	2016-03-02 00:33:33	40037	1456850013160	636
2	7	2016-03-02 00:33:33	40038	1456850013318	637
1	26	2016-03-02 00:33:33	40048	1456850013406	638
2	7	2016-03-02 00:33:33	40059	1456850013615	639
1	18	2016-03-02 00:33:33	40071	1456850013696	640
2	7	2016-03-02 00:33:33	40027	1456850013717	641
1	12	2016-03-02 00:33:34	40037	1456850014020	642
2	7	2016-03-02 00:33:34	40002	1456850014136	643
2	7	2016-03-02 00:33:34	40005	1456850014140	644
2	7	2016-03-02 00:33:34	40054	1456850014200	645
1	9	2016-03-02 00:33:34	40038	1456850014402	646
1	18	2016-03-02 00:33:34	40027	1456850014544	647
1	22	2016-03-02 00:33:34	40059	1456850014602	648
2	7	2016-03-02 00:33:34	40077	1456850014625	649
2	7	2016-03-02 00:33:34	40076	1456850014640	650
2	7	2016-03-02 00:33:35	40067	1456850015013	651
1	2	2016-03-02 00:33:35	40005	1456850015128	652
1	8	2016-03-02 00:33:35	40076	1456850015229	653
2	7	2016-03-02 00:33:35	40015	1456850015232	654
1	17	2016-03-02 00:33:35	40002	1456850015364	655
2	7	2016-03-02 00:33:35	40008	1456850015436	656
2	7	2016-03-02 00:33:35	40016	1456850015485	657
1	1	2016-03-02 00:33:35	40054	1456850015540	658
1	11	2016-03-02 00:33:35	40077	1456850015692	659
2	7	2016-03-02 00:33:35	40024	1456850015694	660
1	22	2016-03-02 00:33:35	40024	1456850015869	661
1	26	2016-03-02 00:33:35	40015	1456850015928	662
2	7	2016-03-02 00:33:36	40036	1456850016115	663
2	7	2016-03-02 00:33:36	40011	1456850016281	664
1	23	2016-03-02 00:33:36	40067	1456850016302	665
1	5	2016-03-02 00:33:36	40016	1456850016440	666
2	7	2016-03-02 00:33:36	40045	1456850016451	667
1	9	2016-03-02 00:33:36	40008	1456850016504	668
1	12	2016-03-02 00:33:36	40045	1456850016975	669
1	14	2016-03-02 00:33:37	40011	1456850017004	670
2	7	2016-03-02 00:33:37	40063	1456850017118	671
2	7	2016-03-02 00:33:37	40046	1456850017165	672
1	3	2016-03-02 00:33:37	40036	1456850017261	673
2	3	2016-03-02 00:33:37	40008	1456850017497	674
2	7	2016-03-02 00:33:38	40124	1456850018105	675
1	3	2016-03-02 00:33:38	40046	1456850018106	676
1	4	2016-03-02 00:33:38	40008	1456850018112	677
1	16	2016-03-02 00:33:38	40063	1456850018311	678
1	12	2016-03-02 00:33:38	40124	1456850018662	679
2	7	2016-03-02 00:33:39	40075	1456850019644	680
2	7	2016-03-02 00:33:40	40120	1456850020529	681
1	12	2016-03-02 00:33:40	40075	1456850020774	682
2	7	2016-03-02 00:33:40	40048	1456850020800	683
2	7	2016-03-02 00:33:41	40071	1456850021217	684
1	1	2016-03-02 00:33:41	40120	1456850021451	685
2	7	2016-03-02 00:33:41	40037	1456850021738	686
1	19	2016-03-02 00:33:41	40048	1456850021739	687
2	7	2016-03-02 00:33:41	40038	1456850021751	688
2	7	2016-03-02 00:33:42	40059	1456850022054	689
1	19	2016-03-02 00:33:42	40071	1456850022157	690
2	7	2016-03-02 00:33:42	40056	1456850022221	691
2	7	2016-03-02 00:33:42	40005	1456850022576	692
2	7	2016-03-02 00:33:42	40002	1456850022577	693
2	7	2016-03-02 00:33:42	40054	1456850022637	694
1	7	2016-03-02 00:33:42	40038	1456850022803	695
2	7	2016-03-02 00:33:42	40019	1456850022856	696
1	15	2016-03-02 00:33:42	40037	1456850022935	697
2	7	2016-03-02 00:33:43	40077	1456850023080	698
2	7	2016-03-02 00:33:43	40076	1456850023082	699
1	25	2016-03-02 00:33:43	40059	1456850023089	700
1	26	2016-03-02 00:33:43	40056	1456850023096	701
1	2	2016-03-02 00:33:43	40005	1456850023144	702
1	2	2016-03-02 00:33:43	40019	1456850023144	703
2	7	2016-03-02 00:33:43	40034	1456850023279	704
2	7	2016-03-02 00:33:43	40067	1456850023448	705
1	1	2016-03-02 00:33:43	40077	1456850023558	706
1	3	2016-03-02 00:33:43	40002	1456850023580	707
2	3	2016-03-02 00:33:43	40019	1456850023592	708
1	13	2016-03-02 00:33:43	40076	1456850023752	709
1	17	2016-03-02 00:33:43	40054	1456850023801	710
2	3	2016-03-02 00:33:43	40005	1456850023856	711
1	22	2016-03-02 00:33:43	40034	1456850023884	712
2	7	2016-03-02 00:33:43	40016	1456850023920	713
1	15	2016-03-02 00:33:44	40067	1456850024196	714
2	7	2016-03-02 00:33:44	40024	1456850024245	715
1	21	2016-03-02 00:33:44	40019	1456850024708	716
2	7	2016-03-02 00:33:44	40011	1456850024720	717
1	2	2016-03-02 00:33:44	40005	1456850024832	718
1	4	2016-03-02 00:33:44	40024	1456850024864	719
2	7	2016-03-02 00:33:44	40045	1456850024893	720
2	7	2016-03-02 00:33:45	40015	1456850025012	721
1	19	2016-03-02 00:33:45	40016	1456850025096	722
1	23	2016-03-02 00:33:45	40045	1456850025594	723
1	24	2016-03-02 00:33:45	40011	1456850025596	724
2	7	2016-03-02 00:33:45	40046	1456850025601	725
2	3	2016-03-02 00:33:45	40059	1456850025637	726
2	7	2016-03-02 00:33:45	40063	1456850025870	727
1	22	2016-03-02 00:33:45	40059	1456850025987	728
2	3	2016-03-02 00:33:46	40008	1456850026028	729
2	3	2016-03-02 00:33:46	40033	1456850026223	730
1	23	2016-03-02 00:33:46	40046	1456850026431	731
2	7	2016-03-02 00:33:46	40001	1456850026496	732
1	4	2016-03-02 00:33:46	40008	1456850026552	733
2	2	2016-03-02 00:33:46	40080	1456850026561	734
1	5	2016-03-02 00:33:46	40015	1456850026568	735
2	3	2016-03-02 00:33:46	40007	1456850026872	736
1	26	2016-03-02 00:33:46	40063	1456850026904	737
1	23	2016-03-02 00:33:47	40080	1456850027263	738
2	2	2016-03-02 00:33:47	40002	1456850027268	739
2	2	2016-03-02 00:33:47	40076	1456850027272	740
2	2	2016-03-02 00:33:47	40069	1456850027283	741
2	2	2016-03-02 00:33:47	40064	1456850027284	742
1	22	2016-03-02 00:33:47	40033	1456850027689	743
1	1	2016-03-02 00:33:47	40002	1456850027764	744
2	2	2016-03-02 00:33:47	40005	1456850027768	745
2	2	2016-03-02 00:33:47	40019	1456850027769	746
1	11	2016-03-02 00:33:47	40001	1456850027924	747
1	17	2016-03-02 00:33:48	40064	1456850028015	748
2	2	2016-03-02 00:33:48	40063	1456850028018	749
2	2	2016-03-02 00:33:48	40018	1456850028192	750
1	2	2016-03-02 00:33:48	40007	1456850028208	751
1	6	2016-03-02 00:33:48	40069	1456850028268	752
2	2	2016-03-02 00:33:48	40077	1456850028272	753
2	2	2016-03-02 00:33:48	40075	1456850028272	754
2	2	2016-03-02 00:33:48	40123	1456850028277	755
2	2	2016-03-02 00:33:48	40068	1456850028278	756
1	26	2016-03-02 00:33:48	40063	1456850028575	757
2	2	2016-03-02 00:33:48	40008	1456850028584	758
1	0	2016-03-02 00:33:48	40019	1456850028592	759
2	2	2016-03-02 00:33:48	40012	1456850028600	760
1	6	2016-03-02 00:33:48	40018	1456850028688	761
2	2	2016-03-02 00:33:48	40078	1456850028696	762
2	2	2016-03-02 00:33:48	40014	1456850028697	763
2	2	2016-03-02 00:33:48	40007	1456850028698	764
2	2	2016-03-02 00:33:48	40011	1456850028698	765
2	2	2016-03-02 00:33:48	40003	1456850028698	766
2	2	2016-03-02 00:33:48	40066	1456850028709	767
1	11	2016-03-02 00:33:48	40076	1456850028770	768
2	2	2016-03-02 00:33:48	40081	1456850028772	769
2	2	2016-03-02 00:33:48	40132	1456850028780	770
2	2	2016-03-02 00:33:48	40072	1456850028783	771
2	2	2016-03-02 00:33:49	40016	1456850029004	772
2	2	2016-03-02 00:33:49	40060	1456850029007	773
1	26	2016-03-02 00:33:49	40066	1456850029011	774
2	2	2016-03-02 00:33:49	40026	1456850029024	775
1	26	2016-03-02 00:33:49	40008	1456850029040	776
1	2	2016-03-02 00:33:49	40075	1456850029052	777
2	2	2016-03-02 00:33:49	40079	1456850029062	778
1	4	2016-03-02 00:33:49	40005	1456850029076	779
2	2	2016-03-02 00:33:49	40135	1456850029078	780
2	2	2016-03-02 00:33:49	40037	1456850029081	781
2	2	2016-03-02 00:33:49	40035	1456850029088	782
2	2	2016-03-02 00:33:49	40015	1456850029117	783
2	2	2016-03-02 00:33:49	40033	1456850029122	784
1	7	2016-03-02 00:33:49	40079	1456850029126	785
2	2	2016-03-02 00:33:49	40138	1456850029129	786
2	2	2016-03-02 00:33:49	40036	1456850029147	787
1	8	2016-03-02 00:33:49	40026	1456850029151	788
2	7	2016-03-02 00:33:49	40048	1456850029244	789
1	15	2016-03-02 00:33:49	40077	1456850029259	790
2	2	2016-03-02 00:33:49	40120	1456850029270	791
1	16	2016-03-02 00:33:49	40132	1456850029274	792
2	2	2016-03-02 00:33:49	40118	1456850029280	793
1	19	2016-03-02 00:33:49	40012	1456850029312	794
1	21	2016-03-02 00:33:49	40123	1456850029344	795
1	24	2016-03-02 00:33:49	40072	1456850029389	796
2	2	2016-03-02 00:33:49	40067	1456850029401	797
2	2	2016-03-02 00:33:49	40070	1456850029402	798
1	25	2016-03-02 00:33:49	40060	1456850029405	799
2	2	2016-03-02 00:33:49	40074	1456850029405	800
2	2	2016-03-02 00:33:49	40071	1456850029406	801
1	25	2016-03-02 00:33:49	40007	1456850029408	802
2	2	2016-03-02 00:33:49	40020	1456850029412	803
2	2	2016-03-02 00:33:49	40006	1456850029413	804
2	2	2016-03-02 00:33:49	40004	1456850029428	805
2	2	2016-03-02 00:33:49	40001	1456850029429	806
2	2	2016-03-02 00:33:49	40009	1456850029429	807
2	2	2016-03-02 00:33:49	40083	1456850029450	808
1	3	2016-03-02 00:33:49	40081	1456850029489	809
2	2	2016-03-02 00:33:49	40056	1456850029494	810
2	2	2016-03-02 00:33:49	40054	1456850029494	811
2	2	2016-03-02 00:33:49	40040	1456850029496	812
2	2	2016-03-02 00:33:49	40051	1456850029501	813
2	2	2016-03-02 00:33:49	40038	1456850029515	814
1	7	2016-03-02 00:33:49	40003	1456850029544	815
2	2	2016-03-02 00:33:49	40013	1456850029552	816
1	12	2016-03-02 00:33:49	40014	1456850029624	817
2	2	2016-03-02 00:33:49	40053	1456850029629	818
1	12	2016-03-02 00:33:49	40068	1456850029631	819
2	3	2016-03-02 00:33:49	40063	1456850029641	820
1	14	2016-03-02 00:33:49	40015	1456850029657	821
1	14	2016-03-02 00:33:49	40083	1456850029658	822
1	16	2016-03-02 00:33:49	40070	1456850029688	823
2	2	2016-03-02 00:33:49	40085	1456850029693	824
2	2	2016-03-02 00:33:49	40136	1456850029701	825
1	18	2016-03-02 00:33:49	40011	1456850029716	826
1	18	2016-03-02 00:33:49	40035	1456850029724	827
1	4	2016-03-02 00:33:49	40037	1456850029733	828
2	2	2016-03-02 00:33:49	40017	1456850029740	829
1	20	2016-03-02 00:33:49	40120	1456850029747	830
1	22	2016-03-02 00:33:49	40036	1456850029783	831
1	23	2016-03-02 00:33:49	40074	1456850029803	832
2	2	2016-03-02 00:33:49	40048	1456850029832	833
2	2	2016-03-02 00:33:49	40031	1456850029833	834
1	5	2016-03-02 00:33:49	40016	1456850029936	835
1	7	2016-03-02 00:33:49	40067	1456850029974	836
2	2	2016-03-02 00:33:49	40010	1456850029976	837
1	8	2016-03-02 00:33:49	40078	1456850029984	838
1	8	2016-03-02 00:33:49	40135	1456850029987	839
1	8	2016-03-02 00:33:49	40138	1456850029988	840
2	2	2016-03-02 00:33:49	40131	1456850029989	841
2	2	2016-03-02 00:33:49	40139	1456850029995	842
2	2	2016-03-02 00:33:50	40133	1456850030000	843
2	2	2016-03-02 00:33:50	40119	1456850030000	844
2	2	2016-03-02 00:33:50	40137	1456850030001	845
2	2	2016-03-02 00:33:50	40122	1456850030003	846
1	10	2016-03-02 00:33:50	40004	1456850030016	847
1	11	2016-03-02 00:33:50	40009	1456850030028	848
2	3	2016-03-02 00:33:50	40037	1456850030052	849
2	7	2016-03-02 00:33:50	40047	1456850030077	850
1	15	2016-03-02 00:33:50	40001	1456850030092	851
1	15	2016-03-02 00:33:50	40118	1456850030093	852
2	2	2016-03-02 00:33:50	40126	1456850030105	853
2	2	2016-03-02 00:33:50	40124	1456850030112	854
2	2	2016-03-02 00:33:50	40117	1456850030123	855
1	17	2016-03-02 00:33:50	40006	1456850030124	856
1	19	2016-03-02 00:33:50	40071	1456850030154	857
1	19	2016-03-02 00:33:50	40033	1456850030157	858
2	2	2016-03-02 00:33:50	40030	1456850030211	859
2	2	2016-03-02 00:33:50	40032	1456850030244	860
1	24	2016-03-02 00:33:50	40048	1456850030246	861
2	2	2016-03-02 00:33:50	40045	1456850030247	862
2	2	2016-03-02 00:33:50	40024	1456850030252	863
2	2	2016-03-02 00:33:50	40047	1456850030252	864
1	26	2016-03-02 00:33:50	40136	1456850030273	865
1	2	2016-03-02 00:33:50	40017	1456850030312	866
2	2	2016-03-02 00:33:50	40039	1456850030326	867
1	5	2016-03-02 00:33:50	40054	1456850030356	868
2	2	2016-03-02 00:33:50	40057	1456850030363	869
2	2	2016-03-02 00:33:50	40027	1456850030366	870
2	2	2016-03-02 00:33:50	40055	1456850030367	871
2	2	2016-03-02 00:33:50	40084	1456850030374	872
1	7	2016-03-02 00:33:50	40031	1456850030389	873
1	7	2016-03-02 00:33:50	40126	1456850030391	874
2	3	2016-03-02 00:33:50	40035	1456850030392	875
2	3	2016-03-02 00:33:50	40011	1456850030476	876
1	13	2016-03-02 00:33:50	40139	1456850030488	877
1	13	2016-03-02 00:33:50	40137	1456850030494	878
2	3	2016-03-02 00:33:50	40135	1456850030497	879
1	16	2016-03-02 00:33:50	40057	1456850030538	880
1	17	2016-03-02 00:33:50	40131	1456850030545	881
2	2	2016-03-02 00:33:50	40046	1456850030545	882
1	17	2016-03-02 00:33:50	40051	1456850030550	883
1	20	2016-03-02 00:33:50	40035	1456850030599	884
2	2	2016-03-02 00:33:50	40073	1456850030644	885
1	23	2016-03-02 00:33:50	40119	1456850030652	886
1	24	2016-03-02 00:33:50	40020	1456850030652	887
1	25	2016-03-02 00:33:50	40084	1456850030675	888
1	25	2016-03-02 00:33:50	40053	1456850030680	889
1	1	2016-03-02 00:33:50	40013	1456850030716	890
1	1	2016-03-02 00:33:50	40038	1456850030726	891
2	2	2016-03-02 00:33:50	40028	1456850030735	892
1	3	2016-03-02 00:33:50	40024	1456850030761	893
1	4	2016-03-02 00:33:50	40010	1456850030764	894
1	4	2016-03-02 00:33:50	40040	1456850030771	895
2	2	2016-03-02 00:33:50	40058	1456850030778	896
1	6	2016-03-02 00:33:50	40045	1456850030804	897
2	3	2016-03-02 00:33:50	40126	1456850030836	898
1	9	2016-03-02 00:33:50	40056	1456850030847	899
1	9	2016-03-02 00:33:50	40046	1456850030848	900
2	2	2016-03-02 00:33:50	40059	1456850030860	901
1	11	2016-03-02 00:33:50	40124	1456850030876	902
2	2	2016-03-02 00:33:50	40128	1456850030882	903
1	12	2016-03-02 00:33:50	40117	1456850030887	904
1	12	2016-03-02 00:33:50	40122	1456850030894	905
2	2	2016-03-02 00:33:50	40130	1456850030899	906
2	2	2016-03-02 00:33:50	40065	1456850030920	907
2	2	2016-03-02 00:33:50	40082	1456850030921	908
1	13	2016-03-02 00:33:50	40085	1456850030921	909
1	18	2016-03-02 00:33:50	40047	1456850030984	910
1	18	2016-03-02 00:33:50	40063	1456850030994	911
1	19	2016-03-02 00:33:51	40039	1456850031011	912
1	23	2016-03-02 00:33:51	40027	1456850031066	913
1	23	2016-03-02 00:33:51	40030	1456850031071	914
2	3	2016-03-02 00:33:51	40139	1456850031077	915
2	2	2016-03-02 00:33:51	40034	1456850031098	916
1	25	2016-03-02 00:33:51	40135	1456850031102	917
1	25	2016-03-02 00:33:51	40032	1456850031103	918
1	26	2016-03-02 00:33:51	40073	1456850031106	919
1	26	2016-03-02 00:33:51	40133	1456850031115	920
2	3	2016-03-02 00:33:51	40078	1456850031241	921
2	3	2016-03-02 00:33:51	40137	1456850031256	922
1	10	2016-03-02 00:33:51	40130	1456850031281	923
1	14	2016-03-02 00:33:51	40058	1456850031351	924
1	16	2016-03-02 00:33:51	40034	1456850031385	925
1	18	2016-03-02 00:33:51	40028	1456850031404	926
1	19	2016-03-02 00:33:51	40055	1456850031420	927
2	2	2016-03-02 00:33:51	40025	1456850031422	928
1	21	2016-03-02 00:33:51	40037	1456850031453	929
1	26	2016-03-02 00:33:51	40059	1456850031528	930
1	0	2016-03-02 00:33:51	40128	1456850031551	931
1	2	2016-03-02 00:33:51	40025	1456850031581	932
2	3	2016-03-02 00:33:51	40084	1456850031644	933
1	7	2016-03-02 00:33:51	40082	1456850031654	934
1	12	2016-03-02 00:33:51	40065	1456850031733	935
1	16	2016-03-02 00:33:51	40011	1456850031792	936
1	8	2016-03-02 00:33:52	40078	1456850032100	937
1	16	2016-03-02 00:33:52	40139	1456850032223	938
1	21	2016-03-02 00:33:52	40126	1456850032298	939
1	24	2016-03-02 00:33:52	40137	1456850032352	940
1	13	2016-03-02 00:33:52	40084	1456850032597	941
2	3	2016-03-02 00:33:52	40032	1456850032775	942
1	12	2016-03-02 00:33:52	40032	1456850032998	943
2	3	2016-03-02 00:33:53	40046	1456850033209	944
2	3	2016-03-02 00:33:53	40030	1456850033811	945
1	8	2016-03-02 00:33:54	40046	1456850034213	946
1	24	2016-03-02 00:33:54	40030	1456850034878	947
2	7	2016-03-02 00:33:56	40002	1456850036478	948
2	7	2016-03-02 00:33:56	40005	1456850036600	949
2	7	2016-03-02 00:33:56	40080	1456850036624	950
2	7	2016-03-02 00:33:56	40076	1456850036655	951
2	3	2016-03-02 00:33:56	40123	1456850036857	952
2	7	2016-03-02 00:33:56	40019	1456850036896	953
2	3	2016-03-02 00:33:56	40126	1456850036946	954
2	3	2016-03-02 00:33:56	40073	1456850036984	955
1	1	2016-03-02 00:33:57	40002	1456850037044	956
2	7	2016-03-02 00:33:57	40077	1456850037078	957
1	7	2016-03-02 00:33:57	40019	1456850037137	958
1	23	2016-03-02 00:33:57	40005	1456850037389	959
1	4	2016-03-02 00:33:57	40080	1456850037517	960
2	7	2016-03-02 00:33:57	40132	1456850037617	961
2	7	2016-03-02 00:33:57	40066	1456850037633	962
1	16	2016-03-02 00:33:57	40073	1456850037701	963
1	23	2016-03-02 00:33:57	40123	1456850037812	964
1	25	2016-03-02 00:33:57	40126	1456850037845	965
2	7	2016-03-02 00:33:58	40063	1456850038107	966
2	7	2016-03-02 00:33:58	40054	1456850038266	967
1	0	2016-03-02 00:33:58	40076	1456850038296	968
1	0	2016-03-02 00:33:58	40063	1456850038298	969
1	2	2016-03-02 00:33:58	40066	1456850038333	970
1	10	2016-03-02 00:33:58	40077	1456850038463	971
2	3	2016-03-02 00:33:58	40063	1456850038823	972
2	7	2016-03-02 00:33:58	40037	1456850038840	973
2	3	2016-03-02 00:33:58	40135	1456850038958	974
2	7	2016-03-02 00:33:58	40015	1456850038960	975
2	7	2016-03-02 00:33:58	40047	1456850038973	976
1	18	2016-03-02 00:33:59	40132	1456850039003	977
2	7	2016-03-02 00:33:59	40035	1456850039106	978
2	7	2016-03-02 00:33:59	40056	1456850039108	979
2	7	2016-03-02 00:33:59	40045	1456850039201	980
2	7	2016-03-02 00:33:59	40070	1456850039346	981
2	7	2016-03-02 00:33:59	40059	1456850039410	982
2	7	2016-03-02 00:33:59	40024	1456850039501	983
1	5	2016-03-02 00:33:59	40054	1456850039638	984
1	8	2016-03-02 00:33:59	40045	1456850039694	985
1	15	2016-03-02 00:33:59	40024	1456850039804	986
2	7	2016-03-02 00:33:59	40016	1456850039805	987
1	22	2016-03-02 00:33:59	40047	1456850039912	988
1	26	2016-03-02 00:33:59	40015	1456850039964	989
1	2	2016-03-02 00:34:00	40070	1456850040015	990
1	3	2016-03-02 00:34:00	40037	1456850040034	991
1	9	2016-03-02 00:34:00	40056	1456850040126	992
1	20	2016-03-02 00:34:00	40063	1456850040303	993
1	22	2016-03-02 00:34:00	40135	1456850040328	994
1	0	2016-03-02 00:34:00	40059	1456850040414	995
1	9	2016-03-02 00:34:00	40035	1456850040554	996
1	18	2016-03-02 00:34:01	40016	1456850041109	997
2	7	2016-03-02 00:34:01	40046	1456850041924	998
2	7	2016-03-02 00:34:02	40075	1456850042217	999
2	7	2016-03-02 00:34:02	40017	1456850042305	1000
2	7	2016-03-02 00:34:02	40030	1456850042350	1001
1	10	2016-03-02 00:34:02	40017	1456850042670	1002
2	7	2016-03-02 00:34:02	40128	1456850042692	1003
1	21	2016-03-02 00:34:02	40046	1456850042841	1004
1	26	2016-03-02 00:34:02	40075	1456850042917	1005
2	7	2016-03-02 00:34:03	40130	1456850043113	1006
1	14	2016-03-02 00:34:03	40030	1456850043576	1007
1	24	2016-03-02 00:34:03	40128	1456850043743	1008
1	5	2016-03-02 00:34:03	40130	1456850043862	1009
2	7	2016-03-02 00:34:03	40068	1456850043893	1010
2	7	2016-03-02 00:34:03	40048	1456850043969	1011
1	20	2016-03-02 00:34:04	40048	1456850044096	1012
2	3	2016-03-02 00:34:04	40030	1456850044357	1013
2	7	2016-03-02 00:34:04	40002	1456850044913	1014
2	7	2016-03-02 00:34:05	40076	1456850045082	1015
1	5	2016-03-02 00:34:05	40068	1456850045134	1016
2	7	2016-03-02 00:34:05	40005	1456850045149	1017
1	7	2016-03-02 00:34:05	40030	1456850045153	1018
2	7	2016-03-02 00:34:05	40080	1456850045316	1019
2	7	2016-03-02 00:34:05	40019	1456850045333	1020
1	26	2016-03-02 00:34:05	40002	1456850045449	1021
2	7	2016-03-02 00:34:05	40077	1456850045517	1022
2	7	2016-03-02 00:34:05	40126	1456850045649	1023
2	3	2016-03-02 00:34:05	40054	1456850045756	1024
1	20	2016-03-02 00:34:05	40019	1456850045777	1025
1	10	2016-03-02 00:34:06	40054	1456850046049	1026
1	21	2016-03-02 00:34:06	40005	1456850046217	1027
1	21	2016-03-02 00:34:06	40076	1456850046229	1028
2	7	2016-03-02 00:34:06	40132	1456850046311	1029
1	4	2016-03-02 00:34:06	40080	1456850046384	1030
1	9	2016-03-02 00:34:06	40126	1456850046460	1031
2	3	2016-03-02 00:34:06	40078	1456850046862	1032
1	18	2016-03-02 00:34:07	40077	1456850047014	1033
1	7	2016-03-02 00:34:07	40132	1456850047267	1034
2	7	2016-03-02 00:34:07	40037	1456850047278	1035
2	7	2016-03-02 00:34:07	40015	1456850047397	1036
2	7	2016-03-02 00:34:07	40047	1456850047407	1037
2	7	2016-03-02 00:34:07	40035	1456850047535	1038
2	7	2016-03-02 00:34:07	40063	1456850047559	1039
1	0	2016-03-02 00:34:07	40078	1456850047578	1040
2	7	2016-03-02 00:34:07	40045	1456850047629	1041
1	16	2016-03-02 00:34:07	40037	1456850047835	1042
2	7	2016-03-02 00:34:07	40059	1456850047914	1043
1	14	2016-03-02 00:34:08	40063	1456850048228	1044
1	15	2016-03-02 00:34:08	40059	1456850048232	1045
2	7	2016-03-02 00:34:08	40016	1456850048241	1046
1	6	2016-03-02 00:34:08	40047	1456850048521	1047
1	20	2016-03-02 00:34:08	40016	1456850048733	1048
1	0	2016-03-02 00:34:08	40015	1456850048841	1049
1	21	2016-03-02 00:34:09	40045	1456850049174	1050
1	23	2016-03-02 00:34:09	40035	1456850049204	1051
2	7	2016-03-02 00:34:09	40008	1456850049430	1052
2	7	2016-03-02 00:34:09	40011	1456850049430	1053
2	7	2016-03-02 00:34:09	40014	1456850049489	1054
1	11	2016-03-02 00:34:09	40014	1456850049857	1055
1	14	2016-03-02 00:34:09	40011	1456850049906	1056
1	8	2016-03-02 00:34:10	40008	1456850050233	1057
2	7	2016-03-02 00:34:10	40046	1456850050353	1058
2	2	2016-03-02 00:34:10	40005	1456850050857	1059
2	3	2016-03-02 00:34:10	40073	1456850050907	1060
1	4	2016-03-02 00:34:11	40073	1456850051448	1061
2	7	2016-03-02 00:34:11	40010	1456850051537	1062
1	11	2016-03-02 00:34:11	40046	1456850051549	1063
2	7	2016-03-02 00:34:11	40024	1456850051723	1064
1	26	2016-03-02 00:34:11	40010	1456850051781	1065
1	21	2016-03-02 00:34:12	40005	1456850052121	1066
2	2	2016-03-02 00:34:12	40014	1456850052125	1067
2	2	2016-03-02 00:34:12	40018	1456850052125	1068
2	2	2016-03-02 00:34:12	40002	1456850052129	1069
2	2	2016-03-02 00:34:12	40035	1456850052130	1070
2	2	2016-03-02 00:34:12	40037	1456850052134	1071
1	22	2016-03-02 00:34:12	40024	1456850052136	1072
2	7	2016-03-02 00:34:12	40058	1456850052279	1073
1	6	2016-03-02 00:34:12	40014	1456850052729	1074
2	2	2016-03-02 00:34:12	40003	1456850052733	1075
1	7	2016-03-02 00:34:12	40002	1456850052746	1076
2	2	2016-03-02 00:34:12	40066	1456850052746	1077
2	2	2016-03-02 00:34:12	40019	1456850052749	1078
2	7	2016-03-02 00:34:12	40120	1456850052808	1079
1	5	2016-03-02 00:34:13	40037	1456850053137	1080
2	2	2016-03-02 00:34:13	40026	1456850053140	1081
2	2	2016-03-02 00:34:13	40038	1456850053141	1082
2	2	2016-03-02 00:34:13	40036	1456850053142	1083
2	2	2016-03-02 00:34:13	40060	1456850053152	1084
2	2	2016-03-02 00:34:13	40033	1456850053152	1085
2	2	2016-03-02 00:34:13	40011	1456850053158	1086
2	2	2016-03-02 00:34:13	40004	1456850053158	1087
2	2	2016-03-02 00:34:13	40001	1456850053158	1088
2	2	2016-03-02 00:34:13	40008	1456850053158	1089
2	2	2016-03-02 00:34:13	40013	1456850053158	1090
2	2	2016-03-02 00:34:13	40016	1456850053159	1091
2	2	2016-03-02 00:34:13	40080	1456850053178	1092
1	19	2016-03-02 00:34:13	40066	1456850053351	1093
1	19	2016-03-02 00:34:13	40008	1456850053353	1094
2	2	2016-03-02 00:34:13	40063	1456850053368	1095
1	22	2016-03-02 00:34:13	40080	1456850053401	1096
2	2	2016-03-02 00:34:13	40076	1456850053413	1097
2	2	2016-03-02 00:34:13	40069	1456850053414	1098
1	26	2016-03-02 00:34:13	40035	1456850053466	1099
1	8	2016-03-02 00:34:13	40018	1456850053601	1100
2	2	2016-03-02 00:34:13	40015	1456850053609	1101
2	2	2016-03-02 00:34:13	40007	1456850053609	1102
1	8	2016-03-02 00:34:13	40058	1456850053616	1103
1	20	2016-03-02 00:34:13	40003	1456850053789	1104
1	20	2016-03-02 00:34:13	40076	1456850053796	1105
2	2	2016-03-02 00:34:13	40020	1456850053797	1106
2	2	2016-03-02 00:34:13	40077	1456850053798	1107
2	2	2016-03-02 00:34:13	40078	1456850053798	1108
2	2	2016-03-02 00:34:13	40072	1456850053798	1109
2	2	2016-03-02 00:34:13	40075	1456850053806	1110
2	2	2016-03-02 00:34:13	40068	1456850053809	1111
2	2	2016-03-02 00:34:13	40123	1456850053810	1112
2	2	2016-03-02 00:34:13	40064	1456850053827	1113
1	25	2016-03-02 00:34:13	40001	1456850053869	1114
1	25	2016-03-02 00:34:13	40120	1456850053873	1115
2	2	2016-03-02 00:34:13	40010	1456850053877	1116
1	26	2016-03-02 00:34:13	40026	1456850053887	1117
1	1	2016-03-02 00:34:13	40013	1456850053913	1118
1	5	2016-03-02 00:34:13	40004	1456850053977	1119
2	2	2016-03-02 00:34:13	40009	1456850053985	1120
2	2	2016-03-02 00:34:13	40039	1456850053990	1121
1	8	2016-03-02 00:34:14	40063	1456850054036	1122
1	9	2016-03-02 00:34:14	40019	1456850054041	1123
2	2	2016-03-02 00:34:14	40012	1456850054045	1124
1	11	2016-03-02 00:34:14	40060	1456850054076	1125
2	2	2016-03-02 00:34:14	40048	1456850054083	1126
2	7	2016-03-02 00:34:14	40126	1456850054089	1127
1	12	2016-03-02 00:34:14	40038	1456850054097	1128
2	2	2016-03-02 00:34:14	40051	1456850054102	1129
2	2	2016-03-02 00:34:14	40028	1456850054103	1130
2	2	2016-03-02 00:34:14	40030	1456850054106	1131
1	15	2016-03-02 00:34:14	40036	1456850054144	1132
2	2	2016-03-02 00:34:14	40132	1456850054225	1133
2	2	2016-03-02 00:34:14	40081	1456850054230	1134
1	21	2016-03-02 00:34:14	40069	1456850054240	1135
1	22	2016-03-02 00:34:14	40007	1456850054246	1136
2	2	2016-03-02 00:34:14	40006	1456850054249	1137
1	24	2016-03-02 00:34:14	40033	1456850054283	1138
2	7	2016-03-02 00:34:14	40054	1456850054294	1139
2	7	2016-03-02 00:34:14	40057	1456850054297	1140
1	0	2016-03-02 00:34:14	40011	1456850054321	1141
1	4	2016-03-02 00:34:14	40123	1456850054383	1142
2	2	2016-03-02 00:34:14	40120	1456850054397	1143
1	5	2016-03-02 00:34:14	40068	1456850054414	1144
1	7	2016-03-02 00:34:14	40016	1456850054433	1145
1	9	2016-03-02 00:34:14	40009	1456850054461	1146
2	2	2016-03-02 00:34:14	40067	1456850054467	1147
1	10	2016-03-02 00:34:14	40020	1456850054477	1148
2	2	2016-03-02 00:34:14	40031	1456850054508	1149
1	14	2016-03-02 00:34:14	40075	1456850054538	1150
1	14	2016-03-02 00:34:14	40015	1456850054541	1151
2	2	2016-03-02 00:34:14	40079	1456850054558	1152
2	3	2016-03-02 00:34:14	40035	1456850054563	1153
1	18	2016-03-02 00:34:14	40064	1456850054606	1154
1	23	2016-03-02 00:34:14	40030	1456850054680	1155
1	23	2016-03-02 00:34:14	40077	1456850054690	1156
2	2	2016-03-02 00:34:14	40040	1456850054750	1157
2	2	2016-03-02 00:34:14	40056	1456850054753	1158
1	0	2016-03-02 00:34:14	40039	1456850054755	1159
1	0	2016-03-02 00:34:14	40081	1456850054755	1160
1	2	2016-03-02 00:34:14	40006	1456850054773	1161
1	6	2016-03-02 00:34:14	40028	1456850054836	1162
2	2	2016-03-02 00:34:14	40025	1456850054844	1163
1	6	2016-03-02 00:34:14	40040	1456850054845	1164
2	2	2016-03-02 00:34:14	40055	1456850054846	1165
2	2	2016-03-02 00:34:14	40054	1456850054852	1166
2	2	2016-03-02 00:34:14	40027	1456850054855	1167
2	2	2016-03-02 00:34:14	40083	1456850054898	1168
1	10	2016-03-02 00:34:14	40031	1456850054905	1169
1	10	2016-03-02 00:34:14	40078	1456850054912	1170
2	2	2016-03-02 00:34:14	40024	1456850054917	1171
2	2	2016-03-02 00:34:14	40135	1456850054957	1172
2	2	2016-03-02 00:34:14	40117	1456850054957	1173
1	13	2016-03-02 00:34:14	40132	1456850054958	1174
2	2	2016-03-02 00:34:14	40118	1456850054961	1175
2	2	2016-03-02 00:34:14	40136	1456850054965	1176
1	15	2016-03-02 00:34:14	40012	1456850054977	1177
2	2	2016-03-02 00:34:14	40017	1456850054985	1178
1	18	2016-03-02 00:34:15	40010	1456850055025	1179
1	20	2016-03-02 00:34:15	40054	1456850055059	1180
2	2	2016-03-02 00:34:15	40047	1456850055061	1181
2	2	2016-03-02 00:34:15	40084	1456850055065	1182
2	2	2016-03-02 00:34:15	40045	1456850055069	1183
2	2	2016-03-02 00:34:15	40053	1456850055076	1184
1	25	2016-03-02 00:34:15	40048	1456850055133	1185
2	2	2016-03-02 00:34:15	40032	1456850055139	1186
1	26	2016-03-02 00:34:15	40067	1456850055152	1187
1	26	2016-03-02 00:34:15	40072	1456850055152	1188
2	2	2016-03-02 00:34:15	40070	1456850055162	1189
2	2	2016-03-02 00:34:15	40071	1456850055168	1190
2	2	2016-03-02 00:34:15	40057	1456850055173	1191
1	3	2016-03-02 00:34:15	40120	1456850055224	1192
2	2	2016-03-02 00:34:15	40124	1456850055225	1193
1	4	2016-03-02 00:34:15	40126	1456850055234	1194
2	2	2016-03-02 00:34:15	40058	1456850055273	1195
1	7	2016-03-02 00:34:15	40051	1456850055279	1196
1	8	2016-03-02 00:34:15	40017	1456850055289	1197
1	8	2016-03-02 00:34:15	40083	1456850055297	1198
1	11	2016-03-02 00:34:15	40079	1456850055339	1199
1	12	2016-03-02 00:34:15	40027	1456850055364	1200
1	14	2016-03-02 00:34:15	40117	1456850055387	1201
2	2	2016-03-02 00:34:15	40130	1456850055391	1202
2	2	2016-03-02 00:34:15	40126	1456850055393	1203
2	2	2016-03-02 00:34:15	40128	1456850055394	1204
1	21	2016-03-02 00:34:15	40024	1456850055511	1205
1	24	2016-03-02 00:34:15	40056	1456850055549	1206
2	2	2016-03-02 00:34:15	40059	1456850055557	1207
1	1	2016-03-02 00:34:15	40136	1456850055600	1208
1	1	2016-03-02 00:34:15	40053	1456850055602	1209
2	2	2016-03-02 00:34:15	40046	1456850055616	1210
1	6	2016-03-02 00:34:15	40071	1456850055694	1211
2	2	2016-03-02 00:34:15	40074	1456850055700	1212
1	7	2016-03-02 00:34:15	40025	1456850055704	1213
1	7	2016-03-02 00:34:15	40118	1456850055709	1214
1	8	2016-03-02 00:34:15	40084	1456850055716	1215
1	9	2016-03-02 00:34:15	40130	1456850055726	1216
2	2	2016-03-02 00:34:15	40131	1456850055733	1217
2	2	2016-03-02 00:34:15	40139	1456850055735	1218
1	9	2016-03-02 00:34:15	40135	1456850055737	1219
2	2	2016-03-02 00:34:15	40122	1456850055748	1220
1	13	2016-03-02 00:34:15	40047	1456850055794	1221
1	13	2016-03-02 00:34:15	40045	1456850055802	1222
1	15	2016-03-02 00:34:15	40070	1456850055831	1223
2	3	2016-03-02 00:34:15	40067	1456850055836	1224
1	22	2016-03-02 00:34:15	40032	1456850055935	1225
2	2	2016-03-02 00:34:15	40034	1456850055941	1226
1	25	2016-03-02 00:34:15	40124	1456850055988	1227
1	26	2016-03-02 00:34:16	40057	1456850056001	1228
1	2	2016-03-02 00:34:16	40055	1456850056042	1229
1	2	2016-03-02 00:34:16	40035	1456850056042	1230
1	2	2016-03-02 00:34:16	40058	1456850056053	1231
1	3	2016-03-02 00:34:16	40128	1456850056063	1232
1	7	2016-03-02 00:34:16	40074	1456850056130	1233
2	3	2016-03-02 00:34:16	40077	1456850056139	1234
1	14	2016-03-02 00:34:16	40059	1456850056226	1235
2	2	2016-03-02 00:34:16	40085	1456850056262	1236
1	18	2016-03-02 00:34:16	40139	1456850056291	1237
2	2	2016-03-02 00:34:16	40138	1456850056307	1238
2	2	2016-03-02 00:34:16	40137	1456850056310	1239
2	3	2016-03-02 00:34:16	40045	1456850056327	1240
1	20	2016-03-02 00:34:16	40126	1456850056330	1241
1	25	2016-03-02 00:34:16	40046	1456850056397	1242
1	25	2016-03-02 00:34:16	40138	1456850056402	1243
1	0	2016-03-02 00:34:16	40122	1456850056432	1244
2	3	2016-03-02 00:34:16	40054	1456850056447	1245
1	5	2016-03-02 00:34:16	40131	1456850056512	1246
2	3	2016-03-02 00:34:16	40058	1456850056531	1247
2	3	2016-03-02 00:34:16	40055	1456850056648	1248
1	24	2016-03-02 00:34:16	40067	1456850056807	1249
2	2	2016-03-02 00:34:16	40119	1456850056941	1250
2	2	2016-03-02 00:34:16	40133	1456850056949	1251
1	8	2016-03-02 00:34:16	40034	1456850056976	1252
1	16	2016-03-02 00:34:17	40137	1456850057104	1253
1	18	2016-03-02 00:34:17	40077	1456850057142	1254
2	3	2016-03-02 00:34:17	40064	1456850057260	1255
1	2	2016-03-02 00:34:17	40054	1456850057308	1256
2	2	2016-03-02 00:34:17	40073	1456850057406	1257
2	2	2016-03-02 00:34:17	40082	1456850057409	1258
1	8	2016-03-02 00:34:17	40085	1456850057410	1259
2	2	2016-03-02 00:34:17	40065	1456850057418	1260
1	22	2016-03-02 00:34:17	40058	1456850057630	1261
1	3	2016-03-02 00:34:17	40045	1456850057745	1262
1	3	2016-03-02 00:34:17	40055	1456850057748	1263
1	10	2016-03-02 00:34:17	40119	1456850057863	1264
1	18	2016-03-02 00:34:17	40082	1456850057982	1265
1	23	2016-03-02 00:34:18	40073	1456850058059	1266
1	26	2016-03-02 00:34:18	40133	1456850058111	1267
1	4	2016-03-02 00:34:18	40064	1456850058182	1268
1	6	2016-03-02 00:34:18	40065	1456850058215	1269
2	3	2016-03-02 00:34:18	40045	1456850058223	1270
1	19	2016-03-02 00:34:18	40045	1456850058845	1271
2	3	2016-03-02 00:34:20	40032	1456850060122	1272
1	18	2016-03-02 00:34:20	40032	1456850060519	1273
2	7	2016-03-02 00:34:21	40018	1456850061065	1274
2	7	2016-03-02 00:34:21	40038	1456850061606	1275
1	13	2016-03-02 00:34:21	40018	1456850061698	1276
2	7	2016-03-02 00:34:21	40016	1456850061781	1277
2	7	2016-03-02 00:34:21	40060	1456850061784	1278
2	7	2016-03-02 00:34:21	40063	1456850061801	1279
2	7	2016-03-02 00:34:21	40076	1456850061920	1280
1	3	2016-03-02 00:34:21	40063	1456850061961	1281
1	9	2016-03-02 00:34:22	40016	1456850062057	1282
1	20	2016-03-02 00:34:22	40060	1456850062230	1283
1	4	2016-03-02 00:34:22	40038	1456850062403	1284
2	7	2016-03-02 00:34:22	40005	1456850062469	1285
2	7	2016-03-02 00:34:22	40072	1456850062498	1286
2	3	2016-03-02 00:34:22	40120	1456850062741	1287
2	7	2016-03-02 00:34:22	40010	1456850062893	1288
1	3	2016-03-02 00:34:23	40005	1456850063230	1289
2	7	2016-03-02 00:34:23	40035	1456850063278	1290
1	12	2016-03-02 00:34:23	40076	1456850063370	1291
2	7	2016-03-02 00:34:23	40024	1456850063372	1292
1	12	2016-03-02 00:34:23	40072	1456850063374	1293
1	16	2016-03-02 00:34:23	40035	1456850063437	1294
2	7	2016-03-02 00:34:23	40047	1456850063591	1295
2	7	2016-03-02 00:34:23	40056	1456850063618	1296
1	2	2016-03-02 00:34:23	40120	1456850063647	1297
2	7	2016-03-02 00:34:23	40002	1456850063829	1298
2	7	2016-03-02 00:34:24	40015	1456850064017	1299
1	2	2016-03-02 00:34:24	40010	1456850064057	1300
2	3	2016-03-02 00:34:24	40072	1456850064123	1301
1	9	2016-03-02 00:34:24	40047	1456850064164	1302
1	9	2016-03-02 00:34:24	40024	1456850064167	1303
2	7	2016-03-02 00:34:24	40128	1456850064239	1304
2	7	2016-03-02 00:34:24	40126	1456850064246	1305
2	7	2016-03-02 00:34:24	40059	1456850064394	1306
2	7	2016-03-02 00:34:24	40046	1456850064467	1307
1	3	2016-03-02 00:34:24	40015	1456850064493	1308
2	7	2016-03-02 00:34:24	40077	1456850064594	1309
1	10	2016-03-02 00:34:24	40002	1456850064601	1310
1	12	2016-03-02 00:34:24	40126	1456850064643	1311
2	7	2016-03-02 00:34:24	40122	1456850064727	1312
1	21	2016-03-02 00:34:24	40128	1456850064781	1313
2	7	2016-03-02 00:34:24	40033	1456850064841	1314
2	3	2016-03-02 00:34:24	40024	1456850064850	1315
2	7	2016-03-02 00:34:24	40054	1456850064883	1316
2	3	2016-03-02 00:34:25	40015	1456850065077	1317
1	13	2016-03-02 00:34:25	40059	1456850065079	1318
1	13	2016-03-02 00:34:25	40056	1456850065082	1319
1	23	2016-03-02 00:34:25	40024	1456850065232	1320
1	2	2016-03-02 00:34:25	40077	1456850065327	1321
1	2	2016-03-02 00:34:25	40046	1456850065328	1322
1	12	2016-03-02 00:34:25	40122	1456850065476	1323
2	3	2016-03-02 00:34:25	40056	1456850065639	1324
1	23	2016-03-02 00:34:25	40072	1456850065652	1325
2	3	2016-03-02 00:34:25	40059	1456850065859	1326
1	15	2016-03-02 00:34:25	40054	1456850065952	1327
2	7	2016-03-02 00:34:26	40075	1456850066127	1328
1	2	2016-03-02 00:34:26	40033	1456850066163	1329
1	21	2016-03-02 00:34:26	40015	1456850066461	1330
1	10	2016-03-02 00:34:26	40059	1456850066719	1331
2	7	2016-03-02 00:34:26	40132	1456850066772	1332
1	26	2016-03-02 00:34:26	40132	1456850066964	1333
2	7	2016-03-02 00:34:27	40037	1456850067067	1334
1	13	2016-03-02 00:34:27	40056	1456850067183	1335
1	24	2016-03-02 00:34:27	40075	1456850067353	1336
2	3	2016-03-02 00:34:27	40077	1456850067843	1337
1	11	2016-03-02 00:34:27	40037	1456850067991	1338
2	7	2016-03-02 00:34:28	40069	1456850068163	1339
1	25	2016-03-02 00:34:29	40077	1456850069069	1340
1	14	2016-03-02 00:34:29	40069	1456850069308	1341
2	7	2016-03-02 00:34:29	40019	1456850069737	1342
1	18	2016-03-02 00:34:29	40019	1456850069789	1343
2	7	2016-03-02 00:34:30	40038	1456850070039	1344
2	7	2016-03-02 00:34:30	40048	1456850070208	1345
2	7	2016-03-02 00:34:30	40016	1456850070221	1346
2	7	2016-03-02 00:34:30	40076	1456850070347	1347
1	4	2016-03-02 00:34:30	40048	1456850070415	1348
2	7	2016-03-02 00:34:30	40063	1456850070426	1349
1	21	2016-03-02 00:34:30	40038	1456850070693	1350
2	7	2016-03-02 00:34:30	40005	1456850070909	1351
2	7	2016-03-02 00:34:31	40010	1456850071329	1352
1	16	2016-03-02 00:34:31	40063	1456850071445	1353
1	3	2016-03-02 00:34:31	40005	1456850071665	1354
2	7	2016-03-02 00:34:32	40047	1456850072026	1355
1	2	2016-03-02 00:34:32	40076	1456850072083	1356
1	4	2016-03-02 00:34:32	40016	1456850072101	1357
2	7	2016-03-02 00:34:32	40035	1456850072104	1358
2	7	2016-03-02 00:34:32	40002	1456850072265	1359
1	2	2016-03-02 00:34:32	40010	1456850072493	1360
1	14	2016-03-02 00:34:32	40047	1456850072678	1361
2	7	2016-03-02 00:34:32	40128	1456850072686	1362
2	7	2016-03-02 00:34:32	40046	1456850072904	1363
2	3	2016-03-02 00:34:32	40076	1456850072959	1364
1	17	2016-03-02 00:34:33	40046	1456850073159	1365
1	23	2016-03-02 00:34:33	40002	1456850073241	1366
2	7	2016-03-02 00:34:33	40054	1456850073320	1367
2	7	2016-03-02 00:34:33	40024	1456850073496	1368
2	7	2016-03-02 00:34:33	40033	1456850073505	1369
2	7	2016-03-02 00:34:33	40138	1456850073593	1370
1	18	2016-03-02 00:34:33	40128	1456850073594	1371
1	24	2016-03-02 00:34:33	40035	1456850073678	1372
2	7	2016-03-02 00:34:33	40015	1456850073721	1373
1	14	2016-03-02 00:34:33	40033	1456850073951	1374
1	22	2016-03-02 00:34:34	40138	1456850074070	1375
2	7	2016-03-02 00:34:34	40123	1456850074137	1376
2	7	2016-03-02 00:34:34	40056	1456850074170	1377
1	12	2016-03-02 00:34:34	40076	1456850074345	1378
2	7	2016-03-02 00:34:34	40045	1456850074425	1379
1	25	2016-03-02 00:34:34	40024	1456850074545	1380
1	0	2016-03-02 00:34:34	40123	1456850074583	1381
1	21	2016-03-02 00:34:34	40054	1456850074898	1382
1	21	2016-03-02 00:34:34	40045	1456850074903	1383
2	3	2016-03-02 00:34:34	40033	1456850074906	1384
1	7	2016-03-02 00:34:35	40015	1456850075101	1385
1	11	2016-03-02 00:34:35	40056	1456850075173	1386
2	3	2016-03-02 00:34:35	40054	1456850075489	1387
2	3	2016-03-02 00:34:35	40045	1456850075525	1388
2	7	2016-03-02 00:34:35	40068	1456850075568	1389
1	1	2016-03-02 00:34:35	40033	1456850075862	1390
1	19	2016-03-02 00:34:36	40054	1456850076142	1391
2	7	2016-03-02 00:34:36	40077	1456850076410	1392
1	2	2016-03-02 00:34:36	40045	1456850076720	1393
2	7	2016-03-02 00:34:36	40069	1456850076842	1394
1	25	2016-03-02 00:34:37	40068	1456850077080	1395
2	7	2016-03-02 00:34:37	40006	1456850077093	1396
1	13	2016-03-02 00:34:37	40069	1456850077319	1397
2	7	2016-03-02 00:34:37	40027	1456850077610	1398
1	18	2016-03-02 00:34:37	40006	1456850077805	1399
1	26	2016-03-02 00:34:37	40077	1456850077938	1400
2	7	2016-03-02 00:34:38	40019	1456850078173	1401
1	18	2016-03-02 00:34:38	40027	1456850078231	1402
2	3	2016-03-02 00:34:38	40077	1456850078400	1403
2	7	2016-03-02 00:34:38	40038	1456850078472	1404
2	7	2016-03-02 00:34:38	40016	1456850078657	1405
1	12	2016-03-02 00:34:38	40016	1456850078977	1406
1	12	2016-03-02 00:34:38	40019	1456850078983	1407
2	7	2016-03-02 00:34:39	40063	1456850079179	1408
1	5	2016-03-02 00:34:39	40077	1456850079292	1409
2	7	2016-03-02 00:34:39	40005	1456850079485	1410
1	21	2016-03-02 00:34:39	40038	1456850079541	1411
2	7	2016-03-02 00:34:39	40010	1456850079765	1412
2	3	2016-03-02 00:34:39	40033	1456850079843	1413
2	7	2016-03-02 00:34:39	40059	1456850079856	1414
1	14	2016-03-02 00:34:39	40063	1456850079863	1415
2	7	2016-03-02 00:34:40	40071	1456850080294	1416
1	18	2016-03-02 00:34:40	40005	1456850080341	1417
2	7	2016-03-02 00:34:40	40047	1456850080460	1418
1	3	2016-03-02 00:34:40	40033	1456850080529	1419
2	7	2016-03-02 00:34:40	40035	1456850080564	1420
2	7	2016-03-02 00:34:40	40002	1456850080705	1421
1	21	2016-03-02 00:34:40	40059	1456850080811	1422
1	22	2016-03-02 00:34:40	40071	1456850080825	1423
1	21	2016-03-02 00:34:41	40010	1456850081225	1424
1	24	2016-03-02 00:34:41	40047	1456850081271	1425
2	7	2016-03-02 00:34:41	40046	1456850081340	1426
1	5	2016-03-02 00:34:41	40002	1456850081397	1427
2	7	2016-03-02 00:34:41	40076	1456850081482	1428
1	15	2016-03-02 00:34:41	40046	1456850081978	1429
1	24	2016-03-02 00:34:42	40035	1456850082123	1430
2	7	2016-03-02 00:34:42	40015	1456850082157	1431
2	7	2016-03-02 00:34:42	40024	1456850082317	1432
2	7	2016-03-02 00:34:42	40075	1456850082317	1433
1	26	2016-03-02 00:34:42	40024	1456850082571	1434
2	7	2016-03-02 00:34:42	40056	1456850082606	1435
1	2	2016-03-02 00:34:42	40076	1456850082629	1436
2	3	2016-03-02 00:34:42	40083	1456850082977	1437
2	7	2016-03-02 00:34:43	40008	1456850083077	1438
2	7	2016-03-02 00:34:43	40066	1456850083099	1439
1	9	2016-03-02 00:34:43	40075	1456850083161	1440
1	11	2016-03-02 00:34:43	40015	1456850083181	1441
1	2	2016-03-02 00:34:43	40083	1456850083471	1442
1	7	2016-03-02 00:34:43	40008	1456850083541	1443
1	8	2016-03-02 00:34:43	40066	1456850083990	1444
2	7	2016-03-02 00:34:44	40068	1456850084005	1445
1	13	2016-03-02 00:34:44	40056	1456850084054	1446
2	7	2016-03-02 00:34:44	40054	1456850084292	1447
2	3	2016-03-02 00:34:44	40083	1456850084300	1448
1	9	2016-03-02 00:34:45	40083	1456850085257	1449
2	7	2016-03-02 00:34:45	40069	1456850085266	1450
2	7	2016-03-02 00:34:45	40132	1456850085339	1451
1	19	2016-03-02 00:34:45	40068	1456850085835	1452
1	25	2016-03-02 00:34:45	40054	1456850085934	1453
1	15	2016-03-02 00:34:46	40132	1456850086199	1454
2	7	2016-03-02 00:34:46	40018	1456850086377	1455
2	2	2016-03-02 00:34:46	40035	1456850086496	1456
2	7	2016-03-02 00:34:46	40011	1456850086517	1457
1	14	2016-03-02 00:34:46	40018	1456850086601	1458
2	3	2016-03-02 00:34:46	40083	1456850086819	1459
1	6	2016-03-02 00:34:46	40069	1456850086903	1460
1	9	2016-03-02 00:34:46	40035	1456850086941	1461
2	2	2016-03-02 00:34:46	40033	1456850086945	1462
2	2	2016-03-02 00:34:46	40060	1456850086949	1463
2	2	2016-03-02 00:34:46	40005	1456850086950	1464
2	2	2016-03-02 00:34:46	40014	1456850086950	1465
2	2	2016-03-02 00:34:46	40018	1456850086951	1466
2	2	2016-03-02 00:34:46	40037	1456850086952	1467
2	2	2016-03-02 00:34:46	40036	1456850086954	1468
2	7	2016-03-02 00:34:47	40016	1456850087217	1469
2	7	2016-03-02 00:34:47	40077	1456850087222	1470
2	7	2016-03-02 00:34:47	40040	1456850087241	1471
1	3	2016-03-02 00:34:47	40011	1456850087273	1472
1	5	2016-03-02 00:34:47	40033	1456850087312	1473
1	9	2016-03-02 00:34:47	40037	1456850087366	1474
2	2	2016-03-02 00:34:47	40038	1456850087368	1475
1	13	2016-03-02 00:34:47	40016	1456850087429	1476
1	14	2016-03-02 00:34:47	40014	1456850087441	1477
2	2	2016-03-02 00:34:47	40013	1456850087449	1478
2	2	2016-03-02 00:34:47	40003	1456850087450	1479
2	2	2016-03-02 00:34:47	40001	1456850087450	1480
2	2	2016-03-02 00:34:47	40008	1456850087450	1481
2	2	2016-03-02 00:34:47	40011	1456850087450	1482
2	2	2016-03-02 00:34:47	40016	1456850087450	1483
2	2	2016-03-02 00:34:47	40066	1456850087474	1484
2	7	2016-03-02 00:34:47	40063	1456850087724	1485
2	2	2016-03-02 00:34:47	40026	1456850087796	1486
1	10	2016-03-02 00:34:47	40001	1456850087797	1487
2	2	2016-03-02 00:34:47	40010	1456850087805	1488
2	2	2016-03-02 00:34:47	40004	1456850087805	1489
1	14	2016-03-02 00:34:47	40083	1456850087872	1490
1	14	2016-03-02 00:34:47	40060	1456850087873	1491
2	2	2016-03-02 00:34:47	40048	1456850087875	1492
1	17	2016-03-02 00:34:47	40018	1456850087909	1493
2	2	2016-03-02 00:34:47	40007	1456850087917	1494
2	7	2016-03-02 00:34:47	40058	1456850087922	1495
1	18	2016-03-02 00:34:47	40036	1456850087925	1496
1	23	2016-03-02 00:34:48	40011	1456850088001	1497
2	2	2016-03-02 00:34:48	40020	1456850088009	1498
2	2	2016-03-02 00:34:48	40006	1456850088009	1499
2	2	2016-03-02 00:34:48	40015	1456850088010	1500
2	2	2016-03-02 00:34:48	40009	1456850088010	1501
1	25	2016-03-02 00:34:48	40048	1456850088034	1502
2	2	2016-03-02 00:34:48	40032	1456850088041	1503
2	2	2016-03-02 00:34:48	40045	1456850088047	1504
1	26	2016-03-02 00:34:48	40003	1456850088049	1505
2	2	2016-03-02 00:34:48	40024	1456850088054	1506
2	2	2016-03-02 00:34:48	40031	1456850088054	1507
1	0	2016-03-02 00:34:48	40005	1456850088065	1508
2	2	2016-03-02 00:34:48	40019	1456850088073	1509
2	2	2016-03-02 00:34:48	40002	1456850088073	1510
1	6	2016-03-02 00:34:48	40066	1456850088158	1511
1	8	2016-03-02 00:34:48	40009	1456850088189	1512
2	2	2016-03-02 00:34:48	40067	1456850088208	1513
1	12	2016-03-02 00:34:48	40015	1456850088253	1514
1	18	2016-03-02 00:34:48	40077	1456850088353	1515
1	24	2016-03-02 00:34:48	40007	1456850088441	1516
1	2	2016-03-02 00:34:48	40013	1456850088517	1517
1	2	2016-03-02 00:34:48	40016	1456850088518	1518
1	4	2016-03-02 00:34:48	40004	1456850088549	1519
1	5	2016-03-02 00:34:48	40008	1456850088569	1520
2	2	2016-03-02 00:34:48	40063	1456850088599	1521
1	8	2016-03-02 00:34:48	40026	1456850088622	1522
1	9	2016-03-02 00:34:48	40020	1456850088633	1523
2	2	2016-03-02 00:34:48	40039	1456850088643	1524
1	10	2016-03-02 00:34:48	40038	1456850088644	1525
2	2	2016-03-02 00:34:48	40064	1456850088651	1526
2	2	2016-03-02 00:34:48	40028	1456850088654	1527
2	2	2016-03-02 00:34:48	40030	1456850088659	1528
1	13	2016-03-02 00:34:48	40006	1456850088689	1529
1	14	2016-03-02 00:34:48	40058	1456850088718	1530
1	16	2016-03-02 00:34:48	40040	1456850088740	1531
1	22	2016-03-02 00:34:48	40019	1456850088829	1532
1	22	2016-03-02 00:34:48	40024	1456850088832	1533
2	2	2016-03-02 00:34:48	40027	1456850088837	1534
2	2	2016-03-02 00:34:48	40083	1456850088844	1535
2	7	2016-03-02 00:34:48	40047	1456850088894	1536
2	7	2016-03-02 00:34:48	40118	1456850088936	1537
1	2	2016-03-02 00:34:48	40045	1456850088939	1538
2	2	2016-03-02 00:34:48	40034	1456850088954	1539
2	2	2016-03-02 00:34:48	40058	1456850088957	1540
1	3	2016-03-02 00:34:48	40063	1456850088965	1541
2	2	2016-03-02 00:34:48	40069	1456850088969	1542
1	6	2016-03-02 00:34:49	40031	1456850089008	1543
1	7	2016-03-02 00:34:49	40010	1456850089017	1544
1	8	2016-03-02 00:34:49	40002	1456850089033	1545
2	2	2016-03-02 00:34:49	40080	1456850089044	1546
2	3	2016-03-02 00:34:49	40013	1456850089057	1547
2	3	2016-03-02 00:34:49	40035	1456850089072	1548
2	2	2016-03-02 00:34:49	40051	1456850089072	1549
1	11	2016-03-02 00:34:49	40032	1456850089092	1550
2	3	2016-03-02 00:34:49	40016	1456850089137	1551
1	16	2016-03-02 00:34:49	40064	1456850089160	1552
1	24	2016-03-02 00:34:49	40069	1456850089287	1553
2	2	2016-03-02 00:34:49	40068	1456850089289	1554
2	2	2016-03-02 00:34:49	40075	1456850089290	1555
2	2	2016-03-02 00:34:49	40123	1456850089292	1556
2	2	2016-03-02 00:34:49	40077	1456850089292	1557
2	2	2016-03-02 00:34:49	40076	1456850089303	1558
2	2	2016-03-02 00:34:49	40078	1456850089304	1559
2	2	2016-03-02 00:34:49	40040	1456850089314	1560
2	2	2016-03-02 00:34:49	40047	1456850089340	1561
2	3	2016-03-02 00:34:49	40048	1456850089370	1562
2	2	2016-03-02 00:34:49	40054	1456850089379	1563
1	3	2016-03-02 00:34:49	40067	1456850089386	1564
2	2	2016-03-02 00:34:49	40072	1456850089393	1565
2	2	2016-03-02 00:34:49	40056	1456850089402	1566
2	2	2016-03-02 00:34:49	40055	1456850089403	1567
1	4	2016-03-02 00:34:49	40058	1456850089403	1568
2	2	2016-03-02 00:34:49	40059	1456850089410	1569
1	6	2016-03-02 00:34:49	40118	1456850089429	1570
1	12	2016-03-02 00:34:49	40080	1456850089523	1571
1	14	2016-03-02 00:34:49	40034	1456850089559	1572
2	2	2016-03-02 00:34:49	40025	1456850089603	1573
1	17	2016-03-02 00:34:49	40028	1456850089610	1574
1	19	2016-03-02 00:34:49	40072	1456850089632	1575
1	20	2016-03-02 00:34:49	40083	1456850089642	1576
2	2	2016-03-02 00:34:49	40070	1456850089642	1577
2	2	2016-03-02 00:34:49	40071	1456850089646	1578
1	23	2016-03-02 00:34:49	40039	1456850089694	1579
1	24	2016-03-02 00:34:49	40059	1456850089713	1580
1	25	2016-03-02 00:34:49	40030	1456850089726	1581
2	7	2016-03-02 00:34:49	40046	1456850089777	1582
1	2	2016-03-02 00:34:49	40077	1456850089786	1583
2	2	2016-03-02 00:34:49	40117	1456850089884	1584
1	9	2016-03-02 00:34:49	40070	1456850089897	1585
2	2	2016-03-02 00:34:49	40085	1456850089912	1586
1	12	2016-03-02 00:34:49	40027	1456850089950	1587
2	3	2016-03-02 00:34:49	40031	1456850089978	1588
2	2	2016-03-02 00:34:50	40081	1456850090058	1589
2	2	2016-03-02 00:34:50	40017	1456850090073	1590
2	2	2016-03-02 00:34:50	40136	1456850090080	1591
1	21	2016-03-02 00:34:50	40016	1456850090081	1592
1	21	2016-03-02 00:34:50	40013	1456850090081	1593
2	2	2016-03-02 00:34:50	40012	1456850090105	1594
1	22	2016-03-02 00:34:50	40051	1456850090106	1595
1	22	2016-03-02 00:34:50	40071	1456850090108	1596
2	2	2016-03-02 00:34:50	40084	1456850090110	1597
2	2	2016-03-02 00:34:50	40053	1456850090110	1598
2	2	2016-03-02 00:34:50	40074	1456850090113	1599
1	23	2016-03-02 00:34:50	40078	1456850090115	1600
1	25	2016-03-02 00:34:50	40076	1456850090148	1601
1	26	2016-03-02 00:34:50	40025	1456850090160	1602
2	2	2016-03-02 00:34:50	40132	1456850090163	1603
1	26	2016-03-02 00:34:50	40048	1456850090165	1604
1	3	2016-03-02 00:34:50	40056	1456850090230	1605
2	2	2016-03-02 00:34:50	40124	1456850090233	1606
2	2	2016-03-02 00:34:50	40128	1456850090233	1607
2	2	2016-03-02 00:34:50	40126	1456850090234	1608
1	3	2016-03-02 00:34:50	40117	1456850090234	1609
2	2	2016-03-02 00:34:50	40130	1456850090240	1610
1	3	2016-03-02 00:34:50	40054	1456850090240	1611
1	4	2016-03-02 00:34:50	40075	1456850090245	1612
2	2	2016-03-02 00:34:50	40079	1456850090253	1613
2	3	2016-03-02 00:34:50	40063	1456850090270	1614
1	7	2016-03-02 00:34:50	40123	1456850090294	1615
2	2	2016-03-02 00:34:50	40120	1456850090300	1616
1	11	2016-03-02 00:34:50	40035	1456850090344	1617
2	3	2016-03-02 00:34:50	40060	1456850090358	1618
2	2	2016-03-02 00:34:50	40118	1456850090448	1619
1	17	2016-03-02 00:34:50	40124	1456850090452	1620
1	19	2016-03-02 00:34:50	40047	1456850090470	1621
1	19	2016-03-02 00:34:50	40040	1456850090477	1622
2	3	2016-03-02 00:34:50	40002	1456850090525	1623
1	26	2016-03-02 00:34:50	40136	1456850090589	1624
2	2	2016-03-02 00:34:50	40057	1456850090652	1625
1	7	2016-03-02 00:34:50	40046	1456850090718	1626
1	8	2016-03-02 00:34:50	40074	1456850090734	1627
1	9	2016-03-02 00:34:50	40012	1456850090751	1628
2	3	2016-03-02 00:34:50	40013	1456850090751	1629
1	12	2016-03-02 00:34:50	40126	1456850090789	1630
1	13	2016-03-02 00:34:50	40068	1456850090801	1631
1	13	2016-03-02 00:34:50	40055	1456850090806	1632
1	13	2016-03-02 00:34:50	40130	1456850090807	1633
1	13	2016-03-02 00:34:50	40057	1456850090811	1634
2	2	2016-03-02 00:34:50	40046	1456850090813	1635
1	15	2016-03-02 00:34:50	40085	1456850090837	1636
2	2	2016-03-02 00:34:50	40082	1456850090841	1637
2	2	2016-03-02 00:34:50	40073	1456850090843	1638
2	2	2016-03-02 00:34:50	40065	1456850090851	1639
1	17	2016-03-02 00:34:50	40031	1456850090868	1640
1	18	2016-03-02 00:34:50	40053	1456850090891	1641
1	21	2016-03-02 00:34:50	40081	1456850090934	1642
1	21	2016-03-02 00:34:50	40128	1456850090935	1643
1	1	2016-03-02 00:34:51	40017	1456850091033	1644
1	2	2016-03-02 00:34:51	40082	1456850091064	1645
2	3	2016-03-02 00:34:51	40047	1456850091074	1646
1	6	2016-03-02 00:34:51	40079	1456850091113	1647
1	8	2016-03-02 00:34:51	40084	1456850091142	1648
1	11	2016-03-02 00:34:51	40063	1456850091193	1649
2	3	2016-03-02 00:34:51	40054	1456850091229	1650
2	3	2016-03-02 00:34:51	40056	1456850091232	1651
1	16	2016-03-02 00:34:51	40120	1456850091271	1652
1	18	2016-03-02 00:34:51	40002	1456850091301	1653
1	20	2016-03-02 00:34:51	40060	1456850091329	1654
1	0	2016-03-02 00:34:51	40118	1456850091451	1655
1	0	2016-03-02 00:34:51	40132	1456850091453	1656
1	2	2016-03-02 00:34:51	40013	1456850091474	1657
1	6	2016-03-02 00:34:51	40046	1456850091547	1658
1	18	2016-03-02 00:34:51	40065	1456850091727	1659
2	3	2016-03-02 00:34:51	40055	1456850091795	1660
1	9	2016-03-02 00:34:52	40056	1456850092013	1661
1	11	2016-03-02 00:34:52	40073	1456850092038	1662
2	3	2016-03-02 00:34:52	40132	1456850092122	1663
1	20	2016-03-02 00:34:52	40055	1456850092177	1664
2	3	2016-03-02 00:34:52	40118	1456850092279	1665
1	0	2016-03-02 00:34:52	40047	1456850092284	1666
2	2	2016-03-02 00:34:52	40119	1456850092465	1667
1	14	2016-03-02 00:34:52	40132	1456850092504	1668
2	2	2016-03-02 00:34:52	40135	1456850092515	1669
1	15	2016-03-02 00:34:52	40054	1456850092952	1670
1	23	2016-03-02 00:34:53	40118	1456850093075	1671
1	4	2016-03-02 00:34:53	40119	1456850093196	1672
2	2	2016-03-02 00:34:53	40139	1456850093198	1673
2	2	2016-03-02 00:34:53	40133	1456850093199	1674
2	2	2016-03-02 00:34:53	40137	1456850093200	1675
2	2	2016-03-02 00:34:53	40138	1456850093661	1676
1	8	2016-03-02 00:34:53	40137	1456850093676	1677
2	2	2016-03-02 00:34:53	40131	1456850093682	1678
2	2	2016-03-02 00:34:53	40122	1456850093688	1679
1	15	2016-03-02 00:34:53	40135	1456850093790	1680
1	15	2016-03-02 00:34:54	40139	1456850094073	1681
1	9	2016-03-02 00:34:54	40133	1456850094123	1682
1	26	2016-03-02 00:34:54	40138	1456850094377	1683
1	17	2016-03-02 00:34:54	40122	1456850094660	1684
1	23	2016-03-02 00:34:54	40131	1456850094763	1685
2	7	2016-03-02 00:34:55	40005	1456850095997	1686
2	7	2016-03-02 00:34:56	40038	1456850096024	1687
2	3	2016-03-02 00:34:56	40068	1456850096372	1688
1	13	2016-03-02 00:34:56	40005	1456850096705	1689
2	7	2016-03-02 00:34:56	40006	1456850096853	1690
2	7	2016-03-02 00:34:56	40015	1456850096854	1691
1	24	2016-03-02 00:34:56	40038	1456850096885	1692
2	7	2016-03-02 00:34:57	40024	1456850097113	1693
1	16	2016-03-02 00:34:57	40006	1456850097597	1694
1	22	2016-03-02 00:34:57	40015	1456850097689	1695
2	7	2016-03-02 00:34:57	40016	1456850097853	1696
2	7	2016-03-02 00:34:57	40011	1456850097885	1697
2	7	2016-03-02 00:34:58	40077	1456850098098	1698
1	25	2016-03-02 00:34:58	40011	1456850098157	1699
1	25	2016-03-02 00:34:58	40024	1456850098162	1700
1	5	2016-03-02 00:34:58	40068	1456850098267	1701
2	7	2016-03-02 00:34:58	40076	1456850098511	1702
1	5	2016-03-02 00:34:58	40016	1456850098689	1703
2	7	2016-03-02 00:34:58	40075	1456850098936	1704
2	7	2016-03-02 00:34:58	40063	1456850098974	1705
2	7	2016-03-02 00:34:59	40130	1456850099072	1706
1	3	2016-03-02 00:34:59	40077	1456850099085	1707
2	7	2016-03-02 00:34:59	40002	1456850099165	1708
1	13	2016-03-02 00:34:59	40063	1456850099245	1709
2	7	2016-03-02 00:34:59	40046	1456850099314	1710
2	7	2016-03-02 00:34:59	40059	1456850099458	1711
1	10	2016-03-02 00:34:59	40076	1456850099610	1712
2	7	2016-03-02 00:34:59	40047	1456850099652	1713
2	7	2016-03-02 00:34:59	40054	1456850099729	1714
2	3	2016-03-02 00:34:59	40135	1456850099829	1715
1	26	2016-03-02 00:34:59	40046	1456850099872	1716
1	8	2016-03-02 00:35:00	40130	1456850100012	1717
1	14	2016-03-02 00:35:00	40059	1456850100095	1718
1	15	2016-03-02 00:35:00	40002	1456850100113	1719
1	25	2016-03-02 00:35:00	40075	1456850100274	1720
1	13	2016-03-02 00:35:00	40135	1456850100514	1721
2	3	2016-03-02 00:35:00	40016	1456850100949	1722
1	23	2016-03-02 00:35:01	40047	1456850101084	1723
