send	rec	insert_time	motelabMoteID	milli_time	motelabSeqNo
2	2	2016-03-02 00:41:59	40002	1456850519722	1
1	2	2016-03-02 00:41:59	40031	1456850519757	2
1	6	2016-03-02 00:41:59	40046	1456850519813	3
2	2	2016-03-02 00:41:59	40032	1456850519828	4
2	2	2016-03-02 00:41:59	40034	1456850519850	5
1	8	2016-03-02 00:41:59	40038	1456850519850	6
2	2	2016-03-02 00:41:59	40033	1456850519850	7
2	2	2016-03-02 00:41:59	40028	1456850519857	8
2	2	2016-03-02 00:41:59	40036	1456850519858	9
2	2	2016-03-02 00:41:59	40037	1456850519858	10
1	16	2016-03-02 00:41:59	40002	1456850519964	11
2	2	2016-03-02 00:41:59	40060	1456850519964	12
1	16	2016-03-02 00:41:59	40083	1456850519969	13
2	2	2016-03-02 00:41:59	40018	1456850519973	14
2	2	2016-03-02 00:41:59	40005	1456850519986	15
1	16	2016-03-02 00:41:59	40075	1456850519987	16
1	5	2016-03-02 00:42:00	40024	1456850520013	17
1	20	2016-03-02 00:42:00	40077	1456850520028	18
2	2	2016-03-02 00:42:00	40074	1456850520080	19
1	23	2016-03-02 00:42:00	40072	1456850520083	20
1	23	2016-03-02 00:42:00	40138	1456850520084	21
2	2	2016-03-02 00:42:00	40067	1456850520090	22
2	2	2016-03-02 00:42:00	40070	1456850520093	23
2	2	2016-03-02 00:42:00	40071	1456850520117	24
2	2	2016-03-02 00:42:00	40027	1456850520177	25
1	5	2016-03-02 00:42:00	40030	1456850520220	26
2	2	2016-03-02 00:42:00	40035	1456850520273	27
2	2	2016-03-02 00:42:00	40039	1456850520278	28
1	11	2016-03-02 00:42:00	40060	1456850520316	29
2	2	2016-03-02 00:42:00	40066	1456850520319	30
2	2	2016-03-02 00:42:00	40024	1456850520389	31
1	19	2016-03-02 00:42:00	40074	1456850520431	32
1	19	2016-03-02 00:42:00	40036	1456850520431	33
2	2	2016-03-02 00:42:00	40026	1456850520446	34
2	3	2016-03-02 00:42:00	40080	1456850520450	35
1	22	2016-03-02 00:42:00	40027	1456850520479	36
2	2	2016-03-02 00:42:00	40054	1456850520482	37
2	2	2016-03-02 00:42:00	40058	1456850520482	38
2	2	2016-03-02 00:42:00	40024	1456850520484	39
2	2	2016-03-02 00:42:00	40031	1456850520488	40
2	2	2016-03-02 00:42:00	40055	1456850520489	41
2	2	2016-03-02 00:42:00	40056	1456850520490	42
2	2	2016-03-02 00:42:00	40040	1456850520494	43
1	23	2016-03-02 00:42:00	40037	1456850520495	44
2	2	2016-03-02 00:42:00	40139	1456850520511	45
2	2	2016-03-02 00:42:00	40122	1456850520511	46
2	2	2016-03-02 00:42:00	40137	1456850520512	47
2	2	2016-03-02 00:42:00	40131	1456850520513	48
1	0	2016-03-02 00:42:00	40084	1456850520559	49
1	1	2016-03-02 00:42:00	40005	1456850520576	50
2	2	2016-03-02 00:42:00	40014	1456850520580	51
1	4	2016-03-02 00:42:00	40033	1456850520631	52
1	8	2016-03-02 00:42:00	40076	1456850520686	53
1	8	2016-03-02 00:42:00	40032	1456850520688	54
2	2	2016-03-02 00:42:00	40132	1456850520696	55
2	2	2016-03-02 00:42:00	40123	1456850520697	56
1	14	2016-03-02 00:42:00	40070	1456850520777	57
1	14	2016-03-02 00:42:00	40034	1456850520779	58
1	14	2016-03-02 00:42:00	40064	1456850520781	59
2	2	2016-03-02 00:42:00	40025	1456850520797	60
1	15	2016-03-02 00:42:00	40028	1456850520797	61
2	2	2016-03-02 00:42:00	40017	1456850520816	62
2	2	2016-03-02 00:42:00	40136	1456850520818	63
1	17	2016-03-02 00:42:00	40026	1456850520827	64
2	2	2016-03-02 00:42:00	40019	1456850520832	65
1	18	2016-03-02 00:42:00	40066	1456850520844	66
2	2	2016-03-02 00:42:00	40016	1456850520848	67
1	24	2016-03-02 00:42:00	40054	1456850520928	68
2	2	2016-03-02 00:42:00	40051	1456850520937	69
2	2	2016-03-02 00:42:00	40084	1456850520940	70
2	2	2016-03-02 00:42:00	40045	1456850520942	71
2	2	2016-03-02 00:42:00	40047	1456850520948	72
1	25	2016-03-02 00:42:00	40067	1456850520950	73
2	2	2016-03-02 00:42:00	40009	1456850520956	74
2	2	2016-03-02 00:42:00	40010	1456850520956	75
2	2	2016-03-02 00:42:00	40008	1456850520956	76
1	2	2016-03-02 00:42:01	40039	1456850521011	77
1	5	2016-03-02 00:42:01	40055	1456850521062	78
2	2	2016-03-02 00:42:01	40057	1456850521065	79
1	6	2016-03-02 00:42:01	40071	1456850521084	80
1	7	2016-03-02 00:42:01	40131	1456850521101	81
2	2	2016-03-02 00:42:01	40135	1456850521106	82
1	10	2016-03-02 00:42:01	40025	1456850521147	83
1	12	2016-03-02 00:42:01	40035	1456850521180	84
2	2	2016-03-02 00:42:01	40085	1456850521216	85
1	15	2016-03-02 00:42:01	40018	1456850521217	86
2	2	2016-03-02 00:42:01	40007	1456850521220	87
2	2	2016-03-02 00:42:01	40003	1456850521220	88
1	16	2016-03-02 00:42:01	40024	1456850521231	89
2	2	2016-03-02 00:42:01	40048	1456850521243	90
1	17	2016-03-02 00:42:01	40139	1456850521258	91
2	3	2016-03-02 00:42:01	40083	1456850521260	92
1	18	2016-03-02 00:42:01	40080	1456850521263	93
1	21	2016-03-02 00:42:01	40137	1456850521306	94
2	2	2016-03-02 00:42:01	40119	1456850521320	95
2	2	2016-03-02 00:42:01	40133	1456850521347	96
1	24	2016-03-02 00:42:01	40009	1456850521357	97
2	2	2016-03-02 00:42:01	40004	1456850521364	98
2	2	2016-03-02 00:42:01	40011	1456850521364	99
1	2	2016-03-02 00:42:01	40048	1456850521434	100
1	2	2016-03-02 00:42:01	40122	1456850521435	101
1	2	2016-03-02 00:42:01	40083	1456850521435	102
2	2	2016-03-02 00:42:01	40032	1456850521436	103
2	2	2016-03-02 00:42:01	40033	1456850521443	104
2	2	2016-03-02 00:42:01	40120	1456850521456	105
1	3	2016-03-02 00:42:01	40132	1456850521461	106
2	2	2016-03-02 00:42:01	40118	1456850521464	107
1	8	2016-03-02 00:42:01	40019	1456850521528	108
2	2	2016-03-02 00:42:01	40012	1456850521536	109
1	9	2016-03-02 00:42:01	40123	1456850521541	110
1	9	2016-03-02 00:42:01	40051	1456850521541	111
2	2	2016-03-02 00:42:01	40081	1456850521548	112
2	2	2016-03-02 00:42:01	40068	1456850521553	113
2	2	2016-03-02 00:42:01	40053	1456850521555	114
2	2	2016-03-02 00:42:01	40030	1456850521558	115
2	2	2016-03-02 00:42:01	40038	1456850521559	116
2	2	2016-03-02 00:42:01	40006	1456850521564	117
2	2	2016-03-02 00:42:01	40020	1456850521564	118
1	10	2016-03-02 00:42:01	40016	1456850521566	119
2	2	2016-03-02 00:42:01	40015	1456850521566	120
1	12	2016-03-02 00:42:01	40031	1456850521585	121
1	14	2016-03-02 00:42:01	40047	1456850521617	122
1	14	2016-03-02 00:42:01	40040	1456850521626	123
2	2	2016-03-02 00:42:01	40013	1456850521648	124
1	16	2016-03-02 00:42:01	40058	1456850521660	125
1	17	2016-03-02 00:42:01	40017	1456850521668	126
1	19	2016-03-02 00:42:01	40010	1456850521700	127
2	2	2016-03-02 00:42:01	40001	1456850521708	128
1	20	2016-03-02 00:42:01	40135	1456850521728	129
1	24	2016-03-02 00:42:01	40014	1456850521776	130
1	0	2016-03-02 00:42:01	40003	1456850521825	131
1	0	2016-03-02 00:42:01	40020	1456850521825	132
1	0	2016-03-02 00:42:01	40136	1456850521835	133
1	1	2016-03-02 00:42:01	40006	1456850521840	134
1	1	2016-03-02 00:42:01	40057	1456850521845	135
2	2	2016-03-02 00:42:01	40046	1456850521854	136
1	2	2016-03-02 00:42:01	40007	1456850521856	137
1	24	2016-03-02 00:42:01	40011	1456850521860	138
2	2	2016-03-02 00:42:01	40060	1456850521860	139
1	4	2016-03-02 00:42:01	40133	1456850521889	140
1	10	2016-03-02 00:42:01	40045	1456850521978	141
1	10	2016-03-02 00:42:01	40056	1456850521986	142
1	13	2016-03-02 00:42:02	40030	1456850522020	143
1	15	2016-03-02 00:42:02	40084	1456850522052	144
1	15	2016-03-02 00:42:02	40008	1456850522060	145
1	16	2016-03-02 00:42:02	40001	1456850522076	146
1	16	2016-03-02 00:42:02	40119	1456850522082	147
2	3	2016-03-02 00:42:02	40040	1456850522088	148
1	17	2016-03-02 00:42:02	40085	1456850522093	149
1	19	2016-03-02 00:42:02	40015	1456850522120	150
2	2	2016-03-02 00:42:02	40018	1456850522140	151
1	20	2016-03-02 00:42:02	40033	1456850522144	152
2	2	2016-03-02 00:42:02	40035	1456850522150	153
2	2	2016-03-02 00:42:02	40037	1456850522151	154
1	22	2016-03-02 00:42:02	40038	1456850522164	155
2	2	2016-03-02 00:42:02	40036	1456850522181	156
2	2	2016-03-02 00:42:02	40028	1456850522183	157
2	3	2016-03-02 00:42:02	40047	1456850522205	158
1	25	2016-03-02 00:42:02	40032	1456850522216	159
2	2	2016-03-02 00:42:02	40034	1456850522228	160
1	3	2016-03-02 00:42:02	40060	1456850522290	161
2	2	2016-03-02 00:42:02	40076	1456850522294	162
2	2	2016-03-02 00:42:02	40083	1456850522296	163
1	3	2016-03-02 00:42:02	40081	1456850522297	164
2	2	2016-03-02 00:42:02	40075	1456850522300	165
2	3	2016-03-02 00:42:02	40031	1456850522301	166
2	2	2016-03-02 00:42:02	40066	1456850522307	167
2	2	2016-03-02 00:42:02	40078	1456850522312	168
2	2	2016-03-02 00:42:02	40059	1456850522345	169
1	7	2016-03-02 00:42:02	40046	1456850522349	170
2	2	2016-03-02 00:42:02	40077	1456850522400	171
1	10	2016-03-02 00:42:02	40118	1456850522403	172
2	3	2016-03-02 00:42:02	40011	1456850522408	173
2	2	2016-03-02 00:42:02	40126	1456850522411	174
2	2	2016-03-02 00:42:02	40117	1456850522415	175
2	2	2016-03-02 00:42:02	40124	1456850522418	176
1	11	2016-03-02 00:42:02	40040	1456850522423	177
1	13	2016-03-02 00:42:02	40013	1456850522448	178
2	3	2016-03-02 00:42:02	40045	1456850522503	179
1	17	2016-03-02 00:42:02	40031	1456850522508	180
2	2	2016-03-02 00:42:02	40082	1456850522522	181
2	2	2016-03-02 00:42:02	40065	1456850522526	182
2	2	2016-03-02 00:42:02	40073	1456850522534	183
2	3	2016-03-02 00:42:02	40020	1456850522556	184
1	20	2016-03-02 00:42:02	40004	1456850522560	185
1	21	2016-03-02 00:42:02	40053	1456850522574	186
2	2	2016-03-02 00:42:02	40039	1456850522603	187
1	24	2016-03-02 00:42:02	40120	1456850522632	188
1	0	2016-03-02 00:42:02	40083	1456850522663	189
2	2	2016-03-02 00:42:02	40017	1456850522672	190
2	2	2016-03-02 00:42:02	40019	1456850522672	191
1	2	2016-03-02 00:42:02	40068	1456850522699	192
2	2	2016-03-02 00:42:02	40079	1456850522706	193
2	2	2016-03-02 00:42:02	40063	1456850522709	194
2	2	2016-03-02 00:42:02	40069	1456850522712	195
2	2	2016-03-02 00:42:02	40016	1456850522716	196
1	6	2016-03-02 00:42:02	40073	1456850522766	197
1	12	2016-03-02 00:42:02	40011	1456850522856	198
1	14	2016-03-02 00:42:02	40063	1456850522884	199
1	14	2016-03-02 00:42:02	40028	1456850522884	200
1	14	2016-03-02 00:42:02	40075	1456850522890	201
2	2	2016-03-02 00:42:02	40025	1456850522899	202
1	16	2016-03-02 00:42:02	40034	1456850522913	203
1	8	2016-03-02 00:42:02	40012	1456850522928	204
1	17	2016-03-02 00:42:02	40117	1456850522940	205
2	2	2016-03-02 00:42:02	40130	1456850522946	206
2	2	2016-03-02 00:42:02	40128	1456850522949	207
1	21	2016-03-02 00:42:02	40035	1456850522993	208
2	2	2016-03-02 00:42:03	40014	1456850523000	209
2	2	2016-03-02 00:42:03	40005	1456850523000	210
1	24	2016-03-02 00:42:03	40076	1456850523043	211
2	2	2016-03-02 00:42:03	40072	1456850523047	212
2	2	2016-03-02 00:42:03	40080	1456850523049	213
1	25	2016-03-02 00:42:03	40059	1456850523061	214
1	25	2016-03-02 00:42:03	40082	1456850523064	215
1	25	2016-03-02 00:42:03	40039	1456850523065	216
1	26	2016-03-02 00:42:03	40018	1456850523068	217
2	2	2016-03-02 00:42:03	40007	1456850523076	218
2	2	2016-03-02 00:42:03	40015	1456850523076	219
2	2	2016-03-02 00:42:03	40003	1456850523076	220
1	3	2016-03-02 00:42:03	40066	1456850523087	221
1	0	2016-03-02 00:42:03	40025	1456850523090	222
2	2	2016-03-02 00:42:03	40136	1456850523122	223
2	2	2016-03-02 00:42:03	40006	1456850523140	224
1	4	2016-03-02 00:42:03	40077	1456850523149	225
1	5	2016-03-02 00:42:03	40036	1456850523167	226
2	2	2016-03-02 00:42:03	40026	1456850523180	227
1	9	2016-03-02 00:42:03	40003	1456850523229	228
1	11	2016-03-02 00:42:03	40124	1456850523261	229
1	13	2016-03-02 00:42:03	40017	1456850523288	230
2	3	2016-03-02 00:42:03	40063	1456850523329	231
2	2	2016-03-02 00:42:03	40064	1456850523340	232
1	18	2016-03-02 00:42:03	40019	1456850523369	233
2	2	2016-03-02 00:42:03	40002	1456850523376	234
1	19	2016-03-02 00:42:03	40047	1456850523383	235
2	2	2016-03-02 00:42:03	40008	1456850523420	236
2	2	2016-03-02 00:42:03	40011	1456850523420	237
2	2	2016-03-02 00:42:03	40013	1456850523420	238
2	2	2016-03-02 00:42:03	40001	1456850523420	239
1	23	2016-03-02 00:42:03	40015	1456850523444	240
2	2	2016-03-02 00:42:03	40132	1456850523483	241
2	2	2016-03-02 00:42:03	40123	1456850523483	242
1	25	2016-03-02 00:42:03	40079	1456850523487	243
1	25	2016-03-02 00:42:03	40126	1456850523492	244
1	26	2016-03-02 00:42:03	40065	1456850523498	245
1	0	2016-03-02 00:42:03	40064	1456850523515	246
1	21	2016-03-02 00:42:03	40014	1456850523524	247
1	4	2016-03-02 00:42:03	40128	1456850523586	248
1	5	2016-03-02 00:42:03	40080	1456850523591	249
1	8	2016-03-02 00:42:03	40007	1456850523632	250
1	3	2016-03-02 00:42:03	40020	1456850523656	251
1	12	2016-03-02 00:42:03	40045	1456850523698	252
1	12	2016-03-02 00:42:03	40130	1456850523710	253
1	15	2016-03-02 00:42:03	40005	1456850523740	254
1	17	2016-03-02 00:42:03	40063	1456850523775	255
1	19	2016-03-02 00:42:03	40037	1456850523807	256
1	20	2016-03-02 00:42:03	40069	1456850523825	257
1	3	2016-03-02 00:42:03	40016	1456850523852	258
2	2	2016-03-02 00:42:03	40020	1456850523872	259
2	2	2016-03-02 00:42:03	40071	1456850523872	260
1	23	2016-03-02 00:42:03	40072	1456850523875	261
2	2	2016-03-02 00:42:03	40067	1456850523878	262
2	2	2016-03-02 00:42:03	40070	1456850523880	263
1	26	2016-03-02 00:42:03	40078	1456850523915	264
2	3	2016-03-02 00:42:03	40035	1456850523931	265
1	4	2016-03-02 00:42:03	40013	1456850523992	266
1	4	2016-03-02 00:42:03	40006	1456850523992	267
1	8	2016-03-02 00:42:04	40123	1456850524056	268
2	2	2016-03-02 00:42:04	40120	1456850524062	269
1	11	2016-03-02 00:42:04	40002	1456850524100	270
1	11	2016-03-02 00:42:04	40011	1456850524100	271
2	2	2016-03-02 00:42:04	40009	1456850524108	272
2	2	2016-03-02 00:42:04	40004	1456850524108	273
1	16	2016-03-02 00:42:04	40070	1456850524182	274
2	2	2016-03-02 00:42:04	40118	1456850524186	275
1	16	2016-03-02 00:42:04	40136	1456850524187	276
2	3	2016-03-02 00:42:04	40016	1456850524264	277
1	22	2016-03-02 00:42:04	40020	1456850524272	278
2	2	2016-03-02 00:42:04	40074	1456850524298	279
1	26	2016-03-02 00:42:04	40026	1456850524340	280
2	2	2016-03-02 00:42:04	40010	1456850524420	281
1	8	2016-03-02 00:42:04	40071	1456850524477	282
2	2	2016-03-02 00:42:04	40135	1456850524500	283
2	2	2016-03-02 00:42:04	40117	1456850524501	284
1	9	2016-03-02 00:42:04	40132	1456850524502	285
1	10	2016-03-02 00:42:04	40067	1456850524514	286
1	14	2016-03-02 00:42:04	40008	1456850524568	287
1	16	2016-03-02 00:42:04	40035	1456850524599	288
2	2	2016-03-02 00:42:04	40085	1456850524613	289
2	2	2016-03-02 00:42:04	40012	1456850524640	290
1	22	2016-03-02 00:42:04	40001	1456850524696	291
1	0	2016-03-02 00:42:04	40135	1456850524771	292
2	2	2016-03-02 00:42:04	40122	1456850524778	293
1	1	2016-03-02 00:42:04	40012	1456850524792	294
1	7	2016-03-02 00:42:04	40009	1456850524885	295
1	8	2016-03-02 00:42:04	40004	1456850524896	296
2	2	2016-03-02 00:42:05	40124	1456850525121	297
2	3	2016-03-02 00:42:05	40013	1456850525124	298
1	22	2016-03-02 00:42:05	40120	1456850525127	299
2	2	2016-03-02 00:42:05	40131	1456850525201	300
2	2	2016-03-02 00:42:05	40139	1456850525204	301
1	1	2016-03-02 00:42:05	40010	1456850525212	302
1	4	2016-03-02 00:42:05	40074	1456850525269	303
1	6	2016-03-02 00:42:05	40118	1456850525301	304
1	21	2016-03-02 00:42:05	40085	1456850525522	305
2	2	2016-03-02 00:42:05	40126	1456850525558	306
1	26	2016-03-02 00:42:05	40122	1456850525606	307
2	2	2016-03-02 00:42:05	40137	1456850525612	308
1	0	2016-03-02 00:42:05	40013	1456850525616	309
1	2	2016-03-02 00:42:05	40117	1456850525646	310
2	2	2016-03-02 00:42:05	40128	1456850525658	311
1	10	2016-03-02 00:42:05	40124	1456850525773	312
1	23	2016-03-02 00:42:05	40016	1456850525976	313
1	24	2016-03-02 00:42:05	40131	1456850525996	314
2	2	2016-03-02 00:42:06	40138	1456850525999	315
2	2	2016-03-02 00:42:06	40130	1456850526083	316
1	3	2016-03-02 00:42:06	40128	1456850526088	317
1	13	2016-03-02 00:42:06	40139	1456850526254	318
2	2	2016-03-02 00:42:06	40119	1456850526263	319
1	14	2016-03-02 00:42:06	40137	1456850526263	320
1	19	2016-03-02 00:42:06	40126	1456850526337	321
2	2	2016-03-02 00:42:06	40082	1456850526377	322
2	2	2016-03-02 00:42:06	40073	1456850526382	323
2	2	2016-03-02 00:42:06	40065	1456850526384	324
1	9	2016-03-02 00:42:06	40138	1456850526604	325
1	12	2016-03-02 00:42:06	40073	1456850526652	326
2	2	2016-03-02 00:42:06	40133	1456850526683	327
1	17	2016-03-02 00:42:06	40119	1456850526724	328
1	25	2016-03-02 00:42:06	40065	1456850526862	329
2	3	2016-03-02 00:42:07	40058	1456850527075	330
1	13	2016-03-02 00:42:07	40130	1456850527086	331
1	24	2016-03-02 00:42:07	40082	1456850527269	332
1	23	2016-03-02 00:42:07	40058	1456850527664	333
1	9	2016-03-02 00:42:07	40133	1456850527877	334
2	7	2016-03-02 00:42:09	40024	1456850529019	335
1	7	2016-03-02 00:42:09	40024	1456850529527	336
2	7	2016-03-02 00:42:10	40038	1456850530392	337
2	7	2016-03-02 00:42:10	40046	1456850530690	338
1	6	2016-03-02 00:42:10	40038	1456850530773	339
2	7	2016-03-02 00:42:10	40059	1456850530832	340
1	18	2016-03-02 00:42:10	40046	1456850530961	341
2	7	2016-03-02 00:42:11	40045	1456850531060	342
2	7	2016-03-02 00:42:11	40034	1456850531067	343
2	7	2016-03-02 00:42:11	40076	1456850531151	344
1	5	2016-03-02 00:42:11	40034	1456850531608	345
2	7	2016-03-02 00:42:11	40005	1456850531796	346
1	22	2016-03-02 00:42:11	40076	1456850531868	347
2	7	2016-03-02 00:42:11	40063	1456850531890	348
1	25	2016-03-02 00:42:11	40059	1456850531915	349
2	7	2016-03-02 00:42:11	40002	1456850531952	350
2	7	2016-03-02 00:42:12	40080	1456850532107	351
1	18	2016-03-02 00:42:12	40063	1456850532225	352
2	7	2016-03-02 00:42:12	40132	1456850532320	353
1	8	2016-03-02 00:42:12	40045	1456850532494	354
1	14	2016-03-02 00:42:12	40002	1456850532584	355
2	7	2016-03-02 00:42:12	40016	1456850532828	356
1	5	2016-03-02 00:42:12	40080	1456850532873	357
2	7	2016-03-02 00:42:12	40010	1456850532893	358
1	10	2016-03-02 00:42:12	40005	1456850532944	359
1	15	2016-03-02 00:42:13	40132	1456850533020	360
1	15	2016-03-02 00:42:13	40016	1456850533444	361
1	15	2016-03-02 00:42:13	40010	1456850533444	362
2	7	2016-03-02 00:42:14	40126	1456850534078	363
2	7	2016-03-02 00:42:14	40124	1456850534091	364
2	7	2016-03-02 00:42:14	40128	1456850534503	365
1	1	2016-03-02 00:42:14	40124	1456850534918	366
2	7	2016-03-02 00:42:14	40075	1456850534940	367
1	18	2016-03-02 00:42:15	40126	1456850535190	368
2	2	2016-03-02 00:42:15	40040	1456850535368	369
2	2	2016-03-02 00:42:15	40054	1456850535376	370
2	2	2016-03-02 00:42:15	40051	1456850535376	371
2	2	2016-03-02 00:42:15	40077	1456850535378	372
2	2	2016-03-02 00:42:15	40057	1456850535381	373
1	6	2016-03-02 00:42:15	40075	1456850535417	374
2	2	2016-03-02 00:42:15	40047	1456850535510	375
2	2	2016-03-02 00:42:15	40055	1456850535511	376
1	12	2016-03-02 00:42:15	40040	1456850535512	377
2	2	2016-03-02 00:42:15	40056	1456850535515	378
2	2	2016-03-02 00:42:15	40058	1456850535516	379
2	2	2016-03-02 00:42:15	40081	1456850535520	380
2	2	2016-03-02 00:42:15	40053	1456850535520	381
2	2	2016-03-02 00:42:15	40045	1456850535521	382
2	2	2016-03-02 00:42:15	40027	1456850535522	383
2	2	2016-03-02 00:42:15	40048	1456850535523	384
1	23	2016-03-02 00:42:15	40128	1456850535682	385
2	2	2016-03-02 00:42:15	40024	1456850535837	386
1	6	2016-03-02 00:42:15	40048	1456850535841	387
2	2	2016-03-02 00:42:15	40060	1456850535844	388
2	2	2016-03-02 00:42:15	40031	1456850535847	389
1	15	2016-03-02 00:42:15	40047	1456850535971	390
2	2	2016-03-02 00:42:15	40059	1456850535975	391
1	21	2016-03-02 00:42:16	40057	1456850536066	392
2	2	2016-03-02 00:42:16	40084	1456850536073	393
2	2	2016-03-02 00:42:16	40046	1456850536080	394
1	0	2016-03-02 00:42:16	40027	1456850536159	395
2	7	2016-03-02 00:42:16	40019	1456850536172	396
1	4	2016-03-02 00:42:16	40053	1456850536221	397
2	2	2016-03-02 00:42:16	40035	1456850536291	398
1	9	2016-03-02 00:42:16	40054	1456850536301	399
1	9	2016-03-02 00:42:16	40031	1456850536309	400
1	14	2016-03-02 00:42:16	40081	1456850536380	401
2	2	2016-03-02 00:42:16	40078	1456850536387	402
2	2	2016-03-02 00:42:16	40075	1456850536388	403
2	2	2016-03-02 00:42:16	40083	1456850536392	404
2	2	2016-03-02 00:42:16	40076	1456850536392	405
1	16	2016-03-02 00:42:16	40055	1456850536420	406
1	19	2016-03-02 00:42:16	40051	1456850536458	407
2	2	2016-03-02 00:42:16	40068	1456850536468	408
2	2	2016-03-02 00:42:16	40038	1456850536480	409
1	22	2016-03-02 00:42:16	40058	1456850536503	410
1	3	2016-03-02 00:42:16	40075	1456850536627	411
2	2	2016-03-02 00:42:16	40079	1456850536633	412
2	2	2016-03-02 00:42:16	40069	1456850536635	413
1	4	2016-03-02 00:42:16	40024	1456850536647	414
1	6	2016-03-02 00:42:16	40019	1456850536680	415
2	2	2016-03-02 00:42:16	40033	1456850536688	416
2	2	2016-03-02 00:42:16	40032	1456850536688	417
2	2	2016-03-02 00:42:16	40063	1456850536728	418
1	9	2016-03-02 00:42:16	40077	1456850536732	419
1	11	2016-03-02 00:42:16	40045	1456850536764	420
2	2	2016-03-02 00:42:16	40034	1456850536768	421
2	3	2016-03-02 00:42:16	40031	1456850536769	422
2	2	2016-03-02 00:42:16	40017	1456850536808	423
2	2	2016-03-02 00:42:16	40136	1456850536819	424
1	17	2016-03-02 00:42:16	40046	1456850536845	425
1	17	2016-03-02 00:42:16	40084	1456850536851	426
1	20	2016-03-02 00:42:16	40056	1456850536899	427
1	21	2016-03-02 00:42:16	40069	1456850536906	428
2	2	2016-03-02 00:42:16	40030	1456850536915	429
2	2	2016-03-02 00:42:16	40123	1456850536917	430
2	2	2016-03-02 00:42:16	40080	1456850536924	431
1	24	2016-03-02 00:42:16	40078	1456850536960	432
2	2	2016-03-02 00:42:16	40072	1456850536972	433
1	14	2016-03-02 00:42:17	40079	1456850537063	434
1	4	2016-03-02 00:42:17	40080	1456850537067	435
1	5	2016-03-02 00:42:17	40068	1456850537088	436
2	2	2016-03-02 00:42:17	40037	1456850537117	437
1	7	2016-03-02 00:42:17	40060	1456850537118	438
2	2	2016-03-02 00:42:17	40066	1456850537118	439
1	14	2016-03-02 00:42:17	40059	1456850537233	440
1	18	2016-03-02 00:42:17	40030	1456850537281	441
2	2	2016-03-02 00:42:17	40016	1456850537368	442
1	23	2016-03-02 00:42:17	40066	1456850537372	443
2	3	2016-03-02 00:42:17	40079	1456850537382	444
1	24	2016-03-02 00:42:17	40034	1456850537389	445
1	26	2016-03-02 00:42:17	40136	1456850537407	446
2	2	2016-03-02 00:42:17	40120	1456850537413	447
2	2	2016-03-02 00:42:17	40132	1456850537415	448
2	2	2016-03-02 00:42:17	40118	1456850537416	449
2	2	2016-03-02 00:42:17	40002	1456850537492	450
2	3	2016-03-02 00:42:17	40077	1456850537496	451
1	5	2016-03-02 00:42:17	40017	1456850537503	452
2	2	2016-03-02 00:42:17	40064	1456850537503	453
2	2	2016-03-02 00:42:17	40039	1456850537509	454
1	14	2016-03-02 00:42:17	40083	1456850537524	455
2	3	2016-03-02 00:42:17	40081	1456850537527	456
2	2	2016-03-02 00:42:17	40005	1456850537620	457
1	12	2016-03-02 00:42:17	40035	1456850537623	458
1	13	2016-03-02 00:42:17	40038	1456850537628	459
2	2	2016-03-02 00:42:17	40036	1456850537631	460
2	2	2016-03-02 00:42:17	40018	1456850537632	461
2	2	2016-03-02 00:42:17	40028	1456850537634	462
1	13	2016-03-02 00:42:17	40033	1456850537638	463
1	14	2016-03-02 00:42:17	40123	1456850537650	464
2	2	2016-03-02 00:42:17	40131	1456850537676	465
1	17	2016-03-02 00:42:17	40072	1456850537689	466
2	2	2016-03-02 00:42:17	40071	1456850537701	467
1	18	2016-03-02 00:42:17	40032	1456850537704	468
2	2	2016-03-02 00:42:17	40070	1456850537707	469
1	19	2016-03-02 00:42:17	40018	1456850537720	470
2	2	2016-03-02 00:42:17	40003	1456850537729	471
2	2	2016-03-02 00:42:17	40014	1456850537729	472
2	2	2016-03-02 00:42:17	40011	1456850537729	473
2	2	2016-03-02 00:42:17	40013	1456850537729	474
2	2	2016-03-02 00:42:17	40007	1456850537730	475
1	20	2016-03-02 00:42:17	40131	1456850537740	476
2	2	2016-03-02 00:42:17	40135	1456850537742	477
2	2	2016-03-02 00:42:17	40137	1456850537749	478
2	2	2016-03-02 00:42:17	40133	1456850537752	479
2	2	2016-03-02 00:42:17	40119	1456850537754	480
2	2	2016-03-02 00:42:17	40122	1456850537754	481
2	2	2016-03-02 00:42:17	40139	1456850537755	482
1	23	2016-03-02 00:42:17	40064	1456850537788	483
1	25	2016-03-02 00:42:17	40081	1456850537814	484
2	2	2016-03-02 00:42:17	40008	1456850537820	485
1	25	2016-03-02 00:42:17	40063	1456850537826	486
1	2	2016-03-02 00:42:17	40039	1456850537875	487
1	5	2016-03-02 00:42:17	40118	1456850537926	488
2	2	2016-03-02 00:42:17	40117	1456850537936	489
2	2	2016-03-02 00:42:17	40126	1456850537940	490
2	2	2016-03-02 00:42:17	40124	1456850537940	491
1	7	2016-03-02 00:42:17	40120	1456850537953	492
1	8	2016-03-02 00:42:17	40005	1456850537968	493
1	8	2016-03-02 00:42:17	40037	1456850537976	494
2	2	2016-03-02 00:42:17	40026	1456850537980	495
1	9	2016-03-02 00:42:17	40076	1456850537985	496
1	10	2016-03-02 00:42:18	40007	1456850538000	497
1	10	2016-03-02 00:42:18	40132	1456850538004	498
2	2	2016-03-02 00:42:18	40006	1456850538008	499
2	2	2016-03-02 00:42:18	40020	1456850538008	500
1	14	2016-03-02 00:42:18	40031	1456850538080	501
1	18	2016-03-02 00:42:18	40011	1456850538128	502
2	2	2016-03-02 00:42:18	40009	1456850538132	503
2	2	2016-03-02 00:42:18	40004	1456850538136	504
1	26	2016-03-02 00:42:18	40137	1456850538258	505
1	1	2016-03-02 00:42:18	40079	1456850538290	506
2	2	2016-03-02 00:42:18	40138	1456850538292	507
1	4	2016-03-02 00:42:18	40028	1456850538335	508
1	5	2016-03-02 00:42:18	40002	1456850538344	509
2	2	2016-03-02 00:42:18	40025	1456850538344	510
1	5	2016-03-02 00:42:18	40119	1456850538358	511
2	2	2016-03-02 00:42:18	40073	1456850538361	512
1	9	2016-03-02 00:42:18	40013	1456850538408	513
1	10	2016-03-02 00:42:18	40124	1456850538433	514
1	11	2016-03-02 00:42:18	40133	1456850538437	515
1	14	2016-03-02 00:42:18	40126	1456850538496	516
2	2	2016-03-02 00:42:18	40128	1456850538503	517
2	2	2016-03-02 00:42:18	40130	1456850538504	518
1	16	2016-03-02 00:42:18	40014	1456850538516	519
2	3	2016-03-02 00:42:18	40037	1456850538534	520
1	18	2016-03-02 00:42:18	40077	1456850538547	521
1	18	2016-03-02 00:42:18	40135	1456850538555	522
2	2	2016-03-02 00:42:18	40074	1456850538560	523
1	18	2016-03-02 00:42:18	40071	1456850538561	524
1	19	2016-03-02 00:42:18	40122	1456850538566	525
1	24	2016-03-02 00:42:18	40004	1456850538644	526
2	2	2016-03-02 00:42:18	40001	1456850538652	527
1	25	2016-03-02 00:42:18	40036	1456850538666	528
1	0	2016-03-02 00:42:18	40138	1456850538689	529
1	2	2016-03-02 00:42:18	40070	1456850538725	530
1	3	2016-03-02 00:42:18	40026	1456850538743	531
1	4	2016-03-02 00:42:18	40006	1456850538756	532
1	6	2016-03-02 00:42:18	40009	1456850538784	533
2	2	2016-03-02 00:42:18	40067	1456850538790	534
2	2	2016-03-02 00:42:18	40010	1456850538792	535
2	2	2016-03-02 00:42:18	40015	1456850538800	536
1	8	2016-03-02 00:42:18	40139	1456850538821	537
1	8	2016-03-02 00:42:18	40130	1456850538823	538
1	9	2016-03-02 00:42:18	40025	1456850538838	539
1	9	2016-03-02 00:42:18	40117	1456850538843	540
1	11	2016-03-02 00:42:18	40016	1456850538860	541
1	13	2016-03-02 00:42:18	40010	1456850538892	542
1	19	2016-03-02 00:42:18	40128	1456850538997	543
1	20	2016-03-02 00:42:19	40003	1456850539000	544
1	21	2016-03-02 00:42:19	40020	1456850539016	545
1	26	2016-03-02 00:42:19	40008	1456850539097	546
2	2	2016-03-02 00:42:19	40085	1456850539157	547
2	3	2016-03-02 00:42:19	40124	1456850539196	548
1	6	2016-03-02 00:42:19	40074	1456850539213	549
1	20	2016-03-02 00:42:19	40001	1456850539426	550
1	0	2016-03-02 00:42:19	40015	1456850539532	551
2	2	2016-03-02 00:42:19	40019	1456850539616	552
2	3	2016-03-02 00:42:19	40014	1456850539664	553
1	9	2016-03-02 00:42:19	40073	1456850539683	554
1	10	2016-03-02 00:42:19	40037	1456850539696	555
1	19	2016-03-02 00:42:19	40067	1456850539841	556
1	4	2016-03-02 00:42:20	40124	1456850540023	557
2	2	2016-03-02 00:42:20	40082	1456850540106	558
2	2	2016-03-02 00:42:20	40065	1456850540111	559
1	20	2016-03-02 00:42:20	40085	1456850540274	560
1	24	2016-03-02 00:42:20	40019	1456850540328	561
2	2	2016-03-02 00:42:20	40012	1456850540336	562
2	3	2016-03-02 00:42:20	40033	1456850540553	563
1	18	2016-03-02 00:42:20	40065	1456850540669	564
2	3	2016-03-02 00:42:20	40046	1456850540721	565
1	4	2016-03-02 00:42:20	40014	1456850540860	566
1	19	2016-03-02 00:42:21	40082	1456850541094	567
1	22	2016-03-02 00:42:21	40012	1456850541144	568
1	24	2016-03-02 00:42:21	40046	1456850541183	569
2	3	2016-03-02 00:42:21	40003	1456850541288	570
1	16	2016-03-02 00:42:21	40033	1456850541476	571
1	13	2016-03-02 00:42:21	40003	1456850541844	572
2	3	2016-03-02 00:42:23	40077	1456850543181	573
2	3	2016-03-02 00:42:23	40123	1456850543428	574
2	7	2016-03-02 00:42:23	40054	1456850543812	575
1	6	2016-03-02 00:42:24	40123	1456850544271	576
2	7	2016-03-02 00:42:24	40058	1456850544355	577
2	7	2016-03-02 00:42:24	40045	1456850544364	578
2	7	2016-03-02 00:42:24	40059	1456850544478	579
2	7	2016-03-02 00:42:24	40024	1456850544594	580
1	8	2016-03-02 00:42:24	40077	1456850544726	581
1	13	2016-03-02 00:42:24	40024	1456850544800	582
1	22	2016-03-02 00:42:24	40054	1456850544945	583
1	1	2016-03-02 00:42:25	40059	1456850545036	584
2	7	2016-03-02 00:42:25	40069	1456850545091	585
2	7	2016-03-02 00:42:25	40038	1456850545312	586
2	7	2016-03-02 00:42:25	40063	1456850545385	587
1	10	2016-03-02 00:42:25	40045	1456850545607	588
1	23	2016-03-02 00:42:25	40058	1456850545804	589
1	26	2016-03-02 00:42:25	40069	1456850545854	590
1	6	2016-03-02 00:42:25	40063	1456850545957	591
2	7	2016-03-02 00:42:26	40016	1456850546136	592
2	7	2016-03-02 00:42:26	40006	1456850546448	593
1	13	2016-03-02 00:42:26	40038	1456850546492	594
2	7	2016-03-02 00:42:26	40008	1456850546648	595
1	14	2016-03-02 00:42:26	40016	1456850546925	596
1	20	2016-03-02 00:42:27	40006	1456850547016	597
2	3	2016-03-02 00:42:27	40123	1456850547121	598
2	7	2016-03-02 00:42:27	40015	1456850547400	599
2	7	2016-03-02 00:42:27	40005	1456850547492	600
1	3	2016-03-02 00:42:27	40008	1456850547596	601
2	3	2016-03-02 00:42:27	40063	1456850547613	602
2	7	2016-03-02 00:42:27	40124	1456850547689	603
2	7	2016-03-02 00:42:27	40048	1456850547831	604
1	26	2016-03-02 00:42:27	40005	1456850547956	605
2	7	2016-03-02 00:42:28	40002	1456850548308	606
1	11	2016-03-02 00:42:28	40015	1456850548564	607
1	13	2016-03-02 00:42:28	40123	1456850548601	608
1	26	2016-03-02 00:42:28	40048	1456850548801	609
1	2	2016-03-02 00:42:28	40002	1456850548845	610
2	7	2016-03-02 00:42:29	40035	1456850549009	611
1	12	2016-03-02 00:42:29	40063	1456850549013	612
1	15	2016-03-02 00:42:29	40124	1456850549057	613
2	7	2016-03-02 00:42:29	40046	1456850549300	614
2	7	2016-03-02 00:42:29	40080	1456850549586	615
1	11	2016-03-02 00:42:29	40080	1456850549841	616
1	13	2016-03-02 00:42:29	40046	1456850549859	617
1	5	2016-03-02 00:42:30	40035	1456850550170	618
2	7	2016-03-02 00:42:30	40001	1456850550448	619
1	21	2016-03-02 00:42:30	40001	1456850550828	620
2	7	2016-03-02 00:42:31	40010	1456850551432	621
2	7	2016-03-02 00:42:31	40047	1456850551679	622
2	7	2016-03-02 00:42:31	40019	1456850551680	623
2	7	2016-03-02 00:42:31	40011	1456850551852	624
1	16	2016-03-02 00:42:32	40019	1456850552016	625
1	2	2016-03-02 00:42:32	40047	1456850552220	626
2	7	2016-03-02 00:42:32	40054	1456850552248	627
1	5	2016-03-02 00:42:32	40010	1456850552268	628
2	7	2016-03-02 00:42:32	40076	1456850552577	629
1	25	2016-03-02 00:42:32	40011	1456850552580	630
2	7	2016-03-02 00:42:32	40059	1456850552918	631
2	7	2016-03-02 00:42:33	40024	1456850553033	632
1	6	2016-03-02 00:42:33	40054	1456850553125	633
1	22	2016-03-02 00:42:33	40059	1456850553380	634
2	7	2016-03-02 00:42:33	40036	1456850553494	635
1	13	2016-03-02 00:42:33	40024	1456850553669	636
2	7	2016-03-02 00:42:33	40038	1456850553745	637
2	7	2016-03-02 00:42:33	40070	1456850553761	638
1	22	2016-03-02 00:42:33	40076	1456850553804	639
2	7	2016-03-02 00:42:33	40069	1456850553833	640
1	20	2016-03-02 00:42:34	40036	1456850554194	641
1	7	2016-03-02 00:42:34	40070	1456850554413	642
2	7	2016-03-02 00:42:34	40126	1456850554438	643
2	7	2016-03-02 00:42:34	40016	1456850554653	644
1	23	2016-03-02 00:42:34	40038	1456850554670	645
1	25	2016-03-02 00:42:34	40126	1456850554692	646
1	26	2016-03-02 00:42:34	40069	1456850554707	647
2	7	2016-03-02 00:42:35	40008	1456850555228	648
1	18	2016-03-02 00:42:35	40016	1456850555424	649
1	2	2016-03-02 00:42:35	40008	1456850555596	650
2	7	2016-03-02 00:42:36	40063	1456850556062	651
2	7	2016-03-02 00:42:36	40124	1456850556118	652
2	7	2016-03-02 00:42:36	40034	1456850556260	653
2	7	2016-03-02 00:42:36	40045	1456850556266	654
2	7	2016-03-02 00:42:36	40005	1456850556320	655
1	4	2016-03-02 00:42:36	40124	1456850556468	656
1	9	2016-03-02 00:42:36	40034	1456850556547	657
2	7	2016-03-02 00:42:36	40048	1456850556625	658
2	7	2016-03-02 00:42:36	40002	1456850556744	659
1	5	2016-03-02 00:42:36	40048	1456850556911	660
1	12	2016-03-02 00:42:37	40063	1456850557017	661
1	3	2016-03-02 00:42:37	40045	1456850557302	662
1	4	2016-03-02 00:42:37	40002	1456850557312	663
1	6	2016-03-02 00:42:37	40005	1456850557344	664
2	7	2016-03-02 00:42:37	40035	1456850557549	665
2	7	2016-03-02 00:42:37	40046	1456850557737	666
2	3	2016-03-02 00:42:37	40069	1456850557840	667
2	7	2016-03-02 00:42:38	40040	1456850558150	668
1	8	2016-03-02 00:42:38	40035	1456850558232	669
1	17	2016-03-02 00:42:38	40046	1456850558359	670
2	7	2016-03-02 00:42:38	40030	1456850558819	671
1	26	2016-03-02 00:42:38	40069	1456850558935	672
2	7	2016-03-02 00:42:39	40006	1456850559744	673
1	26	2016-03-02 00:42:39	40040	1456850559777	674
1	14	2016-03-02 00:42:40	40030	1456850560018	675
2	7	2016-03-02 00:42:40	40047	1456850560113	676
2	7	2016-03-02 00:42:40	40019	1456850560120	677
2	7	2016-03-02 00:42:40	40058	1456850560201	678
1	23	2016-03-02 00:42:40	40019	1456850560564	679
2	7	2016-03-02 00:42:40	40054	1456850560684	680
1	13	2016-03-02 00:42:40	40058	1456850560838	681
1	14	2016-03-02 00:42:40	40006	1456850560844	682
2	7	2016-03-02 00:42:41	40076	1456850561020	683
2	7	2016-03-02 00:42:41	40056	1456850561108	684
2	7	2016-03-02 00:42:41	40059	1456850561357	685
2	7	2016-03-02 00:42:41	40015	1456850561432	686
1	0	2016-03-02 00:42:41	40076	1456850561482	687
1	15	2016-03-02 00:42:41	40047	1456850561705	688
1	2	2016-03-02 00:42:41	40059	1456850561930	689
1	9	2016-03-02 00:42:42	40056	1456850562031	690
1	11	2016-03-02 00:42:42	40015	1456850562064	691
2	7	2016-03-02 00:42:42	40038	1456850562179	692
2	7	2016-03-02 00:42:42	40070	1456850562210	693
2	3	2016-03-02 00:42:42	40084	1456850562412	694
1	10	2016-03-02 00:42:42	40054	1456850562471	695
1	10	2016-03-02 00:42:42	40070	1456850562894	696
1	11	2016-03-02 00:42:42	40038	1456850562912	697
2	7	2016-03-02 00:42:43	40016	1456850563088	698
2	7	2016-03-02 00:42:43	40024	1456850563157	699
2	7	2016-03-02 00:42:43	40037	1456850563211	700
2	7	2016-03-02 00:42:43	40135	1456850563461	701
1	10	2016-03-02 00:42:43	40084	1456850563463	702
1	6	2016-03-02 00:42:43	40024	1456850563681	703
2	7	2016-03-02 00:42:43	40130	1456850563713	704
1	12	2016-03-02 00:42:43	40037	1456850563769	705
1	24	2016-03-02 00:42:44	40130	1456850564382	706
1	26	2016-03-02 00:42:44	40016	1456850564408	707
1	1	2016-03-02 00:42:44	40135	1456850564449	708
2	7	2016-03-02 00:42:44	40063	1456850564496	709
2	7	2016-03-02 00:42:44	40014	1456850564508	710
2	7	2016-03-02 00:42:44	40045	1456850564695	711
2	7	2016-03-02 00:42:44	40034	1456850564700	712
2	7	2016-03-02 00:42:44	40005	1456850564760	713
1	0	2016-03-02 00:42:44	40014	1456850564844	714
1	8	2016-03-02 00:42:44	40045	1456850564982	715
2	7	2016-03-02 00:42:45	40002	1456850565180	716
1	1	2016-03-02 00:42:45	40034	1456850565289	717
2	7	2016-03-02 00:42:45	40132	1456850565408	718
2	7	2016-03-02 00:42:45	40120	1456850565751	719
1	14	2016-03-02 00:42:45	40132	1456850565917	720
1	20	2016-03-02 00:42:46	40063	1456850566008	721
1	26	2016-03-02 00:42:46	40005	1456850566097	722
2	7	2016-03-02 00:42:46	40035	1456850566168	723
2	7	2016-03-02 00:42:46	40046	1456850566173	724
1	17	2016-03-02 00:42:46	40002	1456850566376	725
2	7	2016-03-02 00:42:46	40069	1456850566485	726
1	8	2016-03-02 00:42:46	40035	1456850566661	727
1	17	2016-03-02 00:42:46	40120	1456850566799	728
1	2	2016-03-02 00:42:46	40046	1456850566987	729
2	7	2016-03-02 00:42:47	40030	1456850567246	730
1	6	2016-03-02 00:42:47	40069	1456850567470	731
2	3	2016-03-02 00:42:48	40054	1456850568132	732
2	7	2016-03-02 00:42:48	40006	1456850568180	733
2	3	2016-03-02 00:42:48	40016	1456850568228	734
1	1	2016-03-02 00:42:48	40030	1456850568233	735
2	7	2016-03-02 00:42:48	40067	1456850568313	736
2	7	2016-03-02 00:42:48	40047	1456850568548	737
2	7	2016-03-02 00:42:48	40019	1456850568556	738
1	22	2016-03-02 00:42:48	40067	1456850568568	739
2	7	2016-03-02 00:42:48	40018	1456850568600	740
1	7	2016-03-02 00:42:48	40054	1456850568754	741
1	18	2016-03-02 00:42:48	40006	1456850568920	742
1	24	2016-03-02 00:42:49	40018	1456850569016	743
1	0	2016-03-02 00:42:49	40019	1456850569064	744
2	7	2016-03-02 00:42:49	40076	1456850569447	745
2	3	2016-03-02 00:42:49	40083	1456850569477	746
1	3	2016-03-02 00:42:49	40047	1456850569534	747
2	7	2016-03-02 00:42:49	40056	1456850569543	748
1	11	2016-03-02 00:42:49	40083	1456850569668	749
1	14	2016-03-02 00:42:49	40016	1456850569704	750
1	20	2016-03-02 00:42:49	40056	1456850569797	751
2	7	2016-03-02 00:42:49	40015	1456850569868	752
2	7	2016-03-02 00:42:50	40059	1456850570051	753
1	9	2016-03-02 00:42:50	40076	1456850570052	754
2	3	2016-03-02 00:42:50	40054	1456850570412	755
2	7	2016-03-02 00:42:50	40038	1456850570628	756
1	22	2016-03-02 00:42:50	40015	1456850570672	757
1	13	2016-03-02 00:42:50	40038	1456850570963	758
1	2	2016-03-02 00:42:51	40059	1456850571214	759
1	15	2016-03-02 00:42:51	40054	1456850571417	760
2	7	2016-03-02 00:42:51	40118	1456850571583	761
2	7	2016-03-02 00:42:51	40024	1456850571596	762
2	3	2016-03-02 00:42:51	40004	1456850571600	763
2	7	2016-03-02 00:42:51	40138	1456850571718	764
1	19	2016-03-02 00:42:51	40024	1456850571898	765
1	17	2016-03-02 00:42:52	40004	1456850572280	766
1	26	2016-03-02 00:42:52	40138	1456850572497	767
1	5	2016-03-02 00:42:52	40118	1456850572522	768
2	7	2016-03-02 00:42:52	40063	1456850572930	769
2	7	2016-03-02 00:42:53	40034	1456850573141	770
2	7	2016-03-02 00:42:53	40005	1456850573196	771
2	7	2016-03-02 00:42:53	40077	1456850573245	772
1	9	2016-03-02 00:42:53	40034	1456850573427	773
1	21	2016-03-02 00:42:53	40005	1456850573608	774
2	7	2016-03-02 00:42:53	40002	1456850573616	775
1	26	2016-03-02 00:42:53	40063	1456850573694	776
1	23	2016-03-02 00:42:54	40077	1456850574487	777
1	26	2016-03-02 00:42:54	40002	1456850574532	778
2	7	2016-03-02 00:42:54	40046	1456850574610	779
2	7	2016-03-02 00:42:54	40035	1456850574803	780
1	18	2016-03-02 00:42:54	40046	1456850574833	781
2	7	2016-03-02 00:42:54	40069	1456850574925	782
2	7	2016-03-02 00:42:55	40030	1456850575689	783
2	7	2016-03-02 00:42:55	40075	1456850575772	784
1	6	2016-03-02 00:42:55	40035	1456850575916	785
1	0	2016-03-02 00:42:56	40075	1456850576234	786
1	0	2016-03-02 00:42:56	40069	1456850576244	787
1	0	2016-03-02 00:42:56	40030	1456850576660	788
2	3	2016-03-02 00:42:56	40069	1456850576752	789
2	3	2016-03-02 00:42:56	40075	1456850576807	790
2	7	2016-03-02 00:42:56	40047	1456850576982	791
2	7	2016-03-02 00:42:56	40019	1456850576992	792
2	7	2016-03-02 00:42:57	40016	1456850577008	793
2	7	2016-03-02 00:42:57	40018	1456850577040	794
1	6	2016-03-02 00:42:57	40069	1456850577182	795
1	16	2016-03-02 00:42:57	40016	1456850577329	796
2	3	2016-03-02 00:42:57	40005	1456850577509	797
1	24	2016-03-02 00:42:57	40047	1456850577874	798
2	7	2016-03-02 00:42:57	40076	1456850577889	799
1	0	2016-03-02 00:42:57	40075	1456850577921	800
1	21	2016-03-02 00:42:58	40019	1456850578248	801
2	7	2016-03-02 00:42:58	40015	1456850578304	802
1	8	2016-03-02 00:42:58	40005	1456850578468	803
1	19	2016-03-02 00:42:58	40018	1456850578640	804
2	7	2016-03-02 00:42:58	40059	1456850578650	805
1	7	2016-03-02 00:42:58	40015	1456850578877	806
2	3	2016-03-02 00:42:58	40137	1456850578897	807
2	7	2016-03-02 00:42:59	40054	1456850579088	808
1	7	2016-03-02 00:42:59	40076	1456850579307	809
1	14	2016-03-02 00:42:59	40137	1456850579405	810
1	22	2016-03-02 00:42:59	40059	1456850579542	811
2	7	2016-03-02 00:42:59	40067	1456850579868	812
1	17	2016-03-02 00:42:59	40054	1456850579885	813
2	7	2016-03-02 00:43:00	40024	1456850580035	814
2	7	2016-03-02 00:43:00	40068	1456850580050	815
2	7	2016-03-02 00:43:00	40138	1456850580162	816
2	7	2016-03-02 00:43:00	40055	1456850580322	817
1	24	2016-03-02 00:43:00	40067	1456850580409	818
2	7	2016-03-02 00:43:00	40118	1456850580419	819
1	25	2016-03-02 00:43:00	40024	1456850580432	820
1	0	2016-03-02 00:43:00	40118	1456850580880	821
2	7	2016-03-02 00:43:01	40064	1456850581275	822
2	7	2016-03-02 00:43:01	40063	1456850581380	823
1	6	2016-03-02 00:43:01	40055	1456850581390	824
1	12	2016-03-02 00:43:01	40138	1456850581497	825
1	16	2016-03-02 00:43:01	40068	1456850581546	826
2	3	2016-03-02 00:43:01	40067	1456850581570	827
2	7	2016-03-02 00:43:01	40077	1456850581685	828
1	1	2016-03-02 00:43:01	40067	1456850581745	829
1	15	2016-03-02 00:43:01	40063	1456850581952	830
1	18	2016-03-02 00:43:02	40064	1456850582006	831
2	7	2016-03-02 00:43:02	40002	1456850582056	832
1	12	2016-03-02 00:43:02	40077	1456850582752	833
1	1	2016-03-02 00:43:03	40002	1456850583001	834
2	7	2016-03-02 00:43:03	40046	1456850583317	835
2	7	2016-03-02 00:43:03	40033	1456850583597	836
2	7	2016-03-02 00:43:03	40035	1456850583613	837
1	14	2016-03-02 00:43:03	40046	1456850583636	838
1	22	2016-03-02 00:43:04	40033	1456850584170	839
1	11	2016-03-02 00:43:04	40035	1456850584424	840
2	3	2016-03-02 00:43:04	40030	1456850584450	841
1	5	2016-03-02 00:43:05	40030	1456850585183	842
2	7	2016-03-02 00:43:05	40047	1456850585417	843
2	7	2016-03-02 00:43:05	40019	1456850585429	844
2	7	2016-03-02 00:43:05	40016	1456850585445	845
2	7	2016-03-02 00:43:05	40069	1456850585463	846
2	7	2016-03-02 00:43:05	40018	1456850585477	847
2	7	2016-03-02 00:43:05	40075	1456850585483	848
1	18	2016-03-02 00:43:05	40019	1456850585797	849
1	22	2016-03-02 00:43:05	40016	1456850585861	850
1	16	2016-03-02 00:43:06	40018	1456850586189	851
2	7	2016-03-02 00:43:06	40005	1456850586257	852
2	7	2016-03-02 00:43:06	40076	1456850586332	853
1	0	2016-03-02 00:43:06	40075	1456850586358	854
2	7	2016-03-02 00:43:06	40123	1456850586469	855
1	9	2016-03-02 00:43:06	40047	1456850586499	856
2	7	2016-03-02 00:43:06	40132	1456850586506	857
2	7	2016-03-02 00:43:06	40015	1456850586745	858
2	7	2016-03-02 00:43:07	40059	1456850587089	859
1	22	2016-03-02 00:43:07	40069	1456850587131	860
1	1	2016-03-02 00:43:07	40059	1456850587217	861
1	5	2016-03-02 00:43:07	40005	1456850587281	862
1	9	2016-03-02 00:43:07	40076	1456850587352	863
1	14	2016-03-02 00:43:07	40123	1456850587424	864
2	7	2016-03-02 00:43:07	40054	1456850587683	865
1	10	2016-03-02 00:43:07	40132	1456850587780	866
2	7	2016-03-02 00:43:07	40136	1456850587792	867
1	12	2016-03-02 00:43:07	40015	1456850587813	868
2	3	2016-03-02 00:43:07	40030	1456850587827	869
1	23	2016-03-02 00:43:07	40054	1456850587986	870
2	7	2016-03-02 00:43:08	40024	1456850588474	871
1	6	2016-03-02 00:43:08	40136	1456850588570	872
2	7	2016-03-02 00:43:08	40138	1456850588590	873
2	7	2016-03-02 00:43:08	40068	1456850588757	874
1	22	2016-03-02 00:43:08	40030	1456850588815	875
1	12	2016-03-02 00:43:09	40024	1456850589078	876
2	7	2016-03-02 00:43:09	40038	1456850589599	877
1	10	2016-03-02 00:43:09	40138	1456850589894	878
2	7	2016-03-02 00:43:09	40063	1456850589989	879
2	7	2016-03-02 00:43:10	40077	1456850590125	880
1	2	2016-03-02 00:43:10	40068	1456850590189	881
2	7	2016-03-02 00:43:10	40067	1456850590419	882
2	7	2016-03-02 00:43:10	40002	1456850590493	883
2	7	2016-03-02 00:43:10	40011	1456850590665	884
1	5	2016-03-02 00:43:10	40077	1456850590666	885
1	10	2016-03-02 00:43:10	40038	1456850590747	886
1	23	2016-03-02 00:43:10	40063	1456850590943	887
1	4	2016-03-02 00:43:11	40002	1456850591061	888
1	11	2016-03-02 00:43:11	40067	1456850591183	889
1	14	2016-03-02 00:43:11	40011	1456850591217	890
2	3	2016-03-02 00:43:11	40038	1456850591305	891
2	7	2016-03-02 00:43:11	40034	1456850591693	892
2	7	2016-03-02 00:43:11	40046	1456850591753	893
2	7	2016-03-02 00:43:12	40033	1456850592021	894
1	19	2016-03-02 00:43:12	40033	1456850592563	895
1	24	2016-03-02 00:43:12	40038	1456850592644	896
1	0	2016-03-02 00:43:12	40046	1456850592694	897
1	4	2016-03-02 00:43:12	40034	1456850592760	898
2	7	2016-03-02 00:43:13	40016	1456850593886	899
2	7	2016-03-02 00:43:13	40069	1456850593902	900
2	7	2016-03-02 00:43:14	40027	1456850594359	901
1	26	2016-03-02 00:43:14	40069	1456850594363	902
1	18	2016-03-02 00:43:14	40027	1456850594661	903
2	7	2016-03-02 00:43:14	40076	1456850594759	904
1	1	2016-03-02 00:43:14	40016	1456850594813	905
2	7	2016-03-02 00:43:15	40005	1456850595069	906
2	7	2016-03-02 00:43:15	40015	1456850595461	907
1	5	2016-03-02 00:43:15	40005	1456850595717	908
1	5	2016-03-02 00:43:15	40015	1456850595717	909
2	7	2016-03-02 00:43:15	40059	1456850595783	910
2	7	2016-03-02 00:43:16	40054	1456850596119	911
1	7	2016-03-02 00:43:16	40059	1456850596182	912
1	12	2016-03-02 00:43:16	40076	1456850596256	913
2	3	2016-03-02 00:43:16	40015	1456850596321	914
2	7	2016-03-02 00:43:16	40045	1456850596881	915
2	7	2016-03-02 00:43:16	40024	1456850596977	916
2	7	2016-03-02 00:43:17	40138	1456850597034	917
1	12	2016-03-02 00:43:17	40015	1456850597093	918
2	7	2016-03-02 00:43:17	40068	1456850597272	919
1	3	2016-03-02 00:43:17	40054	1456850597379	920
1	2	2016-03-02 00:43:17	40068	1456850597782	921
2	7	2016-03-02 00:43:17	40120	1456850597808	922
1	4	2016-03-02 00:43:17	40138	1456850597813	923
1	4	2016-03-02 00:43:17	40024	1456850597819	924
2	7	2016-03-02 00:43:18	40060	1456850598102	925
1	23	2016-03-02 00:43:18	40045	1456850598107	926
1	25	2016-03-02 00:43:18	40060	1456850598564	927
2	7	2016-03-02 00:43:18	40077	1456850598564	928
2	7	2016-03-02 00:43:18	40063	1456850598677	929
1	5	2016-03-02 00:43:18	40120	1456850598682	930
2	7	2016-03-02 00:43:18	40002	1456850598929	931
2	7	2016-03-02 00:43:19	40011	1456850599101	932
1	7	2016-03-02 00:43:19	40063	1456850599122	933
2	7	2016-03-02 00:43:19	40017	1456850599181	934
1	15	2016-03-02 00:43:19	40077	1456850599249	935
1	7	2016-03-02 00:43:19	40017	1456850599545	936
2	7	2016-03-02 00:43:19	40035	1456850599817	937
1	15	2016-03-02 00:43:20	40011	1456850600093	938
1	15	2016-03-02 00:43:20	40035	1456850600103	939
2	7	2016-03-02 00:43:20	40067	1456850600128	940
2	7	2016-03-02 00:43:20	40034	1456850600133	941
2	7	2016-03-02 00:43:20	40038	1456850600153	942
1	21	2016-03-02 00:43:20	40002	1456850600185	943
2	7	2016-03-02 00:43:20	40046	1456850600190	944
1	2	2016-03-02 00:43:20	40034	1456850600325	945
2	7	2016-03-02 00:43:20	40033	1456850600461	946
2	3	2016-03-02 00:43:20	40035	1456850600548	947
2	3	2016-03-02 00:43:20	40011	1456850600709	948
1	3	2016-03-02 00:43:20	40067	1456850600748	949
2	7	2016-03-02 00:43:20	40135	1456850600828	950
1	15	2016-03-02 00:43:20	40046	1456850600939	951
2	7	2016-03-02 00:43:20	40001	1456850600963	952
2	7	2016-03-02 00:43:21	40040	1456850601180	953
2	7	2016-03-02 00:43:21	40047	1456850601204	954
1	8	2016-03-02 00:43:21	40038	1456850601253	955
1	18	2016-03-02 00:43:21	40135	1456850601418	956
2	3	2016-03-02 00:43:21	40123	1456850601448	957
1	11	2016-03-02 00:43:21	40033	1456850601719	958
1	12	2016-03-02 00:43:21	40001	1456850601733	959
1	24	2016-03-02 00:43:21	40040	1456850601929	960
1	24	2016-03-02 00:43:21	40035	1456850601932	961
1	13	2016-03-02 00:43:22	40011	1456850602169	962
1	21	2016-03-02 00:43:22	40123	1456850602307	963
2	7	2016-03-02 00:43:22	40016	1456850602321	964
1	26	2016-03-02 00:43:22	40047	1456850602381	965
2	3	2016-03-02 00:43:22	40011	1456850602649	966
2	3	2016-03-02 00:43:22	40003	1456850602725	967
2	7	2016-03-02 00:43:22	40027	1456850602786	968
2	7	2016-03-02 00:43:23	40076	1456850603202	969
1	4	2016-03-02 00:43:23	40011	1456850603297	970
2	3	2016-03-02 00:43:23	40077	1456850603310	971
1	8	2016-03-02 00:43:23	40003	1456850603357	972
1	11	2016-03-02 00:43:23	40016	1456850603405	973
2	7	2016-03-02 00:43:23	40005	1456850603509	974
1	1	2016-03-02 00:43:23	40027	1456850603677	975
1	8	2016-03-02 00:43:23	40076	1456850603791	976
2	7	2016-03-02 00:43:24	40037	1456850604080	977
1	5	2016-03-02 00:43:24	40077	1456850604154	978
1	17	2016-03-02 00:43:24	40005	1456850604349	979
2	7	2016-03-02 00:43:24	40059	1456850604382	980
2	7	2016-03-02 00:43:24	40054	1456850604556	981
1	10	2016-03-02 00:43:24	40037	1456850604653	982
2	7	2016-03-02 00:43:25	40128	1456850605056	983
2	7	2016-03-02 00:43:25	40015	1456850605166	984
1	0	2016-03-02 00:43:25	40059	1456850605353	985
2	7	2016-03-02 00:43:25	40024	1456850605416	986
1	17	2016-03-02 00:43:25	40054	1456850605608	987
2	7	2016-03-02 00:43:25	40045	1456850605628	988
1	0	2016-03-02 00:43:25	40024	1456850605766	989
1	1	2016-03-02 00:43:25	40128	1456850605789	990
1	23	2016-03-02 00:43:26	40045	1456850606122	991
1	5	2016-03-02 00:43:26	40015	1456850606685	992
2	7	2016-03-02 00:43:27	40002	1456850607369	993
2	7	2016-03-02 00:43:27	40019	1456850607369	994
1	14	2016-03-02 00:43:27	40019	1456850607669	995
1	2	2016-03-02 00:43:27	40002	1456850607905	996
2	7	2016-03-02 00:43:28	40138	1456850608419	997
2	7	2016-03-02 00:43:28	40038	1456850608594	998
2	7	2016-03-02 00:43:28	40046	1456850608786	999
2	7	2016-03-02 00:43:29	40035	1456850609136	1000
1	9	2016-03-02 00:43:29	40138	1456850609280	1001
1	13	2016-03-02 00:43:29	40035	1456850609342	1002
1	1	2016-03-02 00:43:29	40038	1456850609575	1003
2	7	2016-03-02 00:43:29	40047	1456850609638	1004
1	23	2016-03-02 00:43:29	40046	1456850609918	1005
1	9	2016-03-02 00:43:30	40047	1456850610546	1006
2	7	2016-03-02 00:43:30	40016	1456850610757	1007
2	3	2016-03-02 00:43:31	40064	1456850611108	1008
2	7	2016-03-02 00:43:31	40123	1456850611365	1009
1	13	2016-03-02 00:43:31	40064	1456850611457	1010
2	7	2016-03-02 00:43:31	40076	1456850611644	1011
2	7	2016-03-02 00:43:31	40033	1456850611752	1012
2	7	2016-03-02 00:43:31	40063	1456850611789	1013
1	11	2016-03-02 00:43:31	40016	1456850611841	1014
2	7	2016-03-02 00:43:32	40005	1456850612009	1015
2	7	2016-03-02 00:43:32	40077	1456850612052	1016
2	7	2016-03-02 00:43:32	40136	1456850612261	1017
1	12	2016-03-02 00:43:32	40076	1456850612281	1018
1	12	2016-03-02 00:43:32	40123	1456850612290	1019
2	7	2016-03-02 00:43:32	40037	1456850612519	1020
2	7	2016-03-02 00:43:32	40058	1456850612534	1021
1	8	2016-03-02 00:43:32	40136	1456850612643	1022
1	16	2016-03-02 00:43:32	40063	1456850612776	1023
2	7	2016-03-02 00:43:32	40059	1456850612821	1024
2	3	2016-03-02 00:43:32	40123	1456850612940	1025
2	7	2016-03-02 00:43:32	40054	1456850612992	1026
1	6	2016-03-02 00:43:33	40033	1456850613042	1027
1	10	2016-03-02 00:43:33	40058	1456850613092	1028
1	13	2016-03-02 00:43:33	40077	1456850613151	1029
1	15	2016-03-02 00:43:33	40005	1456850613169	1030
1	7	2016-03-02 00:43:33	40037	1456850613474	1031
1	7	2016-03-02 00:43:33	40059	1456850613474	1032
2	7	2016-03-02 00:43:33	40015	1456850613601	1033
1	21	2016-03-02 00:43:33	40123	1456850613689	1034
2	7	2016-03-02 00:43:33	40024	1456850613998	1035
1	17	2016-03-02 00:43:34	40054	1456850614044	1036
1	3	2016-03-02 00:43:34	40015	1456850614249	1037
1	0	2016-03-02 00:43:35	40024	1456850615047	1038
2	3	2016-03-02 00:43:35	40037	1456850615098	1039
2	7	2016-03-02 00:43:35	40007	1456850615365	1040
2	7	2016-03-02 00:43:35	40019	1456850615805	1041
2	7	2016-03-02 00:43:35	40002	1456850615805	1042
2	7	2016-03-02 00:43:36	40067	1456850616154	1043
1	17	2016-03-02 00:43:36	40007	1456850616158	1044
1	17	2016-03-02 00:43:36	40037	1456850616164	1045
2	7	2016-03-02 00:43:36	40008	1456850616306	1046
1	8	2016-03-02 00:43:36	40002	1456850616437	1047
1	22	2016-03-02 00:43:36	40008	1456850616658	1048
2	7	2016-03-02 00:43:36	40138	1456850616863	1049
1	11	2016-03-02 00:43:36	40067	1456850616918	1050
1	16	2016-03-02 00:43:36	40019	1456850616981	1051
2	7	2016-03-02 00:43:37	40046	1456850617222	1052
2	7	2016-03-02 00:43:37	40120	1456850617643	1053
2	3	2016-03-02 00:43:37	40077	1456850617832	1054
1	21	2016-03-02 00:43:37	40138	1456850617913	1055
1	23	2016-03-02 00:43:37	40046	1456850617940	1056
2	7	2016-03-02 00:43:37	40072	1456850617945	1057
2	7	2016-03-02 00:43:38	40071	1456850618160	1058
1	14	2016-03-02 00:43:38	40077	1456850618230	1059
2	7	2016-03-02 00:43:38	40047	1456850618296	1060
1	7	2016-03-02 00:43:38	40072	1456850618534	1061
2	3	2016-03-02 00:43:38	40123	1456850618751	1062
1	22	2016-03-02 00:43:38	40120	1456850618771	1063
1	26	2016-03-02 00:43:38	40047	1456850618837	1064
2	7	2016-03-02 00:43:38	40124	1456850618987	1065
1	15	2016-03-02 00:43:39	40071	1456850619084	1066
1	17	2016-03-02 00:43:39	40123	1456850619117	1067
2	7	2016-03-02 00:43:39	40016	1456850619193	1068
2	7	2016-03-02 00:43:39	40132	1456850619450	1069
2	7	2016-03-02 00:43:39	40038	1456850619555	1070
1	20	2016-03-02 00:43:40	40124	1456850620005	1071
2	7	2016-03-02 00:43:40	40076	1456850620071	1072
2	7	2016-03-02 00:43:40	40033	1456850620192	1073
1	5	2016-03-02 00:43:40	40038	1456850620192	1074
2	7	2016-03-02 00:43:40	40130	1456850620245	1075
2	7	2016-03-02 00:43:40	40005	1456850620445	1076
2	7	2016-03-02 00:43:40	40063	1456850620477	1077
1	24	2016-03-02 00:43:40	40016	1456850620481	1078
1	6	2016-03-02 00:43:40	40033	1456850620622	1079
1	10	2016-03-02 00:43:40	40132	1456850620692	1080
2	7	2016-03-02 00:43:40	40136	1456850620698	1081
1	26	2016-03-02 00:43:40	40130	1456850620946	1082
1	14	2016-03-02 00:43:41	40005	1456850621169	1083
2	7	2016-03-02 00:43:41	40059	1456850621261	1084
2	7	2016-03-02 00:43:41	40045	1456850621322	1085
2	7	2016-03-02 00:43:41	40058	1456850621325	1086
2	7	2016-03-02 00:43:41	40054	1456850621428	1087
1	19	2016-03-02 00:43:41	40136	1456850621684	1088
1	22	2016-03-02 00:43:41	40076	1456850621728	1089
1	0	2016-03-02 00:43:41	40059	1456850621802	1090
1	2	2016-03-02 00:43:41	40058	1456850621835	1091
1	3	2016-03-02 00:43:41	40063	1456850621846	1092
1	3	2016-03-02 00:43:41	40045	1456850621848	1093
2	7	2016-03-02 00:43:42	40015	1456850622273	1094
2	7	2016-03-02 00:43:42	40024	1456850622438	1095
2	3	2016-03-02 00:43:42	40076	1456850622492	1096
2	3	2016-03-02 00:43:42	40058	1456850622695	1097
1	7	2016-03-02 00:43:42	40054	1456850622751	1098
1	11	2016-03-02 00:43:43	40015	1456850623233	1099
1	23	2016-03-02 00:43:43	40058	1456850623428	1100
2	7	2016-03-02 00:43:43	40037	1456850623536	1101
1	9	2016-03-02 00:43:43	40024	1456850623630	1102
2	7	2016-03-02 00:43:44	40135	1456850624029	1103
2	7	2016-03-02 00:43:44	40080	1456850624030	1104
2	7	2016-03-02 00:43:44	40002	1456850624241	1105
2	7	2016-03-02 00:43:44	40019	1456850624242	1106
1	1	2016-03-02 00:43:44	40037	1456850624348	1107
1	5	2016-03-02 00:43:44	40076	1456850624404	1108
1	12	2016-03-02 00:43:44	40135	1456850624523	1109
1	15	2016-03-02 00:43:44	40080	1456850624572	1110
2	7	2016-03-02 00:43:44	40011	1456850624833	1111
1	20	2016-03-02 00:43:45	40019	1456850625065	1112
1	10	2016-03-02 00:43:45	40002	1456850625325	1113
2	3	2016-03-02 00:43:45	40036	1456850625651	1114
1	10	2016-03-02 00:43:45	40011	1456850625749	1115
2	7	2016-03-02 00:43:45	40046	1456850625913	1116
1	21	2016-03-02 00:43:45	40036	1456850625921	1117
2	7	2016-03-02 00:43:46	40118	1456850626399	1118
2	7	2016-03-02 00:43:46	40077	1456850626399	1119
1	26	2016-03-02 00:43:46	40046	1456850626424	1120
2	3	2016-03-02 00:43:46	40002	1456850626693	1121
2	7	2016-03-02 00:43:46	40047	1456850626730	1122
1	26	2016-03-02 00:43:47	40118	1456850627274	1123
1	4	2016-03-02 00:43:47	40002	1456850627341	1124
1	8	2016-03-02 00:43:47	40047	1456850627415	1125
2	7	2016-03-02 00:43:47	40008	1456850627537	1126
1	22	2016-03-02 00:43:47	40077	1456850627626	1127
2	7	2016-03-02 00:43:47	40016	1456850627633	1128
2	7	2016-03-02 00:43:48	40001	1456850628381	1129
1	18	2016-03-02 00:43:48	40008	1456850628405	1130
2	3	2016-03-02 00:43:48	40130	1456850628526	1131
2	3	2016-03-02 00:43:48	40037	1456850628551	1132
2	7	2016-03-02 00:43:48	40067	1456850628632	1133
2	7	2016-03-02 00:43:48	40010	1456850628633	1134
2	7	2016-03-02 00:43:48	40017	1456850628709	1135
2	7	2016-03-02 00:43:48	40005	1456850628881	1136
1	22	2016-03-02 00:43:48	40016	1456850628889	1137
2	7	2016-03-02 00:43:48	40063	1456850628991	1138
1	24	2016-03-02 00:43:49	40037	1456850629347	1139
1	26	2016-03-02 00:43:49	40001	1456850629373	1140
1	2	2016-03-02 00:43:49	40067	1456850629427	1141
2	7	2016-03-02 00:43:49	40059	1456850629700	1142
1	23	2016-03-02 00:43:49	40063	1456850629755	1143
1	24	2016-03-02 00:43:49	40010	1456850629766	1144
1	26	2016-03-02 00:43:49	40130	1456850629800	1145
2	7	2016-03-02 00:43:49	40054	1456850629864	1146
1	7	2016-03-02 00:43:49	40005	1456850629921	1147
2	3	2016-03-02 00:43:49	40008	1456850629973	1148
1	11	2016-03-02 00:43:50	40017	1456850630021	1149
2	3	2016-03-02 00:43:50	40083	1456850630050	1150
1	0	2016-03-02 00:43:50	40054	1456850630231	1151
1	7	2016-03-02 00:43:50	40059	1456850630767	1152
1	8	2016-03-02 00:43:50	40083	1456850630783	1153
2	7	2016-03-02 00:43:50	40024	1456850630877	1154
2	7	2016-03-02 00:43:51	40076	1456850631031	1155
1	12	2016-03-02 00:43:51	40008	1456850631265	1156
1	13	2016-03-02 00:43:51	40024	1456850631703	1157
2	7	2016-03-02 00:43:52	40124	1456850632060	1158
1	18	2016-03-02 00:43:52	40076	1456850632209	1159
2	7	2016-03-02 00:43:52	40066	1456850632343	1160
2	7	2016-03-02 00:43:52	40135	1456850632459	1161
2	7	2016-03-02 00:43:52	40019	1456850632677	1162
1	1	2016-03-02 00:43:52	40066	1456850632788	1163
1	4	2016-03-02 00:43:52	40124	1456850632823	1164
1	12	2016-03-02 00:43:52	40019	1456850632949	1165
2	7	2016-03-02 00:43:53	40015	1456850633333	1166
1	7	2016-03-02 00:43:53	40135	1456850633718	1167
2	3	2016-03-02 00:43:54	40130	1456850634004	1168
2	7	2016-03-02 00:43:54	40046	1456850634350	1169
1	12	2016-03-02 00:43:54	40046	1456850634637	1170
1	16	2016-03-02 00:43:54	40130	1456850634705	1171
2	7	2016-03-02 00:43:54	40030	1456850634741	1172
1	19	2016-03-02 00:43:54	40015	1456850634749	1173
2	7	2016-03-02 00:43:54	40077	1456850634839	1174
2	7	2016-03-02 00:43:55	40047	1456850635197	1175
2	7	2016-03-02 00:43:55	40002	1456850635209	1176
2	3	2016-03-02 00:43:55	40054	1456850635270	1177
2	7	2016-03-02 00:43:55	40132	1456850635437	1178
1	15	2016-03-02 00:43:55	40047	1456850635961	1179
1	18	2016-03-02 00:43:56	40030	1456850636000	1180
2	7	2016-03-02 00:43:56	40027	1456850636085	1181
2	7	2016-03-02 00:43:56	40016	1456850636129	1182
1	11	2016-03-02 00:43:56	40077	1456850636320	1183
1	13	2016-03-02 00:43:56	40132	1456850636344	1184
1	17	2016-03-02 00:43:56	40002	1456850636405	1185
1	26	2016-03-02 00:43:56	40054	1456850636546	1186
2	7	2016-03-02 00:43:56	40036	1456850636598	1187
2	3	2016-03-02 00:43:56	40007	1456850636725	1188
2	7	2016-03-02 00:43:56	40001	1456850636817	1189
2	7	2016-03-02 00:43:56	40068	1456850636939	1190
1	0	2016-03-02 00:43:56	40027	1456850636991	1191
2	7	2016-03-02 00:43:57	40037	1456850637021	1192
1	8	2016-03-02 00:43:57	40036	1456850637107	1193
1	11	2016-03-02 00:43:57	40001	1456850637153	1194
1	11	2016-03-02 00:43:57	40016	1456850637153	1195
1	20	2016-03-02 00:43:57	40007	1456850637297	1196
2	7	2016-03-02 00:43:57	40005	1456850637317	1197
2	7	2016-03-02 00:43:57	40063	1456850637441	1198
1	15	2016-03-02 00:43:57	40037	1456850637642	1199
1	22	2016-03-02 00:43:57	40068	1456850637750	1200
2	3	2016-03-02 00:43:57	40016	1456850637833	1201
2	7	2016-03-02 00:43:58	40059	1456850638140	1202
1	23	2016-03-02 00:43:58	40063	1456850638188	1203
1	14	2016-03-02 00:43:58	40005	1456850638465	1204
2	7	2016-03-02 00:43:58	40008	1456850638505	1205
1	5	2016-03-02 00:43:58	40016	1456850638745	1206
1	10	2016-03-02 00:43:58	40059	1456850638824	1207
1	12	2016-03-02 00:43:59	40008	1456850639277	1208
2	7	2016-03-02 00:43:59	40076	1456850639473	1209
2	7	2016-03-02 00:43:59	40024	1456850639586	1210
2	7	2016-03-02 00:43:59	40136	1456850639638	1211
1	12	2016-03-02 00:43:59	40076	1456850639712	1212
2	7	2016-03-02 00:44:00	40124	1456850640489	1213
1	12	2016-03-02 00:44:00	40136	1456850640544	1214
1	17	2016-03-02 00:44:00	40024	1456850640635	1215
2	7	2016-03-02 00:44:00	40135	1456850640904	1216
2	7	2016-03-02 00:44:01	40019	1456850641113	1217
1	23	2016-03-02 00:44:01	40019	1456850641557	1218
1	2	2016-03-02 00:44:01	40135	1456850641653	1219
2	7	2016-03-02 00:44:01	40015	1456850641769	1220
2	3	2016-03-02 00:44:01	40076	1456850641831	1221
1	18	2016-03-02 00:44:01	40124	1456850641904	1222
2	7	2016-03-02 00:44:02	40018	1456850642301	1223
1	26	2016-03-02 00:44:02	40018	1456850642449	1224
2	7	2016-03-02 00:44:02	40056	1456850642533	1225
2	7	2016-03-02 00:44:02	40130	1456850642603	1226
2	7	2016-03-02 00:44:02	40046	1456850642786	1227
1	2	2016-03-02 00:44:02	40015	1456850642917	1228
2	7	2016-03-02 00:44:03	40128	1456850643034	1229
2	7	2016-03-02 00:44:03	40030	1456850643184	1230
1	21	2016-03-02 00:44:03	40130	1456850643224	1231
2	7	2016-03-02 00:44:03	40077	1456850643279	1232
1	3	2016-03-02 00:44:03	40076	1456850643360	1233
1	3	2016-03-02 00:44:03	40046	1456850643360	1234
1	16	2016-03-02 00:44:03	40077	1456850643566	1235
1	16	2016-03-02 00:44:03	40056	1456850643567	1236
2	7	2016-03-02 00:44:03	40047	1456850643631	1237
2	7	2016-03-02 00:44:03	40002	1456850643645	1238
1	3	2016-03-02 00:44:03	40128	1456850643783	1239
2	7	2016-03-02 00:44:03	40054	1456850643786	1240
2	7	2016-03-02 00:44:03	40067	1456850643878	1241
2	3	2016-03-02 00:44:04	40077	1456850644234	1242
1	7	2016-03-02 00:44:04	40030	1456850644267	1243
1	16	2016-03-02 00:44:04	40002	1456850644401	1244
2	3	2016-03-02 00:44:04	40040	1456850644559	1245
1	0	2016-03-02 00:44:04	40067	1456850644579	1246
1	9	2016-03-02 00:44:04	40047	1456850644713	1247
1	13	2016-03-02 00:44:04	40054	1456850644791	1248
2	7	2016-03-02 00:44:04	40034	1456850644851	1249
1	18	2016-03-02 00:44:05	40077	1456850645285	1250
2	7	2016-03-02 00:44:05	40037	1456850645459	1251
1	10	2016-03-02 00:44:05	40034	1456850645583	1252
2	7	2016-03-02 00:44:05	40005	1456850645758	1253
1	11	2016-03-02 00:44:06	40040	1456850646010	1254
1	18	2016-03-02 00:44:06	40037	1456850646128	1255
2	7	2016-03-02 00:44:06	40063	1456850646177	1256
2	7	2016-03-02 00:44:06	40016	1456850646269	1257
1	5	2016-03-02 00:44:06	40063	1456850646352	1258
1	17	2016-03-02 00:44:06	40005	1456850646529	1259
2	7	2016-03-02 00:44:08	40024	1456850648025	1260
1	11	2016-03-02 00:44:08	40016	1456850648121	1261
1	15	2016-03-02 00:44:08	40024	1456850648613	1262
2	3	2016-03-02 00:44:08	40016	1456850648802	1263
2	7	2016-03-02 00:44:08	40124	1456850648934	1264
2	7	2016-03-02 00:44:08	40071	1456850648942	1265
1	19	2016-03-02 00:44:09	40016	1456850649089	1266
2	7	2016-03-02 00:44:09	40080	1456850649419	1267
2	7	2016-03-02 00:44:09	40045	1456850649493	1268
2	7	2016-03-02 00:44:09	40019	1456850649557	1269
1	7	2016-03-02 00:44:09	40124	1456850649745	1270
2	7	2016-03-02 00:44:09	40017	1456850649754	1271
1	9	2016-03-02 00:44:09	40080	1456850649785	1272
1	16	2016-03-02 00:44:09	40071	1456850649898	1273
1	1	2016-03-02 00:44:10	40045	1456850650083	1274
1	5	2016-03-02 00:44:10	40017	1456850650137	1275
2	7	2016-03-02 00:44:10	40015	1456850650209	1276
2	7	2016-03-02 00:44:10	40076	1456850650433	1277
2	7	2016-03-02 00:44:10	40123	1456850650522	1278
2	7	2016-03-02 00:44:10	40059	1456850650735	1279
1	19	2016-03-02 00:44:10	40019	1456850650777	1280
1	2	2016-03-02 00:44:10	40015	1456850650934	1281
2	7	2016-03-02 00:44:11	40130	1456850651043	1282
2	7	2016-03-02 00:44:11	40046	1456850651223	1283
1	0	2016-03-02 00:44:11	40123	1456850651334	1284
1	2	2016-03-02 00:44:11	40059	1456850651356	1285
2	7	2016-03-02 00:44:11	40128	1456850651465	1286
2	7	2016-03-02 00:44:11	40006	1456850651474	1287
2	7	2016-03-02 00:44:11	40030	1456850651627	1288
1	23	2016-03-02 00:44:11	40130	1456850651696	1289
2	7	2016-03-02 00:44:11	40066	1456850651735	1290
1	1	2016-03-02 00:44:11	40128	1456850651767	1291
1	8	2016-03-02 00:44:11	40046	1456850651876	1292
2	7	2016-03-02 00:44:12	40047	1456850652066	1293
2	7	2016-03-02 00:44:12	40002	1456850652082	1294
1	23	2016-03-02 00:44:12	40076	1456850652105	1295
2	7	2016-03-02 00:44:12	40054	1456850652222	1296
1	5	2016-03-02 00:44:12	40006	1456850652246	1297
1	10	2016-03-02 00:44:12	40002	1456850652326	1298
1	15	2016-03-02 00:44:12	40066	1456850652403	1299
2	3	2016-03-02 00:44:12	40017	1456850652630	1300
1	7	2016-03-02 00:44:12	40030	1456850652710	1301
1	23	2016-03-02 00:44:12	40017	1456850652949	1302
1	24	2016-03-02 00:44:12	40047	1456850652973	1303
2	7	2016-03-02 00:44:13	40077	1456850653072	1304
1	9	2016-03-02 00:44:13	40054	1456850653163	1305
2	7	2016-03-02 00:44:13	40007	1456850653334	1306
1	14	2016-03-02 00:44:14	40077	1456850654075	1307
1	16	2016-03-02 00:44:14	40007	1456850654106	1308
2	7	2016-03-02 00:44:14	40005	1456850654194	1309
2	7	2016-03-02 00:44:14	40063	1456850654626	1310
1	14	2016-03-02 00:44:14	40005	1456850654918	1311
2	3	2016-03-02 00:44:15	40123	1456850655489	1312
2	7	2016-03-02 00:44:15	40118	1456850655518	1313
1	8	2016-03-02 00:44:15	40063	1456850655676	1314
2	7	2016-03-02 00:44:16	40075	1456850656339	1315
1	24	2016-03-02 00:44:16	40118	1456850656346	1316
1	0	2016-03-02 00:44:16	40123	1456850656810	1317
2	7	2016-03-02 00:44:16	40024	1456850656814	1318
1	17	2016-03-02 00:44:17	40024	1456850657084	1319
2	7	2016-03-02 00:44:17	40016	1456850657382	1320
1	12	2016-03-02 00:44:17	40075	1456850657421	1321
1	22	2016-03-02 00:44:17	40016	1456850657574	1322
2	7	2016-03-02 00:44:17	40045	1456850657938	1323
1	3	2016-03-02 00:44:18	40045	1456850658543	1324
2	7	2016-03-02 00:44:18	40015	1456850658646	1325
2	7	2016-03-02 00:44:18	40076	1456850658891	1326
1	3	2016-03-02 00:44:18	40015	1456850658966	1327
2	7	2016-03-02 00:44:19	40059	1456850659174	1328
2	7	2016-03-02 00:44:19	40048	1456850659638	1329
2	7	2016-03-02 00:44:19	40046	1456850659659	1330
1	7	2016-03-02 00:44:19	40059	1456850659875	1331
1	12	2016-03-02 00:44:19	40046	1456850659962	1332
2	7	2016-03-02 00:44:20	40058	1456850660360	1333
1	15	2016-03-02 00:44:20	40076	1456850660420	1334
2	7	2016-03-02 00:44:20	40070	1456850660494	1335
2	7	2016-03-02 00:44:20	40047	1456850660516	1336
2	7	2016-03-02 00:44:20	40002	1456850660522	1337
2	7	2016-03-02 00:44:20	40054	1456850660674	1338
2	7	2016-03-02 00:44:20	40120	1456850660714	1339
1	12	2016-03-02 00:44:20	40048	1456850660799	1340
2	7	2016-03-02 00:44:20	40008	1456850660866	1341
1	20	2016-03-02 00:44:20	40058	1456850660918	1342
1	24	2016-03-02 00:44:20	40047	1456850660994	1343
1	5	2016-03-02 00:44:21	40070	1456850661114	1344
1	10	2016-03-02 00:44:21	40120	1456850661191	1345
2	7	2016-03-02 00:44:21	40037	1456850661444	1346
2	7	2016-03-02 00:44:21	40077	1456850661512	1347
1	17	2016-03-02 00:44:21	40002	1456850661718	1348
1	5	2016-03-02 00:44:21	40008	1456850661950	1349
1	20	2016-03-02 00:44:22	40077	1456850662197	1350
2	3	2016-03-02 00:44:22	40008	1456850662458	1351
1	13	2016-03-02 00:44:22	40054	1456850662508	1352
2	7	2016-03-02 00:44:22	40005	1456850662630	1353
1	16	2016-03-02 00:44:22	40037	1456850662972	1354
2	7	2016-03-02 00:44:23	40063	1456850663060	1355
1	18	2016-03-02 00:44:23	40008	1456850663418	1356
1	24	2016-03-02 00:44:23	40005	1456850663514	1357
2	7	2016-03-02 00:44:23	40011	1456850663646	1358
1	14	2016-03-02 00:44:23	40063	1456850663776	1359
2	7	2016-03-02 00:44:23	40019	1456850663898	1360
1	26	2016-03-02 00:44:23	40019	1456850663966	1361
2	7	2016-03-02 00:44:24	40075	1456850664792	1362
1	19	2016-03-02 00:44:25	40011	1456850665122	1363
2	7	2016-03-02 00:44:25	40024	1456850665237	1364
1	12	2016-03-02 00:44:25	40075	1456850665444	1365
2	7	2016-03-02 00:44:25	40016	1456850665898	1366
1	22	2016-03-02 00:44:26	40024	1456850666016	1367
2	7	2016-03-02 00:44:26	40045	1456850666367	1368
2	7	2016-03-02 00:44:26	40068	1456850666943	1369
1	2	2016-03-02 00:44:26	40045	1456850666972	1370
1	14	2016-03-02 00:44:27	40016	1456850667158	1371
2	7	2016-03-02 00:44:27	40076	1456850667318	1372
2	7	2016-03-02 00:44:27	40123	1456850667586	1373
2	7	2016-03-02 00:44:27	40059	1456850667598	1374
2	7	2016-03-02 00:44:28	40048	1456850668050	1375
1	9	2016-03-02 00:44:28	40059	1456850668346	1376
1	15	2016-03-02 00:44:28	40076	1456850668433	1377
1	23	2016-03-02 00:44:28	40048	1456850668559	1378
1	11	2016-03-02 00:44:28	40123	1456850668796	1379
2	7	2016-03-02 00:44:28	40070	1456850668926	1380
2	7	2016-03-02 00:44:28	40047	1456850668951	1381
2	7	2016-03-02 00:44:28	40002	1456850668959	1382
2	7	2016-03-02 00:44:29	40015	1456850669022	1383
2	7	2016-03-02 00:44:29	40054	1456850669110	1384
1	8	2016-03-02 00:44:29	40068	1456850669171	1385
1	8	2016-03-02 00:44:29	40047	1456850669173	1386
2	7	2016-03-02 00:44:29	40120	1456850669567	1387
1	10	2016-03-02 00:44:29	40002	1456850669622	1388
1	11	2016-03-02 00:44:29	40070	1456850669642	1389
1	17	2016-03-02 00:44:29	40054	1456850669732	1390
2	7	2016-03-02 00:44:29	40037	1456850669882	1391
1	1	2016-03-02 00:44:29	40015	1456850669902	1392
1	14	2016-03-02 00:44:30	40120	1456850670536	1393
1	1	2016-03-02 00:44:30	40037	1456850670758	1394
2	7	2016-03-02 00:44:31	40005	1456850671066	1395
2	7	2016-03-02 00:44:31	40018	1456850671098	1396
2	7	2016-03-02 00:44:31	40046	1456850671221	1397
2	7	2016-03-02 00:44:31	40035	1456850671234	1398
1	22	2016-03-02 00:44:31	40046	1456850671508	1399
2	7	2016-03-02 00:44:31	40056	1456850671643	1400
2	7	2016-03-02 00:44:31	40063	1456850671812	1401
2	7	2016-03-02 00:44:32	40011	1456850672082	1402
1	12	2016-03-02 00:44:32	40035	1456850672189	1403
1	13	2016-03-02 00:44:32	40005	1456850672198	1404
1	20	2016-03-02 00:44:32	40018	1456850672311	1405
2	7	2016-03-02 00:44:32	40019	1456850672334	1406
1	16	2016-03-02 00:44:33	40056	1456850673091	1407
1	19	2016-03-02 00:44:33	40011	1456850673138	1408
1	21	2016-03-02 00:44:33	40019	1456850673170	1409
1	0	2016-03-02 00:44:33	40063	1456850673260	1410
2	3	2016-03-02 00:44:33	40068	1456850673660	1411
2	7	2016-03-02 00:44:33	40024	1456850673676	1412
1	15	2016-03-02 00:44:33	40024	1456850673931	1413
1	14	2016-03-02 00:44:34	40068	1456850674329	1414
2	7	2016-03-02 00:44:34	40016	1456850674334	1415
2	7	2016-03-02 00:44:34	40008	1456850674366	1416
1	25	2016-03-02 00:44:34	40008	1456850674918	1417
2	7	2016-03-02 00:44:35	40136	1456850675071	1418
2	7	2016-03-02 00:44:35	40058	1456850675123	1419
1	22	2016-03-02 00:44:35	40016	1456850675294	1420
2	7	2016-03-02 00:44:35	40076	1456850675761	1421
2	7	2016-03-02 00:44:36	40123	1456850676023	1422
1	18	2016-03-02 00:44:36	40136	1456850676079	1423
2	7	2016-03-02 00:44:36	40034	1456850676079	1424
2	7	2016-03-02 00:44:36	40006	1456850676082	1425
2	7	2016-03-02 00:44:36	40045	1456850676389	1426
1	12	2016-03-02 00:44:36	40058	1456850676414	1427
1	22	2016-03-02 00:44:36	40034	1456850676557	1428
2	7	2016-03-02 00:44:36	40059	1456850676754	1429
2	7	2016-03-02 00:44:36	40135	1456850676757	1430
1	15	2016-03-02 00:44:36	40076	1456850676876	1431
1	18	2016-03-02 00:44:36	40006	1456850676918	1432
2	7	2016-03-02 00:44:37	40070	1456850677375	1433
2	7	2016-03-02 00:44:37	40047	1456850677385	1434
2	7	2016-03-02 00:44:37	40002	1456850677394	1435
1	22	2016-03-02 00:44:37	40123	1456850677407	1436
2	7	2016-03-02 00:44:37	40054	1456850677547	1437
1	6	2016-03-02 00:44:37	40135	1456850677586	1438
1	9	2016-03-02 00:44:37	40059	1456850677629	1439
2	7	2016-03-02 00:44:37	40015	1456850677770	1440
1	19	2016-03-02 00:44:37	40002	1456850677778	1441
1	20	2016-03-02 00:44:37	40047	1456850677799	1442
1	21	2016-03-02 00:44:37	40070	1456850677821	1443
1	1	2016-03-02 00:44:37	40045	1456850677918	1444
2	3	2016-03-02 00:44:38	40002	1456850678222	1445
2	7	2016-03-02 00:44:38	40077	1456850678296	1446
2	7	2016-03-02 00:44:38	40037	1456850678320	1447
1	23	2016-03-02 00:44:38	40015	1456850678682	1448
1	6	2016-03-02 00:44:38	40002	1456850678842	1449
1	10	2016-03-02 00:44:39	40037	1456850679323	1450
1	13	2016-03-02 00:44:39	40054	1456850679380	1451
2	7	2016-03-02 00:44:39	40005	1456850679506	1452
1	2	2016-03-02 00:44:39	40077	1456850679633	1453
2	7	2016-03-02 00:44:39	40035	1456850679981	1454
2	7	2016-03-02 00:44:40	40056	1456850680078	1455
1	13	2016-03-02 00:44:40	40005	1456850680214	1456
2	7	2016-03-02 00:44:40	40046	1456850680343	1457
2	7	2016-03-02 00:44:40	40033	1456850680371	1458
2	7	2016-03-02 00:44:40	40063	1456850680393	1459
1	26	2016-03-02 00:44:40	40035	1456850680840	1460
1	10	2016-03-02 00:44:41	40046	1456850681013	1461
1	16	2016-03-02 00:44:41	40033	1456850681104	1462
1	3	2016-03-02 00:44:41	40063	1456850681328	1463
2	3	2016-03-02 00:44:41	40033	1456850681598	1464
1	22	2016-03-02 00:44:41	40056	1456850681622	1465
1	21	2016-03-02 00:44:42	40033	1456850682028	1466
2	7	2016-03-02 00:44:42	40024	1456850682116	1467
1	2	2016-03-02 00:44:42	40024	1456850682577	1468
2	7	2016-03-02 00:44:42	40016	1456850682770	1469
2	7	2016-03-02 00:44:43	40008	1456850683050	1470
2	3	2016-03-02 00:44:43	40046	1456850683310	1471
2	7	2016-03-02 00:44:43	40136	1456850683509	1472
2	7	2016-03-02 00:44:43	40058	1456850683564	1473
1	12	2016-03-02 00:44:43	40008	1456850683574	1474
1	22	2016-03-02 00:44:43	40016	1456850683730	1475
2	7	2016-03-02 00:44:44	40076	1456850684203	1476
1	3	2016-03-02 00:44:44	40046	1456850684282	1477
1	10	2016-03-02 00:44:44	40058	1456850684392	1478
1	10	2016-03-02 00:44:44	40136	1456850684398	1479
2	7	2016-03-02 00:44:44	40123	1456850684459	1480
2	7	2016-03-02 00:44:44	40045	1456850684929	1481
1	15	2016-03-02 00:44:45	40076	1456850685318	1482
1	22	2016-03-02 00:44:45	40123	1456850685430	1483
1	15	2016-03-02 00:44:45	40045	1456850685742	1484
2	7	2016-03-02 00:44:45	40070	1456850685808	1485
2	7	2016-03-02 00:44:45	40059	1456850685814	1486
2	7	2016-03-02 00:44:45	40071	1456850685826	1487
2	7	2016-03-02 00:44:45	40054	1456850685983	1488
2	7	2016-03-02 00:44:46	40015	1456850686206	1489
2	7	2016-03-02 00:44:46	40002	1456850686662	1490
2	7	2016-03-02 00:44:46	40077	1456850686735	1491
1	1	2016-03-02 00:44:46	40071	1456850686781	1492
1	2	2016-03-02 00:44:46	40059	1456850686801	1493
2	7	2016-03-02 00:44:46	40037	1456850686806	1494
1	16	2016-03-02 00:44:47	40054	1456850687019	1495
1	17	2016-03-02 00:44:47	40070	1456850687033	1496
2	7	2016-03-02 00:44:47	40038	1456850687054	1497
1	7	2016-03-02 00:44:47	40015	1456850687295	1498
1	16	2016-03-02 00:44:47	40037	1456850687443	1499
1	24	2016-03-02 00:44:47	40038	1456850687564	1500
1	4	2016-03-02 00:44:47	40002	1456850687666	1501
2	7	2016-03-02 00:44:47	40005	1456850687942	1502
2	7	2016-03-02 00:44:48	40119	1456850688240	1503
1	17	2016-03-02 00:44:48	40005	1456850688294	1504
1	23	2016-03-02 00:44:48	40077	1456850688391	1505
2	7	2016-03-02 00:44:48	40056	1456850688513	1506
2	7	2016-03-02 00:44:48	40063	1456850688823	1507
1	16	2016-03-02 00:44:49	40063	1456850689125	1508
1	17	2016-03-02 00:44:49	40119	1456850689560	1509
1	17	2016-03-02 00:44:49	40056	1456850689564	1510
2	7	2016-03-02 00:44:49	40019	1456850689630	1511
2	7	2016-03-02 00:44:50	40033	1456850690070	1512
2	7	2016-03-02 00:44:50	40024	1456850690555	1513
1	5	2016-03-02 00:44:50	40033	1456850690643	1514
1	13	2016-03-02 00:44:50	40019	1456850690762	1515
2	7	2016-03-02 00:44:51	40016	1456850691206	1516
1	3	2016-03-02 00:44:51	40024	1456850691461	1517
2	7	2016-03-02 00:44:51	40008	1456850691490	1518
2	7	2016-03-02 00:44:51	40046	1456850691889	1519
1	8	2016-03-02 00:44:51	40008	1456850691950	1520
1	1	2016-03-02 00:44:52	40016	1456850692262	1521
2	7	2016-03-02 00:44:52	40076	1456850692630	1522
1	25	2016-03-02 00:44:52	40046	1456850692639	1523
1	10	2016-03-02 00:44:53	40076	1456850693257	1524
2	7	2016-03-02 00:44:54	40059	1456850694238	1525
2	7	2016-03-02 00:44:54	40054	1456850694419	1526
2	7	2016-03-02 00:44:54	40126	1456850694497	1527
1	18	2016-03-02 00:44:54	40059	1456850694636	1528
1	18	2016-03-02 00:44:54	40126	1456850694640	1529
2	7	2016-03-02 00:44:54	40015	1456850694646	1530
2	7	2016-03-02 00:44:54	40036	1456850694816	1531
2	7	2016-03-02 00:44:55	40002	1456850695114	1532
2	7	2016-03-02 00:44:55	40077	1456850695159	1533
2	3	2016-03-02 00:44:55	40076	1456850695417	1534
1	14	2016-03-02 00:44:55	40036	1456850695420	1535
2	7	2016-03-02 00:44:55	40038	1456850695487	1536
1	22	2016-03-02 00:44:55	40015	1456850695542	1537
2	7	2016-03-02 00:44:55	40010	1456850695706	1538
1	6	2016-03-02 00:44:55	40002	1456850695714	1539
2	7	2016-03-02 00:44:55	40130	1456850695760	1540
1	26	2016-03-02 00:44:56	40054	1456850696030	1541
1	2	2016-03-02 00:44:56	40077	1456850696083	1542
1	8	2016-03-02 00:44:56	40038	1456850696173	1543
2	7	2016-03-02 00:44:56	40005	1456850696378	1544
1	2	2016-03-02 00:44:56	40130	1456850696508	1545
2	7	2016-03-02 00:44:56	40119	1456850696680	1546
1	15	2016-03-02 00:44:56	40076	1456850696708	1547
2	7	2016-03-02 00:44:56	40067	1456850696733	1548
1	24	2016-03-02 00:44:56	40010	1456850696838	1549
1	24	2016-03-02 00:44:56	40119	1456850696839	1550
2	3	2016-03-02 00:44:56	40008	1456850696894	1551
2	7	2016-03-02 00:44:56	40056	1456850696949	1552
1	10	2016-03-02 00:44:57	40067	1456850697465	1553
2	7	2016-03-02 00:44:57	40063	1456850697527	1554
1	17	2016-03-02 00:44:57	40005	1456850697574	1555
1	3	2016-03-02 00:44:57	40008	1456850697779	1556
2	7	2016-03-02 00:44:57	40071	1456850697998	1557
2	7	2016-03-02 00:44:58	40019	1456850698066	1558
1	21	2016-03-02 00:44:58	40071	1456850698492	1559
2	7	2016-03-02 00:44:58	40033	1456850698558	1560
1	26	2016-03-02 00:44:58	40019	1456850698558	1561
1	5	2016-03-02 00:44:58	40056	1456850698652	1562
2	7	2016-03-02 00:44:58	40024	1456850698994	1563
1	8	2016-03-02 00:44:59	40063	1456850699118	1564
1	12	2016-03-02 00:44:59	40033	1456850699609	1565
2	7	2016-03-02 00:44:59	40016	1456850699646	1566
2	7	2016-03-02 00:44:59	40001	1456850699674	1567
1	24	2016-03-02 00:44:59	40024	1456850699804	1568
1	26	2016-03-02 00:45:00	40016	1456850700246	1569
1	4	2016-03-02 00:45:00	40001	1456850700322	1570
2	7	2016-03-02 00:45:00	40128	1456850700407	1571
2	3	2016-03-02 00:45:00	40016	1456850700690	1572
2	3	2016-03-02 00:45:00	40019	1456850700955	1573
