send	rec	insert_time	motelabMoteID	milli_time	motelabSeqNo
2	2	2016-03-02 01:56:59	40032	1456855019934	1
2	2	2016-03-02 01:56:59	40024	1456855019935	2
1	14	2016-03-02 01:56:59	40002	1456855019937	3
2	2	2016-03-02 01:56:59	40031	1456855019943	4
1	16	2016-03-02 01:56:59	40060	1456855019979	5
2	2	2016-03-02 01:56:59	40066	1456855019985	6
2	2	2016-03-02 01:57:00	40030	1456855020042	7
2	2	2016-03-02 01:57:00	40019	1456855020133	8
2	7	2016-03-02 01:57:00	40034	1456855020153	9
1	6	2016-03-02 01:57:00	40026	1456855020234	10
1	9	2016-03-02 01:57:00	40039	1456855020283	11
2	2	2016-03-02 01:57:00	40017	1456855020289	12
1	11	2016-03-02 01:57:00	40038	1456855020311	13
1	11	2016-03-02 01:57:00	40018	1456855020317	14
2	2	2016-03-02 01:57:00	40011	1456855020334	15
2	2	2016-03-02 01:57:00	40028	1456855020335	16
2	2	2016-03-02 01:57:00	40013	1456855020335	17
2	2	2016-03-02 01:57:00	40007	1456855020335	18
2	2	2016-03-02 01:57:00	40051	1456855020337	19
2	2	2016-03-02 01:57:00	40003	1456855020337	20
2	2	2016-03-02 01:57:00	40027	1456855020355	21
2	2	2016-03-02 01:57:00	40040	1456855020359	22
1	13	2016-03-02 01:57:00	40034	1456855020360	23
2	2	2016-03-02 01:57:00	40080	1456855020373	24
2	7	2016-03-02 01:57:00	40016	1456855020497	25
1	13	2016-03-02 01:57:00	40031	1456855020500	26
1	23	2016-03-02 01:57:00	40013	1456855020501	27
2	2	2016-03-02 01:57:00	40016	1456855020509	28
1	23	2016-03-02 01:57:00	40066	1456855020510	29
1	25	2016-03-02 01:57:00	40014	1456855020533	30
2	7	2016-03-02 01:57:00	40077	1456855020547	31
1	2	2016-03-02 01:57:00	40030	1456855020600	32
1	7	2016-03-02 01:57:00	40027	1456855020673	33
1	7	2016-03-02 01:57:00	40047	1456855020678	34
2	2	2016-03-02 01:57:00	40055	1456855020679	35
2	2	2016-03-02 01:57:00	40058	1456855020683	36
1	8	2016-03-02 01:57:00	40045	1456855020693	37
2	2	2016-03-02 01:57:00	40059	1456855020694	38
2	2	2016-03-02 01:57:00	40034	1456855020694	39
1	9	2016-03-02 01:57:00	40032	1456855020711	40
2	2	2016-03-02 01:57:00	40015	1456855020741	41
2	2	2016-03-02 01:57:00	40025	1456855020746	42
1	15	2016-03-02 01:57:00	40016	1456855020797	43
2	2	2016-03-02 01:57:00	40020	1456855020805	44
2	2	2016-03-02 01:57:00	40006	1456855020806	45
1	17	2016-03-02 01:57:00	40011	1456855020829	46
1	20	2016-03-02 01:57:00	40058	1456855020890	47
2	2	2016-03-02 01:57:00	40056	1456855020894	48
1	23	2016-03-02 01:57:00	40017	1456855020921	49
2	2	2016-03-02 01:57:00	40083	1456855020929	50
2	2	2016-03-02 01:57:00	40001	1456855020961	51
2	2	2016-03-02 01:57:00	40008	1456855020966	52
1	1	2016-03-02 01:57:01	40020	1456855021001	53
1	1	2016-03-02 01:57:01	40007	1456855021002	54
2	7	2016-03-02 01:57:01	40068	1456855021065	55
2	7	2016-03-02 01:57:01	40057	1456855021067	56
1	10	2016-03-02 01:57:01	40003	1456855021141	57
1	13	2016-03-02 01:57:01	40006	1456855021189	58
1	15	2016-03-02 01:57:01	40034	1456855021220	59
1	17	2016-03-02 01:57:01	40019	1456855021249	60
1	17	2016-03-02 01:57:01	40054	1456855021251	61
2	2	2016-03-02 01:57:01	40009	1456855021262	62
2	2	2016-03-02 01:57:01	40004	1456855021263	63
1	23	2016-03-02 01:57:01	40040	1456855021347	64
1	24	2016-03-02 01:57:01	40080	1456855021362	65
2	2	2016-03-02 01:57:01	40064	1456855021366	66
2	2	2016-03-02 01:57:01	40069	1456855021378	67
2	2	2016-03-02 01:57:01	40076	1456855021379	68
1	26	2016-03-02 01:57:01	40008	1456855021393	69
1	26	2016-03-02 01:57:01	40059	1456855021394	70
1	5	2016-03-02 01:57:01	40015	1456855021485	71
2	3	2016-03-02 01:57:01	40020	1456855021493	72
1	6	2016-03-02 01:57:01	40025	1456855021510	73
1	6	2016-03-02 01:57:01	40057	1456855021513	74
1	7	2016-03-02 01:57:01	40077	1456855021534	75
1	11	2016-03-02 01:57:01	40055	1456855021588	76
1	11	2016-03-02 01:57:01	40068	1456855021590	77
1	17	2016-03-02 01:57:01	40001	1456855021673	78
2	2	2016-03-02 01:57:01	40010	1456855021681	79
1	18	2016-03-02 01:57:01	40004	1456855021689	80
1	18	2016-03-02 01:57:01	40056	1456855021690	81
2	2	2016-03-02 01:57:01	40053	1456855021698	82
2	2	2016-03-02 01:57:01	40081	1456855021706	83
1	1	2016-03-02 01:57:01	40051	1456855021842	84
2	2	2016-03-02 01:57:01	40077	1456855021852	85
2	2	2016-03-02 01:57:01	40084	1456855021857	86
2	2	2016-03-02 01:57:01	40068	1456855021861	87
1	2	2016-03-02 01:57:01	40083	1456855021870	88
2	7	2016-03-02 01:57:01	40046	1456855021918	89
1	13	2016-03-02 01:57:01	40024	1456855021953	90
1	9	2016-03-02 01:57:01	40076	1456855021968	91
1	9	2016-03-02 01:57:01	40069	1456855021981	92
2	2	2016-03-02 01:57:01	40072	1456855021985	93
2	2	2016-03-02 01:57:01	40078	1456855021985	94
2	2	2016-03-02 01:57:01	40063	1456855021989	95
2	2	2016-03-02 01:57:01	40075	1456855021990	96
1	14	2016-03-02 01:57:02	40053	1456855022048	97
2	2	2016-03-02 01:57:02	40057	1456855022054	98
2	2	2016-03-02 01:57:02	40046	1456855022061	99
1	16	2016-03-02 01:57:02	40064	1456855022081	100
2	3	2016-03-02 01:57:02	40031	1456855022090	101
2	2	2016-03-02 01:57:02	40012	1456855022101	102
2	3	2016-03-02 01:57:02	40011	1456855022117	103
1	19	2016-03-02 01:57:02	40009	1456855022125	104
2	2	2016-03-02 01:57:02	40067	1456855022132	105
2	7	2016-03-02 01:57:02	40135	1456855022181	106
2	2	2016-03-02 01:57:02	40136	1456855022294	107
2	3	2016-03-02 01:57:02	40024	1456855022366	108
1	13	2016-03-02 01:57:02	40010	1456855022453	109
1	15	2016-03-02 01:57:02	40081	1456855022486	110
1	15	2016-03-02 01:57:02	40077	1456855022489	111
2	3	2016-03-02 01:57:02	40069	1456855022506	112
1	22	2016-03-02 01:57:02	40011	1456855022593	113
1	23	2016-03-02 01:57:02	40075	1456855022611	114
2	3	2016-03-02 01:57:02	40076	1456855022621	115
2	2	2016-03-02 01:57:02	40079	1456855022630	116
1	4	2016-03-02 01:57:02	40068	1456855022736	117
1	4	2016-03-02 01:57:02	40031	1456855022742	118
1	7	2016-03-02 01:57:02	40012	1456855022781	119
1	8	2016-03-02 01:57:02	40067	1456855022801	120
1	10	2016-03-02 01:57:02	40072	1456855022829	121
1	10	2016-03-02 01:57:02	40136	1456855022834	122
2	2	2016-03-02 01:57:02	40118	1456855022837	123
2	2	2016-03-02 01:57:02	40070	1456855022837	124
1	10	2016-03-02 01:57:02	40084	1456855022841	125
2	2	2016-03-02 01:57:02	40120	1456855022842	126
2	2	2016-03-02 01:57:02	40132	1456855022843	127
2	3	2016-03-02 01:57:02	40027	1456855022852	128
1	19	2016-03-02 01:57:02	40078	1456855022972	129
1	20	2016-03-02 01:57:02	40046	1456855022986	130
1	24	2016-03-02 01:57:03	40020	1456855023049	131
1	24	2016-03-02 01:57:03	40135	1456855023058	132
1	0	2016-03-02 01:57:03	40079	1456855023108	133
2	3	2016-03-02 01:57:03	40081	1456855023171	134
1	11	2016-03-02 01:57:03	40028	1456855023210	135
1	9	2016-03-02 01:57:03	40069	1456855023237	136
2	2	2016-03-02 01:57:03	40123	1456855023255	137
1	12	2016-03-02 01:57:03	40057	1456855023280	138
1	20	2016-03-02 01:57:03	40063	1456855023421	139
1	24	2016-03-02 01:57:03	40024	1456855023479	140
2	2	2016-03-02 01:57:03	40117	1456855023480	141
1	25	2016-03-02 01:57:03	40118	1456855023489	142
2	7	2016-03-02 01:57:03	40128	1456855023559	143
1	3	2016-03-02 01:57:03	40070	1456855023569	144
2	2	2016-03-02 01:57:03	40124	1456855023725	145
1	13	2016-03-02 01:57:03	40120	1456855023732	146
1	16	2016-03-02 01:57:03	40081	1456855023777	147
1	21	2016-03-02 01:57:03	40076	1456855023848	148
2	3	2016-03-02 01:57:03	40008	1456855023917	149
2	2	2016-03-02 01:57:03	40135	1456855023918	150
2	2	2016-03-02 01:57:03	40138	1456855023950	151
2	2	2016-03-02 01:57:03	40126	1456855023953	152
2	2	2016-03-02 01:57:04	40085	1456855024002	153
1	4	2016-03-02 01:57:04	40117	1456855024005	154
2	2	2016-03-02 01:57:04	40130	1456855024019	155
1	5	2016-03-02 01:57:04	40123	1456855024026	156
2	2	2016-03-02 01:57:04	40128	1456855024026	157
1	15	2016-03-02 01:57:04	40027	1456855024171	158
1	18	2016-03-02 01:57:04	40135	1456855024221	159
2	2	2016-03-02 01:57:04	40139	1456855024234	160
2	2	2016-03-02 01:57:04	40122	1456855024238	161
2	2	2016-03-02 01:57:04	40131	1456855024239	162
1	21	2016-03-02 01:57:04	40130	1456855024274	163
1	22	2016-03-02 01:57:04	40132	1456855024292	164
1	23	2016-03-02 01:57:04	40131	1456855024303	165
2	2	2016-03-02 01:57:04	40137	1456855024309	166
2	2	2016-03-02 01:57:04	40133	1456855024310	167
1	24	2016-03-02 01:57:04	40008	1456855024313	168
1	11	2016-03-02 01:57:04	40126	1456855024535	169
1	17	2016-03-02 01:57:04	40085	1456855024624	170
2	3	2016-03-02 01:57:04	40040	1456855024631	171
1	19	2016-03-02 01:57:04	40124	1456855024664	172
1	19	2016-03-02 01:57:04	40122	1456855024668	173
2	3	2016-03-02 01:57:04	40066	1456855024758	174
1	0	2016-03-02 01:57:04	40133	1456855024787	175
2	2	2016-03-02 01:57:04	40119	1456855024795	176
1	5	2016-03-02 01:57:04	40139	1456855024870	177
1	10	2016-03-02 01:57:04	40128	1456855024945	178
2	2	2016-03-02 01:57:05	40082	1456855025060	179
2	2	2016-03-02 01:57:05	40065	1456855025065	180
2	2	2016-03-02 01:57:05	40073	1456855025066	181
1	20	2016-03-02 01:57:05	40138	1456855025095	182
2	3	2016-03-02 01:57:05	40008	1456855025144	183
1	7	2016-03-02 01:57:05	40065	1456855025320	184
1	13	2016-03-02 01:57:05	40137	1456855025406	185
1	2	2016-03-02 01:57:05	40082	1456855025665	186
1	10	2016-03-02 01:57:05	40119	1456855025781	187
1	12	2016-03-02 01:57:05	40008	1456855025813	188
2	3	2016-03-02 01:57:05	40133	1456855025950	189
1	24	2016-03-02 01:57:05	40066	1456855025999	190
1	1	2016-03-02 01:57:06	40073	1456855026069	191
1	3	2016-03-02 01:57:06	40040	1456855026528	192
2	2	2016-03-02 01:57:07	40074	1456855027063	193
2	7	2016-03-02 01:57:07	40035	1456855027216	194
1	21	2016-03-02 01:57:07	40133	1456855027224	195
1	23	2016-03-02 01:57:07	40074	1456855027254	196
2	3	2016-03-02 01:57:07	40123	1456855027267	197
2	7	2016-03-02 01:57:07	40005	1456855027698	198
1	19	2016-03-02 01:57:08	40035	1456855028043	199
1	2	2016-03-02 01:57:08	40123	1456855028190	200
1	26	2016-03-02 01:57:08	40005	1456855028563	201
2	7	2016-03-02 01:57:08	40002	1456855028837	202
1	17	2016-03-02 01:57:08	40071	1456855028884	203
2	7	2016-03-02 01:57:09	40034	1456855029135	204
2	7	2016-03-02 01:57:09	40059	1456855029276	205
2	7	2016-03-02 01:57:09	40038	1456855029431	206
2	2	2016-03-02 01:57:09	40071	1456855029473	207
2	7	2016-03-02 01:57:09	40015	1456855029590	208
1	18	2016-03-02 01:57:09	40002	1456855029705	209
1	23	2016-03-02 01:57:09	40034	1456855029788	210
1	7	2016-03-02 01:57:09	40071	1456855029967	211
1	9	2016-03-02 01:57:09	40059	1456855029993	212
1	13	2016-03-02 01:57:10	40038	1456855030052	213
2	7	2016-03-02 01:57:10	40018	1456855030182	214
2	7	2016-03-02 01:57:10	40077	1456855030420	215
2	7	2016-03-02 01:57:10	40068	1456855030488	216
2	3	2016-03-02 01:57:10	40066	1456855030517	217
1	20	2016-03-02 01:57:10	40015	1456855030577	218
2	7	2016-03-02 01:57:10	40016	1456855030601	219
2	7	2016-03-02 01:57:10	40063	1456855030757	220
2	7	2016-03-02 01:57:10	40024	1456855030885	221
2	7	2016-03-02 01:57:10	40057	1456855030907	222
2	2	2016-03-02 01:57:11	40063	1456855030996	223
1	26	2016-03-02 01:57:11	40066	1456855031105	224
1	4	2016-03-02 01:57:11	40068	1456855031173	225
2	7	2016-03-02 01:57:11	40019	1456855031213	226
1	8	2016-03-02 01:57:11	40018	1456855031233	227
1	12	2016-03-02 01:57:11	40024	1456855031298	228
2	7	2016-03-02 01:57:11	40076	1456855031398	229
1	21	2016-03-02 01:57:11	40016	1456855031437	230
1	24	2016-03-02 01:57:11	40057	1456855031496	231
2	3	2016-03-02 01:57:11	40066	1456855031678	232
1	11	2016-03-02 01:57:11	40019	1456855031705	233
1	21	2016-03-02 01:57:11	40077	1456855031869	234
1	9	2016-03-02 01:57:12	40066	1456855032108	235
1	15	2016-03-02 01:57:12	40076	1456855032195	236
2	2	2016-03-02 01:57:12	40077	1456855032458	237
1	5	2016-03-02 01:57:12	40063	1456855032460	238
2	2	2016-03-02 01:57:12	40064	1456855032460	239
2	2	2016-03-02 01:57:12	40068	1456855032462	240
2	2	2016-03-02 01:57:12	40078	1456855032469	241
2	2	2016-03-02 01:57:12	40069	1456855032472	242
1	11	2016-03-02 01:57:12	40069	1456855032551	243
2	2	2016-03-02 01:57:12	40123	1456855032551	244
2	2	2016-03-02 01:57:12	40080	1456855032557	245
2	2	2016-03-02 01:57:12	40075	1456855032561	246
2	2	2016-03-02 01:57:12	40076	1456855032561	247
2	7	2016-03-02 01:57:12	40120	1456855032712	248
1	0	2016-03-02 01:57:12	40064	1456855032794	249
2	2	2016-03-02 01:57:12	40070	1456855032877	250
2	2	2016-03-02 01:57:12	40081	1456855032889	251
1	9	2016-03-02 01:57:12	40068	1456855032939	252
2	2	2016-03-02 01:57:12	40079	1456855032940	253
2	2	2016-03-02 01:57:12	40051	1456855032943	254
2	2	2016-03-02 01:57:12	40072	1456855032947	255
1	5	2016-03-02 01:57:13	40078	1456855033025	256
1	19	2016-03-02 01:57:13	40076	1456855033103	257
1	25	2016-03-02 01:57:13	40080	1456855033195	258
2	2	2016-03-02 01:57:13	40067	1456855033225	259
1	0	2016-03-02 01:57:13	40070	1456855033227	260
2	2	2016-03-02 01:57:13	40071	1456855033233	261
2	2	2016-03-02 01:57:13	40085	1456855033236	262
1	4	2016-03-02 01:57:13	40075	1456855033277	263
2	3	2016-03-02 01:57:13	40063	1456855033367	264
2	7	2016-03-02 01:57:13	40040	1456855033431	265
1	15	2016-03-02 01:57:13	40079	1456855033450	266
2	2	2016-03-02 01:57:13	40138	1456855033460	267
1	15	2016-03-02 01:57:13	40077	1456855033461	268
2	7	2016-03-02 01:57:13	40030	1456855033503	269
1	18	2016-03-02 01:57:13	40072	1456855033504	270
1	18	2016-03-02 01:57:13	40085	1456855033507	271
2	2	2016-03-02 01:57:13	40073	1456855033508	272
2	2	2016-03-02 01:57:13	40065	1456855033515	273
2	2	2016-03-02 01:57:13	40082	1456855033517	274
2	2	2016-03-02 01:57:13	40132	1456855033527	275
2	2	2016-03-02 01:57:13	40120	1456855033602	276
1	24	2016-03-02 01:57:13	40123	1456855033602	277
2	2	2016-03-02 01:57:13	40002	1456855033614	278
1	7	2016-03-02 01:57:13	40132	1456855033750	279
2	2	2016-03-02 01:57:13	40118	1456855033758	280
2	2	2016-03-02 01:57:13	40136	1456855033766	281
2	2	2016-03-02 01:57:13	40053	1456855033786	282
1	12	2016-03-02 01:57:13	40081	1456855033829	283
2	2	2016-03-02 01:57:13	40040	1456855033830	284
2	2	2016-03-02 01:57:13	40083	1456855033844	285
2	7	2016-03-02 01:57:13	40046	1456855033863	286
2	7	2016-03-02 01:57:13	40008	1456855033918	287
2	2	2016-03-02 01:57:13	40074	1456855033939	288
1	21	2016-03-02 01:57:13	40071	1456855033966	289
1	24	2016-03-02 01:57:14	40082	1456855034011	290
2	2	2016-03-02 01:57:14	40009	1456855034018	291
2	2	2016-03-02 01:57:14	40010	1456855034018	292
1	24	2016-03-02 01:57:14	40067	1456855034021	293
2	2	2016-03-02 01:57:14	40008	1456855034023	294
1	25	2016-03-02 01:57:14	40030	1456855034045	295
1	26	2016-03-02 01:57:14	40120	1456855034047	296
2	2	2016-03-02 01:57:14	40017	1456855034050	297
1	26	2016-03-02 01:57:14	40083	1456855034052	298
2	2	2016-03-02 01:57:14	40124	1456855034063	299
1	3	2016-03-02 01:57:14	40065	1456855034105	300
2	2	2016-03-02 01:57:14	40117	1456855034178	301
2	2	2016-03-02 01:57:14	40135	1456855034180	302
1	9	2016-03-02 01:57:14	40002	1456855034202	303
2	2	2016-03-02 01:57:14	40005	1456855034210	304
2	7	2016-03-02 01:57:14	40130	1456855034211	305
1	12	2016-03-02 01:57:14	40118	1456855034252	306
1	12	2016-03-02 01:57:14	40136	1456855034259	307
2	2	2016-03-02 01:57:14	40126	1456855034262	308
1	13	2016-03-02 01:57:14	40073	1456855034273	309
1	14	2016-03-02 01:57:14	40051	1456855034279	310
2	2	2016-03-02 01:57:14	40084	1456855034291	311
2	2	2016-03-02 01:57:14	40038	1456855034293	312
2	2	2016-03-02 01:57:14	40056	1456855034296	313
2	2	2016-03-02 01:57:14	40054	1456855034297	314
2	2	2016-03-02 01:57:14	40055	1456855034298	315
2	2	2016-03-02 01:57:14	40045	1456855034298	316
2	2	2016-03-02 01:57:14	40057	1456855034299	317
2	2	2016-03-02 01:57:14	40047	1456855034300	318
2	2	2016-03-02 01:57:14	40030	1456855034300	319
1	21	2016-03-02 01:57:14	40046	1456855034389	320
1	5	2016-03-02 01:57:14	40130	1456855034561	321
2	2	2016-03-02 01:57:14	40036	1456855034597	322
1	7	2016-03-02 01:57:14	40030	1456855034603	323
1	8	2016-03-02 01:57:14	40138	1456855034605	324
1	8	2016-03-02 01:57:14	40009	1456855034606	325
2	2	2016-03-02 01:57:14	40004	1456855034614	326
2	3	2016-03-02 01:57:14	40079	1456855034629	327
2	2	2016-03-02 01:57:14	40059	1456855034706	328
2	2	2016-03-02 01:57:14	40027	1456855034715	329
2	2	2016-03-02 01:57:14	40058	1456855034715	330
1	18	2016-03-02 01:57:14	40124	1456855034763	331
1	18	2016-03-02 01:57:14	40135	1456855034770	332
1	19	2016-03-02 01:57:14	40017	1456855034778	333
1	20	2016-03-02 01:57:14	40074	1456855034798	334
1	20	2016-03-02 01:57:14	40063	1456855034800	335
1	26	2016-03-02 01:57:14	40054	1456855034887	336
2	2	2016-03-02 01:57:14	40019	1456855034894	337
2	2	2016-03-02 01:57:14	40048	1456855034902	338
2	3	2016-03-02 01:57:14	40085	1456855034910	339
1	1	2016-03-02 01:57:14	40008	1456855034918	340
1	1	2016-03-02 01:57:14	40010	1456855034918	341
2	2	2016-03-02 01:57:14	40013	1456855034926	342
2	2	2016-03-02 01:57:14	40014	1456855034926	343
1	2	2016-03-02 01:57:14	40005	1456855034934	344
2	2	2016-03-02 01:57:14	40018	1456855034942	345
2	2	2016-03-02 01:57:14	40035	1456855034945	346
2	2	2016-03-02 01:57:14	40037	1456855034950	347
1	3	2016-03-02 01:57:14	40040	1456855034962	348
1	7	2016-03-02 01:57:15	40027	1456855035017	349
1	8	2016-03-02 01:57:15	40056	1456855035028	350
2	2	2016-03-02 01:57:15	40031	1456855035032	351
2	2	2016-03-02 01:57:15	40024	1456855035032	352
2	2	2016-03-02 01:57:15	40137	1456855035033	353
2	2	2016-03-02 01:57:15	40011	1456855035034	354
2	2	2016-03-02 01:57:15	40139	1456855035035	355
2	2	2016-03-02 01:57:15	40133	1456855035044	356
2	2	2016-03-02 01:57:15	40131	1456855035045	357
2	2	2016-03-02 01:57:15	40119	1456855035047	358
1	15	2016-03-02 01:57:15	40058	1456855035145	359
1	16	2016-03-02 01:57:15	40053	1456855035155	360
2	2	2016-03-02 01:57:15	40046	1456855035171	361
1	17	2016-03-02 01:57:15	40137	1456855035176	362
2	2	2016-03-02 01:57:15	40122	1456855035192	363
1	19	2016-03-02 01:57:15	40059	1456855035200	364
2	2	2016-03-02 01:57:15	40039	1456855035205	365
1	20	2016-03-02 01:57:15	40057	1456855035222	366
1	20	2016-03-02 01:57:15	40084	1456855035228	367
1	0	2016-03-02 01:57:15	40047	1456855035334	368
1	2	2016-03-02 01:57:15	40117	1456855035356	369
1	2	2016-03-02 01:57:15	40126	1456855035359	370
2	2	2016-03-02 01:57:15	40128	1456855035368	371
2	2	2016-03-02 01:57:15	40130	1456855035373	372
1	4	2016-03-02 01:57:15	40038	1456855035393	373
2	2	2016-03-02 01:57:15	40028	1456855035396	374
1	5	2016-03-02 01:57:15	40024	1456855035414	375
1	10	2016-03-02 01:57:15	40039	1456855035492	376
1	12	2016-03-02 01:57:15	40085	1456855035517	377
1	17	2016-03-02 01:57:15	40036	1456855035600	378
1	17	2016-03-02 01:57:15	40048	1456855035602	379
2	2	2016-03-02 01:57:15	40060	1456855035603	380
1	18	2016-03-02 01:57:15	40011	1456855035606	381
2	2	2016-03-02 01:57:15	40026	1456855035606	382
2	2	2016-03-02 01:57:15	40032	1456855035609	383
2	2	2016-03-02 01:57:15	40006	1456855035614	384
2	2	2016-03-02 01:57:15	40015	1456855035614	385
2	2	2016-03-02 01:57:15	40020	1456855035614	386
2	2	2016-03-02 01:57:15	40016	1456855035614	387
1	19	2016-03-02 01:57:15	40013	1456855035622	388
1	22	2016-03-02 01:57:15	40119	1456855035667	389
1	22	2016-03-02 01:57:15	40045	1456855035668	390
1	22	2016-03-02 01:57:15	40014	1456855035670	391
2	2	2016-03-02 01:57:15	40003	1456855035678	392
2	2	2016-03-02 01:57:15	40001	1456855035678	393
2	2	2016-03-02 01:57:15	40066	1456855035687	394
1	23	2016-03-02 01:57:15	40131	1456855035702	395
1	24	2016-03-02 01:57:15	40046	1456855035713	396
1	26	2016-03-02 01:57:15	40018	1456855035734	397
2	2	2016-03-02 01:57:15	40033	1456855035741	398
2	2	2016-03-02 01:57:15	40007	1456855035741	399
1	0	2016-03-02 01:57:15	40079	1456855035745	400
1	0	2016-03-02 01:57:15	40035	1456855035756	401
1	1	2016-03-02 01:57:15	40133	1456855035761	402
1	1	2016-03-02 01:57:15	40060	1456855035763	403
1	2	2016-03-02 01:57:15	40139	1456855035783	404
1	3	2016-03-02 01:57:15	40037	1456855035794	405
1	5	2016-03-02 01:57:15	40122	1456855035829	406
1	14	2016-03-02 01:57:15	40055	1456855035844	407
1	9	2016-03-02 01:57:15	40006	1456855035890	408
1	10	2016-03-02 01:57:15	40004	1456855035902	409
2	3	2016-03-02 01:57:15	40010	1456855035914	410
1	11	2016-03-02 01:57:15	40066	1456855035926	411
2	3	2016-03-02 01:57:15	40054	1456855035955	412
1	14	2016-03-02 01:57:15	40128	1456855035974	413
2	3	2016-03-02 01:57:15	40126	1456855035979	414
1	16	2016-03-02 01:57:15	40016	1456855035998	415
2	3	2016-03-02 01:57:16	40055	1456855036020	416
1	18	2016-03-02 01:57:16	40031	1456855036033	417
2	3	2016-03-02 01:57:16	40117	1456855036040	418
1	20	2016-03-02 01:57:16	40001	1456855036062	419
1	23	2016-03-02 01:57:16	40130	1456855036106	420
2	2	2016-03-02 01:57:16	40034	1456855036110	421
2	3	2016-03-02 01:57:16	40118	1456855036162	422
1	0	2016-03-02 01:57:16	40020	1456855036170	423
1	0	2016-03-02 01:57:16	40019	1456855036170	424
2	2	2016-03-02 01:57:16	40012	1456855036178	425
1	1	2016-03-02 01:57:16	40034	1456855036190	426
2	2	2016-03-02 01:57:16	40025	1456855036191	427
1	1	2016-03-02 01:57:16	40028	1456855036192	428
1	13	2016-03-02 01:57:16	40033	1456855036374	429
1	17	2016-03-02 01:57:16	40007	1456855036434	430
1	23	2016-03-02 01:57:16	40032	1456855036532	431
1	24	2016-03-02 01:57:16	40026	1456855036544	432
1	25	2016-03-02 01:57:16	40118	1456855036560	433
1	4	2016-03-02 01:57:16	40015	1456855036654	434
2	3	2016-03-02 01:57:16	40030	1456855036721	435
1	11	2016-03-02 01:57:16	40126	1456855036773	436
1	15	2016-03-02 01:57:16	40003	1456855036826	437
2	3	2016-03-02 01:57:16	40084	1456855036911	438
1	22	2016-03-02 01:57:16	40025	1456855036940	439
1	24	2016-03-02 01:57:16	40117	1456855036964	440
1	6	2016-03-02 01:57:17	40055	1456855037104	441
1	17	2016-03-02 01:57:17	40010	1456855037278	442
1	18	2016-03-02 01:57:17	40012	1456855037294	443
1	25	2016-03-02 01:57:17	40054	1456855037406	444
1	13	2016-03-02 01:57:17	40030	1456855037645	445
2	3	2016-03-02 01:57:17	40117	1456855037982	446
1	10	2016-03-02 01:57:18	40084	1456855038023	447
2	3	2016-03-02 01:57:19	40019	1456855039162	448
1	19	2016-03-02 01:57:19	40117	1456855039431	449
1	8	2016-03-02 01:57:20	40019	1456855040090	450
2	7	2016-03-02 01:57:20	40077	1456855040994	451
2	7	2016-03-02 01:57:21	40123	1456855041943	452
2	7	2016-03-02 01:57:21	40063	1456855041945	453
1	8	2016-03-02 01:57:22	40123	1456855042198	454
2	7	2016-03-02 01:57:22	40076	1456855042262	455
2	7	2016-03-02 01:57:22	40081	1456855042480	456
1	13	2016-03-02 01:57:22	40077	1456855042698	457
2	7	2016-03-02 01:57:22	40057	1456855042738	458
2	7	2016-03-02 01:57:22	40040	1456855042742	459
2	7	2016-03-02 01:57:22	40068	1456855042745	460
2	7	2016-03-02 01:57:22	40047	1456855042813	461
2	7	2016-03-02 01:57:22	40045	1456855042853	462
1	6	2016-03-02 01:57:23	40081	1456855043021	463
1	11	2016-03-02 01:57:23	40040	1456855043092	464
2	3	2016-03-02 01:57:23	40083	1456855043124	465
2	7	2016-03-02 01:57:23	40038	1456855043141	466
2	3	2016-03-02 01:57:23	40077	1456855043144	467
1	19	2016-03-02 01:57:23	40063	1456855043218	468
2	7	2016-03-02 01:57:23	40035	1456855043405	469
2	7	2016-03-02 01:57:23	40059	1456855043464	470
2	3	2016-03-02 01:57:23	40055	1456855043578	471
2	7	2016-03-02 01:57:23	40046	1456855043655	472
1	21	2016-03-02 01:57:23	40047	1456855043672	473
2	3	2016-03-02 01:57:23	40081	1456855043738	474
1	2	2016-03-02 01:57:23	40076	1456855043791	475
1	4	2016-03-02 01:57:23	40059	1456855043830	476
2	7	2016-03-02 01:57:23	40024	1456855043869	477
2	7	2016-03-02 01:57:23	40011	1456855043882	478
1	9	2016-03-02 01:57:23	40057	1456855043900	479
1	9	2016-03-02 01:57:23	40083	1456855043906	480
1	9	2016-03-02 01:57:23	40068	1456855043907	481
1	9	2016-03-02 01:57:23	40046	1456855043911	482
1	12	2016-03-02 01:57:23	40045	1456855043952	483
1	12	2016-03-02 01:57:23	40035	1456855043962	484
1	26	2016-03-02 01:57:24	40077	1456855044179	485
2	7	2016-03-02 01:57:24	40033	1456855044226	486
2	7	2016-03-02 01:57:24	40016	1456855044350	487
1	15	2016-03-02 01:57:24	40038	1456855044416	488
2	7	2016-03-02 01:57:24	40054	1456855044439	489
2	7	2016-03-02 01:57:24	40020	1456855044458	490
2	7	2016-03-02 01:57:24	40002	1456855044458	491
2	7	2016-03-02 01:57:24	40015	1456855044459	492
1	18	2016-03-02 01:57:24	40011	1456855044466	493
1	20	2016-03-02 01:57:24	40081	1456855044503	494
2	7	2016-03-02 01:57:24	40037	1456855044518	495
2	3	2016-03-02 01:57:24	40123	1456855044554	496
1	0	2016-03-02 01:57:24	40055	1456855044615	497
1	4	2016-03-02 01:57:24	40024	1456855044679	498
1	12	2016-03-02 01:57:24	40020	1456855044794	499
1	3	2016-03-02 01:57:25	40002	1456855045074	500
1	10	2016-03-02 01:57:25	40123	1456855045198	501
2	7	2016-03-02 01:57:25	40018	1456855045199	502
1	13	2016-03-02 01:57:25	40015	1456855045230	503
2	7	2016-03-02 01:57:25	40030	1456855045244	504
2	3	2016-03-02 01:57:25	40057	1456855045254	505
1	3	2016-03-02 01:57:25	40033	1456855045500	506
1	4	2016-03-02 01:57:25	40037	1456855045521	507
1	10	2016-03-02 01:57:25	40054	1456855045603	508
2	7	2016-03-02 01:57:25	40005	1456855045730	509
1	6	2016-03-02 01:57:25	40016	1456855045966	510
2	3	2016-03-02 01:57:26	40054	1456855046098	511
1	17	2016-03-02 01:57:26	40057	1456855046145	512
1	22	2016-03-02 01:57:26	40030	1456855046216	513
1	2	2016-03-02 01:57:26	40018	1456855046326	514
1	13	2016-03-02 01:57:26	40005	1456855046918	515
2	3	2016-03-02 01:57:26	40068	1456855046978	516
2	7	2016-03-02 01:57:27	40126	1456855047010	517
1	2	2016-03-02 01:57:27	40054	1456855047597	518
2	3	2016-03-02 01:57:27	40015	1456855047598	519
2	7	2016-03-02 01:57:27	40019	1456855047834	520
1	3	2016-03-02 01:57:28	40068	1456855048029	521
1	12	2016-03-02 01:57:28	40126	1456855048170	522
1	14	2016-03-02 01:57:28	40019	1456855048622	523
1	16	2016-03-02 01:57:29	40015	1456855049074	524
2	7	2016-03-02 01:57:29	40132	1456855049960	525
2	7	2016-03-02 01:57:30	40063	1456855050523	526
1	22	2016-03-02 01:57:30	40132	1456855050867	527
2	7	2016-03-02 01:57:31	40040	1456855051175	528
2	7	2016-03-02 01:57:31	40003	1456855051270	529
1	22	2016-03-02 01:57:31	40040	1456855051287	530
2	7	2016-03-02 01:57:31	40045	1456855051296	531
2	3	2016-03-02 01:57:31	40126	1456855051349	532
2	7	2016-03-02 01:57:31	40038	1456855051575	533
2	7	2016-03-02 01:57:31	40077	1456855051599	534
2	7	2016-03-02 01:57:31	40076	1456855051660	535
1	24	2016-03-02 01:57:31	40063	1456855051733	536
2	7	2016-03-02 01:57:31	40059	1456855051904	537
1	8	2016-03-02 01:57:31	40126	1456855051905	538
2	3	2016-03-02 01:57:31	40030	1456855051919	539
2	7	2016-03-02 01:57:32	40035	1456855052009	540
2	7	2016-03-02 01:57:32	40048	1456855052107	541
1	24	2016-03-02 01:57:32	40059	1456855052158	542
2	7	2016-03-02 01:57:32	40024	1456855052308	543
2	7	2016-03-02 01:57:32	40055	1456855052317	544
2	7	2016-03-02 01:57:32	40011	1456855052318	545
1	11	2016-03-02 01:57:32	40038	1456855052372	546
2	7	2016-03-02 01:57:32	40046	1456855052443	547
1	19	2016-03-02 01:57:32	40048	1456855052504	548
1	21	2016-03-02 01:57:32	40003	1456855052526	549
2	7	2016-03-02 01:57:32	40071	1456855052625	550
1	1	2016-03-02 01:57:32	40077	1456855052635	551
1	5	2016-03-02 01:57:32	40045	1456855052698	552
1	7	2016-03-02 01:57:32	40030	1456855052731	553
2	7	2016-03-02 01:57:32	40016	1456855052786	554
1	13	2016-03-02 01:57:32	40076	1456855052823	555
2	7	2016-03-02 01:57:32	40002	1456855052894	556
2	7	2016-03-02 01:57:32	40066	1456855052963	557
1	25	2016-03-02 01:57:33	40071	1456855053021	558
1	4	2016-03-02 01:57:33	40011	1456855053106	559
2	3	2016-03-02 01:57:33	40030	1456855053177	560
1	9	2016-03-02 01:57:33	40024	1456855053181	561
1	9	2016-03-02 01:57:33	40046	1456855053192	562
1	12	2016-03-02 01:57:33	40035	1456855053233	563
1	23	2016-03-02 01:57:33	40016	1456855053402	564
1	6	2016-03-02 01:57:33	40055	1456855053561	565
1	13	2016-03-02 01:57:33	40030	1456855053671	566
1	15	2016-03-02 01:57:33	40066	1456855053711	567
1	17	2016-03-02 01:57:34	40002	1456855054154	568
2	7	2016-03-02 01:57:34	40005	1456855054162	569
2	3	2016-03-02 01:57:34	40063	1456855054183	570
1	7	2016-03-02 01:57:34	40005	1456855054422	571
2	7	2016-03-02 01:57:34	40054	1456855054550	572
2	7	2016-03-02 01:57:34	40010	1456855054850	573
1	19	2016-03-02 01:57:35	40063	1456855055027	574
2	7	2016-03-02 01:57:35	40068	1456855055574	575
1	5	2016-03-02 01:57:35	40010	1456855055651	576
1	25	2016-03-02 01:57:35	40054	1456855055969	577
2	7	2016-03-02 01:57:36	40019	1456855056270	578
2	7	2016-03-02 01:57:36	40015	1456855056442	579
1	19	2016-03-02 01:57:36	40019	1456855056714	580
1	18	2016-03-02 01:57:37	40015	1456855057122	581
2	3	2016-03-02 01:57:37	40017	1456855057550	582
2	7	2016-03-02 01:57:37	40135	1456855057652	583
1	15	2016-03-02 01:57:37	40068	1456855057930	584
1	20	2016-03-02 01:57:38	40135	1456855058002	585
1	21	2016-03-02 01:57:38	40017	1456855058434	586
2	3	2016-03-02 01:57:38	40002	1456855058990	587
2	7	2016-03-02 01:57:39	40007	1456855059130	588
2	7	2016-03-02 01:57:39	40047	1456855059219	589
2	7	2016-03-02 01:57:39	40040	1456855059625	590
2	7	2016-03-02 01:57:39	40045	1456855059724	591
1	24	2016-03-02 01:57:39	40007	1456855059746	592
1	3	2016-03-02 01:57:39	40002	1456855059843	593
2	7	2016-03-02 01:57:39	40132	1456855059991	594
2	7	2016-03-02 01:57:40	40038	1456855060008	595
2	7	2016-03-02 01:57:40	40077	1456855060041	596
2	7	2016-03-02 01:57:40	40037	1456855060135	597
1	26	2016-03-02 01:57:40	40045	1456855060202	598
2	7	2016-03-02 01:57:40	40059	1456855060343	599
1	12	2016-03-02 01:57:40	40047	1456855060412	600
1	26	2016-03-02 01:57:40	40077	1456855060629	601
2	7	2016-03-02 01:57:40	40075	1456855060706	602
2	7	2016-03-02 01:57:40	40069	1456855060716	603
2	7	2016-03-02 01:57:40	40024	1456855060746	604
2	7	2016-03-02 01:57:40	40035	1456855060803	605
2	7	2016-03-02 01:57:40	40046	1456855060895	606
2	7	2016-03-02 01:57:40	40055	1456855060896	607
1	0	2016-03-02 01:57:41	40132	1456855061058	608
1	2	2016-03-02 01:57:41	40040	1456855061091	609
1	2	2016-03-02 01:57:41	40038	1456855061092	610
1	9	2016-03-02 01:57:41	40055	1456855061199	611
2	7	2016-03-02 01:57:41	40016	1456855061286	612
1	20	2016-03-02 01:57:41	40046	1456855061374	613
1	21	2016-03-02 01:57:41	40075	1456855061390	614
1	3	2016-03-02 01:57:41	40059	1456855061537	615
1	13	2016-03-02 01:57:41	40024	1456855061684	616
1	23	2016-03-02 01:57:41	40035	1456855061853	617
1	0	2016-03-02 01:57:41	40037	1456855061902	618
1	2	2016-03-02 01:57:41	40069	1456855061940	619
2	7	2016-03-02 01:57:42	40123	1456855062525	620
2	7	2016-03-02 01:57:42	40005	1456855062598	621
2	7	2016-03-02 01:57:42	40081	1456855062887	622
2	7	2016-03-02 01:57:42	40063	1456855062952	623
2	7	2016-03-02 01:57:42	40054	1456855062986	624
1	16	2016-03-02 01:57:42	40016	1456855062994	625
1	26	2016-03-02 01:57:43	40005	1456855063154	626
1	9	2016-03-02 01:57:43	40123	1456855063321	627
1	21	2016-03-02 01:57:43	40054	1456855063497	628
1	23	2016-03-02 01:57:43	40063	1456855063525	629
1	1	2016-03-02 01:57:43	40081	1456855063604	630
2	7	2016-03-02 01:57:43	40034	1456855063948	631
2	7	2016-03-02 01:57:44	40068	1456855064010	632
2	3	2016-03-02 01:57:44	40038	1456855064249	633
2	7	2016-03-02 01:57:44	40056	1456855064266	634
1	5	2016-03-02 01:57:44	40034	1456855064521	635
1	22	2016-03-02 01:57:44	40068	1456855064774	636
1	25	2016-03-02 01:57:44	40038	1456855064823	637
2	7	2016-03-02 01:57:44	40015	1456855064910	638
2	7	2016-03-02 01:57:44	40067	1456855064976	639
1	17	2016-03-02 01:57:45	40015	1456855065123	640
1	21	2016-03-02 01:57:45	40067	1456855065183	641
1	0	2016-03-02 01:57:45	40056	1456855065284	642
2	7	2016-03-02 01:57:46	40017	1456855066254	643
1	15	2016-03-02 01:57:47	40017	1456855067198	644
2	7	2016-03-02 01:57:47	40076	1456855067462	645
2	7	2016-03-02 01:57:47	40047	1456855067653	646
2	7	2016-03-02 01:57:47	40002	1456855067662	647
2	3	2016-03-02 01:57:47	40054	1456855067834	648
1	4	2016-03-02 01:57:47	40076	1456855067876	649
2	7	2016-03-02 01:57:48	40040	1456855068058	650
2	7	2016-03-02 01:57:48	40008	1456855068350	651
2	7	2016-03-02 01:57:48	40010	1456855068350	652
2	7	2016-03-02 01:57:48	40132	1456855068430	653
2	7	2016-03-02 01:57:48	40077	1456855068479	654
2	7	2016-03-02 01:57:48	40037	1456855068605	655
1	1	2016-03-02 01:57:48	40002	1456855068666	656
1	24	2016-03-02 01:57:49	40054	1456855069030	657
1	5	2016-03-02 01:57:49	40008	1456855069150	658
1	6	2016-03-02 01:57:49	40047	1456855069165	659
2	7	2016-03-02 01:57:49	40024	1456855069185	660
1	10	2016-03-02 01:57:49	40132	1456855069243	661
1	11	2016-03-02 01:57:49	40077	1456855069244	662
2	7	2016-03-02 01:57:49	40055	1456855069331	663
2	7	2016-03-02 01:57:49	40046	1456855069332	664
1	17	2016-03-02 01:57:49	40010	1456855069338	665
2	7	2016-03-02 01:57:49	40069	1456855069474	666
1	25	2016-03-02 01:57:49	40040	1456855069479	667
2	7	2016-03-02 01:57:49	40001	1456855069646	668
1	11	2016-03-02 01:57:49	40037	1456855069671	669
2	7	2016-03-02 01:57:49	40016	1456855069722	670
1	17	2016-03-02 01:57:49	40069	1456855069760	671
1	22	2016-03-02 01:57:49	40024	1456855069837	672
2	3	2016-03-02 01:57:49	40008	1456855069862	673
1	1	2016-03-02 01:57:49	40046	1456855069938	674
1	16	2016-03-02 01:57:50	40008	1456855070166	675
1	1	2016-03-02 01:57:50	40001	1456855070354	676
1	13	2016-03-02 01:57:50	40016	1456855070542	677
2	7	2016-03-02 01:57:50	40135	1456855070734	678
2	7	2016-03-02 01:57:50	40075	1456855070782	679
1	2	2016-03-02 01:57:50	40055	1456855070798	680
2	3	2016-03-02 01:57:50	40038	1456855070992	681
2	7	2016-03-02 01:57:51	40005	1456855071034	682
1	2	2016-03-02 01:57:51	40075	1456855071212	683
1	20	2016-03-02 01:57:51	40005	1456855071494	684
1	0	2016-03-02 01:57:51	40135	1456855071611	685
1	21	2016-03-02 01:57:51	40038	1456855071933	686
2	7	2016-03-02 01:57:51	40063	1456855071972	687
1	19	2016-03-02 01:57:52	40063	1456855072326	688
2	7	2016-03-02 01:57:52	40034	1456855072389	689
2	7	2016-03-02 01:57:52	40068	1456855072701	690
2	7	2016-03-02 01:57:52	40056	1456855072702	691
2	7	2016-03-02 01:57:52	40048	1456855072730	692
1	11	2016-03-02 01:57:53	40034	1456855073041	693
1	19	2016-03-02 01:57:53	40048	1456855073175	694
2	7	2016-03-02 01:57:53	40015	1456855073346	695
1	18	2016-03-02 01:57:53	40015	1456855073994	696
2	7	2016-03-02 01:57:54	40017	1456855074690	697
1	8	2016-03-02 01:57:54	40056	1456855074691	698
1	23	2016-03-02 01:57:54	40068	1456855074929	699
1	5	2016-03-02 01:57:55	40017	1456855075478	700
2	7	2016-03-02 01:57:56	40002	1456855076098	701
2	7	2016-03-02 01:57:56	40047	1456855076118	702
2	7	2016-03-02 01:57:56	40040	1456855076492	703
2	7	2016-03-02 01:57:56	40054	1456855076494	704
1	3	2016-03-02 01:57:56	40002	1456855076714	705
1	4	2016-03-02 01:57:56	40047	1456855076739	706
2	7	2016-03-02 01:57:56	40010	1456855076786	707
2	7	2016-03-02 01:57:56	40077	1456855076919	708
2	7	2016-03-02 01:57:56	40132	1456855076965	709
2	7	2016-03-02 01:57:57	40037	1456855077042	710
2	7	2016-03-02 01:57:57	40011	1456855077206	711
1	7	2016-03-02 01:57:57	40132	1456855077618	712
2	7	2016-03-02 01:57:57	40024	1456855077624	713
2	7	2016-03-02 01:57:57	40046	1456855077769	714
1	22	2016-03-02 01:57:57	40077	1456855077859	715
1	24	2016-03-02 01:57:57	40054	1456855077897	716
1	2	2016-03-02 01:57:57	40010	1456855077970	717
2	7	2016-03-02 01:57:57	40035	1456855077978	718
1	6	2016-03-02 01:57:58	40040	1456855078038	719
2	7	2016-03-02 01:57:58	40016	1456855078162	720
1	25	2016-03-02 01:57:58	40037	1456855078332	721
1	5	2016-03-02 01:57:58	40046	1456855078439	722
1	23	2016-03-02 01:57:58	40035	1456855078726	723
1	0	2016-03-02 01:57:58	40024	1456855078784	724
1	11	2016-03-02 01:57:58	40011	1456855078946	725
1	11	2016-03-02 01:57:58	40016	1456855078947	726
2	7	2016-03-02 01:57:59	40135	1456855079164	727
2	7	2016-03-02 01:57:59	40005	1456855079474	728
2	3	2016-03-02 01:57:59	40011	1456855079486	729
1	6	2016-03-02 01:57:59	40135	1456855079721	730
1	17	2016-03-02 01:58:00	40011	1456855080306	731
1	7	2016-03-02 01:58:00	40005	1456855080574	732
2	7	2016-03-02 01:58:00	40034	1456855080829	733
2	7	2016-03-02 01:58:01	40056	1456855081137	734
2	7	2016-03-02 01:58:01	40068	1456855081137	735
2	7	2016-03-02 01:58:01	40048	1456855081158	736
2	7	2016-03-02 01:58:01	40063	1456855081365	737
1	23	2016-03-02 01:58:01	40068	1456855081679	738
1	19	2016-03-02 01:58:02	40056	1456855082028	739
1	19	2016-03-02 01:58:02	40034	1456855082039	740
1	26	2016-03-02 01:58:02	40063	1456855082145	741
1	5	2016-03-02 01:58:02	40048	1456855082239	742
2	7	2016-03-02 01:58:02	40069	1456855082650	743
2	7	2016-03-02 01:58:02	40070	1456855082761	744
2	7	2016-03-02 01:58:03	40017	1456855083126	745
1	21	2016-03-02 01:58:03	40069	1456855083333	746
1	17	2016-03-02 01:58:03	40017	1456855083682	747
1	26	2016-03-02 01:58:03	40070	1456855083827	748
2	7	2016-03-02 01:58:03	40059	1456855083894	749
2	7	2016-03-02 01:58:03	40001	1456855083986	750
2	3	2016-03-02 01:58:04	40063	1456855084357	751
2	7	2016-03-02 01:58:04	40002	1456855084534	752
1	18	2016-03-02 01:58:04	40059	1456855084547	753
1	6	2016-03-02 01:58:04	40001	1456855084779	754
2	7	2016-03-02 01:58:04	40040	1456855084925	755
2	7	2016-03-02 01:58:04	40018	1456855084974	756
1	11	2016-03-02 01:58:05	40063	1456855085280	757
2	7	2016-03-02 01:58:05	40077	1456855085359	758
2	7	2016-03-02 01:58:05	40037	1456855085480	759
2	7	2016-03-02 01:58:05	40132	1456855085580	760
1	15	2016-03-02 01:58:05	40002	1456855085762	761
2	7	2016-03-02 01:58:06	40123	1456855086004	762
1	4	2016-03-02 01:58:06	40037	1456855086021	763
2	7	2016-03-02 01:58:06	40024	1456855086063	764
2	7	2016-03-02 01:58:06	40046	1456855086205	765
2	7	2016-03-02 01:58:06	40019	1456855086222	766
1	22	2016-03-02 01:58:06	40040	1456855086296	767
2	7	2016-03-02 01:58:06	40035	1456855086423	768
2	7	2016-03-02 01:58:06	40072	1456855086450	769
2	7	2016-03-02 01:58:06	40016	1456855086598	770
1	19	2016-03-02 01:58:06	40123	1456855086672	771
1	20	2016-03-02 01:58:06	40132	1456855086694	772
1	22	2016-03-02 01:58:06	40019	1456855086714	773
1	8	2016-03-02 01:58:06	40035	1456855086916	774
1	13	2016-03-02 01:58:06	40018	1456855086994	775
1	15	2016-03-02 01:58:07	40077	1456855087031	776
1	18	2016-03-02 01:58:07	40046	1456855087083	777
1	20	2016-03-02 01:58:07	40024	1456855087112	778
1	19	2016-03-02 01:58:07	40072	1456855087517	779
2	7	2016-03-02 01:58:07	40135	1456855087609	780
1	14	2016-03-02 01:58:07	40016	1456855087854	781
2	7	2016-03-02 01:58:07	40015	1456855087895	782
2	7	2016-03-02 01:58:07	40005	1456855087911	783
2	3	2016-03-02 01:58:07	40117	1456855087968	784
2	3	2016-03-02 01:58:08	40123	1456855088137	785
1	11	2016-03-02 01:58:08	40015	1456855088650	786
1	24	2016-03-02 01:58:08	40135	1456855088852	787
2	7	2016-03-02 01:58:09	40126	1456855089193	788
1	20	2016-03-02 01:58:09	40005	1456855089214	789
1	9	2016-03-02 01:58:09	40126	1456855089463	790
1	13	2016-03-02 01:58:09	40117	1456855089528	791
1	13	2016-03-02 01:58:09	40123	1456855089538	792
2	7	2016-03-02 01:58:09	40030	1456855089545	793
2	7	2016-03-02 01:58:09	40056	1456855089573	794
2	7	2016-03-02 01:58:09	40068	1456855089574	795
2	7	2016-03-02 01:58:09	40048	1456855089601	796
1	12	2016-03-02 01:58:09	40048	1456855089935	797
2	7	2016-03-02 01:58:10	40047	1456855090424	798
2	7	2016-03-02 01:58:10	40054	1456855090432	799
1	19	2016-03-02 01:58:10	40030	1456855090469	800
2	3	2016-03-02 01:58:10	40117	1456855090499	801
1	23	2016-03-02 01:58:10	40068	1456855090528	802
1	0	2016-03-02 01:58:10	40056	1456855090591	803
2	3	2016-03-02 01:58:10	40002	1456855090798	804
1	13	2016-03-02 01:58:11	40047	1456855091220	805
2	7	2016-03-02 01:58:11	40131	1456855091508	806
1	5	2016-03-02 01:58:11	40117	1456855091518	807
1	25	2016-03-02 01:58:11	40054	1456855091835	808
1	14	2016-03-02 01:58:12	40002	1456855092074	809
2	7	2016-03-02 01:58:12	40059	1456855092334	810
1	14	2016-03-02 01:58:12	40131	1456855092923	811
2	7	2016-03-02 01:58:12	40120	1456855092980	812
2	7	2016-03-02 01:58:13	40063	1456855093062	813
2	7	2016-03-02 01:58:13	40040	1456855093375	814
2	7	2016-03-02 01:58:13	40055	1456855093378	815
2	7	2016-03-02 01:58:13	40018	1456855093454	816
1	24	2016-03-02 01:58:13	40059	1456855093496	817
2	7	2016-03-02 01:58:13	40077	1456855093783	818
2	7	2016-03-02 01:58:14	40132	1456855094019	819
1	6	2016-03-02 01:58:14	40120	1456855094061	820
1	11	2016-03-02 01:58:14	40040	1456855094140	821
1	18	2016-03-02 01:58:14	40063	1456855094256	822
2	7	2016-03-02 01:58:14	40045	1456855094325	823
2	7	2016-03-02 01:58:14	40024	1456855094486	824
2	7	2016-03-02 01:58:14	40010	1456855094502	825
1	8	2016-03-02 01:58:14	40055	1456855094510	826
2	7	2016-03-02 01:58:14	40046	1456855094642	827
2	7	2016-03-02 01:58:14	40019	1456855094658	828
1	0	2016-03-02 01:58:14	40010	1456855094806	829
1	3	2016-03-02 01:58:14	40077	1456855094866	830
1	5	2016-03-02 01:58:14	40024	1456855094883	831
1	5	2016-03-02 01:58:14	40046	1456855094897	832
1	11	2016-03-02 01:58:14	40132	1456855094990	833
2	7	2016-03-02 01:58:15	40016	1456855095034	834
2	7	2016-03-02 01:58:15	40035	1456855095137	835
1	23	2016-03-02 01:58:15	40018	1456855095166	836
1	26	2016-03-02 01:58:15	40045	1456855095217	837
2	7	2016-03-02 01:58:15	40070	1456855095841	838
1	15	2016-03-02 01:58:15	40019	1456855095886	839
1	2	2016-03-02 01:58:16	40035	1456855096108	840
2	3	2016-03-02 01:58:16	40079	1456855096109	841
2	7	2016-03-02 01:58:16	40135	1456855096150	842
2	7	2016-03-02 01:58:16	40015	1456855096331	843
2	7	2016-03-02 01:58:16	40005	1456855096347	844
1	2	2016-03-02 01:58:16	40016	1456855096527	845
1	6	2016-03-02 01:58:16	40070	1456855096589	846
2	7	2016-03-02 01:58:16	40038	1456855096644	847
1	20	2016-03-02 01:58:16	40005	1456855096806	848
1	26	2016-03-02 01:58:16	40135	1456855096899	849
1	26	2016-03-02 01:58:16	40079	1456855096905	850
1	1	2016-03-02 01:58:16	40015	1456855096930	851
2	7	2016-03-02 01:58:16	40123	1456855096971	852
1	7	2016-03-02 01:58:17	40038	1456855097026	853
2	3	2016-03-02 01:58:17	40016	1456855097266	854
1	18	2016-03-02 01:58:17	40016	1456855097619	855
2	7	2016-03-02 01:58:17	40069	1456855097829	856
1	7	2016-03-02 01:58:17	40123	1456855097879	857
2	7	2016-03-02 01:58:17	40017	1456855097895	858
2	7	2016-03-02 01:58:18	40056	1456855098008	859
2	7	2016-03-02 01:58:18	40068	1456855098010	860
1	8	2016-03-02 01:58:18	40069	1456855098735	861
1	11	2016-03-02 01:58:18	40017	1456855098775	862
2	7	2016-03-02 01:58:18	40054	1456855098868	863
2	7	2016-03-02 01:58:18	40047	1456855098874	864
1	22	2016-03-02 01:58:18	40056	1456855098947	865
2	7	2016-03-02 01:58:18	40034	1456855098968	866
1	12	2016-03-02 01:58:19	40068	1456855099219	867
2	7	2016-03-02 01:58:19	40002	1456855099299	868
2	3	2016-03-02 01:58:19	40064	1456855099554	869
1	7	2016-03-02 01:58:19	40034	1456855099557	870
1	20	2016-03-02 01:58:19	40047	1456855099765	871
2	7	2016-03-02 01:58:19	40131	1456855099947	872
1	1	2016-03-02 01:58:20	40064	1456855100317	873
1	5	2016-03-02 01:58:20	40002	1456855100370	874
1	9	2016-03-02 01:58:20	40054	1456855100431	875
2	7	2016-03-02 01:58:20	40059	1456855100916	876
1	0	2016-03-02 01:58:21	40131	1456855101139	877
2	7	2016-03-02 01:58:21	40063	1456855101640	878
1	13	2016-03-02 01:58:21	40059	1456855101760	879
2	7	2016-03-02 01:58:21	40040	1456855101808	880
2	7	2016-03-02 01:58:21	40055	1456855101814	881
2	7	2016-03-02 01:58:21	40018	1456855101895	882
2	7	2016-03-02 01:58:22	40077	1456855102223	883
2	7	2016-03-02 01:58:22	40132	1456855102458	884
1	15	2016-03-02 01:58:22	40063	1456855102643	885
1	21	2016-03-02 01:58:22	40040	1456855102733	886
2	7	2016-03-02 01:58:22	40045	1456855102753	887
1	0	2016-03-02 01:58:22	40055	1456855102834	888
2	7	2016-03-02 01:58:22	40024	1456855102924	889
1	10	2016-03-02 01:58:22	40132	1456855102983	890
2	7	2016-03-02 01:58:23	40046	1456855103079	891
2	7	2016-03-02 01:58:23	40019	1456855103095	892
1	2	2016-03-02 01:58:23	40045	1456855103278	893
1	11	2016-03-02 01:58:23	40046	1456855103414	894
1	13	2016-03-02 01:58:23	40077	1456855103449	895
1	14	2016-03-02 01:58:23	40019	1456855103463	896
1	24	2016-03-02 01:58:23	40024	1456855103624	897
2	2	2016-03-02 01:58:23	40079	1456855103806	898
1	11	2016-03-02 01:58:23	40018	1456855103838	899
1	23	2016-03-02 01:58:24	40079	1456855104028	900
2	2	2016-03-02 01:58:24	40138	1456855104035	901
2	2	2016-03-02 01:58:24	40075	1456855104037	902
2	2	2016-03-02 01:58:24	40068	1456855104042	903
2	7	2016-03-02 01:58:24	40070	1456855104274	904
2	2	2016-03-02 01:58:24	40077	1456855104452	905
2	7	2016-03-02 01:58:24	40135	1456855104580	906
2	7	2016-03-02 01:58:24	40001	1456855104659	907
2	7	2016-03-02 01:58:24	40015	1456855104767	908
2	7	2016-03-02 01:58:24	40005	1456855104783	909
1	26	2016-03-02 01:58:24	40068	1456855104918	910
2	2	2016-03-02 01:58:24	40063	1456855104918	911
2	2	2016-03-02 01:58:24	40076	1456855104927	912
2	2	2016-03-02 01:58:24	40069	1456855104934	913
1	3	2016-03-02 01:58:24	40135	1456855104978	914
2	2	2016-03-02 01:58:25	40078	1456855105311	915
1	24	2016-03-02 01:58:25	40077	1456855105312	916
2	2	2016-03-02 01:58:25	40072	1456855105346	917
1	0	2016-03-02 01:58:25	40075	1456855105359	918
1	3	2016-03-02 01:58:25	40001	1456855105404	919
1	4	2016-03-02 01:58:25	40063	1456855105412	920
2	2	2016-03-02 01:58:25	40064	1456855105419	921
2	2	2016-03-02 01:58:25	40008	1456855105423	922
1	9	2016-03-02 01:58:25	40070	1456855105499	923
1	15	2016-03-02 01:58:25	40138	1456855105593	924
2	2	2016-03-02 01:58:25	40122	1456855105596	925
2	2	2016-03-02 01:58:25	40137	1456855105603	926
2	2	2016-03-02 01:58:25	40139	1456855105604	927
2	2	2016-03-02 01:58:25	40131	1456855105604	928
1	21	2016-03-02 01:58:25	40064	1456855105689	929
1	2	2016-03-02 01:58:25	40069	1456855105808	930
2	2	2016-03-02 01:58:25	40123	1456855105822	931
2	7	2016-03-02 01:58:25	40035	1456855105824	932
1	6	2016-03-02 01:58:25	40005	1456855105867	933
1	6	2016-03-02 01:58:25	40015	1456855105871	934
1	15	2016-03-02 01:58:26	40076	1456855106010	935
2	2	2016-03-02 01:58:26	40135	1456855106014	936
1	18	2016-03-02 01:58:26	40131	1456855106065	937
1	26	2016-03-02 01:58:26	40139	1456855106192	938
2	2	2016-03-02 01:58:26	40119	1456855106285	939
1	5	2016-03-02 01:58:26	40137	1456855106286	940
1	15	2016-03-02 01:58:26	40122	1456855106297	941
2	2	2016-03-02 01:58:26	40120	1456855106378	942
1	11	2016-03-02 01:58:26	40123	1456855106379	943
1	12	2016-03-02 01:58:26	40008	1456855106383	944
2	2	2016-03-02 01:58:26	40009	1456855106392	945
2	7	2016-03-02 01:58:26	40056	1456855106444	946
1	18	2016-03-02 01:58:26	40072	1456855106478	947
2	2	2016-03-02 01:58:26	40070	1456855106486	948
2	2	2016-03-02 01:58:26	40071	1456855106490	949
2	2	2016-03-02 01:58:26	40133	1456855106495	950
2	7	2016-03-02 01:58:26	40048	1456855106551	951
1	22	2016-03-02 01:58:26	40078	1456855106553	952
1	25	2016-03-02 01:58:26	40035	1456855106588	953
1	8	2016-03-02 01:58:26	40056	1456855106746	954
2	3	2016-03-02 01:58:26	40015	1456855106799	955
2	2	2016-03-02 01:58:26	40074	1456855106917	956
1	19	2016-03-02 01:58:26	40120	1456855106919	957
1	23	2016-03-02 01:58:26	40119	1456855106984	958
1	5	2016-03-02 01:58:27	40009	1456855107119	959
1	5	2016-03-02 01:58:27	40071	1456855107127	960
1	13	2016-03-02 01:58:27	40135	1456855107241	961
2	7	2016-03-02 01:58:27	40030	1456855107259	962
1	14	2016-03-02 01:58:27	40070	1456855107265	963
2	7	2016-03-02 01:58:27	40054	1456855107304	964
2	7	2016-03-02 01:58:27	40047	1456855107308	965
1	24	2016-03-02 01:58:27	40133	1456855107418	966
1	8	2016-03-02 01:58:27	40074	1456855107586	967
1	10	2016-03-02 01:58:27	40048	1456855107616	968
2	7	2016-03-02 01:58:27	40002	1456855107735	969
1	13	2016-03-02 01:58:28	40015	1456855108088	970
2	2	2016-03-02 01:58:28	40085	1456855108111	971
2	3	2016-03-02 01:58:28	40122	1456855108223	972
1	22	2016-03-02 01:58:28	40030	1456855108231	973
1	23	2016-03-02 01:58:28	40002	1456855108243	974
1	6	2016-03-02 01:58:28	40047	1456855108406	975
1	9	2016-03-02 01:58:28	40054	1456855108452	976
1	0	2016-03-02 01:58:28	40085	1456855108733	977
2	3	2016-03-02 01:58:28	40084	1456855108881	978
2	7	2016-03-02 01:58:28	40020	1456855108987	979
2	2	2016-03-02 01:58:29	40073	1456855109159	980
2	2	2016-03-02 01:58:29	40065	1456855109165	981
1	6	2016-03-02 01:58:29	40122	1456855109242	982
1	22	2016-03-02 01:58:29	40065	1456855109499	983
1	15	2016-03-02 01:58:29	40084	1456855109818	984
1	5	2016-03-02 01:58:30	40073	1456855110084	985
2	7	2016-03-02 01:58:30	40038	1456855110211	986
2	7	2016-03-02 01:58:30	40016	1456855110219	987
2	7	2016-03-02 01:58:30	40040	1456855110242	988
2	7	2016-03-02 01:58:30	40055	1456855110249	989
1	25	2016-03-02 01:58:30	40020	1456855110383	990
2	7	2016-03-02 01:58:30	40124	1456855110498	991
1	14	2016-03-02 01:58:30	40016	1456855110636	992
1	25	2016-03-02 01:58:30	40040	1456855110815	993
2	7	2016-03-02 01:58:30	40132	1456855110913	994
2	7	2016-03-02 01:58:31	40045	1456855111196	995
1	6	2016-03-02 01:58:31	40124	1456855111357	996
2	7	2016-03-02 01:58:31	40024	1456855111363	997
1	12	2016-03-02 01:58:31	40038	1456855111461	998
2	7	2016-03-02 01:58:31	40046	1456855111515	999
1	26	2016-03-02 01:58:31	40045	1456855111674	1000
1	19	2016-03-02 01:58:31	40055	1456855111989	1001
1	1	2016-03-02 01:58:32	40132	1456855112123	1002
1	5	2016-03-02 01:58:32	40024	1456855112190	1003
2	3	2016-03-02 01:58:32	40045	1456855112327	1004
1	23	2016-03-02 01:58:32	40046	1456855112472	1005
2	7	2016-03-02 01:58:32	40075	1456855112538	1006
2	7	2016-03-02 01:58:32	40068	1456855112765	1007
2	7	2016-03-02 01:58:32	40077	1456855112956	1008
2	7	2016-03-02 01:58:33	40128	1456855113014	1009
2	7	2016-03-02 01:58:33	40005	1456855113219	1010
1	26	2016-03-02 01:58:33	40075	1456855113350	1011
1	26	2016-03-02 01:58:33	40077	1456855113354	1012
2	7	2016-03-02 01:58:33	40076	1456855113385	1013
2	7	2016-03-02 01:58:33	40017	1456855113503	1014
2	7	2016-03-02 01:58:33	40019	1456855113643	1015
1	24	2016-03-02 01:58:33	40045	1456855113745	1016
1	24	2016-03-02 01:58:33	40128	1456855113751	1017
2	7	2016-03-02 01:58:33	40063	1456855113767	1018
2	3	2016-03-02 01:58:33	40077	1456855113832	1019
2	7	2016-03-02 01:58:33	40059	1456855113910	1020
1	10	2016-03-02 01:58:33	40019	1456855113947	1021
1	15	2016-03-02 01:58:34	40076	1456855114022	1022
1	17	2016-03-02 01:58:34	40017	1456855114055	1023
1	18	2016-03-02 01:58:34	40059	1456855114069	1024
1	24	2016-03-02 01:58:34	40077	1456855114166	1025
2	7	2016-03-02 01:58:34	40037	1456855114167	1026
1	0	2016-03-02 01:58:34	40068	1456855114214	1027
1	5	2016-03-02 01:58:34	40005	1456855114291	1028
2	3	2016-03-02 01:58:34	40119	1456855114455	1029
1	4	2016-03-02 01:58:34	40037	1456855114708	1030
1	19	2016-03-02 01:58:34	40119	1456855114931	1031
2	7	2016-03-02 01:58:34	40048	1456855114994	1032
2	3	2016-03-02 01:58:35	40054	1456855115087	1033
1	4	2016-03-02 01:58:35	40063	1456855115119	1034
2	7	2016-03-02 01:58:35	40015	1456855115315	1035
2	7	2016-03-02 01:58:35	40071	1456855115699	1036
2	7	2016-03-02 01:58:35	40047	1456855115741	1037
2	3	2016-03-02 01:58:35	40073	1456855115786	1038
1	21	2016-03-02 01:58:35	40048	1456855115805	1039
2	7	2016-03-02 01:58:36	40030	1456855116021	1040
1	9	2016-03-02 01:58:36	40054	1456855116043	1041
1	16	2016-03-02 01:58:36	40015	1456855116147	1042
2	7	2016-03-02 01:58:36	40002	1456855116171	1043
2	7	2016-03-02 01:58:36	40135	1456855116292	1044
1	26	2016-03-02 01:58:36	40071	1456855116304	1045
1	15	2016-03-02 01:58:36	40073	1456855116567	1046
1	2	2016-03-02 01:58:36	40047	1456855116776	1047
1	3	2016-03-02 01:58:36	40002	1456855116787	1048
2	7	2016-03-02 01:58:36	40008	1456855116891	1049
1	24	2016-03-02 01:58:37	40030	1456855117120	1050
2	7	2016-03-02 01:58:37	40020	1456855117424	1051
1	10	2016-03-02 01:58:37	40135	1456855117742	1052
1	16	2016-03-02 01:58:37	40008	1456855117835	1053
1	2	2016-03-02 01:58:38	40020	1456855118464	1054
2	7	2016-03-02 01:58:38	40038	1456855118644	1055
2	7	2016-03-02 01:58:38	40016	1456855118659	1056
2	7	2016-03-02 01:58:38	40040	1456855118675	1057
2	7	2016-03-02 01:58:38	40124	1456855118927	1058
2	7	2016-03-02 01:58:38	40118	1456855118934	1059
2	7	2016-03-02 01:58:38	40120	1456855118950	1060
2	7	2016-03-02 01:58:39	40035	1456855119040	1061
1	26	2016-03-02 01:58:39	40035	1456855119262	1062
2	7	2016-03-02 01:58:39	40132	1456855119352	1063
1	8	2016-03-02 01:58:39	40124	1456855119404	1064
1	23	2016-03-02 01:58:39	40016	1456855119631	1065
1	2	2016-03-02 01:58:39	40118	1456855119730	1066
1	6	2016-03-02 01:58:39	40038	1456855119792	1067
2	7	2016-03-02 01:58:39	40024	1456855119802	1068
2	7	2016-03-02 01:58:39	40046	1456855119952	1069
1	19	2016-03-02 01:58:39	40120	1456855119999	1070
1	20	2016-03-02 01:58:40	40040	1456855120014	1071
1	3	2016-03-02 01:58:40	40132	1456855120164	1072
1	4	2016-03-02 01:58:40	40024	1456855120183	1073
1	10	2016-03-02 01:58:40	40046	1456855120702	1074
2	7	2016-03-02 01:58:40	40045	1456855120898	1075
2	7	2016-03-02 01:58:41	40068	1456855121201	1076
2	7	2016-03-02 01:58:41	40075	1456855121310	1077
2	3	2016-03-02 01:58:41	40077	1456855121619	1078
2	7	2016-03-02 01:58:41	40005	1456855121655	1079
1	0	2016-03-02 01:58:41	40068	1456855121806	1080
1	5	2016-03-02 01:58:41	40075	1456855121883	1081
2	7	2016-03-02 01:58:42	40019	1456855122079	1082
1	25	2016-03-02 01:58:42	40045	1456855122204	1083
2	7	2016-03-02 01:58:42	40063	1456855122217	1084
1	5	2016-03-02 01:58:42	40005	1456855122303	1085
2	7	2016-03-02 01:58:42	40059	1456855122350	1086
2	7	2016-03-02 01:58:42	40069	1456855122402	1087
1	12	2016-03-02 01:58:42	40063	1456855122424	1088
1	6	2016-03-02 01:58:42	40059	1456855122748	1089
1	4	2016-03-02 01:58:43	40077	1456855123132	1090
1	13	2016-03-02 01:58:43	40019	1456855123275	1091
1	13	2016-03-02 01:58:43	40069	1456855123276	1092
2	7	2016-03-02 01:58:43	40048	1456855123422	1093
2	7	2016-03-02 01:58:43	40054	1456855123746	1094
2	7	2016-03-02 01:58:43	40015	1456855123751	1095
2	7	2016-03-02 01:58:43	40076	1456855123835	1096
2	7	2016-03-02 01:58:44	40001	1456855124063	1097
1	16	2016-03-02 01:58:44	40048	1456855124169	1098
2	7	2016-03-02 01:58:44	40030	1456855124559	1099
2	7	2016-03-02 01:58:44	40002	1456855124611	1100
1	18	2016-03-02 01:58:44	40015	1456855124620	1101
2	3	2016-03-02 01:58:44	40048	1456855124662	1102
1	3	2016-03-02 01:58:44	40054	1456855124815	1103
2	7	2016-03-02 01:58:44	40135	1456855124849	1104
1	6	2016-03-02 01:58:44	40001	1456855124851	1105
1	6	2016-03-02 01:58:44	40076	1456855124854	1106
1	0	2016-03-02 01:58:45	40002	1456855125179	1107
2	7	2016-03-02 01:58:45	40017	1456855125311	1108
2	7	2016-03-02 01:58:45	40008	1456855125327	1109
1	16	2016-03-02 01:58:45	40135	1456855125438	1110
2	7	2016-03-02 01:58:45	40034	1456855125532	1111
2	3	2016-03-02 01:58:45	40033	1456855125579	1112
1	6	2016-03-02 01:58:45	40017	1456855125695	1113
2	7	2016-03-02 01:58:45	40020	1456855125859	1114
1	18	2016-03-02 01:58:45	40030	1456855125882	1115
1	1	2016-03-02 01:58:46	40008	1456855126039	1116
1	10	2016-03-02 01:58:46	40034	1456855126185	1117
1	12	2016-03-02 01:58:46	40033	1456855126216	1118
1	22	2016-03-02 01:58:46	40048	1456855126380	1119
2	7	2016-03-02 01:58:46	40051	1456855126456	1120
2	7	2016-03-02 01:58:46	40119	1456855126518	1121
1	8	2016-03-02 01:58:46	40020	1456855126571	1122
2	3	2016-03-02 01:58:47	40017	1456855127031	1123
2	7	2016-03-02 01:58:47	40038	1456855127077	1124
2	7	2016-03-02 01:58:47	40071	1456855127090	1125
2	7	2016-03-02 01:58:47	40016	1456855127095	1126
2	7	2016-03-02 01:58:47	40040	1456855127109	1127
1	3	2016-03-02 01:58:47	40017	1456855127335	1128
1	8	2016-03-02 01:58:47	40119	1456855127424	1129
1	20	2016-03-02 01:58:47	40040	1456855127603	1130
2	7	2016-03-02 01:58:47	40132	1456855127792	1131
2	7	2016-03-02 01:58:47	40035	1456855127802	1132
1	21	2016-03-02 01:58:48	40051	1456855128046	1133
1	23	2016-03-02 01:58:48	40071	1456855128078	1134
1	6	2016-03-02 01:58:48	40038	1456855128225	1135
2	7	2016-03-02 01:58:48	40024	1456855128241	1136
1	7	2016-03-02 01:58:48	40016	1456855128243	1137
2	7	2016-03-02 01:58:48	40046	1456855128389	1138
1	7	2016-03-02 01:58:48	40132	1456855128667	1139
1	14	2016-03-02 01:58:49	40035	1456855129202	1140
1	21	2016-03-02 01:58:49	40024	1456855129306	1141
2	7	2016-03-02 01:58:49	40045	1456855129341	1142
1	9	2016-03-02 01:58:49	40046	1456855129537	1143
2	7	2016-03-02 01:58:49	40068	1456855129653	1144
1	2	2016-03-02 01:58:49	40068	1456855129860	1145
2	7	2016-03-02 01:58:50	40077	1456855130074	1146
2	7	2016-03-02 01:58:50	40005	1456855130095	1147
2	7	2016-03-02 01:58:50	40019	1456855130515	1148
1	24	2016-03-02 01:58:50	40045	1456855130616	1149
2	7	2016-03-02 01:58:50	40063	1456855130668	1150
2	7	2016-03-02 01:58:50	40059	1456855130789	1151
1	20	2016-03-02 01:58:50	40005	1456855130975	1152
2	7	2016-03-02 01:58:51	40069	1456855131000	1153
1	4	2016-03-02 01:58:51	40077	1456855131157	1154
1	16	2016-03-02 01:58:51	40019	1456855131339	1155
1	14	2016-03-02 01:58:51	40059	1456855131729	1156
1	8	2016-03-02 01:58:52	40063	1456855132053	1157
2	7	2016-03-02 01:58:52	40015	1456855132187	1158
2	7	2016-03-02 01:58:52	40054	1456855132230	1159
1	20	2016-03-02 01:58:52	40069	1456855132240	1160
2	7	2016-03-02 01:58:52	40076	1456855132277	1161
1	25	2016-03-02 01:58:52	40015	1456855132744	1162
1	12	2016-03-02 01:58:52	40076	1456855132962	1163
2	7	2016-03-02 01:58:53	40002	1456855133047	1164
2	7	2016-03-02 01:58:53	40048	1456855133137	1165
1	25	2016-03-02 01:58:53	40054	1456855133586	1166
1	6	2016-03-02 01:58:53	40002	1456855133711	1167
2	3	2016-03-02 01:58:53	40076	1456855133743	1168
2	7	2016-03-02 01:58:54	40008	1456855134111	1169
1	13	2016-03-02 01:58:54	40048	1456855134251	1170
2	7	2016-03-02 01:58:54	40051	1456855134901	1171
2	7	2016-03-02 01:58:55	40030	1456855135009	1172
2	7	2016-03-02 01:58:55	40136	1456855135028	1173
1	25	2016-03-02 01:58:55	40008	1456855135276	1174
1	26	2016-03-02 01:58:55	40076	1456855135288	1175
2	7	2016-03-02 01:58:55	40016	1456855135531	1176
2	7	2016-03-02 01:58:55	40040	1456855135558	1177
1	23	2016-03-02 01:58:55	40136	1456855135664	1178
2	7	2016-03-02 01:58:55	40135	1456855135828	1179
1	6	2016-03-02 01:58:55	40040	1456855135829	1180
1	18	2016-03-02 01:58:56	40030	1456855136013	1181
1	0	2016-03-02 01:58:56	40051	1456855136157	1182
2	7	2016-03-02 01:58:56	40035	1456855136247	1183
1	23	2016-03-02 01:58:56	40035	1456855136517	1184
1	3	2016-03-02 01:58:56	40135	1456855136624	1185
1	5	2016-03-02 01:58:56	40016	1456855136647	1186
2	7	2016-03-02 01:58:56	40024	1456855136680	1187
2	7	2016-03-02 01:58:56	40046	1456855136825	1188
1	26	2016-03-02 01:58:56	40024	1456855136981	1189
2	3	2016-03-02 01:58:57	40038	1456855137424	1190
1	7	2016-03-02 01:58:57	40046	1456855137527	1191
1	13	2016-03-02 01:58:57	40038	1456855137615	1192
2	7	2016-03-02 01:58:57	40047	1456855137670	1193
2	7	2016-03-02 01:58:57	40132	1456855137918	1194
2	7	2016-03-02 01:58:57	40045	1456855137991	1195
2	7	2016-03-02 01:58:58	40068	1456855138090	1196
2	7	2016-03-02 01:58:58	40131	1456855138245	1197
2	7	2016-03-02 01:58:58	40077	1456855138498	1198
2	7	2016-03-02 01:58:58	40055	1456855138522	1199
2	7	2016-03-02 01:58:58	40005	1456855138531	1200
1	5	2016-03-02 01:58:58	40047	1456855138768	1201
2	7	2016-03-02 01:58:58	40019	1456855138956	1202
1	18	2016-03-02 01:58:58	40131	1456855138960	1203
1	19	2016-03-02 01:58:58	40055	1456855138984	1204
1	0	2016-03-02 01:58:59	40132	1456855139113	1205
2	7	2016-03-02 01:58:59	40063	1456855139134	1206
1	4	2016-03-02 01:58:59	40045	1456855139170	1207
1	5	2016-03-02 01:58:59	40019	1456855139179	1208
2	7	2016-03-02 01:58:59	40059	1456855139228	1209
1	10	2016-03-02 01:58:59	40077	1456855139263	1210
2	7	2016-03-02 01:58:59	40069	1456855139551	1211
1	13	2016-03-02 01:58:59	40063	1456855139723	1212
1	16	2016-03-02 01:58:59	40005	1456855139771	1213
1	24	2016-03-02 01:58:59	40059	1456855139897	1214
1	2	2016-03-02 01:58:59	40068	1456855139984	1215
1	7	2016-03-02 01:59:00	40069	1456855140060	1216
2	7	2016-03-02 01:59:00	40015	1456855140623	1217
2	7	2016-03-02 01:59:01	40054	1456855141033	1218
2	7	2016-03-02 01:59:01	40037	1456855141167	1219
1	3	2016-03-02 01:59:01	40054	1456855141256	1220
2	7	2016-03-02 01:59:01	40002	1456855141483	1221
1	18	2016-03-02 01:59:01	40015	1456855141491	1222
2	7	2016-03-02 01:59:01	40048	1456855141565	1223
1	6	2016-03-02 01:59:02	40037	1456855142154	1224
1	10	2016-03-02 01:59:02	40002	1456855142215	1225
2	7	2016-03-02 01:59:02	40076	1456855142488	1226
2	7	2016-03-02 01:59:02	40008	1456855142547	1227
2	7	2016-03-02 01:59:02	40001	1456855142627	1228
1	9	2016-03-02 01:59:03	40048	1456855143044	1229
2	7	2016-03-02 01:59:03	40057	1456855143148	1230
1	26	2016-03-02 01:59:03	40057	1456855143307	1231
2	7	2016-03-02 01:59:03	40030	1456855143436	1232
1	12	2016-03-02 01:59:03	40076	1456855143507	1233
1	14	2016-03-02 01:59:03	40008	1456855143539	1234
1	16	2016-03-02 01:59:03	40001	1456855143571	1235
2	7	2016-03-02 01:59:03	40016	1456855143967	1236
2	7	2016-03-02 01:59:03	40040	1456855143991	1237
2	3	2016-03-02 01:59:04	40005	1456855144091	1238
1	25	2016-03-02 01:59:04	40030	1456855144551	1239
1	20	2016-03-02 01:59:04	40005	1456855144895	1240
2	7	2016-03-02 01:59:05	40024	1456855145118	1241
1	22	2016-03-02 01:59:05	40040	1456855145362	1242
1	25	2016-03-02 01:59:05	40016	1456855145399	1243
2	7	2016-03-02 01:59:05	40046	1456855145677	1244
2	7	2016-03-02 01:59:05	40010	1456855145923	1245
1	6	2016-03-02 01:59:05	40010	1456855145943	1246
1	10	2016-03-02 01:59:06	40024	1456855146008	1247
1	20	2016-03-02 01:59:06	40046	1456855146171	1248
2	7	2016-03-02 01:59:06	40047	1456855146269	1249
2	7	2016-03-02 01:59:06	40045	1456855146419	1250
2	7	2016-03-02 01:59:06	40068	1456855146526	1251
2	7	2016-03-02 01:59:06	40120	1456855146700	1252
2	7	2016-03-02 01:59:06	40077	1456855146938	1253
1	2	2016-03-02 01:59:07	40047	1456855147154	1254
2	7	2016-03-02 01:59:07	40019	1456855147391	1255
1	19	2016-03-02 01:59:07	40120	1456855147415	1256
2	7	2016-03-02 01:59:07	40059	1456855147668	1257
1	19	2016-03-02 01:59:07	40019	1456855147835	1258
1	21	2016-03-02 01:59:07	40045	1456855147868	1259
2	7	2016-03-02 01:59:07	40063	1456855147887	1260
1	17	2016-03-02 01:59:08	40059	1456855148225	1261
1	17	2016-03-02 01:59:08	40077	1456855148228	1262
1	17	2016-03-02 01:59:08	40068	1456855148229	1263
1	8	2016-03-02 01:59:08	40063	1456855148508	1264
2	7	2016-03-02 01:59:08	40017	1456855148515	1265
2	7	2016-03-02 01:59:08	40035	1456855148588	1266
2	3	2016-03-02 01:59:08	40077	1456855148738	1267
1	23	2016-03-02 01:59:08	40017	1456855148739	1268
2	7	2016-03-02 01:59:09	40015	1456855149063	1269
1	23	2016-03-02 01:59:09	40035	1456855149176	1270
2	7	2016-03-02 01:59:09	40038	1456855149221	1271
2	7	2016-03-02 01:59:09	40060	1456855149451	1272
2	7	2016-03-02 01:59:09	40054	1456855149469	1273
2	7	2016-03-02 01:59:09	40055	1456855149477	1274
2	7	2016-03-02 01:59:09	40037	1456855149604	1275
1	26	2016-03-02 01:59:09	40015	1456855149631	1276
2	7	2016-03-02 01:59:09	40002	1456855149919	1277
2	7	2016-03-02 01:59:10	40048	1456855150008	1278
1	11	2016-03-02 01:59:10	40055	1456855150242	1279
1	13	2016-03-02 01:59:10	40060	1456855150279	1280
1	24	2016-03-02 01:59:10	40077	1456855150442	1281
1	3	2016-03-02 01:59:10	40038	1456855150545	1282
1	7	2016-03-02 01:59:10	40037	1456855150607	1283
2	3	2016-03-02 01:59:10	40136	1456855150647	1284
1	13	2016-03-02 01:59:10	40054	1456855150697	1285
2	7	2016-03-02 01:59:10	40075	1456855150840	1286
1	26	2016-03-02 01:59:10	40002	1456855150900	1287
2	7	2016-03-02 01:59:10	40076	1456855150930	1288
2	7	2016-03-02 01:59:10	40008	1456855150983	1289
2	7	2016-03-02 01:59:11	40123	1456855151092	1290
1	15	2016-03-02 01:59:11	40076	1456855151153	1291
1	20	2016-03-02 01:59:11	40136	1456855151235	1292
1	12	2016-03-02 01:59:11	40075	1456855151524	1293
1	24	2016-03-02 01:59:11	40048	1456855151710	1294
1	24	2016-03-02 01:59:11	40008	1456855151711	1295
1	14	2016-03-02 01:59:11	40123	1456855151984	1296
2	7	2016-03-02 01:59:12	40030	1456855152182	1297
2	7	2016-03-02 01:59:12	40016	1456855152407	1298
2	7	2016-03-02 01:59:12	40040	1456855152425	1299
1	9	2016-03-02 01:59:12	40030	1456855152740	1300
2	7	2016-03-02 01:59:12	40005	1456855152875	1301
1	23	2016-03-02 01:59:12	40016	1456855152959	1302
2	7	2016-03-02 01:59:13	40024	1456855153557	1303
1	14	2016-03-02 01:59:13	40040	1456855153812	1304
1	5	2016-03-02 01:59:13	40005	1456855153943	1305
2	7	2016-03-02 01:59:14	40046	1456855154113	1306
2	3	2016-03-02 01:59:14	40016	1456855154220	1307
2	7	2016-03-02 01:59:14	40010	1456855154359	1308
1	6	2016-03-02 01:59:14	40046	1456855154385	1309
1	9	2016-03-02 01:59:14	40010	1456855154427	1310
1	19	2016-03-02 01:59:14	40024	1456855154590	1311
2	7	2016-03-02 01:59:14	40045	1456855154862	1312
2	7	2016-03-02 01:59:15	40068	1456855155074	1313
2	7	2016-03-02 01:59:15	40047	1456855155110	1314
1	7	2016-03-02 01:59:15	40016	1456855155663	1315
1	2	2016-03-02 01:59:16	40068	1456855156013	1316
1	4	2016-03-02 01:59:16	40045	1456855156471	1317
1	22	2016-03-02 01:59:16	40047	1456855156749	1318
2	7	2016-03-02 01:59:17	40077	1456855157258	1319
2	7	2016-03-02 01:59:17	40035	1456855157414	1320
2	7	2016-03-02 01:59:17	40015	1456855157499	1321
1	14	2016-03-02 01:59:17	40015	1456855157879	1322
2	7	2016-03-02 01:59:17	40054	1456855157905	1323
2	7	2016-03-02 01:59:18	40037	1456855158042	1324
1	10	2016-03-02 01:59:18	40077	1456855158245	1325
2	7	2016-03-02 01:59:18	40002	1456855158359	1326
1	20	2016-03-02 01:59:18	40035	1456855158400	1327
1	23	2016-03-02 01:59:18	40037	1456855158869	1328
2	7	2016-03-02 01:59:18	40060	1456855158880	1329
1	25	2016-03-02 01:59:18	40054	1456855158894	1330
1	8	2016-03-02 01:59:19	40002	1456855159051	1331
1	26	2016-03-02 01:59:19	40060	1456855159342	1332
2	7	2016-03-02 01:59:19	40076	1456855159356	1333
2	7	2016-03-02 01:59:19	40136	1456855159482	1334
2	7	2016-03-02 01:59:19	40063	1456855159584	1335
1	3	2016-03-02 01:59:19	40063	1456855159823	1336
1	24	2016-03-02 01:59:20	40076	1456855160153	1337
1	4	2016-03-02 01:59:20	40136	1456855160260	1338
2	7	2016-03-02 01:59:20	40059	1456855160741	1339
2	7	2016-03-02 01:59:20	40040	1456855160858	1340
2	7	2016-03-02 01:59:21	40005	1456855161311	1341
1	17	2016-03-02 01:59:21	40059	1456855161728	1342
1	17	2016-03-02 01:59:21	40040	1456855161735	1343
2	7	2016-03-02 01:59:21	40024	1456855161996	1344
2	3	2016-03-02 01:59:22	40059	1456855162238	1345
1	13	2016-03-02 01:59:22	40005	1456855162507	1346
2	3	2016-03-02 01:59:22	40040	1456855162548	1347
1	16	2016-03-02 01:59:22	40024	1456855162552	1348
2	7	2016-03-02 01:59:22	40046	1456855162710	1349
2	7	2016-03-02 01:59:22	40130	1456855162802	1350
1	12	2016-03-02 01:59:22	40059	1456855162923	1351
2	7	2016-03-02 01:59:22	40016	1456855162983	1352
2	7	2016-03-02 01:59:23	40045	1456855163305	1353
1	10	2016-03-02 01:59:23	40046	1456855163316	1354
1	12	2016-03-02 01:59:23	40016	1456855163335	1355
2	7	2016-03-02 01:59:23	40068	1456855163510	1356
2	7	2016-03-02 01:59:23	40047	1456855163544	1357
1	22	2016-03-02 01:59:23	40130	1456855163917	1358
2	7	2016-03-02 01:59:23	40034	1456855163928	1359
1	2	2016-03-02 01:59:24	40040	1456855164031	1360
2	3	2016-03-02 01:59:24	40077	1456855164248	1361
1	4	2016-03-02 01:59:24	40045	1456855164484	1362
1	13	2016-03-02 01:59:24	40068	1456855164624	1363
1	16	2016-03-02 01:59:24	40034	1456855164661	1364
2	7	2016-03-02 01:59:24	40038	1456855164829	1365
2	7	2016-03-02 01:59:24	40123	1456855164941	1366
1	10	2016-03-02 01:59:24	40047	1456855164992	1367
1	17	2016-03-02 01:59:25	40077	1456855165522	1368
2	7	2016-03-02 01:59:25	40132	1456855165752	1369
2	7	2016-03-02 01:59:25	40015	1456855165935	1370
1	18	2016-03-02 01:59:25	40038	1456855165961	1371
1	25	2016-03-02 01:59:26	40132	1456855166070	1372
2	7	2016-03-02 01:59:26	40035	1456855166145	1373
1	6	2016-03-02 01:59:26	40123	1456855166198	1374
2	7	2016-03-02 01:59:26	40054	1456855166342	1375
2	7	2016-03-02 01:59:26	40002	1456855166796	1376
2	3	2016-03-02 01:59:26	40123	1456855166819	1377
2	7	2016-03-02 01:59:26	40037	1456855166861	1378
2	3	2016-03-02 01:59:26	40132	1456855166914	1379
1	2	2016-03-02 01:59:26	40035	1456855166987	1380
1	4	2016-03-02 01:59:27	40015	1456855167007	1381
1	14	2016-03-02 01:59:27	40054	1456855167171	1382
2	7	2016-03-02 01:59:27	40135	1456855167346	1383
1	14	2016-03-02 01:59:27	40037	1456855167593	1384
1	15	2016-03-02 01:59:27	40123	1456855167599	1385
1	26	2016-03-02 01:59:27	40002	1456855167771	1386
2	7	2016-03-02 01:59:27	40076	1456855167799	1387
2	7	2016-03-02 01:59:27	40136	1456855167919	1388
2	7	2016-03-02 01:59:28	40048	1456855168151	1389
1	3	2016-03-02 01:59:28	40135	1456855168255	1390
1	3	2016-03-02 01:59:28	40132	1456855168268	1391
1	16	2016-03-02 01:59:28	40136	1456855168888	1392
1	20	2016-03-02 01:59:28	40076	1456855168946	1393
2	3	2016-03-02 01:59:29	40135	1456855169099	1394
1	3	2016-03-02 01:59:29	40048	1456855169105	1395
2	7	2016-03-02 01:59:29	40005	1456855169748	1396
2	7	2016-03-02 01:59:30	40118	1456855170040	1397
1	10	2016-03-02 01:59:30	40135	1456855170055	1398
2	7	2016-03-02 01:59:30	40024	1456855170419	1399
1	13	2016-03-02 01:59:30	40005	1456855170520	1400
1	21	2016-03-02 01:59:30	40024	1456855170657	1401
2	7	2016-03-02 01:59:30	40059	1456855170869	1402
1	13	2016-03-02 01:59:30	40118	1456855170947	1403
2	7	2016-03-02 01:59:30	40057	1456855170981	1404
2	7	2016-03-02 01:59:30	40040	1456855170982	1405
2	7	2016-03-02 01:59:31	40046	1456855171146	1406
2	3	2016-03-02 01:59:31	40123	1456855171451	1407
1	22	2016-03-02 01:59:31	40059	1456855171506	1408
1	2	2016-03-02 01:59:31	40040	1456855171619	1409
2	7	2016-03-02 01:59:31	40030	1456855171712	1410
1	12	2016-03-02 01:59:31	40057	1456855171777	1411
1	12	2016-03-02 01:59:31	40046	1456855171784	1412
2	7	2016-03-02 01:59:31	40016	1456855171812	1413
2	7	2016-03-02 01:59:32	40068	1456855172248	1414
2	7	2016-03-02 01:59:32	40034	1456855172369	1415
1	26	2016-03-02 01:59:32	40123	1456855172422	1416
1	5	2016-03-02 01:59:32	40030	1456855172509	1417
2	7	2016-03-02 01:59:32	40077	1456855172704	1418
2	7	2016-03-02 01:59:32	40045	1456855172880	1419
1	7	2016-03-02 01:59:32	40034	1456855172958	1420
2	7	2016-03-02 01:59:33	40038	1456855173263	1421
1	4	2016-03-02 01:59:33	40077	1456855173341	1422
1	13	2016-03-02 01:59:33	40068	1456855173480	1423
2	3	2016-03-02 01:59:33	40123	1456855173568	1424
1	23	2016-03-02 01:59:33	40016	1456855173632	1425
1	24	2016-03-02 01:59:34	40045	1456855174075	1426
1	9	2016-03-02 01:59:34	40038	1456855174267	1427
2	7	2016-03-02 01:59:34	40063	1456855174321	1428
2	7	2016-03-02 01:59:34	40015	1456855174372	1429
1	21	2016-03-02 01:59:34	40123	1456855174444	1430
2	7	2016-03-02 01:59:34	40035	1456855174700	1431
2	7	2016-03-02 01:59:34	40054	1456855174783	1432
2	7	2016-03-02 01:59:34	40075	1456855174973	1433
1	4	2016-03-02 01:59:35	40035	1456855175034	1434
1	6	2016-03-02 01:59:35	40015	1456855175052	1435
2	7	2016-03-02 01:59:35	40002	1456855175232	1436
1	2	2016-03-02 01:59:35	40063	1456855175419	1437
2	7	2016-03-02 01:59:35	40132	1456855175465	1438
1	26	2016-03-02 01:59:35	40075	1456855175785	1439
1	12	2016-03-02 01:59:35	40002	1456855175992	1440
1	14	2016-03-02 01:59:36	40132	1456855176022	1441
2	7	2016-03-02 01:59:36	40076	1456855176241	1442
1	6	2016-03-02 01:59:36	40054	1456855176325	1443
2	2	2016-03-02 01:59:36	40119	1456855176617	1444
2	2	2016-03-02 01:59:36	40139	1456855176617	1445
2	2	2016-03-02 01:59:36	40137	1456855176618	1446
2	2	2016-03-02 01:59:36	40131	1456855176623	1447
1	6	2016-03-02 01:59:36	40119	1456855176744	1448
2	2	2016-03-02 01:59:36	40133	1456855176750	1449
1	9	2016-03-02 01:59:36	40131	1456855176782	1450
2	2	2016-03-02 01:59:36	40135	1456855176795	1451
2	2	2016-03-02 01:59:36	40122	1456855176797	1452
2	7	2016-03-02 01:59:36	40048	1456855176928	1453
1	22	2016-03-02 01:59:36	40133	1456855176989	1454
1	0	2016-03-02 01:59:37	40137	1456855177063	1455
1	3	2016-03-02 01:59:37	40076	1456855177117	1456
1	7	2016-03-02 01:59:37	40139	1456855177174	1457
1	17	2016-03-02 01:59:37	40135	1456855177337	1458
2	2	2016-03-02 01:59:37	40132	1456855177344	1459
2	2	2016-03-02 01:59:37	40073	1456855177435	1460
1	1	2016-03-02 01:59:37	40122	1456855177513	1461
2	2	2016-03-02 01:59:37	40138	1456855177520	1462
2	2	2016-03-02 01:59:37	40123	1456855177643	1463
1	22	2016-03-02 01:59:37	40048	1456855177834	1464
2	7	2016-03-02 01:59:37	40058	1456855177946	1465
2	7	2016-03-02 01:59:38	40081	1456855178051	1466
2	7	2016-03-02 01:59:38	40005	1456855178188	1467
1	24	2016-03-02 01:59:38	40123	1456855178280	1468
2	2	2016-03-02 01:59:38	40076	1456855178296	1469
2	2	2016-03-02 01:59:38	40120	1456855178296	1470
2	2	2016-03-02 01:59:38	40069	1456855178301	1471
1	4	2016-03-02 01:59:38	40073	1456855178391	1472
2	7	2016-03-02 01:59:38	40118	1456855178478	1473
2	2	2016-03-02 01:59:38	40136	1456855178819	1474
2	2	2016-03-02 01:59:38	40117	1456855178819	1475
2	2	2016-03-02 01:59:38	40065	1456855178820	1476
2	2	2016-03-02 01:59:38	40085	1456855178823	1477
1	4	2016-03-02 01:59:38	40132	1456855178825	1478
2	2	2016-03-02 01:59:38	40082	1456855178825	1479
2	2	2016-03-02 01:59:38	40118	1456855178828	1480
1	5	2016-03-02 01:59:38	40076	1456855178838	1481
1	5	2016-03-02 01:59:38	40138	1456855178840	1482
2	2	2016-03-02 01:59:38	40079	1456855178845	1483
2	2	2016-03-02 01:59:38	40077	1456855178851	1484
2	2	2016-03-02 01:59:38	40078	1456855178852	1485
2	2	2016-03-02 01:59:38	40068	1456855178854	1486
2	2	2016-03-02 01:59:38	40063	1456855178857	1487
2	2	2016-03-02 01:59:38	40075	1456855178857	1488
2	7	2016-03-02 01:59:38	40024	1456855178858	1489
2	2	2016-03-02 01:59:38	40080	1456855178859	1490
2	2	2016-03-02 01:59:38	40072	1456855178861	1491
2	2	2016-03-02 01:59:38	40081	1456855178863	1492
1	7	2016-03-02 01:59:38	40005	1456855178864	1493
2	3	2016-03-02 01:59:38	40059	1456855178926	1494
2	7	2016-03-02 01:59:39	40056	1456855179005	1495
1	18	2016-03-02 01:59:39	40120	1456855179043	1496
1	23	2016-03-02 01:59:39	40117	1456855179122	1497
2	2	2016-03-02 01:59:39	40128	1456855179122	1498
2	2	2016-03-02 01:59:39	40126	1456855179123	1499
2	2	2016-03-02 01:59:39	40124	1456855179124	1500
2	2	2016-03-02 01:59:39	40130	1456855179124	1501
1	26	2016-03-02 01:59:39	40085	1456855179158	1502
2	2	2016-03-02 01:59:39	40070	1456855179171	1503
1	1	2016-03-02 01:59:39	40069	1456855179191	1504
2	2	2016-03-02 01:59:39	40083	1456855179194	1505
1	1	2016-03-02 01:59:39	40136	1456855179200	1506
1	15	2016-03-02 01:59:39	40078	1456855179409	1507
2	2	2016-03-02 01:59:39	40008	1456855179412	1508
1	15	2016-03-02 01:59:39	40058	1456855179412	1509
1	15	2016-03-02 01:59:39	40063	1456855179414	1510
2	7	2016-03-02 01:59:39	40057	1456855179420	1511
2	2	2016-03-02 01:59:39	40064	1456855179427	1512
2	7	2016-03-02 01:59:39	40040	1456855179431	1513
1	21	2016-03-02 01:59:39	40082	1456855179510	1514
1	25	2016-03-02 01:59:39	40118	1456855179560	1515
1	25	2016-03-02 01:59:39	40077	1456855179568	1516
1	25	2016-03-02 01:59:39	40065	1456855179569	1517
1	0	2016-03-02 01:59:39	40083	1456855179593	1518
2	2	2016-03-02 01:59:39	40017	1456855179600	1519
2	2	2016-03-02 01:59:39	40019	1456855179600	1520
1	2	2016-03-02 01:59:39	40079	1456855179626	1521
1	3	2016-03-02 01:59:39	40024	1456855179652	1522
1	4	2016-03-02 01:59:39	40059	1456855179674	1523
1	6	2016-03-02 01:59:39	40072	1456855179690	1524
2	2	2016-03-02 01:59:39	40071	1456855179699	1525
1	7	2016-03-02 01:59:39	40019	1456855179704	1526
2	2	2016-03-02 01:59:39	40012	1456855179713	1527
2	2	2016-03-02 01:59:39	40026	1456855179714	1528
2	2	2016-03-02 01:59:39	40002	1456855179720	1529
1	8	2016-03-02 01:59:39	40130	1456855179730	1530
1	9	2016-03-02 01:59:39	40080	1456855179736	1531
1	11	2016-03-02 01:59:39	40128	1456855179776	1532
1	14	2016-03-02 01:59:39	40124	1456855179823	1533
1	17	2016-03-02 01:59:39	40075	1456855179860	1534
1	20	2016-03-02 01:59:39	40056	1456855179912	1535
2	2	2016-03-02 01:59:39	40067	1456855179918	1536
1	20	2016-03-02 01:59:39	40070	1456855179919	1537
1	24	2016-03-02 01:59:39	40008	1456855179968	1538
2	7	2016-03-02 01:59:39	40036	1456855179974	1539
2	2	2016-03-02 01:59:39	40001	1456855179976	1540
2	2	2016-03-02 01:59:39	40004	1456855179976	1541
2	2	2016-03-02 01:59:39	40014	1456855179976	1542
2	2	2016-03-02 01:59:39	40009	1456855179976	1543
2	2	2016-03-02 01:59:39	40053	1456855179998	1544
2	3	2016-03-02 01:59:40	40063	1456855180002	1545
1	7	2016-03-02 01:59:40	40067	1456855180125	1546
1	7	2016-03-02 01:59:40	40071	1456855180129	1547
2	2	2016-03-02 01:59:40	40010	1456855180132	1548
2	2	2016-03-02 01:59:40	40074	1456855180135	1549
1	12	2016-03-02 01:59:40	40064	1456855180206	1550
1	13	2016-03-02 01:59:40	40017	1456855180220	1551
1	13	2016-03-02 01:59:40	40068	1456855180223	1552
2	2	2016-03-02 01:59:40	40051	1456855180226	1553
2	2	2016-03-02 01:59:40	40039	1456855180239	1554
2	7	2016-03-02 01:59:40	40016	1456855180248	1555
1	15	2016-03-02 01:59:40	40036	1456855180261	1556
1	18	2016-03-02 01:59:40	40001	1456855180296	1557
1	19	2016-03-02 01:59:40	40040	1456855180324	1558
1	25	2016-03-02 01:59:40	40010	1456855180408	1559
2	2	2016-03-02 01:59:40	40013	1456855180413	1560
1	25	2016-03-02 01:59:40	40026	1456855180413	1561
2	2	2016-03-02 01:59:40	40036	1456855180420	1562
1	25	2016-03-02 01:59:40	40057	1456855180423	1563
2	2	2016-03-02 01:59:40	40037	1456855180425	1564
1	3	2016-03-02 01:59:40	40081	1456855180488	1565
2	2	2016-03-02 01:59:40	40040	1456855180499	1566
1	4	2016-03-02 01:59:40	40016	1456855180504	1567
1	5	2016-03-02 01:59:40	40126	1456855180522	1568
2	2	2016-03-02 01:59:40	40046	1456855180524	1569
1	5	2016-03-02 01:59:40	40053	1456855180524	1570
1	6	2016-03-02 01:59:40	40013	1456855180532	1571
2	2	2016-03-02 01:59:40	40056	1456855180533	1572
2	2	2016-03-02 01:59:40	40057	1456855180534	1573
2	2	2016-03-02 01:59:40	40011	1456855180548	1574
2	2	2016-03-02 01:59:40	40020	1456855180548	1575
2	2	2016-03-02 01:59:40	40018	1456855180548	1576
2	3	2016-03-02 01:59:40	40019	1456855180560	1577
1	8	2016-03-02 01:59:40	40009	1456855180565	1578
1	8	2016-03-02 01:59:40	40002	1456855180565	1579
2	2	2016-03-02 01:59:40	40005	1456855180588	1580
1	10	2016-03-02 01:59:40	40012	1456855180596	1581
1	16	2016-03-02 01:59:40	40019	1456855180688	1582
1	18	2016-03-02 01:59:40	40018	1456855180720	1583
2	2	2016-03-02 01:59:40	40035	1456855180727	1584
2	2	2016-03-02 01:59:40	40007	1456855180728	1585
1	21	2016-03-02 01:59:40	40046	1456855180779	1586
1	23	2016-03-02 01:59:40	40004	1456855180796	1587
1	0	2016-03-02 01:59:40	40014	1456855180860	1588
2	2	2016-03-02 01:59:40	40066	1456855180866	1589
2	2	2016-03-02 01:59:40	40003	1456855180868	1590
2	2	2016-03-02 01:59:40	40016	1456855180868	1591
1	2	2016-03-02 01:59:40	40036	1456855180897	1592
2	2	2016-03-02 01:59:40	40038	1456855180899	1593
1	3	2016-03-02 01:59:40	40037	1456855180918	1594
2	2	2016-03-02 01:59:40	40060	1456855180923	1595
2	2	2016-03-02 01:59:40	40033	1456855180924	1596
1	6	2016-03-02 01:59:40	40039	1456855180956	1597
1	12	2016-03-02 01:59:41	40016	1456855181048	1598
2	2	2016-03-02 01:59:41	40006	1456855181056	1599
2	2	2016-03-02 01:59:41	40015	1456855181056	1600
1	14	2016-03-02 01:59:41	40051	1456855181085	1601
2	2	2016-03-02 01:59:41	40084	1456855181088	1602
1	14	2016-03-02 01:59:41	40074	1456855181090	1603
2	2	2016-03-02 01:59:41	40054	1456855181093	1604
2	2	2016-03-02 01:59:41	40030	1456855181095	1605
2	2	2016-03-02 01:59:41	40047	1456855181096	1606
2	2	2016-03-02 01:59:41	40055	1456855181098	1607
1	17	2016-03-02 01:59:41	40011	1456855181124	1608
2	3	2016-03-02 01:59:41	40018	1456855181293	1609
1	1	2016-03-02 01:59:41	40015	1456855181296	1610
1	1	2016-03-02 01:59:41	40020	1456855181296	1611
1	1	2016-03-02 01:59:41	40003	1456855181296	1612
2	7	2016-03-02 01:59:41	40045	1456855181323	1613
2	3	2016-03-02 01:59:41	40067	1456855181382	1614
1	7	2016-03-02 01:59:41	40084	1456855181390	1615
1	10	2016-03-02 01:59:41	40007	1456855181441	1616
1	10	2016-03-02 01:59:41	40035	1456855181443	1617
1	11	2016-03-02 01:59:41	40005	1456855181456	1618
2	2	2016-03-02 01:59:41	40048	1456855181459	1619
1	11	2016-03-02 01:59:41	40033	1456855181466	1620
2	2	2016-03-02 01:59:41	40059	1456855181474	1621
2	2	2016-03-02 01:59:41	40027	1456855181478	1622
1	12	2016-03-02 01:59:41	40055	1456855181481	1623
2	2	2016-03-02 01:59:41	40058	1456855181482	1624
2	2	2016-03-02 01:59:41	40045	1456855181514	1625
1	15	2016-03-02 01:59:41	40038	1456855181521	1626
1	15	2016-03-02 01:59:41	40057	1456855181521	1627
1	16	2016-03-02 01:59:41	40063	1456855181538	1628
2	2	2016-03-02 01:59:41	40028	1456855181538	1629
1	16	2016-03-02 01:59:41	40054	1456855181555	1630
1	25	2016-03-02 01:59:41	40047	1456855181685	1631
1	6	2016-03-02 01:59:41	40056	1456855181806	1632
1	7	2016-03-02 01:59:41	40060	1456855181815	1633
1	11	2016-03-02 01:59:41	40006	1456855181876	1634
2	3	2016-03-02 01:59:41	40015	1456855181884	1635
1	18	2016-03-02 01:59:41	40067	1456855181987	1636
1	19	2016-03-02 01:59:41	40040	1456855181998	1637
1	19	2016-03-02 01:59:42	40066	1456855182011	1638
1	20	2016-03-02 01:59:42	40030	1456855182019	1639
2	3	2016-03-02 01:59:42	40033	1456855182182	1640
1	7	2016-03-02 01:59:42	40028	1456855182244	1641
2	2	2016-03-02 01:59:42	40031	1456855182245	1642
2	2	2016-03-02 01:59:42	40025	1456855182253	1643
2	2	2016-03-02 01:59:42	40034	1456855182259	1644
1	8	2016-03-02 01:59:42	40045	1456855182263	1645
2	2	2016-03-02 01:59:42	40032	1456855182272	1646
2	3	2016-03-02 01:59:42	40020	1456855182288	1647
1	20	2016-03-02 01:59:42	40018	1456855182436	1648
1	22	2016-03-02 01:59:42	40059	1456855182477	1649
1	26	2016-03-02 01:59:42	40058	1456855182533	1650
1	26	2016-03-02 01:59:42	40027	1456855182543	1651
2	2	2016-03-02 01:59:42	40024	1456855182545	1652
1	2	2016-03-02 01:59:42	40048	1456855182588	1653
1	5	2016-03-02 01:59:42	40031	1456855182626	1654
1	9	2016-03-02 01:59:42	40015	1456855182688	1655
1	17	2016-03-02 01:59:42	40024	1456855182815	1656
1	21	2016-03-02 01:59:42	40020	1456855182876	1657
1	21	2016-03-02 01:59:42	40033	1456855182883	1658
1	22	2016-03-02 01:59:42	40025	1456855182890	1659
1	25	2016-03-02 01:59:42	40034	1456855182943	1660
2	3	2016-03-02 01:59:43	40058	1456855183079	1661
2	3	2016-03-02 01:59:43	40027	1456855183163	1662
2	3	2016-03-02 01:59:43	40053	1456855183184	1663
1	18	2016-03-02 01:59:43	40032	1456855183258	1664
1	23	2016-03-02 01:59:43	40053	1456855183757	1665
1	4	2016-03-02 01:59:43	40058	1456855183887	1666
2	3	2016-03-02 01:59:43	40047	1456855183944	1667
1	11	2016-03-02 01:59:43	40027	1456855183990	1668
1	24	2016-03-02 01:59:45	40047	1456855185456	1669
2	3	2016-03-02 01:59:45	40067	1456855185902	1670
2	7	2016-03-02 01:59:45	40131	1456855185936	1671
2	3	2016-03-02 01:59:46	40069	1456855185994	1672
2	7	2016-03-02 01:59:46	40138	1456855186028	1673
1	9	2016-03-02 01:59:46	40067	1456855186061	1674
1	11	2016-03-02 01:59:46	40138	1456855186521	1675
1	16	2016-03-02 01:59:47	40131	1456855187017	1676
1	10	2016-03-02 01:59:47	40069	1456855187345	1677
2	7	2016-03-02 01:59:47	40132	1456855187551	1678
2	7	2016-03-02 01:59:47	40081	1456855187609	1679
2	7	2016-03-02 01:59:47	40077	1456855187657	1680
1	11	2016-03-02 01:59:47	40077	1456855187785	1681
2	7	2016-03-02 01:59:47	40126	1456855187961	1682
1	24	2016-03-02 01:59:47	40081	1456855187992	1683
2	7	2016-03-02 01:59:48	40068	1456855188054	1684
2	7	2016-03-02 01:59:48	40002	1456855188180	1685
2	7	2016-03-02 01:59:48	40071	1456855188334	1686
1	4	2016-03-02 01:59:48	40002	1456855188516	1687
2	7	2016-03-02 01:59:48	40063	1456855188533	1688
2	3	2016-03-02 01:59:48	40081	1456855188565	1689
2	3	2016-03-02 01:59:48	40047	1456855188686	1690
1	22	2016-03-02 01:59:48	40132	1456855188808	1691
1	3	2016-03-02 01:59:48	40068	1456855188930	1692
2	7	2016-03-02 01:59:49	40019	1456855189024	1693
2	7	2016-03-02 01:59:49	40046	1456855189104	1694
2	7	2016-03-02 01:59:49	40056	1456855189112	1695
2	7	2016-03-02 01:59:49	40005	1456855189120	1696
1	20	2016-03-02 01:59:49	40126	1456855189200	1697
1	25	2016-03-02 01:59:49	40071	1456855189274	1698
2	3	2016-03-02 01:59:49	40077	1456855189345	1699
2	7	2016-03-02 01:59:49	40135	1456855189400	1700
1	7	2016-03-02 01:59:49	40063	1456855189408	1701
1	8	2016-03-02 01:59:49	40046	1456855189423	1702
2	7	2016-03-02 01:59:49	40038	1456855189508	1703
2	7	2016-03-02 01:59:49	40035	1456855189538	1704
2	7	2016-03-02 01:59:49	40016	1456855189556	1705
2	7	2016-03-02 01:59:49	40007	1456855189605	1706
1	24	2016-03-02 01:59:49	40081	1456855189680	1707
2	7	2016-03-02 01:59:49	40037	1456855189722	1708
1	8	2016-03-02 01:59:49	40019	1456855189844	1709
2	7	2016-03-02 01:59:49	40018	1456855189976	1710
1	20	2016-03-02 01:59:50	40047	1456855190039	1711
2	7	2016-03-02 01:59:50	40119	1456855190143	1712
1	5	2016-03-02 01:59:50	40005	1456855190221	1713
1	11	2016-03-02 01:59:50	40037	1456855190311	1714
1	14	2016-03-02 01:59:50	40119	1456855190365	1715
1	15	2016-03-02 01:59:50	40135	1456855190388	1716
2	7	2016-03-02 01:59:50	40015	1456855190400	1717
1	18	2016-03-02 01:59:50	40038	1456855190432	1718
2	7	2016-03-02 01:59:50	40136	1456855190561	1719
1	1	2016-03-02 01:59:50	40056	1456855190576	1720
1	8	2016-03-02 01:59:50	40016	1456855190688	1721
1	15	2016-03-02 01:59:50	40007	1456855190796	1722
1	15	2016-03-02 01:59:50	40035	1456855190810	1723
2	7	2016-03-02 01:59:50	40040	1456855190925	1724
2	7	2016-03-02 01:59:51	40024	1456855191015	1725
2	3	2016-03-02 01:59:51	40030	1456855191019	1726
1	11	2016-03-02 01:59:51	40077	1456855191161	1727
1	12	2016-03-02 01:59:51	40015	1456855191172	1728
1	12	2016-03-02 01:59:51	40018	1456855191172	1729
1	3	2016-03-02 01:59:51	40024	1456855191460	1730
1	8	2016-03-02 01:59:51	40136	1456855191530	1731
2	3	2016-03-02 01:59:51	40035	1456855191605	1732
1	13	2016-03-02 01:59:51	40030	1456855191608	1733
2	3	2016-03-02 01:59:51	40015	1456855191680	1734
2	7	2016-03-02 01:59:51	40027	1456855191703	1735
1	9	2016-03-02 01:59:51	40040	1456855191978	1736
1	17	2016-03-02 01:59:52	40027	1456855192514	1737
1	2	2016-03-02 01:59:52	40015	1456855192704	1738
2	3	2016-03-02 01:59:53	40019	1456855193041	1739
1	16	2016-03-02 01:59:53	40035	1456855193354	1740
2	7	2016-03-02 01:59:53	40128	1456855193450	1741
1	22	2016-03-02 01:59:53	40019	1456855193860	1742
2	7	2016-03-02 01:59:53	40003	1456855193932	1743
1	4	2016-03-02 01:59:54	40128	1456855194008	1744
2	7	2016-03-02 01:59:54	40048	1456855194212	1745
2	7	2016-03-02 01:59:54	40054	1456855194298	1746
2	7	2016-03-02 01:59:54	40131	1456855194374	1747
2	7	2016-03-02 01:59:54	40034	1456855194633	1748
1	18	2016-03-02 01:59:55	40034	1456855195063	1749
1	18	2016-03-02 01:59:55	40048	1456855195070	1750
1	20	2016-03-02 01:59:55	40003	1456855195097	1751
2	7	2016-03-02 01:59:55	40045	1456855195167	1752
1	2	2016-03-02 01:59:55	40131	1456855195232	1753
2	7	2016-03-02 01:59:55	40057	1456855195566	1754
1	16	2016-03-02 01:59:55	40054	1456855195876	1755
1	21	2016-03-02 01:59:55	40057	1456855195964	1756
2	7	2016-03-02 01:59:56	40132	1456855196117	1757
2	7	2016-03-02 01:59:56	40126	1456855196401	1758
1	25	2016-03-02 01:59:56	40045	1456855196441	1759
2	3	2016-03-02 01:59:56	40034	1456855196448	1760
2	3	2016-03-02 01:59:56	40032	1456855196453	1761
1	9	2016-03-02 01:59:56	40126	1456855196607	1762
2	7	2016-03-02 01:59:56	40002	1456855196616	1763
2	7	2016-03-02 01:59:56	40068	1456855196825	1764
2	3	2016-03-02 01:59:56	40077	1456855196941	1765
2	7	2016-03-02 01:59:56	40080	1456855196944	1766
2	7	2016-03-02 01:59:56	40063	1456855196967	1767
1	10	2016-03-02 01:59:57	40032	1456855197057	1768
1	16	2016-03-02 01:59:57	40080	1456855197151	1769
1	21	2016-03-02 01:59:57	40034	1456855197229	1770
1	22	2016-03-02 01:59:57	40063	1456855197240	1771
1	26	2016-03-02 01:59:57	40002	1456855197296	1772
2	7	2016-03-02 01:59:57	40081	1456855197311	1773
1	3	2016-03-02 01:59:57	40132	1456855197359	1774
2	7	2016-03-02 01:59:57	40046	1456855197541	1775
1	19	2016-03-02 01:59:57	40077	1456855197610	1776
2	7	2016-03-02 01:59:57	40005	1456855197884	1777
2	7	2016-03-02 01:59:57	40038	1456855197957	1778
2	7	2016-03-02 01:59:57	40016	1456855197992	1779
2	7	2016-03-02 01:59:58	40135	1456855198116	1780
2	3	2016-03-02 01:59:58	40033	1456855198141	1781
2	7	2016-03-02 01:59:58	40059	1456855198178	1782
1	5	2016-03-02 01:59:58	40046	1456855198242	1783
1	8	2016-03-02 01:59:58	40068	1456855198289	1784
1	24	2016-03-02 01:59:58	40038	1456855198531	1785
1	24	2016-03-02 01:59:58	40081	1456855198538	1786
2	7	2016-03-02 01:59:58	40037	1456855198541	1787
1	3	2016-03-02 01:59:58	40005	1456855198624	1788
1	22	2016-03-02 01:59:58	40016	1456855198921	1789
1	26	2016-03-02 01:59:58	40135	1456855198993	1790
2	3	2016-03-02 01:59:58	40038	1456855198994	1791
1	2	2016-03-02 01:59:59	40059	1456855199037	1792
1	4	2016-03-02 01:59:59	40033	1456855199065	1793
2	7	2016-03-02 01:59:59	40001	1456855199352	1794
2	7	2016-03-02 01:59:59	40040	1456855199359	1795
1	12	2016-03-02 01:59:59	40038	1456855199615	1796
2	7	2016-03-02 01:59:59	40024	1456855199693	1797
1	22	2016-03-02 01:59:59	40040	1456855199773	1798
1	8	2016-03-02 01:59:59	40037	1456855199974	1799
1	13	2016-03-02 02:00:00	40001	1456855200048	1800
2	7	2016-03-02 02:00:00	40035	1456855200368	1801
2	7	2016-03-02 02:00:00	40015	1456855200444	1802
1	21	2016-03-02 02:00:00	40024	1456855200598	1803
2	3	2016-03-02 02:00:00	40033	1456855200673	1804
1	21	2016-03-02 02:00:01	40035	1456855201020	1805
1	10	2016-03-02 02:00:01	40015	1456855201264	1806
1	23	2016-03-02 02:00:01	40033	1456855201470	1807
2	7	2016-03-02 02:00:01	40019	1456855201680	1808
