send	rec	insert_time	motelabMoteID	milli_time	motelabSeqNo
1	17	2016-03-02 02:07:00	40011	1456855620343	1
1	8	2016-03-02 02:07:01	40016	1456855621042	2
2	7	2016-03-02 02:07:03	40076	1456855623810	3
2	7	2016-03-02 02:07:04	40123	1456855624041	4
2	7	2016-03-02 02:07:04	40063	1456855624117	5
2	7	2016-03-02 02:07:04	40077	1456855624133	6
1	13	2016-03-02 02:07:04	40063	1456855624499	7
2	7	2016-03-02 02:07:04	40136	1456855624823	8
2	7	2016-03-02 02:07:04	40008	1456855624878	9
1	24	2016-03-02 02:07:05	40076	1456855625100	10
1	9	2016-03-02 02:07:05	40077	1456855625279	11
2	7	2016-03-02 02:07:05	40130	1456855625310	12
1	18	2016-03-02 02:07:05	40123	1456855625426	13
1	20	2016-03-02 02:07:05	40136	1456855625458	14
2	7	2016-03-02 02:07:05	40005	1456855625503	15
2	7	2016-03-02 02:07:05	40047	1456855625561	16
2	7	2016-03-02 02:07:05	40045	1456855625650	17
2	7	2016-03-02 02:07:05	40118	1456855625753	18
2	7	2016-03-02 02:07:05	40046	1456855625771	19
2	7	2016-03-02 02:07:05	40054	1456855625775	20
2	7	2016-03-02 02:07:05	40002	1456855625910	21
1	25	2016-03-02 02:07:05	40130	1456855625962	22
1	8	2016-03-02 02:07:06	40008	1456855626106	23
2	7	2016-03-02 02:07:06	40059	1456855626139	24
1	11	2016-03-02 02:07:06	40045	1456855626160	25
2	7	2016-03-02 02:07:06	40048	1456855626316	26
2	7	2016-03-02 02:07:06	40037	1456855626469	27
2	3	2016-03-02 02:07:06	40133	1456855626487	28
1	11	2016-03-02 02:07:06	40005	1456855626574	29
1	11	2016-03-02 02:07:06	40046	1456855626584	30
1	20	2016-03-02 02:07:06	40002	1456855626714	31
1	21	2016-03-02 02:07:06	40118	1456855626740	32
1	25	2016-03-02 02:07:06	40054	1456855626796	33
2	3	2016-03-02 02:07:06	40016	1456855626862	34
1	9	2016-03-02 02:07:06	40037	1456855626978	35
1	13	2016-03-02 02:07:07	40047	1456855627041	36
1	1	2016-03-02 02:07:07	40133	1456855627267	37
1	2	2016-03-02 02:07:07	40059	1456855627285	38
2	7	2016-03-02 02:07:07	40011	1456855627410	39
1	13	2016-03-02 02:07:07	40016	1456855627450	40
2	7	2016-03-02 02:07:07	40024	1456855627687	41
1	4	2016-03-02 02:07:07	40048	1456855627732	42
1	15	2016-03-02 02:07:08	40011	1456855628326	43
2	7	2016-03-02 02:07:08	40035	1456855628426	44
2	3	2016-03-02 02:07:08	40123	1456855628642	45
1	20	2016-03-02 02:07:08	40024	1456855628831	46
1	25	2016-03-02 02:07:09	40035	1456855629332	47
1	14	2016-03-02 02:07:09	40123	1456855629581	48
2	3	2016-03-02 02:07:11	40037	1456855631850	49
1	21	2016-03-02 02:07:12	40037	1456855632216	50
2	7	2016-03-02 02:07:12	40076	1456855632251	51
2	7	2016-03-02 02:07:12	40063	1456855632551	52
2	7	2016-03-02 02:07:12	40077	1456855632573	53
1	11	2016-03-02 02:07:13	40076	1456855633334	54
2	7	2016-03-02 02:07:13	40075	1456855633515	55
1	5	2016-03-02 02:07:13	40063	1456855633665	56
2	7	2016-03-02 02:07:13	40027	1456855633671	57
2	7	2016-03-02 02:07:13	40005	1456855633926	58
2	7	2016-03-02 02:07:13	40047	1456855633995	59
1	2	2016-03-02 02:07:14	40077	1456855634038	60
2	7	2016-03-02 02:07:14	40045	1456855634094	61
2	7	2016-03-02 02:07:14	40124	1456855634167	62
2	7	2016-03-02 02:07:14	40046	1456855634207	63
2	7	2016-03-02 02:07:14	40054	1456855634212	64
2	7	2016-03-02 02:07:14	40002	1456855634351	65
1	9	2016-03-02 02:07:14	40027	1456855634561	66
1	9	2016-03-02 02:07:14	40075	1456855634566	67
2	7	2016-03-02 02:07:14	40059	1456855634578	68
1	13	2016-03-02 02:07:14	40047	1456855634631	69
2	7	2016-03-02 02:07:14	40038	1456855634694	70
1	19	2016-03-02 02:07:14	40124	1456855634723	71
2	7	2016-03-02 02:07:14	40048	1456855634840	72
1	3	2016-03-02 02:07:14	40045	1456855634890	73
1	11	2016-03-02 02:07:15	40054	1456855635009	74
1	15	2016-03-02 02:07:15	40046	1456855635084	75
1	19	2016-03-02 02:07:15	40038	1456855635141	76
1	20	2016-03-02 02:07:15	40002	1456855635154	77
2	7	2016-03-02 02:07:15	40019	1456855635190	78
1	3	2016-03-02 02:07:15	40005	1456855635311	79
2	7	2016-03-02 02:07:15	40130	1456855635326	80
1	19	2016-03-02 02:07:15	40059	1456855635565	81
2	3	2016-03-02 02:07:15	40054	1456855635631	82
1	12	2016-03-02 02:07:15	40048	1456855635874	83
1	14	2016-03-02 02:07:15	40019	1456855635902	84
1	20	2016-03-02 02:07:15	40130	1456855635995	85
2	7	2016-03-02 02:07:16	40024	1456855636174	86
2	7	2016-03-02 02:07:16	40015	1456855636334	87
1	9	2016-03-02 02:07:17	40015	1456855637090	88
1	19	2016-03-02 02:07:17	40024	1456855637254	89
1	24	2016-03-02 02:07:17	40054	1456855637322	90
2	3	2016-03-02 02:07:17	40084	1456855637339	91
1	7	2016-03-02 02:07:18	40084	1456855638324	92
2	7	2016-03-02 02:07:18	40135	1456855638540	93
2	7	2016-03-02 02:07:18	40016	1456855638738	94
1	6	2016-03-02 02:07:19	40135	1456855639161	95
1	10	2016-03-02 02:07:20	40016	1456855640479	96
2	7	2016-03-02 02:07:20	40071	1456855640671	97
2	7	2016-03-02 02:07:20	40076	1456855640677	98
2	7	2016-03-02 02:07:20	40123	1456855640915	99
2	7	2016-03-02 02:07:21	40063	1456855641001	100
2	7	2016-03-02 02:07:21	40077	1456855641013	101
1	21	2016-03-02 02:07:21	40071	1456855641085	102
1	18	2016-03-02 02:07:21	40123	1456855641456	103
1	25	2016-03-02 02:07:21	40063	1456855641558	104
2	7	2016-03-02 02:07:21	40075	1456855641952	105
1	2	2016-03-02 02:07:22	40076	1456855642047	106
2	7	2016-03-02 02:07:22	40027	1456855642099	107
2	7	2016-03-02 02:07:22	40005	1456855642363	108
2	7	2016-03-02 02:07:22	40047	1456855642429	109
2	7	2016-03-02 02:07:22	40046	1456855642644	110
2	7	2016-03-02 02:07:22	40035	1456855642722	111
2	7	2016-03-02 02:07:22	40002	1456855642787	112
1	3	2016-03-02 02:07:22	40075	1456855642907	113
1	8	2016-03-02 02:07:22	40077	1456855642987	114
2	7	2016-03-02 02:07:23	40059	1456855643017	115
1	11	2016-03-02 02:07:23	40035	1456855643040	116
2	7	2016-03-02 02:07:23	40068	1456855643166	117
1	25	2016-03-02 02:07:23	40047	1456855643257	118
2	7	2016-03-02 02:07:23	40048	1456855643268	119
1	1	2016-03-02 02:07:23	40046	1456855643298	120
1	5	2016-03-02 02:07:23	40002	1456855643354	121
1	8	2016-03-02 02:07:23	40059	1456855643400	122
1	12	2016-03-02 02:07:23	40005	1456855643466	123
1	17	2016-03-02 02:07:23	40027	1456855643546	124
2	7	2016-03-02 02:07:23	40019	1456855643630	125
1	19	2016-03-02 02:07:23	40019	1456855643995	126
2	7	2016-03-02 02:07:24	40054	1456855644115	127
1	9	2016-03-02 02:07:24	40048	1456855644270	128
2	7	2016-03-02 02:07:24	40122	1456855644647	129
1	9	2016-03-02 02:07:24	40068	1456855644694	130
2	7	2016-03-02 02:07:24	40024	1456855644724	131
1	13	2016-03-02 02:07:24	40054	1456855644753	132
2	7	2016-03-02 02:07:24	40015	1456855644770	133
2	7	2016-03-02 02:07:24	40066	1456855644887	134
2	7	2016-03-02 02:07:25	40130	1456855645136	135
1	11	2016-03-02 02:07:25	40024	1456855645137	136
1	13	2016-03-02 02:07:25	40122	1456855645173	137
1	20	2016-03-02 02:07:25	40066	1456855645285	138
1	9	2016-03-02 02:07:25	40015	1456855645952	139
1	1	2016-03-02 02:07:26	40130	1456855646250	140
2	7	2016-03-02 02:07:27	40016	1456855647303	141
2	7	2016-03-02 02:07:27	40057	1456855647710	142
1	26	2016-03-02 02:07:27	40057	1456855647901	143
1	14	2016-03-02 02:07:28	40016	1456855648135	144
2	7	2016-03-02 02:07:28	40132	1456855648646	145
2	7	2016-03-02 02:07:29	40076	1456855649119	146
2	7	2016-03-02 02:07:29	40063	1456855649451	147
2	7	2016-03-02 02:07:29	40077	1456855649452	148
2	7	2016-03-02 02:07:29	40120	1456855649476	149
2	7	2016-03-02 02:07:29	40123	1456855649638	150
1	2	2016-03-02 02:07:29	40076	1456855649644	151
1	16	2016-03-02 02:07:29	40077	1456855649866	152
1	25	2016-03-02 02:07:29	40132	1456855649999	153
2	7	2016-03-02 02:07:30	40118	1456855650191	154
1	18	2016-03-02 02:07:30	40120	1456855650318	155
2	7	2016-03-02 02:07:30	40075	1456855650389	156
1	3	2016-03-02 02:07:30	40123	1456855650497	157
2	7	2016-03-02 02:07:30	40027	1456855650543	158
2	7	2016-03-02 02:07:30	40005	1456855650803	159
1	24	2016-03-02 02:07:30	40063	1456855650835	160
2	7	2016-03-02 02:07:30	40080	1456855650942	161
1	12	2016-03-02 02:07:31	40075	1456855651058	162
1	12	2016-03-02 02:07:31	40118	1456855651067	163
1	12	2016-03-02 02:07:31	40027	1456855651068	164
2	7	2016-03-02 02:07:31	40046	1456855651080	165
2	7	2016-03-02 02:07:31	40035	1456855651166	166
2	7	2016-03-02 02:07:31	40002	1456855651223	167
2	7	2016-03-02 02:07:31	40037	1456855651321	168
2	7	2016-03-02 02:07:31	40059	1456855651441	169
1	15	2016-03-02 02:07:31	40046	1456855651527	170
2	7	2016-03-02 02:07:31	40048	1456855651712	171
2	7	2016-03-02 02:07:31	40124	1456855651772	172
1	6	2016-03-02 02:07:31	40005	1456855651807	173
1	7	2016-03-02 02:07:31	40035	1456855651834	174
1	9	2016-03-02 02:07:31	40002	1456855651855	175
1	18	2016-03-02 02:07:31	40080	1456855651995	176
1	22	2016-03-02 02:07:32	40059	1456855652062	177
2	7	2016-03-02 02:07:32	40019	1456855652067	178
1	5	2016-03-02 02:07:32	40037	1456855652212	179
2	7	2016-03-02 02:07:32	40056	1456855652349	180
1	22	2016-03-02 02:07:32	40019	1456855652479	181
1	1	2016-03-02 02:07:32	40048	1456855652582	182
1	2	2016-03-02 02:07:32	40124	1456855652599	183
2	7	2016-03-02 02:07:32	40054	1456855652775	184
2	7	2016-03-02 02:07:33	40015	1456855653207	185
1	20	2016-03-02 02:07:33	40056	1456855653305	186
2	7	2016-03-02 02:07:33	40130	1456855653579	187
1	13	2016-03-02 02:07:33	40054	1456855653604	188
1	4	2016-03-02 02:07:33	40015	1456855653887	189
2	7	2016-03-02 02:07:34	40006	1456855654051	190
2	7	2016-03-02 02:07:34	40008	1456855654223	191
1	3	2016-03-02 02:07:34	40130	1456855654292	192
2	7	2016-03-02 02:07:34	40070	1456855654473	193
2	7	2016-03-02 02:07:35	40047	1456855655065	194
1	0	2016-03-02 02:07:35	40008	1456855655087	195
1	5	2016-03-02 02:07:35	40006	1456855655167	196
2	7	2016-03-02 02:07:35	40010	1456855655255	197
1	12	2016-03-02 02:07:35	40070	1456855655284	198
2	7	2016-03-02 02:07:35	40016	1456855655820	199
1	2	2016-03-02 02:07:35	40047	1456855655972	200
1	24	2016-03-02 02:07:36	40010	1456855656308	201
2	7	2016-03-02 02:07:36	40001	1456855656331	202
2	3	2016-03-02 02:07:36	40056	1456855656504	203
1	17	2016-03-02 02:07:36	40016	1456855656619	204
1	0	2016-03-02 02:07:36	40056	1456855656774	205
2	3	2016-03-02 02:07:37	40075	1456855657059	206
1	19	2016-03-02 02:07:37	40001	1456855657075	207
2	7	2016-03-02 02:07:37	40132	1456855657228	208
2	3	2016-03-02 02:07:37	40080	1456855657816	209
1	15	2016-03-02 02:07:37	40075	1456855657855	210
2	7	2016-03-02 02:07:37	40063	1456855657884	211
2	7	2016-03-02 02:07:37	40020	1456855657885	212
2	7	2016-03-02 02:07:37	40077	1456855657972	213
2	7	2016-03-02 02:07:38	40024	1456855658232	214
1	14	2016-03-02 02:07:38	40132	1456855658263	215
2	7	2016-03-02 02:07:38	40136	1456855658572	216
1	13	2016-03-02 02:07:38	40063	1456855658680	217
1	23	2016-03-02 02:07:38	40024	1456855658836	218
2	7	2016-03-02 02:07:38	40027	1456855658971	219
1	10	2016-03-02 02:07:39	40077	1456855659055	220
2	7	2016-03-02 02:07:39	40058	1456855659076	221
1	20	2016-03-02 02:07:39	40080	1456855659203	222
2	7	2016-03-02 02:07:39	40005	1456855659239	223
1	25	2016-03-02 02:07:39	40020	1456855659280	224
1	1	2016-03-02 02:07:39	40136	1456855659334	225
2	7	2016-03-02 02:07:39	40018	1456855659395	226
1	12	2016-03-02 02:07:39	40027	1456855659496	227
2	7	2016-03-02 02:07:39	40046	1456855659517	228
2	7	2016-03-02 02:07:39	40035	1456855659611	229
2	7	2016-03-02 02:07:39	40002	1456855659659	230
2	7	2016-03-02 02:07:39	40037	1456855659758	231
1	6	2016-03-02 02:07:39	40018	1456855659823	232
1	23	2016-03-02 02:07:40	40035	1456855660088	233
2	7	2016-03-02 02:07:40	40076	1456855660093	234
1	26	2016-03-02 02:07:40	40002	1456855660135	235
2	7	2016-03-02 02:07:40	40048	1456855660157	236
1	5	2016-03-02 02:07:40	40005	1456855660231	237
1	20	2016-03-02 02:07:40	40058	1456855660462	238
2	7	2016-03-02 02:07:40	40019	1456855660503	239
1	4	2016-03-02 02:07:40	40046	1456855660633	240
1	11	2016-03-02 02:07:40	40076	1456855660746	241
1	19	2016-03-02 02:07:40	40048	1456855660872	242
1	21	2016-03-02 02:07:40	40037	1456855660905	243
1	0	2016-03-02 02:07:40	40019	1456855660995	244
2	7	2016-03-02 02:07:41	40054	1456855661211	245
2	7	2016-03-02 02:07:41	40015	1456855661643	246
1	1	2016-03-02 02:07:41	40054	1456855661865	247
1	12	2016-03-02 02:07:42	40015	1456855662447	248
2	7	2016-03-02 02:07:42	40006	1456855662487	249
2	7	2016-03-02 02:07:43	40059	1456855663129	250
1	9	2016-03-02 02:07:43	40006	1456855663247	251
2	7	2016-03-02 02:07:43	40047	1456855663515	252
2	7	2016-03-02 02:07:43	40010	1456855663691	253
1	7	2016-03-02 02:07:44	40059	1456855664068	254
2	7	2016-03-02 02:07:44	40016	1456855664255	255
1	20	2016-03-02 02:07:44	40010	1456855664683	256
1	21	2016-03-02 02:07:44	40047	1456855664709	257
1	24	2016-03-02 02:07:45	40016	1456855665591	258
2	7	2016-03-02 02:07:45	40075	1456855665894	259
2	7	2016-03-02 02:07:46	40072	1456855666318	260
2	7	2016-03-02 02:07:46	40080	1456855666380	261
2	7	2016-03-02 02:07:46	40077	1456855666412	262
2	7	2016-03-02 02:07:46	40063	1456855666477	263
1	4	2016-03-02 02:07:46	40080	1456855666539	264
2	7	2016-03-02 02:07:46	40024	1456855666671	265
1	15	2016-03-02 02:07:46	40077	1456855666714	266
1	10	2016-03-02 02:07:47	40075	1456855667057	267
1	25	2016-03-02 02:07:47	40063	1456855667305	268
1	10	2016-03-02 02:07:47	40024	1456855667482	269
2	7	2016-03-02 02:07:47	40005	1456855667771	270
1	5	2016-03-02 02:07:47	40072	1456855667832	271
2	7	2016-03-02 02:07:47	40058	1456855667836	272
2	7	2016-03-02 02:07:47	40046	1456855667970	273
2	7	2016-03-02 02:07:47	40018	1456855667971	274
2	7	2016-03-02 02:07:48	40002	1456855668095	275
2	7	2016-03-02 02:07:48	40037	1456855668196	276
1	24	2016-03-02 02:07:48	40058	1456855668552	277
1	11	2016-03-02 02:07:48	40005	1456855668759	278
1	11	2016-03-02 02:07:48	40037	1456855668769	279
1	22	2016-03-02 02:07:48	40002	1456855668931	280
1	25	2016-03-02 02:07:48	40046	1456855668990	281
2	3	2016-03-02 02:07:49	40037	1456855669470	282
1	13	2016-03-02 02:07:49	40018	1456855669635	283
2	7	2016-03-02 02:07:49	40054	1456855669648	284
2	7	2016-03-02 02:07:49	40120	1456855669883	285
1	2	2016-03-02 02:07:49	40054	1456855669887	286
2	7	2016-03-02 02:07:50	40015	1456855670083	287
1	1	2016-03-02 02:07:50	40015	1456855670715	288
1	20	2016-03-02 02:07:51	40120	1456855671012	289
1	25	2016-03-02 02:07:51	40037	1456855671094	290
2	7	2016-03-02 02:07:51	40136	1456855671648	291
2	7	2016-03-02 02:07:51	40076	1456855671800	292
2	7	2016-03-02 02:07:51	40059	1456855671871	293
2	7	2016-03-02 02:07:52	40010	1456855672127	294
1	15	2016-03-02 02:07:52	40136	1456855672204	295
1	20	2016-03-02 02:07:52	40059	1456855672285	296
1	5	2016-03-02 02:07:52	40010	1456855672463	297
2	7	2016-03-02 02:07:52	40016	1456855672691	298
2	2	2016-03-02 02:07:53	40024	1456855673123	299
1	16	2016-03-02 02:07:53	40076	1456855673489	300
1	17	2016-03-02 02:07:53	40024	1456855673489	301
2	2	2016-03-02 02:07:53	40048	1456855673499	302
2	2	2016-03-02 02:07:53	40031	1456855673916	303
2	2	2016-03-02 02:07:53	40027	1456855673919	304
1	3	2016-03-02 02:07:54	40016	1456855674119	305
2	2	2016-03-02 02:07:54	40060	1456855674291	306
1	14	2016-03-02 02:07:54	40031	1456855674298	307
2	7	2016-03-02 02:07:54	40075	1456855674427	308
1	10	2016-03-02 02:07:54	40027	1456855674650	309
2	2	2016-03-02 02:07:54	40040	1456855674652	310
2	2	2016-03-02 02:07:54	40056	1456855674664	311
2	2	2016-03-02 02:07:54	40033	1456855674717	312
2	7	2016-03-02 02:07:54	40014	1456855674783	313
2	7	2016-03-02 02:07:54	40063	1456855674911	314
2	2	2016-03-02 02:07:55	40055	1456855675078	315
2	2	2016-03-02 02:07:55	40058	1456855675091	316
2	2	2016-03-02 02:07:55	40054	1456855675122	317
1	12	2016-03-02 02:07:55	40048	1456855675122	318
2	2	2016-03-02 02:07:55	40045	1456855675122	319
2	7	2016-03-02 02:07:55	40077	1456855675138	320
1	18	2016-03-02 02:07:55	40033	1456855675194	321
2	2	2016-03-02 02:07:55	40037	1456855675201	322
2	2	2016-03-02 02:07:55	40035	1456855675211	323
1	22	2016-03-02 02:07:55	40060	1456855675263	324
2	7	2016-03-02 02:07:55	40019	1456855675267	325
1	22	2016-03-02 02:07:55	40075	1456855675271	326
2	2	2016-03-02 02:07:55	40066	1456855675271	327
2	2	2016-03-02 02:07:55	40047	1456855675530	328
1	13	2016-03-02 02:07:55	40045	1456855675545	329
1	24	2016-03-02 02:07:55	40056	1456855675714	330
2	2	2016-03-02 02:07:55	40053	1456855675717	331
2	2	2016-03-02 02:07:55	40051	1456855675722	332
2	2	2016-03-02 02:07:55	40081	1456855675730	333
1	8	2016-03-02 02:07:55	40040	1456855675880	334
2	2	2016-03-02 02:07:55	40032	1456855675956	335
1	16	2016-03-02 02:07:56	40055	1456855676003	336
2	2	2016-03-02 02:07:56	40059	1456855676011	337
1	20	2016-03-02 02:07:56	40035	1456855676070	338
2	2	2016-03-02 02:07:56	40005	1456855676075	339
2	2	2016-03-02 02:07:56	40036	1456855676087	340
1	21	2016-03-02 02:07:56	40054	1456855676091	341
1	24	2016-03-02 02:07:56	40066	1456855676132	342
2	2	2016-03-02 02:07:56	40016	1456855676135	343
2	2	2016-03-02 02:07:56	40018	1456855676135	344
2	2	2016-03-02 02:07:56	40014	1456855676135	345
1	24	2016-03-02 02:07:56	40063	1456855676136	346
2	2	2016-03-02 02:07:56	40030	1456855676139	347
2	2	2016-03-02 02:07:56	40078	1456855676188	348
2	2	2016-03-02 02:07:56	40077	1456855676189	349
1	0	2016-03-02 02:07:56	40081	1456855676192	350
2	2	2016-03-02 02:07:56	40083	1456855676192	351
2	2	2016-03-02 02:07:56	40079	1456855676192	352
2	2	2016-03-02 02:07:56	40075	1456855676194	353
2	2	2016-03-02 02:07:56	40068	1456855676195	354
2	2	2016-03-02 02:07:56	40076	1456855676196	355
2	2	2016-03-02 02:07:56	40057	1456855676198	356
1	6	2016-03-02 02:07:56	40047	1456855676278	357
1	11	2016-03-02 02:07:56	40058	1456855676356	358
2	7	2016-03-02 02:07:56	40046	1456855676406	359
1	15	2016-03-02 02:07:56	40037	1456855676411	360
2	2	2016-03-02 02:07:56	40026	1456855676416	361
2	2	2016-03-02 02:07:56	40038	1456855676430	362
1	16	2016-03-02 02:07:56	40019	1456855676431	363
1	17	2016-03-02 02:07:56	40016	1456855676443	364
2	2	2016-03-02 02:07:56	40007	1456855676451	365
2	2	2016-03-02 02:07:56	40015	1456855676451	366
2	2	2016-03-02 02:07:56	40006	1456855676452	367
2	2	2016-03-02 02:07:56	40003	1456855676452	368
2	2	2016-03-02 02:07:56	40020	1456855676452	369
2	2	2016-03-02 02:07:56	40034	1456855676490	370
1	22	2016-03-02 02:07:56	40053	1456855676529	371
2	2	2016-03-02 02:07:56	40046	1456855676534	372
2	7	2016-03-02 02:07:56	40002	1456855676535	373
1	0	2016-03-02 02:07:56	40005	1456855676599	374
2	2	2016-03-02 02:07:56	40002	1456855676607	375
2	2	2016-03-02 02:07:56	40017	1456855676619	376
2	2	2016-03-02 02:07:56	40136	1456855676622	377
1	1	2016-03-02 02:07:56	40083	1456855676623	378
1	7	2016-03-02 02:07:56	40014	1456855676707	379
1	8	2016-03-02 02:07:56	40018	1456855676723	380
2	2	2016-03-02 02:07:56	40011	1456855676731	381
2	2	2016-03-02 02:07:56	40013	1456855676731	382
1	9	2016-03-02 02:07:56	40032	1456855676736	383
1	9	2016-03-02 02:07:56	40051	1456855676740	384
2	2	2016-03-02 02:07:56	40084	1456855676751	385
2	7	2016-03-02 02:07:56	40067	1456855676772	386
2	2	2016-03-02 02:07:56	40039	1456855676844	387
1	17	2016-03-02 02:07:56	40068	1456855676864	388
2	2	2016-03-02 02:07:56	40069	1456855676870	389
1	17	2016-03-02 02:07:56	40077	1456855676874	390
1	20	2016-03-02 02:07:56	40006	1456855676911	391
1	20	2016-03-02 02:07:56	40067	1456855676915	392
1	23	2016-03-02 02:07:56	40059	1456855676966	393
1	25	2016-03-02 02:07:56	40075	1456855676990	394
1	1	2016-03-02 02:07:57	40036	1456855677041	395
2	2	2016-03-02 02:07:57	40019	1456855677043	396
1	4	2016-03-02 02:07:57	40007	1456855677083	397
1	5	2016-03-02 02:07:57	40034	1456855677114	398
2	2	2016-03-02 02:07:57	40004	1456855677151	399
2	2	2016-03-02 02:07:57	40009	1456855677152	400
1	10	2016-03-02 02:07:57	40079	1456855677180	401
1	10	2016-03-02 02:07:57	40057	1456855677185	402
2	2	2016-03-02 02:07:57	40138	1456855677187	403
1	11	2016-03-02 02:07:57	40078	1456855677190	404
2	2	2016-03-02 02:07:57	40072	1456855677201	405
2	2	2016-03-02 02:07:57	40063	1456855677202	406
2	2	2016-03-02 02:07:57	40070	1456855677209	407
1	13	2016-03-02 02:07:57	40038	1456855677227	408
2	2	2016-03-02 02:07:57	40028	1456855677237	409
1	14	2016-03-02 02:07:57	40030	1456855677238	410
1	14	2016-03-02 02:07:57	40039	1456855677242	411
1	16	2016-03-02 02:07:57	40020	1456855677271	412
1	8	2016-03-02 02:07:57	40011	1456855677283	413
1	17	2016-03-02 02:07:57	40017	1456855677288	414
1	22	2016-03-02 02:07:57	40019	1456855677363	415
2	2	2016-03-02 02:07:57	40012	1456855677371	416
1	23	2016-03-02 02:07:57	40046	1456855677379	417
1	25	2016-03-02 02:07:57	40015	1456855677412	418
1	25	2016-03-02 02:07:57	40084	1456855677418	419
1	26	2016-03-02 02:07:57	40003	1456855677431	420
1	0	2016-03-02 02:07:57	40013	1456855677443	421
1	1	2016-03-02 02:07:57	40070	1456855677464	422
2	2	2016-03-02 02:07:57	40067	1456855677472	423
2	2	2016-03-02 02:07:57	40071	1456855677475	424
1	2	2016-03-02 02:07:57	40026	1456855677482	425
2	2	2016-03-02 02:07:57	40001	1456855677559	426
2	3	2016-03-02 02:07:57	40005	1456855677559	427
2	2	2016-03-02 02:07:57	40008	1456855677560	428
2	2	2016-03-02 02:07:57	40139	1456855677604	429
2	2	2016-03-02 02:07:57	40122	1456855677605	430
2	2	2016-03-02 02:07:57	40137	1456855677608	431
2	2	2016-03-02 02:07:57	40131	1456855677613	432
2	3	2016-03-02 02:07:57	40077	1456855677622	433
1	13	2016-03-02 02:07:57	40069	1456855677649	434
2	2	2016-03-02 02:07:57	40080	1456855677655	435
1	15	2016-03-02 02:07:57	40131	1456855677677	436
1	15	2016-03-02 02:07:57	40136	1456855677686	437
2	2	2016-03-02 02:07:57	40120	1456855677687	438
2	2	2016-03-02 02:07:57	40132	1456855677690	439
2	2	2016-03-02 02:07:57	40135	1456855677691	440
2	3	2016-03-02 02:07:57	40018	1456855677735	441
1	21	2016-03-02 02:07:57	40004	1456855677771	442
2	2	2016-03-02 02:07:57	40010	1456855677779	443
1	23	2016-03-02 02:07:57	40002	1456855677799	444
1	23	2016-03-02 02:07:57	40076	1456855677805	445
2	2	2016-03-02 02:07:57	40123	1456855677813	446
2	3	2016-03-02 02:07:57	40011	1456855677839	447
1	10	2016-03-02 02:07:57	40138	1456855677855	448
1	6	2016-03-02 02:07:57	40072	1456855677965	449
1	7	2016-03-02 02:07:57	40077	1456855677973	450
1	9	2016-03-02 02:07:58	40010	1456855678003	451
2	2	2016-03-02 02:07:58	40119	1456855678046	452
2	3	2016-03-02 02:07:58	40079	1456855678046	453
2	2	2016-03-02 02:07:58	40133	1456855678047	454
1	12	2016-03-02 02:07:58	40063	1456855678062	455
2	2	2016-03-02 02:07:58	40064	1456855678066	456
2	3	2016-03-02 02:07:58	40030	1456855678082	457
1	15	2016-03-02 02:07:58	40009	1456855678099	458
1	16	2016-03-02 02:07:58	40071	1456855678113	459
1	16	2016-03-02 02:07:58	40122	1456855678114	460
2	2	2016-03-02 02:07:58	40118	1456855678116	461
1	16	2016-03-02 02:07:58	40067	1456855678125	462
2	2	2016-03-02 02:07:58	40074	1456855678125	463
1	18	2016-03-02 02:07:58	40012	1456855678143	464
1	18	2016-03-02 02:07:58	40080	1456855678149	465
1	20	2016-03-02 02:07:58	40137	1456855678180	466
1	0	2016-03-02 02:07:58	40132	1456855678295	467
2	2	2016-03-02 02:07:58	40117	1456855678301	468
2	2	2016-03-02 02:07:58	40085	1456855678314	469
1	2	2016-03-02 02:07:58	40028	1456855678321	470
2	2	2016-03-02 02:07:58	40025	1456855678328	471
1	3	2016-03-02 02:07:58	40005	1456855678331	472
1	4	2016-03-02 02:07:58	40064	1456855678352	473
1	8	2016-03-02 02:07:58	40123	1456855678418	474
1	12	2016-03-02 02:07:58	40011	1456855678475	475
1	13	2016-03-02 02:07:58	40001	1456855678487	476
1	22	2016-03-02 02:07:58	40008	1456855678627	477
1	22	2016-03-02 02:07:58	40117	1456855678635	478
2	2	2016-03-02 02:07:58	40126	1456855678636	479
2	2	2016-03-02 02:07:58	40130	1456855678641	480
2	2	2016-03-02 02:07:58	40128	1456855678647	481
2	2	2016-03-02 02:07:58	40124	1456855678650	482
2	3	2016-03-02 02:07:58	40057	1456855678666	483
1	24	2016-03-02 02:07:58	40139	1456855678670	484
1	2	2016-03-02 02:07:58	40119	1456855678740	485
1	2	2016-03-02 02:07:58	40074	1456855678746	486
1	5	2016-03-02 02:07:58	40025	1456855678790	487
1	9	2016-03-02 02:07:58	40120	1456855678847	488
1	9	2016-03-02 02:07:58	40118	1456855678848	489
1	14	2016-03-02 02:07:58	40135	1456855678934	490
1	21	2016-03-02 02:07:59	40133	1456855679047	491
1	26	2016-03-02 02:07:59	40030	1456855679118	492
1	3	2016-03-02 02:07:59	40130	1456855679182	493
2	3	2016-03-02 02:07:59	40067	1456855679238	494
1	12	2016-03-02 02:07:59	40124	1456855679318	495
1	15	2016-03-02 02:07:59	40079	1456855679363	496
2	2	2016-03-02 02:07:59	40065	1456855679510	497
1	24	2016-03-02 02:07:59	40085	1456855679510	498
2	2	2016-03-02 02:07:59	40082	1456855679523	499
2	2	2016-03-02 02:07:59	40073	1456855679525	500
2	3	2016-03-02 02:07:59	40120	1456855679569	501
1	13	2016-03-02 02:07:59	40128	1456855679762	502
1	18	2016-03-02 02:07:59	40057	1456855679844	503
1	19	2016-03-02 02:07:59	40018	1456855679847	504
1	21	2016-03-02 02:07:59	40126	1456855679892	505
1	25	2016-03-02 02:07:59	40067	1456855679955	506
1	7	2016-03-02 02:08:00	40082	1456855680081	507
2	3	2016-03-02 02:08:00	40131	1456855680140	508
1	21	2016-03-02 02:08:00	40065	1456855680307	509
1	3	2016-03-02 02:08:00	40073	1456855680449	510
1	11	2016-03-02 02:08:00	40120	1456855680579	511
1	11	2016-03-02 02:08:01	40131	1456855681411	512
2	3	2016-03-02 02:08:01	40132	1456855681607	513
2	7	2016-03-02 02:08:01	40024	1456855681817	514
1	19	2016-03-02 02:08:01	40132	1456855681957	515
1	7	2016-03-02 02:08:02	40024	1456855682198	516
2	7	2016-03-02 02:08:03	40058	1456855683715	517
2	7	2016-03-02 02:08:04	40059	1456855684562	518
2	7	2016-03-02 02:08:04	40076	1456855684781	519
2	7	2016-03-02 02:08:04	40056	1456855684961	520
2	7	2016-03-02 02:08:04	40016	1456855684983	521
1	25	2016-03-02 02:08:05	40058	1456855685005	522
2	7	2016-03-02 02:08:05	40045	1456855685119	523
2	7	2016-03-02 02:08:05	40003	1456855685139	524
2	7	2016-03-02 02:08:05	40038	1456855685166	525
1	14	2016-03-02 02:08:05	40059	1456855685262	526
2	7	2016-03-02 02:08:05	40046	1456855685369	527
1	23	2016-03-02 02:08:05	40016	1456855685396	528
2	3	2016-03-02 02:08:05	40080	1456855685406	529
1	3	2016-03-02 02:08:05	40045	1456855685501	530
1	10	2016-03-02 02:08:05	40038	1456855685613	531
2	7	2016-03-02 02:08:05	40069	1456855685628	532
1	23	2016-03-02 02:08:05	40076	1456855685817	533
2	7	2016-03-02 02:08:06	40063	1456855686050	534
1	13	2016-03-02 02:08:06	40056	1456855686091	535
1	14	2016-03-02 02:08:06	40046	1456855686103	536
1	17	2016-03-02 02:08:06	40003	1456855686143	537
2	7	2016-03-02 02:08:06	40005	1456855686215	538
2	7	2016-03-02 02:08:06	40077	1456855686222	539
1	10	2016-03-02 02:08:06	40080	1456855686458	540
1	12	2016-03-02 02:08:06	40069	1456855686486	541
1	20	2016-03-02 02:08:06	40077	1456855686620	542
1	20	2016-03-02 02:08:06	40063	1456855686623	543
2	7	2016-03-02 02:08:06	40047	1456855686861	544
2	7	2016-03-02 02:08:07	40123	1456855687077	545
2	3	2016-03-02 02:08:07	40063	1456855687100	546
1	26	2016-03-02 02:08:07	40005	1456855687127	547
2	3	2016-03-02 02:08:07	40002	1456855687307	548
2	7	2016-03-02 02:08:07	40015	1456855687323	549
2	7	2016-03-02 02:08:07	40010	1456855687374	550
2	7	2016-03-02 02:08:07	40054	1456855687493	551
2	7	2016-03-02 02:08:07	40130	1456855687495	552
2	7	2016-03-02 02:08:07	40067	1456855687801	553
1	1	2016-03-02 02:08:08	40047	1456855688006	554
1	18	2016-03-02 02:08:08	40123	1456855688271	555
1	2	2016-03-02 02:08:08	40130	1456855688450	556
1	2	2016-03-02 02:08:08	40054	1456855688450	557
1	2	2016-03-02 02:08:08	40063	1456855688453	558
1	5	2016-03-02 02:08:08	40010	1456855688487	559
1	8	2016-03-02 02:08:08	40067	1456855688548	560
1	11	2016-03-02 02:08:08	40002	1456855688583	561
1	14	2016-03-02 02:08:08	40015	1456855688627	562
2	7	2016-03-02 02:08:10	40024	1456855690255	563
2	7	2016-03-02 02:08:10	40055	1456855690371	564
2	7	2016-03-02 02:08:10	40118	1456855690423	565
1	26	2016-03-02 02:08:10	40024	1456855690510	566
2	7	2016-03-02 02:08:10	40071	1456855690540	567
1	25	2016-03-02 02:08:10	40118	1456855690916	568
1	25	2016-03-02 02:08:10	40071	1456855690923	569
1	4	2016-03-02 02:08:11	40055	1456855691424	570
2	7	2016-03-02 02:08:12	40058	1456855692331	571
1	25	2016-03-02 02:08:13	40058	1456855693032	572
2	7	2016-03-02 02:08:13	40016	1456855693420	573
2	7	2016-03-02 02:08:13	40132	1456855693836	574
2	7	2016-03-02 02:08:13	40080	1456855693954	575
2	7	2016-03-02 02:08:14	40069	1456855694067	576
2	7	2016-03-02 02:08:14	40059	1456855694100	577
1	1	2016-03-02 02:08:14	40016	1456855694331	578
2	7	2016-03-02 02:08:14	40005	1456855694651	579
1	21	2016-03-02 02:08:14	40059	1456855694658	580
2	7	2016-03-02 02:08:14	40077	1456855694661	581
1	26	2016-03-02 02:08:14	40132	1456855694727	582
1	8	2016-03-02 02:08:15	40080	1456855695293	583
2	7	2016-03-02 02:08:15	40047	1456855695295	584
1	16	2016-03-02 02:08:15	40005	1456855695411	585
2	7	2016-03-02 02:08:15	40046	1456855695496	586
2	7	2016-03-02 02:08:15	40123	1456855695514	587
2	7	2016-03-02 02:08:15	40045	1456855695697	588
2	7	2016-03-02 02:08:15	40035	1456855695742	589
2	7	2016-03-02 02:08:15	40015	1456855695763	590
1	12	2016-03-02 02:08:15	40069	1456855695768	591
1	12	2016-03-02 02:08:15	40077	1456855695776	592
2	7	2016-03-02 02:08:15	40010	1456855695811	593
2	7	2016-03-02 02:08:15	40063	1456855695852	594
2	7	2016-03-02 02:08:15	40002	1456855695855	595
1	20	2016-03-02 02:08:15	40010	1456855695896	596
2	7	2016-03-02 02:08:15	40130	1456855695919	597
2	7	2016-03-02 02:08:15	40054	1456855695930	598
1	5	2016-03-02 02:08:16	40047	1456855696091	599
1	10	2016-03-02 02:08:16	40063	1456855696170	600
2	3	2016-03-02 02:08:16	40069	1456855696277	601
1	19	2016-03-02 02:08:16	40123	1456855696310	602
2	3	2016-03-02 02:08:16	40077	1456855696381	603
1	8	2016-03-02 02:08:16	40015	1456855696551	604
1	8	2016-03-02 02:08:16	40035	1456855696553	605
1	11	2016-03-02 02:08:16	40046	1456855696597	606
1	23	2016-03-02 02:08:16	40130	1456855696795	607
1	0	2016-03-02 02:08:16	40002	1456855696847	608
1	0	2016-03-02 02:08:16	40045	1456855696860	609
1	2	2016-03-02 02:08:16	40069	1456855696881	610
1	6	2016-03-02 02:08:16	40054	1456855696951	611
2	3	2016-03-02 02:08:17	40033	1456855697108	612
1	16	2016-03-02 02:08:17	40077	1456855697528	613
1	5	2016-03-02 02:08:17	40033	1456855697777	614
2	3	2016-03-02 02:08:18	40033	1456855698318	615
2	3	2016-03-02 02:08:18	40047	1456855698541	616
2	7	2016-03-02 02:08:18	40024	1456855698694	617
2	7	2016-03-02 02:08:18	40019	1456855698807	618
1	3	2016-03-02 02:08:19	40033	1456855699003	619
1	10	2016-03-02 02:08:19	40019	1456855699111	620
2	7	2016-03-02 02:08:19	40118	1456855699195	621
1	11	2016-03-02 02:08:19	40024	1456855699552	622
2	7	2016-03-02 02:08:19	40136	1456855699820	623
1	3	2016-03-02 02:08:19	40118	1456855699848	624
2	3	2016-03-02 02:08:20	40002	1456855700103	625
2	7	2016-03-02 02:08:20	40124	1456855700136	626
2	7	2016-03-02 02:08:20	40027	1456855700189	627
1	1	2016-03-02 02:08:20	40047	1456855700244	628
1	2	2016-03-02 02:08:20	40136	1456855700265	629
1	15	2016-03-02 02:08:20	40124	1456855700470	630
1	25	2016-03-02 02:08:20	40002	1456855700611	631
2	7	2016-03-02 02:08:20	40048	1456855700867	632
1	23	2016-03-02 02:08:21	40027	1456855701016	633
2	7	2016-03-02 02:08:21	40076	1456855701060	634
1	20	2016-03-02 02:08:21	40076	1456855701378	635
2	7	2016-03-02 02:08:21	40068	1456855701727	636
2	7	2016-03-02 02:08:21	40016	1456855701855	637
1	2	2016-03-02 02:08:21	40048	1456855701948	638
2	7	2016-03-02 02:08:22	40132	1456855702275	639
2	7	2016-03-02 02:08:22	40080	1456855702390	640
1	12	2016-03-02 02:08:22	40068	1456855702523	641
2	7	2016-03-02 02:08:22	40059	1456855702540	642
2	7	2016-03-02 02:08:22	40056	1456855702676	643
1	1	2016-03-02 02:08:22	40080	1456855702773	644
1	18	2016-03-02 02:08:23	40016	1456855703035	645
1	3	2016-03-02 02:08:23	40059	1456855703224	646
1	7	2016-03-02 02:08:23	40132	1456855703294	647
2	7	2016-03-02 02:08:23	40030	1456855703316	648
2	7	2016-03-02 02:08:23	40005	1456855703447	649
2	7	2016-03-02 02:08:23	40046	1456855703933	650
1	5	2016-03-02 02:08:24	40005	1456855704095	651
1	5	2016-03-02 02:08:24	40056	1456855704108	652
2	7	2016-03-02 02:08:24	40045	1456855704140	653
2	7	2016-03-02 02:08:24	40035	1456855704170	654
2	7	2016-03-02 02:08:24	40015	1456855704199	655
1	17	2016-03-02 02:08:24	40030	1456855704287	656
2	7	2016-03-02 02:08:24	40130	1456855704359	657
2	7	2016-03-02 02:08:24	40054	1456855704366	658
1	23	2016-03-02 02:08:24	40035	1456855704377	659
1	13	2016-03-02 02:08:24	40046	1456855704651	660
1	14	2016-03-02 02:08:25	40130	1456855705091	661
2	7	2016-03-02 02:08:25	40077	1456855705203	662
1	26	2016-03-02 02:08:25	40045	1456855705272	663
1	21	2016-03-02 02:08:25	40054	1456855705610	664
1	2	2016-03-02 02:08:25	40015	1456855705735	665
1	23	2016-03-02 02:08:26	40077	1456855706063	666
2	7	2016-03-02 02:08:26	40055	1456855706272	667
2	7	2016-03-02 02:08:26	40018	1456855706731	668
1	15	2016-03-02 02:08:27	40055	1456855707211	669
2	7	2016-03-02 02:08:27	40047	1456855707246	670
2	7	2016-03-02 02:08:27	40131	1456855707346	671
1	19	2016-03-02 02:08:28	40018	1456855708112	672
2	7	2016-03-02 02:08:28	40136	1456855708257	673
1	17	2016-03-02 02:08:28	40131	1456855708506	674
2	7	2016-03-02 02:08:28	40123	1456855708551	675
1	4	2016-03-02 02:08:28	40047	1456855708726	676
2	7	2016-03-02 02:08:28	40027	1456855708776	677
2	7	2016-03-02 02:08:28	40002	1456855708936	678
1	1	2016-03-02 02:08:29	40027	1456855709094	679
1	12	2016-03-02 02:08:29	40136	1456855709302	680
1	24	2016-03-02 02:08:29	40123	1456855709458	681
1	4	2016-03-02 02:08:29	40002	1456855709567	682
2	7	2016-03-02 02:08:29	40058	1456855709627	683
2	7	2016-03-02 02:08:30	40068	1456855710164	684
1	16	2016-03-02 02:08:30	40058	1456855710184	685
2	7	2016-03-02 02:08:30	40024	1456855710280	686
2	7	2016-03-02 02:08:30	40006	1456855710528	687
1	12	2016-03-02 02:08:30	40068	1456855710960	688
2	7	2016-03-02 02:08:31	40056	1456855711111	689
2	7	2016-03-02 02:08:31	40070	1456855711148	690
2	7	2016-03-02 02:08:31	40059	1456855711266	691
1	8	2016-03-02 02:08:31	40006	1456855711316	692
1	10	2016-03-02 02:08:31	40024	1456855711345	693
2	7	2016-03-02 02:08:31	40016	1456855711566	694
2	7	2016-03-02 02:08:31	40030	1456855711759	695
2	7	2016-03-02 02:08:31	40005	1456855711887	696
1	4	2016-03-02 02:08:32	40070	1456855712102	697
1	13	2016-03-02 02:08:32	40059	1456855712237	698
2	7	2016-03-02 02:08:32	40063	1456855712338	699
2	7	2016-03-02 02:08:32	40046	1456855712370	700
2	7	2016-03-02 02:08:32	40124	1456855712382	701
1	3	2016-03-02 02:08:32	40056	1456855712512	702
1	5	2016-03-02 02:08:32	40005	1456855712536	703
2	7	2016-03-02 02:08:32	40045	1456855712584	704
1	11	2016-03-02 02:08:32	40016	1456855712628	705
2	7	2016-03-02 02:08:32	40015	1456855712636	706
2	3	2016-03-02 02:08:32	40002	1456855712759	707
2	7	2016-03-02 02:08:32	40054	1456855712803	708
1	24	2016-03-02 02:08:32	40030	1456855712842	709
1	26	2016-03-02 02:08:32	40046	1456855712864	710
1	11	2016-03-02 02:08:33	40045	1456855713062	711
1	17	2016-03-02 02:08:33	40054	1456855713154	712
1	26	2016-03-02 02:08:33	40015	1456855713283	713
1	0	2016-03-02 02:08:33	40002	1456855713299	714
1	8	2016-03-02 02:08:33	40124	1456855713432	715
2	7	2016-03-02 02:08:33	40077	1456855713643	716
1	5	2016-03-02 02:08:33	40063	1456855713802	717
2	7	2016-03-02 02:08:35	40018	1456855715168	718
1	13	2016-03-02 02:08:35	40077	1456855715188	719
2	7	2016-03-02 02:08:35	40047	1456855715681	720
2	7	2016-03-02 02:08:36	40035	1456855716304	721
1	4	2016-03-02 02:08:36	40047	1456855716317	722
1	14	2016-03-02 02:08:36	40018	1456855716472	723
2	3	2016-03-02 02:08:36	40071	1456855716861	724
2	7	2016-03-02 02:08:36	40010	1456855716904	725
2	3	2016-03-02 02:08:36	40123	1456855716956	726
1	9	2016-03-02 02:08:37	40010	1456855717236	727
1	21	2016-03-02 02:08:37	40071	1456855717435	728
1	16	2016-03-02 02:08:37	40035	1456855717767	729
1	15	2016-03-02 02:08:38	40123	1456855718182	730
2	7	2016-03-02 02:08:38	40135	1456855718612	731
2	7	2016-03-02 02:08:38	40024	1456855718798	732
1	10	2016-03-02 02:08:39	40024	1456855719370	733
2	7	2016-03-02 02:08:39	40069	1456855719371	734
1	1	2016-03-02 02:08:39	40135	1456855719647	735
2	7	2016-03-02 02:08:39	40016	1456855719996	736
2	7	2016-03-02 02:08:40	40059	1456855720087	737
2	7	2016-03-02 02:08:40	40005	1456855720324	738
1	23	2016-03-02 02:08:40	40069	1456855720419	739
1	26	2016-03-02 02:08:40	40059	1456855720453	740
2	7	2016-03-02 02:08:40	40063	1456855720787	741
2	7	2016-03-02 02:08:40	40124	1456855720811	742
2	7	2016-03-02 02:08:41	40015	1456855721077	743
1	19	2016-03-02 02:08:41	40005	1456855721192	744
2	7	2016-03-02 02:08:41	40054	1456855721239	745
1	23	2016-03-02 02:08:41	40016	1456855721252	746
1	10	2016-03-02 02:08:41	40063	1456855721472	747
2	7	2016-03-02 02:08:41	40002	1456855721593	748
1	19	2016-03-02 02:08:41	40124	1456855721622	749
2	7	2016-03-02 02:08:42	40077	1456855722083	750
1	25	2016-03-02 02:08:42	40015	1456855722128	751
1	6	2016-03-02 02:08:42	40002	1456855722252	752
2	7	2016-03-02 02:08:42	40119	1456855722465	753
1	23	2016-03-02 02:08:42	40054	1456855722531	754
2	7	2016-03-02 02:08:43	40038	1456855723140	755
2	7	2016-03-02 02:08:43	40040	1456855723342	756
1	0	2016-03-02 02:08:43	40119	1456855723434	757
1	5	2016-03-02 02:08:43	40040	1456855723501	758
1	19	2016-03-02 02:08:43	40077	1456855723723	759
1	6	2016-03-02 02:08:43	40038	1456855723953	760
2	3	2016-03-02 02:08:44	40040	1456855724027	761
2	7	2016-03-02 02:08:44	40047	1456855724131	762
2	7	2016-03-02 02:08:44	40046	1456855724187	763
2	7	2016-03-02 02:08:44	40056	1456855724194	764
1	13	2016-03-02 02:08:44	40046	1456855724474	765
2	7	2016-03-02 02:08:44	40008	1456855724496	766
2	7	2016-03-02 02:08:44	40067	1456855724929	767
1	17	2016-03-02 02:08:44	40056	1456855724958	768
1	26	2016-03-02 02:08:45	40008	1456855725096	769
2	7	2016-03-02 02:08:45	40136	1456855725131	770
2	7	2016-03-02 02:08:45	40066	1456855725222	771
2	7	2016-03-02 02:08:45	40123	1456855725424	772
1	21	2016-03-02 02:08:45	40047	1456855725452	773
1	4	2016-03-02 02:08:45	40040	1456855725606	774
1	14	2016-03-02 02:08:45	40067	1456855725757	775
1	2	2016-03-02 02:08:45	40136	1456855725990	776
1	5	2016-03-02 02:08:46	40066	1456855726033	777
2	7	2016-03-02 02:08:46	40132	1456855726271	778
2	7	2016-03-02 02:08:46	40075	1456855726371	779
1	18	2016-03-02 02:08:46	40123	1456855726666	780
1	24	2016-03-02 02:08:46	40075	1456855726753	781
2	7	2016-03-02 02:08:47	40024	1456855727237	782
1	18	2016-03-02 02:08:47	40024	1456855727508	783
1	4	2016-03-02 02:08:47	40132	1456855727704	784
2	7	2016-03-02 02:08:47	40069	1456855727810	785
2	7	2016-03-02 02:08:48	40076	1456855728488	786
2	7	2016-03-02 02:08:48	40016	1456855728668	787
2	7	2016-03-02 02:08:48	40010	1456855728716	788
2	7	2016-03-02 02:08:48	40005	1456855728760	789
1	23	2016-03-02 02:08:48	40069	1456855728859	790
1	18	2016-03-02 02:08:49	40016	1456855729192	791
2	7	2016-03-02 02:08:49	40063	1456855729221	792
1	24	2016-03-02 02:08:49	40010	1456855729284	793
1	8	2016-03-02 02:08:49	40005	1456855729456	794
2	7	2016-03-02 02:08:49	40015	1456855729512	795
2	7	2016-03-02 02:08:49	40131	1456855729578	796
2	7	2016-03-02 02:08:49	40054	1456855729676	797
1	7	2016-03-02 02:08:49	40063	1456855729873	798
1	10	2016-03-02 02:08:49	40076	1456855729921	799
2	7	2016-03-02 02:08:50	40002	1456855730029	800
2	7	2016-03-02 02:08:50	40048	1456855730318	801
2	7	2016-03-02 02:08:50	40068	1456855730411	802
1	19	2016-03-02 02:08:50	40048	1456855730477	803
2	7	2016-03-02 02:08:50	40077	1456855730523	804
1	11	2016-03-02 02:08:50	40002	1456855730768	805
1	24	2016-03-02 02:08:50	40015	1456855730972	806
1	2	2016-03-02 02:08:51	40054	1456855731047	807
1	4	2016-03-02 02:08:51	40131	1456855731088	808
2	7	2016-03-02 02:08:51	40014	1456855731217	809
1	26	2016-03-02 02:08:51	40077	1456855731431	810
1	5	2016-03-02 02:08:51	40068	1456855731526	811
1	25	2016-03-02 02:08:51	40014	1456855731832	812
2	7	2016-03-02 02:08:52	40018	1456855732044	813
2	7	2016-03-02 02:08:52	40006	1456855732044	814
2	7	2016-03-02 02:08:52	40020	1456855732464	815
1	14	2016-03-02 02:08:52	40018	1456855732504	816
2	7	2016-03-02 02:08:52	40059	1456855732539	817
2	7	2016-03-02 02:08:52	40046	1456855732624	818
2	7	2016-03-02 02:08:52	40056	1456855732630	819
2	7	2016-03-02 02:08:52	40003	1456855732808	820
1	7	2016-03-02 02:08:52	40006	1456855732816	821
2	7	2016-03-02 02:08:52	40008	1456855732932	822
1	1	2016-03-02 02:08:53	40020	1456855733144	823
1	6	2016-03-02 02:08:53	40046	1456855733230	824
1	7	2016-03-02 02:08:53	40059	1456855733240	825
2	7	2016-03-02 02:08:53	40067	1456855733364	826
1	18	2016-03-02 02:08:53	40008	1456855733832	827
2	7	2016-03-02 02:08:53	40001	1456855733873	828
1	6	2016-03-02 02:08:54	40003	1456855734064	829
2	3	2016-03-02 02:08:54	40064	1456855734078	830
1	17	2016-03-02 02:08:54	40056	1456855734237	831
1	8	2016-03-02 02:08:54	40064	1456855734523	832
2	7	2016-03-02 02:08:54	40132	1456855734822	833
1	2	2016-03-02 02:08:54	40001	1456855734848	834
2	7	2016-03-02 02:08:54	40080	1456855734876	835
2	7	2016-03-02 02:08:54	40075	1456855734983	836
2	7	2016-03-02 02:08:55	40035	1456855735037	837
1	4	2016-03-02 02:08:55	40067	1456855735114	838
2	7	2016-03-02 02:08:55	40126	1456855735156	839
1	26	2016-03-02 02:08:55	40035	1456855735228	840
1	7	2016-03-02 02:08:55	40132	1456855735347	841
2	7	2016-03-02 02:08:55	40024	1456855735676	842
1	3	2016-03-02 02:08:55	40075	1456855735716	843
2	3	2016-03-02 02:08:55	40067	1456855735767	844
1	1	2016-03-02 02:08:56	40080	1456855736104	845
2	7	2016-03-02 02:08:56	40069	1456855736250	846
1	23	2016-03-02 02:08:56	40024	1456855736439	847
1	4	2016-03-02 02:08:56	40126	1456855736570	848
1	13	2016-03-02 02:08:56	40067	1456855736706	849
2	7	2016-03-02 02:08:56	40076	1456855736930	850
2	7	2016-03-02 02:08:57	40010	1456855737152	851
2	7	2016-03-02 02:08:57	40005	1456855737200	852
1	19	2016-03-02 02:08:57	40069	1456855737219	853
2	7	2016-03-02 02:08:57	40128	1456855737262	854
2	7	2016-03-02 02:08:57	40038	1456855737488	855
1	0	2016-03-02 02:08:57	40128	1456855737772	856
1	0	2016-03-02 02:08:57	40038	1456855737774	857
1	7	2016-03-02 02:08:57	40005	1456855737876	858
2	7	2016-03-02 02:08:57	40063	1456855737941	859
1	14	2016-03-02 02:08:57	40010	1456855737988	860
2	7	2016-03-02 02:08:58	40131	1456855738017	861
1	20	2016-03-02 02:08:58	40063	1456855738084	862
2	3	2016-03-02 02:08:58	40016	1456855738164	863
2	3	2016-03-02 02:08:58	40038	1456855738348	864
2	7	2016-03-02 02:08:58	40002	1456855738464	865
1	23	2016-03-02 02:08:58	40076	1456855738554	866
2	7	2016-03-02 02:08:58	40071	1456855738705	867
2	7	2016-03-02 02:08:58	40048	1456855738825	868
2	7	2016-03-02 02:08:58	40068	1456855738848	869
1	0	2016-03-02 02:08:59	40048	1456855739032	870
1	5	2016-03-02 02:08:59	40131	1456855739113	871
2	7	2016-03-02 02:08:59	40077	1456855739122	872
1	15	2016-03-02 02:08:59	40071	1456855739279	873
1	23	2016-03-02 02:08:59	40002	1456855739392	874
1	8	2016-03-02 02:08:59	40038	1456855739592	875
1	13	2016-03-02 02:08:59	40016	1456855739660	876
2	3	2016-03-02 02:08:59	40002	1456855739900	877
1	12	2016-03-02 02:09:00	40068	1456855740074	878
1	26	2016-03-02 02:09:00	40077	1456855740284	879
2	7	2016-03-02 02:09:00	40007	1456855740308	880
2	3	2016-03-02 02:09:00	40081	1456855740341	881
2	7	2016-03-02 02:09:00	40034	1456855740445	882
2	7	2016-03-02 02:09:00	40018	1456855740481	883
2	7	2016-03-02 02:09:00	40006	1456855740481	884
1	19	2016-03-02 02:09:00	40002	1456855740596	885
2	7	2016-03-02 02:09:00	40020	1456855740900	886
1	14	2016-03-02 02:09:00	40006	1456855740940	887
1	20	2016-03-02 02:09:01	40034	1456855741034	888
2	7	2016-03-02 02:09:01	40059	1456855741042	889
2	7	2016-03-02 02:09:01	40046	1456855741061	890
2	7	2016-03-02 02:09:01	40130	1456855741065	891
2	7	2016-03-02 02:09:01	40056	1456855741065	892
1	7	2016-03-02 02:09:01	40007	1456855741252	893
2	7	2016-03-02 02:09:01	40008	1456855741368	894
1	20	2016-03-02 02:09:01	40018	1456855741456	895
2	7	2016-03-02 02:09:01	40003	1456855741528	896
2	3	2016-03-02 02:09:01	40002	1456855741588	897
1	10	2016-03-02 02:09:01	40059	1456855741727	898
1	10	2016-03-02 02:09:01	40046	1456855741730	899
1	10	2016-03-02 02:09:01	40130	1456855741733	900
1	11	2016-03-02 02:09:01	40020	1456855741736	901
1	13	2016-03-02 02:09:01	40081	1456855741775	902
2	7	2016-03-02 02:09:01	40015	1456855741776	903
1	22	2016-03-02 02:09:01	40008	1456855741908	904
1	12	2016-03-02 02:09:02	40056	1456855742179	905
1	1	2016-03-02 02:09:02	40003	1456855742424	906
1	11	2016-03-02 02:09:02	40002	1456855742580	907
2	3	2016-03-02 02:09:02	40005	1456855742728	908
2	3	2016-03-02 02:09:02	40068	1456855742764	909
1	2	2016-03-02 02:09:02	40015	1456855742860	910
2	7	2016-03-02 02:09:02	40027	1456855742886	911
2	7	2016-03-02 02:09:03	40080	1456855743376	912
2	7	2016-03-02 02:09:03	40126	1456855743596	913
2	7	2016-03-02 02:09:03	40054	1456855743598	914
1	26	2016-03-02 02:09:03	40027	1456855743665	915
2	7	2016-03-02 02:09:04	40024	1456855744115	916
1	16	2016-03-02 02:09:04	40005	1456855744344	917
1	17	2016-03-02 02:09:04	40024	1456855744369	918
1	0	2016-03-02 02:09:04	40068	1456855744515	919
1	0	2016-03-02 02:09:04	40080	1456855744525	920
1	21	2016-03-02 02:09:04	40126	1456855744851	921
2	7	2016-03-02 02:09:04	40132	1456855744853	922
1	7	2016-03-02 02:09:05	40054	1456855745049	923
2	3	2016-03-02 02:09:05	40080	1456855745242	924
2	7	2016-03-02 02:09:05	40076	1456855745531	925
1	21	2016-03-02 02:09:05	40080	1456855745689	926
2	7	2016-03-02 02:09:05	40123	1456855745720	927
1	8	2016-03-02 02:09:06	40132	1456855746334	928
2	7	2016-03-02 02:09:06	40072	1456855746368	929
2	7	2016-03-02 02:09:06	40016	1456855746696	930
2	7	2016-03-02 02:09:06	40035	1456855746758	931
1	14	2016-03-02 02:09:06	40076	1456855746853	932
1	23	2016-03-02 02:09:06	40016	1456855746988	933
1	23	2016-03-02 02:09:06	40123	1456855746994	934
2	7	2016-03-02 02:09:07	40038	1456855747180	935
1	13	2016-03-02 02:09:07	40035	1456855747250	936
2	7	2016-03-02 02:09:07	40077	1456855747642	937
1	21	2016-03-02 02:09:07	40072	1456855747802	938
1	8	2016-03-02 02:09:08	40038	1456855748025	939
1	1	2016-03-02 02:09:08	40077	1456855748342	940
2	3	2016-03-02 02:09:08	40072	1456855748551	941
2	7	2016-03-02 02:09:09	40048	1456855749289	942
2	7	2016-03-02 02:09:09	40059	1456855749482	943
2	7	2016-03-02 02:09:09	40046	1456855749497	944
1	11	2016-03-02 02:09:09	40046	1456855749753	945
2	3	2016-03-02 02:09:09	40077	1456855749791	946
2	7	2016-03-02 02:09:09	40008	1456855749808	947
1	9	2016-03-02 02:09:10	40072	1456855750144	948
2	7	2016-03-02 02:09:10	40002	1456855750276	949
1	19	2016-03-02 02:09:10	40048	1456855750307	950
2	7	2016-03-02 02:09:10	40015	1456855750308	951
1	23	2016-03-02 02:09:10	40059	1456855750379	952
1	24	2016-03-02 02:09:10	40077	1456855750810	953
2	3	2016-03-02 02:09:10	40072	1456855750861	954
1	8	2016-03-02 02:09:10	40015	1456855750973	955
1	14	2016-03-02 02:09:11	40002	1456855751064	956
1	15	2016-03-02 02:09:11	40008	1456855751080	957
2	7	2016-03-02 02:09:11	40027	1456855751330	958
2	7	2016-03-02 02:09:11	40005	1456855751416	959
1	19	2016-03-02 02:09:11	40005	1456855751564	960
2	3	2016-03-02 02:09:11	40002	1456855751604	961
2	3	2016-03-02 02:09:11	40008	1456855751604	962
1	2	2016-03-02 02:09:11	40027	1456855751728	963
1	7	2016-03-02 02:09:11	40072	1456855751801	964
2	7	2016-03-02 02:09:12	40126	1456855752035	965
1	7	2016-03-02 02:09:12	40126	1456855752226	966
2	7	2016-03-02 02:09:12	40054	1456855752338	967
1	26	2016-03-02 02:09:12	40002	1456855752516	968
2	7	2016-03-02 02:09:12	40045	1456855752857	969
2	7	2016-03-02 02:09:12	40128	1456855752880	970
2	7	2016-03-02 02:09:12	40024	1456855752935	971
2	7	2016-03-02 02:09:12	40136	1456855752969	972
1	3	2016-03-02 02:09:13	40008	1456855753000	973
1	20	2016-03-02 02:09:13	40136	1456855753271	974
1	0	2016-03-02 02:09:13	40024	1456855753380	975
1	0	2016-03-02 02:09:13	40045	1456855753383	976
1	13	2016-03-02 02:09:13	40128	1456855753582	977
1	1	2016-03-02 02:09:13	40054	1456855753821	978
2	7	2016-03-02 02:09:13	40030	1456855753941	979
2	7	2016-03-02 02:09:13	40076	1456855753973	980
2	7	2016-03-02 02:09:14	40067	1456855754037	981
2	3	2016-03-02 02:09:14	40024	1456855754111	982
1	7	2016-03-02 02:09:14	40030	1456855754339	983
2	7	2016-03-02 02:09:14	40123	1456855754443	984
1	13	2016-03-02 02:09:14	40067	1456855754848	985
1	25	2016-03-02 02:09:15	40024	1456855755033	986
1	5	2016-03-02 02:09:15	40076	1456855755151	987
2	7	2016-03-02 02:09:15	40035	1456855755186	988
2	7	2016-03-02 02:09:15	40016	1456855755244	989
1	16	2016-03-02 02:09:15	40123	1456855755319	990
2	7	2016-03-02 02:09:15	40038	1456855755709	991
1	16	2016-03-02 02:09:16	40035	1456855756156	992
1	6	2016-03-02 02:09:16	40038	1456855756426	993
1	18	2016-03-02 02:09:17	40016	1456855757032	994
2	7	2016-03-02 02:09:17	40048	1456855757733	995
2	7	2016-03-02 02:09:17	40010	1456855757828	996
2	7	2016-03-02 02:09:17	40059	1456855757921	997
2	7	2016-03-02 02:09:17	40046	1456855757941	998
1	14	2016-03-02 02:09:18	40046	1456855758237	999
2	7	2016-03-02 02:09:18	40077	1456855758358	1000
1	26	2016-03-02 02:09:18	40077	1456855758424	1001
1	17	2016-03-02 02:09:18	40048	1456855758703	1002
1	20	2016-03-02 02:09:18	40010	1456855758752	1003
1	3	2016-03-02 02:09:18	40059	1456855758909	1004
2	7	2016-03-02 02:09:19	40068	1456855759414	1005
2	7	2016-03-02 02:09:19	40005	1456855759852	1006
2	7	2016-03-02 02:09:20	40008	1456855760352	1007
2	7	2016-03-02 02:09:20	40002	1456855760400	1008
1	2	2016-03-02 02:09:20	40068	1456855760592	1009
1	11	2016-03-02 02:09:20	40002	1456855760720	1010
2	7	2016-03-02 02:09:20	40019	1456855760825	1011
2	7	2016-03-02 02:09:20	40054	1456855760896	1012
2	7	2016-03-02 02:09:20	40063	1456855760967	1013
1	9	2016-03-02 02:09:21	40005	1456855761112	1014
2	7	2016-03-02 02:09:21	40015	1456855761152	1015
1	14	2016-03-02 02:09:21	40008	1456855761188	1016
2	7	2016-03-02 02:09:21	40136	1456855761407	1017
2	7	2016-03-02 02:09:21	40045	1456855761460	1018
1	6	2016-03-02 02:09:21	40015	1456855761484	1019
1	19	2016-03-02 02:09:21	40019	1456855761688	1020
1	23	2016-03-02 02:09:21	40136	1456855761756	1021
1	1	2016-03-02 02:09:21	40054	1456855761827	1022
2	7	2016-03-02 02:09:21	40135	1456855761890	1023
1	10	2016-03-02 02:09:21	40045	1456855761970	1024
2	3	2016-03-02 02:09:22	40008	1456855762008	1025
1	17	2016-03-02 02:09:22	40063	1456855762081	1026
2	7	2016-03-02 02:09:22	40076	1456855762399	1027
1	25	2016-03-02 02:09:22	40135	1456855762639	1028
2	7	2016-03-02 02:09:22	40024	1456855762693	1029
2	3	2016-03-02 02:09:22	40068	1456855762852	1030
2	7	2016-03-02 02:09:22	40123	1456855762960	1031
1	23	2016-03-02 02:09:23	40024	1456855763440	1032
1	25	2016-03-02 02:09:23	40076	1456855763481	1033
1	26	2016-03-02 02:09:23	40008	1456855763484	1034
2	7	2016-03-02 02:09:23	40016	1456855763680	1035
1	14	2016-03-02 02:09:23	40068	1456855763728	1036
2	7	2016-03-02 02:09:23	40035	1456855763805	1037
1	4	2016-03-02 02:09:23	40016	1456855763984	1038
1	4	2016-03-02 02:09:23	40123	1456855763994	1039
2	3	2016-03-02 02:09:24	40068	1456855764285	1040
1	23	2016-03-02 02:09:24	40035	1456855764712	1041
1	23	2016-03-02 02:09:25	40068	1456855765972	1042
2	7	2016-03-02 02:09:26	40059	1456855766361	1043
1	19	2016-03-02 02:09:26	40059	1456855766759	1044
2	7	2016-03-02 02:09:26	40077	1456855766798	1045
2	7	2016-03-02 02:09:26	40040	1456855766802	1046
2	7	2016-03-02 02:09:27	40046	1456855767152	1047
2	7	2016-03-02 02:09:27	40011	1456855767196	1048
1	24	2016-03-02 02:09:27	40040	1456855767679	1049
1	10	2016-03-02 02:09:27	40046	1456855767886	1050
1	0	2016-03-02 02:09:28	40011	1456855768140	1051
2	7	2016-03-02 02:09:28	40005	1456855768416	1052
2	7	2016-03-02 02:09:28	40119	1456855768447	1053
1	5	2016-03-02 02:09:28	40077	1456855768646	1054
2	7	2016-03-02 02:09:28	40002	1456855768836	1055
2	3	2016-03-02 02:09:28	40011	1456855768961	1056
1	10	2016-03-02 02:09:29	40005	1456855769140	1057
1	11	2016-03-02 02:09:29	40119	1456855769162	1058
2	7	2016-03-02 02:09:29	40019	1456855769260	1059
2	7	2016-03-02 02:09:29	40054	1456855769322	1060
2	7	2016-03-02 02:09:29	40126	1456855769328	1061
1	4	2016-03-02 02:09:29	40002	1456855769468	1062
1	7	2016-03-02 02:09:29	40019	1456855769516	1063
2	7	2016-03-02 02:09:29	40118	1456855769517	1064
1	9	2016-03-02 02:09:29	40118	1456855769979	1065
1	26	2016-03-02 02:09:30	40054	1456855770247	1066
2	7	2016-03-02 02:09:30	40135	1456855770367	1067
1	12	2016-03-02 02:09:30	40011	1456855770436	1068
2	7	2016-03-02 02:09:30	40008	1456855770476	1069
1	17	2016-03-02 02:09:30	40126	1456855770520	1070
1	12	2016-03-02 02:09:30	40135	1456855770861	1071
1	16	2016-03-02 02:09:30	40008	1456855770920	1072
2	7	2016-03-02 02:09:31	40024	1456855771132	1073
2	7	2016-03-02 02:09:31	40123	1456855771396	1074
2	7	2016-03-02 02:09:31	40045	1456855771401	1075
2	7	2016-03-02 02:09:31	40063	1456855771485	1076
2	7	2016-03-02 02:09:31	40034	1456855771658	1077
2	7	2016-03-02 02:09:31	40047	1456855771793	1078
1	23	2016-03-02 02:09:31	40024	1456855771879	1079
1	0	2016-03-02 02:09:31	40045	1456855771942	1080
1	14	2016-03-02 02:09:32	40063	1456855772170	1081
1	1	2016-03-02 02:09:32	40047	1456855772381	1082
2	7	2016-03-02 02:09:32	40035	1456855772409	1083
1	4	2016-03-02 02:09:32	40034	1456855772423	1084
2	7	2016-03-02 02:09:32	40016	1456855772429	1085
1	6	2016-03-02 02:09:32	40123	1456855772463	1086
1	19	2016-03-02 02:09:32	40035	1456855772663	1087
1	24	2016-03-02 02:09:32	40016	1456855772736	1088
2	7	2016-03-02 02:09:32	40068	1456855772944	1089
2	7	2016-03-02 02:09:33	40136	1456855773212	1090
1	14	2016-03-02 02:09:34	40136	1456855774277	1091
1	8	2016-03-02 02:09:35	40068	1456855775014	1092
2	7	2016-03-02 02:09:35	40059	1456855775071	1093
2	7	2016-03-02 02:09:35	40077	1456855775238	1094
2	7	2016-03-02 02:09:35	40138	1456855775259	1095
1	2	2016-03-02 02:09:35	40138	1456855775355	1096
2	3	2016-03-02 02:09:35	40132	1456855775712	1097
1	4	2016-03-02 02:09:35	40059	1456855775803	1098
1	17	2016-03-02 02:09:36	40077	1456855776003	1099
2	7	2016-03-02 02:09:36	40070	1456855776112	1100
1	10	2016-03-02 02:09:36	40132	1456855776317	1101
2	7	2016-03-02 02:09:36	40005	1456855776852	1102
2	7	2016-03-02 02:09:36	40015	1456855776884	1103
2	7	2016-03-02 02:09:36	40119	1456855776886	1104
1	23	2016-03-02 02:09:36	40070	1456855776939	1105
1	9	2016-03-02 02:09:37	40119	1456855777141	1106
1	13	2016-03-02 02:09:37	40005	1456855777204	1107
2	7	2016-03-02 02:09:37	40002	1456855777277	1108
2	7	2016-03-02 02:09:37	40054	1456855777758	1109
1	22	2016-03-02 02:09:37	40015	1456855777765	1110
1	22	2016-03-02 02:09:37	40002	1456855777765	1111
2	7	2016-03-02 02:09:37	40038	1456855777980	1112
2	7	2016-03-02 02:09:38	40118	1456855778194	1113
2	7	2016-03-02 02:09:38	40058	1456855778222	1114
1	8	2016-03-02 02:09:38	40118	1456855778401	1115
2	7	2016-03-02 02:09:38	40046	1456855778539	1116
1	16	2016-03-02 02:09:38	40038	1456855778936	1117
1	16	2016-03-02 02:09:38	40054	1456855778939	1118
1	25	2016-03-02 02:09:39	40058	1456855779082	1119
2	7	2016-03-02 02:09:39	40076	1456855779314	1120
2	7	2016-03-02 02:09:39	40064	1456855779329	1121
2	7	2016-03-02 02:09:39	40130	1456855779458	1122
1	26	2016-03-02 02:09:39	40046	1456855779528	1123
2	7	2016-03-02 02:09:39	40024	1456855779745	1124
2	7	2016-03-02 02:09:40	40034	1456855780099	1125
2	7	2016-03-02 02:09:40	40063	1456855780126	1126
1	15	2016-03-02 02:09:40	40064	1456855780187	1127
2	7	2016-03-02 02:09:40	40047	1456855780227	1128
1	25	2016-03-02 02:09:40	40076	1456855780349	1129
1	0	2016-03-02 02:09:40	40130	1456855780382	1130
1	4	2016-03-02 02:09:40	40024	1456855780445	1131
1	5	2016-03-02 02:09:40	40047	1456855780466	1132
2	7	2016-03-02 02:09:40	40018	1456855780760	1133
1	3	2016-03-02 02:09:40	40034	1456855780847	1134
2	7	2016-03-02 02:09:40	40016	1456855780868	1135
1	26	2016-03-02 02:09:41	40018	1456855781206	1136
2	7	2016-03-02 02:09:41	40068	1456855781397	1137
1	26	2016-03-02 02:09:41	40063	1456855781638	1138
2	7	2016-03-02 02:09:41	40136	1456855781649	1139
2	3	2016-03-02 02:09:41	40033	1456855781658	1140
1	3	2016-03-02 02:09:42	40016	1456855782109	1141
2	7	2016-03-02 02:09:42	40067	1456855782174	1142
1	18	2016-03-02 02:09:42	40033	1456855782343	1143
2	7	2016-03-02 02:09:42	40008	1456855782385	1144
2	7	2016-03-02 02:09:42	40123	1456855782460	1145
1	4	2016-03-02 02:09:42	40067	1456855782556	1146
1	9	2016-03-02 02:09:42	40136	1456855782635	1147
1	14	2016-03-02 02:09:42	40068	1456855782702	1148
2	7	2016-03-02 02:09:43	40059	1456855783510	1149
1	15	2016-03-02 02:09:43	40123	1456855783574	1150
2	7	2016-03-02 02:09:43	40077	1456855783678	1151
1	23	2016-03-02 02:09:43	40008	1456855783689	1152
2	7	2016-03-02 02:09:44	40014	1456855784197	1153
1	3	2016-03-02 02:09:44	40059	1456855784227	1154
2	7	2016-03-02 02:09:44	40132	1456855784565	1155
1	10	2016-03-02 02:09:45	40132	1456855785170	1156
1	17	2016-03-02 02:09:45	40077	1456855785286	1157
2	7	2016-03-02 02:09:45	40005	1456855785289	1158
1	24	2016-03-02 02:09:45	40014	1456855785394	1159
2	7	2016-03-02 02:09:45	40048	1456855785578	1160
2	7	2016-03-02 02:09:45	40015	1456855785617	1161
2	7	2016-03-02 02:09:45	40010	1456855785665	1162
2	7	2016-03-02 02:09:45	40002	1456855785713	1163
2	7	2016-03-02 02:09:46	40035	1456855786101	1164
2	7	2016-03-02 02:09:46	40054	1456855786195	1165
1	22	2016-03-02 02:09:46	40010	1456855786205	1166
1	23	2016-03-02 02:09:46	40048	1456855786230	1167
1	4	2016-03-02 02:09:46	40002	1456855786345	1168
2	7	2016-03-02 02:09:46	40038	1456855786413	1169
1	10	2016-03-02 02:09:46	40015	1456855786437	1170
1	10	2016-03-02 02:09:46	40005	1456855786437	1171
2	7	2016-03-02 02:09:46	40058	1456855786648	1172
1	16	2016-03-02 02:09:46	40035	1456855786959	1173
2	7	2016-03-02 02:09:47	40046	1456855787040	1174
2	3	2016-03-02 02:09:47	40015	1456855787117	1175
1	6	2016-03-02 02:09:47	40038	1456855787226	1176
1	6	2016-03-02 02:09:47	40054	1456855787231	1177
1	16	2016-03-02 02:09:47	40046	1456855787805	1178
2	7	2016-03-02 02:09:47	40019	1456855787821	1179
1	19	2016-03-02 02:09:47	40058	1456855787842	1180
2	7	2016-03-02 02:09:47	40071	1456855787906	1181
1	17	2016-03-02 02:09:48	40015	1456855788237	1182
1	19	2016-03-02 02:09:48	40019	1456855788265	1183
2	7	2016-03-02 02:09:48	40024	1456855788423	1184
1	8	2016-03-02 02:09:48	40071	1456855788527	1185
2	7	2016-03-02 02:09:48	40047	1456855788677	1186
2	7	2016-03-02 02:09:48	40063	1456855788783	1187
1	20	2016-03-02 02:09:49	40047	1456855789123	1188
2	7	2016-03-02 02:09:49	40016	1456855789305	1189
1	11	2016-03-02 02:09:49	40024	1456855789408	1190
1	20	2016-03-02 02:09:49	40063	1456855789546	1191
2	7	2016-03-02 02:09:49	40068	1456855789833	1192
1	8	2016-03-02 02:09:50	40016	1456855790205	1193
2	7	2016-03-02 02:09:50	40126	1456855790420	1194
1	26	2016-03-02 02:09:50	40068	1456855790486	1195
2	7	2016-03-02 02:09:50	40080	1456855790726	1196
2	7	2016-03-02 02:09:50	40123	1456855790896	1197
1	1	2016-03-02 02:09:50	40126	1456855790945	1198
1	8	2016-03-02 02:09:51	40080	1456855791045	1199
2	7	2016-03-02 02:09:51	40059	1456855791950	1200
1	16	2016-03-02 02:09:52	40123	1456855792026	1201
2	7	2016-03-02 02:09:52	40077	1456855792102	1202
1	5	2016-03-02 02:09:52	40059	1456855792698	1203
2	7	2016-03-02 02:09:53	40132	1456855793164	1204
1	14	2016-03-02 02:09:53	40077	1456855793248	1205
2	7	2016-03-02 02:09:54	40010	1456855794101	1206
2	7	2016-03-02 02:09:54	40002	1456855794149	1207
1	6	2016-03-02 02:09:54	40132	1456855794390	1208
2	7	2016-03-02 02:09:54	40054	1456855794631	1209
2	7	2016-03-02 02:09:54	40038	1456855794862	1210
1	14	2016-03-02 02:09:54	40010	1456855794937	1211
2	7	2016-03-02 02:09:55	40058	1456855795089	1212
1	0	2016-03-02 02:09:55	40002	1456855795142	1213
1	4	2016-03-02 02:09:55	40054	1456855795205	1214
2	3	2016-03-02 02:09:55	40123	1456855795226	1215
2	7	2016-03-02 02:09:55	40005	1456855795429	1216
1	21	2016-03-02 02:09:55	40038	1456855795468	1217
2	7	2016-03-02 02:09:55	40046	1456855795476	1218
2	7	2016-03-02 02:09:55	40015	1456855795745	1219
2	3	2016-03-02 02:09:55	40002	1456855795977	1220
2	7	2016-03-02 02:09:56	40014	1456855796009	1221
1	2	2016-03-02 02:09:56	40046	1456855796023	1222
2	7	2016-03-02 02:09:56	40037	1456855796024	1223
1	6	2016-03-02 02:09:56	40005	1456855796077	1224
1	10	2016-03-02 02:09:56	40123	1456855796149	1225
2	7	2016-03-02 02:09:56	40019	1456855796257	1226
1	25	2016-03-02 02:09:56	40058	1456855796379	1227
1	3	2016-03-02 02:09:56	40002	1456855796453	1228
1	9	2016-03-02 02:09:56	40015	1456855796545	1229
1	24	2016-03-02 02:09:56	40014	1456855796781	1230
2	7	2016-03-02 02:09:56	40024	1456855796861	1231
1	8	2016-03-02 02:09:56	40037	1456855796959	1232
2	7	2016-03-02 02:09:57	40006	1456855797009	1233
2	7	2016-03-02 02:09:57	40076	1456855797026	1234
2	7	2016-03-02 02:09:57	40047	1456855797111	1235
1	26	2016-03-02 02:09:57	40024	1456855797243	1236
1	14	2016-03-02 02:09:57	40019	1456855797469	1237
1	25	2016-03-02 02:09:57	40006	1456855797641	1238
1	25	2016-03-02 02:09:57	40076	1456855797647	1239
2	7	2016-03-02 02:09:57	40016	1456855797745	1240
1	16	2016-03-02 02:09:57	40047	1456855797923	1241
2	7	2016-03-02 02:09:58	40045	1456855798133	1242
2	7	2016-03-02 02:09:58	40135	1456855798460	1243
1	6	2016-03-02 02:09:58	40016	1456855798609	1244
1	14	2016-03-02 02:09:58	40135	1456855798747	1245
2	7	2016-03-02 02:09:59	40011	1456855799165	1246
1	10	2016-03-02 02:09:59	40045	1456855799519	1247
2	3	2016-03-02 02:09:59	40016	1456855799741	1248
2	7	2016-03-02 02:10:00	40059	1456855800389	1249
1	16	2016-03-02 02:10:00	40011	1456855800453	1250
2	7	2016-03-02 02:10:00	40077	1456855800542	1251
1	10	2016-03-02 02:10:00	40016	1456855800781	1252
1	16	2016-03-02 02:10:00	40077	1456855800876	1253
2	3	2016-03-02 02:10:01	40035	1456855801049	1254
2	7	2016-03-02 02:10:01	40136	1456855801066	1255
1	3	2016-03-02 02:10:01	40059	1456855801090	1256
1	26	2016-03-02 02:10:01	40136	1456855801463	1257
2	7	2016-03-02 02:10:01	40132	1456855801603	1258
