0 83
69 84
95 82
274 83
365 84
539 83
555 84
660 83
688 82
803 83
818 82
859 83
915 84
1000 83
1011 84
1018 85
1094 84
1118 83
1243 84
1268 83
1395 82
1405 83
1423 82
1445 83
1447 82
1465 83
1480 82
1489 81
1504 82
1534 81
1536 80
1538 79
1539 78
1643 79
1747 80
1809 81
1843 80
1939 79
1953 78
2056 79
2102 80
2254 81
2263 79
2264 78
2283 79
2359 80
2367 81
2482 82
2567 83
2619 84
2697 83
2711 84
2719 83
2774 82
2807 81
2928 80
2971 81
2975 82
2984 83
2995 82
2997 82
3003 83
3047 82
3104 81
3168 80
3219 79
3233 78
3255 79
3395 80
3403 79
3470 80
3471 79
3497 78
3528 77
3621 78
3623 77
3628 76
3631 76
3665 77
3679 78
3853 79
3883 80
3910 81
3964 82
4005 83
4019 82
4042 81
4054 80
4065 78
4066 77
4068 76
4207 77
4211 78
4215 77
4220 78
4225 77
4266 78
4471 79
4480 80
4483 81
4486 80
4571 81
4635 80
4647 79
4655 80
4749 79
4751 80
4752 79
4908 78
4916 77
4963 78
4964 77
4966 76
4988 77
5005 76
5039 77
5044 76
5051 77
5059 76
5108 77
5175 76
5219 77
5221 78
5229 79
5231 78
5242 79
5243 78
5257 77
5332 78
5389 77
5395 78
5409 77
5418 78
5420 77
5421 76
5427 75
5443 76
5447 75
5479 74
5480 72
5543 73
5617 74
5667 73
5707 75
5715 73
5728 74
5739 73
5761 71
5771 70
5774 69
5775 68
5784 69
5786 70
5794 70
5796 69
5798 68
5801 67
5803 68
5807 65
5808 64
5823 63
5904 62
5917 63
6024 64
6025 65
6029 66
6039 65
6074 66
6078 65
6081 66
6097 65
6099 64
6109 64
6130 65
6135 64
6137 64
6143 63
6207 64
6272 65
6347 66
6392 65
6402 66
6412 67
6443 68
6456 69
6461 68
6467 67
6496 66
6500 65
6524 66
6541 68
6549 68
6553 69
6607 70
6637 69
6639 68
6659 69
6710 70
6729 71
6747 72
6768 73
6789 74
6860 75
6864 76
6880 75
6886 76
6941 77
6962 76
6995 75
7009 76
7011 75
7121 76
7136 76
7150 77
7215 78
7217 77
7219 76
7224 75
7227 74
7239 75
7243 76
7256 77
7265 78
7360 79
7465 80
7479 81
7483 80
7520 81
7678 82
7694 83
7729 84
7756 85
7775 84
7796 83
7832 84
7852 83
7994 84
8035 85
8091 84
8125 85
8229 86
8280 87
8291 86
8631 87
8723 88
9000 87
9024 88
9215 87
9287 88
9310 87
9320 86
9333 85
9403 84
9409 83
9541 84
9740 83
9743 82
9967 81
9986 82
10139 81
10234 82
10242 81
10259 80
10274 79
10275 80
10419 78
10422 79
10431 78
10443 79
10522 80
10566 81
10643 82
10663 81
10714 82
10720 81
10736 80
10755 81
10768 82
10901 81
10938 82
11023 83
11049 82
11086 81
11089 80
11150 81
11215 80
11241 79
11251 80
11422 79
11519 80
11530 81
11556 82
11638 83
11678 84
11683 83
11684 82
11689 83
11699 82
11704 83
11776 82
11884 83
12088 82
12117 81
12216 82
12247 81
12280 82
12310 81
12319 80
12321 81
12344 82
12513 81
12527 80
12538 81
12667 80
12707 81
12802 82
12863 83
12873 82
12883 83
12892 84
12896 84
13111 85
13177 86
13199 85
13224 86
13331 87
13415 88
13427 87
13585 86
13777 85
13809 86
13915 87
13924 86
13943 87
13952 85
13960 84
13962 83
13966 82
14193 81
14378 80
14432 81
14452 80
14454 79
14511 80
14565 79
14639 78
14650 77
14669 78
14739 79
14768 80
14794 81
14871 82
14884 81
14906 80
14948 79
14954 78
14967 77
15115 78
15173 79
15241 79
15267 78
15295 77
15309 76
15315 77
15317 78
15391 77
15403 76
15435 75
15503 76
15526 77
15554 78
15581 79
15649 78
15675 79
15744 81
15750 82
15847 83
15853 84
15907 82
15910 81
15927 82
15955 83
15962 84
15984 85
15989 86
16301 85
16386 84
16467 83
16487 84
16531 83
16677 82
16747 81
16816 82
17019 83
17067 84
17095 85
17457 86
17485 87
17591 86
17723 87
17767 86
17827 85
17861 86
18010 87
18189 86
18195 85
18364 84
18440 83
18447 82
18471 83
18614 82
18671 81
18681 80
18714 81
18864 80
18869 79
18911 80
18956 81
18959 82
19094 81
19222 82
19256 83
19267 84
19280 83
19459 82
19491 83
19501 84
19503 85
19520 84
19522 83
19530 82
19571 83
19604 82
19651 81
19691 82
19711 81
19712 80
19719 79
19861 78
19893 77
19906 78
20038 79
20042 78
20067 79
20122 78
20123 77
20124 76
20127 77
20144 78
20270 79
20477 80
20490 81
20567 82
20598 81
20599 82
20715 83
20779 82
20854 83
20871 82
20913 83
20925 82
20963 81
21000 82
21037 83
21075 84
21205 83
21369 82
21387 81
21505 82
21506 83
21547 84
21570 85
21736 84
21823 83
21863 84
21912 85
22053 84
22100 85
22127 86
22133 87
22414 86
22498 87
22586 86
22599 87
22707 88
22887 87
22893 86
23074 85
23320 84
23429 83
23453 82
23495 81
23536 82
23574 83
23607 82
23678 81
23720 80
23729 79
23750 78
23834 77
23863 78
23871 77
23875 78
23883 79
23919 78
23933 77
23990 78
24127 79
24172 80
24256 81
24276 80
24339 79
24344 77
24349 76
24350 75
24353 74
24604 75
24613 76
24645 77
24710 78
24728 79
24867 80
24869 81
24959 82
24961 83
24997 82
25022 81
25065 82
25101 81
25158 82
25169 83
25180 84
25195 83
25356 82
25406 83
25412 84
25543 83
25590 84
25607 83
25623 84
25666 83
25839 82
25897 83
25919 82
25977 83
26084 84
26138 83
26223 84
26263 83
26322 84
26534 85
26541 86
26619 85
26654 84
26684 85
26792 84
26874 83
27019 84
27033 85
27065 86
27077 85
27105 84
27184 85
27247 84
27294 83
27295 82
27316 83
27377 84
27497 83
27554 84
27635 83
27651 82
27715 81
27828 82
27833 83
27896 82
27927 83
27954 82
27971 81
27994 82
28048 81
28051 82
28091 81
28142 80
28176 81
28198 82
28287 83
28448 84
28455 85
28503 86
28556 85
28558 84
28560 82
28562 81
28636 82
28656 81
28708 82
28735 83
28793 82
29026 83
29140 82
29209 83
29214 84
29215 83
29263 82
29311 81
29319 82
29323 81
29422 82
29507 81
29514 82
29613 83
29653 82
29691 83
29729 84
29823 83
29838 82
29924 81
29933 80
29976 81
29987 82
30027 82
30135 81
30204 82
30255 83
30370 84
30489 83
30677 82
30697 83
30699 82
30735 83
30823 84
30847 83
30858 84
30904 85
30905 84
31111 85
31332 84
31463 83
31487 84
31489 85
31511 84
31514 83
31636 82
31767 83
31829 84
31857 83
31935 82
31936 81
32063 82
32114 81
32167 82
32183 81
32191 80
32306 81
32307 80
32399 79
32616 80
32654 81
32739 82
32767 83
32810 82
32813 82
32814 81
32829 82
32907 83
33015 82
33019 81
33035 82
33162 83
33322 84
33369 85
33512 84
33539 83
33543 82
33664 81
33721 80
33735 81
33833 82
33895 83
33921 84
33958 85
34034 86
34044 85
34052 84
34055 82
34127 83
34144 82
34189 83
34392 82
34447 81
34716 80
34746 81
34765 82
34897 83
34914 84
34939 85
35019 86
35030 87
35031 88
35059 87
35218 88
35307 87
35313 86
35317 85
35336 84
35372 85
35456 86
35544 85
35557 84
35651 83
35683 82
35731 81
35734 80
35841 79
35855 80
35865 81
35892 82
35923 83
35938 84
36080 83
36151 82
36196 83
36283 84
36332 83
36412 82
36455 83
36494 84
36528 83
36611 84
36657 85
36813 86
36876 87
36995 86
36996 85
37002 84
37229 83
37399 84
37676 85
37726 84
37730 83
37752 84
37763 83
37781 84
37812 85
37880 84
37899 85
37935 84
37990 83
38060 84
38135 85
38142 86
38143 87
38163 86
38263 85
38267 84
38271 83
38364 82
38423 83
38617 84
38642 85
38667 84
38772 85
38828 86
38830 87
38942 86
38948 85
39019 86
39287 85
39425 84
39495 85
39519 86
39533 85
39536 84
39537 83
39728 84
39756 85
39772 84
39775 85
39903 84
39952 83
39954 82
40033 81
40064 80
40170 81
40200 80
40372 79
40491 80
40495 81
40550 80
40552 81
40632 80
40659 81
40677 80
40747 79
40750 80
40887 81
40892 82
40900 83
41019 84
41095 85
41148 86
41214 85
41215 84
41216 83
41251 84
41373 85
41418 84
41444 85
41453 84
41456 83
41457 84
41567 85
41611 86
41799 85
41854 86
41948 85
41979 84
42129 83
42203 82
42233 83
42247 84
42299 85
42459 84
42467 85
42482 84
42486 82
42487 81
42614 82
42627 83
42736 84
42737 83
42840 82
42887 81
43028 82
43029 83
43053 84
43094 85
43199 84
43209 83
43324 82
43352 83
43499 82
43596 83
43684 84
43712 85
43757 84
43758 84
43776 83
43784 82
43841 81
43876 82
43983 81
44008 80
44120 79
44172 78
44229 79
44265 80
44268 81
44302 80
44303 79
44379 80
44424 81
44588 80
44648 81
44669 82
44691 83
44788 84
44853 83
44964 82
45128 83
45175 84
45224 85
45300 86
45305 87
45432 85
45442 84
45449 83
45482 84
45605 85
45666 84
45908 85
45928 84
45944 83
46013 82
46127 83
46166 82
46215 83
46240 84
46438 85
46447 84
46676 85
46700 84
46704 82
46706 81
46709 80
46712 79
46729 80
46817 81
46844 82
46895 83
46948 82
46971 83
46993 84
47108 83
47131 84
47250 83
47357 82
47379 83
47406 84
47500 85
47545 84
47612 85
47727 84
47762 85
47888 86
47926 85
47977 84
48000 83
48032 84
48062 83
48211 82
48225 81
48332 82
48340 81
48392 80
48524 79
48750 80
48777 81
48824 80
48864 81
48986 82
49004 83
49034 84
49042 83
49046 84
49057 83
49133 84
49184 83
49206 84
49298 85
49628 86
49652 84
49654 83
49680 82
49693 83
49725 84
49824 83
49845 84
49892 83
49968 84
50084 83
50224 84
50230 83
50243 82
50244 81
50300 82
50341 81
50342 80
50350 79
50459 80
50496 79
50538 80
50546 81
50659 80
50684 81
50816 82
50817 83
50918 82
50920 81
50921 80
50926 79
50927 78
50947 79
51168 78
51174 77
51324 76
51415 77
51427 78
51473 77
51580 78
51581 77
51606 78
51626 80
51708 81
51756 82
51765 81
51789 82
51884 83
51938 82
51949 83
52009 82
52066 81
52129 82
52161 83
52181 82
52217 81
52364 82
52386 83
52422 82
52423 81
52442 80
52560 79
52572 80
52612 79
52614 80
52674 79
52706 80
52731 79
52818 80
52820 81
52829 82
52947 83
52982 84
53031 85
53044 84
53240 85
53278 84
53284 85
53404 84
53464 83
53475 82
53527 83
53636 82
53736 83
53872 81
53882 80
53940 81
54013 82
54080 83
54095 84
54281 85
54393 86
54473 85
54564 86
54596 87
54715 86
54716 85
54717 84
54725 83
54822 82
54833 84
54871 83
54899 82
55074 83
55136 82
55140 81
55141 80
55142 79
55146 78
55192 79
55284 80
55361 81
55384 80
55544 79
55617 80
55632 81
55695 80
55735 81
55757 82
55790 81
55864 80
56001 81
56047 82
56130 83
56150 82
56205 83
56219 82
56401 81
56436 82
56469 83
56541 84
56644 85
56660 84
56695 83
56776 82
56819 83
56823 84
56832 83
56953 82
57247 83
57260 82
57328 83
57337 84
57357 85
57498 84
57537 85
57575 86
57590 87
57620 86
57733 85
57801 84
57925 85
57946 86
57965 85
57969 84
58032 85
58094 84
58152 83
58215 84
58367 85
58470 86
58687 85
58932 84
58934 83
58936 82
58942 81
58988 82
59095 83
59099 82
59159 83
59169 82
59174 81
59236 82
59353 81
59356 80
59363 78
59366 77
59371 78
59413 79
59610 78
59688 79
59722 80
59760 79
59810 80
59815 79
59901 78
59973 79
59974 80
59981 81
60012 80
60015 79
60017 80
60081 79
60128 80
60135 81
60290 82
60340 81
60378 80
60379 81
60393 82
60445 81
60514 80
60575 81
60578 82
60777 83
60797 84
60845 83
60996 82
61052 81
61062 82
61176 81
61216 80
61268 81
61466 82
61480 81
61563 82
61719 81
61752 82
61840 81
61972 82
61976 83
62018 82
62036 83
62054 84
62111 85
62198 84
62306 83
62316 84
62355 83
62361 82
62373 81
62564 82
62572 81
62719 82
62735 81
62802 82
62865 83
62901 82
63064 83
63121 84
63128 85
63154 84
63307 85
63348 86
63384 85
63387 84
63571 83
63584 82
63585 81
63586 79
63600 78
63648 77
63659 78
63703 79
63728 80
63816 81
63836 80
64063 81
64078 82
64124 81
64139 82
64240 81
64297 80
64301 81
64366 82
64406 83
64461 84
64590 83
64604 84
64615 85
64655 84
64687 85
64777 86
64856 85
64997 84
65069 85
65127 86
65207 85
65216 84
65272 83
65398 82
65585 83
65700 82
65718 83
65939 82
66056 81
66066 82
66100 83
66115 84
66202 85
66235 84
66337 83
66386 84
66408 86
66415 85
66580 86
66581 85
66588 84
66744 85
66861 86
66943 85
67131 84
67362 83
67372 82
67408 83
67484 85
67605 84
67624 85
67665 86
67790 85
67794 84
67801 82
67964 81
68047 80
68120 81
68226 82
68284 81
68346 80
68392 81
68395 82
68405 83
68474 84
68480 85
68539 86
68787 87
68818 86
68881 85
68919 84
68988 85
69060 84
69061 83
69079 84
69222 85
69225 84
69363 85
69427 84
69432 83
69463 84
69478 83
69491 82
69565 83
69605 82
69841 83
69916 82
69981 83
70001 84
70051 85
70112 86
70160 85
70176 86
70239 87
70274 88
70276 87
70451 86
70487 85
70557 84
70668 83
70791 82
70808 81
70816 82
70837 83
70887 82
70924 83
70976 84
71126 85
71213 84
71473 83
71548 84
71590 83
71620 84
71668 82
71704 83
71823 82
71847 83
71912 82
72010 81
72015 80
72016 79
72017 78
72082 77
72105 78
72176 79
72185 78
72259 77
72273 76
72281 77
72300 78
72307 79
72482 80
72568 79
72635 80
72638 81
72784 82
72956 83
72962 84
73013 85
73030 84
73070 85
73091 84
73258 83
73261 84
73367 85
73437 84
73439 83
73481 82
73572 83
73652 82
73711 81
73827 80
73871 79
73885 80
74006 81
74032 83
74136 82
74150 83
74232 84
74347 83
74380 82
74444 83
74492 84
74545 83
74560 84
74604 83
74635 84
74660 85
74701 84
74800 85
74905 86
75017 85
75040 84
75081 85
75104 84
75152 83
75245 82
75292 83
75566 84
75639 85
75687 86
75689 85
75814 84
75908 85
76188 86
76228 85
76230 84
76234 83
76310 84
76406 83
76483 82
76675 83
76688 84
76713 85
76774 84
76827 85
76916 86
76972 87
77257 86
77317 85
77460 86
77618 87
77649 86
77658 85
77868 84
77891 85
77915 84
77935 85
77998 86
78050 85
78091 84
78373 83
78394 82
78488 83
78583 82
78601 81
78677 82
78696 83
78704 84
78715 83
78778 82
78783 83
78824 82
78855 83
78868 82
78915 81
78961 82
79130 83
79205 84
79220 85
79227 84
79373 83
79393 84
79415 83
79433 82
79440 83
79492 84
79609 83
79620 82
79800 83
79836 82
79892 83
79906 82
79993 83
80027 82
80155 83
80244 84
80377 85
80448 84
80450 83
80460 82
80558 83
80596 84
80627 83
80709 82
80824 81
80892 82
80997 81
81054 82
81097 83
81134 84
81283 85
81344 86
81358 85
81399 86
81516 85
81527 84
81538 83
81567 84
81618 85
81793 86
81803 87
81877 86
81878 85
82135 84
82216 85
82229 86
82310 85
82324 84
82370 85
82479 86
82690 87
82805 86
82983 85
82985 84
83117 83
83145 82
83268 83
83361 84
83377 85
83400 84
83579 85
83588 84
83601 85
83606 86
83633 85
83650 84
83748 85
83833 86
83840 85
83875 86
84032 87
84110 88
84127 87
84338 86
84357 85
84360 86
84462 87
84666 86
84668 85
84675 83
84684 84
84745 83
84848 82
84905 81
85040 80
85127 79
85164 78
85184 79
85219 78
85582 79
85646 80
85681 79
85753 78
85778 77
85785 78
85812 79
85824 80
85862 81
85867 82
85988 83
86035 82
86090 81
86095 80
86097 79
86099 80
86161 81
86193 82
86403 81
86476 82
86530 81
86534 82
86546 83
86561 82
86719 83
86768 84
86861 85
86898 84
86961 85
87012 86
87035 85
87088 86
87149 87
87206 86
87352 87
87361 86
87572 85
87696 83
87863 84
87867 83
87884 82
88056 81
88062 82
88108 83
88188 84
88268 86
88433 87
88456 88
88473 87
88631 86
88640 87
88714 86
88890 84
88893 83
88898 82
88975 81
89001 80
89045 81
89069 80
89079 81
89108 82
89124 81
89125 80
89260 79
89384 78
89430 79
89437 80
89441 79
89459 80
89494 81
89543 82
89544 81
89598 82
89704 83
89809 84
89836 83
89909 82
89939 83
89963 82
90008 83
90238 84
90243 83
90287 82
90296 83
90318 82
90325 83
90424 84
90533 85
90571 84
90626 83
90750 82
90894 83
90909 84
90993 85
91016 86
91112 87
91176 88
91287 87
91341 86
91455 87
91575 86
91796 85
91971 86
92101 85
92104 84
92156 85
92275 86
92677 87
92693 86
92845 85
92934 84
92973 85
93104 84
93110 83
93111 82
93114 81
93262 82
93274 81
93345 80
93349 81
93350 80
93368 79
93386 80
93480 79
93597 80
93664 79
93687 80
93771 79
93838 80
93860 81
94030 82
94031 83
94116 84
94121 83
94189 82
94272 83
94296 84
94321 85
94460 86
94468 85
94494 84
94530 83
94532 84
94580 85
94898 84
94970 83
95026 84
95027 85
95227 86
95336 85
95436 86
95557 87
95638 86
95760 85
95781 86
95900 85
95908 84
95958 85
96008 84
96041 85
96318 84
96324 83
96349 84
96525 83
96688 84
96764 85
96913 84
96928 85
97064 86
97155 85
97331 83
97352 83
97423 84
97495 83
97504 82
97561 81
97564 80
97623 81
97690 80
97696 79
97712 78
97752 79
97757 78
97864 79
97870 78
97951 80
97981 79
98109 80
98296 81
98349 80
98399 79
98429 80
98456 81
98528 80
98564 81
98586 82
98667 83
98716 82
98742 81
98756 82
98775 83
99087 84
99190 83
99261 84
99386 85
99400 86
99477 87
99505 88
99568 87
99589 86
99834 85
99938 84
100010 85
100024 84
100120 83
100209 84
100278 83
100311 84
100540 83
100713 82
100714 83
100782 84
100784 85
100834 86
100934 85
100935 84
100940 83
101115 84
101116 85
101118 84
101236 85
101246 84
101378 85
101428 86
101547 85
101550 84
101664 83
101716 82
101728 81
101751 82
101757 81
101761 82
101905 81
101916 80
101933 79
101964 78
102072 77
102092 76
102124 77
102163 76
102207 75
102407 76
102410 77
102439 78
102454 79
102477 80
102561 79
102564 80
102596 81
102705 82
102908 83
102939 82
102942 83
102970 82
103000 83
103105 84
103128 86
103407 85
103410 84
103527 85
103610 86
103766 85
103785 84
103819 83
103820 82
103863 83
103918 82
103961 83
104115 82
104135 83
104154 82
104172 83
104174 84
104336 83
104506 82
104619 82
104664 81
104688 82
104760 81
104791 82
104828 83
104964 84
105040 85
105072 86
105086 85
105110 86
105172 87
105374 86
105533 85
105548 86
105652 87
105696 86
105763 85
105770 84
105787 85
105937 84
105948 83
105949 82
105978 81
106119 80
106137 79
106148 78
106185 79
106188 78
106314 77
106360 78
106370 77
106393 78
106408 79
106409 80
106417 79
106439 80
106519 81
106612 80
106772 79
106825 80
106844 81
106866 82
106984 83
107105 84
107161 83
107183 82
107195 83
107274 84
107358 85
107445 84
107516 85
107535 86
107616 85
107630 84
107707 85
107996 86
108001 85
108054 86
108076 87
108136 86
108326 85
108369 86
108382 87
108556 86
108718 85
108976 84
109003 85
109107 86
109172 87
109235 88
109304 87
109321 86
109592 85
109744 84
109751 85
109980 84
109991 83
110064 84
110165 83
110195 84
110214 83
110253 84
110348 83
110349 82
110353 80
110358 81
110369 80
110411 79
110420 80
110436 81
110513 82
110537 81
110581 82
110593 81
110644 80
110680 81
110702 80
110819 81
110832 80
110953 81
111000 80
111179 81
111248 82
111260 81
111326 82
111328 83
111352 84
111368 83
111409 84
111411 83
111652 84
111660 85
111674 84
111817 85
111850 84
111971 85
112126 86
112150 86
112217 85
112354 84
112421 85
112447 86
112552 85
112711 86
112831 85
112931 84
112937 83
113048 82
113124 83
113149 84
113197 83
113264 84
113324 85
113537 84
113551 83
113583 82
113621 83
113652 84
113758 85
113788 84
113811 83
113851 84
114196 83
114242 82
114392 81
114418 82
114435 81
114455 82
114457 83
114460 84
114461 83
114482 82
114554 81
114556 82
114563 81
114573 80
114580 81
114619 80
114819 79
114885 78
114900 77
115017 78
115039 79
115052 79
115109 80
115118 81
115120 82
115121 81
115212 80
115265 81
115313 82
115366 83
115437 84
115477 83
115590 82
115623 81
115641 82
115678 79
115680 80
115689 81
115698 82
115729 81
115825 82
115833 80
116047 79
116054 78
116105 80
116117 81
116121 80
116205 81
116270 82
116309 83
116317 82
116320 81
116354 80
116408 81
116433 82
116449 81
116545 82
116641 83
116677 82
116722 83
116757 84
116762 82
116765 82
116773 80
116802 81
116841 82
116942 83
117032 84
117040 83
117158 82
117267 81
117375 82
117417 81
117525 80
117543 81
117596 80
117749 81
117753 80
117754 79
117762 80
117765 79
117996 80
118028 79
118044 80
118045 81
118137 82
118238 83
118345 82
118361 83
118363 82
118369 83
118389 84
118415 83
118550 84
118551 83
118557 82
118613 83
118655 82
118778 81
118841 82
118842 81
118855 82
118863 81
118866 80
118872 79
118933 80
118941 79
118944 78
118982 79
119023 78
119029 79
119040 80
119083 81
119101 80
119272 79
119292 80
119300 79
119320 80
119372 81
119379 80
119463 80
119486 79
119573 80
119669 81
119686 80
119751 81
119761 80
119811 79
119813 78
119825 79
119835 78
119884 77
119917 78
119923 77
119929 76
119930 75
119935 74
119938 73
119939 74
119969 75
120044 76
120050 75
120174 76
120180 77
120185 76
120186 75
120259 76
120289 77
120314 78
120317 77
120323 76
120350 77
120355 76
120402 77
120409 77
120411 76
120429 75
120431 76
120485 77
120536 78
120542 77
120543 76
120547 75
120574 76
120582 75
120587 74
120590 73
120595 72
120654 71
120677 72
120737 73
120757 72
120777 73
120793 72
120887 73
120924 74
120964 73
120965 74
121057 73
121093 74
121094 75
121100 76
121102 75
121107 74
121113 73
121115 74
121116 74
121132 73
121135 74
121138 73
121161 72
121169 73
121186 74
121211 73
121217 71
121292 72
121307 73
121327 74
121339 75
121347 76
121348 75
121358 74
121360 73
121381 72
121405 73
121463 74
121473 73
121494 74
121536 75
121550 74
121603 75
121633 74
121711 75
121737 74
121756 73
121767 74
121810 73
121873 74
121886 75
121891 76
121939 75
121960 74
121970 73
122003 72
122045 73
122046 74
122056 75
122060 73
122073 74
122077 75
122251 76
122266 77
122272 78
122309 79
122332 80
122342 79
122374 80
122465 81
122476 80
122479 79
122513 80
122621 81
122637 82
122726 81
122727 82
122744 83
122839 82
122899 81
122939 82
122954 83
122973 82
123022 83
123069 84
123086 85
123171 84
123187 83
123270 84
123321 83
123462 82
123487 81
123493 80
123497 79
123535 78
123588 77
123599 78
123626 79
123651 80
123708 79
123716 80
123751 81
123993 80
124008 79
124033 80
124035 79
124093 80
124156 81
124216 82
124235 83
124281 84
124357 85
124537 84
124545 85
124554 81
124560 80
124575 79
124577 78
124710 79
124732 80
124899 81
124946 80
124958 79
124973 78
125014 80
125151 81
125156 80
125172 79
125209 78
125273 77
125285 76
125293 77
125307 78
125332 79
125340 80
125369 79
125381 78
125557 79
125601 80
125681 79
125745 81
125801 80
125836 79
125837 78
126000 79
126090 80
126091 81
126098 80
126103 79
126165 78
126199 79
126204 80
126245 81
126293 82
126308 83
126365 82
126434 81
126477 82
126481 83
126497 84
126617 83
126650 82
126659 83
126718 84
126897 85
126900 84
126913 83
126963 82
127064 81
127097 80
127217 81
127253 80
127295 81
127364 82
127386 81
127391 82
127392 81
127505 80
127529 81
127616 82
127677 81
127800 80
127887 81
127965 82
128036 83
128122 82
128130 81
128131 82
128149 83
128153 84
128232 83
128293 84
128410 83
128411 84
128468 85
128579 86
128648 87
128709 86
128814 85
128889 86
128973 85
129061 86
129101 87
129145 86
129151 85
129180 86
129197 85
129208 86
129274 85
129371 84
129382 83
129429 82
129493 81
129589 80
129597 81
129613 80
129637 81
129880 82
129970 81
130061 82
130065 81
130214 82
130228 83
130257 84
130293 85
130326 84
130330 83
130377 82
130385 83
130393 81
130449 82
130585 81
130597 82
130659 81
130686 82
130708 81
130725 80
130733 81
130833 80
130875 81
130885 82
130916 81
130950 82
130994 83
131048 82
131104 83
131185 84
131283 83
131287 84
131293 85
131321 84
131327 83
131425 84
131597 83
131602 82
131725 81
131774 82
131897 81
132027 82
132045 83
132301 84
132342 83
132405 84
132440 83
132444 82
132517 83
132604 84
132623 83
132637 82
132653 83
132727 84
132728 83
132820 82
132847 81
132989 80
132997 81
133046 82
133333 81
133379 80
133405 81
133413 80
133432 79
133497 80
133498 81
133505 82
133526 83
133538 82
133540 83
133583 82
133609 81
133681 80
133769 79
133809 78
133817 77
133833 77
133841 78
133850 77
134002 76
134055 77
134064 78
134078 79
134180 80
134213 81
134267 82
134277 81
134293 82
134538 81
134542 81
134553 82
134637 83
134729 84
134801 83
134841 84
134868 83
134909 82
134916 83
135050 82
135085 81
135146 82
135276 83
135456 84
135503 83
135544 82
135545 83
135555 84
135581 83
135605 84
135615 83
135713 84
135818 83
135831 84
135941 83
136068 84
136113 83
136216 84
136395 85
136562 84
136633 85
136709 86
136745 87
136758 86
136804 85
136857 86
136975 85
137050 84
137078 85
137261 84
137270 83
137381 82
137553 81
137567 82
137607 81
137652 80
137811 79
137819 78
137828 77
137834 78
137965 79
138013 78
138015 79
138022 78
138029 77
138044 78
138065 77
138117 78
138193 79
138293 80
138385 81
138493 80
138531 79
138592 80
138713 81
138766 80
138767 81
138807 82
138987 83
138997 84
139016 85
139021 84
139093 83
139099 84
139174 85
139282 84
139323 85
139494 84
139526 83
139624 82
139646 83
139768 82
139846 83
140035 82
140097 83
140152 82
140161 81
140163 82
140169 83
140317 82
140333 81
140380 82
140417 83
140482 84
140533 85
140554 84
140598 83
140755 84
140761 85
140792 84
140846 83
141127 84
141184 83
141201 82
141228 83
141276 82
141277 83
141310 82
141346 83
141371 84
141398 83
141417 84
141483 83
141550 84
141581 83
141597 82
141648 83
141664 84
141769 83
141819 82
141881 83
141965 84
142023 83
142045 82
142166 83
142230 82
142237 81
142295 80
142465 81
142471 82
142737 81
142745 82
142825 81
142870 82
142900 83
142975 84
142978 83
143169 84
143178 83
143241 82
143302 81
143313 82
143480 83
143498 82
143669 83
143678 84
143841 83
143845 82
143864 83
143879 82
143975 81
143996 82
144045 83
144167 84
144267 83
144351 84
144382 83
144425 82
144495 81
144553 80
144643 81
144649 82
144673 83
144773 82
144833 83
144861 84
144936 83
144947 84
144949 85
144957 83
144963 82
145073 83
145151 82
145215 83
145411 82
145421 81
145433 82
145504 83
145528 82
145619 81
145659 80
145674 79
145676 80
145690 79
145745 80
145777 81
145792 82
145801 81
145817 80
145844 81
145949 82
146046 81
146097 80
146103 79
146161 80
146234 81
146278 80
146447 79
146457 78
146510 77
146551 78
146558 79
146605 80
146649 79
146691 80
146726 81
146762 82
146770 83
147041 84
147057 85
147114 86
147131 87
147191 86
147222 85
147266 86
147318 87
147404 86
147445 87
147457 86
147598 85
147706 86
147715 85
147782 84
148061 83
148081 84
148146 83
148199 82
148245 83
148303 84
148346 85
148483 84
148521 85
148597 84
148678 83
148756 84
148769 83
148882 83
149177 82
149181 81
149199 82
149208 83
149371 82
149372 83
149385 84
149456 83
149465 84
149493 83
149756 82
149825 83
149839 82
149853 83
149873 84
149892 82
149912 81
150021 80
150037 79
150104 80
150317 78
150449 79
150454 80
150460 81
150465 82
150640 83
150677 82
150680 82
150689 81
150869 80
150883 81
150960 82
150977 83
151121 84
151124 85
151126 86
151156 87
151213 88
151419 87
151427 86
151530 85
151670 86
151716 87
151730 88
151896 89
151931 88
151997 87
152118 86
152142 85
152293 86
152349 87
152366 86
152376 85
152422 84
152440 85
152596 86
152809 87
152817 86
152964 85
152989 84
153269 83
153300 84
153394 82
153398 81
153450 82
153601 83
153684 82
153685 81
153702 82
153713 83
153790 82
153840 83
153972 82
154033 83
154060 82
154099 83
154110 82
154137 83
154181 84
154185 85
154210 86
154230 85
154237 84
154253 83
154475 84
154526 83
154537 82
154547 81
154574 80
154625 81
154663 80
154825 81
154893 80
154898 79
154899 78
154907 77
154932 78
154958 77
155057 78
155104 77
155142 78
155157 79
155165 80
155211 81
155273 82
155295 83
155365 82
155463 83
155498 84
155532 83
155582 84
155631 83
155637 84
155652 83
155676 84
155742 83
155757 82
155764 81
155769 80
155776 80
156012 81
156114 82
156116 83
156121 82
156128 81
156131 80
156217 79
156356 78
156384 79
156392 80
156416 81
156462 82
156470 81
156477 80
156502 81
156598 80
156600 81
156630 80
156710 81
156725 82
156732 81
156744 80
156759 81
156778 80
156780 81
156786 81
156792 80
156855 81
156860 82
156892 81
156915 80
156973 79
157037 78
157114 79
157164 80
157184 79
157201 79
157202 78
157204 77
157208 77
157209 76
157212 75
157215 75
157217 74
157246 75
157253 74
157284 75
157285 74
157286 73
157374 74
157389 73
157427 74
157457 73
157478 74
157541 75
157586 74
157613 73
157630 72
157713 73
157721 72
157727 71
157745 72
157763 71
157770 70
157810 69
157838 70
157841 71
157861 70
157896 69
157903 68
157905 67
157922 68
157966 69
157970 68
157997 69
158012 70
158053 71
158074 70
158246 71
158250 72
158254 73
158259 72
158267 71
158325 70
158326 71
158357 70
158359 69
158360 68
158362 69
158364 68
158367 67
158368 66
158393 65
158395 66
158396 67
158433 68
158473 68
158479 69
158494 68
158500 69
158539 70
158545 69
158547 68
158605 69
158607 70
158609 69
158615 70
158740 69
158753 68
158766 69
158789 70
158809 71
158811 70
158822 71
158877 70
158953 68
158956 69
158967 70
158995 71
159085 72
159103 71
159113 72
159117 74
159125 72
159126 71
159127 70
159152 71
159170 71
159177 70
159189 69
159191 70
159192 71
159201 71
159210 70
159241 71
159246 72
159249 72
159261 73
159291 74
159298 75
159307 74
159394 75
159493 76
159501 74
159510 75
159513 74
159525 74
159553 75
159628 76
159649 77
159670 76
159673 75
159676 74
159679 75
159680 74
159684 72
159689 71
159692 70
159757 71
159795 72
159805 72
159853 73
159855 74
159891 75
159937 76
160040 77
160056 78
160321 79
160357 78
160389 79
160423 80
160445 81
160459 82
160465 81
160467 80
160468 79
160489 80
160497 79
160521 78
160524 77
160576 78
160583 77
160655 78
160661 79
160854 80
160864 81
160907 80
160929 81
160937 80
160952 81
160975 82
160993 83
161074 84
161091 83
161257 84
161281 85
161287 85
161432 84
161460 85
161511 86
161638 87
161742 88
161929 89
162039 88
162082 87
162180 86
162186 85
162194 84
162242 83
162385 84
162465 83
162484 84
162529 83
162574 82
162632 83
162644 82
162650 81
162707 82
162847 83
162861 84
162873 83
162878 82
162994 81
163006 82
163245 83
163341 82
163376 83
163381 84
163501 83
163549 84
163722 83
163758 84
163791 85
163820 84
163847 85
163932 86
163973 87
164014 86
164179 85
164184 84
164201 83
164367 82
164392 83
164477 84
164550 85
164571 86
164832 87
164837 88
164943 87
165045 86
165137 85
165159 84
165213 83
165262 82
165288 83
165429 85
165470 84
165535 83
165545 82
165898 83
165977 84
165979 85
165992 86
166064 87
166219 88
166241 89
166255 88
166392 87
166405 86
166406 85
166412 84
166471 83
166662 84
166690 83
166711 84
166781 83
166829 82
166860 81
166864 80
166905 79
167083 80
167106 79
167123 80
167193 81
167201 80
167263 81
167373 80
167472 81
167479 82
167498 83
167530 84
167545 83
167641 84
167647 85
167648 86
167694 87
167728 86
167756 87
167797 86
168172 85
168177 86
168358 85
168460 86
168489 87
168587 86
168613 85
168685 84
168733 83
168741 84
168839 85
169013 84
169222 83
169265 82
169289 83
169298 84
169321 85
169346 86
169351 85
169386 84
169411 85
169428 84
169625 83
169689 82
169752 81
169782 82
169805 83
169819 82
170021 83
170180 84
170203 83
170245 84
170281 83
170448 84
170471 83
170512 84
170599 85
170605 86
170609 85
170620 84
170631 83
170649 84
170713 85
170727 86
170915 85
170933 86
171003 85
171029 84
171050 83
171085 82
171086 81
171097 82
171106 81
171203 82
171309 83
171318 82
171320 81
171349 82
171368 83
171423 82
171567 83
171593 82
171648 83
171701 82
171702 81
171709 80
171744 81
171750 82
171781 81
171945 82
171977 83
172007 84
172013 83
172289 82
172317 83
172505 84
172553 85
172574 84
172601 85
172718 86
172745 85
172769 84
172798 83
172801 84
172859 85
172998 83
173053 84
173067 85
173171 84
173249 83
173250 82
173255 83
173442 82
173485 81
173486 82
173565 81
173597 80
173747 81
173905 80
173968 79
174040 80
174077 79
174101 80
174117 81
174118 82
174161 83
174169 84
174317 85
174509 86
174535 87
174629 88
174688 87
174701 88
174740 87
174859 88
174945 87
175181 88
175217 87
175225 86
175229 85
175249 84
175296 83
175305 82
175451 83
175530 82
175542 81
175616 82
175617 83
175646 82
175678 83
175754 82
175757 80
175813 79
176001 78
176028 79
176253 80
176261 81
176317 82
176356 83
176517 82
176535 83
176707 84
176712 85
176798 84
176807 85
176839 84
176961 85
176986 84
177017 83
177039 84
177104 83
177137 84
177217 83
177218 81
177332 80
177394 79
177397 80
177404 81
177440 80
177446 79
177469 78
177470 77
177543 78
177607 79
177662 78
177701 77
177757 78
177760 79
177779 78
177790 79
177921 80
178000 81
178002 82
178086 83
178185 82
178248 83
178301 84
178317 85
178350 86
178439 87
178565 86
178570 87
178585 88
178893 87
178904 86
179147 87
179165 86
179282 87
179310 86
179447 85
179470 84
179522 83
179526 82
179652 83
179708 84
179747 83
179752 82
179757 81
179783 82
179813 81
179850 82
179868 81
179972 80
179977 79
180029 78
180126 77
180349 78
180386 79
180425 80
180458 81
180467 82
180511 83
180614 84