0 82
85 83
96 82
120 83
308 84
341 83
384 84
488 83
582 82
649 83
738 82
787 83
794 84
800 83
828 82
834 81
963 80
980 81
986 82
987 83
1004 82
1118 83
1356 84
1383 83
1400 84
1424 85
1491 84
1493 83
1647 82
1654 81
1670 82
1708 81
1776 82
1815 81
1853 82
1917 83
2107 82
2122 83
2400 84
2482 85
2520 84
2608 83
2617 84
2748 85
2752 84
2792 85
2993 86
3053 87
3079 88
3244 89
3300 88
3368 87
3413 86
3451 85
3528 86
3540 87
3763 86
3807 85
4144 86
4213 85
4275 86
4317 84
4413 85
4487 84
4556 83
4687 84
4774 85
5024 86
5046 85
5054 84
5061 83
5085 82
5090 83
5100 82
5128 83
5155 82
5294 83
5384 84
5571 85
5603 84
5689 85
5708 84
5873 83
5924 82
5938 81
5984 82
6130 81
6315 80
6348 79
6351 78
6407 79
6461 80
6479 81
6487 82
6656 83
6820 82
6906 81
6939 82
6940 83
6996 84
7088 85
7273 86
7293 87
7322 86
7332 85
7517 84
7585 83
7599 84
7621 85
7628 84
7696 83
7808 84
7878 85
7985 84
8032 83
8051 82
8072 83
8074 84
8080 83
8174 82
8214 83
8422 82
8429 81
8536 80
8568 81
8644 80
8704 79
8770 78
8868 79
8923 78
8970 79
8972 80
9021 79
9120 80
9163 81
9244 82
9259 83
9269 82
9321 81
9332 80
9419 79
9435 78
9439 77
9468 78
9574 79
9680 80
9746 81
9820 80
9823 79
9865 80
9880 81
9924 80
9929 81
9964 82
10006 83
10022 84
10040 85
10144 84
10166 83
10187 84
10331 85
10349 84
10354 85
10448 84
10452 83
10540 82
10564 81
10578 80
10874 81
11038 82
11101 83
11112 82
11129 83
11215 84
11324 85
11376 84
11432 85
11663 86
11678 87
11738 88
11750 87
11810 86
11908 85
11943 84
11986 85
12191 84
12269 83
12300 82
12400 81
12437 82
12505 81
12541 82
12645 81
12648 80
12744 81
12771 80
12787 81
12887 80
12940 79
12949 80
12997 81
13000 80
13086 81
13167 82
13234 81
13236 80
13304 81
13313 82
13334 83
13495 82
13542 81
13552 82
13556 83
13596 82
13620 83
13631 82
13651 81
13760 82
13789 83
14040 82
14066 83
14097 84
14120 85
14156 84
14219 83
14364 82
14378 81
14521 82
14569 81
14612 80
14687 79
14736 80
14744 81
14752 80
14765 79
14784 78
14789 77
14837 78
14951 79
15006 80
15015 81
15245 82
15252 81
15297 82
15340 81
15464 82
15667 83
15675 82
15776 83
15792 84
15917 85
15967 84
15976 85
16021 84
16035 83
16104 84
16128 83
16136 84
16181 83
16237 82
16293 83
16413 82
16432 81
16453 80
16487 79
16520 78
16611 78
16620 79
16695 80
16792 81
16830 80
16874 79
16938 80
16986 79
16997 80
17021 81
17160 80
17215 81
17275 82
17445 83
17457 84
17583 85
17613 86
17686 87
17705 86
17729 87
17763 86
18045 85
18096 84
18102 85
18260 84
18300 83
18373 82
18423 83
18900 84
18908 83
18913 84
18916 85
18957 86
18974 85
19004 84
19047 83
19099 82
19139 81
19143 80
19210 79
19248 80
19336 81
19383 82
19424 81
19531 82
19536 83
19552 82
19639 83
19664 84
19699 85
19804 86
19884 87
19896 88
19930 87
19986 88
20172 89
20239 88
20296 87
20408 86
20481 85
20519 86
20520 85
20634 84
20656 85
20657 84
20658 83
20674 82
20705 81
20736 80
20760 81
20965 80
21008 79
21076 80
21130 81
21216 80
21251 79
21300 78
21315 79
21360 80
21376 79
21447 80
21712 81
21746 80
21806 81
21948 82
21972 81
21979 82
21983 81
22011 82
22027 83
22049 84
22090 83
22123 84
22368 85
22424 86
22464 87
22481 86
22490 85
22508 86
22520 85
22589 84
22664 85
22726 84
22831 85
22841 86
22870 85
22891 84
22907 85
22965 86
23162 87
23198 86
23220 85
23268 84
23327 83
23360 82
23430 81
23609 82
23778 83
23779 82
23793 83
23911 82
23941 81
24044 82
24136 83
24155 84
24161 85
24288 86
24290 87
24436 88
24460 87
24467 86
24520 85
24583 86
24609 85
24628 84
24665 83
24693 82
24848 81
24884 80
24895 81
24924 80
24956 78
25013 79
25283 80
25292 81
25328 82
25398 83
25404 84
25431 83
25477 82
25508 83
25524 84
25663 85
25876 84
25890 85
25924 83
25969 82
25987 83
26004 84
26022 85
26152 86
26188 85
26304 84
26588 85
26701 84
26736 83
26805 82
26872 81
26877 82
26889 83
26959 82
26992 83
27000 82
27001 81
27115 80
27196 81
27306 82
27353 83
27408 82
27440 81
27453 82
27488 81
27539 80
27541 81
27585 82
27650 81
27654 82
27706 83
27892 84
27896 85
27992 84
27997 83
28008 84
28164 85
28187 84
28275 83
28300 84
28309 85
28330 86
28508 87
28674 86
28677 85
28758 84
28848 83
28921 82
28973 81
29095 80
29142 79
29145 78
29172 77
29176 76
29275 77
29288 78
29347 79
29435 78
29436 79
29464 80
29501 81
29523 82
29540 83
29685 84
29932 85
30040 86
30048 85
30106 84
30145 83
30160 84
30212 85
30352 86
30391 87
30415 85
30503 86
30517 85
30605 84
30620 83
30744 84
30997 85
31022 84
31078 83
31081 82
31210 81
31244 82
31317 83
31338 82
31356 81
31434 82
31504 83
31509 82
31656 81
31704 80
31717 81
31722 80
31751 79
31752 78
31753 79
31801 80
31894 81
32053 82
32153 83
32182 84
32193 85
32204 84
32336 85
32337 86
32401 85
32438 86
32476 85
32524 86
32696 87
32819 88
32867 87
32892 86
32935 85
32940 84
32942 85
33013 84
33046 83
33064 82
33135 81
33254 82
33360 80
33392 78
33395 79
33539 80
33578 81
33582 82
33656 81
33680 83
33863 84
33904 83
34088 84
34108 85
34159 84
34190 85
34321 84
34360 83
34372 84
34421 85
34432 86
34572 87
34630 86
34816 85
34832 84
34887 83
34895 84
35172 85
35238 84
35300 83
35303 82
35323 83
35338 84
35436 83
35573 82
35604 81
35744 82
35845 83
35858 82
35876 81
35915 82
35924 81
35937 82
35974 81
35979 80
36017 81
36304 82
36370 83
36401 84
36432 83
36463 84
36588 85
36701 84
36880 85
37036 86
37110 85
37146 84
37158 85
37219 84
37244 85
37284 83
37345 82
37458 83
37580 82
37612 81
37769 80
37861 81
37868 82
38008 83
38017 84
38024 85
38290 84
38374 85
38446 86
38518 85
38524 86
38535 85
38580 84
38685 83
38733 82
38851 81
38869 82
38880 83
39014 84
39016 83
39036 82
39059 81
39164 82
39351 81
39411 82
39434 83
39454 82
39523 81
39525 80
39622 79
39664 80
39758 81
39799 82
39817 83
39831 82
39872 81
39989 80
39996 79
40024 80
40067 79
40096 78
40144 77
40192 76
40193 76
40309 75
40322 76
40332 77
40386 78
40395 79
40425 80
40465 81
40512 82
40644 81
40670 82
40807 83
40819 84
40830 83
40880 84
40937 83
41040 84
41045 83
41202 84
41225 85
41276 86
41316 87
41373 86
41442 85
41501 83
41565 84
41572 83
41579 84
41801 83
41828 82
41874 83
42037 84
42056 85
42164 86
42174 85
42320 86
42332 85
42333 84
42336 85
42342 84
42374 85
42511 84
42636 85
42781 84
42801 83
42924 84
43015 83
43030 82
43045 81
43072 80
43207 81
43213 80
43215 80
43220 79
43224 78
43225 77
43228 78
43236 77
43271 76
43505 77
43509 76
43510 77
43511 77
43512 76
43519 74
43520 73
43624 74
43632 75
43634 74
43690 73
43788 72
43834 71
43836 72
43932 71
43933 70
43942 69
43946 68
43969 70
43995 69
44025 70
44026 70
44035 69
44069 70
44072 71
44075 70
44078 69
44082 68
44104 69
44179 70
44196 69
44210 70
44225 71
44240 72
44279 73
44316 72
44360 71
44374 72
44392 72
44403 73
44415 72
44417 71
44419 70
44420 68
44426 69
44432 70
44437 69
44445 68
44446 67
44447 68
44449 69
44454 68
44504 67
44506 68
44507 67
44508 68
44511 67
44512 66
44513 64
44519 63
44524 64
44530 65
44540 66
44644 67
44656 68
44657 67
44658 67
44660 65
44663 65
44675 65
44679 66
44735 67
44801 67
44872 66
44909 66
44924 65
44950 66
44979 67
44992 68
45019 69
45039 70
45042 69
45044 70
45048 71
45050 70
45051 69
45080 70
45088 69
45104 68
45114 69
45116 70
45125 71
45172 72
45179 73
45193 72
45208 73
45221 74
45251 75
45262 76
45273 75
45374 74
45427 73
45428 72
45456 73
45464 72
45468 71
45530 72
45538 73
45551 74
45670 75
45703 74
45726 75
45734 73
45744 72
45752 73
45778 74
45823 75
45837 76
45840 75
45850 76
45857 75
45884 74
45900 75
45979 76
46016 75
46038 76
46042 75
46049 74
46056 72
46068 73
46076 72
46113 73
46214 74
46283 75
46292 74
46295 73
46298 72
46322 73
46416 74
46488 75
46496 75
46497 74
46514 75
46536 76
46549 75
46660 76
46669 75
46671 74
46739 73
46748 72
46751 73
46770 74
46835 75
46890 76
46899 75
46902 76
46916 75
46923 76
46977 77
47011 78
47027 79
47100 80
47110 81
47220 82
47228 80
47232 79
47266 80
47315 81
47316 80
47340 79
47348 80
47472 81
47536 82
47561 83
47708 84
47716 84
47725 85
47784 87
47819 86
47849 85
47850 84
47868 83
47900 82
47901 80
47943 81
47967 80
48046 79
48134 78
48192 79
48193 80
48408 81
48531 80
48535 81
48598 82
48641 81
48644 82
48649 81
48654 80
48659 81
48704 82
48849 83
48931 84
48954 85
48957 84
49062 83
49122 82
49136 81
49176 82
49207 81
49258 80
49260 79
49278 78
49317 79
49365 80
49397 81
49465 82
49589 83
49680 84
49746 83
49772 82
49897 83
49965 84
50117 83
50160 84
50178 83
50298 84
50337 83
50355 84
50373 85
50488 86
50782 87
50872 88
50932 87
51033 86
51133 87
51179 86
51264 85
51499 86
51572 85
51576 84
51692 85
51719 84
52039 83
52062 82
52220 83
52236 84
52237 85
52239 84
52326 83
52340 82
52356 83
52359 84
52501 85
52867 84
52869 83
52884 82
52979 83
53026 82
53057 83
53072 82
53268 81
53288 80
53318 81
53337 80
53369 81
53550 80
53562 79
53598 78
53623 77
53759 78
53784 79
53792 78
53816 79
53897 78
53950 79
53970 78
53995 79
54008 80
54032 81
54081 80
54088 81
54097 82
54149 83
54187 84
54251 85
54329 84
54355 85
54390 86
54398 85
54520 84
54527 85
54541 84
54652 83
54755 84
54923 85
55029 84
55093 85
55152 84
55212 83
55219 84
55339 83
55380 84
55397 83
55480 82
55640 81
55752 80
55784 81
55792 80
55793 79
55848 80
55849 81
56007 82
56060 81
56102 82
56161 83
56276 82
56290 81
56372 82
56393 84
56440 85
56501 86
56542 85
56547 86
56560 85
56608 86
56612 87
57079 88
57084 87
57162 86
57271 85
57393 86
57403 87
57499 86
57511 85
57763 84
57770 83
57783 82
57814 81
57846 80
57990 81
58104 80
58143 79
58146 80
58148 81
58185 80
58193 79
58200 80
58323 81
58324 82
58468 83
58528 82
58541 81
58578 82
58661 83
58727 82
58877 83
58897 84
59070 85
59088 84
59120 83
59361 84
59373 83
59400 82
59479 83
59574 84
59634 85
59685 84
59692 85
59726 86
60013 85
60057 84
60134 83
60176 84
60204 83
60253 84
60279 83
60381 82
60425 83
60448 82
60454 81
60512 80
60534 79
60629 80
60641 79
60668 80
60759 79
60816 80
60925 81
60947 82
60964 83
61029 82
61166 83
61302 82
61332 83
61377 82
61505 83
61704 82
61710 83
61719 82
61725 81
61774 82
61956 83
61978 84
61990 83
62008 84
62017 85
62114 86
62125 85
62401 84
62413 83
62468 84
62550 83
62745 82
62755 81
62769 80
62770 81
62841 82
62919 81
63134 82
63232 83
63266 84
63341 83
63346 84
63357 85
63398 86
63510 87
63589 86
63809 85
63893 87
63969 88
64072 87
64207 86
64229 85
64295 86
64401 85
64437 84
64543 83
64621 82
64653 81
64679 80
64746 79
64769 80
64941 81
64991 80
64993 79
65005 80
65011 81
65221 82
65241 83
65277 82
65520 81
65548 82
65550 83
65556 84
65621 83
65645 84
65718 83
65784 82
65797 81
65935 80
65943 81
65946 80
65992 81
66022 82
66025 81
66034 80
66169 81
66189 82
66210 81
66237 82
66244 83
66323 84
66329 85
66349 86
66351 87
66533 86
66605 85
66625 84
66669 85
66785 84
66942 85
66973 84
67070 85
67090 84
67121 85
67150 86
67277 85
67279 86
67551 85
67679 86
67809 85
67948 84
67989 85
68029 84
68072 85
68410 84
68426 83
68449 82
68533 83
68553 84
68621 83
68666 82
68780 81
68804 82
68893 83
68973 82
69081 83
69110 84
69176 85
69189 86
69444 87
69497 86
69558 85
69763 86
69889 85
69945 86
70022 87
70023 88
70035 89
70156 88
70334 87
70464 86
70833 85
70836 84
70837 83
71005 82
71060 81
71068 82
71073 81
71082 82
71161 83
71169 82
71192 81
71346 82
71441 83
71499 84
71507 83
71596 84
71626 85
71672 84
71681 83
71753 84
71782 83
71852 82
72020 83
72025 82
72029 81
72038 80
72090 79
72129 80
72197 81
72245 80
72253 81
72436 82
72556 83
72645 82
72673 81
72737 82
72841 81
72843 82
72893 83
72894 82
72901 81
72909 82
73001 81
73031 82
73125 83
73130 84
73164 85
73205 86
73253 87
73409 88
73629 89
73795 87
73853 86
73960 85
74065 86
74068 87
74226 86
74336 87
74382 86
74513 87
74549 88
74681 87
74864 86
74946 87
75046 86
75065 85
75108 84
75163 85
75293 84
75381 85
75468 84
75620 85
75676 86
75685 87
75722 86
75808 85
75865 84
75891 83
75908 82
75913 81
76002 80
76189 81
76242 82
76285 83
76345 84
76377 83
76379 82
76384 83
76469 84
76563 83
76773 84
76852 85
76868 86
76885 85
76950 84
76965 83
77057 82
77073 83
77091 82
77101 83
77106 82
77121 81
77200 80
77222 79
77299 80
77614 81
77622 80
77633 81
77667 82
77785 83
77828 84
77859 85
77957 86
78010 85
78065 86
78073 85
78138 86
78166 85
78221 86
78251 85
78273 86
78277 85
78361 84
78520 85
78592 84
78600 83
78913 82
78935 83
78985 84
79011 85
79065 86
79272 85
79277 84
79285 85
79320 84
79331 83
79443 82
79509 81
79591 82
79701 81
79920 82
79922 83
79936 82
80047 81
80082 80
80110 79
80155 80
80183 81
80237 82
80308 83
80313 84
80361 85
80365 86
80369 85
80397 86
80417 87
80466 86
80598 84
80786 83
80820 84
80952 83
81033 84
81105 83
81175 82
81277 81
81288 82
81442 81
81458 82
81501 83
81586 84
81645 85
81793 84
81838 85
81874 86
81940 87
82057 86
82157 87
82207 88
82240 87
82264 86
82391 85
82463 84
82494 85
82525 84
82541 83
82630 84
82818 83
82819 82
82956 83
82958 84
83036 83
83129 82
83233 83
83369 82
83408 83
83413 82
83449 83
83482 82
83485 83
83505 82
83507 83
83522 82
83544 83
83548 82
83597 83
83654 82
83877 83
83957 84
84029 83
84046 84
84057 83
84122 82
84132 83
84262 82
84263 83
84298 82
84301 83
84452 82
84580 81
84613 82
84622 83
84681 82
84819 81
84820 80
84892 81
84994 82
84996 83
85105 82
85152 83
85187 82
85192 81
85301 82
85325 81
85366 82
85384 81
85497 80
85505 81
85539 82
85562 81
85602 80
85630 79
85663 78
85697 77
85730 76
85797 77
85917 78
85926 79
85985 80
86013 81
86100 82
86157 83
86189 84
86222 85
86284 86
86371 85
86404 86
86615 85
86690 84
86745 83
86761 82
86914 81
86944 82
86950 83
87028 82
87094 83
87131 82
87157 83
87229 84
87346 83
87469 84
87533 85
87663 86
87717 85
87760 84
87946 85
88089 84
88274 85
88278 83
88420 84
88515 83
88550 84
88830 85
88901 84
88905 83
88953 84
88984 85
88985 86
89025 85
89029 84
89038 83
89072 84
89353 83
89361 84
89396 85
89412 84
89503 83
89541 82
89583 83
89596 84
89609 83
89621 84
89653 83
89712 82
89713 81
89790 80
89868 79
89876 78
89934 79
89960 78
90033 79
90067 78
90140 79
90143 78
90274 79
90400 78
90432 79
90461 80
90469 81
90565 82
90589 81
90643 82
90657 83
90680 84
90689 85
90902 84
90908 85
90974 86
90982 84
91002 83
91158 84
91197 83
91216 84
91237 85
91254 84
91377 85
91604 84
91633 85
91797 86
91895 87
91930 86
91985 86
91988 85
92402 84
92493 83
92495 82
92510 81
92581 80
92594 81
92731 80
92737 81
92749 82
92751 83
92826 82
92864 83
92944 82
92979 83
92989 84
93119 83
93121 82
93132 81
93205 82
93242 81
93247 80
93289 79
93290 78
93489 79
93511 80
93543 79
93573 78
93632 77
93654 78
93691 77
93725 78
93726 77
93761 76
93833 75
93914 76
93933 75
93943 76
94001 75
94069 76
94086 77
94119 78
94141 79
94172 78
94265 79
94281 80
94341 81
94453 80
94556 81
94659 82
94681 81
94689 82
94694 83
94749 84
94805 83
94808 84
95077 85
95113 86
95122 87
95144 88
95197 87
95320 86
95464 85
95491 86
95516 87
95612 86
95722 85
96005 86
96156 85
96157 84
96189 85
96471 86
96507 87
96697 86
96712 85
96713 84
96885 83
96948 82
97051 81
97052 80
97123 81
97153 80
97173 81
97234 82
97322 83
97335 82
97337 81
97350 80
97462 79
97469 78
97471 77
97493 76
97494 75
97565 76
97588 77
97669 78
97672 79
97673 80
97767 79
97769 78
97779 79
97827 80
97836 79
97988 80
98006 81
98042 80
98046 81
98076 80
98138 79
98149 78
98170 79
98189 80
98213 79
98272 80
98384 79
98562 80
98584 81
98625 83
98712 84
98718 83
98738 84
98836 83
98837 84
98871 85
98973 86
99049 87
99195 86
99210 87
99369 86
99370 87
99417 86
99474 87
99525 86
99542 85
99613 86
99703 85
99754 84
99825 83
100081 84
100308 85
100339 86
100371 85
100533 86
100581 87
100589 86
100713 85
100720 84
100859 85
101057 84
101164 83
101200 82
101261 83
101265 84
101268 83
101288 82
101301 83
101353 82
101378 81
101555 80
101557 79
101641 80
101683 79
101714 78
101904 79
101929 80
101976 81
101979 80
102056 79
102062 78
102201 79
102267 78
102369 77
102410 76
102411 75
102441 74
102555 75
102569 76
102612 75
102625 76
102681 77
102686 78
102812 79
102918 80
103002 81
103014 82
103136 83
103139 84
103141 85
103175 86
103271 88
103279 89
103291 90
103405 89
103633 88
103765 87
103870 86
104039 85
104109 86
104188 85
104275 86
104293 87
104469 88
104549 89
104933 88
104939 87
105257 86
105322 85
105397 84
105417 83
105484 82
105509 81
105518 80
105586 79
105655 80
105753 81
105773 80
105858 81
105911 80
105934 79
106015 78
106081 79
106123 80
106245 81
106276 80
106311 81
106322 82
106359 81
106492 80
106515 81
106539 82
106589 81
106617 80
106623 81
106653 80
106753 81
106813 82
106824 81
106894 82
106902 81
106929 80
106970 81
107130 80
107188 81
107232 82
107332 83
107345 82
107405 83
107416 84
107428 83
107430 84
107448 85
107681 84
107758 83
107853 82
107987 81
107998 82
108045 83
108089 82
108145 81
108164 82
108289 81
108297 80
108301 81
108362 82
108459 81
108491 82
108565 83
108593 84
108748 85
108752 86
108822 87
108941 88
109149 87
109641 88
109730 87
109739 86
109797 87
109809 86
109811 85
110005 84
110050 85
110122 84
110123 83
110130 82
110254 83
110440 84
110496 83
110548 82
110552 81
110565 80
110577 79
110654 80
110663 81
110697 80
110700 79
110805 78
110806 77
110831 78
110840 77
110846 76
110849 75
110863 76
110991 77
111008 78
111024 77
111052 76
111094 75
111124 76
111344 75
111405 76
111421 77
111453 78
111460 79
111481 80
111502 79
111525 80
111535 81
111547 82
111606 81
111771 82
111902 81
111910 82
111966 83
111978 82
111997 83
112001 84
112030 83
112049 84
112073 83
112089 84
112305 83
112313 84
112445 83
112509 82
112568 83
112609 82
112625 83
112656 82
112749 83
112846 84
112909 85
113073 84
113181 85
113369 84
113641 85
113673 86
113780 85
113790 86
113793 85
113878 84
113891 85
113945 86
114028 85
114036 84
114319 83
114336 82
114339 81
114349 80
114350 79
114541 80
114559 81
114609 82
114716 81
114769 80
114772 79
114795 78
114811 79
114999 80
115025 79
115026 80
115063 79
115132 80
115247 81
115253 80
115264 79
115288 80
115373 81
115387 82
115454 83
115543 84
115559 83
115624 84
115721 83
115744 84
115963 83
116007 84
116075 83
116120 82
116128 83
116199 82
116290 81
116325 80
116347 79
116414 78
116472 79
116525 78
116540 79
116561 80
116730 79
116741 78
116797 79
116821 78
116863 79
116872 78
116953 79
116966 78
116987 79
117029 80
117040 81
117097 80
117109 81
117114 82
117202 83
117265 84
117266 85
117290 84
117409 85
117427 86
117437 87
117447 88
117590 87
117621 88
117878 89
118007 88
118059 87
118086 86
118244 85
118360 84
118421 85
118554 84
118562 83
118642 84
118719 83
118819 84
118889 83
118936 82
119013 81
119031 82
119091 81
119205 80
119245 79
119246 78
119248 79
119265 80
119389 81
119405 80
119464 79
119493 78
119500 79
119505 80
119510 82
119544 83
119573 84
119734 83
119774 82
119855 83
119952 84
119966 83
120093 84
120221 85
120235 86
120282 85
120393 86
120419 85
120446 86
120495 85
120509 84
120541 83
120687 82
120718 83
120746 82
120879 83
120973 82
121025 81
121047 82
121088 81
121092 80
121146 81
121183 82
121184 81
121221 82
121260 83
121405 84
121429 85
121508 84
121522 83
121618 82
121690 83
121805 82
121868 83
121937 84
121953 85
122026 84
122097 85
122149 84
122238 83
122270 84
122309 83
122335 84
122361 83
122389 84
122416 85
122426 86
122469 85
122774 84
122775 83
122944 82
123138 83
123146 82
123156 82
123157 83
123232 82
123311 81
123461 81
123553 82
123629 81
123650 82
123685 83
123757 84
123913 83
123948 82
123953 83
124004 82
124033 83
124075 84
124314 85
124325 86
124338 85
124409 86
124503 85
124519 84
124550 85
124639 84
124725 82
124759 81
124965 82
124990 83
125023 84
125076 85
125091 86
125211 85
125276 86
125304 85
125312 84
125321 83
125520 84
125559 85
125595 84
125602 85
125706 84
125722 85
125728 84
125844 83
125886 84
126119 85
126217 86
126241 85
126349 86
126369 85
126452 84
126502 85
126533 84
126584 83
126674 84
126694 83
126789 84
126820 85
126869 86
126921 87
126946 86
126961 87
126996 86
127002 85
127113 84
127153 83
127166 82
127200 83
127377 82
127384 83
127504 84
127682 83
127765 84
127959 83
127966 84
128018 85
128030 86
128079 87
128219 86
128284 85
128500 86
128528 87
128558 86
128692 85
128723 84
128724 83
128733 84
128946 83
128976 82
129017 81
129138 82
129189 83
129212 82
129215 81
129346 82
129353 81
129433 80
129509 81
129551 80
129600 79
129669 80
129806 81
129924 80
129931 81
129935 82
129948 81
129954 82
129955 81
130054 80
130141 81
130149 82
130186 81
130187 80
130194 79
130282 78
130315 79
130373 80
130426 81
130462 80
130482 81
130486 83
130520 83
130521 84
130740 83
130742 82
130791 81
130902 80
131010 79
131032 80
131038 79
131049 78
131116 79
131117 80
131170 81
131173 82
131177 81
131178 80
131214 79
131217 78
131323 77
131377 76
131392 77
131474 76
131516 77
131597 76
131602 75
131617 76
131638 77
131649 78
131667 79
131776 80
131796 81
131824 82
131830 83
131921 84
131969 83
131974 84
131983 83
131993 84
131996 85
132050 86
132066 85
132122 86
132174 85
132346 85
132351 83
132381 82
132394 81
132395 80
132400 78
132450 79
132458 78
132469 76
132498 77
132501 76
132502 75
132506 74
132526 73
132824 72
132828 73
132934 74
132942 73
132982 74
133016 75
133024 74
133099 73
133101 74
133102 72
133106 71
133154 72
133158 73
133162 72
133163 72
133166 71
133192 70
133193 70
133194 69
133195 68
133229 67
133254 66
133259 67
133261 66
133290 65
133312 66
133376 66
133379 65
133381 64
133383 65
133417 66
133433 65
133466 66
133482 67
133503 68
133582 66
133593 65
133626 66
133638 67
133654 68
133655 67
133658 66
133662 65
133763 66
133784 67
133786 66
133788 65
133792 64
133795 63
133800 62
133810 63
133814 61
133828 62
133869 63
133876 62
133878 62
133881 63
133883 63
133885 62
133886 61
133887 60
133890 61
133918 62
133955 63
134059 64
134060 63
134066 64
134122 65
134149 66
134151 67
134197 68
134199 67
134261 68
134299 67
134310 68
134313 69
134318 68
134332 68
134348 69
134370 70
134378 69
134387 68
134390 67
134410 66
134411 67
134414 68
134417 67
134421 66
134504 67
134537 68
134550 67
134593 68
134622 69
134629 68
134635 67
134648 68
134660 69
134665 68
134672 69
134678 70
134693 69
134698 68
134760 69
134761 70
134773 71
134779 70
134888 71
134893 70
134894 69
134914 70
134917 71
135005 72
135010 71
135058 72
135066 71
135090 72
135126 73
135128 74
135156 75
135199 76
135209 77
135230 78
135275 79
135282 78
135297 79
135329 80
135375 81
135378 80
135387 79
135402 80
135434 81
135439 80
135442 79
135455 79
135498 80
135506 79
135567 78
135570 79
135590 80
135626 79
135639 78
135640 79
135654 80
135689 81
135700 80
135710 81
135811 82
136042 83
136079 84
136347 85
136402 86
136410 85
136453 86
136507 85
136512 84
136627 85
136664 84
136668 83
136698 84
136838 83
137046 84
137096 85
137138 86
137194 84
137538 83
137574 84
137592 85
137595 86
137627 85
137638 86
137682 87
137731 86
137786 85
138022 84
138048 85
138082 84
138271 85
138304 86
138356 85
138415 84
138511 83
138536 84
138713 83
138863 84
138867 83
138872 84
138968 83
138987 82
139010 83
139302 82
139466 83
139471 82
139501 83
139578 84
139693 85
139722 84
139798 85
139855 84
139893 83
139998 84
140202 85
140203 84
140278 85
140338 86
140429 87
140607 86
140658 87
140697 88
140794 89
140889 88
140926 87
140943 86
141031 85
141070 84
141191 83
141270 84
141290 85
141344 84
141350 83
141378 82
141405 83
141641 84
141762 85
141837 86
141846 85
141850 84
141952 83
141987 84
141989 85
142211 84
142214 85
142238 84
142318 83
142451 84
142565 83
142567 84
142572 83
142633 82
142637 81
142650 82
142731 81
142772 82
142853 81
142925 80
142938 81
143131 82
143156 81
143158 80
143217 79
143242 80
143262 81
143307 82
143325 83
143405 84
143492 83
143522 84
143559 85
143662 84
143730 85
143745 86
143875 87
144113 86
144230 87
144403 86
144582 85
144712 86
144798 87
144819 86
145022 87
145146 86
145166 85
145251 84
145440 85
145566 84
145592 83
145614 84
145686 85
145708 86
145808 85
145813 84
145948 83
145964 84
146074 85
146076 84
146173 83
146179 84
146314 83
146428 84
146431 83
146466 84
146534 83
146541 84
146677 85
146789 84
146847 83
146851 82
146860 81
146951 80
146957 79
147076 78
147098 79
147153 78
147182 79
147203 80
147269 81
147270 82
147403 83
147431 82
147498 83
147552 84
147661 85
147714 84
147752 85
147850 84
147878 83
148052 84
148140 85
148144 86
148191 85
148215 86
148333 85
148434 86
148466 87
148586 86
148654 87
148862 86
148892 85
148977 84
149021 83
149047 82
149066 83
149271 82
149362 81
149392 80
149449 81
149526 82
149528 83
149587 84
149759 85
149786 84
149790 85
149802 84
149827 85
149908 84
150009 85
150010 86
150025 85
150028 84
150034 85
150138 86
150318 85
150477 86
150598 87
150601 86
150649 87
150687 86
150719 87
150754 86
150792 85
151005 84
151069 83
151073 82
151158 83
151189 82
151331 81
151365 80
151524 81
151556 82
151558 83
151611 84
151683 85
151936 84
152009 85
152048 86
152066 85
152099 84
152205 85
152249 84
152265 83
152443 84
152500 85
152553 84
152615 85
152668 86
152804 85
152838 86
152869 87
152920 88
152967 87
153118 86
153146 85
153166 86
153236 85
153244 84
153322 83
153548 82
153582 81
153635 82
153694 81
153778 82
153783 83
153819 84
153838 85
153854 86
154002 85
154006 83
154008 84
154028 83
154041 84
154238 83
154286 84
154378 85
154490 84
154618 85
154822 86
154893 85
154933 84
154974 83
154990 84
155052 85
155092 84
155106 85
155290 86
155293 85
155299 84
155405 83
155593 82
155716 83
155720 84
155873 85
155874 84
156157 83
156201 84
156230 85
156250 84
156270 83
156287 82
156318 81
156461 80
156471 79
156494 80
156500 79
156537 80
156655 79
156703 78
156749 79
156773 78
156842 79
156858 80
156865 81
157015 82
157021 81
157187 80
157204 81
157354 82
157384 81
157398 80
157426 79
157453 78
157495 79
157516 78
157534 77
157542 79
157577 78
157586 79
157729 80
157752 79
157789 80
157806 79
157865 80
157881 81
158007 82
158070 83
158138 84
158238 83
158260 84
158265 85
158466 84
158630 83
158706 82
158755 83
158774 82
158822 83
158845 82
159009 81
159012 82
159015 83
159019 84
159090 85
159117 86
159154 85
159294 84
159300 83
159502 81
159529 80
159622 79
159792 80
159858 81
159929 82
160027 83
160058 84
160075 83
160195 84
160237 85
160297 84
160315 85
160500 84
160502 83
160522 84
160534 83
160598 84
160688 83
160714 84
160758 86
160804 85
160807 84
160845 83
160874 82
160994 81
161106 82
161340 83
161346 82
161354 83
161381 82
161466 83
161502 84
161567 85
161646 84
161781 85
161845 84
161874 85
161935 86
161984 85
162018 84
162045 83
162058 84
162099 83
162411 84
162433 85
162442 84
162451 83
162501 82
162606 83
162652 84
162846 83
162853 82
162910 81
162926 80
162966 81
162975 82
163054 81
163090 82
163119 83
163150 82
163235 83
163246 84
163310 85
163375 84
163439 85
163482 84
163523 83
163574 84
163657 85
163938 86
164107 87
164168 88
164171 89
164287 88
164426 89
164462 88
164513 87
164714 86
164722 85
164781 86
164900 85
164968 86
165175 85
165177 86
165214 85
165234 84
165376 85
165468 86
165526 87
165566 86
165616 87
165653 88
165862 87
165939 86
165987 85
166010 86
166196 85
166238 84
166246 85
166277 84
166297 85
166319 84
166384 85
166765 86
166802 87
166821 86
166978 87
167082 86
167142 84
167165 85
167187 86
167213 87
167323 86
167521 85
167578 86
167580 85
167590 86
167600 85
167747 84
167795 85
167872 84
167975 83
168091 84
168159 85
168193 86
168362 85
168379 86
168515 85
168550 84
168567 85
168631 84
168650 85
168685 84
168896 83
168940 84
168979 85
169083 86
169214 87
169262 88
169434 87
169454 86
169674 85
169757 84
169786 83
169869 84
170015 85
170082 84
170134 85
170155 86
170171 85
170346 86
170408 85
170458 84
170539 83
170682 84
170760 85
170870 86
171035 85
171362 84
171419 85
171542 86
171584 87
171706 86
171735 87
171746 86
171801 85
171829 86
171902 87
171944 86
172018 85
172093 84
172095 83
172103 82
172183 83
172230 82
172350 83
172384 82
172387 81
172394 80
172404 79
172422 80
172478 81
172618 80
172666 81
172707 82
172727 81
172766 82
172770 81
172827 80
172845 79
172919 80
172931 81
173089 82
173167 83
173204 84
173306 85
173416 86
173435 85
173466 86
173638 87
173654 86
173659 85
173662 84
173666 85
173894 84
174002 83
174036 84
174041 85
174060 84
174245 85
174303 84
174387 83
174391 84
174586 85
174636 84
174658 85
174702 84
174714 85
174759 84
174762 85
174777 86
174961 85
175042 86
175265 85
175473 84
175582 83
175599 84
175615 83
175621 84
175685 83
175842 84
175946 85
175954 84
175962 85
176002 84
176021 83
176178 82
176318 81
176319 80
176336 81
176346 82
176360 83
176449 82
176582 81
176599 80
176602 79
176607 78
176610 77
176621 78
176713 79
176747 78
176812 77
176895 78
176939 77
176943 78
177044 77
177066 76
177067 77
177277 78
177299 79
177322 80
177324 81
177384 82
177465 83
177503 84
177542 85
177558 86
177600 87
177726 88
177874 87
177879 86
177884 85
178004 86
178056 87
178222 86
178251 85
178470 84
178474 83
178489 84
178518 83
178612 84
178845 85
178848 84
178886 85
178913 84
178936 85
178950 86
178979 85
179042 86
179096 85
179479 84
179604 85
179607 86
179647 87
179696 86
179785 87
179898 86
179970 85
180013 86
180104 85
180179 84
180222 83
180242 82
180259 81
180312 80
180314 79
180354 80
180401 79
180459 78
180477 79
180535 78
180561 79
180664 78
180709 79
180798 78
180813 77
180868 78
180871 79
180954 78
180990 79
180992 78
181022 77
181093 76
181163 77
181167 77
181182 78