0 0
4169 0.1
4172 0.2
4176 0.2
4179 0.3
4182 0.4
4209 0.5
4223 0.6
4227 0.7
4228 0.8
4231 0.8
4235 0.9
4236 1
4238 1.1
4239 1.2
4241 1.3
4242 1.4
4247 1.5
4248 1.5
4251 1.6
4254 1.7
4256 1.8
4258 1.9
4261 2
4265 2.1
4274 2.2
4276 2.3
4277 2.4
4278 2.5
4284 2.6
4285 2.6
4291 2.6
4293 2.7
4294 2.8
4302 2.8
4309 2.9
4311 3
4312 3.1
4313 3.2
4316 3.3
4318 3.2
4320 3.2
4323 3.4
4327 3.5
4328 3.7
4331 3.6
4332 3.7
4333 3.8
4334 3.8
4336 3.8
4339 3.8
4340 3.9
4341 4
4343 4.1
4348 4.2
4350 4.3
4354 4.4
4356 4.4
4358 4.5
4361 4.5
4365 4.6
4367 4.7
4370 5
4371 5.2
4372 5.3
4376 5.3
4377 5.4
4378 5.5
4379 5.5
4381 5.6
4384 5.5
4387 5.6
4388 5.6
4389 5.7
4390 5.8
4391 5.9
4393 6.1
4396 6.1
4398 6.2
4401 6.3
4403 6.4
4408 6.5
4409 6.5
4410 6.5
4413 6.6
4417 6.7
4418 6.7
4419 6.8
4421 6.9
4422 7
4425 7
4427 7.1
4429 7
4431 7.1
4434 7.1
4435 7.1
4438 7.2
4443 7.3
4444 7.4
4446 7.4
4447 7.5
4451 7.6
4454 7.7
4459 7.8
4461 7.9
4462 8.1
4463 8.2
4464 8.6
4465 8.7
4468 8.9
4470 8.8
4471 8.8
4472 8.9
4473 8.9
4474 9
4475 9
4476 9.1
4477 9.2
4480 9.2
4481 9.4
4482 9.5
4484 9.5
4485 9.6
4488 9.6
4492 9.7
4498 9.8
4500 9.9
4501 10.2
4503 10.3
4505 10.4
4506 10.3
4508 10.3
4509 10.5
4510 10.5
4511 10.6
4512 10.9
4513 11
4519 10.9
4520 10.9
4521 11.1
4522 11.2
4524 11.3
4528 11.3
4530 11.3
4532 11.4
4535 11.5
4536 11.6
4537 11.7
4538 11.9
4539 11.9
4540 12
4541 12.1
4542 12
4543 12.1
4544 12.1
4545 12.1
4546 12.2
4547 12.2
4549 12.2
4550 12.3
4551 12.4
4552 12.5
4553 12.5
4554 12.6
4557 12.6
4558 12.6
4559 12.6
4560 12.6
4561 12.7
4562 12.8
4564 12.9
4567 12.9
4568 12.8
4569 12.9
4570 13.1
4572 13.1
4573 13.3
4576 13.5
4577 13.4
4578 13.5
4580 13.6
4581 13.8
4584 13.8
4587 13.9
4588 13.8
4589 13.8
4591 13.8
4592 13.8
4593 14
4596 14.3
4597 14.3
4600 14.3
4601 14.4
4603 14.6
4605 14.6
4606 14.7
4609 14.9
4610 15
4611 14.8
4612 15
4613 15.1
4614 15.1
4616 15.2
4617 15.1
4618 15.1
4619 15.2
4620 15.2
4621 15.3
4623 15.3
4624 15.3
4627 15.4
4628 15.6
4630 15.7
4631 15.7
4632 15.8
4633 15.9
4634 15.9
4635 16
4637 16.1
4638 16.1
4639 16
4640 16.1
4642 16.3
4643 16.3
4644 16.3
4646 16.4
4647 16.4
4648 16.5
4649 16.6
4651 16.6
4653 16.7
4654 17
4655 17.1
4656 17.2
4657 17.2
4661 17.3
4662 17.2
4663 17.2
4669 17.3
4670 17.4
4671 17.5
4672 17.7
4675 17.8
4676 17.8
4678 17.9
4679 17.9
4680 17.8
4683 17.8
4684 17.7
4685 17.7
4686 17.7
4688 17.8
4690 17.9
4691 18
4692 18.1
4693 18
4696 17.9
4698 17.9
4699 17.8
4701 17.7
4702 17.8
4703 17.7
4704 17.7
4705 17.7
4706 17.7
4707 17.9
4709 18.1
4710 18.1
4711 18.1
4712 18.3
4713 18.4
4714 18.4
4716 18.5
4718 18.5
4719 18.5
4720 18.5
4721 18.4
4723 18.4
4725 18.4
4727 18.4
4728 18.5
4730 18.6
4731 18.5
4733 18.6
4735 18.7
4736 18.6
4738 18.8
4739 18.9
4740 19
4742 19.1
4743 19.4
4744 19.5
4745 19.7
4746 19.9
4747 20.1
4748 20.1
4749 20
4750 20.2
4751 20.3
4752 20.3
4753 20.3
4754 20.4
4755 20.3
4757 20.4
4758 20.4
4759 20.5
4761 20.6
4764 20.7
4765 20.8
4766 21.1
4767 21.2
4768 21.2
4771 21.1
4772 21.2
4773 21.2
4774 21.2
4775 21.3
4776 21.1
4778 21.2
4779 21.5
4780 21.5
4781 21.7
4782 21.8
4783 21.8
4784 21.8
4785 21.8
4786 21.7
4787 21.8
4789 21.7
4790 21.8
4791 21.8
4792 21.9
4793 21.9
4794 22.1
4795 22.2
4796 22.3
4797 22.4
4799 22.5
4800 22.6
4801 22.6
4802 22.5
4804 22.4
4805 22.3
4806 22.4
4807 22.4
4808 22.4
4810 22.5
4813 22.7
4814 22.6
4815 22.7
4817 22.7
4818 22.8
4819 22.9
4820 23
4821 22.8
4822 22.8
4823 22.9
4825 23
4826 23
4827 23.1
4829 23.1
4830 23.1
4831 23.2
4832 23
4834 22.9
4837 23.2
4839 23.3
4840 23.3
4841 23.3
4842 23.2
4844 23
4845 23
4847 22.9
4848 23
4849 23
4850 23.2
4851 23.3
4852 23.5
4854 23.7
4855 23.9
4857 23.8
4858 23.7
4859 23.8
4860 23.8
4861 23.8
4862 23.7
4863 23.6
4864 23.7
4865 23.8
4867 23.9
4871 23.9
4872 24
4873 24.1
4875 24.1
4877 24.2
4878 24.1
4879 24.1
4881 24.2
4882 24.4
4884 24.4
4885 24.2
4887 24.2
4888 24.2
4889 24
4890 24
4891 24.1
4894 24.4
4896 24.5
4898 24.5
4899 24.5
4900 24.5
4901 24.5
4902 24.5
4905 24.6
4907 24.7
4912 24.7
4913 24.4
4914 24.5
4916 24.6
4917 24.7
4918 24.8
4919 24.8
4922 24.9
4923 24.8
4924 24.9
4925 24.9
4926 24.8
4927 24.8
4929 25
4930 25.1
4931 24.9
4933 25
4934 25
4935 25.1
4936 25.3
4937 25.3
4938 25.3
4939 25.3
4941 25.2
4943 25.3
4944 25.4
4945 25.2
4946 25.1
4949 25.2
4950 25.2
4951 25.3
4952 25.3
4953 25.4
4954 25.4
4955 25.4
4956 25.4
4957 25.7
4958 25.9
4959 26
4961 26.1
4962 26.2
4963 26.2
4964 26
4965 25.8
4966 25.8
4967 25.7
4969 25.8
4970 25.8
4972 25.8
4974 25.8
4975 25.8
4976 25.8
4977 25.8
4978 25.7
4979 25.8
4981 25.8
4983 25.7
4984 25.7
4985 25.7
4986 25.7
4987 25.6
4988 25.6
4989 25.6
4990 25.7
4992 25.7
4993 25.7
4994 25.8
4995 25.8
4997 26
4998 26.3
4999 26.3
5002 26.4
5003 26.4
5004 26.4
5005 26.5
5006 26.8
5008 26.7
5009 26.8
5010 26.8
5012 26.9
5013 26.8
5014 26.8
5015 26.9
5016 27
5017 27
5019 27
5020 26.9
5021 27.2
5023 27
5024 27
5025 27.1
5026 27.4
5028 27.4
5029 27.3
5030 27.1
5031 27.1
5032 27.3
5033 27.5
5034 27.7
5035 27.8
5036 28
5039 28
5040 27.9
5041 27.9
5042 28.1
5043 28.2
5044 28.2
5046 28.1
5047 28.2
5048 28
5049 28
5050 27.9
5051 27.9
5052 28
5054 27.9
5056 27.8
5057 27.8
5058 28.2
5059 28.3
5060 28.4
5062 28.5
5063 28.7
5064 28.7
5065 28.9
5066 28.8
5067 28.8
5068 28.8
5070 28.7
5071 28.7
5072 28.7
5073 28.8
5075 28.9
5076 28.9
5077 28.9
5079 29
5080 29
5081 29
5082 29
5084 29
5085 29.1
5086 29.1
5087 28.8
5088 28.8
5089 28.8
5091 28.9
5092 29
5093 28.9
5094 28.9
5095 29
5096 29.1
5098 29.1
5103 29
5104 29.2
5105 29.3
5106 29.3
5107 29.5
5111 29.3
5112 29.2
5113 29.2
5115 29.3
5116 29.6
5117 29.8
5118 29.9
5119 30.2
5120 29.9
5121 29.8
5122 29.9
5123 29.7
5124 29.4
5125 29.4
5126 29.5
5127 29.4
5128 29.5
5129 29.5
5131 29.7
5132 29.5
5133 29.5
5134 29.4
5136 29.7
5137 29.8
5138 29.7
5139 29.6
5142 29.9
5143 30
5144 29.8
5145 29.7
5146 29.8
5148 29.9
5149 30
5150 30.1
5151 30
5152 30
5153 30.1
5157 30.1
5158 30.1
5159 30
5161 30.1
5163 30.2
5164 30.1
5165 30
5166 30.1
5167 30.2
5168 30.3
5169 30.4
5171 30.4
5172 30.6
5173 30.6
5174 30.4
5175 30.5
5176 30.4
5177 30.4
5179 30.6
5180 30.5
5181 30.6
5182 30.6
5183 30.7
5184 30.9
5186 30.9
5187 30.8
5189 30.9
5190 30.9
5191 30.9
5192 30.8
5193 31
5199 31.2
5200 31.2
5201 31.4
5202 31.4
5203 31.4
5205 31.6
5206 31.6
5207 31.6
5209 31.4
5210 31.5
5211 31.5
5212 31.5
5214 31.5
5215 31.4
5216 31.5
5217 31.3
5218 31.4
5219 31.5
5220 31.5
5222 31.6
5225 31.6
5227 31.6
5228 31.5
5229 31.5
5230 31.7
5232 31.8
5233 31.7
5235 31.8
5236 31.9
5237 31.8
5238 31.7
5240 31.9
5241 31.8
5242 31.8
5243 31.9
5247 31.6
5248 31.8
5249 31.8
5250 31.5
5251 31.6
5252 31.8
5254 31.9
5255 31.9
5256 31.9
5257 31.9
5259 32
5260 31.9
5261 31.8
5262 31.8
5263 31.9
5264 32
5265 32.1
5266 32.3
5267 32.2
5268 32.3
5269 32.5
5271 32.6
5272 32.8
5273 33
5274 32.8
5276 32.8
5277 32.6
5278 32.6
5279 32.7
5280 33.1
5281 33.1
5282 33
5287 33.1
5288 32.8
5289 32.7
5290 32.6
5291 32.7
5293 32.6
5294 32.6
5295 32.5
5298 32.5
5299 32.5
5301 32.7
5303 32.8
5306 32.9
5309 32.7
5310 32.8
5311 32.6
5314 32.4
5315 32.3
5316 32.3
5317 32.2
5318 32.1
5319 32.2
5320 32.6
5323 32.6
5324 32.7
5325 32.7
5327 32.9
5328 32.9
5329 33
5330 33
5331 33
5332 33.1
5333 33.2
5335 33.5
5336 33.5
5338 33.5
5339 33.5
5340 33.3
5341 33.2
5342 33.5
5343 33.6
5344 33.8
5346 33.9
5347 33.9
5348 34.1
5349 34
5350 34.1
5351 34.1
5352 34.2
5353 34.1
5354 34.1
5356 34.1
5358 34.5
5359 34.5
5360 34.7
5361 34.8
5362 35.1
5363 35.1
5364 35.2
5365 35.2
5366 35.1
5367 35
5368 34.9
5369 34.8
5370 34.4
5372 34.2
5373 34.4
5374 34.6
5375 34.6
5376 34.6
5377 34.5
5379 34.7
5380 34.7
5381 34.7
5382 34.8
5383 35
5386 35
5387 35.1
5388 35.1
5389 35.1
5390 35
5391 35
5392 35
5393 35.1
5396 35.2
5397 35.1
5399 35
5400 35.1
5401 35
5404 34.9
5407 34.9
5408 34.8
5409 34.9
5410 35
5411 34.9
5417 35
5418 35.1
5420 35.2
5422 35.3
5423 35.5
5424 35.7
5425 36
5426 36.2
5427 36
5428 36.1
5430 35.9
5431 36
5432 35.9
5433 35.9
5434 36
5436 35.9
5437 36
5438 35.9
5439 35.8
5441 35.8
5442 35.8
5443 35.9
5444 36
5445 36.1
5446 36.2
5447 36.3
5448 36.4
5449 36.4
5450 36.2
5452 36.1
5453 36.1
5454 36
5455 35.8
5456 36
5463 36
5467 36.2
5468 36.3
5472 36.5
5473 36.6
5474 36.5
5475 36.7
5476 36.8
5479 36.9
5480 36.8
5481 36.9
5482 36.8
5483 36.7
5484 36.6
5485 36.7
5486 36.8
5487 36.9
5488 36.8
5490 37
5491 37.1
5493 37.4
5494 37.2
5496 37.3
5498 37.2
5499 36.9
5500 36.7
5502 36.6
5503 36.8
5504 36.7
5506 36.8
5509 36.9
5510 37
5511 37
5512 36.9
5513 37
5514 36.9
5515 37
5517 37
5518 36.9
5522 36.9
5523 36.9
5524 37
5525 36.9
5526 36.9
5527 37
5528 37.1
5529 37.4
5530 37.4
5531 37.2
5532 37.3
5534 37.1
5535 37
5536 37
5537 37.1
5538 37
5539 37.1
5540 37.2
5542 37.3
5544 37.4
5545 37.3
5546 37.2
5547 37.2
5549 37.3
5551 37.4
5552 37.4
5553 37.5
5554 37.6
5557 37.6
5558 37.7
5561 37.7
5562 38
5564 38.1
5565 37.8
5568 37.7
5569 37.7
5570 37.6
5571 37.7
5572 37.7
5577 37.6
5578 37.6
5579 37.7
5580 37.7
5581 37.9
5582 38
5583 38.1
5584 38
5585 37.9
5586 38.2
5588 38.6
5589 38.8
5591 38.9
5593 39
5595 38.9
5596 38.7
5597 38.5
5598 38.5
5599 38.2
5600 38.3
5602 38.4
5603 38.6
5605 38.5
5606 38.6
5607 38.7
5608 38.8
5609 38.9
5611 38.9
5613 38.8
5615 38.8
5616 38.9
5619 38.8
5621 39
5622 39.1
5623 39
5624 39.2
5625 39.3
5628 39.1
5629 39.1
5630 39.1
5631 39.1
5632 39.2
5633 39.1
5637 39.2
5638 39.2
5639 38.9
5640 38.8
5644 38.7
5645 38.6
5647 38.5
5648 38.5
5649 38.6
5650 38.8
5651 38.8
5654 39.1
5655 39.3
5657 39.3
5658 39.2
5659 39.2
5660 39.3
5661 39.3
5662 39.3
5663 39.3
5664 39.2
5666 39.1
5668 39
5669 39
5670 39.1
5671 39.3
5672 39.4
5673 39.3
5674 39.4
5676 39.5
5677 39.7
5679 39.6
5680 39.6
5681 39.7
5683 39.7
5684 39.7
5685 39.8
5686 39.7
5687 39.7
5688 39.6
5689 39.8
5690 40
5691 40.3
5692 40.2
5693 40.3
5695 40.2
5696 40.2
5697 40.1
5699 40
5701 40
5703 40.1
5704 40
5705 40.1
5706 40.2
5708 40.2
5711 40.4
5712 40.6
5713 40.6
5717 40.7
5718 40.9
5719 40.7
5721 40.9
5722 41
5723 41.3
5724 41
5725 41.1
5726 41.3
5727 41.4
5729 41.3
5730 41.4
5731 41.3
5732 41.4
5733 41.4
5734 41.4
5738 41.5
5739 41.6
5740 41.6
5742 41.6
5746 41.7
5747 41.9
5748 42
5749 42.2
5750 42.3
5751 42.4
5754 42.1
5756 42
5757 42
5758 42.1
5760 42.3
5761 42.4
5762 42.4
5763 42.6
5764 42.4
5765 42.5
5766 42.4
5767 42.4
5768 42.2
5769 42.2
5770 42.1
5771 42.2
5773 42.1
5774 42.1
5776 42.1
5777 42.2
5779 42.2
5782 42.3
5783 42.4
5785 42.4
5787 42.6
5788 42.8
5789 42.9
5790 42.7
5792 42.8
5793 42.9
5795 42.8
5796 42.9
5797 42.9
5798 42.9
5799 42.8
5801 42.9
5802 43
5804 43
5805 42.9
5806 42.9
5807 43
5809 43.2
5811 43.1
5813 43.2
5815 43.2
5816 43.2
5817 43.4
5818 43.5
5822 43.3
5823 43.2
5824 43.2
5825 43.1
5826 43
5828 43.2
5829 43.3
5830 43.4
5831 43.6
5832 43.8
5834 43.9
5835 44
5836 43.9
5837 43.9
5838 43.7
5839 43.6
5840 43.4
5841 43.1
5843 43.3
5844 43.3
5850 43.4
5851 43.2
5856 43.4
5857 43.2
5859 43.1
5860 43.2
5861 43.3
5863 43.3
5864 43.3
5865 43.4
5866 43.6
5867 43.6
5868 43.6
5870 43.7
5871 43.8
5872 43.9
5873 43.6
5874 43.6
5875 43.7
5877 44
5878 43.8
5879 43.9
5883 43.8
5884 44
5885 44
5887 43.9
5888 44.1
5891 44.2
5892 44
5895 44.1
5896 44.2
5897 44.3
5898 44.5
5899 44.5
5900 44.6
5901 44.5
5903 44.5
5904 44.6
5905 44.6
5906 44.8
5907 44.9
5910 44.9
5911 45.2
5912 45.3
5913 45.5
5914 45.5
5916 45.7
5918 45.6
5920 45.4
5921 44.9
5922 45
5923 45.2
5924 45
5926 45.2
5927 45.3
5929 45.1
5930 44.9
5931 44.8
5933 44.8
5934 44.8
5935 44.7
5936 44.7
5937 44.9
5938 44.9
5939 45.1
5940 45.3
5941 45.3
5944 45.5
5945 45.5
5946 45.4
5947 45.4
5948 45.4
5949 45.6
5951 45.7
5952 45.7
5955 45.8
5956 45.8
5957 45.7
5959 45.7
5960 45.6
5961 45.8
5962 45.9
5963 45.9
5964 46
5966 46.1
5968 46
5969 45.9
5970 46
5972 45.8
5974 46
5976 46.2
5977 46.3
5979 46.4
5980 46.5
5982 46.4
5983 46.3
5984 46.2
5985 46.2
5986 45.9
5987 46.1
5988 46
5990 46.1
5991 46.3
5992 46.5
5995 46.4
5997 46.5
5998 46.4
5999 46.2
6000 46.3
6001 46.5
6003 46.6
6004 46.7
6005 46.8
6006 47.1
6007 47.1
6008 46.9
6009 47
6011 46.9
6013 46.7
6014 46.8
6015 46.6
6016 46.7
6020 46.9
6021 46.9
6022 46.9
6023 47.2
6027 47.2
6028 47.3
6029 47.2
6030 47.1
6031 46.9
6032 46.8
6034 47
6040 47.1
6041 47.2
6042 47.2
6043 47.1
6044 47.2
6045 47.4
6047 47.6
6048 47.7
6049 47.7
6050 47.6
6052 47.4
6054 47.4
6056 47.2
6058 47.3
6068 47.4
6070 47.4
6075 47.5
6078 47.6
6079 47.8
6083 47.9
6084 48
6085 48.1
6086 48.1
6087 48
6090 48
6091 48.2
6092 48
6093 48.1
6095 48.2
6096 48.4
6097 48.4
6098 48.3
6099 48.3
6100 48.2
6102 48.4
6103 48.1
6104 48.1
6106 48.2
6107 48.1
6108 47.9
6109 48
6110 47.8
6111 47.6
6112 47.7
6113 47.7
6114 47.7
6115 47.9
6116 48
6118 48
6119 48.3
6120 48.2
6121 48.5
6122 48.4
6123 48.4
6127 48.3
6128 48.2
6130 48.1
6131 48.2
6132 48.3
6134 48.4
6135 48.6
6138 48.5
6139 48.6
6140 48.6
6141 48.8
6142 48.9
6143 48.9
6145 49
6146 49.1
6147 49
6148 49
6149 49
6150 49
6151 49.1
6153 49.2
6156 49
6158 48.9
6159 48.9
6160 48.8
6161 48.9
6165 49
6166 49
6168 48.9
6169 49
6171 49.1
6172 49.3
6173 49.3
6174 49.4
6177 49.5
6180 49.5
6182 49.4
6184 49.4
6186 49.6
6187 49.6
6188 49.8
6190 49.7
6191 49.7
6193 49.7
6194 49.6
6195 49.7
6196 49.6
6199 49.5
6200 49.4
6201 49.5
6203 49.5
6208 49.5
6210 49.6
6212 49.4
6213 49.5
6214 49.6
6216 49.7
6217 49.8
6219 49.7
6221 49.8
6222 49.7
6223 49.9
6224 49.8
6225 49.8
6226 50
6228 50.1
6230 50
6231 49.9
6232 50.1
6234 50
6235 50
6239 50.1
6241 50.2
6243 50.3
6246 50.1
6247 50.2
6248 50.3
6251 50.4
6253 50.5
6256 50.4
6258 50.3
6259 50.2
6260 50.2
6261 50.3
6265 50.4
6267 50.4
6270 50.5
6271 50.6
6272 50.5
6273 50.6
6277 50.7
6278 50.5
6282 50.5
6284 50.4
6287 50.5
6296 50.6
6298 50.7
6302 50.8
6303 50.8
6306 50.7
6309 50.8
6311 50.9
6312 51.1
6313 51
6314 51.1
6316 51.2
6317 51.4
6318 51.5
6319 51.5
6320 51.5
6321 51.6
6323 51.5
6324 51.5
6325 51.3
6326 51.2
6327 51.1
6329 51.2
6330 51.3
6332 51.2
6335 51.3
6336 51.4
6337 51.3
6338 51.4
6339 51.3
6342 51.2
6343 51.1
6344 51.3
6345 51.2
6347 51.3
6350 51.4
6352 51.5
6357 51.4
6358 51.6
6359 51.7
6360 51.7
6362 51.9
6363 52.1
6365 52.2
6366 52.2
6367 52.1
6370 51.9
6372 51.9
6373 52
6374 51.9
6377 51.9
6380 51.8
6381 51.7
6383 51.8
6384 51.9
6385 52
6388 52.1
6391 52.3
6393 52.2
6396 52
6398 52
6402 52.1
6404 52.2
6405 52.3
6407 52.4
6409 52.4
6410 52.3
6412 52.5
6413 52.4
6414 52.3
6415 52.1
6419 52.2
6421 52.3
6422 52.4
6423 52.5
6424 52.6
6428 52.5
6429 52.4
6430 52.3
6432 52.4
6433 52.7
6434 52.8
6435 52.9
6440 52.8
6441 52.6
6442 52.3
6443 52.2
6444 52.3
6446 52.4
6447 52.5
6453 52.6
6454 52.7
6455 52.9
6456 53.1
6461 53.2
6462 53.1
6463 53.1
6464 53.3
6465 53.4
6468 53.5
6470 53.3
6472 53.2
6473 53.1
6474 53.2
6476 53.3
6478 53.5
6480 53.6
6482 53.6
6483 53.6
6484 53.7
6485 53.7
6486 53.7
6487 53.5
6490 53.5
6492 53.4
6493 53.5
6494 53.5
6496 53.6
6498 53.7
6499 53.8
6501 53.8
6502 53.7
6505 53.8
6514 53.6
6517 53.7
6520 53.8
6525 53.9
6526 54.1
6527 53.8
6528 53.9
6529 54
6530 53.9
6531 53.8
6532 53.8
6533 53.7
6534 53.7
6535 53.6
6539 53.5
6541 53.7
6545 53.8
6546 53.7
6547 53.8
6548 53.7
6549 53.8
6551 53.9
6552 53.7
6553 53.8
6554 54
6555 53.9
6556 53.9
6557 54
6558 54
6559 54.1
6561 53.9
6562 53.6
6563 53.5
6564 53.6
6565 53.7
6566 53.6
6569 53.6
6570 53.7
6571 53.8
6572 53.7
6573 53.6
6574 53.5
6576 53.5
6577 53.2
6579 53.3
6580 53.3
6583 53.4
6586 53.2
6588 53.4
6589 53.5
6590 53.7
6595 53.6
6597 53.4
6598 53.6
6599 53.7
6600 53.8
6603 53.9
6605 53.9
6607 53.7
6608 53.6
6613 53.7
6614 53.6
6619 53.9
6624 54.1
6625 54.2
6626 54.3
6627 54.2
6630 54.3
6631 54.2
6632 53.8
6633 53.9
6634 53.8
6635 53.7
6636 53.9
6637 53.9
6639 54
6640 53.8
6641 53.7
6643 53.6
6644 53.5
6645 53.4
6646 53.4
6647 53.4
6648 53.6
6649 53.8
6651 53.9
6653 54
6657 54
6659 54
6661 54.2
6662 54.1
6664 54
6667 54.2
6668 54.2
6669 54.1
6673 54.5
6674 54.5
6679 54.6
6680 54.3
6681 54.3
6683 54.2
6687 54.4
6688 54.4
6689 54.3
6690 54.4
6691 54.5
6692 54.6
6693 54.7
6694 54.9
6699 54.9
6700 55
6701 55
6702 54.8
6704 54.9
6707 55
6709 55
6710 55.2
6711 55.3
6712 55.2
6716 55.1
6717 55
6718 54.9
6719 54.8
6720 54.9
6721 55.2
6722 55.3
6725 55.3
6728 55.4
6729 55.1
6730 55
6731 55.2
6733 55.3
6734 55.2
6736 55.4
6737 55.6
6738 55.4
6740 55.5
6741 55.5
6742 55.6
6743 55.7
6744 55.8
6747 55.9
6748 56.1
6749 56
6752 55.9
6754 55.8
6755 55.9
6756 55.9
6757 56
6758 56.1
6759 56.2
6761 56.1
6762 56.1
6764 55.8
6765 55.9
6766 55.7
6767 55.8
6770 55.4
6773 55.3
6774 55.4
6775 55.4
6776 55.6
6777 55.7
6780 55.8
6781 55.7
6783 55.7
6784 55.6
6785 55.4
6787 55.3
6788 55.4
6790 55.5
6791 55.4
6793 55.5
6795 55.4
6798 55.5
6799 55.6
6801 55.5
6802 55.6
6803 55.7
6805 55.5
6808 55.5
6809 55.4
6810 55.3
6814 55.2
6816 55.3
6819 55.5
6825 55.6
6826 55.3
6827 55.2
6830 55.4
6831 55.5
6834 55.6
6837 55.7
6838 55.7
6839 55.6
6840 55.8
6843 55.7
6844 55.9
6846 55.7
6847 55.8
6848 55.8
6851 55.6
6854 55.5
6855 55.6
6857 55.7
6858 56
6861 56.2
6863 56
6866 56.1
6868 56.1
6869 56.1
6870 56.2
6872 56.3
6873 56.3
6874 56.2
6877 56.2
6878 56.1
6879 56
6880 55.8
6883 55.9
6885 56
6886 56.1
6887 55.9
6888 55.8
6890 56
6892 56
6895 55.9
6898 55.8
6903 55.9
6906 56
6907 56.1
6908 56.2
6910 56.1
6914 56.1
6915 56
6920 55.9
6922 55.8
6924 56.1
6930 56.2
6931 56.2
6936 56.3
6938 56.3
6940 56.4
6943 56.1
6946 56
6947 55.9
6950 56
6951 56.2
6953 56.4
6956 56.6
6957 56.5
6958 56.4
6959 56.4
6960 56.4
6961 56.5
6962 56.6
6967 56.5
6968 56.2
6969 56
6973 56.1
6975 56.1
6977 56.2
6980 56.2
6981 56.3
6983 56.4
6988 56.4
6990 56
6996 56.1
6997 56.2
6998 56.3
7001 56.4
7004 56.3
7006 56.3
7009 56.2
7010 56.3
7014 56.2
7018 56.3
7020 56.4
7022 56.3
7029 56.4
7033 56.5
7036 56.4
7037 56.6
7041 56.4
7042 56.6
7045 56.5
7046 56.4
7047 56.5
7050 56.5
7056 56.6
7058 56.7
7059 56.8
7061 56.9
7063 57
7065 57
7066 57.1
7067 57.1
7068 57.2
7069 57.1
7074 57.1
7077 57.2
7078 57.4
7080 57.5
7081 57.6
7082 57.6
7084 57.5
7085 57.4
7086 57.4
7090 57.2
7091 57.3
7093 57.2
7094 57.3
7096 57.4
7097 57.5
7099 57.7
7100 57.6
7101 57.5
7103 57.4
7104 57.6
7105 57.8
7107 57.7
7111 57.8
7112 57.9
7113 57.8
7115 57.7
7116 57.8
7119 57.7
7120 57.6
7121 57.8
7123 57.8
7124 57.6
7125 57.8
7126 58
7127 58.1
7128 58.1
7129 58
7132 58.2
7133 58.2
7135 58.3
7137 58.4
7139 58.3
7141 58.4
7142 58.3
7143 58.4
7146 58.3
7148 58.2
7151 58.4
7154 58.5
7158 58.5
7162 58.4
7163 58.3
7165 58.4
7171 58.5
7172 58.4
7173 58.5
7174 58.6
7176 58.7
7178 58.5
7182 58.4
7186 58.5
7187 58.6
7188 58.5
7191 58.4
7192 58.7
7193 58.7
7195 58.7
7197 58.7
7198 58.8
7199 58.9
7200 58.8
7201 58.9
7202 59.1
7203 59
7205 59
7206 58.7
7207 58.6
7209 58.5
7210 58.5
7212 58.5
7214 58.6
7215 58.7
7216 58.8
7220 58.8
7221 58.9
7224 58.7
7226 58.6
7229 58.7
7230 58.8
7232 58.9
7236 59
7237 59
7239 59
7241 59.1
7242 59.2
7243 59.4
7244 59.3
7245 59.4
7250 59.3
7251 59.2
7252 59.2
7253 59
7254 58.9
7257 58.8
7258 58.8
7260 58.9
7261 58.8
7264 58.9
7265 58.8
7270 58.7
7271 58.6
7273 58.7
7275 58.8
7276 58.9
7277 58.8
7279 58.9
7283 59
7284 59.1
7286 59
7289 59.1
7290 58.9
7291 59
7293 58.9
7297 59
7299 58.9
7300 58.8
7302 59
7305 58.9
7309 58.7
7310 58.5
7312 58.7
7314 58.8
7317 59
7318 59.1
7319 59
7320 59
7322 58.9
7325 58.6
7326 58.5
7332 58.6
7333 58.7
7335 59
7336 59.1
7337 59.2
7339 59.3
7340 59.3
7341 59.2
7342 58.8
7343 58.7
7344 58.7
7346 58.6
7350 58.7
7351 58.6
7352 58.6
7355 58.7
7360 58.8
7361 59
7362 58.8
7363 58.9
7368 58.8
7369 58.9
7370 59
7377 59
7378 59
7383 59.1
7384 59
7387 59.1
7389 59.2
7390 59.2
7391 59.2
7395 59.3
7396 59.2
7397 59.3
7398 59.2
7400 59.4
7402 59.5
7404 59.6
7405 59.5
7407 59.4
7409 59.1
7410 59.2
7412 59.1
7413 59
7414 59.1
7416 59.2
7418 59.2
7420 59.4
7422 59.5
7424 59.7
7426 59.7
7427 59.8
7428 59.9
7429 60
7430 59.9
7431 59.8
7436 59.7
7437 59.7
7439 59.6
7440 59.7
7441 59.6
7445 59.5
7449 59.4
7450 59.5
7456 59.6
7457 59.7
7463 59.7
7464 59.6
7466 59.7
7471 59.6
7472 59.7
7473 59.7
7478 59.8
7486 59.9
7489 60.1
7490 60.2
7492 60.3
7494 60.1
7506 60.1
7509 60
7515 60.1
7519 60.3
7521 60.5
7523 60.2
7526 60.3
7527 60.2
7529 60.1
7531 60.3
7533 60.2
7539 60.1
7540 60.2
7543 60.1
7545 60.2
7546 60.3
7547 60.2
7549 60.3
7552 60.3
7553 60.3
7554 60.4
7555 60.7
7556 60.7
7557 60.8
7558 60.8
7561 60.9
7563 60.7
7564 60.6
7565 60.5
7567 60.6
7568 60.5
7569 60.4
7570 60.5
7571 60.4
7574 60.4
7582 60.5
7590 60.4
7592 60.4
7604 60.5
7607 60.6
7615 60.7
7616 60.8
7617 60.9
7618 61
7621 61.1
7622 61.2
7624 61.2
7625 61.3
7629 61.2
7631 61.3
7632 61.4
7633 61.3
7635 61.4
7636 61.5
7637 61.6
7638 61.7
7643 61.5
7646 61.5
7648 61.6
7649 61.7
7653 61.8
7654 61.8
7655 61.9
7656 61.9
7657 61.9
7658 62.1
7659 62.2
7661 62
7663 61.8
7665 61.8
7666 61.6
7668 61.7
7670 61.8
7676 61.8
7677 61.9
7679 62
7681 62.1
7684 62
7686 61.9
7688 62.1
7689 62
7691 62.2
7696 62.1
7697 62.2
7698 62
7701 61.9
7703 62
7704 61.7
7705 61.8
7706 61.9
7710 62
7711 61.8
7717 61.9
7720 62
7721 62
7724 61.9
7725 62
7726 62.2
7727 62.3
7728 62.4
7729 62.6
7733 62.5
7734 62.5
7736 62.6
7737 62.5
7738 62.4
7743 62.4
7745 62.4
7750 62.3
7752 62.1
7755 62.2
7759 62.3
7761 62.5
7762 62.6
7764 62.7
7765 62.8
7769 62.5
7777 62.6
7779 62.7
7781 62.8
7786 62.6
7787 62.5
7788 62.6
7790 62.5
7796 62.5
7802 62.4
7804 62.1
7805 62.2
7806 62.3
7809 62.4
7810 62.7
7813 62.5
7814 62.3
7816 62.2
7817 62.1
7834 62.2
7837 62.3
7840 62.4
7841 62.6
7842 62.6
7844 62.6
7846 62.9
7847 63.1
7848 63
7849 62.9
7852 63
7854 63.1
7860 63.1
7863 63.1
7871 63.1
7873 63.2
7875 63.3
7879 63.2
7880 63.2
7881 63.1
7882 63.2
7884 63.4
7885 63.5
7887 63.4
7889 63.4
7891 63.5
7893 63.4
7895 63.5
7896 63.6
7897 63.5
7900 63.4
7901 63.5
7902 63.4
7903 63.1
7909 63.3
7910 63.2
7916 63.1
7917 62.8
7928 62.9
7931 63
7935 62.9
7939 63
7943 63.1
7946 63.2
7951 63.3
7955 63.2
7956 63.3
7964 63.2
7966 63.3
7969 63.4
7970 63.7
7971 63.8
7974 63.6
7977 63.6
7978 63.4
7979 63.2
7980 63.3
7983 63.4
7988 63.6
7989 63.5
7990 63.3
7992 63.5
7994 63.6
7995 63.6
7996 63.7
7997 63.8
7999 63.7
8000 63.7
8002 63.7
8003 63.4
8004 63.3
8007 63.2
8009 63.3
8012 63.4
8017 63.4
8023 63.5
8028 63.6
8030 63.7
8032 63.8
8033 63.9
8034 64
8037 63.9
8039 63.8
8040 63.9
8041 63.6
8042 63.7
8044 63.9
8048 63.8
8049 63.9
8054 64
8057 64.1
8058 64.2
8060 64.3
8061 64.3
8065 64.2
8066 64.2
8083 64.3
8085 64.4
8091 64.4
8093 64.5
8107 64.4
8112 64.5
8120 64.4
8138 64.5
8140 64.4
8142 64.4
8145 64.3
8157 64.4
8158 64.5
8164 64.6
8165 64.5
8166 64.6
8173 64.7
8174 64.6
8175 64.7
8177 64.8
8179 64.9
8183 65.1
8186 65.2
8187 65.3
8189 65.4
8190 65.2
8191 65.2
8194 65.4
8195 65.2
8196 65.2
8199 65.3
8203 65.2
8206 65.2
8207 65.2
8208 65.2
8218 65.3
8223 65.4
8226 65.4
8230 65.5
8231 65.5
8232 65.5
8233 65.3
8235 65.4
8238 65.4
8239 65.3
8241 65.4
8242 65.4
8243 65.3
8244 65.5
8246 65.5
8249 65.4
8250 65.2
8251 65.3
8253 65.1
8254 65.2
8255 65.4
8256 65.3
8258 65.3
8259 65.4
8260 65.5
8262 65.4
8264 65.3
8265 65.4
8267 65.2
8268 65.3
8269 65.4
8270 65.5
8274 65.3
8276 65.4
8277 65.3
8294 65.4
8295 65.5
8299 65.6
8302 65.2
8305 65.3
8313 65.3
8314 65.2
8315 65.2
8320 65.3
8322 65.3
8323 65.4
8329 65.4
8331 65.3
8336 65.1
8343 65.2
8345 65.3
8348 65.4
8351 65.3
8352 65.3
8355 65.3
8356 65.5
8359 65.4
8362 65.5
8364 65.2
8366 65.3
8369 65.4
8371 65.2
8374 65
8376 65.2
8382 65.4
8383 65.7
8384 65.6
8385 65.4
8386 65.5
8389 65.3
8390 65.2
8391 65
8394 65.1
8395 65.2
8396 65.3
8401 65.1
8402 65
8403 65.1
8404 65.2
8408 65.3
8411 65.2
8416 65.1
8418 65.2
8425 65.1
8426 65
8434 65.2
8435 65.3
8437 65.2
8441 65.2
8442 65.1
8443 65.2
8445 65.3
8451 65.2
8452 65
8453 64.9
8460 65
8461 65.1
8464 65.4
8466 65.5
8468 65.5
8469 65.4
8472 65.1
8476 65.2
8484 65.1
8486 65.3
8488 65.4
8489 65.5
8493 65.3
8495 65.1
8497 65.2
8501 65.3
8503 65.4
8508 65.4
8510 65.3
8512 65.4
8514 65.5
8515 65.6
8520 65.4
8521 65.3
8522 65.3
8523 65.4
8527 65.6
8528 65.7
8531 65.7
8534 65.8
8535 65.7
8538 65.6
8541 65.4
8543 65.5
8548 65.6
8549 65.5
8555 65.5
8556 65.6
8557 65.7
8563 65.6
8568 65.7
8569 65.8
8572 65.9
8574 66
8575 66.1
8576 66
8578 66.1
8579 66
8581 66
8582 65.9
8585 66
8587 66.2
8588 66.3
8589 66.5
8592 66.6
8593 66.4
8594 66.5
8596 66.3
8597 66.2
8600 66.2
8601 66.3
8602 66.2
8603 66.3
8606 66.4
8610 66.3
8614 66.2
8615 66.2
8617 66.1
8623 65.9
8630 66
8633 66.1
8637 66.4
8641 66.5
8642 66.6
8644 66.6
8645 66.4
8646 66.4
8647 66.5
8648 66.3
8650 66.4
8653 66.3
8657 66.3
8658 66.4
8666 66.5
8674 66.5
8681 66.6
8682 66.5
8684 66.6
8689 66.6
8691 66.5
8696 66.4
8697 66.3
8699 66.4
8706 66.5
8707 66.4
8708 66.5
8711 66.6
8719 66.7
8720 66.8
8723 66.9
8724 67
8726 66.8
8727 66.7
8729 66.8
8730 66.7
8731 66.6
8732 66.8
8735 66.9
8737 66.8
8739 66.6
8740 66.5
8748 66.4
8752 66.5
8759 66.7
8763 66.9
8764 67
8767 67
8771 66.9
8773 67
8774 66.9
8776 66.7
8784 67
8788 67.1
8791 67
8792 66.7
8794 66.8
8801 66.9
8802 67
8807 67.2
8809 67.2
8814 67.3
8816 67.3
8817 67.4
8819 67.6
8821 67.7
8822 67.5
8823 67.6
8825 67.5
8827 67.3
8829 67.1
8830 67
8838 66.9
8840 66.8
8845 66.9
8849 67
8852 66.8
8856 66.7
8857 66.8
8858 66.9
8861 67
8865 66.9
8869 66.8
8872 66.9
8876 67
8879 66.9
8884 66.8
8886 66.9
8887 67.2
8888 67.3
8891 67.4
8894 67.5
8896 67.4
8898 67.3
8903 67.5
8910 67.4
8914 67.5
8931 67.7
8939 67.6
8943 67.5
8944 67.5
8948 67.3
8953 67.2
8958 67.3
8960 67.4
8963 67.5
8966 67.4
8967 67.3
8974 67.4
8982 67.3
8986 67.4
8994 67.3
8999 67.4
9006 67.5
9011 67.6
9013 67.7
9015 67.8
9021 67.8
9023 67.7
9025 67.8
9027 68
9029 68.1
9031 68.2
9033 68.1
9035 68
9036 67.8
9038 67.9
9039 68
9040 67.9
9044 68
9046 67.9
9052 67.8
9054 67.9
9059 68
9061 68.1
9062 68.1
9067 68.2
9069 68.3
9072 68.4
9081 68.3
9096 68.4
9097 68.5
9100 68.6
9104 68.7
9108 68.7
9111 68.6
9112 68.4
9113 68.5
9125 68.6
9130 68.8
9131 68.9
9132 69
9136 69.1
9138 69
9140 68.8
9143 68.7
9147 68.7
9149 68.8
9152 68.9
9154 69.1
9159 69.2
9161 69.3
9162 69.3
9163 69.2
9166 69
9168 69.1
9170 69.2
9172 69.4
9174 69.4
9175 69.3
9176 69.4
9177 69.2
9179 69.3
9180 69.3
9181 68.8
9186 68.9
9188 68.7
9191 68.8
9193 68.6
9200 68.4
9202 68.5
9208 68.6
9212 68.5
9226 68.6
9233 68.7
9234 68.5
9235 68.4
9241 68.6
9242 68.7
9243 68.8
9248 68.7
9249 68.5
9250 68.3
9251 68.4
9254 68.3
9259 68.3
9260 68.4
9261 68.5
9264 68.5
9266 68.4
9267 68.5
9268 68.2
9272 68.3
9274 68.4
9276 68.2
9281 68.3
9284 68.4
9288 68.5
9289 68.6
9291 68.5
9296 68.4
9299 68.6
9307 68.5
9308 68.4
9310 68.5
9311 68.6
9322 68.7
9325 68.8
9326 68.9
9330 68.7
9332 68.6
9338 68.7
9342 68.8
9358 68.9
9365 69
9366 68.9
9373 68.8
9379 68.9
9380 69
9389 68.8
9392 68.9
9401 68.8
9402 68.9
9405 69
9406 69.1
9407 69.2
9411 69.3
9413 69.2
9416 69.1
9420 69.3
9421 69.4
9426 69.5
9427 69.4
9428 69.2
9433 69.2
9434 69.3
9435 69.4
9436 69.5
9437 69.6
9441 69.5
9442 69.4
9444 69.3
9446 69.4
9447 69.5
9452 69.6
9453 69.7
9455 69.6
9457 69.7
9459 69.8
9460 69.6
9464 69.7
9465 69.6
9473 69.7
9480 69.8
9481 69.9
9487 69.9
9489 70
9492 70.1
9502 70.2
9505 70.3
9508 70.4
9510 70.3
9511 70.2
9516 70.4
9517 70.5
9520 70.6
9521 70.7
9523 70.6
9525 70.6
9526 70.5
9528 70.6
9529 70.5
9533 70.5
9536 70.3
9544 70.4
9551 70.3
9559 70.4
9565 70.5
9569 70.5
9571 70.7
9573 70.8
9578 70.7
9580 70.5
9585 70.6
9590 70.7
9592 70.8
9593 70.7
9598 70.7
9604 70.9
9608 71
9611 71.1
9612 71
9616 70.9
9618 70.8
9625 70.9
9626 71.1
9632 71
9633 70.9
9643 71
9646 71.2
9650 71.1
9653 70.9
9663 71
9669 71.1
9671 71
9674 71.1
9677 71
9681 71
9685 71.1
9686 71.2
9690 71.1
9694 71
9699 70.9
9704 71
9708 71.1
9712 71
9718 71.1
9741 71.2
9743 71.3
9746 71.4
9749 71.3
9751 71.4
9754 71.5
9757 71.6
9759 71.7
9764 71.6
9768 71.5
9770 71.6
9771 71.5
9778 71.4
9779 71.3
9780 71.4
9782 71.5
9788 71.3
9791 71.4
9792 71.5
9798 71.5
9804 71.6
9813 71.5
9814 71.6
9818 71.8
9825 71.6
9830 71.7
9832 71.9
9837 72
9841 71.9
9844 71.8
9851 71.9
9853 72.1
9858 72.1
9861 71.9
9880 72
9885 72.1
9887 72
9888 71.9
9893 72
9900 71.6
9916 71.8
9925 71.6
9928 71.7
9933 71.9
9940 72.1
9941 71.8
9945 71.9
9948 71.8
9949 71.9
9950 71.8
9955 71.9
9956 71.8
9961 71.7
9962 71.6
9963 71.5
9969 71.4
9974 71.5
9978 71.6
9983 71.6
9988 71.7
9990 71.6
9997 71.5
10010 71.6
10012 71.8
10017 71.6
10019 71.4
10023 71.5
10029 71.6
10031 71.7
10037 71.9
10038 71.8
10043 71.9
10044 71.7
10045 71.8
10050 71.9
10051 72
10052 71.9
10053 72
10057 72
10059 71.9
10065 71.9
10066 72
10068 72.1
10072 72
10085 72.1
10094 72.2
10098 72.4
10103 72.2
10121 72.3
10128 72.2
10130 72.3
10135 72.5
10141 72.6
10144 72.7
10147 72.8
10148 72.9
10153 72.7
10154 72.6
10156 72.5
10161 72.4
10163 72.5
10165 72.4
10174 72.5
10175 72.8
10176 72.9
10181 72.8
10182 72.6
10183 72.5
10185 72.6
10193 72.5
10204 72.6
10207 72.7
10215 72.5
10216 72.6
10218 72.7
10224 72.8
10226 72.9
10231 72.8
10235 72.9
10244 72.8
10245 72.9
10252 72.8
10253 72.9
10258 73.1
10259 73.2
10266 73
10271 73.1
10273 73.2
10277 73.3
10282 73.2
10283 73.3
10285 73.4
10292 73.3
10308 73.4
10312 73.5
10319 73.4
10321 73.3
10324 73.4
10328 73.5
10332 73.2
10338 73.3
10345 73.4
10346 73.3
10347 73.5
10352 73.4
10354 73.3
10359 73.4
10363 73.7
10366 73.7
10374 73.8
10380 73.7
10394 73.8
10395 73.9
10397 74.1
10402 74
10405 73.8
10436 73.9
10443 74
10451 74.1
10455 74.2
10458 74.1
10465 74.2
10469 74.3
10477 74.2
10482 74.3
10484 74.4
10485 74.6
10489 74.5
10492 74.2
10520 74.3
10528 74.2
10537 74.3
10544 74.4
10545 74.4
10546 74.3
10550 74.3
10551 74.4
10552 74.3
10559 74.2
10573 74.3
10575 74.4
10581 74.2
10587 74.3
10594 74.1
10601 74.3
10616 74.4
10625 74.3
10628 74.6
10634 74.7
10636 74.7
10642 74.6
10648 74.8
10649 74.7
10655 74.4
10661 74.5
10668 74.4
10669 74.5
10671 74.6
10680 74.5
10683 74.6
10688 74.8
10691 74.7
10697 74.5
10699 74.6
10710 74.7
10716 74.9
10740 75
10743 75.1
10749 75
10765 75.1
10771 75.2
10772 75.1
10795 75.2
10804 75.1
10805 75.2
10813 75.3
10820 75.4
10828 75.3
10834 75.4
10839 75.5
10842 75.4
10848 75.3
10855 75.4
10856 75.3
10862 75.4
10863 75.5
10867 75.4
10871 75.3
10874 75.4
10875 75.5
10891 75.6
10895 75.7
10899 75.6
10900 75.5
10902 75.6
10904 75.7
10913 75.5
10935 75.6
10936 75.7
10938 75.8
10940 75.9
10943 76
10945 75.9
10946 76
10949 76.1
10950 76.1
10954 76
10957 75.8
10958 75.9
10976 76
10984 76.1
10985 76.2
10991 76.1
10999 76.2
11000 76.3
11007 76.1
11010 76
11011 76.1
11017 76.2
11025 76
11027 75.9
11056 76
11111 76.1
11128 76.2
11135 76.3
11137 76.2
11142 76.3
11143 76.2
11149 76.3
11150 76.1
11157 76
11163 76.1
11170 76
11177 76.1
11178 76.2
11186 76.1
11192 76
11211 76.1
11233 76.1
11254 76.2
11261 76.3
11270 76.2
11301 76.3
11306 76.4
11309 76.3
11314 76.1
11328 76.2
11333 76.3
11336 76
11356 76.1
11364 76
11371 76.1
11380 75.9
11385 76
11393 75.9
11394 75.7
11397 75.8
11403 75.9
11405 75.9
11440 76
11444 76.1
11449 75.9
11466 76
11471 76.1
11474 76
11480 75.8
11482 75.8
11483 75.8
11490 75.8
11495 75.9
11500 76
11504 75.9
11507 76
11509 76.1
11520 76.3
11550 76.4
11564 76.5
11583 76.6
11591 76.5
11595 76.8
11603 76.7
11608 76.8
11609 76.7
11611 76.8
11617 76.7
11618 76.6
11646 76.7
11650 76.8
11655 76.7
11658 76.6
11663 76.7
11686 76.8
11687 76.9
11704 77
11708 76.9
11712 76.8
11713 76.9
11721 76.7
11733 76.8
11739 76.9
11741 76.8
11747 76.7
11787 76.8
11795 77
11802 76.9
11803 76.8
11816 76.9
11818 77
11823 77.1
11830 76.9
11831 76.7
11835 76.9
11842 77
11843 76.9
11850 77.1
11851 77
11864 77.1
11880 77.2
11888 77.1
11907 77.2
11916 77
11919 77.1
11924 77.2
11941 77.1
11952 77.2
11962 77.3
11981 77.4
11989 77.5
12003 77.6
12011 77.5
12012 77.3
12036 77.4
12089 77.6
12091 77.7
12101 77.6
12102 77.5
12110 77.6
12111 77.7
12118 77.5
12124 77.4
12141 77.5
12149 77.4
12186 77.6
12215 77.7
12220 77.7
12223 77.6
12227 77.7
12245 77.6
12248 77.7
12255 77.6
12262 77.7
12292 77.8
12312 77.9
12325 77.8
12347 77.9
12350 78
12351 77.9
12355 77.8
12364 77.9
12373 77.8
12375 77.9
12386 78
12400 78.3
12401 78.4
12407 78.2
12410 78.1
12422 78
12429 78.1
12432 78.2
12437 78.1
12440 78.1
12450 78.2
12455 78.3
12457 78.2
12458 78.1
12473 78.2
12479 78.1
12498 78.2
12506 78.1
12511 78.2
12520 78.1
12539 78.2
12548 78
12551 78.1
12590 78.2
12594 78.3
12598 78.2
12669 78.3
12677 78.2
12680 78.3
12688 78.2
12735 78.3
12741 78.4
12743 78.1
12757 78.2
12772 78.3
12775 78.4
12781 78.3
12783 78.3
12786 78.4
12793 78.5
12799 78.6
12808 78.5
12810 78.4
12813 78.5
12827 78.6
12830 78.7
12838 78.6
12854 78.7
12899 78.8
12906 78.9
12937 79
12946 78.9
12982 79
13006 79.1
13013 79.2
13018 79.3
13021 79.1
13061 79.3
13069 79.1
13078 79.2
13095 79.3
13104 79.2
13115 79.3
13155 79.4
13163 79.3
13178 79.3
13198 79.4
13210 79.5
13253 79.6
13262 79.5
13287 79.6
13295 79.5
13358 79.4
13490 79.5
13499 79.3
13531 79.4
13544 79.3
13555 79.4
13564 79.3
13586 79.4
13638 79.5
13646 79.4
13665 79.5
13674 79.4
13679 79.5
13682 79.6
13699 79.7
13707 79.5
13773 79.6
13775 79.7
13784 79.6
13884 79.7
13892 79.8
13893 79.7
13900 79.6
13947 79.7
13954 79.6
13998 79.7
14006 79.6
14022 79.7
14031 79.5
14033 79.4
14042 79.5
14050 79.4
14100 79.5
14118 79.3
14173 79.4
14182 79.3
14228 79.4
14248 79.3
14276 79.4
14284 79.2
14344 79.3
14352 79.5
14367 79.6
14396 79.7
14405 79.6
14427 79.7
14435 79.5
14530 79.6
14537 79.5
14561 79.6
14602 79.7
14612 79.8
14621 79.7
14730 79.6
14736 79.7
14770 79.8
14778 79.6
14779 79.5
14790 79.6
14811 79.7
14822 79.8
14831 79.7
14853 79.9
14858 80
14861 79.8
14874 79.9
14899 79.7
14986 79.8
15045 79.9
15053 79.8
15059 79.7
15101 79.6
15148 79.7
15157 79.6
15184 79.5
15196 79.6
15204 79.4
15209 79.3
15235 79.4
15312 79.5
15320 79.6
15398 79.7
15402 79.9
15410 79.7
15416 79.6
15422 79.5
15443 79.6
15451 79.5
15457 79.6
15465 79.5
15470 79.4
15567 79.5
15575 79.4
15622 79.5
15684 79.6
15738 79.7
15772 79.6
15801 79.8
15808 79.5
15825 79.6
15841 79.7
15993 79.8
16001 79.6
16013 79.7
16025 79.5
16038 79.4
16089 79.5
16128 79.6
16130 79.7
16138 79.6
16158 79.7
16166 79.6
16280 79.5
16281 79.6
16289 79.4
16295 79.5
16297 79.4
16303 79.2
16308 79.3
16316 79.2
16322 79.3
16336 79.4
16344 79.2
16350 79.3
16358 79.2
16359 79.1
16363 79.2
16409 79.1
16412 79.2
16422 79.3
16430 79.2
16534 79.1
16552 79.2
16629 79.3
16636 79.2
16637 79
16643 79.1
16651 79
16676 79.1
16693 79.3
16701 79.1
16706 79
16720 79.1
16721 79.2
16729 79.1
16732 79.2
16733 79.1
16734 79
16762 79.1
16770 79
16776 79.2
16783 79.1
16784 79
16788 78.9
16796 78.7
16807 78.8
16817 78.9
16836 79
16876 78.9
16894 79
16899 79.1
16911 79
16920 78.9
16947 79
16954 78.8
16960 78.9
16967 78.9
16973 79
16974 78.9
16980 78.9
16986 79
17006 79
17016 79.1
17021 79
17023 78.8
17026 78.9
17104 78.8
17105 78.9
17137 78.8
17170 78.9
17174 79
17194 79.1
17201 78.9
17220 79
17247 78.9
17352 79
17359 78.9
17379 79
17388 78.9
17412 79
17434 79.1
17442 79
17443 78.9
17448 79
17455 78.9
17480 79
17493 79.1
17531 79.2
17538 79.3
17539 79.2
17545 79
17558 79.1
17626 78.9
17627 79
17634 79
17673 78.8
17700 78.9
17764 79
17812 79.1
17819 79.1
17827 79
17847 79.1
17860 79
17867 79.1
17871 79.2
17874 79.1
17879 79
17884 79.1
17888 79.2
17892 79.3
17899 79.4
17902 79.5
17925 79.6
17976 79.7
17977 79.8
17984 79.9
17991 79.8
17992 79.7
18046 79.8
18121 79.9
18122 79.8
18128 79.9
18134 79.8
18210 79.9
18338 80
18341 80.1
18348 80
18360 80.1
18369 80.2
18451 80.3
18482 80.2
18519 80.4
18527 80.3
18533 80.4
18647 80.3
18739 80.4
18747 80.2
18775 80.3
18781 80.4
18788 80.3
18832 80.4
18853 80.3
18987 80.4
19055 80.5
19244 80.6
19368 80.7
19399 80.8
19412 80.9
19426 81
20004 80.8
20100 80.7
20186 80.5
20559 80.6
20797 80.7
20804 80.6
20998 80.7
21030 80.8
21088 80.6
21112 80.7
21315 80.8
21520 80.9
21946 81
22499 80.9
22761 80.8
22941 80.7
23058 80.8
23087 80.7
23563 80.8
23578 80.9
24123 81
24199 80.9
24590 81
24964 80.9
25119 80.8
25307 80.7
25445 80.6
25490 80.5
25712 80.6
25743 80.5
25853 80.6
25946 80.7
26180 80.8
26258 80.9
26333 81
27008 80.9
27193 81
27697 80.9
27755 80.8
28071 80.7
28294 80.8
28309 80.7
28384 80.6
28462 80.7
28751 80.8
29036 80.9
29121 80.8
29125 80.7
29389 80.8
29428 80.9
29777 81
31164 80.9
31732 80.8
31734 80.9
32576 81
34558 80.9
35141 81
36662 80.9
37108 81
38549 80.9
38789 81
300000 81
