19717 1
19717 2
19720 3
20041 4
20045 5
20046 6
20047 7
20048 8
20054 9
20054 10
20076 11
20080 12
20089 13
20090 14
20091 15
20091 16
20091 17
20091 18
20115 19
20116 20
20117 21
20118 22
20124 23
20128 24
20249 25
20249 26
20249 27
20251 28
20252 29
20254 30
20255 31
20258 32
20258 33
20259 34
20261 35
20300 36
20301 37
20302 38
20306 39
20308 40
20308 41
20308 42
20445 43
20445 44
20448 45
20455 46
20459 47
20532 48
20596 49
20597 50
20605 51
20722 52
20722 53
20723 54
20762 55
20763 56
20765 57
20766 58
20768 59
20768 60
20774 61
20777 62
20790 63
20792 64
20793 65
20793 66
20793 67
20793 68
20793 69
20793 70
20794 71
20794 72
20794 73
20797 74
20801 75
20802 76
20824 77
20840 78
20841 79
20841 80
20841 81
20941 82
20945 83
21051 84
21053 85
21054 86
21054 87
21108 88
21141 89
21169 90
21212 91
21213 92
21216 93
21223 94
21223 95
21223 96
21236 97
21237 98
21241 99
21242 100
21242 101
21242 102
21242 103
21247 104
21251 105
21279 106
21283 107
21284 108
21284 109
21287 110
21287 111
21289 112
21291 113
21292 114
21292 115
21293 116
21293 117
21294 118
21297 119
21297 120
21396 121
21396 122
21403 123
21413 124
21473 125
21572 126
21601 127
21602 128
21603 129
21604 130
21604 131
21605 132
21607 133
21611 134
21611 135
21655 136
21666 137
21667 138
21669 139
21671 140
21672 141
21672 142
21673 143
21675 144
21675 145
21676 146
21677 147
21677 148
21678 149
21679 150
21680 151
21681 152
21681 153
21682 154
21720 155
21721 156
21817 157
21833 158
21835 159
21840 160
21843 161
21845 162
21925 163
22013 164
22016 165
22020 166
22044 167
22044 168
22050 169
22052 170
22073 171
22106 172
22112 173
22130 174
22141 175
22143 176
22188 177
22190 178
22190 179
22191 180
22192 181
22192 182
22193 183
22194 184
22196 185
22200 186
22203 187
22324 188
22327 189
22342 190
22373 191
22374 192
22376 193
22379 194
22446 195
22451 196
22454 197
22455 198
22464 199
22464 200
22465 201
22512 202
22518 203
22555 204
22560 205
22563 206
22567 207
22568 208
22569 209
22570 210
22571 211
22572 212
22574 213
22613 214
22628 215
22629 216
22637 217
22638 218
22639 219
22640 220
22642 221
22698 222
22709 223
22719 224
22725 225
22732 226
22734 227
22736 228
22820 229
22827 230
22847 231
22859 232
22916 233
22940 234
22949 235
22951 236
22953 237
22990 238
23001 239
23007 240
23007 241
23007 242
23008 243
23008 244
23008 245
23008 246
23008 247
23048 248
23093 249
23096 250
23097 251
23098 252
23100 253
23103 254
23108 255
23124 256
23148 257
23153 258
23154 259
23154 260
23154 261
23164 262
23167 263
23168 264
23168 265
23172 266
23177 267
23178 268
23272 269
23276 270
23294 271
23296 272
23316 273
23384 274
23385 275
23400 276
23527 277
23535 278
23624 279
23776 280
23779 281
23906 282
23907 283
23920 284
23951 285
23986 286
24170 287
25015 288
25471 289
25471 290
25473 291
25475 292
25479 293
25481 294
25736 295
25742 296
25742 297
25769 298
25770 299
25772 300
25784 301
25956 302
25961 303
26195 304
26196 305
26196 306
26197 307
26199 308
26329 309
26329 310
26333 311
26483 312
26489 313
26492 314
26510 315
26568 316
26572 317
26581 318
26628 319
26695 320
26696 321
26696 322
26696 323
26696 324
26696 325
26703 326
26703 327
26745 328
26903 329
26994 330
26994 331
26995 332
26995 333
26995 334
26998 335
27002 336
27003 337
27007 338
27017 339
27019 340
27021 341
27021 342
27023 343
27025 344
27026 345
27027 346
27027 347
27028 348
27061 349
27105 350
27105 351
27107 352
27213 353
27218 354
27223 355
27337 356
27337 357
27337 358
27337 359
27390 360
27392 361
27398 362
27401 363
27445 364
27501 365
27506 366
27528 367
27625 368
27625 369
27625 370
27625 371
27625 372
27759 373
80105 374
80738 375
80742 376
80743 377
80743 378
80743 379
80743 380
80743 381
80743 382
80989 383
80989 384
81041 385
81041 386
81042 387
81042 388
81042 389
81044 390
81055 391
81109 392
81418 393
81453 394
81700 395
81701 396
81701 397
81702 398
81703 399
81712 400
81712 401
81784 402
81789 403
81789 404
81791 405
81847 406
81847 407
82085 408
82086 409
82087 410
82090 411
82090 412
82097 413
82156 414
82213 415
82214 416
82217 417
82218 418
82226 419
82249 420
82277 421
82278 422
82293 423
82414 424
82415 425
82416 426
82421 427
82425 428
82425 429
82429 430
82431 431
82461 432
82465 433
82479 434
82483 435
82501 436
82501 437
82518 438
82680 439
82686 440
82695 441
82703 442
82715 443
82805 444
82855 445
82855 446
82858 447
82864 448
82864 449
82868 450
82873 451
82966 452
82994 453
82994 454
82996 455
82997 456
83003 457
83004 458
83079 459
83257 460
148103 461
148107 462
148108 463
148110 464
148110 465
148110 466
148115 467
148770 468
148770 469
148772 470
148776 471
148798 472
148798 473
148799 474
148800 475
148803 476
148803 477
148805 478
148806 479
148808 480
148809 481
148809 482
148854 483
148856 484
148858 485
148860 486
148860 487
148862 488
149157 489
149160 490
149318 491
149323 492
149360 493
149373 494
149375 495
149377 496
149394 497
149394 498
149395 499
149443 500
149443 501
149444 502
149444 503
149480 504
149547 505
149552 506
149643 507
149709 508
149712 509
149715 510
149718 511
149810 512
149811 513
149815 514
149815 515
149816 516
149827 517
149829 518
149854 519
149857 520
149862 521
149863 522
149950 523
149958 524
149958 525
149959 526
150010 527
150015 528
150015 529
150057 530
150114 531
150114 532
150115 533
150115 534
150117 535
150119 536
150119 537
150120 538
150120 539
150120 540
150120 541
150120 542
150120 543
150142 544
150189 545
150192 546
150202 547
150203 548
150204 549
150204 550
150238 551
150239 552
150250 553
150362 554
150428 555
150486 556
150488 557
150496 558
150498 559
150499 560
150501 561
150502 562
150582 563
150582 564
150583 565
150586 566
150588 567
150590 568
150590 569
150590 570
150591 571
150591 572
150591 573
150591 574
150595 575
150597 576
150601 577
150604 578
150605 579
150643 580
150645 581
150666 582
150675 583
150678 584
150721 585
150734 586
150782 587
150783 588
150787 589
150787 590
150787 591
150787 592
150787 593
150787 594
150794 595
150795 596
150795 597
150797 598
150799 599
150803 600
150806 601
150806 602
150810 603
151045 604
151046 605
151046 606
151087 607
151104 608
151148 609
151149 610
151152 611
151153 612
151153 613
151154 614
151155 615
151155 616
151157 617
151161 618
151162 619
151166 620
151166 621
151170 622
151170 623
151170 624
151172 625
151174 626
151215 627
151224 628
151235 629
151335 630
151351 631
151353 632
151360 633
151362 634
151381 635
151385 636
151386 637
151386 638
151387 639
151387 640
151390 641
151506 642
151511 643
151525 644
151526 645
151532 646
151548 647
151606 648
151661 649
151669 650
151733 651
151754 652
151757 653
151758 654
151761 655
151764 656
151770 657
151772 658
151805 659
151806 660
151807 661
151808 662
151809 663
151810 664
151811 665
151816 666
151817 667
151818 668
151818 669
151818 670
151847 671
151849 672
151850 673
151851 674
151851 675
151855 676
151856 677
151859 678
151867 679
151872 680
151877 681
151919 682
151941 683
151958 684
151958 685
151958 686
151958 687
151958 688
151998 689
152032 690
152034 691
152051 692
152052 693
152054 694
152054 695
152059 696
152060 697
152061 698
152076 699
152114 700
152115 701
152116 702
152150 703
152152 704
152152 705
152152 706
152152 707
152153 708
152155 709
152157 710
152157 711
152157 712
152161 713
152162 714
152163 715
152163 716
152191 717
152213 718
152244 719
152247 720
152253 721
152274 722
152318 723
152349 724
152370 725
152370 726
152371 727
152373 728
152428 729
152438 730
152439 731
152439 732
152440 733
152440 734
152442 735
152442 736
152445 737
152447 738
152449 739
152450 740
152466 741
152467 742
152467 743
152467 744
152470 745
152470 746
152474 747
152474 748
152484 749
152484 750
152492 751
152497 752
152501 753
152501 754
152503 755
152524 756
152537 757
152538 758
152542 759
152543 760
152546 761
152548 762
152551 763
152553 764
152555 765
152559 766
152656 767
152690 768
152701 769
152702 770
152710 771
152710 772
152711 773
152711 774
152713 775
152714 776
152715 777
152715 778
152719 779
152720 780
152722 781
152724 782
152724 783
152725 784
152729 785
152730 786
152731 787
152736 788
152754 789
152758 790
152758 791
152759 792
152759 793
152759 794
152759 795
152759 796
152764 797
152764 798
152790 799
152792 800
152806 801
152815 802
152842 803
152872 804
152877 805
152901 806
152926 807
152932 808
152967 809
152967 810
152978 811
152980 812
152980 813
152982 814
152982 815
152983 816
152988 817
152995 818
153033 819
153036 820
153042 821
153044 822
153044 823
153044 824
153044 825
153048 826
153049 827
153049 828
153050 829
153053 830
153054 831
153055 832
153055 833
153062 834
153062 835
153066 836
153073 837
153074 838
153074 839
153081 840
153087 841
153091 842
153114 843
153114 844
153120 845
153158 846
153159 847
153159 848
153161 849
153163 850
153170 851
153202 852
153208 853
153211 854
153241 855
153242 856
153287 857
153287 858
153289 859
153293 860
153297 861
153299 862
153300 863
153301 864
153302 865
153304 866
153305 867
153307 868
153312 869
153315 870
153350 871
153350 872
153358 873
153358 874
153358 875
153359 876
153361 877
153368 878
153390 879
153391 880
153391 881
153395 882
153398 883
153454 884
153456 885
153465 886
153478 887
153480 888
153485 889
153544 890
153545 891
153549 892
153552 893
153559 894
153560 895
153560 896
153562 897
153562 898
153564 899
153574 900
153605 901
153606 902
153606 903
153607 904
153610 905
153610 906
153611 907
153615 908
153616 909
153617 910
153618 911
153638 912
153639 913
153675 914
153677 915
153685 916
153685 917
153726 918
153726 919
153729 920
153830 921
153830 922
153831 923
153831 924
153831 925
153831 926
153838 927
153846 928
153848 929
153893 930
153910 931
153910 932
153919 933
153990 934
153999 935
154022 936
154022 937
154030 938
154046 939
154052 940
154052 941
154055 942
154069 943
154070 944
154129 945
154165 946
154166 947
154166 948
154167 949
154167 950
154167 951
154167 952
154167 953
154170 954
154222 955
154224 956
154227 957
154229 958
154233 959
154235 960
154237 961
154248 962
154249 963
154256 964
154259 965
154259 966
154259 967
154262 968
154307 969
154390 970
154426 971
154427 972
154429 973
154442 974
154442 975
154443 976
154536 977
154538 978
154538 979
154539 980
154539 981
154539 982
154552 983
154554 984
154557 985
154558 986
154561 987
154562 988
154563 989
154567 990
154567 991
154571 992
154572 993
154578 994
154581 995
154591 996
154592 997
154593 998
154610 999
154617 1000
154619 1001
154674 1002
154675 1003
154679 1004
154684 1005
154796 1006
154799 1007
154800 1008
154802 1009
154802 1010
154802 1011
154811 1012
154811 1013
154812 1014
154814 1015
154868 1016
154871 1017
154876 1018
154877 1019
154880 1020
154880 1021
154881 1022
154882 1023
154884 1024
154885 1025
154886 1026
154930 1027
154933 1028
154967 1029
155013 1030
155014 1031
155019 1032
155066 1033
155070 1034
155070 1035
155071 1036
155071 1037
155074 1038
155078 1039
155080 1040
155081 1041
155102 1042
155103 1043
155108 1044
155128 1045
155135 1046
155142 1047
155142 1048
155143 1049
155148 1050
155198 1051
155199 1052
155200 1053
155201 1054
155207 1055
155235 1056
155248 1057
155253 1058
155254 1059
155258 1060
155263 1061
155268 1062
155308 1063
155310 1064
155321 1065
155321 1066
155322 1067
155322 1068
155322 1069
155358 1070
155430 1071
155430 1072
155431 1073
155434 1074
155434 1075
155435 1076
155435 1077
155435 1078
155435 1079
155581 1080
155582 1081
155582 1082
155583 1083
155584 1084
155586 1085
155590 1086
155603 1087
155605 1088
155608 1089
155613 1090
155674 1091
155674 1092
155677 1093
155678 1094
155693 1095
155701 1096
155702 1097
155711 1098
155712 1099
155714 1100
155714 1101
155715 1102
155718 1103
155724 1104
155725 1105
155726 1106
155730 1107
155762 1108
155801 1109
155814 1110
155818 1111
155854 1112
155934 1113
155935 1114
155935 1115
155935 1116
155935 1117
155935 1118
155935 1119
155946 1120
155966 1121
155969 1122
155969 1123
155976 1124
156064 1125
156078 1126
156079 1127
156079 1128
156088 1129
156092 1130
156094 1131
156102 1132
156107 1133
156112 1134
156115 1135
156115 1136
156118 1137
156123 1138
156125 1139
156125 1140
156127 1141
156136 1142
156214 1143
156216 1144
156217 1145
156217 1146
156220 1147
156229 1148
156230 1149
156231 1150
156231 1151
156231 1152
156231 1153
156243 1154
156243 1155
156246 1156
156246 1157
156284 1158
156294 1159
156294 1160
156295 1161
156296 1162
156296 1163
156297 1164
156326 1165
156328 1166
156329 1167
156331 1168
156331 1169
156421 1170
156421 1171
156423 1172
156423 1173
156425 1174
156425 1175
156459 1176
156462 1177
156462 1178
156465 1179
156529 1180
156534 1181
156540 1182
156541 1183
156549 1184
156549 1185
156550 1186
156599 1187
156678 1188
156682 1189
156683 1190
156683 1191
156683 1192
156713 1193
156715 1194
156716 1195
156717 1196
156719 1197
156719 1198
156723 1199
156863 1200
156981 1201
157011 1202
157015 1203
157021 1204
157768 1205
157769 1206
157772 1207
157774 1208
157775 1209
157776 1210
157778 1211
157780 1212
157780 1213
157780 1214
157782 1215
158070 1216
158081 1217
158082 1218
158082 1219
158083 1220
158145 1221
158213 1222
158320 1223
158323 1224
158329 1225
158481 1226
158519 1227
158560 1228
158663 1229
158664 1230
158664 1231
158695 1232
158701 1233
158701 1234
158853 1235
158907 1236
158932 1237
159074 1238
159075 1239
159075 1240
159084 1241
159187 1242
159294 1243
159362 1244
159447 1245
159447 1246
159448 1247
159448 1248
159451 1249
159454 1250
159455 1251
159457 1252
159498 1253
159499 1254
159499 1255
159502 1256
159578 1257
159632 1258
159634 1259
159635 1260
159735 1261
159736 1262
159736 1263
159736 1264
159808 1265
159827 1266
159842 1267
159843 1268
159843 1269
159844 1270
159845 1271
159870 1272
159875 1273
159876 1274
159922 1275
159926 1276
159928 1277
159928 1278
159938 1279
159939 1280
159939 1281
159939 1282
159979 1283
159982 1284
159989 1285
160062 1286
160071 1287
160327 1288
160333 1289
160421 1290
168619 1291
168620 1292
168620 1293
168620 1294
168620 1295
168620 1296
168620 1297
169279 1298
169279 1299
169279 1300
169279 1301
169279 1302
169279 1303
169279 1304
169283 1305
169283 1306
169294 1307
169295 1308
169295 1309
169295 1310
169295 1311
169295 1312
169306 1313
169306 1314
169306 1315
169320 1316
169321 1317
169326 1318
169333 1319
169500 1320
169513 1321
169523 1322
169759 1323
169760 1324
169761 1325
169765 1326
169770 1327
169801 1328
169811 1329
169874 1330
169875 1331
169876 1332
169878 1333
169878 1334
169880 1335
169883 1336
169896 1337
169939 1338
169979 1339
169994 1340
170034 1341
170166 1342
170167 1343
170168 1344
170255 1345
170264 1346
170265 1347
170267 1348
170268 1349
170275 1350
170278 1351
170365 1352
170368 1353
170368 1354
170369 1355
170372 1356
170377 1357
170446 1358
170447 1359
170455 1360
170637 1361
170696 1362
170957 1363
170958 1364
170961 1365
170963 1366
170975 1367
170978 1368
171175 1369
171181 1370
171181 1371
171184 1372
171625 1373
171823 1374
171823 1375
171825 1376
171830 1377
171984 1378
171994 1379
