6586 1
6587 2
6587 3
6587 4
6588 5
6588 6
6589 7
6590 8
6591 9
6591 10
6591 11
6592 12
6593 13
6593 14
6594 15
6596 16
6596 17
6597 18
6656 19
6696 20
6697 21
6737 22
6743 23
6746 24
6748 25
6749 26
6751 27
6831 28
7025 29
7027 30
7028 31
7034 32
7086 33
7089 34
7091 35
7092 36
7093 37
7094 38
7094 39
7095 40
7097 41
7097 42
7104 43
7104 44
7105 45
7147 46
7149 47
7150 48
7151 49
7152 50
7176 51
7180 52
7180 53
7183 54
7186 55
7187 56
7188 57
7231 58
7238 59
7239 60
7239 61
7242 62
7245 63
7314 64
7317 65
7319 66
7321 67
7327 68
7335 69
7336 70
7336 71
7343 72
7346 73
7367 74
7368 75
7374 76
7386 77
7387 78
7391 79
7456 80
7458 81
7460 82
7462 83
7505 84
7563 85
7590 86
7590 87
7592 88
7597 89
7602 90
7706 91
7722 92
7767 93
7768 94
7768 95
7768 96
7768 97
7769 98
7769 99
7795 100
7800 101
7802 102
7830 103
7834 104
7843 105
7844 106
7849 107
7849 108
7850 109
7853 110
7857 111
7861 112
7931 113
7932 114
7935 115
7980 116
8003 117
8003 118
8003 119
8007 120
8009 121
8012 122
8012 123
8015 124
8139 125
8140 126
8155 127
8156 128
8156 129
8156 130
8165 131
8166 132
8168 133
8203 134
8204 135
8216 136
8230 137
8235 138
8235 139
8240 140
8242 141
8244 142
8244 143
8245 144
8246 145
8246 146
8247 147
8249 148
8303 149
8319 150
8320 151
8320 152
8320 153
8326 154
8350 155
8352 156
8356 157
8364 158
8386 159
8439 160
8440 161
8441 162
8441 163
8442 164
8442 165
8445 166
8446 167
8446 168
8447 169
8448 170
8481 171
8481 172
8482 173
8483 174
8483 175
8483 176
8484 177
8523 178
8528 179
8530 180
8539 181
8614 182
8615 183
8616 184
8619 185
8620 186
8622 187
8622 188
8623 189
8626 190
8626 191
8627 192
8627 193
8628 194
8631 195
8633 196
8647 197
8648 198
8651 199
8691 200
8692 201
8692 202
8732 203
8733 204
8755 205
8760 206
8767 207
8841 208
8914 209
8919 210
8923 211
8924 212
8927 213
8928 214
8928 215
8929 216
8961 217
8962 218
8963 219
8965 220
8967 221
8967 222
8967 223
8970 224
8970 225
8971 226
8972 227
8973 228
8976 229
8977 230
8995 231
9107 232
9108 233
9115 234
9156 235
9162 236
9165 237
9166 238
9166 239
9210 240
9212 241
9215 242
9218 243
9223 244
9268 245
9311 246
9312 247
9318 248
9336 249
9337 250
9340 251
9341 252
9341 253
9343 254
9343 255
9344 256
9347 257
9487 258
9490 259
9490 260
9491 261
9495 262
9499 263
9499 264
9526 265
9699 266
9703 267
9707 268
9711 269
9712 270
9713 271
9715 272
9767 273
9768 274
9768 275
9768 276
9768 277
9768 278
9775 279
9787 280
9791 281
9805 282
9805 283
9809 284
9814 285
9814 286
9815 287
9827 288
9844 289
9844 290
9844 291
9853 292
9869 293
9980 294
9992 295
9993 296
9994 297
9994 298
9997 299
10000 300
10000 301
10003 302
10003 303
10005 304
10006 305
10074 306
10075 307
10102 308
10105 309
10111 310
10113 311
10164 312
10171 313
10171 314
10188 315
10200 316
10215 317
10220 318
10275 319
10335 320
10336 321
10339 322
10340 323
10340 324
10348 325
10348 326
10365 327
10365 328
10368 329
10375 330
10409 331
10425 332
10462 333
10462 334
10468 335
10469 336
10478 337
10479 338
10492 339
10493 340
10502 341
10504 342
10504 343
10504 344
10505 345
10505 346
10510 347
10511 348
10512 349
10512 350
10518 351
10521 352
10555 353
10556 354
10559 355
10559 356
10560 357
10561 358
10564 359
10566 360
10567 361
10569 362
10610 363
10625 364
10626 365
10627 366
10627 367
10639 368
10640 369
10640 370
10647 371
10682 372
10688 373
10693 374
10743 375
10747 376
10756 377
10758 378
10760 379
10762 380
10768 381
10775 382
10812 383
10816 384
10879 385
10901 386
10902 387
10902 388
10902 389
10975 390
10976 391
10976 392
10976 393
10976 394
10976 395
10994 396
10995 397
10996 398
11001 399
11004 400
11011 401
11051 402
11052 403
11052 404
11052 405
11052 406
11063 407
11064 408
11067 409
11068 410
11068 411
11076 412
11078 413
11083 414
11134 415
11146 416
11159 417
11166 418
11324 419
11395 420
11460 421
11507 422
11509 423
11544 424
11544 425
11548 426
11549 427
11627 428
11635 429
11655 430
11656 431
11696 432
11696 433
11700 434
11701 435
11703 436
11705 437
11707 438
11711 439
11739 440
11950 441
11951 442
11961 443
12289 444
12291 445
12293 446
12296 447
12296 448
12297 449
12297 450
12297 451
12300 452
12302 453
12302 454
12303 455
12401 456
12403 457
12405 458
12409 459
12411 460
12413 461
12562 462
12563 463
12564 464
12861 465
12864 466
12864 467
12867 468
12867 469
12872 470
13004 471
13018 472
13024 473
13037 474
13063 475
13068 476
13263 477
13264 478
13273 479
13274 480
13275 481
13335 482
13345 483
13346 484
13364 485
13445 486
13445 487
13445 488
13447 489
13448 490
13455 491
13455 492
13460 493
13461 494
13461 495
13469 496
13474 497
13707 498
13708 499
13711 500
13713 501
13717 502
13731 503
13733 504
13733 505
13738 506
13846 507
13852 508
14108 509
14131 510
14132 511
14132 512
14132 513
14143 514
14144 515
14201 516
14211 517
14228 518
14229 519
14229 520
14229 521
14229 522
14239 523
14285 524
14288 525
14568 526
22718 527
22723 528
23530 529
23530 530
23531 531
23538 532
23539 533
23541 534
23544 535
23792 536
23792 537
23792 538
23792 539
23792 540
23792 541
24015 542
24021 543
24258 544
24258 545
24295 546
24296 547
24447 548
24461 549
24483 550
24485 551
24486 552
24489 553
24492 554
24497 555
24499 556
24499 557
24500 558
24502 559
24502 560
24503 561
24504 562
24504 563
24505 564
24508 565
24511 566
24512 567
24617 568
24712 569
24712 570
24720 571
24776 572
24777 573
24777 574
24781 575
24781 576
24781 577
24782 578
24783 579
24783 580
24785 581
24787 582
24789 583
24789 584
24792 585
24795 586
24827 587
24828 588
24830 589
24836 590
24848 591
24852 592
24856 593
24949 594
24980 595
24986 596
24992 597
25000 598
25003 599
25048 600
25048 601
25049 602
25084 603
25084 604
25095 605
25097 606
25098 607
25099 608
25102 609
25112 610
25179 611
25182 612
25190 613
25209 614
25214 615
25236 616
25236 617
25236 618
25237 619
25237 620
25237 621
25289 622
25289 623
25289 624
25289 625
25289 626
25292 627
25296 628
25297 629
25297 630
25312 631
25371 632
25376 633
25389 634
25390 635
25390 636
25391 637
25391 638
25392 639
25394 640
25394 641
25397 642
25398 643
25398 644
25400 645
25402 646
25402 647
25428 648
25428 649
25428 650
25463 651
25464 652
25468 653
25488 654
25488 655
25488 656
25488 657
25488 658
25490 659
25584 660
25625 661
25625 662
25629 663
25631 664
25652 665
25663 666
25666 667
25685 668
25685 669
25690 670
25697 671
25701 672
25703 673
25704 674
25728 675
25728 676
25728 677
25728 678
25728 679
25733 680
25736 681
25736 682
25741 683
25752 684
25752 685
25752 686
25764 687
25764 688
25768 689
25772 690
25772 691
25772 692
25774 693
25774 694
25783 695
25784 696
25790 697
25843 698
25886 699
25893 700
25893 701
25900 702
25908 703
25908 704
26028 705
26036 706
26036 707
26043 708
26043 709
26043 710
26043 711
26056 712
26056 713
26061 714
26067 715
26069 716
26072 717
26105 718
26115 719
26170 720
26174 721
26175 722
26191 723
26261 724
26264 725
26267 726
26275 727
26325 728
26328 729
26328 730
26344 731
26344 732
26364 733
26367 734
26369 735
26376 736
26424 737
26425 738
26426 739
26426 740
26427 741
26428 742
26429 743
26429 744
26433 745
26434 746
26434 747
26434 748
26435 749
26436 750
26436 751
26448 752
26448 753
26448 754
26448 755
26448 756
26448 757
26448 758
26449 759
26449 760
26452 761
26464 762
26524 763
26527 764
26528 765
26530 766
26532 767
26532 768
26532 769
26532 770
26532 771
26532 772
26541 773
26541 774
26544 775
26600 776
26628 777
26632 778
26633 779
26633 780
26636 781
26640 782
26641 783
26684 784
26715 785
26715 786
26717 787
26718 788
26720 789
26723 790
26728 791
26729 792
26729 793
26729 794
26746 795
26748 796
26748 797
26750 798
26751 799
26759 800
26760 801
26767 802
26822 803
26824 804
26824 805
26825 806
26827 807
26828 808
26831 809
26832 810
26832 811
26834 812
26835 813
26840 814
26849 815
26852 816
26862 817
26867 818
26869 819
26893 820
26893 821
26893 822
26901 823
26916 824
26925 825
26938 826
26950 827
26951 828
26953 829
26958 830
26958 831
27017 832
27020 833
27020 834
27020 835
27020 836
27020 837
27033 838
27033 839
27034 840
27037 841
27044 842
27044 843
27044 844
27135 845
27164 846
27165 847
27166 848
27169 849
27169 850
27169 851
27170 852
27171 853
27178 854
27179 855
27180 856
27180 857
27180 858
27180 859
27180 860
27181 861
27181 862
27182 863
27183 864
27185 865
27186 866
27187 867
27187 868
27188 869
27188 870
27188 871
27190 872
27190 873
27191 874
27192 875
27192 876
27193 877
27198 878
27198 879
27199 880
27203 881
27204 882
27205 883
27209 884
27209 885
27211 886
27212 887
27212 888
27212 889
27212 890
27228 891
27228 892
27228 893
27228 894
27228 895
27228 896
27273 897
27275 898
27285 899
27320 900
27323 901
27326 902
27367 903
27428 904
27429 905
27430 906
27432 907
27432 908
27432 909
27437 910
27440 911
27494 912
27495 913
27495 914
27496 915
27497 916
27498 917
27500 918
27502 919
27503 920
27507 921
27520 922
27524 923
27543 924
27544 925
27546 926
27562 927
27565 928
27565 929
27565 930
27565 931
27565 932
27565 933
27565 934
27575 935
27656 936
27700 937
27700 938
27700 939
27700 940
27700 941
27700 942
27700 943
27700 944
27701 945
27701 946
27701 947
27701 948
27701 949
27701 950
27702 951
27703 952
27708 953
27708 954
27718 955
27745 956
27745 957
27746 958
27747 959
27750 960
27751 961
27752 962
27784 963
27787 964
27851 965
27858 966
27873 967
27875 968
27876 969
27877 970
27877 971
27878 972
27879 973
27880 974
27880 975
27881 976
27881 977
27882 978
27882 979
27882 980
27883 981
27884 982
27886 983
27887 984
27890 985
28032 986
28035 987
28036 988
28036 989
28041 990
28042 991
28045 992
28065 993
28122 994
28130 995
28131 996
28134 997
28134 998
28135 999
28229 1000
28232 1001
28232 1002
28235 1003
28236 1004
28240 1005
28241 1006
28241 1007
28241 1008
28241 1009
28241 1010
28241 1011
28241 1012
28247 1013
28247 1014
28247 1015
28247 1016
28247 1017
28249 1018
28252 1019
28259 1020
28260 1021
28261 1022
28262 1023
28263 1024
28264 1025
28265 1026
28266 1027
28266 1028
28266 1029
28268 1030
28268 1031
28269 1032
28270 1033
28271 1034
28271 1035
28271 1036
28273 1037
28274 1038
28274 1039
28364 1040
28364 1041
28364 1042
28364 1043
28376 1044
28413 1045
28421 1046
28422 1047
28423 1048
28448 1049
28467 1050
28508 1051
28512 1052
28516 1053
28550 1054
28554 1055
28555 1056
28615 1057
28620 1058
28621 1059
28628 1060
28629 1061
28630 1062
28631 1063
28636 1064
28636 1065
28636 1066
28640 1067
28640 1068
28640 1069
28640 1070
28640 1071
28640 1072
28640 1073
28641 1074
28643 1075
28644 1076
28645 1077
28646 1078
28648 1079
28648 1080
28648 1081
28686 1082
28686 1083
28690 1084
28702 1085
28707 1086
28713 1087
28723 1088
28758 1089
28763 1090
28769 1091
28770 1092
28770 1093
28771 1094
28795 1095
28803 1096
28803 1097
28838 1098
28841 1099
28846 1100
28848 1101
28889 1102
28912 1103
28925 1104
28927 1105
28928 1106
28968 1107
29045 1108
29045 1109
29084 1110
29108 1111
29110 1112
29118 1113
29124 1114
29124 1115
29124 1116
29124 1117
29148 1118
29150 1119
29180 1120
29220 1121
29223 1122
29225 1123
29235 1124
29236 1125
29236 1126
29282 1127
29301 1128
29303 1129
29311 1130
29313 1131
29414 1132
29424 1133
29468 1134
29468 1135
29472 1136
29472 1137
29483 1138
29483 1139
29487 1140
29513 1141
29513 1142
29513 1143
29513 1144
29513 1145
29524 1146
29660 1147
29771 1148
29774 1149
29829 1150
29856 1151
29856 1152
29856 1153
29856 1154
30036 1155
30049 1156
30127 1157
54981 1158
54982 1159
54984 1160
54984 1161
54985 1162
54985 1163
54987 1164
54991 1165
54992 1166
54992 1167
54993 1168
54993 1169
54994 1170
54994 1171
54994 1172
54998 1173
54998 1174
55003 1175
55005 1176
55009 1177
55012 1178
55188 1179
55188 1180
55190 1181
55221 1182
55385 1183
55390 1184
55396 1185
55397 1186
55398 1187
55398 1188
55399 1189
55399 1190
55400 1191
55400 1192
55401 1193
55403 1194
55407 1195
55408 1196
55410 1197
55415 1198
55415 1199
55514 1200
55515 1201
55518 1202
55519 1203
55519 1204
55522 1205
55528 1206
55600 1207
55661 1208
55668 1209
55716 1210
55719 1211
55724 1212
55785 1213
55788 1214
55788 1215
55789 1216
55845 1217
55846 1218
55851 1219
55852 1220
55853 1221
55853 1222
55855 1223
55857 1224
55857 1225
55858 1226
55859 1227
55860 1228
55860 1229
55861 1230
55864 1231
55867 1232
55939 1233
55952 1234
55964 1235
55968 1236
55969 1237
55971 1238
55975 1239
55975 1240
55977 1241
55977 1242
55977 1243
55978 1244
55979 1245
55980 1246
55980 1247
55980 1248
55982 1249
55985 1250
56068 1251
56167 1252
56168 1253
56172 1254
56173 1255
56173 1256
56173 1257
56174 1258
56174 1259
56176 1260
56176 1261
56178 1262
56180 1263
56180 1264
56202 1265
56203 1266
56204 1267
56205 1268
56206 1269
56207 1270
56208 1271
56211 1272
56211 1273
56211 1274
56213 1275
56214 1276
56214 1277
56215 1278
56215 1279
56217 1280
56223 1281
56225 1282
56264 1283
56267 1284
56449 1285
56449 1286
56452 1287
56458 1288
56459 1289
56478 1290
56478 1291
56479 1292
56480 1293
56484 1294
56506 1295
56507 1296
56554 1297
56555 1298
56555 1299
56556 1300
56559 1301
56563 1302
56588 1303
56589 1304
56591 1305
56594 1306
56596 1307
56597 1308
56601 1309
56736 1310
56740 1311
56740 1312
56740 1313
56748 1314
56794 1315
56797 1316
56797 1317
56797 1318
56798 1319
56800 1320
56802 1321
56807 1322
56853 1323
56860 1324
56864 1325
56864 1326
56864 1327
56864 1328
56876 1329
56876 1330
56876 1331
56876 1332
56877 1333
56878 1334
56878 1335
56886 1336
56971 1337
56973 1338
56974 1339
56977 1340
57076 1341
57124 1342
57124 1343
57124 1344
57135 1345
57137 1346
57137 1347
57164 1348
57164 1349
57165 1350
57165 1351
57168 1352
57172 1353
57178 1354
57178 1355
57239 1356
57239 1357
57239 1358
57242 1359
57243 1360
57243 1361
57244 1362
57269 1363
57359 1364
57359 1365
57364 1366
57412 1367
57480 1368
57536 1369
57536 1370
57536 1371
57574 1372
57648 1373
57648 1374
57672 1375
57678 1376
57681 1377
57686 1378
57687 1379
57744 1380
57744 1381
58072 1382
58073 1383
58079 1384
58080 1385
58084 1386
58086 1387
58128 1388
58139 1389
58140 1390
58142 1391
58144 1392
58152 1393
58154 1394
58239 1395
58241 1396
58246 1397
58246 1398
58249 1399
58252 1400
58252 1401
58304 1402
58306 1403
58314 1404
58387 1405
58389 1406
58391 1407
58391 1408
58393 1409
58395 1410
58396 1411
58396 1412
58399 1413
58513 1414
58515 1415
58518 1416
58648 1417
58649 1418
58651 1419
58655 1420
58656 1421
58661 1422
58977 1423
59240 1424
59246 1425
59247 1426
59419 1427
59432 1428
59555 1429
59775 1430
59781 1431
59783 1432
59784 1433
59785 1434
59787 1435
59789 1436
59789 1437
59789 1438
59789 1439
59790 1440
59799 1441
59803 1442
59804 1443
60267 1444
60327 1445
60328 1446
60330 1447
60330 1448
60331 1449
60331 1450
60333 1451
60333 1452
60340 1453
60382 1454
60383 1455
60389 1456
60392 1457
60395 1458
60396 1459
60397 1460
60437 1461
60444 1462
60445 1463
60449 1464
60459 1465
60863 1466
60864 1467
60867 1468
60874 1469
60874 1470
60875 1471
60877 1472
60877 1473
60889 1474
60908 1475
60996 1476
61000 1477
61000 1478
61003 1479
61004 1480
61011 1481
61212 1482
61242 1483
61244 1484
61248 1485
61365 1486
61367 1487
61368 1488
61368 1489
61368 1490
61369 1491
61370 1492
61371 1493
61371 1494
61372 1495
61373 1496
61374 1497
61377 1498
61379 1499
61403 1500
61408 1501
61412 1502
61412 1503
61413 1504
61416 1505
61416 1506
61480 1507
61480 1508
61523 1509
61526 1510
61527 1511
61527 1512
61656 1513
61656 1514
61656 1515
61656 1516
61656 1517
61658 1518
61670 1519
61673 1520
61673 1521
61673 1522
61674 1523
61674 1524
61674 1525
61680 1526
61683 1527
61684 1528
61690 1529
61693 1530
61740 1531
61740 1532
61745 1533
61753 1534
61811 1535
61813 1536
61814 1537
61814 1538
61817 1539
61820 1540
61854 1541
61867 1542
61876 1543
61876 1544
61876 1545
61877 1546
61890 1547
61893 1548
61894 1549
61904 1550
61904 1551
61904 1552
61905 1553
61905 1554
61906 1555
61972 1556
61976 1557
61989 1558
62001 1559
62004 1560
62005 1561
62006 1562
62016 1563
62017 1564
62042 1565
62053 1566
62053 1567
62054 1568
62055 1569
62065 1570
62066 1571
62067 1572
62075 1573
62075 1574
62119 1575
62122 1576
62127 1577
62131 1578
62172 1579
62173 1580
62183 1581
62216 1582
62265 1583
62299 1584
62302 1585
62304 1586
62304 1587
62310 1588
62328 1589
62605 1590
63049 1591
63517 1592
63518 1593
63520 1594
63520 1595
63523 1596
63524 1597
63526 1598
63529 1599
63540 1600
64034 1601
64040 1602
64219 1603
64219 1604
64220 1605
64220 1606
64221 1607
64223 1608
64225 1609
64227 1610
64229 1611
64231 1612
64232 1613
64439 1614
64442 1615
64446 1616
64520 1617
64526 1618
64526 1619
64526 1620
64528 1621
64536 1622
64576 1623
64584 1624
64584 1625
64587 1626
64604 1627
64605 1628
64737 1629
64743 1630
64745 1631
64749 1632
64749 1633
64751 1634
64795 1635
64796 1636
64797 1637
64808 1638
64810 1639
64898 1640
64899 1641
64900 1642
64900 1643
64901 1644
64901 1645
64901 1646
64907 1647
64908 1648
64910 1649
64912 1650
64950 1651
65016 1652
65016 1653
65079 1654
65081 1655
65081 1656
65082 1657
65082 1658
65082 1659
65082 1660
65082 1661
65082 1662
65084 1663
65085 1664
65085 1665
65087 1666
65088 1667
65092 1668
65094 1669
65094 1670
65095 1671
65098 1672
65099 1673
65101 1674
65102 1675
65104 1676
65105 1677
65109 1678
65110 1679
65234 1680
65234 1681
65252 1682
65253 1683
65367 1684
65371 1685
65372 1686
65373 1687
65374 1688
65377 1689
65380 1690
65381 1691
65382 1692
65385 1693
65385 1694
65385 1695
65386 1696
65386 1697
65386 1698
65393 1699
65396 1700
65452 1701
65492 1702
65518 1703
65524 1704
65524 1705
65525 1706
65525 1707
65525 1708
65525 1709
65525 1710
65525 1711
65529 1712
65536 1713
65618 1714
65619 1715
65620 1716
65622 1717
65625 1718
65668 1719
65669 1720
65670 1721
65676 1722
65698 1723
65726 1724
65729 1725
65730 1726
65735 1727
65743 1728
65745 1729
65876 1730
65877 1731
65885 1732
65885 1733
65887 1734
65889 1735
65896 1736
65902 1737
65944 1738
65956 1739
65959 1740
65959 1741
65992 1742
66030 1743
66033 1744
66037 1745
66065 1746
66071 1747
66075 1748
66078 1749
66078 1750
66080 1751
66144 1752
66156 1753
66157 1754
66160 1755
66160 1756
66163 1757
66169 1758
66177 1759
66180 1760
66184 1761
66184 1762
66184 1763
66187 1764
66189 1765
66194 1766
66280 1767
66280 1768
66280 1769
66288 1770
66293 1771
66295 1772
66336 1773
66336 1774
66402 1775
66410 1776
66416 1777
66417 1778
66440 1779
66444 1780
66444 1781
66444 1782
66445 1783
66445 1784
66445 1785
66446 1786
66449 1787
66452 1788
66477 1789
66478 1790
66480 1791
66481 1792
66481 1793
66490 1794
66492 1795
66492 1796
66493 1797
66493 1798
66493 1799
66493 1800
66496 1801
66503 1802
66508 1803
66509 1804
66511 1805
66513 1806
66515 1807
66515 1808
66517 1809
66518 1810
66522 1811
66575 1812
66576 1813
66577 1814
66577 1815
66578 1816
66578 1817
66578 1818
66579 1819
66580 1820
66582 1821
66584 1822
66585 1823
66585 1824
66586 1825
66587 1826
66588 1827
66588 1828
66589 1829
66589 1830
66601 1831
66605 1832
66620 1833
66629 1834
66632 1835
66644 1836
66697 1837
66697 1838
66700 1839
66700 1840
66700 1841
66701 1842
66708 1843
66715 1844
66740 1845
66740 1846
66812 1847
66812 1848
66814 1849
66816 1850
66819 1851
66820 1852
66820 1853
66864 1854
66867 1855
66868 1856
66877 1857
66907 1858
66908 1859
66967 1860
66969 1861
66970 1862
66976 1863
66994 1864
67042 1865
67042 1866
67042 1867
67047 1868
67053 1869
67056 1870
67076 1871
67084 1872
67084 1873
67084 1874
67103 1875
67111 1876
67116 1877
67120 1878
67180 1879
67186 1880
67204 1881
67208 1882
67275 1883
67278 1884
67388 1885
67400 1886
67402 1887
67407 1888
67413 1889
67430 1890
67431 1891
67438 1892
67463 1893
67572 1894
67573 1895
67585 1896
67586 1897
67588 1898
67592 1899
67593 1900
67898 1901
67941 1902
68214 1903
68341 1904
68342 1905
68342 1906
68343 1907
68343 1908
68343 1909
68348 1910
68349 1911
68351 1912
68351 1913
68353 1914
68416 1915
68420 1916
68428 1917
68485 1918
68486 1919
68487 1920
68488 1921
68489 1922
68491 1923
68492 1924
68492 1925
68494 1926
68494 1927
68495 1928
68496 1929
68498 1930
68555 1931
68563 1932
68800 1933
68802 1934
68806 1935
68809 1936
68811 1937
68854 1938
68865 1939
68956 1940
69005 1941
69074 1942
69084 1943
69240 1944
69248 1945
69598 1946
69605 1947
69607 1948
69614 1949
69638 1950
69644 1951
69645 1952
69646 1953
69649 1954
69653 1955
69779 1956
69780 1957
69788 1958
69788 1959
69789 1960
69790 1961
69792 1962
69792 1963
69793 1964
69801 1965
70002 1966
70012 1967
70022 1968
70092 1969
70092 1970
70093 1971
70093 1972
70093 1973
70148 1974
70148 1975
70209 1976
70255 1977
70256 1978
70256 1979
70257 1980
70257 1981
70265 1982
70319 1983
70326 1984
70408 1985
70448 1986
70448 1987
70463 1988
70488 1989
70492 1990
70505 1991
70512 1992
70514 1993
70616 1994
70616 1995
70628 1996
70628 1997
70680 1998
70680 1999
70681 2000
70739 2001
70746 2002
70822 2003
70887 2004
70900 2005
70901 2006
70936 2007
70961 2008
70962 2009
70963 2010
70964 2011
70967 2012
71080 2013
71083 2014
71084 2015
71088 2016
71088 2017
71093 2018
71203 2019
71214 2020
71245 2021
71258 2022
71506 2023
92973 2024
92973 2025
92977 2026
92983 2027
92992 2028
93509 2029
93509 2030
93509 2031
93509 2032
93519 2033
93519 2034
93521 2035
93521 2036
93611 2037
93613 2038
93618 2039
93618 2040
93618 2041
93619 2042
93619 2043
93621 2044
93624 2045
93832 2046
93835 2047
93844 2048
93846 2049
93910 2050
93925 2051
93929 2052
93930 2053
93936 2054
93937 2055
93940 2056
93940 2057
93942 2058
93944 2059
93945 2060
93945 2061
93978 2062
93981 2063
93982 2064
94017 2065
94017 2066
94024 2067
94030 2068
94070 2069
94072 2070
94076 2071
94080 2072
94088 2073
94089 2074
94091 2075
94098 2076
94101 2077
94103 2078
94148 2079
94153 2080
94156 2081
94158 2082
94158 2083
94158 2084
94158 2085
94158 2086
94162 2087
94163 2088
94163 2089
94164 2090
94169 2091
94178 2092
94201 2093
94201 2094
94203 2095
94204 2096
94204 2097
94205 2098
94206 2099
94208 2100
94213 2101
94215 2102
94215 2103
94245 2104
94245 2105
94246 2106
94252 2107
94255 2108
94299 2109
94301 2110
94301 2111
94305 2112
94306 2113
94321 2114
94386 2115
94388 2116
94388 2117
94391 2118
94392 2119
94397 2120
94398 2121
94399 2122
94434 2123
94438 2124
94439 2125
94537 2126
94539 2127
94541 2128
94543 2129
94544 2130
94545 2131
94549 2132
94553 2133
94553 2134
94561 2135
94561 2136
94561 2137
94562 2138
94562 2139
94562 2140
94562 2141
94574 2142
94644 2143
94644 2144
94653 2145
94654 2146
94657 2147
94657 2148
94659 2149
94662 2150
94662 2151
94662 2152
94662 2153
94709 2154
94711 2155
94745 2156
94750 2157
94754 2158
94772 2159
94773 2160
94774 2161
94774 2162
94774 2163
94774 2164
94781 2165
94782 2166
94783 2167
94784 2168
94784 2169
94786 2170
94786 2171
94833 2172
94835 2173
94917 2174
94917 2175
94956 2176
94957 2177
94957 2178
94965 2179
94978 2180
94978 2181
94979 2182
94980 2183
94987 2184
94987 2185
94989 2186
94990 2187
94991 2188
94992 2189
95041 2190
95041 2191
95055 2192
95075 2193
95116 2194
95116 2195
95120 2196
95132 2197
95134 2198
95143 2199
95204 2200
95254 2201
95254 2202
95266 2203
95307 2204
95309 2205
95317 2206
95393 2207
95440 2208
95521 2209
95521 2210
95521 2211
95521 2212
95522 2213
95522 2214
95522 2215
95522 2216
95522 2217
95522 2218
95522 2219
95529 2220
95530 2221
95530 2222
95532 2223
95613 2224
95616 2225
95616 2226
95619 2227
95622 2228
95624 2229
95680 2230
95681 2231
95683 2232
95776 2233
95776 2234
95778 2235
95778 2236
95781 2237
95797 2238
95797 2239
95797 2240
95797 2241
95797 2242
95799 2243
95803 2244
95805 2245
95808 2246
95865 2247
95865 2248
95869 2249
95908 2250
95918 2251
95954 2252
95959 2253
95959 2254
95960 2255
95962 2256
95967 2257
95975 2258
95977 2259
95995 2260
96062 2261
96095 2262
96114 2263
96118 2264
96121 2265
96125 2266
96125 2267
96216 2268
96237 2269
96280 2270
96288 2271
96387 2272
96390 2273
96390 2274
96391 2275
96396 2276
96397 2277
96397 2278
96397 2279
96397 2280
96398 2281
96398 2282
96400 2283
96409 2284
96469 2285
96476 2286
96510 2287
96513 2288
96518 2289
96519 2290
96532 2291
96580 2292
96583 2293
96587 2294
96618 2295
96627 2296
96631 2297
96633 2298
96651 2299
96652 2300
96654 2301
96738 2302
96742 2303
96746 2304
96747 2305
96748 2306
96763 2307
96771 2308
96778 2309
96783 2310
96834 2311
96843 2312
96857 2313
96858 2314
97105 2315
97106 2316
97109 2317
97111 2318
97111 2319
97113 2320
97113 2321
97116 2322
97120 2323
97120 2324
97120 2325
97121 2326
97121 2327
97124 2328
97129 2329
97350 2330
97356 2331
97357 2332
97361 2333
97363 2334
97364 2335
97423 2336
97425 2337
97425 2338
97427 2339
97427 2340
97430 2341
97432 2342
97445 2343
97447 2344
97447 2345
97447 2346
97448 2347
97479 2348
97480 2349
97480 2350
97482 2351
97483 2352
97485 2353
97487 2354
97487 2355
97487 2356
97487 2357
97489 2358
97490 2359
97492 2360
97493 2361
97493 2362
97494 2363
97527 2364
97632 2365
97634 2366
97637 2367
97643 2368
97679 2369
97759 2370
97765 2371
97778 2372
97779 2373
97779 2374
97779 2375
97780 2376
97781 2377
97781 2378
97781 2379
97781 2380
97781 2381
97781 2382
97782 2383
97783 2384
97785 2385
97789 2386
97792 2387
97793 2388
97830 2389
97836 2390
97839 2391
97841 2392
97841 2393
97841 2394
97843 2395
97844 2396
97845 2397
97869 2398
97871 2399
97871 2400
97874 2401
97874 2402
97879 2403
97887 2404
97899 2405
97919 2406
97985 2407
97987 2408
97992 2409
97993 2410
98019 2411
98030 2412
98032 2413
98107 2414
98112 2415
98112 2416
98113 2417
98113 2418
98113 2419
98114 2420
98114 2421
98115 2422
98116 2423
98116 2424
98117 2425
98117 2426
98117 2427
98119 2428
98129 2429
98240 2430
98250 2431
98285 2432
98290 2433
98290 2434
98290 2435
98290 2436
98290 2437
98290 2438
98291 2439
98335 2440
98337 2441
98337 2442
98337 2443
98337 2444
98337 2445
98337 2446
98338 2447
98345 2448
98348 2449
98432 2450
98434 2451
98434 2452
98438 2453
98446 2454
98461 2455
98461 2456
98475 2457
98545 2458
98545 2459
98545 2460
98613 2461
98623 2462
98626 2463
98632 2464
98670 2465
98709 2466
98781 2467
98781 2468
98781 2469
98782 2470
98783 2471
98784 2472
98790 2473
98790 2474
98814 2475
98833 2476
98833 2477
98857 2478
98857 2479
98857 2480
98857 2481
98860 2482
98906 2483
98906 2484
98907 2485
98909 2486
98909 2487
98911 2488
98912 2489
98915 2490
98919 2491
98920 2492
98920 2493
98949 2494
98954 2495
98955 2496
98957 2497
99035 2498
99037 2499
99037 2500
99057 2501
99062 2502
99062 2503
99062 2504
99065 2505
99068 2506
99070 2507
99072 2508
99073 2509
99079 2510
99083 2511
99085 2512
99087 2513
99149 2514
99153 2515
99188 2516
99193 2517
99229 2518
99278 2519
99312 2520
99321 2521
99322 2522
99325 2523
99390 2524
99391 2525
99392 2526
99397 2527
99417 2528
99418 2529
99425 2530
99433 2531
99437 2532
99489 2533
99489 2534
99489 2535
99489 2536
99489 2537
99489 2538
99492 2539
99494 2540
99494 2541
99494 2542
99494 2543
99496 2544
99497 2545
99498 2546
99498 2547
99499 2548
99500 2549
99500 2550
99505 2551
99516 2552
99516 2553
99517 2554
99517 2555
99518 2556
99518 2557
99519 2558
99520 2559
99521 2560
99522 2561
99528 2562
99529 2563
99529 2564
99529 2565
99529 2566
99529 2567
99529 2568
99530 2569
99656 2570
99659 2571
99663 2572
99668 2573
99671 2574
99672 2575
99681 2576
99681 2577
99704 2578
99704 2579
99800 2580
99857 2581
99861 2582
99861 2583
99861 2584
99862 2585
99862 2586
99862 2587
99862 2588
99863 2589
99863 2590
99864 2591
99864 2592
99864 2593
99866 2594
99866 2595
99866 2596
99868 2597
99870 2598
99871 2599
99871 2600
99872 2601
99874 2602
99883 2603
99902 2604
99903 2605
99906 2606
99910 2607
99910 2608
99914 2609
99915 2610
99952 2611
100005 2612
100008 2613
100009 2614
100009 2615
100011 2616
100012 2617
100012 2618
100018 2619
100019 2620
100019 2621
100041 2622
100042 2623
100042 2624
100043 2625
100045 2626
100046 2627
100047 2628
100047 2629
100049 2630
100050 2631
100053 2632
100053 2633
100054 2634
100054 2635
100055 2636
100062 2637
100102 2638
100102 2639
100122 2640
100122 2641
100125 2642
100126 2643
100131 2644
100185 2645
100185 2646
100228 2647
100230 2648
100230 2649
100233 2650
100234 2651
100237 2652
100237 2653
100262 2654
100266 2655
100270 2656
100272 2657
100273 2658
100276 2659
100278 2660
100279 2661
100281 2662
100281 2663
100325 2664
100325 2665
100329 2666
100329 2667
100332 2668
100334 2669
100338 2670
100377 2671
100424 2672
100432 2673
100437 2674
100444 2675
100452 2676
100453 2677
100456 2678
100458 2679
100459 2680
100467 2681
100537 2682
100537 2683
100543 2684
100545 2685
100610 2686
100614 2687
100614 2688
100617 2689
100625 2690
100625 2691
100631 2692
100635 2693
100639 2694
100652 2695
100653 2696
100653 2697
100653 2698
100653 2699
100664 2700
100665 2701
100667 2702
100667 2703
100675 2704
100676 2705
100698 2706
100709 2707
100717 2708
100720 2709
100757 2710
100757 2711
100757 2712
100774 2713
100779 2714
100781 2715
100790 2716
100801 2717
100829 2718
100831 2719
100833 2720
100833 2721
100837 2722
100838 2723
100838 2724
100839 2725
100907 2726
100912 2727
100925 2728
100962 2729
101019 2730
101019 2731
101021 2732
101021 2733
101023 2734
101026 2735
101028 2736
101031 2737
101033 2738
101034 2739
101037 2740
101038 2741
101065 2742
101088 2743
101093 2744
101093 2745
101093 2746
101093 2747
101093 2748
101093 2749
101094 2750
101094 2751
101094 2752
101094 2753
101094 2754
101094 2755
101097 2756
101119 2757
101149 2758
101152 2759
101172 2760
101173 2761
101286 2762
101293 2763
101293 2764
101293 2765
101293 2766
101294 2767
101296 2768
101298 2769
101298 2770
101371 2771
101371 2772
101375 2773
101376 2774
101377 2775
101379 2776
101381 2777
101381 2778
101381 2779
101383 2780
101384 2781
101387 2782
101389 2783
101391 2784
101391 2785
101393 2786
101394 2787
101398 2788
101412 2789
101413 2790
101413 2791
101415 2792
101420 2793
101421 2794
101460 2795
101481 2796
101483 2797
101486 2798
101486 2799
101486 2800
101486 2801
101493 2802
101493 2803
101493 2804
101493 2805
101501 2806
101512 2807
101513 2808
101531 2809
101537 2810
101538 2811
101539 2812
101539 2813
101540 2814
101541 2815
101545 2816
101636 2817
101689 2818
101691 2819
101693 2820
101695 2821
101696 2822
101697 2823
101697 2824
101714 2825
101731 2826
101731 2827
101732 2828
101732 2829
101732 2830
101769 2831
101781 2832
101787 2833
101789 2834
101789 2835
101789 2836
101803 2837
101809 2838
101809 2839
101817 2840
101823 2841
101832 2842
101846 2843
101850 2844
101854 2845
101932 2846
101981 2847
101981 2848
101981 2849
101989 2850
102045 2851
102045 2852
102045 2853
102045 2854
102057 2855
102083 2856
102144 2857
102155 2858
102155 2859
102158 2860
102158 2861
102158 2862
102158 2863
102158 2864
102158 2865
102161 2866
102162 2867
102176 2868
102206 2869
102206 2870
102207 2871
102210 2872
102213 2873
102235 2874
102240 2875
102246 2876
102257 2877
102257 2878
102303 2879
102357 2880
102366 2881
102367 2882
102449 2883
102483 2884
102496 2885
102541 2886
102543 2887
102667 2888
102681 2889
103552 2890
103552 2891
103553 2892
103553 2893
103555 2894
103555 2895
103557 2896
103559 2897
103559 2898
103560 2899
103565 2900
103568 2901
103568 2902
103573 2903
103865 2904
103867 2905
103871 2906
103875 2907
103877 2908
103880 2909
103961 2910
103963 2911
103964 2912
103966 2913
103967 2914
103968 2915
103969 2916
103970 2917
103971 2918
103973 2919
103973 2920
103981 2921
104066 2922
104072 2923
104073 2924
104130 2925
104132 2926
104137 2927
104138 2928
104138 2929
104140 2930
104140 2931
104143 2932
104143 2933
104147 2934
104252 2935
104281 2936
104284 2937
104287 2938
104287 2939
104291 2940
104362 2941
104366 2942
104374 2943
104398 2944
104400 2945
104403 2946
104404 2947
104404 2948
104406 2949
104411 2950
104475 2951
104476 2952
104477 2953
104477 2954
104478 2955
104480 2956
104480 2957
104481 2958
104482 2959
104483 2960
104483 2961
104486 2962
104486 2963
104487 2964
104489 2965
104566 2966
104600 2967
104601 2968
104601 2969
104603 2970
104603 2971
104606 2972
104608 2973
104610 2974
104614 2975
104725 2976
104797 2977
104797 2978
104809 2979
104810 2980
104819 2981
104822 2982
104832 2983
104985 2984
104985 2985
104986 2986
104986 2987
104994 2988
104995 2989
104996 2990
104998 2991
105013 2992
105055 2993
105056 2994
105057 2995
105057 2996
105067 2997
105094 2998
105113 2999
105123 3000
105149 3001
105155 3002
105157 3003
105157 3004
105221 3005
105225 3006
105226 3007
105227 3008
105231 3009
105232 3010
105232 3011
105233 3012
105233 3013
105235 3014
105324 3015
105355 3016
105358 3017
105360 3018
105361 3019
105365 3020
105366 3021
105366 3022
105366 3023
105366 3024
105366 3025
105367 3026
105367 3027
105370 3028
105372 3029
105375 3030
105378 3031
105389 3032
105391 3033
105402 3034
105405 3035
105441 3036
105441 3037
105443 3038
105444 3039
105444 3040
105450 3041
105453 3042
105454 3043
105455 3044
105483 3045
105490 3046
105492 3047
105509 3048
105521 3049
105521 3050
105545 3051
105548 3052
105550 3053
105635 3054
105644 3055
105721 3056
105726 3057
105726 3058
105726 3059
105726 3060
105732 3061
105737 3062
105739 3063
105740 3064
105743 3065
105745 3066
105798 3067
105799 3068
105800 3069
105801 3070
105801 3071
105804 3072
105807 3073
105808 3074
105809 3075
105809 3076
105812 3077
105831 3078
105873 3079
105877 3080
105881 3081
105881 3082
105886 3083
105889 3084
105890 3085
105929 3086
105957 3087
105957 3088
105969 3089
106001 3090
106001 3091
106001 3092
106013 3093
106048 3094
106075 3095
106075 3096
106111 3097
106113 3098
106115 3099
106120 3100
106121 3101
106184 3102
106210 3103
106223 3104
106253 3105
106253 3106
106253 3107
106253 3108
106254 3109
106257 3110
106261 3111
106261 3112
106263 3113
106264 3114
106267 3115
106269 3116
106269 3117
106269 3118
106277 3119
106277 3120
106333 3121
106338 3122
106338 3123
106338 3124
106344 3125
106393 3126
106397 3127
106397 3128
106401 3129
106404 3130
106411 3131
106411 3132
106411 3133
106411 3134
106414 3135
106415 3136
106474 3137
106474 3138
106497 3139
106499 3140
106511 3141
106515 3142
106517 3143
106518 3144
106521 3145
106522 3146
106590 3147
106590 3148
106593 3149
106599 3150
106599 3151
106601 3152
106603 3153
106668 3154
106669 3155
106670 3156
106672 3157
106673 3158
106676 3159
106677 3160
106677 3161
106678 3162
106679 3163
106679 3164
106683 3165
106717 3166
106765 3167
106769 3168
106773 3169
106781 3170
106786 3171
106786 3172
106786 3173
106786 3174
106788 3175
106793 3176
106796 3177
106797 3178
106800 3179
106800 3180
106803 3181
106805 3182
106807 3183
106807 3184
106825 3185
106825 3186
106825 3187
106825 3188
106835 3189
106837 3190
106837 3191
106841 3192
106841 3193
106860 3194
106863 3195
106868 3196
106871 3197
106907 3198
106908 3199
107011 3200
107056 3201
107057 3202
107057 3203
107062 3204
107062 3205
107102 3206
107109 3207
107142 3208
107149 3209
107149 3210
107149 3211
107149 3212
107149 3213
107149 3214
107153 3215
107153 3216
107154 3217
107154 3218
107156 3219
107156 3220
107158 3221
107158 3222
107163 3223
107166 3224
107168 3225
107168 3226
107170 3227
107170 3228
107171 3229
107171 3230
107183 3231
107184 3232
107186 3233
107188 3234
107202 3235
107222 3236
107226 3237
107234 3238
107252 3239
107259 3240
107261 3241
107325 3242
107329 3243
107329 3244
107334 3245
107336 3246
107361 3247
107364 3248
107366 3249
107366 3250
107369 3251
107378 3252
107445 3253
107445 3254
107449 3255
107449 3256
107457 3257
107529 3258
107529 3259
107539 3260
107542 3261
107542 3262
107542 3263
107542 3264
107542 3265
107542 3266
107543 3267
107555 3268
107588 3269
107589 3270
107649 3271
107656 3272
107661 3273
107664 3274
107681 3275
107686 3276
107709 3277
107711 3278
107713 3279
107716 3280
107717 3281
107718 3282
107730 3283
107741 3284
107741 3285
107741 3286
107748 3287
107748 3288
107748 3289
107751 3290
107758 3291
107760 3292
107765 3293
107765 3294
107765 3295
107765 3296
107770 3297
107804 3298
107871 3299
107906 3300
107910 3301
107916 3302
107919 3303
107919 3304
107921 3305
107922 3306
107957 3307
107957 3308
107957 3309
107964 3310
107964 3311
107972 3312
107973 3313
107978 3314
108030 3315
108030 3316
108030 3317
108030 3318
108047 3319
108053 3320
108055 3321
108060 3322
108078 3323
108078 3324
108078 3325
108080 3326
108080 3327
108080 3328
108081 3329
108082 3330
108084 3331
108084 3332
108084 3333
108087 3334
108089 3335
108091 3336
108091 3337
108091 3338
108092 3339
108093 3340
108094 3341
108094 3342
108094 3343
108105 3344
108105 3345
108105 3346
108111 3347
108113 3348
108113 3349
108113 3350
108251 3351
108252 3352
108253 3353
108253 3354
108256 3355
108257 3356
108257 3357
108257 3358
108259 3359
108264 3360
108265 3361
108282 3362
108287 3363
108294 3364
108299 3365
108307 3366
108310 3367
108311 3368
108311 3369
108313 3370
108318 3371
108318 3372
108324 3373
108324 3374
108362 3375
108367 3376
108371 3377
108375 3378
108376 3379
108377 3380
108408 3381
108410 3382
108412 3383
108413 3384
108413 3385
108413 3386
108414 3387
108419 3388
108420 3389
108433 3390
108491 3391
108492 3392
108492 3393
108492 3394
108493 3395
108493 3396
108494 3397
108494 3398
108496 3399
108498 3400
108565 3401
108565 3402
108584 3403
108588 3404
108592 3405
108603 3406
108605 3407
108605 3408
108605 3409
108605 3410
108605 3411
108605 3412
108605 3413
108606 3414
108606 3415
108607 3416
108609 3417
108611 3418
108613 3419
108613 3420
108613 3421
108614 3422
108617 3423
108735 3424
108740 3425
108741 3426
108741 3427
108744 3428
108745 3429
108745 3430
108747 3431
108747 3432
108748 3433
108749 3434
108750 3435
108769 3436
108769 3437
108773 3438
108777 3439
108780 3440
108780 3441
108812 3442
108814 3443
108815 3444
108816 3445
108816 3446
108819 3447
108822 3448
108827 3449
108829 3450
108830 3451
108907 3452
108909 3453
108909 3454
108910 3455
108913 3456
108915 3457
108946 3458
108946 3459
108946 3460
108946 3461
108946 3462
108951 3463
108952 3464
108955 3465
108956 3466
108960 3467
108989 3468
109043 3469
109048 3470
109104 3471
109106 3472
109116 3473
109116 3474
109125 3475
109125 3476
109125 3477
109131 3478
109177 3479
109178 3480
109180 3481
109183 3482
109184 3483
109185 3484
109186 3485
109190 3486
109191 3487
109192 3488
109192 3489
109193 3490
109194 3491
109195 3492
109213 3493
109218 3494
109219 3495
109219 3496
109223 3497
109226 3498
109255 3499
109257 3500
109259 3501
109265 3502
109266 3503
109286 3504
109286 3505
109292 3506
109356 3507
109356 3508
109358 3509
109358 3510
109368 3511
109445 3512
109499 3513
109500 3514
109551 3515
109560 3516
109563 3517
109563 3518
109564 3519
109569 3520
109569 3521
109569 3522
109573 3523
109576 3524
109616 3525
109625 3526
109652 3527
109653 3528
109656 3529
109663 3530
109669 3531
109670 3532
109742 3533
109747 3534
109749 3535
109750 3536
109750 3537
109757 3538
109769 3539
109795 3540
109798 3541
109799 3542
109799 3543
109801 3544
109803 3545
109805 3546
109806 3547
109808 3548
109816 3549
109817 3550
109817 3551
109821 3552
109828 3553
109856 3554
109859 3555
109864 3556
109881 3557
109883 3558
109887 3559
109891 3560
109899 3561
110031 3562
110033 3563
110033 3564
110033 3565
110036 3566
110041 3567
110041 3568
110041 3569
110042 3570
110043 3571
110045 3572
110054 3573
110110 3574
110111 3575
110197 3576
110205 3577
110205 3578
110208 3579
110212 3580
110212 3581
110310 3582
110311 3583
110311 3584
110311 3585
110313 3586
110314 3587
110318 3588
110318 3589
110322 3590
110322 3591
110325 3592
110325 3593
110356 3594
110357 3595
110359 3596
110360 3597
110361 3598
110368 3599
110382 3600
110382 3601
110386 3602
110391 3603
110393 3604
110399 3605
110406 3606
110411 3607
110529 3608
110529 3609
110543 3610
110559 3611
110564 3612
110565 3613
110566 3614
110570 3615
110571 3616
110578 3617
110630 3618
110630 3619
110630 3620
110630 3621
110631 3622
110631 3623
110631 3624
110631 3625
110631 3626
110631 3627
110631 3628
110632 3629
110633 3630
110638 3631
110640 3632
110654 3633
110654 3634
110658 3635
110659 3636
110664 3637
110666 3638
110667 3639
110667 3640
110673 3641
110676 3642
110729 3643
110729 3644
110730 3645
110731 3646
110732 3647
110733 3648
110733 3649
110737 3650
110737 3651
110740 3652
110741 3653
110743 3654
110745 3655
110761 3656
110774 3657
110817 3658
110817 3659
110817 3660
110919 3661
110924 3662
110965 3663
110965 3664
110965 3665
110965 3666
110966 3667
110966 3668
110966 3669
110966 3670
110966 3671
110984 3672
110988 3673
110988 3674
110992 3675
111045 3676
111046 3677
111052 3678
111054 3679
111055 3680
111056 3681
111056 3682
111056 3683
111057 3684
111057 3685
111058 3686
111060 3687
111060 3688
111062 3689
111062 3690
111064 3691
111066 3692
111067 3693
111069 3694
111069 3695
111069 3696
111088 3697
111088 3698
111089 3699
111090 3700
111097 3701
111099 3702
111099 3703
111100 3704
111108 3705
111109 3706
111133 3707
111133 3708
111137 3709
111141 3710
111144 3711
111145 3712
111145 3713
111145 3714
111145 3715
111145 3716
111145 3717
111215 3718
111234 3719
111241 3720
111242 3721
111242 3722
111243 3723
111244 3724
111245 3725
111246 3726
111247 3727
111247 3728
111248 3729
111249 3730
111249 3731
111252 3732
111253 3733
111267 3734
111268 3735
111269 3736
111269 3737
111269 3738
111273 3739
111277 3740
111277 3741
111277 3742
111277 3743
111277 3744
111280 3745
111377 3746
111378 3747
111402 3748
111403 3749
111412 3750
111413 3751
111415 3752
111425 3753
111428 3754
111438 3755
111489 3756
111491 3757
111496 3758
111498 3759
111505 3760
111509 3761
111515 3762
111521 3763
111527 3764
111527 3765
111558 3766
111558 3767
111584 3768
111585 3769
111586 3770
111588 3771
111597 3772
111598 3773
111600 3774
111671 3775
111671 3776
111675 3777
111676 3778
111677 3779
111678 3780
111678 3781
111711 3782
111712 3783
111712 3784
111717 3785
111718 3786
111718 3787
111722 3788
111725 3789
111731 3790
111735 3791
111745 3792
111746 3793
111746 3794
111751 3795
111857 3796
111941 3797
111941 3798
111947 3799
111950 3800
111954 3801
111997 3802
112000 3803
112003 3804
112006 3805
112019 3806
112028 3807
112035 3808
112037 3809
112171 3810
112173 3811
112237 3812
112238 3813
112238 3814
112243 3815
112247 3816
112468 3817
112475 3818
112476 3819
112481 3820
112489 3821
112565 3822
112565 3823
112574 3824
112576 3825
112577 3826
112578 3827
112578 3828
112703 3829
112704 3830
112705 3831
112705 3832
112706 3833
112849 3834
112854 3835
112854 3836
112855 3837
112855 3838
112856 3839
112861 3840
112863 3841
112863 3842
112865 3843
112865 3844
112869 3845
113002 3846
113004 3847
113010 3848
113012 3849
113114 3850
113114 3851
113114 3852
113115 3853
113116 3854
113118 3855
113126 3856
113162 3857
113176 3858
113180 3859
113181 3860
113189 3861
113192 3862
113213 3863
113226 3864
113230 3865
113281 3866
113342 3867
113361 3868
113393 3869
113398 3870
113409 3871
113409 3872
113412 3873
113414 3874
113414 3875
113419 3876
113485 3877
113485 3878
113486 3879
113490 3880
113493 3881
113493 3882
113493 3883
113493 3884
113493 3885
113495 3886
113497 3887
113497 3888
113497 3889
113497 3890
113498 3891
113499 3892
113500 3893
113502 3894
113506 3895
113565 3896
113577 3897
113581 3898
113587 3899
113591 3900
113594 3901
113594 3902
113601 3903
113601 3904
113607 3905
113608 3906
113613 3907
113613 3908
113613 3909
113613 3910
113613 3911
113622 3912
113626 3913
113628 3914
113639 3915
113685 3916
113685 3917
113685 3918
113711 3919
113714 3920
113761 3921
113761 3922
113761 3923
113761 3924
113762 3925
113762 3926
113763 3927
113764 3928
113764 3929
113765 3930
113772 3931
113781 3932
113804 3933
113818 3934
113857 3935
113857 3936
113857 3937
113896 3938
113984 3939
113985 3940
113994 3941
113995 3942
114005 3943
114011 3944
114021 3945
114024 3946
114025 3947
114049 3948
114116 3949
114117 3950
114121 3951
114121 3952
114121 3953
114122 3954
114122 3955
114133 3956
114133 3957
114137 3958
114154 3959
114156 3960
114159 3961
114160 3962
114161 3963
114162 3964
114165 3965
114165 3966
114166 3967
114169 3968
114170 3969
114205 3970
114219 3971
114244 3972
114254 3973
114254 3974
114281 3975
114281 3976
114283 3977
114286 3978
114292 3979
114295 3980
114297 3981
114298 3982
114301 3983
114301 3984
114357 3985
114357 3986
114357 3987
114357 3988
114358 3989
114372 3990
114374 3991
114393 3992
114494 3993
114494 3994
114498 3995
114499 3996
114505 3997
114604 3998
114609 3999
114613 4000
114616 4001
114620 4002
114623 4003
114625 4004
114699 4005
114714 4006
114727 4007
114729 4008
114737 4009
114743 4010
114744 4011
114745 4012
114746 4013
114747 4014
114749 4015
114752 4016
114753 4017
114754 4018
114756 4019
114829 4020
114835 4021
114836 4022
114836 4023
114837 4024
114838 4025
114839 4026
114841 4027
114841 4028
114843 4029
114845 4030
114850 4031
114850 4032
114851 4033
114851 4034
114856 4035
115086 4036
115086 4037
115098 4038
115104 4039
115105 4040
115164 4041
115166 4042
115167 4043
115168 4044
115176 4045
115178 4046
115186 4047
115187 4048
115188 4049
115194 4050
115203 4051
115245 4052
115247 4053
115247 4054
115249 4055
115250 4056
115251 4057
115253 4058
115365 4059
115365 4060
115365 4061
115365 4062
115372 4063
115374 4064
115376 4065
115377 4066
115391 4067
115501 4068
115501 4069
115506 4070
115506 4071
115506 4072
115506 4073
115508 4074
115514 4075
115587 4076
115587 4077
115588 4078
115588 4079
115590 4080
115590 4081
115591 4082
115593 4083
115594 4084
115595 4085
115595 4086
115596 4087
115596 4088
115597 4089
115597 4090
115598 4091
115599 4092
115599 4093
115600 4094
115600 4095
115682 4096
115684 4097
115685 4098
115685 4099
115686 4100
115686 4101
115687 4102
115687 4103
115688 4104
115690 4105
115691 4106
115692 4107
115692 4108
115693 4109
115695 4110
115695 4111
115697 4112
115747 4113
115766 4114
115766 4115
115766 4116
115778 4117
115782 4118
115782 4119
115786 4120
115786 4121
115787 4122
115789 4123
115794 4124
115847 4125
115852 4126
115855 4127
115858 4128
115861 4129
115861 4130
115952 4131
115953 4132
115953 4133
115953 4134
115953 4135
115953 4136
115960 4137
115963 4138
115963 4139
115965 4140
115965 4141
116012 4142
116026 4143
116027 4144
116033 4145
116035 4146
116041 4147
116089 4148
116089 4149
116089 4150
116099 4151
116126 4152
116129 4153
116130 4154
116137 4155
116154 4156
116186 4157
116222 4158
116273 4159
116273 4160
116273 4161
116293 4162
116345 4163
116345 4164
116370 4165
116378 4166
116380 4167
116380 4168
116381 4169
116454 4170
116454 4171
116454 4172
116454 4173
116454 4174
116455 4175
116465 4176
116469 4177
116472 4178
116473 4179
116474 4180
116474 4181
116477 4182
116480 4183
116486 4184
116582 4185
116585 4186
116587 4187
116587 4188
116587 4189
116588 4190
116588 4191
116589 4192
116590 4193
116591 4194
116592 4195
116597 4196
116597 4197
116603 4198
116625 4199
116645 4200
116645 4201
116645 4202
116645 4203
116646 4204
116680 4205
116682 4206
116683 4207
116732 4208
116789 4209
116790 4210
116791 4211
116792 4212
116792 4213
116792 4214
116799 4215
116802 4216
116834 4217
116839 4218
116840 4219
116846 4220
116846 4221
116882 4222
116882 4223
116882 4224
116899 4225
116902 4226
116910 4227
116911 4228
116913 4229
116914 4230
116914 4231
116914 4232
116916 4233
116917 4234
116917 4235
116918 4236
116918 4237
116919 4238
116920 4239
116924 4240
116924 4241
116924 4242
116925 4243
116928 4244
116969 4245
116969 4246
116969 4247
116969 4248
117009 4249
117012 4250
117013 4251
117014 4252
117014 4253
117014 4254
117014 4255
117015 4256
117015 4257
117015 4258
117015 4259
117015 4260
117015 4261
117015 4262
117015 4263
117018 4264
117018 4265
117018 4266
117019 4267
117019 4268
117020 4269
117021 4270
117022 4271
117022 4272
117023 4273
117025 4274
117025 4275
117025 4276
117047 4277
117100 4278
117105 4279
117105 4280
117105 4281
117107 4282
117116 4283
117123 4284
117166 4285
117173 4286
117233 4287
117234 4288
117261 4289
117261 4290
117265 4291
117265 4292
117289 4293
117321 4294
117350 4295
117350 4296
117357 4297
117364 4298
117364 4299
117372 4300
117383 4301
117386 4302
117386 4303
117386 4304
117392 4305
117393 4306
117395 4307
117409 4308
117412 4309
117414 4310
117415 4311
117459 4312
117463 4313
117465 4314
117465 4315
117465 4316
117474 4317
117475 4318
117520 4319
117521 4320
117523 4321
117529 4322
117531 4323
117535 4324
117536 4325
117539 4326
117563 4327
117564 4328
117649 4329
117652 4330
117659 4331
117662 4332
117663 4333
117753 4334
117798 4335
117806 4336
117807 4337
117807 4338
117807 4339
117809 4340
117815 4341
117816 4342
117816 4343
117820 4344
117823 4345
117826 4346
117827 4347
117838 4348
117840 4349
117889 4350
117895 4351
117946 4352
117947 4353
117955 4354
117955 4355
117958 4356
117961 4357
117961 4358
117961 4359
117962 4360
117962 4361
117962 4362
117962 4363
117962 4364
117963 4365
117963 4366
117963 4367
117966 4368
117969 4369
117969 4370
117969 4371
117972 4372
117977 4373
117981 4374
118003 4375
118006 4376
118007 4377
118042 4378
118042 4379
118042 4380
118042 4381
118048 4382
118057 4383
118076 4384
118087 4385
118140 4386
118141 4387
118141 4388
118141 4389
118141 4390
118141 4391
118142 4392
118143 4393
118149 4394
118177 4395
118187 4396
118191 4397
118192 4398
118193 4399
118193 4400
118195 4401
118195 4402
118197 4403
118200 4404
118206 4405
118210 4406
118222 4407
118224 4408
118233 4409
118243 4410
118245 4411
118296 4412
118296 4413
118297 4414
118334 4415
118336 4416
118373 4417
118379 4418
118389 4419
118413 4420
118423 4421
118427 4422
118429 4423
118433 4424
118435 4425
118437 4426
118453 4427
118505 4428
118505 4429
118505 4430
118505 4431
118506 4432
118506 4433
118507 4434
118508 4435
118509 4436
118510 4437
118539 4438
118548 4439
118554 4440
118567 4441
118567 4442
118569 4443
118574 4444
118574 4445
118575 4446
118596 4447
118601 4448
118605 4449
118637 4450
118714 4451
118731 4452
118749 4453
118758 4454
118828 4455
118830 4456
118835 4457
118837 4458
118898 4459
118924 4460
118933 4461
118933 4462
118943 4463
118944 4464
118945 4465
118946 4466
118946 4467
118946 4468
118946 4469
118947 4470
118949 4471
118949 4472
118950 4473
118950 4474
118951 4475
118951 4476
118953 4477
118954 4478
118962 4479
119027 4480
119028 4481
119029 4482
119042 4483
119043 4484
119045 4485
119045 4486
119045 4487
119046 4488
119046 4489
119046 4490
119047 4491
119047 4492
119062 4493
119063 4494
119063 4495
119068 4496
119089 4497
119096 4498
119097 4499
119130 4500
119149 4501
119150 4502
119151 4503
119177 4504
119187 4505
119202 4506
119261 4507
119345 4508
119363 4509
119367 4510
119369 4511
119369 4512
119406 4513
119468 4514
119577 4515
119578 4516
119586 4517
119592 4518
119729 4519
119730 4520
119801 4521
119801 4522
119808 4523
119809 4524
119809 4525
119837 4526
119839 4527
119840 4528
119841 4529
119843 4530
119851 4531
119852 4532
119907 4533
119908 4534
119909 4535
119912 4536
119915 4537
119916 4538
119919 4539
119919 4540
119920 4541
119922 4542
119947 4543
119954 4544
120008 4545
120056 4546
120075 4547
120078 4548
120080 4549
120197 4550
120197 4551
120198 4552
120251 4553
120427 4554
120429 4555
120444 4556
120484 4557
120485 4558
120485 4559
120485 4560
120485 4561
120486 4562
120486 4563
120486 4564
120488 4565
120494 4566
120496 4567
120497 4568
120537 4569
120537 4570
120553 4571
120565 4572
120565 4573
120573 4574
120576 4575
120576 4576
120608 4577
120609 4578
120616 4579
120619 4580
120619 4581
120622 4582
120660 4583
120673 4584
120676 4585
120677 4586
120678 4587
120683 4588
120683 4589
120689 4590
120708 4591
120708 4592
120711 4593
120712 4594
120803 4595
120806 4596
120811 4597
120853 4598
120853 4599
120910 4600
120910 4601
120913 4602
120914 4603
120915 4604
120916 4605
120917 4606
120988 4607
121004 4608
121017 4609
121072 4610
121113 4611
121113 4612
121113 4613
121113 4614
121114 4615
121115 4616
121140 4617
121141 4618
121141 4619
121146 4620
121199 4621
121228 4622
121321 4623
121323 4624
121330 4625
121385 4626
121906 4627
131757 4628
132421 4629
132421 4630
132421 4631
132422 4632
132429 4633
132545 4634
132545 4635
132554 4636
132793 4637
132850 4638
132850 4639
132957 4640
132957 4641
133217 4642
133217 4643
133218 4644
133218 4645
133218 4646
133230 4647
133236 4648
133237 4649
133238 4650
133240 4651
133242 4652
133245 4653
133246 4654
133348 4655
133349 4656
133351 4657
133351 4658
133354 4659
133354 4660
133358 4661
133369 4662
133369 4663
133413 4664
133413 4665
133414 4666
133417 4667
133421 4668
133424 4669
133478 4670
133478 4671
133619 4672
133624 4673
133641 4674
133648 4675
133691 4676
133723 4677
133782 4678
133795 4679
133795 4680
133800 4681
133801 4682
133809 4683
133815 4684
133815 4685
133862 4686
133863 4687
133870 4688
133873 4689
133940 4690
133982 4691
133984 4692
133992 4693
133994 4694
133996 4695
133998 4696
134053 4697
134064 4698
134166 4699
134166 4700
134199 4701
134325 4702
134326 4703
134326 4704
134326 4705
134326 4706
134327 4707
134331 4708
134331 4709
134332 4710
134337 4711
134338 4712
134338 4713
134340 4714
134352 4715
134376 4716
134383 4717
134477 4718
134480 4719
134482 4720
134482 4721
134483 4722
134483 4723
134487 4724
134488 4725
134489 4726
134490 4727
134653 4728
134654 4729
134658 4730
134658 4731
134659 4732
134663 4733
134739 4734
134812 4735
134813 4736
134816 4737
134817 4738
134818 4739
134820 4740
134820 4741
134825 4742
134825 4743
134825 4744
134825 4745
134846 4746
134847 4747
134848 4748
134848 4749
134849 4750
134849 4751
134851 4752
134853 4753
134854 4754
134908 4755
135073 4756
135073 4757
135075 4758
135075 4759
135076 4760
135078 4761
135080 4762
135082 4763
135083 4764
135086 4765
135086 4766
135087 4767
135188 4768
135195 4769
135202 4770
135205 4771
135209 4772
135211 4773
135212 4774
135212 4775
135213 4776
135214 4777
135217 4778
135237 4779
135243 4780
135247 4781
135279 4782
135285 4783
135289 4784
135292 4785
135293 4786
135295 4787
135298 4788
135298 4789
135302 4790
135303 4791
135418 4792
135419 4793
135424 4794
135457 4795
135462 4796
135464 4797
135465 4798
135468 4799
135471 4800
135473 4801
135478 4802
135511 4803
135547 4804
135614 4805
135617 4806
135622 4807
135626 4808
135627 4809
135627 4810
135628 4811
135633 4812
135634 4813
135635 4814
135657 4815
135663 4816
135665 4817
135665 4818
135670 4819
135675 4820
135676 4821
135677 4822
135683 4823
135688 4824
135692 4825
135693 4826
135693 4827
135693 4828
135695 4829
135703 4830
135704 4831
135704 4832
135704 4833
135704 4834
135705 4835
135705 4836
135705 4837
135705 4838
135705 4839
135705 4840
135706 4841
135708 4842
135746 4843
135753 4844
135821 4845
135821 4846
135821 4847
135822 4848
135822 4849
135822 4850
135822 4851
135822 4852
135843 4853
135847 4854
135849 4855
135875 4856
135878 4857
135879 4858
135880 4859
135882 4860
135884 4861
135887 4862
135901 4863
135904 4864
136001 4865
136017 4866
136017 4867
136018 4868
136025 4869
136029 4870
136038 4871
136050 4872
136053 4873
136056 4874
136058 4875
136058 4876
136058 4877
136059 4878
136059 4879
136061 4880
136062 4881
136062 4882
136063 4883
136065 4884
136068 4885
136068 4886
136069 4887
136071 4888
136072 4889
136082 4890
136082 4891
136173 4892
136220 4893
136230 4894
136231 4895
136232 4896
136233 4897
136233 4898
136233 4899
136234 4900
136234 4901
136236 4902
136289 4903
136293 4904
136293 4905
136294 4906
136382 4907
136393 4908
136399 4909
136403 4910
136403 4911
136405 4912
136406 4913
136410 4914
136410 4915
136411 4916
136413 4917
136424 4918
136433 4919
136433 4920
136437 4921
136438 4922
136468 4923
136505 4924
136509 4925
136510 4926
136513 4927
136518 4928
136518 4929
136523 4930
136524 4931
136526 4932
136529 4933
136530 4934
136530 4935
136532 4936
136534 4937
136537 4938
136537 4939
136597 4940
136597 4941
136601 4942
136601 4943
136601 4944
136602 4945
136617 4946
136617 4947
136618 4948
136635 4949
136643 4950
136646 4951
136651 4952
136652 4953
136656 4954
136664 4955
136666 4956
136669 4957
136671 4958
136676 4959
136676 4960
136678 4961
136678 4962
136679 4963
136679 4964
136683 4965
136703 4966
136709 4967
136709 4968
136713 4969
136739 4970
136773 4971
136777 4972
136813 4973
136814 4974
136814 4975
136815 4976
136815 4977
136815 4978
136815 4979
136819 4980
136827 4981
136833 4982
136833 4983
136836 4984
136840 4985
136840 4986
136841 4987
136841 4988
136842 4989
136843 4990
136857 4991
136890 4992
136892 4993
136894 4994
136916 4995
136917 4996
136921 4997
136926 4998
136927 4999
136932 5000
136933 5001
136933 5002
136983 5003
136985 5004
137042 5005
137053 5006
137058 5007
137059 5008
137059 5009
137065 5010
137068 5011
137069 5012
137074 5013
137081 5014
137081 5015
137082 5016
137082 5017
137125 5018
137134 5019
137190 5020
137197 5021
137212 5022
137213 5023
137213 5024
137213 5025
137214 5026
137218 5027
137220 5028
137223 5029
137226 5030
137266 5031
137269 5032
137275 5033
137276 5034
137279 5035
137280 5036
137309 5037
137311 5038
137314 5039
137315 5040
137319 5041
137321 5042
137322 5043
137328 5044
137345 5045
137378 5046
137378 5047
137378 5048
137379 5049
137379 5050
137379 5051
137379 5052
137379 5053
137379 5054
137384 5055
137421 5056
137421 5057
137422 5058
137435 5059
137438 5060
137441 5061
137442 5062
137443 5063
137447 5064
137449 5065
137463 5066
137518 5067
137527 5068
137585 5069
137588 5070
137599 5071
137601 5072
137610 5073
137637 5074
137637 5075
137638 5076
137690 5077
137709 5078
137749 5079
137750 5080
137751 5081
137753 5082
137754 5083
137755 5084
137758 5085
137805 5086
137811 5087
137813 5088
137817 5089
137857 5090
137860 5091
137889 5092
137921 5093
137921 5094
137924 5095
137928 5096
137930 5097
137930 5098
137931 5099
137931 5100
137971 5101
137973 5102
138018 5103
138019 5104
138019 5105
138021 5106
138026 5107
138028 5108
138065 5109
138093 5110
138100 5111
138176 5112
138179 5113
138185 5114
138201 5115
138201 5116
138206 5117
138206 5118
138207 5119
138207 5120
138273 5121
138293 5122
138294 5123
138297 5124
138301 5125
138306 5126
138307 5127
138368 5128
138369 5129
138376 5130
138429 5131
138443 5132
138523 5133
138523 5134
138531 5135
138532 5136
138532 5137
138532 5138
138532 5139
138532 5140
138534 5141
138536 5142
138537 5143
138538 5144
138540 5145
138546 5146
138621 5147
138621 5148
138622 5149
138625 5150
138625 5151
138626 5152
138626 5153
138641 5154
138657 5155
138657 5156
138658 5157
138658 5158
138659 5159
138659 5160
138659 5161
138661 5162
138664 5163
138665 5164
138666 5165
138667 5166
138667 5167
138667 5168
138668 5169
138669 5170
138670 5171
138672 5172
138673 5173
138677 5174
138680 5175
138681 5176
138682 5177
138682 5178
138682 5179
138683 5180
138684 5181
138686 5182
138688 5183
138688 5184
138688 5185
138696 5186
138733 5187
138745 5188
138757 5189
138757 5190
138758 5191
138761 5192
138889 5193
138927 5194
139021 5195
139063 5196
139070 5197
139072 5198
139075 5199
139245 5200
139246 5201
139247 5202
139247 5203
139247 5204
139251 5205
139252 5206
139254 5207
139254 5208
139256 5209
139257 5210
139257 5211
139259 5212
139261 5213
139261 5214
139261 5215
139261 5216
139261 5217
139267 5218
139282 5219
139418 5220
139517 5221
139521 5222
139522 5223
139524 5224
139525 5225
139525 5226
139527 5227
139528 5228
139532 5229
139693 5230
139747 5231
139847 5232
139851 5233
139861 5234
139999 5235
140004 5236
140007 5237
140009 5238
140010 5239
140010 5240
140126 5241
140128 5242
140129 5243
140130 5244
140136 5245
140316 5246
140317 5247
140328 5248
140464 5249
140464 5250
140465 5251
140465 5252
140466 5253
140466 5254
140466 5255
140473 5256
140577 5257
140591 5258
140607 5259
140648 5260
140686 5261
140748 5262
140762 5263
140821 5264
140824 5265
140826 5266
140833 5267
140868 5268
140871 5269
140881 5270
140958 5271
141021 5272
141026 5273
141041 5274
141045 5275
141073 5276
141073 5277
141074 5278
141075 5279
141076 5280
141077 5281
141077 5282
141078 5283
141078 5284
141079 5285
141081 5286
141082 5287
141083 5288
141085 5289
141085 5290
141085 5291
141086 5292
141087 5293
141090 5294
141093 5295
141093 5296
141094 5297
141095 5298
141146 5299
141148 5300
141181 5301
141241 5302
141249 5303
141317 5304
141318 5305
141318 5306
141318 5307
141318 5308
141318 5309
141322 5310
141331 5311
141361 5312
141361 5313
141374 5314
141377 5315
141379 5316
141385 5317
141387 5318
141392 5319
141392 5320
141394 5321
141539 5322
141570 5323
141570 5324
141581 5325
141593 5326
141595 5327
141600 5328
141604 5329
141684 5330
141758 5331
141759 5332
141759 5333
141762 5334
141765 5335
141840 5336
141841 5337
141847 5338
141897 5339
141897 5340
141910 5341
141939 5342
141940 5343
141941 5344
141947 5345
141948 5346
141949 5347
142156 5348
142254 5349
142268 5350
142281 5351
142282 5352
142377 5353
142469 5354
142529 5355
142531 5356
142535 5357
142536 5358
142540 5359
142542 5360
142550 5361
142558 5362
142558 5363
142559 5364
142559 5365
142559 5366
142559 5367
142559 5368
142559 5369
142560 5370
142635 5371
142794 5372
142798 5373
142974 5374
142976 5375
142977 5376
142983 5377
143025 5378
143025 5379
143505 5380
