27705 1
27709 2
27713 3
28336 4
28348 5
28706 6
28707 7
28714 8
29031 9
29079 10
29081 11
29379 12
29380 13
29381 14
29384 15
29390 16
29392 17
29394 18
29394 19
29402 20
29614 21
29620 22
29630 23
29709 24
29709 25
29709 26
29711 27
29711 28
29721 29
29723 30
29771 31
29848 32
29848 33
29848 34
29848 35
29893 36
29894 37
29915 38
29918 39
29920 40
29920 41
29930 42
30085 43
30085 44
30085 45
30095 46
30096 47
30096 48
30096 49
30096 50
30096 51
30103 52
30107 53
30135 54
30136 55
30136 56
30137 57
30138 58
30139 59
30141 60
30142 61
30159 62
30159 63
30175 64
30176 65
30176 66
30261 67
30268 68
30342 69
30346 70
30535 71
30643 72
30644 73
30698 74
30701 75
30705 76
30708 77
30711 78
30712 79
30740 80
30744 81
30753 82
30754 83
30765 84
30767 85
31127 86
37648 87
37652 88
37656 89
37660 90
37660 91
38445 92
38446 93
38446 94
38449 95
38450 96
38451 97
38451 98
38452 99
38452 100
38453 101
38454 102
38455 103
38456 104
38458 105
38459 106
38459 107
38459 108
38460 109
38461 110
38462 111
38614 112
38615 113
38620 114
38626 115
38706 116
38708 117
38717 118
38721 119
38721 120
38768 121
38768 122
38770 123
38774 124
38776 125
38791 126
38795 127
38797 128
38804 129
38816 130
38819 131
38845 132
38931 133
39017 134
39022 135
39029 136
39052 137
39053 138
39061 139
39063 140
39065 141
39224 142
39237 143
39264 144
39266 145
39357 146
39357 147
39357 148
39357 149
39388 150
39423 151
39425 152
39426 153
39434 154
39436 155
39447 156
39448 157
39589 158
39589 159
39609 160
39611 161
39630 162
39729 163
39865 164
39960 165
39972 166
39976 167
39980 168
39980 169
39982 170
40000 171
40000 172
40000 173
40016 174
40185 175
40185 176
40185 177
40185 178
40188 179
40194 180
40197 181
40197 182
40260 183
40260 184
40356 185
40494 186
40494 187
40503 188
40506 189
40506 190
40525 191
40573 192
40860 193
40872 194
41004 195
41065 196
41067 197
41068 198
41070 199
41072 200
41076 201
41076 202
41077 203
41080 204
41084 205
41153 206
41159 207
41168 208
41170 209
41171 210
41171 211
41171 212
41326 213
41327 214
41330 215
41334 216
41337 217
41339 218
41392 219
41392 220
41392 221
41392 222
41393 223
41393 224
41393 225
41393 226
41393 227
41393 228
41421 229
41424 230
41425 231
41426 232
41426 233
41434 234
41447 235
41447 236
41448 237
41451 238
41456 239
41459 240
41465 241
41490 242
41493 243
41527 244
41571 245
41573 246
41590 247
41605 248
41644 249
41644 250
41649 251
41654 252
41737 253
41741 254
41742 255
41742 256
41743 257
41746 258
41748 259
41750 260
41750 261
41751 262
41754 263
41769 264
41792 265
41798 266
41799 267
41805 268
41806 269
41808 270
41827 271
41831 272
41941 273
41942 274
41944 275
41948 276
41949 277
41950 278
41950 279
41951 280
41951 281
41956 282
41958 283
42000 284
42004 285
42012 286
42019 287
42191 288
42246 289
42248 290
42249 291
42251 292
42253 293
42254 294
42256 295
42257 296
42257 297
42260 298
42260 299
42261 300
42262 301
42398 302
42398 303
42571 304
42574 305
42574 306
42574 307
42575 308
42577 309
42577 310
42577 311
42578 312
42578 313
42579 314
42579 315
42579 316
42581 317
42582 318
42583 319
42584 320
42584 321
42585 322
42585 323
42586 324
42586 325
42588 326
42633 327
42639 328
42700 329
42708 330
42708 331
42715 332
42735 333
42961 334
43017 335
43019 336
43028 337
43067 338
43070 339
43098 340
43104 341
43143 342
43191 343
43193 344
43195 345
43198 346
43202 347
43203 348
43236 349
43315 350
43342 351
43364 352
43512 353
43512 354
43664 355
43688 356
43736 357
43840 358
44083 359
44083 360
44090 361
44097 362
44098 363
44180 364
44229 365
44318 366
44325 367
44335 368
44339 369
44387 370
44388 371
44391 372
44392 373
44392 374
44399 375
44564 376
44572 377
44694 378
44694 379
44700 380
44700 381
44701 382
44716 383
44716 384
44720 385
44840 386
44840 387
44865 388
44897 389
44903 390
44936 391
45064 392
45064 393
45064 394
45064 395
45064 396
45166 397
45166 398
69401 399
69402 400
70079 401
70081 402
70090 403
70090 404
70090 405
70091 406
70094 407
70094 408
70200 409
70206 410
70210 411
70219 412
70270 413
70272 414
70275 415
70281 416
70285 417
70457 418
70491 419
70491 420
70544 421
70604 422
70615 423
70735 424
70736 425
70741 426
70747 427
70830 428
70837 429
70841 430
70842 431
70843 432
70845 433
70846 434
70974 435
71008 436
71016 437
71016 438
71211 439
71212 440
71221 441
71222 442
71225 443
71272 444
71274 445
71283 446
71283 447
71283 448
71364 449
71369 450
71388 451
71556 452
71556 453
71556 454
71561 455
71561 456
71561 457
71594 458
71604 459
71606 460
71607 461
71607 462
71607 463
71608 464
71609 465
71629 466
71638 467
71639 468
71642 469
71645 470
71645 471
71646 472
71647 473
71649 474
71652 475
71652 476
71655 477
71655 478
71655 479
71656 480
71656 481
71656 482
71656 483
71719 484
71760 485
71768 486
71776 487
71776 488
71784 489
71785 490
71832 491
71844 492
71891 493
71893 494
71895 495
71895 496
71895 497
71898 498
71898 499
71903 500
71903 501
71903 502
71906 503
71906 504
71943 505
71952 506
71955 507
71988 508
71988 509
71993 510
71993 511
71993 512
71993 513
71993 514
71993 515
72006 516
72038 517
72046 518
72048 519
72049 520
72054 521
72062 522
72062 523
72063 524
72063 525
72068 526
72093 527
72097 528
72101 529
72118 530
72155 531
72159 532
72203 533
72204 534
72205 535
72206 536
72206 537
72207 538
72209 539
72210 540
72211 541
72212 542
72212 543
72213 544
72213 545
72214 546
72216 547
72216 548
72217 549
72217 550
72220 551
72222 552
72239 553
72240 554
72244 555
72260 556
72264 557
72278 558
72308 559
72308 560
72308 561
72308 562
72309 563
72309 564
72309 565
72309 566
72309 567
72320 568
72328 569
72331 570
72331 571
72331 572
72333 573
72333 574
72340 575
72340 576
72340 577
72341 578
72342 579
72342 580
72344 581
72345 582
72349 583
72352 584
72352 585
72354 586
72414 587
72443 588
72447 589
72516 590
72516 591
72516 592
72538 593
72576 594
72576 595
72576 596
72587 597
72642 598
72644 599
72644 600
72644 601
72644 602
72645 603
72646 604
72648 605
72649 606
72649 607
72650 608
72651 609
72654 610
72654 611
72655 612
72655 613
72655 614
72656 615
72657 616
72658 617
72658 618
72659 619
72670 620
72670 621
72670 622
72673 623
72712 624
72712 625
72713 626
72713 627
72731 628
72731 629
72732 630
72735 631
72736 632
72737 633
72740 634
72746 635
72832 636
72832 637
72836 638
72837 639
72837 640
72842 641
72843 642
72843 643
72843 644
72844 645
72872 646
72872 647
72872 648
72872 649
72873 650
72876 651
72880 652
72888 653
72888 654
72888 655
72925 656
72927 657
72927 658
72928 659
72930 660
72937 661
72957 662
72962 663
72966 664
72966 665
72967 666
72968 667
72969 668
72969 669
72973 670
72974 671
72976 672
72976 673
72979 674
72980 675
73050 676
73212 677
73229 678
73231 679
73240 680
73240 681
73243 682
73243 683
73244 684
73249 685
73249 686
73249 687
73250 688
73252 689
73256 690
73256 691
73258 692
73364 693
73368 694
73420 695
73447 696
73458 697
73460 698
73476 699
73499 700
73531 701
73544 702
73560 703
73560 704
73560 705
73560 706
73561 707
73561 708
73562 709
73563 710
73564 711
73565 712
73693 713
73694 714
73707 715
73716 716
73764 717
73846 718
73853 719
73864 720
73864 721
73864 722
73865 723
73865 724
73869 725
73888 726
73889 727
73889 728
73890 729
73890 730
73893 731
73897 732
73898 733
73900 734
73901 735
73902 736
74032 737
74040 738
74040 739
74047 740
74053 741
74089 742
74092 743
74101 744
74108 745
74210 746
74211 747
74220 748
74223 749
74226 750
74227 751
74232 752
74232 753
74232 754
74251 755
74262 756
74264 757
74276 758
74307 759
74397 760
74402 761
74403 762
74405 763
74405 764
74405 765
74406 766
74406 767
74421 768
74432 769
74447 770
74484 771
74525 772
74562 773
74562 774
74564 775
74565 776
74565 777
74566 778
74567 779
74567 780
74572 781
74575 782
74576 783
74577 784
74578 785
74584 786
74593 787
74613 788
74613 789
74620 790
74621 791
74622 792
74690 793
74695 794
74702 795
74708 796
74709 797
74709 798
74709 799
74710 800
74710 801
74710 802
74710 803
74718 804
74719 805
74729 806
74809 807
74816 808
74816 809
74816 810
74823 811
74829 812
74864 813
74869 814
74872 815
74879 816
74883 817
74898 818
74900 819
74956 820
74981 821
74986 822
74988 823
74991 824
74995 825
74995 826
74995 827
75001 828
75076 829
75090 830
75151 831
75157 832
75158 833
75158 834
75166 835
75170 836
75175 837
75183 838
75186 839
75186 840
75231 841
75231 842
75258 843
75261 844
75262 845
75263 846
75263 847
75264 848
75265 849
75266 850
75267 851
75268 852
75269 853
75270 854
75270 855
75270 856
75273 857
75274 858
75274 859
75340 860
75354 861
75358 862
75359 863
75359 864
75359 865
75360 866
75361 867
75362 868
75363 869
75363 870
75364 871
75366 872
75369 873
75370 874
75370 875
75401 876
75402 877
75403 878
75405 879
75407 880
75407 881
75407 882
75407 883
75408 884
75409 885
75410 886
75412 887
75412 888
75414 889
75436 890
75442 891
75534 892
75537 893
75537 894
75540 895
75541 896
75545 897
75547 898
75561 899
75568 900
75571 901
75577 902
75579 903
75586 904
75638 905
75708 906
75708 907
75708 908
75711 909
75730 910
75730 911
75730 912
75734 913
75738 914
75772 915
75781 916
75784 917
75822 918
75827 919
75830 920
75903 921
75910 922
75922 923
75924 924
75924 925
75924 926
75926 927
75928 928
75928 929
75931 930
75932 931
75932 932
75932 933
75934 934
75937 935
75937 936
75937 937
75939 938
75984 939
75993 940
76002 941
76051 942
76052 943
76053 944
76056 945
76056 946
76065 947
76066 948
76066 949
76080 950
76080 951
76080 952
76080 953
76085 954
76089 955
76152 956
76156 957
76158 958
76165 959
76168 960
76168 961
76172 962
76172 963
76172 964
76172 965
76172 966
76177 967
76198 968
76224 969
76224 970
76233 971
76280 972
76280 973
76295 974
76299 975
76303 976
76344 977
76350 978
76373 979
76378 980
76381 981
76381 982
76381 983
76382 984
76382 985
76383 986
76383 987
76384 988
76388 989
76388 990
76391 991
76395 992
76398 993
76406 994
76406 995
76429 996
76446 997
76448 998
76452 999
76453 1000
76453 1001
76454 1002
76456 1003
76458 1004
76458 1005
76462 1006
76463 1007
76465 1008
76540 1009
76540 1010
76540 1011
76638 1012
76645 1013
76656 1014
76656 1015
76660 1016
76665 1017
76668 1018
76668 1019
76704 1020
76704 1021
76736 1022
76738 1023
76740 1024
76740 1025
76741 1026
76741 1027
76744 1028
76747 1029
76748 1030
76776 1031
76794 1032
76803 1033
76815 1034
76828 1035
76842 1036
76842 1037
76844 1038
76845 1039
76845 1040
76845 1041
76845 1042
76849 1043
76850 1044
76853 1045
76860 1046
76866 1047
76874 1048
76881 1049
76885 1050
76888 1051
76891 1052
76904 1053
76904 1054
76904 1055
76904 1056
76905 1057
76905 1058
76905 1059
76905 1060
76907 1061
76909 1062
76913 1063
76919 1064
76932 1065
76932 1066
76933 1067
76936 1068
76937 1069
76937 1070
76941 1071
76942 1072
76944 1073
76946 1074
77000 1075
77000 1076
77000 1077
77002 1078
77002 1079
77004 1080
77004 1081
77004 1082
77025 1083
77035 1084
77097 1085
77097 1086
77103 1087
77103 1088
77104 1089
77106 1090
77107 1091
77107 1092
77108 1093
77110 1094
77111 1095
77113 1096
77117 1097
77125 1098
77128 1099
77130 1100
77133 1101
77180 1102
77184 1103
77187 1104
77212 1105
77227 1106
77236 1107
77236 1108
77236 1109
77236 1110
77237 1111
77237 1112
77239 1113
77239 1114
77240 1115
77242 1116
77242 1117
77242 1118
77242 1119
77243 1120
77249 1121
77249 1122
77252 1123
77268 1124
77270 1125
77282 1126
77282 1127
77283 1128
77291 1129
77297 1130
77298 1131
77303 1132
77345 1133
77350 1134
77355 1135
77359 1136
77360 1137
77360 1138
77362 1139
77366 1140
77367 1141
77388 1142
77388 1143
77397 1144
77398 1145
77399 1146
77399 1147
77400 1148
77401 1149
77404 1150
77408 1151
77408 1152
77408 1153
77411 1154
77468 1155
77472 1156
77474 1157
77478 1158
77479 1159
77480 1160
77480 1161
77481 1162
77483 1163
77504 1164
77505 1165
77509 1166
77509 1167
77512 1168
77521 1169
77550 1170
77558 1171
77564 1172
77564 1173
77568 1174
77568 1175
77590 1176
77608 1177
77620 1178
77633 1179
77704 1180
77758 1181
77760 1182
77760 1183
77761 1184
77761 1185
77761 1186
77792 1187
77854 1188
77864 1189
77878 1190
77897 1191
77902 1192
77908 1193
77910 1194
77939 1195
77995 1196
77999 1197
78046 1198
78048 1199
78051 1200
78051 1201
78052 1202
78053 1203
78053 1204
78056 1205
78057 1206
78064 1207
78088 1208
78099 1209
78099 1210
78101 1211
78101 1212
78101 1213
78111 1214
78252 1215
78252 1216
78252 1217
78252 1218
78294 1219
78299 1220
78302 1221
78305 1222
78307 1223
78307 1224
78423 1225
78458 1226
78486 1227
78487 1228
78496 1229
78498 1230
78499 1231
78529 1232
78578 1233
86840 1234
86849 1235
87932 1236
87932 1237
87933 1238
87937 1239
87937 1240
87938 1241
87938 1242
87938 1243
87938 1244
87938 1245
87938 1246
87938 1247
87939 1248
87939 1249
87939 1250
87945 1251
87948 1252
88247 1253
88251 1254
88345 1255
88345 1256
88349 1257
88350 1258
88354 1259
88355 1260
88841 1261
88849 1262
88851 1263
88920 1264
88931 1265
88934 1266
88999 1267
89000 1268
89001 1269
89002 1270
89003 1271
89003 1272
89004 1273
89004 1274
89005 1275
89006 1276
89006 1277
89007 1278
89007 1279
89008 1280
89009 1281
89010 1282
89011 1283
89068 1284
89068 1285
89069 1286
89078 1287
89087 1288
89191 1289
89200 1290
89203 1291
89219 1292
89220 1293
89221 1294
89224 1295
89225 1296
89226 1297
89229 1298
89257 1299
89259 1300
89259 1301
89262 1302
89263 1303
89264 1304
89267 1305
89267 1306
89272 1307
89330 1308
89335 1309
89339 1310
89340 1311
89343 1312
89344 1313
89344 1314
89345 1315
89347 1316
89348 1317
89350 1318
89352 1319
89365 1320
89440 1321
89444 1322
89456 1323
89460 1324
89464 1325
89465 1326
89468 1327
89470 1328
89473 1329
89476 1330
89485 1331
89510 1332
89544 1333
89544 1334
89545 1335
89552 1336
89553 1337
89554 1338
89556 1339
89557 1340
89559 1341
89560 1342
89560 1343
89560 1344
89561 1345
89564 1346
89565 1347
89565 1348
89566 1349
89568 1350
89568 1351
89660 1352
89669 1353
89672 1354
89685 1355
89728 1356
89730 1357
89739 1358
89840 1359
89844 1360
89847 1361
89848 1362
89849 1363
89849 1364
89850 1365
89851 1366
89872 1367
89875 1368
89884 1369
89926 1370
89928 1371
89931 1372
89932 1373
89932 1374
89933 1375
89933 1376
89936 1377
89936 1378
89936 1379
89936 1380
89938 1381
89941 1382
89942 1383
89942 1384
89942 1385
89966 1386
89986 1387
89987 1388
89989 1389
89990 1390
89990 1391
89991 1392
89996 1393
89996 1394
89996 1395
89997 1396
89997 1397
89998 1398
89999 1399
90000 1400
90066 1401
90067 1402
90069 1403
90069 1404
90070 1405
90074 1406
90074 1407
90075 1408
90076 1409
90077 1410
90079 1411
90081 1412
90084 1413
90086 1414
90087 1415
90087 1416
90101 1417
90147 1418
90148 1419
90148 1420
90151 1421
90155 1422
90159 1423
90176 1424
90184 1425
90186 1426
90208 1427
90216 1428
90216 1429
90217 1430
90217 1431
90220 1432
90220 1433
90221 1434
90221 1435
90235 1436
90299 1437
90304 1438
90312 1439
90317 1440
90347 1441
90353 1442
90360 1443
90368 1444
90368 1445
90369 1446
90380 1447
90392 1448
90397 1449
90399 1450
90400 1451
90400 1452
90401 1453
90401 1454
90401 1455
90401 1456
90409 1457
90426 1458
90428 1459
90429 1460
90429 1461
90432 1462
90435 1463
90437 1464
90437 1465
90440 1466
90476 1467
90476 1468
90477 1469
90477 1470
90487 1471
90502 1472
90504 1473
90505 1474
90506 1475
90512 1476
90512 1477
90516 1478
90584 1479
90584 1480
90588 1481
90605 1482
90605 1483
90605 1484
90606 1485
90648 1486
90685 1487
90695 1488
90696 1489
90696 1490
90697 1491
90697 1492
90697 1493
90697 1494
90698 1495
90700 1496
90701 1497
90703 1498
90706 1499
90710 1500
90715 1501
90725 1502
90727 1503
90783 1504
90785 1505
90793 1506
90797 1507
90798 1508
90799 1509
90799 1510
90801 1511
90802 1512
90808 1513
90808 1514
90809 1515
90881 1516
90881 1517
90881 1518
90882 1519
90882 1520
90882 1521
90882 1522
90882 1523
90882 1524
90883 1525
90887 1526
90887 1527
90889 1528
90889 1529
90890 1530
90922 1531
90929 1532
90929 1533
90930 1534
90934 1535
90975 1536
90977 1537
90978 1538
90978 1539
90980 1540
90983 1541
90986 1542
90988 1543
90988 1544
90988 1545
90988 1546
90989 1547
90990 1548
90991 1549
90992 1550
90992 1551
90994 1552
90996 1553
90996 1554
90998 1555
91000 1556
91080 1557
91083 1558
91088 1559
91088 1560
91100 1561
91143 1562
91166 1563
91168 1564
91171 1565
91174 1566
91177 1567
91179 1568
91179 1569
91180 1570
91183 1571
91184 1572
91188 1573
91190 1574
91192 1575
91208 1576
91216 1577
91232 1578
91252 1579
91253 1580
91253 1581
91253 1582
91256 1583
91320 1584
91320 1585
91320 1586
91321 1587
91349 1588
91350 1589
91350 1590
91354 1591
91367 1592
91429 1593
91429 1594
91468 1595
91471 1596
91473 1597
91476 1598
91513 1599
91523 1600
91524 1601
91525 1602
91525 1603
91526 1604
91526 1605
91529 1606
91531 1607
91534 1608
91535 1609
91535 1610
91537 1611
91543 1612
91632 1613
91633 1614
91633 1615
91648 1616
91648 1617
91649 1618
91649 1619
91649 1620
91649 1621
91660 1622
91674 1623
91675 1624
91676 1625
91676 1626
91676 1627
91677 1628
91677 1629
91677 1630
91677 1631
91680 1632
91681 1633
91683 1634
91687 1635
91696 1636
91698 1637
91698 1638
91700 1639
91700 1640
91702 1641
91704 1642
91707 1643
91709 1644
91710 1645
91767 1646
91770 1647
91796 1648
91799 1649
91818 1650
91851 1651
91866 1652
91867 1653
91869 1654
91879 1655
91931 1656
91970 1657
91977 1658
91978 1659
91979 1660
91980 1661
91980 1662
91992 1663
91992 1664
92043 1665
92046 1666
92050 1667
92053 1668
92058 1669
92059 1670
92060 1671
92079 1672
92079 1673
92082 1674
92082 1675
92085 1676
92086 1677
92086 1678
92108 1679
92128 1680
92129 1681
92129 1682
92168 1683
92168 1684
92169 1685
92201 1686
92202 1687
92204 1688
92204 1689
92205 1690
92207 1691
92208 1692
92210 1693
92213 1694
92213 1695
92224 1696
92231 1697
92235 1698
92235 1699
92280 1700
92341 1701
92343 1702
92344 1703
92346 1704
92347 1705
92350 1706
92353 1707
92356 1708
92356 1709
92357 1710
92375 1711
92379 1712
92385 1713
92397 1714
92397 1715
92397 1716
92401 1717
92403 1718
92405 1719
92408 1720
92408 1721
92408 1722
92409 1723
92413 1724
92415 1725
92416 1726
92417 1727
92421 1728
92423 1729
92425 1730
92425 1731
92426 1732
92429 1733
92429 1734
92431 1735
92443 1736
92444 1737
92444 1738
92445 1739
92447 1740
92452 1741
92455 1742
92456 1743
92511 1744
92512 1745
92515 1746
92523 1747
92536 1748
92540 1749
92540 1750
92544 1751
92560 1752
92573 1753
92576 1754
92576 1755
92579 1756
92580 1757
92583 1758
92584 1759
92589 1760
92611 1761
92617 1762
92619 1763
92624 1764
92669 1765
92672 1766
92674 1767
92675 1768
92676 1769
92679 1770
92679 1771
92682 1772
92684 1773
92776 1774
92777 1775
92777 1776
92777 1777
92777 1778
92777 1779
92777 1780
92780 1781
92783 1782
92783 1783
92786 1784
92786 1785
92799 1786
92804 1787
92806 1788
92829 1789
92850 1790
92861 1791
92974 1792
92981 1793
92981 1794
92982 1795
92988 1796
92993 1797
92999 1798
93000 1799
93030 1800
93036 1801
93036 1802
93045 1803
93045 1804
93048 1805
93067 1806
93069 1807
93077 1808
93132 1809
93132 1810
93133 1811
93136 1812
93139 1813
93139 1814
93146 1815
93148 1816
93153 1817
93158 1818
93163 1819
93181 1820
93189 1821
93342 1822
93367 1823
93429 1824
93434 1825
93434 1826
93435 1827
93436 1828
93437 1829
93437 1830
93438 1831
93438 1832
93439 1833
93440 1834
93440 1835
93441 1836
93441 1837
93442 1838
93443 1839
93444 1840
93445 1841
93445 1842
93446 1843
93448 1844
93448 1845
93450 1846
93459 1847
93460 1848
93468 1849
93470 1850
93620 1851
93667 1852
93669 1853
93671 1854
93677 1855
93753 1856
93756 1857
93760 1858
93766 1859
93771 1860
93773 1861
93820 1862
93855 1863
93886 1864
93886 1865
93889 1866
93890 1867
93890 1868
93890 1869
93890 1870
93894 1871
93894 1872
93896 1873
93896 1874
93896 1875
93898 1876
93899 1877
93901 1878
94024 1879
94056 1880
94059 1881
94068 1882
94129 1883
94131 1884
94224 1885
94225 1886
94227 1887
94230 1888
94233 1889
94234 1890
94237 1891
94242 1892
94242 1893
94243 1894
94287 1895
94296 1896
94332 1897
94332 1898
94336 1899
94338 1900
94423 1901
94504 1902
94509 1903
94509 1904
94512 1905
94514 1906
94516 1907
94516 1908
94518 1909
94520 1910
94606 1911
94609 1912
94612 1913
94617 1914
94619 1915
94633 1916
94637 1917
94640 1918
94675 1919
94684 1920
94685 1921
94696 1922
94704 1923
94712 1924
94712 1925
94742 1926
94750 1927
94778 1928
94796 1929
94824 1930
94825 1931
94825 1932
94825 1933
94833 1934
94858 1935
94859 1936
94859 1937
94861 1938
94870 1939
94875 1940
94881 1941
94883 1942
94889 1943
94893 1944
94893 1945
94894 1946
94894 1947
94896 1948
94902 1949
94904 1950
94910 1951
94920 1952
94921 1953
94972 1954
94979 1955
95018 1956
95018 1957
95022 1958
95023 1959
95029 1960
95035 1961
95042 1962
95045 1963
95192 1964
95193 1965
95193 1966
95193 1967
95193 1968
95193 1969
95193 1970
95193 1971
95193 1972
95194 1973
95194 1974
95200 1975
95214 1976
95242 1977
95247 1978
95440 1979
95446 1980
95450 1981
95501 1982
95501 1983
95502 1984
95502 1985
95502 1986
95502 1987
95502 1988
95502 1989
95502 1990
95502 1991
95509 1992
95510 1993
95510 1994
95510 1995
95514 1996
95514 1997
95526 1998
95528 1999
95530 2000
95531 2001
95532 2002
95533 2003
95535 2004
95634 2005
95735 2006
95736 2007
95736 2008
95740 2009
95744 2010
95745 2011
95752 2012
95825 2013
95836 2014
95844 2015
95844 2016
95845 2017
95845 2018
95849 2019
95853 2020
95854 2021
95927 2022
95927 2023
95928 2024
95929 2025
95934 2026
95936 2027
95936 2028
95980 2029
95981 2030
95981 2031
95981 2032
95981 2033
95981 2034
95986 2035
96005 2036
96007 2037
96007 2038
96007 2039
96009 2040
96009 2041
96011 2042
96013 2043
96013 2044
96016 2045
96016 2046
96021 2047
96088 2048
96089 2049
96099 2050
96139 2051
96147 2052
96148 2053
96149 2054
96151 2055
96153 2056
96153 2057
96156 2058
96157 2059
96159 2060
96192 2061
96200 2062
96200 2063
96201 2064
96204 2065
96305 2066
96306 2067
96310 2068
96311 2069
96311 2070
96312 2071
96325 2072
96389 2073
96390 2074
96395 2075
96483 2076
96484 2077
96485 2078
96494 2079
96528 2080
96547 2081
96576 2082
96576 2083
96577 2084
96577 2085
96577 2086
96577 2087
96579 2088
96586 2089
96669 2090
96672 2091
96675 2092
96689 2093
96691 2094
96698 2095
96712 2096
96713 2097
96713 2098
96713 2099
96713 2100
96800 2101
96803 2102
96804 2103
96804 2104
96805 2105
96806 2106
96806 2107
96809 2108
96812 2109
96815 2110
96816 2111
96819 2112
96819 2113
96819 2114
96819 2115
96819 2116
96820 2117
96821 2118
96823 2119
96823 2120
96828 2121
96828 2122
96829 2123
96831 2124
96831 2125
96832 2126
96841 2127
96889 2128
96904 2129
96905 2130
96971 2131
96974 2132
96982 2133
97055 2134
97057 2135
97058 2136
97072 2137
97073 2138
97073 2139
97073 2140
97073 2141
97080 2142
97086 2143
97100 2144
97166 2145
97175 2146
97175 2147
97202 2148
97205 2149
97210 2150
97211 2151
97224 2152
97263 2153
97264 2154
97265 2155
97268 2156
97270 2157
97275 2158
97276 2159
97277 2160
97278 2161
97336 2162
97348 2163
97349 2164
97350 2165
97350 2166
97350 2167
97351 2168
97351 2169
97351 2170
97351 2171
97351 2172
97351 2173
97388 2174
97389 2175
97487 2176
97494 2177
97497 2178
97580 2179
97580 2180
97580 2181
97583 2182
97586 2183
97590 2184
97592 2185
97599 2186
97612 2187
97645 2188
97656 2189
97657 2190
97659 2191
97659 2192
97660 2193
97661 2194
97661 2195
97662 2196
97662 2197
97662 2198
97662 2199
97662 2200
97662 2201
97662 2202
97663 2203
97667 2204
97669 2205
97670 2206
97671 2207
97691 2208
97691 2209
97692 2210
97692 2211
97693 2212
97693 2213
97693 2214
97694 2215
97694 2216
97694 2217
97694 2218
97695 2219
97695 2220
97695 2221
97695 2222
97696 2223
97697 2224
97698 2225
97698 2226
97698 2227
97699 2228
97699 2229
97699 2230
97699 2231
97699 2232
97700 2233
97702 2234
97703 2235
97703 2236
97704 2237
97705 2238
97706 2239
97774 2240
97777 2241
97778 2242
97780 2243
97781 2244
97782 2245
97783 2246
97784 2247
97785 2248
97786 2249
97787 2250
97821 2251
97836 2252
97837 2253
97940 2254
97956 2255
97996 2256
97996 2257
97997 2258
97997 2259
98023 2260
98031 2261
98032 2262
98036 2263
98072 2264
98076 2265
98084 2266
98084 2267
98085 2268
98085 2269
98088 2270
98089 2271
98099 2272
98146 2273
98180 2274
98184 2275
98188 2276
98219 2277
98225 2278
98238 2279
98254 2280
98255 2281
98263 2282
98266 2283
98267 2284
98269 2285
98296 2286
98330 2287
98334 2288
98388 2289
98394 2290
98398 2291
98402 2292
98441 2293
98445 2294
98446 2295
98467 2296
98486 2297
98498 2298
98557 2299
98560 2300
98562 2301
98568 2302
98615 2303
98652 2304
98657 2305
98668 2306
98712 2307
98713 2308
98713 2309
98714 2310
98719 2311
98720 2312
98721 2313
98721 2314
98722 2315
98722 2316
98722 2317
98722 2318
98724 2319
98727 2320
98762 2321
98770 2322
98772 2323
98792 2324
98793 2325
98839 2326
98868 2327
98869 2328
98871 2329
98875 2330
98877 2331
98878 2332
98878 2333
98879 2334
98888 2335
98905 2336
98907 2337
98910 2338
98918 2339
98918 2340
98959 2341
98961 2342
98962 2343
98968 2344
98968 2345
98969 2346
98969 2347
98980 2348
98982 2349
98983 2350
98988 2351
98994 2352
98996 2353
99025 2354
99025 2355
99026 2356
99026 2357
99038 2358
99038 2359
99038 2360
99039 2361
99039 2362
99040 2363
99041 2364
99042 2365
99042 2366
99042 2367
99042 2368
99044 2369
99045 2370
99045 2371
99047 2372
99047 2373
99047 2374
99047 2375
99049 2376
99051 2377
99051 2378
99052 2379
99052 2380
99100 2381
99106 2382
99111 2383
99116 2384
99117 2385
99117 2386
99117 2387
99117 2388
99117 2389
99117 2390
99117 2391
99119 2392
99124 2393
99125 2394
99125 2395
99125 2396
99125 2397
99128 2398
99130 2399
99155 2400
99182 2401
99184 2402
99268 2403
99268 2404
99269 2405
99269 2406
99269 2407
99269 2408
99269 2409
99283 2410
99288 2411
99291 2412
99291 2413
99296 2414
99296 2415
99299 2416
99303 2417
99364 2418
99364 2419
99365 2420
99365 2421
99366 2422
99368 2423
99371 2424
99389 2425
99401 2426
99426 2427
99435 2428
99503 2429
99506 2430
99507 2431
99507 2432
99510 2433
99510 2434
99510 2435
99510 2436
99514 2437
99519 2438
99541 2439
99543 2440
99546 2441
99548 2442
99553 2443
99555 2444
99557 2445
99558 2446
99559 2447
99560 2448
99560 2449
99561 2450
99561 2451
99563 2452
99568 2453
99616 2454
99634 2455
99635 2456
99637 2457
99638 2458
99639 2459
99639 2460
99639 2461
99640 2462
99641 2463
99643 2464
99662 2465
99682 2466
99689 2467
99700 2468
99728 2469
99733 2470
99738 2471
99756 2472
99759 2473
99776 2474
99872 2475
99917 2476
99964 2477
99965 2478
100013 2479
100018 2480
100018 2481
100057 2482
100058 2483
100060 2484
100060 2485
100096 2486
100097 2487
100101 2488
100103 2489
100179 2490
100180 2491
100188 2492
100189 2493
100232 2494
100238 2495
100356 2496
100412 2497
100413 2498
100551 2499
100599 2500
100604 2501
100712 2502
100713 2503
100740 2504
100741 2505
100741 2506
100748 2507
100756 2508
100776 2509
100777 2510
100779 2511
100781 2512
100782 2513
100782 2514
100783 2515
100784 2516
100792 2517
100828 2518
100838 2519
100842 2520
100846 2521
100936 2522
100937 2523
100937 2524
100943 2525
100943 2526
100944 2527
100945 2528
100945 2529
100945 2530
100952 2531
100966 2532
100972 2533
101104 2534
101108 2535
101109 2536
101109 2537
101112 2538
101113 2539
101114 2540
101116 2541
101118 2542
101119 2543
101239 2544
101242 2545
101280 2546
101290 2547
101294 2548
101381 2549
101382 2550
101382 2551
101382 2552
101460 2553
101461 2554
101461 2555
101461 2556
101465 2557
101466 2558
101466 2559
101466 2560
101472 2561
101474 2562
101474 2563
101476 2564
101483 2565
101483 2566
101483 2567
101485 2568
101487 2569
101490 2570
101511 2571
101514 2572
101516 2573
101519 2574
101521 2575
101522 2576
101522 2577
101522 2578
101543 2579
101546 2580
101546 2581
101547 2582
101549 2583
101551 2584
101554 2585
101555 2586
101557 2587
101628 2588
101646 2589
101647 2590
101648 2591
101655 2592
101656 2593
101662 2594
101689 2595
101696 2596
101700 2597
101702 2598
101706 2599
101719 2600
101723 2601
101725 2602
101727 2603
101756 2604
101756 2605
101757 2606
101760 2607
101761 2608
101762 2609
101764 2610
101767 2611
101769 2612
101771 2613
101800 2614
101862 2615
101865 2616
101871 2617
101915 2618
101916 2619
101929 2620
101936 2621
101937 2622
101937 2623
101937 2624
101937 2625
101979 2626
101984 2627
101994 2628
102019 2629
102024 2630
102024 2631
102028 2632
102029 2633
102040 2634
102040 2635
102044 2636
102052 2637
102053 2638
102068 2639
102114 2640
102115 2641
102116 2642
102121 2643
102127 2644
102138 2645
102139 2646
102148 2647
102149 2648
102151 2649
102156 2650
102172 2651
102210 2652
102215 2653
102216 2654
102219 2655
102224 2656
102232 2657
102264 2658
102265 2659
102268 2660
102269 2661
102270 2662
102270 2663
102270 2664
102270 2665
102279 2666
102286 2667
102287 2668
102290 2669
102294 2670
102297 2671
102299 2672
102300 2673
102308 2674
102311 2675
102314 2676
102314 2677
102316 2678
102324 2679
102328 2680
102364 2681
102365 2682
102365 2683
102417 2684
102428 2685
102432 2686
102434 2687
102438 2688
102471 2689
102472 2690
102473 2691
102473 2692
102475 2693
102481 2694
102487 2695
102492 2696
102507 2697
102516 2698
102520 2699
102531 2700
102537 2701
102571 2702
102572 2703
102583 2704
102613 2705
102613 2706
102615 2707
102615 2708
102616 2709
102618 2710
102618 2711
102619 2712
102626 2713
102627 2714
102632 2715
102632 2716
102632 2717
102638 2718
102639 2719
102640 2720
102641 2721
102644 2722
102645 2723
102646 2724
102649 2725
102698 2726
102698 2727
102708 2728
102710 2729
102756 2730
102757 2731
102817 2732
102820 2733
102824 2734
102824 2735
102827 2736
102876 2737
102882 2738
102883 2739
102884 2740
102884 2741
102885 2742
102885 2743
102885 2744
102887 2745
102890 2746
102896 2747
102931 2748
102933 2749
102933 2750
102933 2751
102934 2752
102936 2753
102936 2754
102938 2755
102938 2756
102938 2757
102940 2758
102945 2759
102948 2760
103023 2761
103027 2762
103028 2763
103030 2764
103033 2765
103036 2766
103037 2767
103038 2768
103039 2769
103039 2770
103040 2771
103040 2772
103041 2773
103041 2774
103041 2775
103046 2776
103048 2777
103050 2778
103069 2779
103071 2780
103074 2781
103076 2782
103076 2783
103077 2784
103077 2785
103078 2786
103078 2787
103079 2788
103080 2789
103081 2790
103083 2791
103084 2792
103089 2793
103092 2794
103095 2795
103184 2796
103186 2797
103186 2798
103188 2799
103189 2800
103191 2801
103192 2802
103193 2803
103193 2804
103193 2805
103199 2806
103208 2807
103217 2808
103219 2809
103223 2810
103285 2811
103285 2812
103287 2813
103293 2814
103296 2815
103299 2816
103402 2817
103403 2818
103404 2819
103406 2820
103409 2821
103435 2822
103441 2823
103441 2824
103442 2825
103442 2826
103444 2827
103450 2828
103451 2829
103451 2830
103456 2831
103456 2832
103457 2833
103509 2834
103510 2835
103545 2836
103550 2837
103554 2838
103554 2839
103557 2840
103558 2841
103588 2842
103588 2843
103589 2844
103589 2845
103589 2846
103589 2847
103594 2848
103595 2849
103599 2850
103600 2851
103602 2852
103622 2853
103631 2854
103632 2855
103637 2856
103663 2857
103669 2858
103669 2859
103669 2860
103669 2861
103669 2862
103669 2863
103678 2864
103679 2865
103680 2866
103681 2867
103702 2868
103711 2869
103715 2870
103942 2871
103944 2872
103945 2873
103945 2874
103945 2875
103952 2876
103956 2877
103989 2878
103991 2879
103994 2880
104008 2881
104009 2882
104009 2883
104012 2884
104013 2885
104013 2886
104026 2887
104039 2888
104048 2889
104049 2890
104050 2891
104051 2892
104056 2893
104057 2894
104096 2895
104097 2896
104097 2897
104102 2898
104104 2899
104109 2900
104176 2901
104177 2902
104178 2903
104178 2904
104178 2905
104192 2906
104192 2907
104192 2908
104195 2909
104198 2910
104204 2911
104205 2912
104236 2913
104243 2914
104258 2915
104258 2916
104259 2917
104261 2918
104261 2919
104261 2920
104261 2921
104263 2922
104264 2923
104265 2924
104266 2925
104268 2926
104269 2927
104270 2928
104271 2929
104272 2930
104285 2931
104383 2932
104384 2933
104385 2934
104413 2935
104416 2936
104418 2937
104419 2938
104420 2939
104421 2940
104423 2941
104424 2942
104425 2943
104427 2944
104427 2945
104428 2946
104429 2947
104432 2948
104435 2949
104490 2950
104496 2951
104538 2952
104548 2953
104657 2954
104730 2955
104735 2956
104736 2957
104738 2958
104778 2959
104785 2960
104792 2961
104796 2962
104797 2963
104798 2964
104799 2965
104800 2966
104802 2967
104804 2968
104806 2969
104807 2970
104808 2971
104809 2972
104821 2973
104828 2974
104831 2975
104831 2976
104840 2977
104845 2978
104845 2979
104850 2980
104851 2981
104854 2982
104888 2983
104893 2984
104898 2985
105084 2986
105130 2987
105131 2988
105135 2989
105144 2990
105144 2991
105186 2992
105196 2993
105206 2994
105208 2995
105209 2996
105209 2997
105216 2998
105220 2999
105221 3000
105221 3001
105225 3002
105225 3003
105228 3004
105229 3005
105231 3006
105238 3007
105284 3008
105303 3009
105304 3010
105307 3011
105307 3012
105308 3013
105309 3014
105310 3015
105310 3016
105310 3017
105312 3018
105317 3019
105319 3020
105319 3021
105338 3022
105339 3023
105339 3024
105340 3025
105343 3026
105404 3027
105427 3028
105430 3029
105433 3030
105441 3031
105460 3032
105503 3033
105537 3034
105540 3035
105541 3036
105544 3037
105546 3038
105546 3039
105547 3040
105551 3041
105564 3042
105567 3043
105569 3044
105571 3045
105572 3046
105573 3047
105576 3048
105579 3049
105596 3050
105611 3051
105653 3052
105653 3053
105658 3054
105660 3055
105661 3056
105661 3057
105665 3058
105667 3059
105668 3060
105674 3061
105676 3062
105702 3063
105705 3064
105706 3065
105710 3066
105710 3067
105710 3068
105711 3069
105712 3070
105713 3071
105714 3072
105715 3073
105716 3074
105760 3075
105768 3076
105769 3077
105813 3078
105815 3079
105816 3080
105819 3081
105825 3082
105840 3083
105884 3084
105885 3085
105893 3086
105893 3087
105894 3088
105899 3089
105899 3090
105900 3091
105900 3092
105904 3093
105913 3094
105921 3095
105945 3096
105945 3097
105945 3098
105945 3099
105945 3100
105945 3101
105945 3102
105956 3103
105956 3104
105962 3105
105963 3106
105964 3107
105965 3108
105969 3109
105973 3110
105973 3111
105973 3112
105973 3113
105973 3114
105973 3115
105974 3116
105975 3117
105976 3118
105976 3119
105977 3120
105980 3121
105986 3122
105991 3123
106018 3124
106144 3125
106147 3126
106147 3127
106148 3128
106150 3129
106150 3130
106150 3131
106150 3132
106150 3133
106150 3134
106150 3135
106151 3136
106152 3137
106154 3138
106154 3139
106154 3140
106161 3141
106167 3142
106180 3143
106181 3144
106187 3145
106190 3146
106200 3147
106200 3148
106203 3149
106210 3150
106214 3151
106215 3152
106235 3153
106236 3154
106237 3155
106241 3156
106241 3157
106241 3158
106242 3159
106242 3160
106246 3161
106246 3162
106247 3163
106247 3164
106247 3165
106249 3166
106250 3167
106250 3168
106259 3169
106260 3170
106314 3171
106399 3172
106404 3173
106409 3174
106409 3175
106412 3176
106462 3177
106462 3178
106462 3179
106462 3180
106462 3181
106465 3182
106465 3183
106468 3184
106468 3185
106468 3186
106468 3187
106469 3188
106469 3189
106471 3190
106471 3191
106471 3192
106474 3193
106493 3194
106496 3195
106496 3196
106552 3197
106554 3198
106554 3199
106557 3200
106580 3201
106580 3202
106581 3203
106589 3204
106592 3205
106605 3206
106605 3207
106664 3208
106694 3209
106732 3210
106733 3211
106741 3212
106745 3213
106746 3214
106749 3215
106751 3216
106751 3217
106752 3218
106756 3219
106759 3220
106759 3221
106763 3222
106765 3223
106773 3224
106828 3225
106829 3226
106830 3227
106831 3228
106831 3229
106832 3230
106836 3231
106837 3232
106838 3233
106840 3234
106885 3235
106889 3236
106890 3237
106890 3238
106893 3239
106896 3240
106897 3241
106897 3242
106897 3243
106897 3244
106897 3245
106897 3246
106901 3247
106920 3248
107002 3249
107003 3250
107008 3251
107119 3252
107125 3253
107127 3254
107167 3255
107169 3256
107169 3257
107172 3258
107175 3259
107177 3260
107178 3261
107200 3262
107201 3263
107207 3264
107209 3265
107218 3266
107219 3267
107220 3268
107220 3269
107221 3270
107256 3271
107304 3272
107309 3273
107312 3274
107312 3275
107312 3276
107313 3277
107313 3278
107317 3279
107345 3280
107345 3281
107345 3282
107345 3283
107345 3284
107347 3285
107350 3286
107358 3287
107429 3288
107429 3289
107429 3290
107432 3291
107434 3292
107436 3293
107445 3294
107456 3295
107457 3296
107457 3297
107458 3298
107458 3299
107466 3300
107494 3301
107538 3302
107538 3303
107539 3304
107541 3305
107542 3306
107544 3307
107547 3308
107550 3309
107605 3310
107614 3311
107633 3312
107699 3313
107704 3314
107705 3315
107709 3316
107710 3317
107711 3318
107717 3319
107730 3320
107733 3321
107733 3322
107763 3323
107767 3324
107768 3325
107770 3326
107770 3327
107826 3328
107841 3329
107842 3330
107844 3331
107847 3332
107852 3333
107852 3334
107854 3335
107854 3336
107855 3337
107889 3338
107889 3339
107891 3340
107901 3341
107902 3342
107902 3343
107902 3344
107904 3345
107917 3346
107923 3347
107929 3348
107934 3349
107937 3350
108001 3351
108006 3352
108007 3353
108007 3354
108007 3355
108008 3356
108009 3357
108011 3358
108013 3359
108016 3360
108078 3361
108080 3362
108081 3363
108083 3364
108085 3365
108087 3366
108089 3367
108090 3368
108091 3369
108184 3370
108190 3371
108213 3372
108213 3373
108227 3374
108230 3375
108233 3376
108234 3377
108236 3378
108240 3379
108241 3380
108261 3381
108266 3382
108319 3383
108337 3384
108337 3385
108341 3386
108341 3387
108341 3388
108342 3389
108342 3390
108345 3391
108345 3392
108346 3393
108347 3394
108348 3395
108348 3396
108372 3397
108534 3398
108540 3399
108546 3400
108548 3401
108549 3402
108551 3403
108553 3404
108560 3405
108569 3406
108569 3407
108569 3408
108575 3409
108577 3410
108606 3411
108608 3412
108614 3413
108621 3414
108625 3415
108683 3416
108713 3417
108756 3418
108761 3419
108765 3420
108765 3421
108766 3422
108766 3423
108767 3424
108772 3425
108774 3426
108775 3427
108781 3428
108784 3429
108786 3430
108789 3431
108845 3432
108845 3433
108847 3434
108849 3435
108850 3436
108852 3437
108853 3438
108861 3439
108917 3440
108917 3441
108917 3442
108922 3443
108922 3444
108938 3445
108945 3446
108946 3447
108948 3448
108972 3449
108975 3450
108984 3451
108994 3452
108995 3453
108996 3454
109006 3455
109008 3456
109009 3457
109053 3458
109053 3459
109058 3460
109059 3461
109060 3462
109061 3463
109173 3464
109173 3465
109173 3466
109173 3467
109178 3468
109178 3469
109180 3470
109204 3471
109204 3472
109210 3473
109213 3474
109215 3475
109240 3476
109243 3477
109244 3478
109254 3479
109291 3480
109292 3481
109293 3482
109293 3483
109295 3484
109296 3485
109296 3486
109298 3487
109299 3488
109299 3489
109302 3490
109302 3491
109308 3492
109390 3493
109426 3494
109465 3495
109465 3496
109516 3497
109590 3498
109596 3499
109604 3500
109613 3501
109640 3502
109663 3503
109664 3504
109664 3505
109665 3506
109667 3507
109732 3508
109734 3509
109740 3510
109741 3511
109742 3512
109742 3513
109742 3514
109742 3515
109742 3516
109742 3517
109742 3518
109742 3519
109743 3520
109743 3521
109743 3522
109743 3523
109745 3524
109750 3525
109810 3526
109818 3527
109833 3528
109837 3529
109840 3530
109841 3531
109841 3532
109843 3533
109843 3534
109844 3535
109844 3536
109845 3537
109850 3538
109905 3539
109905 3540
109923 3541
109924 3542
109925 3543
109934 3544
109965 3545
109967 3546
109967 3547
109968 3548
109969 3549
109970 3550
109972 3551
109976 3552
109977 3553
109978 3554
109981 3555
109985 3556
109985 3557
109993 3558
109994 3559
110066 3560
110074 3561
110080 3562
110082 3563
110083 3564
110083 3565
110087 3566
110088 3567
110129 3568
110131 3569
110136 3570
110223 3571
110224 3572
110253 3573
110255 3574
110257 3575
110259 3576
110264 3577
110265 3578
110265 3579
110268 3580
110269 3581
110269 3582
110270 3583
110335 3584
110345 3585
110350 3586
110351 3587
110351 3588
110357 3589
110447 3590
110457 3591
110469 3592
110498 3593
110503 3594
110513 3595
110516 3596
110517 3597
110517 3598
110518 3599
110519 3600
110520 3601
110526 3602
110549 3603
110586 3604
110603 3605
110604 3606
110648 3607
110694 3608
110702 3609
110740 3610
110772 3611
110815 3612
110829 3613
110833 3614
110833 3615
110836 3616
110837 3617
110842 3618
110869 3619
110870 3620
110872 3621
110873 3622
110874 3623
110875 3624
110887 3625
110889 3626
110889 3627
110890 3628
110900 3629
110901 3630
110901 3631
110901 3632
110901 3633
110901 3634
110901 3635
110901 3636
110905 3637
110906 3638
110909 3639
110912 3640
111023 3641
111029 3642
111065 3643
111065 3644
111065 3645
111124 3646
111133 3647
111133 3648
111143 3649
111148 3650
111149 3651
111149 3652
111149 3653
111151 3654
111156 3655
111156 3656
111162 3657
111207 3658
111208 3659
111209 3660
111245 3661
111245 3662
111245 3663
111248 3664
111249 3665
111298 3666
111314 3667
111314 3668
111355 3669
111356 3670
111363 3671
111367 3672
111369 3673
111369 3674
111369 3675
111369 3676
111369 3677
111369 3678
111372 3679
111387 3680
111419 3681
111540 3682
111541 3683
111571 3684
111572 3685
111572 3686
111574 3687
111574 3688
111575 3689
111576 3690
111576 3691
111577 3692
111578 3693
111578 3694
111585 3695
111585 3696
111664 3697
111674 3698
111725 3699
111725 3700
111725 3701
111725 3702
111725 3703
111736 3704
111740 3705
111757 3706
111782 3707
111795 3708
111814 3709
111823 3710
111903 3711
111915 3712
111917 3713
111917 3714
111925 3715
111928 3716
111954 3717
111970 3718
111972 3719
112137 3720
112148 3721
112237 3722
112237 3723
112237 3724
112237 3725
112240 3726
112241 3727
112242 3728
112244 3729
112244 3730
112246 3731
112246 3732
112249 3733
112252 3734
112276 3735
112369 3736
112509 3737
112509 3738
112509 3739
112509 3740
112509 3741
112673 3742
112689 3743
112696 3744
112698 3745
112703 3746
112706 3747
112711 3748
112714 3749
112715 3750
112739 3751
112812 3752
112893 3753
112893 3754
112918 3755
112922 3756
112922 3757
112922 3758
112922 3759
112922 3760
112922 3761
112923 3762
112930 3763
112973 3764
113027 3765
113045 3766
113045 3767
113045 3768
113046 3769
113050 3770
113053 3771
113053 3772
113053 3773
113053 3774
113053 3775
113053 3776
113056 3777
113057 3778
113065 3779
113091 3780
113097 3781
113141 3782
113325 3783
113325 3784
113374 3785
113381 3786
113384 3787
113388 3788
113388 3789
113388 3790
113391 3791
113393 3792
113416 3793
113473 3794
113473 3795
113473 3796
113473 3797
113498 3798
113512 3799
113512 3800
113580 3801
113582 3802
113583 3803
113584 3804
113588 3805
113591 3806
113597 3807
113598 3808
113717 3809
113725 3810
113725 3811
113725 3812
113726 3813
113729 3814
113773 3815
113805 3816
113814 3817
113817 3818
113819 3819
113822 3820
113854 3821
113856 3822
113860 3823
113900 3824
114066 3825
114067 3826
114074 3827
114075 3828
114076 3829
114077 3830
114080 3831
114080 3832
114177 3833
114182 3834
114186 3835
114188 3836
114189 3837
114190 3838
114190 3839
114190 3840
114190 3841
114190 3842
114198 3843
114268 3844
114271 3845
114328 3846
114330 3847
114334 3848
114334 3849
114350 3850
114364 3851
114365 3852
114365 3853
114366 3854
114367 3855
114367 3856
114368 3857
114376 3858
114392 3859
114398 3860
114405 3861
114407 3862
114410 3863
114410 3864
114411 3865
114411 3866
114413 3867
114419 3868
114426 3869
114429 3870
114429 3871
114431 3872
114439 3873
114457 3874
114462 3875
114534 3876
114536 3877
114537 3878
114539 3879
114540 3880
114608 3881
114624 3882
114628 3883
114631 3884
114635 3885
114636 3886
114662 3887
114662 3888
114662 3889
114669 3890
114669 3891
114680 3892
114689 3893
114714 3894
114717 3895
114731 3896
114743 3897
114745 3898
114745 3899
114745 3900
114745 3901
114745 3902
114821 3903
114834 3904
114869 3905
114881 3906
114893 3907
114909 3908
114937 3909
114945 3910
115033 3911
115059 3912
115063 3913
115068 3914
115109 3915
115131 3916
115132 3917
115136 3918
115139 3919
115140 3920
115142 3921
115158 3922
115159 3923
115161 3924
115161 3925
115161 3926
115161 3927
115161 3928
115161 3929
115161 3930
115162 3931
115162 3932
115162 3933
115165 3934
115170 3935
115173 3936
115174 3937
115174 3938
115190 3939
115195 3940
115229 3941
115231 3942
115237 3943
115239 3944
115241 3945
115243 3946
115255 3947
115259 3948
115266 3949
115272 3950
115273 3951
115287 3952
115296 3953
115300 3954
115365 3955
115372 3956
115411 3957
115413 3958
115413 3959
115498 3960
115501 3961
115501 3962
115519 3963
115536 3964
115565 3965
115577 3966
115610 3967
115657 3968
115658 3969
115674 3970
115681 3971
115685 3972
115698 3973
115724 3974
115725 3975
115726 3976
115729 3977
115729 3978
115731 3979
115732 3980
115733 3981
115737 3982
115738 3983
115796 3984
115836 3985
115839 3986
115839 3987
115840 3988
115841 3989
115842 3990
115843 3991
115844 3992
115844 3993
115845 3994
115845 3995
115845 3996
115847 3997
115847 3998
115849 3999
115873 4000
115874 4001
115915 4002
116005 4003
116043 4004
116043 4005
116049 4006
116052 4007
116052 4008
116053 4009
116054 4010
116055 4011
116056 4012
116062 4013
116062 4014
116064 4015
116081 4016
116130 4017
116130 4018
116130 4019
116133 4020
116153 4021
116153 4022
116160 4023
116181 4024
116212 4025
116215 4026
116257 4027
116259 4028
116260 4029
116261 4030
116263 4031
116285 4032
116293 4033
116294 4034
116299 4035
116306 4036
116308 4037
116315 4038
116317 4039
116409 4040
116422 4041
116437 4042
116437 4043
116447 4044
116451 4045
116456 4046
116459 4047
116493 4048
116493 4049
116501 4050
116501 4051
116505 4052
116517 4053
116521 4054
116522 4055
116525 4056
116528 4057
116531 4058
116542 4059
116542 4060
116547 4061
116550 4062
116554 4063
116565 4064
116589 4065
116589 4066
116590 4067
116591 4068
116591 4069
116593 4070
116594 4071
116594 4072
116596 4073
116597 4074
116597 4075
116597 4076
116598 4077
116600 4078
116604 4079
116608 4080
116629 4081
116670 4082
116688 4083
116689 4084
116692 4085
116693 4086
116693 4087
116695 4088
116700 4089
116702 4090
116703 4091
116703 4092
116744 4093
116757 4094
116817 4095
116817 4096
116817 4097
116817 4098
116817 4099
116817 4100
116817 4101
116818 4102
116818 4103
116818 4104
116818 4105
116821 4106
116836 4107
116858 4108
116862 4109
116864 4110
116868 4111
116868 4112
116869 4113
116897 4114
116897 4115
116897 4116
116897 4117
116903 4118
116906 4119
116906 4120
116908 4121
116917 4122
116931 4123
116935 4124
116936 4125
116940 4126
116942 4127
116943 4128
116943 4129
116945 4130
116961 4131
116961 4132
116961 4133
116961 4134
116961 4135
116993 4136
116993 4137
116998 4138
116999 4139
117000 4140
117001 4141
117005 4142
117053 4143
117053 4144
117053 4145
117053 4146
117057 4147
117062 4148
117063 4149
117094 4150
117099 4151
117105 4152
117178 4153
117178 4154
117183 4155
117187 4156
117218 4157
117218 4158
117218 4159
117218 4160
117249 4161
117257 4162
117418 4163
117423 4164
117473 4165
117481 4166
117485 4167
117486 4168
117548 4169
117582 4170
117586 4171
117586 4172
117586 4173
117586 4174
117586 4175
117586 4176
117587 4177
117587 4178
117587 4179
117587 4180
117587 4181
117685 4182
117685 4183
117685 4184
117685 4185
117693 4186
117694 4187
117697 4188
117697 4189
117701 4190
117707 4191
117709 4192
117711 4193
117766 4194
117777 4195
117782 4196
117785 4197
117800 4198
117829 4199
117837 4200
117837 4201
117866 4202
117866 4203
117868 4204
117875 4205
117875 4206
117925 4207
117950 4208
117956 4209
117956 4210
117957 4211
117958 4212
117958 4213
117960 4214
118030 4215
118030 4216
118032 4217
118071 4218
118081 4219
118085 4220
118085 4221
118085 4222
118085 4223
118091 4224
118092 4225
118092 4226
118094 4227
118095 4228
118096 4229
118245 4230
118245 4231
118245 4232
118253 4233
118253 4234
118253 4235
118253 4236
118253 4237
118257 4238
118262 4239
118265 4240
118270 4241
118271 4242
118272 4243
118319 4244
118350 4245
118355 4246
118412 4247
118506 4248
118507 4249
118507 4250
118507 4251
118509 4252
118509 4253
118510 4254
118513 4255
118514 4256
118515 4257
118518 4258
118518 4259
118519 4260
118519 4261
118521 4262
118523 4263
118526 4264
118529 4265
118531 4266
118534 4267
118585 4268
118585 4269
118591 4270
118592 4271
118597 4272
118597 4273
118632 4274
118642 4275
118672 4276
118674 4277
118684 4278
118689 4279
118689 4280
118689 4281
118689 4282
118689 4283
118693 4284
118693 4285
118693 4286
118699 4287
118701 4288
118702 4289
118712 4290
118726 4291
118727 4292
118729 4293
118730 4294
118746 4295
118748 4296
118750 4297
118765 4298
118778 4299
118782 4300
118784 4301
118785 4302
118791 4303
118794 4304
118797 4305
118920 4306
118921 4307
118921 4308
118927 4309
118927 4310
118929 4311
118932 4312
118934 4313
118957 4314
118957 4315
118969 4316
118973 4317
118979 4318
118985 4319
118987 4320
119080 4321
119122 4322
119122 4323
119130 4324
119131 4325
119133 4326
119137 4327
119151 4328
119151 4329
119151 4330
119153 4331
119158 4332
119160 4333
119162 4334
119198 4335
119236 4336
119237 4337
119237 4338
119237 4339
119239 4340
119239 4341
119243 4342
119247 4343
119248 4344
119249 4345
119251 4346
119260 4347
119262 4348
119262 4349
119262 4350
119304 4351
119315 4352
119333 4353
119333 4354
119333 4355
119333 4356
119333 4357
119333 4358
119334 4359
119334 4360
119334 4361
119334 4362
119334 4363
119335 4364
119339 4365
119339 4366
119342 4367
119344 4368
119345 4369
119405 4370
119406 4371
119412 4372
119413 4373
119419 4374
119474 4375
119479 4376
119524 4377
119529 4378
119529 4379
119529 4380
119532 4381
119533 4382
119535 4383
119536 4384
119536 4385
119537 4386
119539 4387
119564 4388
119571 4389
119572 4390
119579 4391
119613 4392
119618 4393
119621 4394
119622 4395
119623 4396
119625 4397
119628 4398
119632 4399
119674 4400
119676 4401
119687 4402
119689 4403
119690 4404
119695 4405
119696 4406
119698 4407
119699 4408
119701 4409
119715 4410
119717 4411
119729 4412
119741 4413
119741 4414
119762 4415
119777 4416
119802 4417
119803 4418
119803 4419
119805 4420
119806 4421
119809 4422
119810 4423
119813 4424
119813 4425
119814 4426
119829 4427
119833 4428
119834 4429
119834 4430
119835 4431
119836 4432
119837 4433
119837 4434
119837 4435
119837 4436
119837 4437
119838 4438
119839 4439
119841 4440
119843 4441
119845 4442
119845 4443
119847 4444
119865 4445
119869 4446
119934 4447
119934 4448
119934 4449
119934 4450
119934 4451
119934 4452
119938 4453
119956 4454
119957 4455
119963 4456
119969 4457
120057 4458
120066 4459
120066 4460
120072 4461
120073 4462
120074 4463
120075 4464
120079 4465
120080 4466
120080 4467
120081 4468
120084 4469
120085 4470
120087 4471
120111 4472
120113 4473
120122 4474
120122 4475
120128 4476
120137 4477
120199 4478
120225 4479
120225 4480
120225 4481
120230 4482
120231 4483
120236 4484
120239 4485
120278 4486
120287 4487
120292 4488
120293 4489
120298 4490
120303 4491
120304 4492
120310 4493
120310 4494
120310 4495
120312 4496
120313 4497
120316 4498
120323 4499
120324 4500
120334 4501
120335 4502
120336 4503
120340 4504
120345 4505
120348 4506
120350 4507
120388 4508
120464 4509
120464 4510
120467 4511
120467 4512
120471 4513
120471 4514
120472 4515
120472 4516
120473 4517
120473 4518
120474 4519
120476 4520
120477 4521
120477 4522
120477 4523
120481 4524
120485 4525
120485 4526
120488 4527
120489 4528
120489 4529
120551 4530
120551 4531
120552 4532
120554 4533
120558 4534
120558 4535
120559 4536
120559 4537
120559 4538
120559 4539
120559 4540
120561 4541
120562 4542
120566 4543
120646 4544
120648 4545
120650 4546
120651 4547
120663 4548
120665 4549
120675 4550
120748 4551
120750 4552
120755 4553
120755 4554
120756 4555
120766 4556
120768 4557
120787 4558
120829 4559
120840 4560
120842 4561
120845 4562
120852 4563
120870 4564
120911 4565
120918 4566
120925 4567
120978 4568
121009 4569
121014 4570
121031 4571
121033 4572
121101 4573
121102 4574
121104 4575
121111 4576
121111 4577
121111 4578
121111 4579
121111 4580
121111 4581
121111 4582
121112 4583
121113 4584
121141 4585
121142 4586
121146 4587
121148 4588
121153 4589
121153 4590
121153 4591
121153 4592
121153 4593
121154 4594
121156 4595
121158 4596
121158 4597
121201 4598
121210 4599
121219 4600
121222 4601
121222 4602
121225 4603
121227 4604
121227 4605
121231 4606
121233 4607
121238 4608
121258 4609
121264 4610
121270 4611
121271 4612
121289 4613
121295 4614
121298 4615
121301 4616
121317 4617
121320 4618
121341 4619
121362 4620
121362 4621
121363 4622
121363 4623
121364 4624
121364 4625
121365 4626
121365 4627
121371 4628
121373 4629
121406 4630
121411 4631
121413 4632
121416 4633
121429 4634
121433 4635
121433 4636
121436 4637
121439 4638
121453 4639
121496 4640
121505 4641
121505 4642
121522 4643
121524 4644
121525 4645
121529 4646
121529 4647
121529 4648
121529 4649
121529 4650
121529 4651
121534 4652
121536 4653
121541 4654
121545 4655
121546 4656
121547 4657
121551 4658
121551 4659
121551 4660
121553 4661
121553 4662
121554 4663
121554 4664
121556 4665
121556 4666
121558 4667
121560 4668
121560 4669
121564 4670
121586 4671
121592 4672
121624 4673
121629 4674
121633 4675
121639 4676
121639 4677
121642 4678
121642 4679
121642 4680
121696 4681
121699 4682
121703 4683
121703 4684
121713 4685
121719 4686
121780 4687
121786 4688
121786 4689
121787 4690
121791 4691
121792 4692
121792 4693
121793 4694
121794 4695
121798 4696
121799 4697
121826 4698
121826 4699
121826 4700
121826 4701
121877 4702
121877 4703
121877 4704
121902 4705
121903 4706
121906 4707
121910 4708
121916 4709
121919 4710
121954 4711
122069 4712
122100 4713
122101 4714
122107 4715
122109 4716
122109 4717
122109 4718
122115 4719
122116 4720
122116 4721
122117 4722
122156 4723
122193 4724
122216 4725
122221 4726
122221 4727
122233 4728
122233 4729
122239 4730
122245 4731
122247 4732
122252 4733
122260 4734
122341 4735
122341 4736
122341 4737
122345 4738
122352 4739
122370 4740
122379 4741
122396 4742
122415 4743
122416 4744
122416 4745
122416 4746
122416 4747
122498 4748
122574 4749
122589 4750
122613 4751
122617 4752
122619 4753
122620 4754
122627 4755
122638 4756
122641 4757
122736 4758
122742 4759
122769 4760
122769 4761
122769 4762
122800 4763
122849 4764
122854 4765
122911 4766
122974 4767
122979 4768
122985 4769
123114 4770
123172 4771
123278 4772
123280 4773
123281 4774
123282 4775
123285 4776
123286 4777
123287 4778
123288 4779
123288 4780
123289 4781
123289 4782
123289 4783
123290 4784
123290 4785
123291 4786
123291 4787
123292 4788
123292 4789
123293 4790
123295 4791
123298 4792
123303 4793
123379 4794
123383 4795
123438 4796
123514 4797
123525 4798
123786 4799
123786 4800
123804 4801
123895 4802
123896 4803
123896 4804
123898 4805
123902 4806
123904 4807
123911 4808
123911 4809
123913 4810
123914 4811
123915 4812
123920 4813
123948 4814
123977 4815
123985 4816
123986 4817
123988 4818
123989 4819
123989 4820
123992 4821
124011 4822
124012 4823
124012 4824
124014 4825
124016 4826
124053 4827
124055 4828
124057 4829
124061 4830
124063 4831
124064 4832
124132 4833
124151 4834
124184 4835
124188 4836
124190 4837
124191 4838
124191 4839
124196 4840
124198 4841
124252 4842
124254 4843
124262 4844
124266 4845
124266 4846
124269 4847
124269 4848
124274 4849
124277 4850
124349 4851
124411 4852
124412 4853
124418 4854
124418 4855
124420 4856
124420 4857
124420 4858
124420 4859
124421 4860
124427 4861
124427 4862
124427 4863
124427 4864
124427 4865
124476 4866
124509 4867
124522 4868
124528 4869
124534 4870
124536 4871
124538 4872
124540 4873
124569 4874
124569 4875
124580 4876
124637 4877
124682 4878
124685 4879
124687 4880
124789 4881
124805 4882
124805 4883
124857 4884
124861 4885
124897 4886
124903 4887
124903 4888
124905 4889
124945 4890
124945 4891
124945 4892
124946 4893
124948 4894
124949 4895
124949 4896
124949 4897
124950 4898
124954 4899
125057 4900
125059 4901
125099 4902
125104 4903
125104 4904
125133 4905
125133 4906
125133 4907
125133 4908
125133 4909
125160 4910
125165 4911
125192 4912
125203 4913
125229 4914
125311 4915
125311 4916
125320 4917
125324 4918
125333 4919
125333 4920
125335 4921
125338 4922
125343 4923
125373 4924
125373 4925
125393 4926
125393 4927
125395 4928
125401 4929
125410 4930
125439 4931
125440 4932
125451 4933
125453 4934
125456 4935
125470 4936
125470 4937
125470 4938
125470 4939
125541 4940
125543 4941
125544 4942
125550 4943
125550 4944
125550 4945
125550 4946
125552 4947
125553 4948
125553 4949
125553 4950
125553 4951
125553 4952
125553 4953
125572 4954
125573 4955
125578 4956
125581 4957
125582 4958
125585 4959
125585 4960
125634 4961
125649 4962
125655 4963
125658 4964
125660 4965
125685 4966
125688 4967
125694 4968
125703 4969
125704 4970
125708 4971
125710 4972
125712 4973
125716 4974
125717 4975
125720 4976
125800 4977
125809 4978
125811 4979
125852 4980
125852 4981
125853 4982
125854 4983
125857 4984
125862 4985
125863 4986
125865 4987
125866 4988
125906 4989
125914 4990
125924 4991
125926 4992
125929 4993
125931 4994
125933 4995
125934 4996
125951 4997
125954 4998
125954 4999
125954 5000
125965 5001
125965 5002
125965 5003
125965 5004
125965 5005
125970 5006
125980 5007
126018 5008
126018 5009
126019 5010
126020 5011
126080 5012
126082 5013
126083 5014
126088 5015
126089 5016
126089 5017
126089 5018
126091 5019
126091 5020
126092 5021
126092 5022
126092 5023
126092 5024
126093 5025
126093 5026
126097 5027
126099 5028
126101 5029
126101 5030
126107 5031
126122 5032
126128 5033
126135 5034
126206 5035
126208 5036
126209 5037
126213 5038
126229 5039
126229 5040
126254 5041
126309 5042
126309 5043
126309 5044
126309 5045
126312 5046
126329 5047
126343 5048
126346 5049
126352 5050
126354 5051
126420 5052
126421 5053
126425 5054
126425 5055
126427 5056
126427 5057
126428 5058
126428 5059
126430 5060
126431 5061
126431 5062
126433 5063
126434 5064
126435 5065
126436 5066
126437 5067
126437 5068
126438 5069
126442 5070
126444 5071
126452 5072
126486 5073
126487 5074
126488 5075
126489 5076
126489 5077
126489 5078
126489 5079
126489 5080
126500 5081
126500 5082
126603 5083
126603 5084
126607 5085
126607 5086
126610 5087
126610 5088
126612 5089
126615 5090
126615 5091
126615 5092
126617 5093
126617 5094
126617 5095
126617 5096
126617 5097
126617 5098
126618 5099
126618 5100
126619 5101
126626 5102
126650 5103
126834 5104
126834 5105
126834 5106
126839 5107
126841 5108
126863 5109
126866 5110
126868 5111
126872 5112
126873 5113
126885 5114
126885 5115
126885 5116
126887 5117
126957 5118
126973 5119
126978 5120
126979 5121
126982 5122
126986 5123
126986 5124
126987 5125
126989 5126
126989 5127
126989 5128
126989 5129
126991 5130
126994 5131
126996 5132
126996 5133
126999 5134
127002 5135
127009 5136
127021 5137
127021 5138
127030 5139
127032 5140
127035 5141
127036 5142
127041 5143
127104 5144
127104 5145
127106 5146
127117 5147
127128 5148
127149 5149
127149 5150
127194 5151
127203 5152
127237 5153
127239 5154
127239 5155
127244 5156
127244 5157
127244 5158
127245 5159
127277 5160
127279 5161
127285 5162
127285 5163
127291 5164
127300 5165
127305 5166
127341 5167
127417 5168
127424 5169
127425 5170
127429 5171
127513 5172
127562 5173
127564 5174
127569 5175
127570 5176
127571 5177
127571 5178
127572 5179
127572 5180
127574 5181
127585 5182
127613 5183
127613 5184
127618 5185
127618 5186
127618 5187
127618 5188
127618 5189
127619 5190
127619 5191
127619 5192
127620 5193
127646 5194
127647 5195
127654 5196
127655 5197
127721 5198
127729 5199
127729 5200
127729 5201
127729 5202
127730 5203
127731 5204
127734 5205
127734 5206
127734 5207
127734 5208
127734 5209
127734 5210
127735 5211
127735 5212
127735 5213
127735 5214
127744 5215
127744 5216
127805 5217
127806 5218
127843 5219
127854 5220
127877 5221
127957 5222
127958 5223
127964 5224
127964 5225
127965 5226
127967 5227
127973 5228
127976 5229
127977 5230
127977 5231
127985 5232
127986 5233
127992 5234
128025 5235
128032 5236
128033 5237
128150 5238
128152 5239
128179 5240
128180 5241
128181 5242
128181 5243
128184 5244
128197 5245
128212 5246
128212 5247
128256 5248
128256 5249
128257 5250
128264 5251
128265 5252
128265 5253
128266 5254
128267 5255
128268 5256
128269 5257
128270 5258
128271 5259
128272 5260
128274 5261
128280 5262
128294 5263
128344 5264
128346 5265
128353 5266
128395 5267
128404 5268
128405 5269
128405 5270
128408 5271
128419 5272
128419 5273
128420 5274
128430 5275
128431 5276
128514 5277
128524 5278
128525 5279
128528 5280
128557 5281
128558 5282
128560 5283
128562 5284
128563 5285
128564 5286
128565 5287
128568 5288
128569 5289
128627 5290
128627 5291
128628 5292
128634 5293
128637 5294
128666 5295
128675 5296
128682 5297
128689 5298
128691 5299
128694 5300
128695 5301
128704 5302
128706 5303
128706 5304
128707 5305
128707 5306
128707 5307
128710 5308
128710 5309
128711 5310
128711 5311
128713 5312
128718 5313
128718 5314
128718 5315
128719 5316
128719 5317
128719 5318
128719 5319
128719 5320
128719 5321
128721 5322
128725 5323
128753 5324
128753 5325
128753 5326
128754 5327
128757 5328
128757 5329
128767 5330
128820 5331
128832 5332
128857 5333
128874 5334
128875 5335
128876 5336
128876 5337
128879 5338
128881 5339
128884 5340
128885 5341
128935 5342
128965 5343
128966 5344
128968 5345
128969 5346
128969 5347
128969 5348
128969 5349
128970 5350
128974 5351
128980 5352
129109 5353
129109 5354
129109 5355
129109 5356
129112 5357
129114 5358
129121 5359
129123 5360
129125 5361
129125 5362
129125 5363
129125 5364
129131 5365
129163 5366
129171 5367
129173 5368
129173 5369
129173 5370
129173 5371
129175 5372
129182 5373
129188 5374
129189 5375
129210 5376
129214 5377
129218 5378
129229 5379
129234 5380
129241 5381
129287 5382
129296 5383
129299 5384
129303 5385
129303 5386
129304 5387
129305 5388
129305 5389
129307 5390
129307 5391
129307 5392
129308 5393
129309 5394
129312 5395
129317 5396
129318 5397
129322 5398
129323 5399
129325 5400
129328 5401
129330 5402
129332 5403
129333 5404
129386 5405
129386 5406
129500 5407
129517 5408
129517 5409
129517 5410
129517 5411
129542 5412
129545 5413
129561 5414
129561 5415
129566 5416
129566 5417
129568 5418
129568 5419
129570 5420
129570 5421
129641 5422
129641 5423
129641 5424
129645 5425
129648 5426
129648 5427
129649 5428
129652 5429
129652 5430
129652 5431
129675 5432
129681 5433
129682 5434
129682 5435
129682 5436
129689 5437
129692 5438
129696 5439
129707 5440
129709 5441
129710 5442
129711 5443
129712 5444
129712 5445
129718 5446
129790 5447
129806 5448
129807 5449
129834 5450
129834 5451
129834 5452
129834 5453
129834 5454
129835 5455
129839 5456
129844 5457
129870 5458
129940 5459
129943 5460
129946 5461
129947 5462
129947 5463
129949 5464
129950 5465
129952 5466
129952 5467
129953 5468
129958 5469
129958 5470
129993 5471
130020 5472
130065 5473
130065 5474
130092 5475
130097 5476
130097 5477
130101 5478
130104 5479
130169 5480
130210 5481
130213 5482
130217 5483
130370 5484
130427 5485
130429 5486
130432 5487
130465 5488
130533 5489
130533 5490
130533 5491
130544 5492
130579 5493
130628 5494
130640 5495
130677 5496
130808 5497
130809 5498
130865 5499
131001 5500
131001 5501
131001 5502
131001 5503
131001 5504
131018 5505
131153 5506
131183 5507
131233 5508
131310 5509
131316 5510
131318 5511
131318 5512
131320 5513
131320 5514
131321 5515
131321 5516
131322 5517
131537 5518
131537 5519
131537 5520
131537 5521
131605 5522
131649 5523
131650 5524
131652 5525
131653 5526
131655 5527
131655 5528
131660 5529
131660 5530
131685 5531
131690 5532
131701 5533
131724 5534
131731 5535
131819 5536
131819 5537
131826 5538
132122 5539
132123 5540
132257 5541
132257 5542
132257 5543
132268 5544
132269 5545
132272 5546
132272 5547
132274 5548
132275 5549
132326 5550
132393 5551
132633 5552
132770 5553
132771 5554
132772 5555
132776 5556
132783 5557
132784 5558
132785 5559
132786 5560
132786 5561
132786 5562
132791 5563
132805 5564
132805 5565
132806 5566
132818 5567
132869 5568
132870 5569
132870 5570
132874 5571
132929 5572
132936 5573
132945 5574
133232 5575
133234 5576
133239 5577
133245 5578
133253 5579
133253 5580
133253 5581
133253 5582
133253 5583
133254 5584
133259 5585
133267 5586
133279 5587
133286 5588
133288 5589
133293 5590
133295 5591
133450 5592
133450 5593
133450 5594
133469 5595
133473 5596
133473 5597
133566 5598
133753 5599
133755 5600
133756 5601
133757 5602
133757 5603
133757 5604
133758 5605
133761 5606
133761 5607
133762 5608
133762 5609
133763 5610
133764 5611
133764 5612
133764 5613
133765 5614
133765 5615
133765 5616
133766 5617
133768 5618
133805 5619
133808 5620
133809 5621
133837 5622
133857 5623
133857 5624
133857 5625
133857 5626
133858 5627
133858 5628
133858 5629
133860 5630
133867 5631
133867 5632
133869 5633
134078 5634
134081 5635
134088 5636
134090 5637
134153 5638
134156 5639
134158 5640
134161 5641
134161 5642
134162 5643
134177 5644
134248 5645
134249 5646
134251 5647
134251 5648
134252 5649
134291 5650
134296 5651
134310 5652
134353 5653
134353 5654
134354 5655
134362 5656
134362 5657
134457 5658
134475 5659
134482 5660
134537 5661
134538 5662
134562 5663
134562 5664
134562 5665
134566 5666
134572 5667
134572 5668
134729 5669
134729 5670
134733 5671
134735 5672
134736 5673
134738 5674
134740 5675
134796 5676
134799 5677
134804 5678
134821 5679
134821 5680
134821 5681
134829 5682
134837 5683
134949 5684
134950 5685
134954 5686
134961 5687
134964 5688
135058 5689
135059 5690
135059 5691
135059 5692
135059 5693
135190 5694
135193 5695
135193 5696
135193 5697
135193 5698
135197 5699
135204 5700
135233 5701
135233 5702
135233 5703
135233 5704
135233 5705
135234 5706
135234 5707
135243 5708
135248 5709
135260 5710
135277 5711
135284 5712
135292 5713
135386 5714
135388 5715
135390 5716
135393 5717
135393 5718
135393 5719
135397 5720
135397 5721
135397 5722
135398 5723
135425 5724
135436 5725
135438 5726
135467 5727
135475 5728
135477 5729
135479 5730
135480 5731
135481 5732
135483 5733
135483 5734
135483 5735
135484 5736
135485 5737
135486 5738
135486 5739
135487 5740
135489 5741
135491 5742
135492 5743
135493 5744
135494 5745
135494 5746
135495 5747
135495 5748
135496 5749
135496 5750
135496 5751
135497 5752
135571 5753
135581 5754
135618 5755
135621 5756
135622 5757
135626 5758
135626 5759
135632 5760
135633 5761
135633 5762
135633 5763
135634 5764
135636 5765
135637 5766
135639 5767
135641 5768
135643 5769
135643 5770
135644 5771
135706 5772
135711 5773
135716 5774
135716 5775
135716 5776
135741 5777
135743 5778
135747 5779
135748 5780
135748 5781
135748 5782
135751 5783
135813 5784
135891 5785
135906 5786
135908 5787
135925 5788
135933 5789
135935 5790
135938 5791
135939 5792
135940 5793
135940 5794
135943 5795
135943 5796
135944 5797
135946 5798
135947 5799
135966 5800
135972 5801
135990 5802
135992 5803
135996 5804
136013 5805
136033 5806
136104 5807
136104 5808
136157 5809
136157 5810
136165 5811
136198 5812
136199 5813
136207 5814
136209 5815
136214 5816
136218 5817
136278 5818
136420 5819
136420 5820
136443 5821
136443 5822
136447 5823
136449 5824
136451 5825
136453 5826
136458 5827
136634 5828
149877 5829
149877 5830
149877 5831
149878 5832
149878 5833
149878 5834
149878 5835
149881 5836
150273 5837
150278 5838
150278 5839
150278 5840
150279 5841
150279 5842
150279 5843
150288 5844
150337 5845
150337 5846
150337 5847
150338 5848
150488 5849
150489 5850
150489 5851
150489 5852
150490 5853
150490 5854
150490 5855
150490 5856
150490 5857
150492 5858
150495 5859
150565 5860
150573 5861
150573 5862
150575 5863
150701 5864
150705 5865
150705 5866
150705 5867
150706 5868
150845 5869
150861 5870
150865 5871
150865 5872
150868 5873
150915 5874
150917 5875
150977 5876
150988 5877
151073 5878
151074 5879
151093 5880
151093 5881
151096 5882
151098 5883
151102 5884
151103 5885
151105 5886
151148 5887
151149 5888
151149 5889
151154 5890
151154 5891
151156 5892
151158 5893
151159 5894
151160 5895
151162 5896
151265 5897
151265 5898
151265 5899
151313 5900
151315 5901
151322 5902
151346 5903
151350 5904
151361 5905
151361 5906
151375 5907
151376 5908
151442 5909
151449 5910
151451 5911
151457 5912
151457 5913
151458 5914
151459 5915
151462 5916
151466 5917
151493 5918
151495 5919
151498 5920
151500 5921
151545 5922
151547 5923
151549 5924
151557 5925
151559 5926
151561 5927
151561 5928
151589 5929
151593 5930
151602 5931
151615 5932
151617 5933
151617 5934
151624 5935
151624 5936
151625 5937
151629 5938
151630 5939
151664 5940
151666 5941
151669 5942
151672 5943
151672 5944
151674 5945
151674 5946
151675 5947
151676 5948
151714 5949
151777 5950
151779 5951
151780 5952
151781 5953
151783 5954
151787 5955
151787 5956
151790 5957
151792 5958
151909 5959
151917 5960
151922 5961
151924 5962
151925 5963
151960 5964
151966 5965
151971 5966
151972 5967
152028 5968
152081 5969
152089 5970
152094 5971
152137 5972
152144 5973
152147 5974
152149 5975
152150 5976
152151 5977
152151 5978
152152 5979
152154 5980
152234 5981
152238 5982
152241 5983
152255 5984
152269 5985
152269 5986
152276 5987
152277 5988
152277 5989
152280 5990
152372 5991
152373 5992
152394 5993
152395 5994
152404 5995
152405 5996
152412 5997
152414 5998
152417 5999
152423 6000
152429 6001
152498 6002
152499 6003
152559 6004
152652 6005
152654 6006
152655 6007
152655 6008
152656 6009
152658 6010
152659 6011
152660 6012
152673 6013
152833 6014
152862 6015
152868 6016
152872 6017
152928 6018
152969 6019
153179 6020
153397 6021
153406 6022
153407 6023
153407 6024
153408 6025
153411 6026
153413 6027
153507 6028
153509 6029
153516 6030
153516 6031
153516 6032
153518 6033
153550 6034
153622 6035
153625 6036
153625 6037
153625 6038
153626 6039
153627 6040
153628 6041
153629 6042
153630 6043
153631 6044
153631 6045
153740 6046
153741 6047
153745 6048
153745 6049
153751 6050
153751 6051
153773 6052
153777 6053
153879 6054
153901 6055
153933 6056
153946 6057
153997 6058
153997 6059
153999 6060
154001 6061
154004 6062
154007 6063
154098 6064
154153 6065
154153 6066
154154 6067
154154 6068
154154 6069
154154 6070
154194 6071
154194 6072
154197 6073
154199 6074
154269 6075
154270 6076
154271 6077
154273 6078
154325 6079
154329 6080
154329 6081
154333 6082
154339 6083
154498 6084
154499 6085
154509 6086
154509 6087
154553 6088
154601 6089
154601 6090
154638 6091
154701 6092
154710 6093
154730 6094
154733 6095
154745 6096
154781 6097
154787 6098
154790 6099
154792 6100
154792 6101
154793 6102
154795 6103
154797 6104
154797 6105
154801 6106
154809 6107
154810 6108
154869 6109
154876 6110
154881 6111
154882 6112
154882 6113
154882 6114
154891 6115
154937 6116
155069 6117
155074 6118
155076 6119
155076 6120
155153 6121
155162 6122
155481 6123
155481 6124
155481 6125
155486 6126
155486 6127
155486 6128
155513 6129
155515 6130
155531 6131
155549 6132
155558 6133
155581 6134
155581 6135
155587 6136
155589 6137
155591 6138
155593 6139
155597 6140
155700 6141
155700 6142
155710 6143
155713 6144
155717 6145
155717 6146
155825 6147
155825 6148
155825 6149
155825 6150
155828 6151
155831 6152
155831 6153
155832 6154
155833 6155
155835 6156
155853 6157
155967 6158
155968 6159
155968 6160
155968 6161
155969 6162
155969 6163
155969 6164
155970 6165
155971 6166
155971 6167
155972 6168
155972 6169
155977 6170
155977 6171
155979 6172
155980 6173
155980 6174
155981 6175
155981 6176
155982 6177
155983 6178
155984 6179
155993 6180
156096 6181
156109 6182
156245 6183
156265 6184
156290 6185
156293 6186
156294 6187
156299 6188
156303 6189
156358 6190
156374 6191
156402 6192
156409 6193
156410 6194
156413 6195
156417 6196
156420 6197
156466 6198
156472 6199
156478 6200
156525 6201
156534 6202
156541 6203
156541 6204
156542 6205
156542 6206
156546 6207
156549 6208
156556 6209
156557 6210
156558 6211
156560 6212
156560 6213
156561 6214
156561 6215
156561 6216
156562 6217
156567 6218
156567 6219
156568 6220
156569 6221
156570 6222
156572 6223
156573 6224
156574 6225
156626 6226
156627 6227
156629 6228
156636 6229
156637 6230
156645 6231
156699 6232
156707 6233
156709 6234
156742 6235
156745 6236
156777 6237
156784 6238
156785 6239
156785 6240
156785 6241
156790 6242
156790 6243
156790 6244
156790 6245
156792 6246
156793 6247
156795 6248
156796 6249
156797 6250
156800 6251
156800 6252
156800 6253
156857 6254
156857 6255
156881 6256
156881 6257
156881 6258
156882 6259
156885 6260
156888 6261
156888 6262
156890 6263
156897 6264
156897 6265
156898 6266
156898 6267
156920 6268
156922 6269
156934 6270
157009 6271
157015 6272
157015 6273
157033 6274
157040 6275
157041 6276
157043 6277
157049 6278
157051 6279
157052 6280
157054 6281
157055 6282
157055 6283
157055 6284
157057 6285
157058 6286
157063 6287
157116 6288
157122 6289
157124 6290
157128 6291
157128 6292
157160 6293
157161 6294
157162 6295
157163 6296
157164 6297
157164 6298
157165 6299
157166 6300
157167 6301
157170 6302
157172 6303
157172 6304
157174 6305
157181 6306
157241 6307
157241 6308
157241 6309
157249 6310
157252 6311
157254 6312
157257 6313
157262 6314
157263 6315
157269 6316
157269 6317
157270 6318
157350 6319
157355 6320
157366 6321
157367 6322
157368 6323
157368 6324
157369 6325
157372 6326
157372 6327
157374 6328
157374 6329
157379 6330
157391 6331
157501 6332
157506 6333
157510 6334
157511 6335
157512 6336
157513 6337
157513 6338
157517 6339
157518 6340
157520 6341
157521 6342
157523 6343
157526 6344
157529 6345
157529 6346
157530 6347
157531 6348
157531 6349
157533 6350
157534 6351
157537 6352
157538 6353
157541 6354
157541 6355
157541 6356
157572 6357
157573 6358
157573 6359
157574 6360
157574 6361
157577 6362
157577 6363
157578 6364
157578 6365
157581 6366
157581 6367
157584 6368
157585 6369
157591 6370
157609 6371
157690 6372
157692 6373
157694 6374
157695 6375
157704 6376
157728 6377
157729 6378
157773 6379
157773 6380
157774 6381
157774 6382
157775 6383
157775 6384
157781 6385
157785 6386
157785 6387
157790 6388
157790 6389
157823 6390
157963 6391
157963 6392
157982 6393
158010 6394
158010 6395
158038 6396
158043 6397
158044 6398
158045 6399
158046 6400
158047 6401
158049 6402
158051 6403
158073 6404
158077 6405
158077 6406
158078 6407
158079 6408
158153 6409
158160 6410
158183 6411
158296 6412
158349 6413
158358 6414
158358 6415
158360 6416
158423 6417
158425 6418
158425 6419
158460 6420
158508 6421
158513 6422
158515 6423
158517 6424
158522 6425
158540 6426
158545 6427
158561 6428
158624 6429
158638 6430
158639 6431
158639 6432
158639 6433
158639 6434
158640 6435
158641 6436
158644 6437
158644 6438
158645 6439
158645 6440
158646 6441
158646 6442
158648 6443
158649 6444
158649 6445
158665 6446
158725 6447
158725 6448
158726 6449
158733 6450
158733 6451
158735 6452
158737 6453
158738 6454
158743 6455
158743 6456
158746 6457
158749 6458
158800 6459
158829 6460
158834 6461
158836 6462
158838 6463
158841 6464
158845 6465
158932 6466
158937 6467
158941 6468
158941 6469
158942 6470
158942 6471
158942 6472
158942 6473
158942 6474
158942 6475
158946 6476
158947 6477
158947 6478
158948 6479
158948 6480
158952 6481
158955 6482
158957 6483
158957 6484
158957 6485
158960 6486
159021 6487
159022 6488
159023 6489
159030 6490
159035 6491
159045 6492
159045 6493
159051 6494
159053 6495
159056 6496
159058 6497
159059 6498
159062 6499
159063 6500
159066 6501
159066 6502
159066 6503
159067 6504
159067 6505
159067 6506
159075 6507
159081 6508
159090 6509
159134 6510
159136 6511
159145 6512
159151 6513
159160 6514
159197 6515
159197 6516
159198 6517
159198 6518
159205 6519
159212 6520
159249 6521
159319 6522
159325 6523
159328 6524
159372 6525
159375 6526
159375 6527
159376 6528
159377 6529
159378 6530
159378 6531
159380 6532
159381 6533
159382 6534
159386 6535
159387 6536
159396 6537
159397 6538
159405 6539
159408 6540
159435 6541
159445 6542
159446 6543
159446 6544
159446 6545
159446 6546
159446 6547
159446 6548
159450 6549
159451 6550
159451 6551
159451 6552
159451 6553
159454 6554
159454 6555
159454 6556
159456 6557
159457 6558
159458 6559
159458 6560
159510 6561
159512 6562
159574 6563
159579 6564
159592 6565
159593 6566
159593 6567
159595 6568
159597 6569
159601 6570
159601 6571
159601 6572
159602 6573
159603 6574
159604 6575
159604 6576
159605 6577
159605 6578
159606 6579
159608 6580
159609 6581
159610 6582
159610 6583
159611 6584
159612 6585
159612 6586
159612 6587
159651 6588
159654 6589
159654 6590
159655 6591
159659 6592
159659 6593
159659 6594
159660 6595
159660 6596
159663 6597
159665 6598
159675 6599
159683 6600
159688 6601
159688 6602
159692 6603
159695 6604
159734 6605
159773 6606
159776 6607
159778 6608
159779 6609
159780 6610
159784 6611
159785 6612
159785 6613
159786 6614
159788 6615
159799 6616
159816 6617
159858 6618
159871 6619
159876 6620
159879 6621
159882 6622
159899 6623
159902 6624
159902 6625
159903 6626
159904 6627
159905 6628
159911 6629
159913 6630
159916 6631
159917 6632
159922 6633
159927 6634
159929 6635
159930 6636
159930 6637
159930 6638
159930 6639
160021 6640
160037 6641
160073 6642
160076 6643
160077 6644
160077 6645
160077 6646
160080 6647
160080 6648
160083 6649
160085 6650
160086 6651
160090 6652
160094 6653
160094 6654
160094 6655
160095 6656
160095 6657
160095 6658
160095 6659
160095 6660
160095 6661
160095 6662
160099 6663
160102 6664
160105 6665
160129 6666
160130 6667
160130 6668
160137 6669
160176 6670
160178 6671
160179 6672
160186 6673
160326 6674
160331 6675
160336 6676
160339 6677
160345 6678
160352 6679
160357 6680
160362 6681
160362 6682
160371 6683
160378 6684
160386 6685
160406 6686
160407 6687
160408 6688
160418 6689
160436 6690
160436 6691
160437 6692
160438 6693
160457 6694
160481 6695
160481 6696
160485 6697
160485 6698
160486 6699
160486 6700
160486 6701
160487 6702
160488 6703
160488 6704
160497 6705
160505 6706
160521 6707
160573 6708
160573 6709
160574 6710
160574 6711
160577 6712
160600 6713
160601 6714
160602 6715
160612 6716
160633 6717
160633 6718
160658 6719
160658 6720
160681 6721
160685 6722
160693 6723
160737 6724
160737 6725
160738 6726
160738 6727
160797 6728
160844 6729
160848 6730
160866 6731
160871 6732
160995 6733
161003 6734
161011 6735
161013 6736
161013 6737
161015 6738
161121 6739
161121 6740
161124 6741
161141 6742
161141 6743
161142 6744
161142 6745
161142 6746
161146 6747
161146 6748
161147 6749
161147 6750
161147 6751
161149 6752
161150 6753
161150 6754
161153 6755
161154 6756
161155 6757
161155 6758
161189 6759
161218 6760
161241 6761
161242 6762
161242 6763
161242 6764
161242 6765
161242 6766
161242 6767
161249 6768
161325 6769
161328 6770
161344 6771
161346 6772
161348 6773
161348 6774
161349 6775
161353 6776
161355 6777
161357 6778
161370 6779
161372 6780
161382 6781
161385 6782
161385 6783
161406 6784
161409 6785
161442 6786
161453 6787
161453 6788
161464 6789
161468 6790
161470 6791
161472 6792
161473 6793
161474 6794
161517 6795
161518 6796
161600 6797
161604 6798
161661 6799
161670 6800
161677 6801
161679 6802
161680 6803
161681 6804
161682 6805
161683 6806
161685 6807
161686 6808
161690 6809
161692 6810
161705 6811
161707 6812
161708 6813
161709 6814
161710 6815
161710 6816
161712 6817
161713 6818
161714 6819
161715 6820
161718 6821
161726 6822
161754 6823
161851 6824
161855 6825
161855 6826
161856 6827
161859 6828
161860 6829
161863 6830
161866 6831
161866 6832
161869 6833
161870 6834
161907 6835
161913 6836
161916 6837
161917 6838
161926 6839
161931 6840
161932 6841
161933 6842
161934 6843
161935 6844
161975 6845
161981 6846
161984 6847
162058 6848
162062 6849
162066 6850
162067 6851
162067 6852
162067 6853
162067 6854
162067 6855
162067 6856
162067 6857
162067 6858
162068 6859
162068 6860
162068 6861
162068 6862
162068 6863
162073 6864
162074 6865
162166 6866
162169 6867
162171 6868
162175 6869
162176 6870
162225 6871
162229 6872
162229 6873
162232 6874
162235 6875
162278 6876
162278 6877
162279 6878
162279 6879
162286 6880
162313 6881
162314 6882
162315 6883
162316 6884
162318 6885
162319 6886
162321 6887
162323 6888
162325 6889
162445 6890
162458 6891
162464 6892
162605 6893
162610 6894
162611 6895
162611 6896
162611 6897
162611 6898
162621 6899
162621 6900
162621 6901
162622 6902
162622 6903
162622 6904
162622 6905
162622 6906
162623 6907
162623 6908
162717 6909
162717 6910
162718 6911
162718 6912
162718 6913
162718 6914
162773 6915
162774 6916
162778 6917
162779 6918
162780 6919
162829 6920
162843 6921
162965 6922
162965 6923
162965 6924
162968 6925
162968 6926
162969 6927
162973 6928
162973 6929
162974 6930
162977 6931
162977 6932
162986 6933
162988 6934
163058 6935
163059 6936
163064 6937
163069 6938
163149 6939
163165 6940
163174 6941
163239 6942
163331 6943
163333 6944
163339 6945
163342 6946
163347 6947
163347 6948
163389 6949
163390 6950
163390 6951
163403 6952
163403 6953
163416 6954
163418 6955
163419 6956
163426 6957
163426 6958
163428 6959
163456 6960
163484 6961
163486 6962
163505 6963
163535 6964
163569 6965
163578 6966
163579 6967
163579 6968
163580 6969
163582 6970
163586 6971
163589 6972
163595 6973
163598 6974
163598 6975
163600 6976
163605 6977
163606 6978
163619 6979
163678 6980
163689 6981
163712 6982
163715 6983
163774 6984
163791 6985
163792 6986
163792 6987
163794 6988
163800 6989
163855 6990
163870 6991
163871 6992
163872 6993
163872 6994
163874 6995
163888 6996
163945 6997
163955 6998
163956 6999
163957 7000
163958 7001
163959 7002
163961 7003
163961 7004
163962 7005
163962 7006
163962 7007
163963 7008
163963 7009
163963 7010
163965 7011
163966 7012
163966 7013
163971 7014
164043 7015
164179 7016
164189 7017
164193 7018
164203 7019
164206 7020
164209 7021
164211 7022
164211 7023
164274 7024
164276 7025
164278 7026
164281 7027
164281 7028
164282 7029
164286 7030
164287 7031
164287 7032
164374 7033
164377 7034
164377 7035
164378 7036
164380 7037
164380 7038
164380 7039
164380 7040
164387 7041
164387 7042
164388 7043
164388 7044
164388 7045
164388 7046
164389 7047
164390 7048
164391 7049
164392 7050
164393 7051
164395 7052
164396 7053
164436 7054
164439 7055
164440 7056
164443 7057
164444 7058
164445 7059
164450 7060
164550 7061
164614 7062
164614 7063
164614 7064
164616 7065
164616 7066
164619 7067
164620 7068
164621 7069
164625 7070
164626 7071
164626 7072
164627 7073
164628 7074
164629 7075
164629 7076
164634 7077
164709 7078
164709 7079
164711 7080
164737 7081
164749 7082
164751 7083
164753 7084
164756 7085
164761 7086
164763 7087
164795 7088
164797 7089
164799 7090
164844 7091
164852 7092
164857 7093
164865 7094
164873 7095
164889 7096
164891 7097
164894 7098
164894 7099
164896 7100
164896 7101
164901 7102
164901 7103
164902 7104
164903 7105
164903 7106
164904 7107
164905 7108
164905 7109
164912 7110
164917 7111
164918 7112
164969 7113
164970 7114
164971 7115
164985 7116
164986 7117
164987 7118
164987 7119
164987 7120
164987 7121
164987 7122
164987 7123
164988 7124
164991 7125
164994 7126
164995 7127
164997 7128
164999 7129
164999 7130
165001 7131
165001 7132
165003 7133
165027 7134
165030 7135
165031 7136
165032 7137
165033 7138
165034 7139
165037 7140
165039 7141
165045 7142
165078 7143
165079 7144
165082 7145
165083 7146
165088 7147
165090 7148
165107 7149
165149 7150
165201 7151
165201 7152
165202 7153
165205 7154
165214 7155
165225 7156
165231 7157
165235 7158
165235 7159
165238 7160
165238 7161
165238 7162
165239 7163
165239 7164
165241 7165
165245 7166
165246 7167
165246 7168
165250 7169
165250 7170
165314 7171
165314 7172
165322 7173
165324 7174
165337 7175
165340 7176
165342 7177
165342 7178
165343 7179
165345 7180
165348 7181
165350 7182
165351 7183
165368 7184
165381 7185
165381 7186
165385 7187
165459 7188
165459 7189
165459 7190
165460 7191
165460 7192
165460 7193
165460 7194
165460 7195
165460 7196
165461 7197
165461 7198
165509 7199
165512 7200
165516 7201
165521 7202
165521 7203
165522 7204
165525 7205
165526 7206
165538 7207
165540 7208
165571 7209
165577 7210
165597 7211
165603 7212
165632 7213
165635 7214
165635 7215
165637 7216
165667 7217
165668 7218
165669 7219
165775 7220
165781 7221
165851 7222
165861 7223
165865 7224
165872 7225
165886 7226
165888 7227
165889 7228
165890 7229
165890 7230
165890 7231
165890 7232
165890 7233
165891 7234
165891 7235
165892 7236
165892 7237
165904 7238
165936 7239
165955 7240
165957 7241
165962 7242
166027 7243
166069 7244
166070 7245
166097 7246
166098 7247
166108 7248
166109 7249
166110 7250
166113 7251
166113 7252
166117 7253
166117 7254
166119 7255
166120 7256
166122 7257
166123 7258
166125 7259
166189 7260
166192 7261
166194 7262
166261 7263
166265 7264
166270 7265
166271 7266
166272 7267
166273 7268
166274 7269
166274 7270
166274 7271
166274 7272
166274 7273
166274 7274
166274 7275
166274 7276
166277 7277
166278 7278
166282 7279
166323 7280
166354 7281
166450 7282
166450 7283
166451 7284
166454 7285
166455 7286
166455 7287
166455 7288
166456 7289
166458 7290
166461 7291
166461 7292
166467 7293
166469 7294
166470 7295
166472 7296
166473 7297
166474 7298
166477 7299
166480 7300
166480 7301
166480 7302
166513 7303
166551 7304
166553 7305
166554 7306
166556 7307
166556 7308
166557 7309
166557 7310
166558 7311
166558 7312
166559 7313
166560 7314
166560 7315
166563 7316
166564 7317
166566 7318
166575 7319
166645 7320
166697 7321
166698 7322
166699 7323
166700 7324
166700 7325
166701 7326
166703 7327
166703 7328
166706 7329
166708 7330
166709 7331
166711 7332
166716 7333
166739 7334
166741 7335
166742 7336
166743 7337
166747 7338
166755 7339
166763 7340
166769 7341
166770 7342
166770 7343
166771 7344
166771 7345
166775 7346
166781 7347
166782 7348
166782 7349
166785 7350
166801 7351
166849 7352
166884 7353
166891 7354
166933 7355
166936 7356
166940 7357
166943 7358
166947 7359
166958 7360
166968 7361
166970 7362
166970 7363
166972 7364
167022 7365
167027 7366
167067 7367
167068 7368
167082 7369
167083 7370
167085 7371
167086 7372
167086 7373
167089 7374
167093 7375
167094 7376
167109 7377
167178 7378
167209 7379
167211 7380
167213 7381
167215 7382
167216 7383
167220 7384
167223 7385
167224 7386
167226 7387
167228 7388
167229 7389
167238 7390
167305 7391
167310 7392
167312 7393
167322 7394
167365 7395
167386 7396
167404 7397
167407 7398
167595 7399
167602 7400
167603 7401
167605 7402
167605 7403
167606 7404
167606 7405
167606 7406
167606 7407
167607 7408
167607 7409
167609 7410
167609 7411
167868 7412
167872 7413
167873 7414
167874 7415
167875 7416
167878 7417
167969 7418
168008 7419
168017 7420
168019 7421
168021 7422
168021 7423
168021 7424
168026 7425
168026 7426
168028 7427
168029 7428
168029 7429
168035 7430
168037 7431
168037 7432
168165 7433
168167 7434
168168 7435
168169 7436
168179 7437
168179 7438
168235 7439
168242 7440
168242 7441
168242 7442
168244 7443
168244 7444
168254 7445
168256 7446
168265 7447
168321 7448
168323 7449
168324 7450
168325 7451
168327 7452
168328 7453
168502 7454
168508 7455
168510 7456
168514 7457
168514 7458
168515 7459
168516 7460
168523 7461
168583 7462
168590 7463
168669 7464
168674 7465
168681 7466
168682 7467
168689 7468
168713 7469
168714 7470
168717 7471
168718 7472
168728 7473
168805 7474
168878 7475
168879 7476
168879 7477
168880 7478
168887 7479
168888 7480
168889 7481
168891 7482
168891 7483
168892 7484
168892 7485
168894 7486
168895 7487
168895 7488
168895 7489
168895 7490
168896 7491
168896 7492
168896 7493
168897 7494
168897 7495
168899 7496
168899 7497
168901 7498
168901 7499
168907 7500
168909 7501
168911 7502
168951 7503
168953 7504
168954 7505
168958 7506
168959 7507
168959 7508
168959 7509
168959 7510
168959 7511
168959 7512
168960 7513
168960 7514
168984 7515
168985 7516
168985 7517
168987 7518
168988 7519
168990 7520
168990 7521
168991 7522
168991 7523
168992 7524
168992 7525
168998 7526
168998 7527
169014 7528
169088 7529
169089 7530
169100 7531
169117 7532
169118 7533
169118 7534
169128 7535
169169 7536
169224 7537
169225 7538
169227 7539
169229 7540
169230 7541
169230 7542
169233 7543
169235 7544
169235 7545
169235 7546
169237 7547
169241 7548
169242 7549
169243 7550
169245 7551
169248 7552
169251 7553
169253 7554
169254 7555
169261 7556
169270 7557
169358 7558
169361 7559
169378 7560
169416 7561
169416 7562
169418 7563
169422 7564
169472 7565
169474 7566
169485 7567
169521 7568
169522 7569
169528 7570
169532 7571
169533 7572
169577 7573
169578 7574
169580 7575
169581 7576
169587 7577
169591 7578
169595 7579
169608 7580
169617 7581
169631 7582
169636 7583
169637 7584
169640 7585
169649 7586
169673 7587
169675 7588
169676 7589
169676 7590
169683 7591
169758 7592
169763 7593
169765 7594
169806 7595
169807 7596
169812 7597
169815 7598
169945 7599
169970 7600
169971 7601
169971 7602
169972 7603
170110 7604
170112 7605
170113 7606
170119 7607
170125 7608
170146 7609
170147 7610
170149 7611
170152 7612
170152 7613
170265 7614
170277 7615
170278 7616
170278 7617
170278 7618
170292 7619
170293 7620
170357 7621
170365 7622
170365 7623
170424 7624
170510 7625
170515 7626
170516 7627
170577 7628
170583 7629
170587 7630
170721 7631
170726 7632
170727 7633
170727 7634
170797 7635
170843 7636
170843 7637
170843 7638
170843 7639
170843 7640
170843 7641
170843 7642
170843 7643
170844 7644
170928 7645
170962 7646
170999 7647
171249 7648
171304 7649
171306 7650
