1 1
1 2
33 3
33 4
33 5
34 6
34 7
34 8
34 9
34 10
50 11
51 12
51 13
53 14
53 15
208 16
316 17
319 18
321 19
323 20
323 21
325 22
325 23
326 24
327 25
366 26
374 27
418 28
419 29
421 30
427 31
496 32
499 33
500 34
501 35
501 36
502 37
502 38
505 39
507 40
508 41
561 42
562 43
563 44
565 45
571 46
587 47
593 48
596 49
610 50
610 51
611 52
612 53
614 54
615 55
616 56
616 57
619 58
623 59
707 60
708 61
714 62
718 63
719 64
726 65
738 66
739 67
761 68
762 69
773 70
774 71
774 72
774 73
775 74
775 75
778 76
783 77
784 78
785 79
785 80
786 81
786 82
787 83
789 84
789 85
789 86
883 87
896 88
901 89
903 90
910 91
913 92
913 93
921 94
1021 95
1021 96
1023 97
1025 98
1025 99
1026 100
1027 101
1028 102
1033 103
1035 104
1091 105
1097 106
1103 107
1117 108
1118 109
1122 110
1123 111
1123 112
1126 113
1132 114
1132 115
1135 116
1167 117
1169 118
1173 119
1201 120
1208 121
1217 122
1217 123
1217 124
1221 125
1227 126
1228 127
1310 128
1325 129
1325 130
1413 131
1474 132
1485 133
1488 134
1520 135
1525 136
1535 137
1542 138
1591 139
1610 140
1614 141
1621 142
1709 143
1709 144
1709 145
1709 146
1711 147
1725 148
1726 149
1728 150
1730 151
1737 152
1737 153
1737 154
1748 155
1803 156
1804 157
1807 158
1810 159
1822 160
1822 161
1822 162
1822 163
1823 164
1823 165
1942 166
1943 167
2110 168
2301 169
2301 170
2385 171
13110 172
13998 173
13999 174
14002 175
14002 176
14005 177
14005 178
14007 179
14009 180
14010 181
14018 182
14215 183
14216 184
14219 185
14223 186
14223 187
14588 188
14589 189
14590 190
14597 191
14597 192
14737 193
14739 194
14781 195
14781 196
14781 197
14781 198
14782 199
14782 200
14799 201
14804 202
14809 203
14820 204
14821 205
14821 206
14821 207
14821 208
14822 209
14822 210
14827 211
14830 212
14929 213
14931 214
14934 215
14936 216
14936 217
14938 218
14940 219
14940 220
14940 221
14948 222
14998 223
15002 224
15005 225
15006 226
15008 227
15011 228
15027 229
15029 230
15031 231
15032 232
15034 233
15089 234
15091 235
15095 236
15120 237
15190 238
15193 239
15193 240
15193 241
15194 242
15195 243
15203 244
15276 245
15276 246
15277 247
15280 248
15386 249
15468 250
15472 251
15503 252
15503 253
15503 254
15536 255
15538 256
15627 257
15767 258
21676 259
22998 260
23010 261
23377 262
23377 263
23549 264
23549 265
23549 266
23555 267
23644 268
23649 269
23649 270
23649 271
23649 272
23650 273
23650 274
23654 275
23663 276
23735 277
23737 278
23738 279
23738 280
23740 281
23740 282
23743 283
23769 284
23769 285
23769 286
23835 287
23839 288
23842 289
23849 290
23906 291
23907 292
23974 293
23987 294
23991 295
23992 296
23998 297
23999 298
23999 299
24000 300
24001 301
24002 302
24006 303
24015 304
24139 305
24257 306
24315 307
24315 308
24316 309
24317 310
24317 311
24317 312
24320 313
24322 314
24324 315
24325 316
24326 317
24330 318
24356 319
24362 320
24390 321
24390 322
24394 323
24458 324
24458 325
24465 326
24466 327
24469 328
24469 329
24470 330
24471 331
24472 332
24474 333
24479 334
24480 335
24493 336
24493 337
24533 338
24536 339
24538 340
24540 341
24542 342
24543 343
24581 344
24584 345
24590 346
24617 347
24617 348
24620 349
24623 350
24627 351
24631 352
24702 353
24702 354
24703 355
24707 356
24707 357
24707 358
24709 359
24709 360
24710 361
24711 362
24712 363
24714 364
24714 365
24716 366
24742 367
24745 368
24747 369
24747 370
24749 371
24749 372
24750 373
24751 374
24753 375
24754 376
24758 377
24809 378
24809 379
24809 380
24816 381
24817 382
24820 383
24821 384
24829 385
24832 386
24832 387
24837 388
24840 389
24842 390
24843 391
24901 392
24919 393
24919 394
24920 395
24920 396
24920 397
24920 398
24920 399
24920 400
24920 401
24926 402
24926 403
24926 404
24988 405
24988 406
24991 407
25001 408
25001 409
25001 410
25002 411
25047 412
25049 413
25050 414
25054 415
25057 416
25058 417
25071 418
25080 419
25081 420
25082 421
25083 422
25096 423
25101 424
25102 425
25174 426
25174 427
25175 428
25175 429
25175 430
25175 431
25181 432
25183 433
25183 434
25191 435
25192 436
25196 437
25209 438
25211 439
25262 440
25263 441
25267 442
25269 443
25271 444
25279 445
25341 446
25344 447
25373 448
25379 449
25381 450
25381 451
25382 452
25382 453
25382 454
25382 455
25382 456
25382 457
25382 458
25383 459
25383 460
25389 461
25430 462
25430 463
25433 464
25434 465
25434 466
25435 467
25435 468
25435 469
25435 470
25443 471
25445 472
25445 473
25466 474
25467 475
25468 476
25479 477
25480 478
25488 479
25492 480
25499 481
25569 482
25588 483
25590 484
25595 485
25603 486
25610 487
25629 488
25657 489
25662 490
25663 491
25722 492
25789 493
25789 494
25801 495
25802 496
25809 497
25821 498
25885 499
25901 500
25913 501
25928 502
25932 503
25935 504
25936 505
25951 506
25966 507
25981 508
25981 509
26036 510
26041 511
26046 512
26081 513
26105 514
26141 515
26167 516
26251 517
26299 518
26385 519
26411 520
26416 521
26423 522
26425 523
26425 524
26428 525
26431 526
26432 527
26434 528
26440 529
26517 530
26517 531
26517 532
26529 533
26614 534
26614 535
26622 536
26668 537
26672 538
26678 539
26681 540
26786 541
26817 542
27040 543
27205 544
27207 545
27209 546
27209 547
27210 548
27217 549
27275 550
27278 551
27281 552
27282 553
27282 554
27286 555
27287 556
27287 557
27383 558
27387 559
27388 560
27388 561
27389 562
27391 563
27391 564
27392 565
27394 566
27394 567
27537 568
27537 569
27537 570
27544 571
27617 572
27617 573
27617 574
27618 575
27821 576
27849 577
27854 578
27855 579
27863 580
27989 581
28011 582
28018 583
28068 584
28073 585
28073 586
28074 587
28074 588
28074 589
28085 590
28089 591
28090 592
28091 593
28093 594
28095 595
28097 596
28182 597
28186 598
28192 599
28197 600
28221 601
28254 602
28300 603
28303 604
28304 605
28304 606
28308 607
28309 608
28322 609
28344 610
28345 611
28349 612
28355 613
28356 614
28488 615
28491 616
28493 617
28493 618
28499 619
28499 620
28502 621
28506 622
28572 623
28580 624
28620 625
28629 626
28661 627
28661 628
28661 629
28661 630
28673 631
28709 632
28717 633
28783 634
28789 635
28821 636
28826 637
28831 638
28850 639
28851 640
28859 641
28859 642
28866 643
28866 644
28866 645
28867 646
28879 647
28884 648
28945 649
28953 650
29028 651
29030 652
29031 653
29034 654
29034 655
29035 656
29037 657
29038 658
29040 659
29041 660
29123 661
29130 662
29134 663
29199 664
29209 665
29213 666
29217 667
29217 668
29217 669
29221 670
29221 671
29221 672
29221 673
29232 674
29235 675
29238 676
29383 677
29392 678
29396 679
29473 680
29473 681
29473 682
29475 683
29480 684
29481 685
29483 686
29489 687
29489 688
29492 689
29539 690
29542 691
29543 692
29544 693
29545 694
29548 695
29551 696
29594 697
29596 698
29601 699
29601 700
29602 701
29605 702
29605 703
29620 704
29654 705
29659 706
29673 707
29711 708
29716 709
29718 710
29741 711
29813 712
29818 713
29822 714
29824 715
29843 716
29843 717
29845 718
29845 719
29845 720
29845 721
29846 722
29848 723
29851 724
29857 725
29865 726
29867 727
29868 728
29872 729
29877 730
29879 731
29908 732
29909 733
29913 734
29916 735
29918 736
29918 737
29919 738
29920 739
29920 740
29920 741
29929 742
30070 743
30072 744
30143 745
30143 746
30143 747
30144 748
30144 749
30144 750
30144 751
30145 752
30145 753
30145 754
30145 755
30149 756
30152 757
30153 758
30154 759
30180 760
30203 761
30204 762
30262 763
30264 764
30266 765
30266 766
30270 767
30271 768
30276 769
30278 770
30293 771
30295 772
30297 773
30300 774
30302 775
30302 776
30408 777
30414 778
30479 779
30491 780
30511 781
30525 782
30525 783
30526 784
30526 785
30526 786
30527 787
30527 788
30527 789
30538 790
30551 791
30593 792
30593 793
30600 794
30601 795
30612 796
30689 797
30711 798
30714 799
30735 800
30735 801
30740 802
30748 803
30748 804
30802 805
30802 806
30802 807
30804 808
30805 809
30806 810
30806 811
30806 812
30812 813
30813 814
30816 815
30818 816
30826 817
30857 818
30859 819
30867 820
30869 821
30871 822
30940 823
30948 824
30977 825
30977 826
30977 827
30988 828
30993 829
30993 830
30993 831
30996 832
31002 833
31018 834
31025 835
31030 836
31039 837
31067 838
31069 839
31071 840
31072 841
31076 842
31076 843
31077 844
31077 845
31079 846
31080 847
31082 848
31082 849
31083 850
31084 851
31086 852
31086 853
31086 854
31088 855
31089 856
31141 857
31141 858
31141 859
31142 860
31142 861
31142 862
31142 863
31142 864
31171 865
31172 866
31175 867
31176 868
31240 869
31241 870
31281 871
31281 872
31284 873
31285 874
31285 875
31288 876
31294 877
31296 878
31297 879
31300 880
31381 881
31388 882
31439 883
31446 884
31446 885
31501 886
31521 887
31522 888
31523 889
31528 890
31535 891
31541 892
31542 893
31544 894
31546 895
31547 896
31549 897
31550 898
31551 899
31551 900
31553 901
31554 902
31557 903
31561 904
31568 905
31571 906
31583 907
31586 908
31590 909
31591 910
31592 911
31665 912
31665 913
31666 914
31666 915
31666 916
31666 917
31666 918
31672 919
31675 920
31675 921
31675 922
31678 923
31678 924
31681 925
31687 926
31687 927
31780 928
31780 929
31784 930
31787 931
31793 932
31800 933
31800 934
31807 935
31849 936
31853 937
31853 938
31855 939
31856 940
31857 941
31857 942
31857 943
31862 944
31862 945
31898 946
31901 947
31904 948
31905 949
31907 950
31910 951
31942 952
31949 953
31980 954
31982 955
31992 956
31997 957
32000 958
32000 959
32004 960
32007 961
32010 962
32035 963
32037 964
32064 965
32064 966
32073 967
32117 968
32143 969
32144 970
32145 971
32146 972
32150 973
32151 974
32153 975
32160 976
32190 977
32213 978
32213 979
32213 980
32214 981
32214 982
32270 983
32322 984
32322 985
32323 986
32324 987
32324 988
32326 989
32327 990
32329 991
32331 992
32332 993
32334 994
32380 995
32388 996
32397 997
32405 998
32405 999
32405 1000
32405 1001
32413 1002
32413 1003
32415 1004
32415 1005
32416 1006
32417 1007
32419 1008
32419 1009
32424 1010
32433 1011
32434 1012
32435 1013
32443 1014
32443 1015
32444 1016
32445 1017
32452 1018
32487 1019
32530 1020
32539 1021
32541 1022
32541 1023
32561 1024
32562 1025
32563 1026
32566 1027
32593 1028
32657 1029
32715 1030
32722 1031
32722 1032
32737 1033
32737 1034
32737 1035
32791 1036
32864 1037
32901 1038
32901 1039
32901 1040
32902 1041
32902 1042
32902 1043
32931 1044
32934 1045
32936 1046
32937 1047
32937 1048
32937 1049
32938 1050
32941 1051
32942 1052
32943 1053
32948 1054
33043 1055
33048 1056
33056 1057
33057 1058
33081 1059
33081 1060
33086 1061
33097 1062
33097 1063
33097 1064
33099 1065
33105 1066
33113 1067
33119 1068
33120 1069
33120 1070
33173 1071
33179 1072
33180 1073
33180 1074
33180 1075
33186 1076
33188 1077
33188 1078
33256 1079
33342 1080
33345 1081
33349 1082
33354 1083
33357 1084
33398 1085
33401 1086
33403 1087
33404 1088
33425 1089
33425 1090
33425 1091
33481 1092
33481 1093
33546 1094
33547 1095
33553 1096
33557 1097
33557 1098
33628 1099
33630 1100
33630 1101
33630 1102
33632 1103
33634 1104
33638 1105
33638 1106
33639 1107
33639 1108
33640 1109
33646 1110
33666 1111
33671 1112
33676 1113
33677 1114
33678 1115
33685 1116
33750 1117
33758 1118
33762 1119
33818 1120
33845 1121
33941 1122
33942 1123
33958 1124
33997 1125
34039 1126
34081 1127
34082 1128
34121 1129
34121 1130
34121 1131
34121 1132
34122 1133
34122 1134
34124 1135
34124 1136
34132 1137
34133 1138
34137 1139
34139 1140
34140 1141
34143 1142
34154 1143
34160 1144
34163 1145
34164 1146
34171 1147
34174 1148
34180 1149
34204 1150
34303 1151
34425 1152
34426 1153
34426 1154
34426 1155
34427 1156
34427 1157
34437 1158
34437 1159
34586 1160
34605 1161
34605 1162
34609 1163
34613 1164
34614 1165
34617 1166
34645 1167
34648 1168
34656 1169
34657 1170
34658 1171
34658 1172
34712 1173
34713 1174
34713 1175
34713 1176
34714 1177
34714 1178
34722 1179
34782 1180
34782 1181
34782 1182
34824 1183
34832 1184
34833 1185
34877 1186
34877 1187
34921 1188
34923 1189
34927 1190
35067 1191
35587 1192
35591 1193
35957 1194
35957 1195
36984 1196
36984 1197
36986 1198
36988 1199
36992 1200
36997 1201
37221 1202
37224 1203
37227 1204
37227 1205
37228 1206
37231 1207
37237 1208
37247 1209
37399 1210
37401 1211
37402 1212
37402 1213
37405 1214
37405 1215
37411 1216
37411 1217
37414 1218
37440 1219
37566 1220
37609 1221
37632 1222
37658 1223
37658 1224
37779 1225
37780 1226
37786 1227
37787 1228
37788 1229
37872 1230
37943 1231
37985 1232
37989 1233
37989 1234
37990 1235
38001 1236
38155 1237
38198 1238
38207 1239
38210 1240
38210 1241
38224 1242
38261 1243
38261 1244
38261 1245
38262 1246
38267 1247
38270 1248
38273 1249
38317 1250
38322 1251
38381 1252
38381 1253
38381 1254
38381 1255
38403 1256
38412 1257
38536 1258
38546 1259
38554 1260
38557 1261
38636 1262
38758 1263
38758 1264
38761 1265
38766 1266
38785 1267
38785 1268
38785 1269
38786 1270
38786 1271
38793 1272
38793 1273
38794 1274
38794 1275
38796 1276
38798 1277
38805 1278
38805 1279
38809 1280
38909 1281
38927 1282
38949 1283
38955 1284
39045 1285
39077 1286
39080 1287
39082 1288
39085 1289
39085 1290
39096 1291
39122 1292
39122 1293
39122 1294
39123 1295
39123 1296
39123 1297
39123 1298
39127 1299
39130 1300
39131 1301
39149 1302
39161 1303
39166 1304
39175 1305
39229 1306
39229 1307
39229 1308
39301 1309
39303 1310
39305 1311
39307 1312
39308 1313
39310 1314
39313 1315
39330 1316
39337 1317
39338 1318
39344 1319
39345 1320
39349 1321
39357 1322
39358 1323
39360 1324
39366 1325
39377 1326
39377 1327
39507 1328
39507 1329
39508 1330
39508 1331
39510 1332
39510 1333
39512 1334
39515 1335
39515 1336
39517 1337
39518 1338
39518 1339
39572 1340
39575 1341
39670 1342
39735 1343
39742 1344
39748 1345
39752 1346
39758 1347
39800 1348
39801 1349
39801 1350
39804 1351
39804 1352
39808 1353
39809 1354
39810 1355
39812 1356
39812 1357
39813 1358
39813 1359
39814 1360
39814 1361
39814 1362
39814 1363
39814 1364
39815 1365
39819 1366
39820 1367
39865 1368
39867 1369
39869 1370
39869 1371
39870 1372
39870 1373
39873 1374
39873 1375
39874 1376
39875 1377
39875 1378
39876 1379
39878 1380
39881 1381
39881 1382
39898 1383
39904 1384
39905 1385
39925 1386
39939 1387
39945 1388
39947 1389
39958 1390
39970 1391
39989 1392
39989 1393
39991 1394
39993 1395
39998 1396
39998 1397
40000 1398
40002 1399
40002 1400
40002 1401
40003 1402
40004 1403
40005 1404
40007 1405
40050 1406
40054 1407
40090 1408
40096 1409
40145 1410
40149 1411
40150 1412
40150 1413
40154 1414
40177 1415
40177 1416
40177 1417
40182 1418
40182 1419
40183 1420
40188 1421
40189 1422
40189 1423
40189 1424
40189 1425
40189 1426
40189 1427
40191 1428
40234 1429
40240 1430
40342 1431
40351 1432
40366 1433
40369 1434
40399 1435
40403 1436
40405 1437
40405 1438
40411 1439
40429 1440
40429 1441
40430 1442
40430 1443
40430 1444
40430 1445
40430 1446
40442 1447
40443 1448
40459 1449
40522 1450
40523 1451
40527 1452
40528 1453
40530 1454
40541 1455
40551 1456
40553 1457
40559 1458
40581 1459
40581 1460
40585 1461
40594 1462
40594 1463
40605 1464
40605 1465
40606 1466
40606 1467
40608 1468
40610 1469
40628 1470
40653 1471
40653 1472
40653 1473
40659 1474
40670 1475
40680 1476
40681 1477
40708 1478
40713 1479
40716 1480
40720 1481
40727 1482
40728 1483
40732 1484
40735 1485
40749 1486
40749 1487
40749 1488
40753 1489
40759 1490
40766 1491
40793 1492
40793 1493
40820 1494
40820 1495
40825 1496
40827 1497
40830 1498
40832 1499
40834 1500
40834 1501
40835 1502
40836 1503
40844 1504
40845 1505
40849 1506
40850 1507
40892 1508
40910 1509
40910 1510
40938 1511
40945 1512
40946 1513
40949 1514
40949 1515
40949 1516
40961 1517
40963 1518
41004 1519
41005 1520
41011 1521
41018 1522
41146 1523
41157 1524
41157 1525
41165 1526
41190 1527
41202 1528
41305 1529
41307 1530
41314 1531
41330 1532
41389 1533
41389 1534
41401 1535
41409 1536
41409 1537
41410 1538
41411 1539
41412 1540
41413 1541
41419 1542
41419 1543
41420 1544
41420 1545
41421 1546
41421 1547
41591 1548
41597 1549
41601 1550
41760 1551
41792 1552
41841 1553
41841 1554
41842 1555
41842 1556
41846 1557
41846 1558
41907 1559
41911 1560
41949 1561
41957 1562
41980 1563
42160 1564
42167 1565
42385 1566
42385 1567
42386 1568
42386 1569
42458 1570
42468 1571
42471 1572
42479 1573
42481 1574
42491 1575
42494 1576
42495 1577
42527 1578
42537 1579
42537 1580
42561 1581
42562 1582
42562 1583
42563 1584
42563 1585
42566 1586
42568 1587
42571 1588
42704 1589
42733 1590
42738 1591
42743 1592
42745 1593
42745 1594
42748 1595
42754 1596
42791 1597
42833 1598
43037 1599
43039 1600
43042 1601
43049 1602
43085 1603
43109 1604
43132 1605
43135 1606
43135 1607
43137 1608
43138 1609
43143 1610
43147 1611
43169 1612
43173 1613
43175 1614
43181 1615
43273 1616
43273 1617
43275 1618
43505 1619
43562 1620
43633 1621
43642 1622
43644 1623
43645 1624
43646 1625
43654 1626
43685 1627
43689 1628
43693 1629
43865 1630
43873 1631
43989 1632
43989 1633
43992 1634
43992 1635
43992 1636
43997 1637
44001 1638
44002 1639
44167 1640
44169 1641
44175 1642
44295 1643
44301 1644
44309 1645
44470 1646
44471 1647
44471 1648
44471 1649
44471 1650
44471 1651
44473 1652
44474 1653
44477 1654
44477 1655
44478 1656
44479 1657
44480 1658
44481 1659
44486 1660
44508 1661
44530 1662
44620 1663
44620 1664
44622 1665
44629 1666
44631 1667
44644 1668
44649 1669
44662 1670
44707 1671
44712 1672
44712 1673
44713 1674
44713 1675
44716 1676
44717 1677
44719 1678
44720 1679
44720 1680
44744 1681
44747 1682
44751 1683
44759 1684
44843 1685
44843 1686
44853 1687
44854 1688
44986 1689
45088 1690
45094 1691
45126 1692
45439 1693
45492 1694
45580 1695
45729 1696
45731 1697
46080 1698
46086 1699
46108 1700
46112 1701
46400 1702
48773 1703
48773 1704
48774 1705
48778 1706
48779 1707
48780 1708
48786 1709
48787 1710
49243 1711
49246 1712
49248 1713
49248 1714
49249 1715
49250 1716
49252 1717
49445 1718
49445 1719
49447 1720
49447 1721
49447 1722
49447 1723
49447 1724
49448 1725
49448 1726
49448 1727
49448 1728
49448 1729
49448 1730
49448 1731
49448 1732
49449 1733
49449 1734
49450 1735
49451 1736
49461 1737
49513 1738
49604 1739
49609 1740
49616 1741
49617 1742
49618 1743
49633 1744
49634 1745
49634 1746
49634 1747
49634 1748
49634 1749
49640 1750
49646 1751
49693 1752
49702 1753
49703 1754
49856 1755
49859 1756
49919 1757
49922 1758
49922 1759
49924 1760
49926 1761
49926 1762
49928 1763
49932 1764
49932 1765
49934 1766
49950 1767
49950 1768
49951 1769
49955 1770
49955 1771
49989 1772
49989 1773
49991 1774
49991 1775
49991 1776
50001 1777
50003 1778
50059 1779
50133 1780
50152 1781
50170 1782
50181 1783
50197 1784
50198 1785
50290 1786
50296 1787
50377 1788
50389 1789
50394 1790
50395 1791
50395 1792
50401 1793
50443 1794
50445 1795
50446 1796
50447 1797
50449 1798
50449 1799
50450 1800
50451 1801
50452 1802
50452 1803
50455 1804
50455 1805
50455 1806
50458 1807
50545 1808
50546 1809
50640 1810
50662 1811
50699 1812
50705 1813
50705 1814
50718 1815
50721 1816
50723 1817
50766 1818
50782 1819
50861 1820
50862 1821
50902 1822
50908 1823
50923 1824
50939 1825
50969 1826
70116 1827
70798 1828
70802 1829
70802 1830
70805 1831
70806 1832
70934 1833
70936 1834
70941 1835
70942 1836
70946 1837
70947 1838
71150 1839
71152 1840
71309 1841
71317 1842
71381 1843
71381 1844
71515 1845
71515 1846
71519 1847
71550 1848
71674 1849
71675 1850
71675 1851
71675 1852
71678 1853
71678 1854
71681 1855
71682 1856
71686 1857
71841 1858
71846 1859
71849 1860
71850 1861
71865 1862
71866 1863
71871 1864
71875 1865
71876 1866
71877 1867
71928 1868
71929 1869
71934 1870
71936 1871
71941 1872
71997 1873
72016 1874
72058 1875
72058 1876
72141 1877
72174 1878
72238 1879
72238 1880
72238 1881
72238 1882
72238 1883
72238 1884
72238 1885
72239 1886
72239 1887
72239 1888
72245 1889
72249 1890
72363 1891
72363 1892
72370 1893
72372 1894
72373 1895
72390 1896
72443 1897
72443 1898
72443 1899
72443 1900
72443 1901
72444 1902
72457 1903
72514 1904
72575 1905
72594 1906
72635 1907
72638 1908
72692 1909
72734 1910
72803 1911
72882 1912
98163 1913
99278 1914
99281 1915
99282 1916
99287 1917
99289 1918
99296 1919
99650 1920
99813 1921
99816 1922
100012 1923
100013 1924
100020 1925
100027 1926
100038 1927
100040 1928
100043 1929
100045 1930
100047 1931
100047 1932
100047 1933
100052 1934
100052 1935
100054 1936
100207 1937
100209 1938
100209 1939
100214 1940
100217 1941
100217 1942
100289 1943
100301 1944
100302 1945
100377 1946
100506 1947
100506 1948
100506 1949
100506 1950
100507 1951
100514 1952
100517 1953
100519 1954
100520 1955
100630 1956
100634 1957
100644 1958
100649 1959
100650 1960
100686 1961
100686 1962
100686 1963
100698 1964
100706 1965
100726 1966
100730 1967
100730 1968
100734 1969
100737 1970
100814 1971
100918 1972
100918 1973
100918 1974
100919 1975
100919 1976
100919 1977
100919 1978
100928 1979
100959 1980
101011 1981
101075 1982
101078 1983
101081 1984
101081 1985
101082 1986
101089 1987
101090 1988
101194 1989
101205 1990
101398 1991
101400 1992
101400 1993
101402 1994
101570 1995
101626 1996
101627 1997
101627 1998
101867 1999
158067 2000
158076 2001
158076 2002
158076 2003
159335 2004
159335 2005
159335 2006
159336 2007
159336 2008
159340 2009
159340 2010
159340 2011
159340 2012
159340 2013
159341 2014
159341 2015
159341 2016
159341 2017
159343 2018
159345 2019
159345 2020
159350 2021
159499 2022
159660 2023
159664 2024
159669 2025
159674 2026
159675 2027
159701 2028
159706 2029
159715 2030
159725 2031
159730 2032
159916 2033
160000 2034
160004 2035
160037 2036
160043 2037
160085 2038
160088 2039
160131 2040
160131 2041
160173 2042
160251 2043
160266 2044
160268 2045
160285 2046
160288 2047
160289 2048
160355 2049
160392 2050
160444 2051
160450 2052
160499 2053
160502 2054
160503 2055
160503 2056
160507 2057
160508 2058
160543 2059
160551 2060
160589 2061
160595 2062
160597 2063
160598 2064
160603 2065
160603 2066
160683 2067
160685 2068
160736 2069
160744 2070
160763 2071
160772 2072
160774 2073
160778 2074
160784 2075
160788 2076
160852 2077
160852 2078
160853 2079
160854 2080
160858 2081
160858 2082
160858 2083
160859 2084
160860 2085
160862 2086
160864 2087
160864 2088
160865 2089
160865 2090
160868 2091
160897 2092
160900 2093
160904 2094
161002 2095
161117 2096
161209 2097
161215 2098
161217 2099
161218 2100
161223 2101
161224 2102
161227 2103
161351 2104
161381 2105
161382 2106
161383 2107
161405 2108
161409 2109
161428 2110
161624 2111
161628 2112
161630 2113
161636 2114
161643 2115
161819 2116
161823 2117
161825 2118
161826 2119
161828 2120
161830 2121
161830 2122
161830 2123
161830 2124
161886 2125
161886 2126
161895 2127
161912 2128
161979 2129
161979 2130
161979 2131
162189 2132
162294 2133
162296 2134
162301 2135
162384 2136
162384 2137
162393 2138
162399 2139
162404 2140
162405 2141
162487 2142
162487 2143
162487 2144
162487 2145
162488 2146
162515 2147
162515 2148
162553 2149
162557 2150
162566 2151
162569 2152
162583 2153
162584 2154
162611 2155
162638 2156
162692 2157
162695 2158
162695 2159
162695 2160
162699 2161
162705 2162
162705 2163
162707 2164
162709 2165
162722 2166
162724 2167
162763 2168
162763 2169
162773 2170
163082 2171
