609 1
614 2
615 3
615 4
616 5
623 6
623 7
684 8
686 9
686 10
688 11
690 12
691 13
692 14
696 15
697 16
698 17
808 18
819 19
848 20
848 21
851 22
968 23
979 24
1048 25
1056 26
1058 27
1058 28
1059 29
1059 30
1061 31
1065 32
1067 33
1069 34
1069 35
1069 36
1070 37
1139 38
1229 39
1274 40
1299 41
1328 42
1330 43
1340 44
1403 45
1404 46
1426 47
1472 48
1494 49
1497 50
1499 51
1501 52
1502 53
1506 54
1508 55
1556 56
1556 57
1558 58
1560 59
1566 60
1570 61
1571 62
1571 63
1571 64
1598 65
1606 66
1623 67
1626 68
1629 69
1631 70
1631 71
1632 72
1634 73
1636 74
1638 75
1639 76
1640 77
1710 78
1711 79
1713 80
1714 81
1719 82
1722 83
1730 84
1749 85
1750 86
1750 87
1750 88
1750 89
1751 90
1751 91
1751 92
1752 93
1753 94
1753 95
1757 96
1757 97
1759 98
1760 99
1805 100
1812 101
1813 102
1813 103
1813 104
1814 105
1824 106
1824 107
1824 108
1825 109
1825 110
1825 111
1833 112
1834 113
1834 114
1858 115
1902 116
1902 117
1904 118
1911 119
1944 120
2003 121
2005 122
2026 123
2026 124
2061 125
2066 126
2079 127
2178 128
2183 129
2244 130
2256 131
2273 132
2274 133
2285 134
2286 135
2286 136
2292 137
2300 138
2300 139
2301 140
2303 141
2309 142
2312 143
2313 144
2343 145
2345 146
2346 147
2348 148
2349 149
2350 150
2351 151
2352 152
2353 153
2355 154
2356 155
2370 156
2390 157
2392 158
2436 159
2440 160
2441 161
2521 162
2522 163
2524 164
2601 165
2602 166
2602 167
2602 168
2602 169
2602 170
2614 171
2628 172
2632 173
2632 174
2640 175
2641 176
2658 177
2658 178
2658 179
2725 180
2847 181
2848 182
2850 183
2857 184
2872 185
2891 186
2897 187
2903 188
2948 189
2952 190
2952 191
2953 192
2955 193
2955 194
2956 195
2961 196
3002 197
3002 198
3002 199
3003 200
3007 201
3008 202
3009 203
3011 204
3012 205
3015 206
3027 207
3085 208
3086 209
3161 210
3177 211
3181 212
3195 213
3195 214
3198 215
3200 216
3202 217
3203 218
3204 219
3302 220
3302 221
3305 222
3305 223
3306 224
3383 225
3385 226
3387 227
3469 228
3470 229
3474 230
3475 231
3475 232
3475 233
3476 234
3478 235
3478 236
3479 237
3479 238
3479 239
3479 240
3488 241
3525 242
3526 243
3538 244
3538 245
3538 246
3557 247
3561 248
3561 249
3562 250
3562 251
3563 252
3564 253
3565 254
3566 255
3566 256
3569 257
3576 258
3576 259
3647 260
3706 261
3707 262
3710 263
3710 264
3713 265
3713 266
3732 267
3740 268
3774 269
3792 270
3792 271
3794 272
3794 273
3794 274
3795 275
3796 276
3797 277
3799 278
3799 279
3799 280
3799 281
3800 282
3804 283
3804 284
3805 285
3806 286
3807 287
3870 288
3872 289
3872 290
3873 291
3873 292
3885 293
3885 294
3885 295
3957 296
3958 297
3958 298
3958 299
3958 300
3958 301
3958 302
3969 303
4051 304
4082 305
4085 306
4086 307
4162 308
4162 309
4163 310
4164 311
4167 312
4167 313
4167 314
4172 315
4175 316
4175 317
4206 318
4206 319
4243 320
4244 321
4247 322
4247 323
4249 324
4310 325
4402 326
4402 327
4404 328
4404 329
4405 330
4405 331
4406 332
4406 333
4407 334
4408 335
4409 336
4437 337
4507 338
4507 339
4508 340
4511 341
4520 342
4522 343
4522 344
4522 345
4538 346
4546 347
4546 348
4547 349
4547 350
4575 351
4578 352
4583 353
4586 354
4633 355
4638 356
4644 357
4679 358
4680 359
4692 360
4769 361
4769 362
4822 363
4822 364
4828 365
4830 366
4832 367
4832 368
4844 369
4844 370
4851 371
4856 372
4856 373
4906 374
4952 375
4957 376
4962 377
4962 378
5016 379
5016 380
5024 381
5124 382
5151 383
5151 384
5153 385
5153 386
5154 387
5154 388
5156 389
5291 390
5296 391
5296 392
5300 393
5302 394
5302 395
5304 396
5305 397
5312 398
5314 399
5371 400
5371 401
5372 402
5374 403
5374 404
5375 405
5375 406
5375 407
5379 408
5420 409
5445 410
5550 411
5550 412
5701 413
5712 414
5713 415
5729 416
5747 417
5757 418
5762 419
5764 420
5804 421
5815 422
5820 423
5820 424
5821 425
5824 426
5837 427
5870 428
5872 429
5895 430
5989 431
5997 432
6067 433
6147 434
6359 435
6361 436
6361 437
6361 438
6362 439
6364 440
6366 441
6367 442
6370 443
6375 444
6744 445
6753 446
6799 447
6800 448
6800 449
6803 450
6805 451
6807 452
6808 453
6808 454
6810 455
6811 456
6813 457
6814 458
6923 459
6923 460
6925 461
6928 462
6933 463
6934 464
7046 465
7046 466
7046 467
7047 468
7050 469
7055 470
7055 471
7065 472
7144 473
7150 474
7282 475
7283 476
7285 477
7285 478
7287 479
7292 480
7333 481
7338 482
7340 483
7342 484
7402 485
7407 486
7426 487
7484 488
7555 489
7561 490
7582 491
7584 492
7651 493
7654 494
7658 495
7690 496
7701 497
7715 498
7767 499
7770 500
7978 501
8062 502
8071 503
8172 504
8173 505
8266 506
8266 507
8266 508
8266 509
8266 510
8266 511
8267 512
8311 513
8353 514
8446 515
8446 516
8446 517
8678 518
8731 519
8737 520
9022 521
9061 522
9681 523
9682 524
9684 525
9686 526
9687 527
9688 528
9688 529
9689 530
9694 531
9710 532
10050 533
10058 534
10059 535
10086 536
10086 537
10086 538
10086 539
10086 540
10093 541
10098 542
10099 543
10107 544
10113 545
10342 546
10342 547
10342 548
10345 549
10353 550
10353 551
10354 552
10354 553
10354 554
10354 555
10354 556
10358 557
10359 558
10458 559
10458 560
10458 561
10458 562
10467 563
10469 564
10487 565
10487 566
10487 567
10487 568
10487 569
10566 570
10566 571
10567 572
10568 573
10572 574
10575 575
10584 576
10623 577
10707 578
10710 579
10712 580
10727 581
10854 582
10856 583
10867 584
10899 585
10905 586
10958 587
10989 588
10990 589
10990 590
10993 591
10996 592
11064 593
11066 594
11066 595
11066 596
11066 597
11069 598
11069 599
11070 600
11074 601
11075 602
11075 603
11075 604
11077 605
11123 606
11170 607
11182 608
11224 609
11244 610
11264 611
11266 612
11266 613
11267 614
11269 615
11272 616
11328 617
11363 618
11369 619
11370 620
11372 621
11373 622
11375 623
11377 624
11378 625
11385 626
11386 627
11386 628
11386 629
11393 630
11393 631
11395 632
11398 633
11399 634
11404 635
11426 636
11426 637
11434 638
11434 639
11480 640
11481 641
11487 642
11490 643
11547 644
11555 645
11556 646
11557 647
11558 648
11558 649
11559 650
11563 651
11563 652
11564 653
11565 654
11567 655
11569 656
11586 657
11586 658
11590 659
11598 660
11628 661
11633 662
11635 663
11673 664
11674 665
11678 666
11694 667
11694 668
11697 669
11697 670
11698 671
11699 672
11709 673
11736 674
11738 675
11738 676
11738 677
11738 678
11739 679
11766 680
11783 681
11852 682
11862 683
11869 684
11870 685
11878 686
11880 687
11887 688
11955 689
11962 690
11962 691
11962 692
11964 693
11964 694
12068 695
12075 696
12080 697
12109 698
12113 699
12116 700
12180 701
12189 702
12326 703
12377 704
12378 705
12441 706
12578 707
12578 708
12578 709
12578 710
12579 711
12579 712
12585 713
12587 714
12587 715
12693 716
12721 717
12786 718
13325 719
13363 720
13408 721
13518 722
13634 723
13634 724
13638 725
13639 726
13640 727
13642 728
13789 729
13841 730
13846 731
13846 732
13846 733
13846 734
13846 735
13846 736
13847 737
13847 738
13847 739
13847 740
13847 741
13856 742
13859 743
13862 744
13863 745
13863 746
13864 747
13867 748
13884 749
14048 750
14048 751
14116 752
14117 753
14119 754
14120 755
14124 756
14126 757
14126 758
14126 759
14129 760
14130 761
14134 762
14190 763
14204 764
14206 765
14218 766
14218 767
14218 768
14218 769
14220 770
14226 771
14228 772
14243 773
14246 774
14254 775
14254 776
14258 777
14270 778
14278 779
14322 780
14322 781
14322 782
14322 783
14322 784
14336 785
14372 786
14392 787
14394 788
14397 789
14398 790
14400 791
14401 792
14402 793
14403 794
14463 795
14463 796
14464 797
14466 798
14467 799
14468 800
14468 801
14468 802
14471 803
14473 804
14473 805
14475 806
14486 807
14486 808
14486 809
14486 810
14486 811
14487 812
14490 813
14496 814
14498 815
14509 816
14513 817
14519 818
14542 819
14634 820
14634 821
14634 822
14634 823
14634 824
14634 825
14635 826
14635 827
14635 828
14636 829
14639 830
14640 831
14744 832
14747 833
14747 834
14749 835
14749 836
14751 837
14751 838
14753 839
14753 840
14753 841
14755 842
14755 843
14755 844
14757 845
14775 846
14780 847
14782 848
14783 849
14786 850
14786 851
14802 852
14811 853
14863 854
14864 855
14864 856
14864 857
14864 858
14869 859
14871 860
14887 861
14896 862
15004 863
15004 864
15021 865
15021 866
15021 867
15022 868
15024 869
15024 870
15028 871
15030 872
15032 873
15033 874
15034 875
15038 876
15085 877
15085 878
15087 879
15088 880
15089 881
15091 882
15091 883
15095 884
15096 885
15098 886
15154 887
15161 888
15164 889
15166 890
15181 891
15251 892
15254 893
15255 894
15257 895
15259 896
15261 897
15262 898
15264 899
15269 900
15272 901
15274 902
15306 903
15350 904
15370 905
15388 906
15415 907
15416 908
15417 909
15419 910
15423 911
15427 912
15428 913
15439 914
15467 915
15539 916
15558 917
15623 918
15717 919
15729 920
15757 921
15837 922
15914 923
15917 924
15924 925
16292 926
16442 927
16444 928
16447 929
16447 930
16449 931
16449 932
16449 933
16452 934
16452 935
16453 936
16453 937
16454 938
16455 939
16457 940
16459 941
16546 942
16597 943
16598 944
16600 945
16601 946
16602 947
16602 948
16604 949
16604 950
16606 951
16607 952
16608 953
16608 954
16609 955
16609 956
16611 957
16611 958
16612 959
16771 960
16771 961
16774 962
16774 963
16776 964
16785 965
16786 966
16786 967
16788 968
16916 969
16927 970
16945 971
16945 972
16947 973
16948 974
16950 975
16952 976
16957 977
16979 978
16982 979
16984 980
16984 981
17028 982
17030 983
17038 984
17094 985
17094 986
17094 987
17094 988
17095 989
17095 990
17095 991
17095 992
17100 993
17122 994
17129 995
17144 996
17326 997
17326 998
17326 999
17328 1000
17330 1001
17330 1002
17393 1003
17418 1004
17418 1005
17420 1006
17422 1007
17477 1008
17506 1009
17515 1010
17519 1011
17549 1012
17565 1013
17566 1014
17571 1015
17687 1016
17687 1017
17714 1018
17733 1019
17782 1020
17782 1021
17784 1022
17784 1023
17790 1024
17791 1025
17791 1026
17822 1027
17847 1028
17848 1029
17854 1030
17862 1031
17862 1032
18177 1033
18204 1034
18213 1035
32959 1036
32993 1037
33395 1038
33396 1039
33397 1040
33400 1041
33400 1042
33401 1043
33402 1044
33402 1045
33406 1046
33408 1047
33408 1048
33762 1049
33763 1050
33766 1051
33767 1052
33769 1053
33770 1054
33771 1055
33837 1056
33837 1057
34015 1058
34216 1059
34220 1060
34222 1061
34225 1062
34229 1063
34229 1064
34229 1065
34236 1066
34238 1067
34239 1068
34241 1069
34242 1070
34245 1071
34245 1072
34246 1073
34248 1074
34249 1075
34414 1076
34424 1077
34558 1078
34611 1079
34611 1080
34615 1081
34619 1082
34619 1083
34756 1084
34760 1085
34761 1086
34762 1087
34769 1088
34769 1089
34792 1090
34810 1091
34810 1092
34860 1093
34918 1094
34922 1095
34987 1096
34991 1097
34994 1098
35013 1099
35022 1100
35126 1101
35128 1102
35143 1103
35145 1104
35258 1105
35284 1106
35339 1107
35340 1108
35345 1109
35345 1110
35346 1111
35347 1112
35349 1113
35354 1114
35385 1115
35568 1116
35568 1117
35569 1118
35570 1119
35571 1120
35571 1121
35572 1122
35573 1123
35576 1124
35576 1125
35577 1126
35577 1127
35580 1128
35581 1129
35583 1130
35663 1131
35663 1132
35663 1133
35668 1134
35669 1135
35671 1136
35671 1137
35672 1138
35672 1139
35708 1140
35796 1141
35809 1142
35816 1143
35843 1144
35845 1145
35852 1146
35873 1147
35880 1148
35883 1149
35885 1150
35886 1151
35889 1152
35965 1153
36054 1154
36061 1155
36062 1156
36062 1157
36063 1158
36063 1159
36064 1160
36064 1161
36065 1162
36065 1163
36066 1164
36069 1165
36069 1166
36069 1167
36070 1168
36070 1169
36070 1170
36071 1171
36071 1172
36072 1173
36075 1174
36078 1175
36078 1176
36078 1177
36078 1178
36079 1179
36081 1180
36082 1181
36086 1182
36089 1183
36094 1184
36094 1185
36097 1186
36098 1187
36098 1188
36099 1189
36102 1190
36102 1191
36102 1192
36113 1193
36175 1194
36193 1195
36205 1196
36207 1197
36207 1198
36208 1199
36209 1200
36209 1201
36210 1202
36212 1203
36213 1204
36213 1205
36215 1206
36261 1207
36262 1208
36264 1209
36294 1210
36294 1211
36382 1212
36382 1213
36382 1214
36382 1215
36388 1216
36391 1217
36392 1218
36394 1219
36395 1220
36396 1221
36422 1222
36430 1223
36430 1224
36450 1225
36450 1226
36450 1227
36450 1228
36478 1229
36480 1230
36484 1231
36484 1232
36489 1233
36530 1234
36530 1235
36530 1236
36530 1237
36530 1238
36531 1239
36531 1240
36536 1241
36555 1242
36557 1243
36572 1244
36579 1245
36584 1246
36606 1247
36606 1248
36606 1249
36606 1250
36607 1251
36620 1252
36635 1253
36636 1254
36637 1255
36637 1256
36638 1257
36638 1258
36638 1259
36638 1260
36640 1261
36640 1262
36642 1263
36643 1264
36643 1265
36644 1266
36645 1267
36646 1268
36649 1269
36650 1270
36652 1271
36655 1272
36657 1273
36659 1274
36670 1275
36671 1276
36673 1277
36674 1278
36674 1279
36676 1280
36679 1281
36754 1282
36754 1283
36754 1284
36754 1285
36755 1286
36755 1287
36755 1288
36850 1289
36859 1290
36861 1291
36872 1292
36898 1293
36922 1294
36923 1295
36927 1296
36928 1297
36929 1298
36933 1299
36937 1300
37009 1301
37010 1302
37010 1303
37031 1304
37040 1305
37070 1306
37071 1307
37074 1308
37080 1309
37082 1310
37085 1311
37250 1312
37288 1313
37298 1314
37298 1315
37309 1316
37317 1317
37385 1318
37415 1319
37416 1320
37419 1321
37438 1322
37439 1323
37487 1324
37488 1325
37554 1326
37554 1327
37554 1328
37554 1329
37558 1330
37558 1331
37677 1332
37690 1333
37695 1334
37699 1335
37703 1336
37718 1337
37730 1338
37742 1339
37743 1340
37842 1341
37847 1342
37853 1343
37951 1344
37973 1345
38006 1346
38062 1347
38063 1348
38072 1349
38074 1350
38074 1351
38074 1352
38074 1353
38075 1354
38214 1355
38254 1356
38508 1357
38513 1358
38526 1359
38526 1360
38526 1361
38531 1362
38531 1363
38531 1364
38914 1365
40741 1366
40741 1367
40745 1368
40750 1369
40750 1370
40750 1371
40751 1372
40751 1373
40754 1374
40759 1375
40760 1376
40760 1377
40760 1378
40760 1379
40761 1380
40762 1381
40763 1382
40767 1383
40768 1384
41158 1385
41160 1386
41160 1387
41165 1388
41165 1389
41167 1390
41173 1391
41176 1392
41281 1393
41281 1394
41281 1395
41282 1396
41288 1397
41288 1398
41290 1399
41292 1400
41301 1401
41317 1402
41317 1403
41318 1404
41325 1405
41325 1406
41348 1407
41350 1408
41361 1409
41399 1410
41409 1411
41412 1412
41432 1413
41433 1414
41434 1415
41435 1416
41436 1417
41436 1418
41437 1419
41440 1420
41440 1421
41442 1422
41442 1423
41444 1424
41445 1425
41446 1426
41447 1427
41447 1428
41537 1429
41540 1430
41557 1431
41561 1432
41562 1433
41564 1434
41564 1435
41568 1436
41570 1437
41635 1438
41637 1439
41697 1440
41697 1441
41704 1442
41706 1443
41723 1444
41724 1445
41726 1446
41730 1447
41731 1448
41733 1449
41832 1450
41838 1451
41845 1452
41849 1453
41850 1454
41857 1455
41886 1456
41886 1457
41914 1458
41917 1459
41918 1460
41919 1461
41923 1462
41924 1463
41927 1464
41928 1465
41937 1466
41942 1467
41946 1468
41947 1469
41955 1470
41957 1471
41969 1472
41970 1473
41970 1474
41970 1475
41971 1476
41971 1477
41974 1478
41974 1479
41974 1480
41974 1481
41974 1482
41975 1483
41975 1484
41980 1485
42089 1486
42102 1487
42106 1488
42174 1489
42185 1490
42186 1491
42186 1492
42186 1493
42186 1494
42190 1495
42195 1496
42197 1497
42198 1498
42202 1499
42202 1500
42206 1501
42206 1502
42240 1503
42242 1504
42245 1505
42330 1506
42338 1507
42342 1508
42365 1509
42442 1510
42478 1511
42478 1512
42611 1513
42621 1514
42674 1515
42679 1516
42763 1517
42765 1518
42806 1519
42826 1520
42826 1521
42895 1522
43014 1523
43014 1524
43014 1525
43119 1526
43198 1527
43198 1528
43198 1529
43198 1530
43199 1531
43200 1532
43205 1533
43206 1534
43206 1535
43211 1536
43211 1537
43211 1538
43212 1539
43214 1540
43215 1541
43216 1542
43217 1543
43217 1544
43218 1545
43218 1546
43218 1547
43220 1548
43499 1549
43502 1550
43506 1551
43507 1552
43508 1553
43508 1554
43570 1555
43577 1556
43578 1557
43582 1558
43582 1559
43583 1560
43583 1561
43584 1562
43636 1563
43817 1564
43820 1565
43824 1566
43854 1567
43854 1568
43857 1569
43861 1570
43861 1571
43895 1572
43895 1573
43902 1574
43911 1575
43913 1576
43922 1577
43944 1578
43951 1579
43952 1580
43970 1581
43973 1582
43977 1583
44011 1584
44012 1585
44022 1586
44022 1587
44024 1588
44027 1589
44027 1590
44116 1591
44116 1592
44123 1593
44191 1594
44194 1595
44203 1596
44203 1597
44204 1598
44205 1599
44207 1600
44207 1601
44208 1602
44209 1603
44209 1604
44211 1605
44211 1606
44217 1607
44217 1608
44217 1609
44217 1610
44302 1611
44310 1612
44311 1613
44316 1614
44316 1615
44332 1616
44335 1617
44335 1618
44335 1619
44341 1620
44342 1621
44343 1622
44344 1623
44403 1624
44406 1625
44406 1626
44411 1627
44438 1628
44442 1629
44442 1630
44453 1631
44455 1632
44456 1633
44530 1634
44530 1635
44532 1636
44533 1637
44534 1638
44535 1639
44535 1640
44536 1641
44538 1642
44538 1643
44540 1644
44541 1645
44543 1646
44543 1647
44544 1648
44545 1649
44546 1650
44552 1651
44552 1652
44556 1653
44557 1654
44557 1655
44587 1656
44588 1657
44596 1658
44605 1659
44612 1660
44627 1661
44630 1662
44631 1663
44632 1664
44634 1665
44669 1666
44670 1667
44676 1668
44677 1669
44678 1670
44711 1671
44724 1672
44726 1673
44727 1674
44733 1675
44766 1676
44773 1677
44774 1678
44774 1679
44777 1680
44778 1681
44806 1682
44806 1683
44809 1684
44812 1685
44814 1686
44816 1687
44821 1688
44823 1689
44854 1690
44971 1691
44981 1692
45011 1693
45012 1694
45012 1695
45025 1696
45109 1697
45110 1698
45268 1699
45293 1700
45345 1701
45427 1702
45430 1703
45433 1704
45441 1705
45442 1706
45442 1707
45446 1708
45448 1709
45450 1710
45450 1711
45606 1712
45608 1713
45611 1714
45614 1715
45615 1716
45616 1717
45617 1718
45617 1719
45617 1720
45617 1721
45618 1722
45619 1723
45620 1724
45621 1725
45622 1726
45624 1727
45624 1728
45630 1729
45633 1730
45653 1731
45814 1732
45851 1733
45854 1734
45855 1735
45855 1736
45856 1737
45857 1738
45962 1739
45983 1740
45983 1741
45983 1742
45983 1743
45984 1744
45990 1745
45990 1746
45991 1747
45991 1748
45995 1749
46046 1750
46046 1751
46046 1752
46047 1753
46050 1754
46130 1755
46171 1756
46178 1757
46180 1758
46207 1759
46208 1760
46284 1761
46294 1762
46365 1763
46418 1764
46494 1765
46498 1766
46498 1767
46498 1768
46499 1769
46519 1770
46523 1771
46526 1772
46539 1773
46540 1774
46555 1775
46555 1776
46556 1777
46557 1778
46558 1779
46560 1780
46563 1781
46578 1782
46616 1783
46624 1784
46628 1785
46631 1786
46771 1787
46856 1788
46921 1789
46924 1790
46925 1791
46941 1792
47002 1793
47033 1794
47034 1795
47035 1796
47038 1797
47040 1798
47040 1799
47041 1800
47066 1801
47066 1802
47066 1803
47067 1804
47139 1805
47171 1806
47171 1807
47171 1808
47171 1809
47226 1810
47275 1811
47278 1812
47278 1813
47279 1814
47279 1815
47279 1816
47281 1817
47287 1818
47288 1819
47289 1820
47289 1821
47291 1822
47298 1823
47304 1824
47318 1825
47338 1826
47368 1827
47386 1828
47386 1829
47386 1830
47387 1831
47387 1832
47398 1833
47423 1834
47428 1835
47428 1836
47428 1837
47430 1838
47435 1839
47442 1840
47580 1841
47590 1842
47598 1843
47620 1844
47622 1845
47622 1846
47675 1847
47678 1848
47678 1849
47733 1850
47734 1851
47742 1852
47747 1853
47801 1854
47802 1855
47803 1856
47805 1857
47810 1858
47811 1859
47812 1860
47813 1861
47817 1862
47817 1863
47909 1864
47911 1865
47922 1866
47922 1867
47986 1868
47987 1869
47988 1870
47990 1871
47992 1872
47993 1873
47994 1874
47994 1875
47994 1876
47997 1877
47997 1878
47998 1879
47999 1880
47999 1881
47999 1882
48004 1883
48005 1884
48088 1885
48092 1886
48100 1887
48362 1888
48366 1889
48382 1890
48387 1891
48387 1892
48392 1893
48396 1894
48418 1895
48451 1896
48457 1897
48458 1898
48461 1899
48463 1900
48466 1901
48468 1902
48514 1903
48515 1904
48515 1905
48517 1906
48522 1907
48523 1908
48524 1909
48525 1910
48526 1911
48528 1912
48531 1913
48533 1914
48605 1915
48606 1916
48610 1917
48681 1918
48681 1919
48780 1920
48784 1921
48786 1922
48786 1923
48790 1924
48792 1925
48798 1926
48798 1927
48801 1928
48804 1929
48808 1930
48829 1931
48830 1932
48831 1933
48831 1934
48833 1935
48837 1936
48898 1937
48903 1938
48905 1939
48908 1940
48912 1941
48914 1942
48976 1943
48999 1944
49001 1945
49002 1946
49008 1947
49042 1948
49042 1949
49090 1950
49090 1951
49090 1952
49091 1953
49091 1954
49098 1955
49109 1956
49117 1957
49121 1958
49159 1959
49230 1960
49234 1961
49234 1962
49234 1963
49235 1964
49375 1965
49479 1966
49479 1967
49481 1968
49484 1969
49487 1970
49489 1971
49506 1972
49506 1973
49506 1974
49516 1975
49588 1976
49590 1977
49596 1978
49596 1979
49620 1980
49622 1981
49738 1982
49738 1983
49740 1984
49743 1985
49743 1986
49743 1987
49748 1988
49750 1989
49750 1990
49754 1991
49755 1992
49756 1993
49762 1994
49762 1995
49763 1996
49770 1997
49810 1998
49810 1999
49811 2000
49812 2001
49813 2002
49815 2003
49818 2004
49820 2005
49836 2006
49839 2007
49841 2008
49854 2009
49856 2010
49857 2011
49858 2012
49903 2013
49939 2014
49990 2015
49990 2016
49998 2017
49998 2018
50094 2019
50095 2020
50101 2021
50105 2022
50107 2023
50108 2024
50114 2025
50123 2026
50132 2027
50133 2028
50151 2029
50156 2030
50159 2031
50222 2032
50278 2033
50279 2034
50286 2035
50287 2036
50289 2037
50290 2038
50291 2039
50291 2040
50292 2041
50317 2042
50320 2043
50320 2044
50320 2045
50321 2046
50378 2047
50384 2048
50393 2049
50456 2050
50460 2051
50461 2052
50462 2053
50648 2054
50652 2055
50656 2056
50658 2057
50664 2058
50684 2059
50782 2060
50782 2061
50783 2062
50791 2063
50793 2064
50795 2065
50795 2066
50795 2067
50796 2068
50804 2069
50870 2070
50880 2071
50938 2072
50938 2073
50938 2074
50938 2075
50995 2076
51052 2077
51086 2078
51090 2079
51115 2080
51130 2081
51130 2082
51131 2083
51133 2084
51140 2085
51215 2086
51223 2087
51237 2088
51282 2089
51318 2090
51320 2091
51334 2092
51346 2093
51346 2094
51347 2095
51347 2096
51347 2097
51347 2098
51347 2099
51347 2100
51404 2101
51406 2102
51413 2103
51414 2104
51414 2105
51414 2106
51415 2107
51415 2108
51415 2109
51417 2110
51418 2111
51418 2112
51420 2113
51426 2114
51516 2115
51516 2116
51520 2117
51524 2118
51524 2119
51525 2120
51528 2121
51630 2122
51662 2123
51701 2124
51706 2125
51706 2126
51707 2127
51707 2128
51707 2129
51707 2130
51707 2131
51734 2132
51836 2133
51843 2134
51869 2135
51871 2136
51872 2137
51874 2138
51875 2139
51878 2140
51879 2141
51880 2142
51882 2143
51882 2144
51884 2145
51892 2146
51893 2147
51893 2148
51980 2149
52012 2150
52019 2151
52020 2152
52049 2153
52224 2154
52225 2155
52253 2156
52266 2157
52268 2158
52270 2159
52274 2160
52274 2161
52277 2162
52279 2163
52280 2164
52284 2165
52285 2166
52286 2167
52286 2168
52288 2169
52289 2170
52289 2171
52290 2172
52290 2173
52290 2174
52291 2175
52291 2176
52291 2177
52293 2178
52293 2179
52294 2180
52294 2181
52295 2182
52298 2183
52299 2184
52300 2185
52582 2186
52582 2187
52621 2188
52627 2189
52627 2190
52650 2191
52650 2192
52654 2193
52655 2194
52662 2195
52663 2196
52665 2197
52666 2198
52669 2199
52669 2200
52672 2201
52673 2202
52674 2203
52732 2204
52734 2205
52770 2206
52942 2207
52946 2208
52962 2209
52962 2210
52962 2211
52967 2212
52968 2213
52971 2214
52971 2215
52973 2216
52975 2217
52977 2218
52977 2219
52983 2220
52988 2221
52988 2222
52991 2223
53043 2224
53122 2225
53170 2226
53182 2227
53203 2228
53256 2229
53281 2230
53285 2231
53292 2232
53310 2233
53418 2234
53422 2235
53422 2236
53425 2237
53458 2238
53544 2239
53546 2240
53573 2241
53658 2242
53662 2243
53664 2244
53666 2245
53666 2246
53666 2247
53750 2248
53750 2249
53815 2250
53842 2251
53842 2252
53843 2253
53854 2254
54031 2255
54031 2256
54032 2257
54032 2258
54146 2259
54146 2260
54147 2261
54147 2262
54158 2263
54462 2264
63698 2265
63700 2266
63702 2267
63703 2268
63704 2269
63709 2270
64274 2271
64276 2272
64280 2273
64281 2274
64284 2275
64284 2276
64285 2277
64285 2278
64286 2279
64287 2280
64288 2281
64288 2282
64292 2283
64293 2284
64295 2285
64654 2286
64654 2287
64656 2288
64656 2289
64657 2290
64657 2291
64658 2292
64662 2293
64663 2294
64663 2295
64666 2296
64667 2297
64667 2298
64668 2299
64668 2300
64669 2301
64670 2302
64675 2303
64704 2304
64707 2305
64714 2306
64717 2307
64718 2308
64720 2309
64721 2310
64723 2311
64723 2312
64851 2313
64851 2314
64853 2315
64854 2316
64854 2317
64856 2318
64856 2319
64856 2320
64856 2321
64859 2322
64860 2323
64861 2324
64861 2325
64869 2326
64900 2327
64902 2328
64903 2329
64905 2330
64907 2331
64908 2332
64912 2333
64914 2334
64940 2335
64942 2336
64943 2337
64943 2338
64944 2339
64945 2340
64951 2341
65080 2342
65084 2343
65085 2344
65086 2345
65087 2346
65087 2347
65089 2348
65095 2349
65095 2350
65095 2351
65096 2352
65097 2353
65097 2354
65098 2355
65100 2356
65101 2357
65108 2358
65271 2359
65273 2360
65275 2361
65278 2362
65278 2363
65280 2364
65282 2365
65282 2366
65283 2367
65283 2368
65284 2369
65286 2370
65303 2371
65312 2372
65322 2373
65323 2374
65323 2375
65334 2376
65334 2377
65337 2378
65337 2379
65337 2380
65338 2381
65338 2382
65344 2383
65347 2384
65348 2385
65349 2386
65397 2387
65401 2388
65494 2389
65500 2390
65614 2391
65620 2392
65622 2393
65624 2394
65627 2395
65633 2396
65656 2397
65659 2398
65663 2399
65669 2400
65671 2401
65672 2402
65674 2403
65675 2404
65682 2405
65682 2406
65684 2407
65689 2408
65690 2409
65690 2410
65712 2411
65712 2412
65714 2413
65718 2414
65720 2415
65722 2416
65723 2417
65726 2418
65729 2419
65731 2420
65734 2421
65736 2422
65741 2423
65840 2424
65840 2425
65841 2426
65844 2427
65844 2428
65846 2429
65849 2430
65849 2431
65853 2432
65854 2433
65854 2434
65858 2435
65863 2436
65915 2437
65949 2438
65954 2439
65954 2440
65954 2441
65955 2442
65956 2443
65959 2444
65961 2445
65961 2446
66006 2447
66011 2448
66018 2449
66019 2450
66027 2451
66027 2452
66033 2453
66036 2454
66037 2455
66037 2456
66037 2457
66038 2458
66067 2459
66072 2460
66078 2461
66080 2462
66090 2463
66094 2464
66099 2465
66184 2466
66186 2467
66186 2468
66188 2469
66188 2470
66189 2471
66190 2472
66193 2473
66193 2474
66194 2475
66195 2476
66197 2477
66199 2478
66200 2479
66204 2480
66226 2481
66227 2482
66227 2483
66231 2484
66231 2485
66232 2486
66233 2487
66245 2488
66258 2489
66263 2490
66270 2491
66271 2492
66271 2493
66275 2494
66378 2495
66383 2496
66383 2497
66385 2498
66388 2499
66389 2500
66391 2501
66391 2502
66393 2503
66395 2504
66396 2505
66396 2506
66401 2507
66401 2508
66402 2509
66406 2510
66411 2511
66411 2512
66456 2513
66462 2514
66463 2515
66470 2516
66476 2517
66481 2518
66482 2519
66483 2520
66483 2521
66548 2522
66550 2523
66553 2524
66554 2525
66555 2526
66557 2527
66558 2528
66560 2529
66561 2530
66561 2531
66562 2532
66568 2533
66569 2534
66569 2535
66572 2536
66574 2537
66580 2538
66640 2539
66669 2540
66671 2541
66672 2542
66673 2543
66673 2544
66677 2545
66680 2546
66681 2547
66732 2548
66734 2549
66734 2550
66735 2551
66735 2552
66736 2553
66738 2554
66739 2555
66743 2556
66743 2557
66746 2558
66748 2559
66749 2560
66751 2561
66752 2562
66753 2563
66753 2564
66754 2565
66755 2566
66756 2567
66826 2568
66827 2569
66828 2570
66837 2571
66866 2572
66866 2573
66866 2574
66867 2575
66867 2576
66867 2577
66869 2578
66869 2579
66869 2580
66869 2581
66872 2582
66872 2583
66873 2584
66873 2585
66876 2586
66876 2587
66876 2588
66879 2589
66879 2590
66916 2591
66937 2592
66942 2593
66974 2594
66975 2595
66975 2596
66977 2597
66978 2598
66979 2599
66979 2600
67017 2601
67023 2602
67052 2603
67052 2604
67071 2605
67074 2606
67074 2607
67076 2608
67079 2609
67081 2610
67083 2611
67085 2612
67094 2613
67096 2614
67096 2615
67098 2616
67099 2617
67099 2618
67142 2619
67145 2620
67163 2621
67194 2622
67202 2623
67203 2624
67207 2625
67209 2626
67212 2627
67222 2628
67223 2629
67223 2630
67223 2631
67223 2632
67224 2633
67230 2634
67234 2635
67237 2636
67267 2637
67278 2638
67333 2639
67335 2640
67336 2641
67336 2642
67337 2643
67338 2644
67338 2645
67340 2646
67340 2647
67341 2648
67342 2649
67343 2650
67372 2651
67374 2652
67375 2653
67376 2654
67378 2655
67380 2656
67382 2657
67383 2658
67383 2659
67383 2660
67385 2661
67390 2662
67394 2663
67398 2664
67401 2665
67419 2666
67421 2667
67447 2668
67457 2669
67460 2670
67465 2671
67467 2672
67467 2673
67467 2674
67468 2675
67486 2676
67510 2677
67511 2678
67514 2679
67515 2680
67516 2681
67614 2682
67615 2683
67618 2684
67621 2685
67621 2686
67720 2687
67721 2688
67722 2689
67734 2690
67742 2691
67756 2692
67762 2693
67768 2694
67783 2695
67784 2696
67787 2697
67886 2698
67895 2699
67916 2700
67953 2701
67977 2702
67978 2703
67980 2704
67986 2705
68045 2706
68050 2707
68103 2708
68104 2709
68264 2710
68283 2711
68283 2712
68285 2713
68287 2714
68291 2715
68292 2716
68292 2717
68322 2718
68326 2719
68388 2720
68390 2721
68399 2722
68566 2723
68578 2724
68583 2725
68623 2726
68625 2727
68632 2728
68633 2729
68640 2730
68654 2731
68655 2732
68664 2733
68714 2734
68799 2735
68799 2736
68866 2737
68868 2738
68876 2739
68950 2740
68999 2741
69003 2742
69003 2743
69003 2744
69008 2745
69008 2746
69008 2747
69008 2748
69008 2749
69046 2750
69047 2751
69074 2752
69075 2753
69077 2754
69086 2755
69088 2756
69090 2757
69119 2758
69128 2759
69137 2760
69137 2761
69140 2762
69142 2763
69311 2764
69323 2765
69335 2766
69338 2767
69341 2768
69343 2769
69345 2770
69346 2771
69346 2772
69347 2773
69348 2774
69349 2775
69353 2776
69353 2777
69498 2778
69515 2779
69522 2780
69523 2781
69523 2782
69526 2783
69531 2784
69531 2785
69531 2786
69532 2787
69533 2788
69534 2789
69566 2790
69570 2791
69571 2792
69578 2793
69579 2794
69622 2795
69644 2796
69652 2797
69661 2798
69662 2799
69663 2800
69663 2801
69664 2802
69664 2803
69665 2804
69669 2805
69672 2806
69672 2807
69674 2808
69675 2809
69690 2810
69738 2811
69754 2812
69755 2813
69755 2814
69755 2815
69755 2816
69755 2817
69756 2818
69758 2819
69759 2820
69761 2821
69768 2822
69768 2823
69776 2824
69786 2825
69790 2826
69793 2827
69793 2828
69798 2829
69799 2830
69843 2831
69853 2832
69867 2833
69879 2834
69949 2835
70019 2836
70047 2837
70048 2838
70048 2839
70058 2840
70060 2841
70182 2842
70191 2843
70217 2844
70231 2845
70249 2846
70346 2847
70395 2848
70417 2849
70650 2850
70654 2851
70654 2852
71155 2853
71156 2854
71159 2855
71165 2856
71462 2857
71695 2858
71696 2859
71697 2860
71698 2861
71700 2862
71702 2863
71703 2864
71704 2865
71704 2866
71705 2867
71705 2868
71708 2869
71825 2870
71834 2871
71834 2872
71835 2873
71838 2874
72059 2875
72143 2876
72143 2877
72153 2878
72156 2879
72285 2880
72288 2881
72290 2882
72293 2883
72325 2884
72460 2885
72462 2886
72462 2887
72463 2888
72464 2889
72464 2890
72464 2891
72470 2892
72471 2893
72472 2894
72472 2895
72506 2896
72525 2897
72533 2898
72542 2899
72626 2900
72736 2901
72738 2902
72741 2903
72762 2904
72763 2905
72843 2906
72854 2907
72859 2908
72890 2909
72910 2910
72911 2911
72977 2912
73245 2913
73251 2914
73253 2915
73253 2916
73254 2917
73258 2918
73290 2919
73327 2920
73327 2921
73327 2922
73327 2923
73332 2924
73380 2925
73390 2926
73394 2927
73419 2928
73419 2929
73419 2930
73459 2931
73534 2932
73538 2933
73540 2934
73554 2935
73563 2936
73570 2937
73625 2938
73631 2939
73771 2940
73775 2941
73776 2942
73776 2943
73777 2944
73777 2945
73782 2946
73783 2947
73784 2948
73785 2949
73785 2950
73785 2951
73789 2952
73790 2953
74046 2954
74047 2955
74054 2956
74059 2957
74064 2958
74067 2959
74071 2960
74139 2961
74146 2962
74196 2963
74196 2964
74199 2965
74199 2966
74203 2967
74209 2968
74285 2969
74287 2970
74294 2971
74353 2972
74355 2973
74365 2974
74366 2975
74367 2976
74424 2977
74441 2978
74443 2979
74450 2980
74471 2981
74581 2982
74582 2983
74588 2984
74596 2985
74599 2986
74599 2987
74599 2988
74601 2989
74731 2990
74735 2991
74751 2992
74751 2993
74767 2994
74767 2995
74767 2996
74829 2997
74837 2998
74843 2999
74945 3000
74967 3001
74967 3002
74967 3003
74971 3004
75164 3005
75167 3006
75172 3007
75175 3008
75176 3009
75176 3010
75176 3011
75179 3012
75231 3013
75254 3014
75270 3015
75326 3016
75327 3017
75330 3018
75333 3019
75334 3020
75337 3021
75473 3022
75486 3023
75544 3024
75558 3025
75808 3026
86091 3027
86091 3028
87247 3029
87247 3030
87247 3031
87247 3032
87247 3033
87248 3034
87248 3035
87248 3036
87254 3037
87259 3038
87467 3039
87467 3040
87467 3041
87467 3042
87475 3043
87478 3044
87584 3045
87619 3046
87619 3047
87619 3048
87623 3049
87631 3050
87714 3051
87715 3052
87716 3053
87717 3054
87717 3055
87720 3056
87721 3057
87721 3058
87726 3059
87728 3060
87818 3061
87839 3062
87916 3063
88021 3064
88025 3065
88028 3066
88029 3067
88029 3068
88031 3069
88032 3070
88056 3071
88057 3072
88060 3073
88061 3074
88062 3075
88065 3076
88073 3077
88075 3078
88179 3079
88205 3080
88222 3081
88224 3082
88227 3083
88232 3084
88235 3085
88236 3086
88307 3087
88307 3088
88513 3089
88514 3090
88516 3091
88521 3092
88555 3093
88557 3094
88558 3095
88558 3096
88564 3097
88564 3098
88979 3099
88981 3100
88982 3101
88987 3102
88987 3103
89064 3104
89068 3105
89074 3106
89235 3107
89281 3108
89284 3109
89290 3110
89351 3111
89719 3112
89723 3113
130475 3114
130477 3115
130480 3116
130481 3117
130481 3118
130481 3119
130481 3120
130503 3121
130506 3122
130508 3123
130509 3124
130510 3125
130513 3126
130519 3127
130519 3128
130526 3129
130526 3130
130531 3131
130727 3132
130728 3133
130728 3134
130732 3135
130735 3136
130735 3137
130738 3138
130971 3139
130972 3140
130972 3141
130972 3142
130972 3143
130972 3144
130972 3145
130973 3146
130975 3147
130976 3148
130978 3149
130978 3150
130979 3151
130980 3152
130981 3153
130982 3154
130982 3155
130983 3156
130987 3157
130990 3158
130991 3159
131032 3160
131032 3161
131033 3162
131033 3163
131033 3164
131035 3165
131071 3166
131074 3167
131079 3168
131139 3169
131140 3170
131143 3171
131147 3172
131149 3173
131153 3174
131156 3175
131158 3176
131261 3177
131270 3178
131271 3179
131273 3180
131273 3181
131273 3182
131279 3183
131281 3184
131326 3185
131328 3186
131330 3187
131331 3188
131332 3189
131333 3190
131358 3191
131407 3192
131421 3193
131426 3194
131433 3195
131438 3196
131507 3197
131519 3198
131577 3199
131579 3200
131581 3201
131582 3202
131582 3203
131585 3204
131585 3205
131594 3206
131596 3207
131598 3208
131599 3209
131602 3210
131606 3211
131607 3212
131607 3213
131608 3214
131664 3215
131672 3216
131675 3217
131675 3218
131680 3219
131702 3220
131703 3221
131704 3222
131709 3223
131710 3224
131712 3225
131712 3226
131714 3227
131720 3228
131720 3229
131720 3230
131720 3231
131720 3232
131721 3233
131721 3234
131721 3235
131722 3236
131724 3237
131724 3238
131731 3239
131734 3240
131738 3241
131800 3242
131811 3243
131816 3244
131820 3245
131838 3246
131895 3247
131898 3248
131899 3249
131903 3250
131923 3251
131924 3252
131926 3253
131927 3254
131927 3255
131928 3256
131929 3257
131930 3258
131932 3259
131933 3260
131934 3261
131956 3262
131958 3263
131961 3264
131968 3265
131968 3266
131969 3267
131970 3268
131972 3269
131972 3270
131973 3271
131975 3272
131975 3273
131976 3274
131977 3275
131979 3276
131979 3277
131981 3278
131983 3279
131985 3280
131987 3281
132077 3282
132116 3283
132118 3284
132121 3285
132121 3286
132122 3287
132125 3288
132125 3289
132126 3290
132129 3291
132141 3292
132232 3293
132234 3294
132325 3295
132328 3296
132330 3297
132331 3298
132332 3299
132336 3300
132337 3301
132377 3302
132379 3303
132379 3304
132380 3305
132387 3306
132390 3307
132390 3308
132394 3309
132423 3310
132431 3311
132436 3312
132482 3313
132485 3314
132490 3315
132491 3316
132499 3317
132500 3318
132500 3319
132500 3320
132507 3321
132508 3322
132512 3323
132518 3324
132588 3325
132682 3326
132683 3327
132696 3328
132697 3329
132698 3330
132701 3331
132705 3332
132708 3333
132728 3334
132728 3335
132734 3336
132739 3337
132775 3338
132776 3339
132776 3340
132780 3341
132827 3342
132828 3343
132866 3344
132867 3345
132868 3346
132872 3347
132875 3348
132878 3349
132879 3350
132888 3351
132919 3352
132923 3353
132926 3354
132951 3355
132952 3356
132959 3357
132960 3358
132960 3359
132987 3360
133027 3361
133028 3362
133043 3363
133055 3364
133056 3365
133099 3366
133159 3367
133161 3368
133166 3369
133270 3370
133351 3371
133376 3372
133381 3373
133381 3374
133399 3375
133400 3376
133400 3377
133400 3378
133401 3379
133407 3380
133407 3381
133407 3382
133494 3383
133495 3384
133499 3385
133538 3386
133539 3387
133541 3388
133659 3389
133660 3390
133660 3391
133854 3392
133923 3393
133928 3394
136132 3395
136133 3396
136133 3397
136133 3398
136134 3399
136134 3400
136136 3401
136137 3402
136138 3403
136138 3404
136139 3405
136139 3406
136140 3407
136140 3408
136140 3409
136141 3410
136141 3411
136142 3412
136143 3413
136145 3414
136147 3415
136147 3416
136396 3417
136524 3418
136555 3419
136563 3420
136685 3421
136688 3422
136695 3423
136733 3424
136737 3425
136750 3426
136757 3427
136757 3428
136759 3429
136761 3430
136769 3431
136770 3432
136776 3433
136777 3434
136777 3435
136782 3436
136833 3437
136869 3438
136870 3439
136951 3440
136952 3441
136960 3442
136960 3443
136966 3444
136974 3445
136998 3446
137006 3447
137075 3448
137076 3449
137159 3450
137334 3451
137339 3452
137343 3453
137383 3454
137384 3455
137399 3456
137403 3457
137416 3458
137527 3459
137528 3460
137610 3461
137610 3462
137611 3463
137614 3464
137622 3465
137679 3466
137727 3467
137730 3468
137744 3469
137746 3470
137747 3471
137747 3472
137755 3473
137889 3474
137940 3475
137951 3476
137956 3477
137957 3478
137965 3479
137967 3480
137968 3481
137971 3482
137972 3483
137979 3484
137980 3485
137986 3486
137989 3487
137992 3488
137996 3489
138021 3490
138026 3491
138031 3492
138034 3493
138035 3494
138036 3495
138082 3496
138127 3497
138202 3498
138252 3499
138265 3500
138363 3501
138367 3502
138368 3503
138368 3504
138368 3505
138368 3506
138368 3507
138375 3508
138376 3509
138381 3510
138381 3511
138382 3512
138383 3513
138384 3514
138384 3515
138384 3516
138386 3517
138386 3518
138387 3519
138388 3520
138389 3521
138391 3522
138393 3523
138394 3524
138395 3525
138471 3526
138472 3527
138517 3528
138517 3529
138518 3530
138519 3531
138519 3532
138519 3533
138524 3534
138525 3535
138530 3536
138617 3537
138635 3538
138636 3539
138670 3540
138672 3541
138674 3542
138735 3543
138798 3544
138798 3545
138799 3546
138799 3547
138800 3548
138801 3549
138806 3550
138810 3551
138810 3552
138827 3553
138828 3554
138828 3555
138839 3556
138844 3557
138850 3558
138879 3559
138881 3560
138887 3561
138889 3562
138931 3563
138932 3564
138932 3565
138963 3566
138964 3567
138964 3568
138969 3569
138970 3570
138973 3571
138973 3572
139036 3573
139046 3574
139047 3575
139088 3576
139110 3577
139110 3578
139111 3579
139116 3580
139117 3581
139120 3582
139143 3583
139144 3584
139144 3585
139144 3586
139144 3587
139148 3588
139154 3589
139158 3590
139277 3591
139283 3592
139291 3593
139339 3594
139340 3595
139340 3596
139340 3597
139340 3598
139340 3599
139340 3600
139340 3601
139340 3602
139367 3603
139367 3604
139375 3605
139381 3606
139383 3607
139501 3608
139504 3609
139507 3610
139508 3611
139510 3612
139511 3613
139541 3614
139542 3615
139544 3616
139545 3617
139551 3618
139552 3619
139561 3620
139586 3621
139587 3622
139588 3623
139588 3624
139592 3625
139599 3626
139600 3627
139636 3628
139636 3629
139639 3630
139640 3631
139641 3632
139655 3633
139657 3634
139658 3635
139659 3636
139659 3637
139662 3638
139676 3639
139694 3640
139695 3641
139699 3642
139700 3643
139702 3644
139702 3645
139702 3646
139703 3647
139704 3648
139704 3649
139705 3650
139707 3651
139707 3652
139708 3653
139708 3654
139708 3655
139709 3656
139711 3657
139715 3658
139717 3659
139720 3660
139795 3661
139872 3662
139876 3663
139903 3664
139909 3665
139910 3666
139922 3667
139927 3668
140049 3669
140055 3670
140060 3671
140088 3672
140089 3673
140094 3674
140095 3675
140099 3676
140099 3677
140099 3678
140100 3679
140101 3680
140127 3681
140131 3682
140134 3683
140142 3684
140144 3685
140146 3686
140148 3687
140149 3688
140149 3689
140151 3690
140152 3691
140154 3692
140156 3693
140174 3694
140177 3695
140180 3696
140181 3697
140182 3698
140182 3699
140182 3700
140182 3701
140200 3702
140280 3703
140280 3704
140280 3705
140280 3706
140281 3707
140288 3708
140293 3709
140315 3710
140317 3711
140322 3712
140337 3713
140339 3714
140353 3715
140353 3716
140355 3717
140360 3718
140448 3719
140451 3720
140459 3721
140460 3722
140460 3723
140460 3724
140460 3725
140460 3726
140464 3727
140523 3728
140523 3729
140527 3730
140528 3731
140567 3732
140594 3733
140595 3734
140596 3735
140607 3736
140721 3737
140788 3738
140862 3739
140927 3740
140928 3741
140954 3742
140957 3743
140961 3744
141051 3745
141059 3746
141072 3747
141075 3748
141087 3749
141097 3750
141104 3751
141178 3752
141270 3753
141360 3754
142520 3755
143366 3756
143367 3757
143369 3758
143369 3759
143369 3760
143369 3761
143369 3762
143371 3763
143372 3764
143372 3765
143378 3766
143724 3767
143965 3768
143965 3769
143967 3770
144012 3771
144019 3772
144134 3773
144136 3774
144136 3775
144136 3776
144136 3777
144139 3778
144143 3779
144144 3780
144148 3781
144150 3782
144196 3783
144197 3784
144197 3785
144273 3786
144333 3787
144402 3788
144404 3789
144405 3790
144406 3791
144406 3792
144411 3793
144451 3794
144458 3795
144462 3796
144464 3797
144465 3798
144465 3799
144466 3800
144467 3801
144468 3802
144468 3803
144469 3804
144469 3805
144470 3806
144492 3807
144497 3808
144497 3809
144497 3810
144534 3811
144537 3812
144541 3813
144545 3814
144646 3815
144655 3816
144657 3817
144658 3818
144692 3819
144696 3820
144698 3821
144698 3822
144699 3823
144700 3824
144703 3825
144704 3826
144704 3827
144706 3828
144706 3829
144707 3830
144708 3831
144708 3832
144711 3833
144713 3834
144721 3835
144759 3836
144763 3837
144764 3838
144855 3839
144857 3840
144858 3841
144859 3842
144859 3843
144860 3844
144911 3845
144912 3846
144918 3847
144919 3848
144970 3849
144971 3850
144972 3851
144978 3852
144980 3853
144982 3854
145079 3855
145088 3856
145091 3857
145097 3858
145099 3859
145192 3860
145342 3861
145344 3862
145399 3863
145434 3864
145446 3865
145460 3866
145466 3867
145472 3868
145472 3869
145472 3870
145472 3871
145478 3872
145479 3873
145480 3874
145483 3875
145488 3876
145510 3877
145540 3878
145540 3879
145552 3880
145564 3881
145565 3882
145608 3883
145611 3884
145612 3885
145613 3886
145613 3887
145614 3888
145614 3889
145614 3890
145615 3891
145616 3892
145619 3893
145619 3894
145621 3895
145622 3896
145624 3897
145628 3898
145707 3899
145719 3900
145728 3901
145733 3902
145737 3903
145738 3904
145739 3905
145741 3906
145744 3907
145749 3908
145749 3909
145755 3910
145769 3911
145775 3912
145795 3913
145800 3914
145848 3915
145856 3916
145856 3917
145856 3918
145856 3919
145856 3920
145856 3921
145856 3922
145856 3923
145856 3924
145857 3925
145911 3926
145920 3927
145924 3928
145936 3929
145943 3930
146012 3931
146020 3932
146045 3933
146094 3934
146096 3935
146100 3936
146105 3937
146143 3938
146168 3939
146169 3940
146171 3941
146171 3942
146173 3943
146175 3944
146180 3945
146180 3946
146181 3947
146181 3948
146182 3949
146184 3950
146187 3951
146187 3952
146189 3953
146190 3954
146192 3955
146192 3956
146195 3957
146196 3958
146199 3959
146205 3960
146232 3961
146296 3962
146296 3963
146297 3964
146302 3965
146304 3966
146307 3967
146309 3968
146310 3969
146312 3970
146314 3971
146314 3972
146316 3973
146365 3974
146392 3975
146403 3976
146414 3977
146431 3978
146460 3979
146460 3980
146460 3981
146460 3982
146467 3983
146468 3984
146473 3985
146572 3986
146600 3987
146633 3988
146635 3989
146637 3990
146637 3991
146639 3992
146642 3993
146656 3994
146674 3995
146675 3996
146676 3997
146678 3998
146679 3999
146679 4000
146684 4001
146688 4002
146690 4003
146790 4004
146792 4005
146792 4006
146792 4007
146801 4008
146801 4009
146801 4010
146802 4011
146809 4012
146811 4013
146812 4014
146814 4015
146833 4016
146848 4017
146848 4018
146853 4019
146859 4020
146916 4021
146917 4022
146917 4023
146920 4024
146920 4025
146923 4026
146929 4027
146929 4028
146931 4029
146949 4030
146955 4031
147001 4032
147047 4033
147049 4034
147054 4035
147060 4036
147095 4037
147103 4038
147159 4039
147183 4040
147190 4041
147193 4042
147226 4043
147295 4044
147302 4045
147303 4046
147305 4047
147306 4048
147306 4049
147307 4050
147364 4051
147364 4052
147364 4053
147372 4054
147372 4055
147374 4056
147374 4057
147408 4058
147408 4059
147408 4060
147408 4061
147408 4062
147408 4063
147408 4064
147413 4065
147419 4066
147419 4067
147420 4068
147422 4069
147435 4070
147442 4071
147512 4072
147517 4073
147518 4074
147518 4075
147518 4076
147533 4077
147534 4078
147549 4079
147555 4080
147556 4081
147556 4082
147556 4083
147557 4084
147560 4085
147560 4086
147570 4087
147571 4088
147571 4089
147573 4090
147574 4091
147574 4092
147575 4093
147577 4094
147578 4095
147582 4096
147582 4097
147584 4098
147591 4099
147597 4100
147604 4101
147637 4102
147642 4103
147644 4104
147647 4105
147672 4106
147714 4107
147716 4108
147721 4109
147731 4110
147744 4111
147745 4112
147746 4113
147747 4114
147750 4115
147752 4116
147754 4117
147760 4118
147761 4119
147812 4120
147813 4121
147814 4122
147815 4123
147816 4124
147820 4125
147821 4126
147828 4127
147828 4128
147828 4129
147833 4130
147836 4131
147837 4132
147897 4133
147948 4134
147948 4135
147961 4136
147980 4137
147980 4138
147980 4139
147988 4140
148020 4141
148020 4142
148022 4143
148026 4144
148027 4145
148058 4146
148060 4147
148076 4148
148088 4149
148088 4150
148088 4151
148111 4152
148112 4153
148116 4154
148120 4155
148149 4156
148151 4157
148187 4158
148260 4159
148260 4160
148269 4161
148272 4162
148272 4163
148274 4164
148275 4165
148275 4166
148276 4167
148277 4168
148278 4169
148278 4170
148282 4171
148283 4172
148283 4173
148285 4174
148286 4175
148288 4176
148292 4177
148296 4178
148308 4179
148336 4180
148341 4181
148480 4182
148483 4183
148483 4184
148505 4185
148507 4186
148508 4187
148508 4188
148511 4189
148513 4190
148517 4191
148520 4192
148520 4193
148520 4194
148520 4195
148521 4196
148527 4197
148548 4198
148567 4199
148570 4200
148610 4201
148611 4202
148612 4203
148613 4204
148614 4205
148615 4206
148616 4207
148617 4208
148617 4209
148618 4210
148618 4211
148623 4212
148623 4213
148623 4214
148625 4215
148641 4216
148663 4217
148665 4218
148680 4219
148748 4220
148764 4221
148768 4222
148780 4223
148780 4224
148785 4225
148789 4226
148790 4227
148790 4228
148798 4229
148804 4230
148804 4231
148851 4232
148863 4233
148864 4234
148865 4235
148865 4236
148868 4237
148880 4238
148880 4239
148880 4240
148880 4241
148880 4242
148887 4243
148903 4244
148984 4245
148997 4246
149052 4247
149132 4248
149138 4249
149139 4250
149152 4251
149158 4252
149164 4253
149188 4254
149268 4255
149270 4256
149272 4257
149289 4258
149299 4259
149380 4260
149380 4261
149424 4262
149436 4263
149450 4264
149452 4265
149461 4266
149809 4267
149836 4268
149837 4269
149839 4270
149848 4271
149912 4272
149957 4273
149957 4274
149957 4275
149957 4276
149957 4277
149984 4278
150136 4279
150136 4280
150156 4281
150156 4282
150161 4283
150165 4284
150166 4285
150232 4286
150232 4287
150235 4288
150237 4289
150237 4290
150237 4291
150238 4292
150260 4293
150260 4294
150260 4295
150260 4296
150270 4297
150271 4298
150272 4299
150273 4300
150368 4301
150465 4302
150465 4303
150465 4304
150465 4305
150465 4306
150465 4307
150468 4308
150469 4309
150469 4310
150469 4311
150469 4312
150469 4313
150474 4314
150544 4315
150550 4316
150550 4317
150553 4318
150559 4319
150561 4320
150589 4321
150589 4322
150590 4323
150591 4324
150595 4325
150595 4326
150596 4327
150596 4328
150600 4329
150600 4330
150600 4331
150600 4332
150600 4333
150600 4334
150600 4335
150601 4336
150601 4337
150601 4338
150604 4339
150604 4340
150741 4341
150745 4342
150948 4343
150989 4344
150990 4345
150992 4346
150992 4347
150993 4348
151000 4349
151002 4350
151002 4351
151040 4352
151040 4353
151040 4354
151040 4355
151046 4356
151102 4357
151106 4358
151106 4359
151110 4360
151117 4361
151186 4362
151188 4363
151190 4364
151191 4365
151192 4366
151194 4367
151197 4368
151198 4369
151198 4370
151202 4371
151207 4372
151208 4373
151208 4374
151212 4375
151214 4376
151214 4377
151231 4378
151238 4379
151238 4380
151245 4381
151268 4382
151270 4383
151429 4384
151440 4385
151442 4386
151512 4387
151529 4388
151531 4389
151536 4390
151594 4391
151598 4392
151641 4393
151653 4394
151659 4395
151660 4396
151661 4397
151664 4398
151672 4399
151674 4400
151675 4401
151675 4402
151679 4403
151684 4404
151822 4405
151823 4406
151827 4407
151828 4408
151829 4409
151831 4410
151834 4411
151835 4412
151877 4413
151879 4414
151880 4415
151882 4416
151883 4417
151886 4418
151890 4419
151891 4420
151891 4421
151959 4422
151971 4423
152042 4424
152043 4425
152044 4426
152044 4427
152047 4428
152051 4429
152052 4430
152054 4431
152055 4432
152057 4433
152072 4434
152076 4435
152084 4436
152084 4437
152115 4438
152174 4439
152175 4440
152231 4441
152237 4442
152238 4443
152240 4444
152302 4445
152310 4446
152313 4447
152317 4448
152440 4449
152565 4450
152608 4451
152931 4452
176747 4453
176754 4454
177151 4455
177152 4456
177156 4457
177158 4458
177158 4459
177160 4460
177161 4461
177164 4462
177167 4463
177168 4464
177363 4465
177363 4466
177366 4467
177371 4468
177732 4469
177733 4470
177738 4471
177739 4472
177740 4473
177750 4474
177754 4475
177848 4476
177848 4477
177848 4478
177848 4479
177851 4480
177853 4481
177853 4482
177855 4483
177857 4484
177860 4485
177862 4486
177864 4487
177864 4488
177865 4489
177867 4490
177959 4491
177960 4492
177969 4493
177969 4494
177969 4495
177971 4496
177971 4497
177972 4498
177972 4499
178116 4500
178121 4501
178123 4502
178126 4503
178128 4504
178128 4505
178139 4506
178179 4507
178179 4508
178180 4509
178180 4510
178180 4511
178183 4512
178189 4513
178192 4514
178192 4515
178192 4516
178192 4517
178192 4518
178193 4519
178193 4520
178193 4521
178193 4522
178193 4523
178193 4524
178193 4525
178193 4526
178193 4527
178199 4528
178227 4529
178229 4530
178236 4531
178245 4532
178286 4533
178293 4534
178299 4535
178344 4536
178344 4537
178344 4538
178349 4539
178353 4540
178356 4541
178358 4542
178468 4543
178470 4544
178471 4545
178475 4546
178496 4547
178511 4548
178512 4549
178514 4550
178518 4551
178545 4552
178648 4553
178654 4554
178657 4555
178661 4556
178661 4557
178662 4558
178686 4559
178688 4560
178690 4561
178691 4562
178694 4563
178695 4564
178697 4565
178698 4566
178711 4567
178728 4568
178730 4569
178735 4570
178736 4571
178736 4572
178736 4573
178737 4574
178738 4575
178739 4576
178740 4577
178742 4578
178744 4579
178771 4580
178773 4581
178781 4582
178804 4583
178829 4584
178829 4585
178866 4586
178869 4587
178880 4588
178881 4589
178884 4590
178884 4591
178885 4592
178885 4593
178885 4594
178887 4595
178893 4596
178896 4597
178909 4598
178909 4599
178916 4600
178920 4601
178920 4602
178980 4603
178980 4604
178980 4605
178980 4606
178980 4607
178981 4608
178981 4609
178981 4610
178981 4611
178983 4612
178984 4613
178985 4614
178986 4615
178988 4616
178988 4617
178989 4618
178990 4619
179049 4620
179049 4621
179049 4622
179049 4623
179050 4624
179050 4625
179054 4626
179056 4627
179060 4628
179070 4629
179116 4630
179117 4631
179117 4632
179118 4633
179119 4634
179123 4635
179126 4636
179160 4637
179160 4638
179164 4639
179165 4640
179166 4641
179166 4642
179166 4643
179167 4644
179169 4645
179169 4646
179170 4647
179170 4648
179172 4649
179172 4650
179172 4651
179174 4652
179175 4653
179177 4654
179178 4655
179180 4656
179180 4657
179184 4658
179234 4659
179237 4660
179237 4661
179250 4662
179255 4663
179282 4664
179318 4665
179323 4666
179324 4667
179327 4668
179329 4669
179329 4670
179330 4671
179330 4672
179335 4673
179336 4674
179347 4675
179382 4676
179382 4677
179419 4678
179420 4679
179428 4680
179428 4681
179434 4682
179439 4683
179440 4684
179441 4685
179457 4686
179457 4687
179457 4688
179457 4689
179457 4690
179458 4691
179458 4692
179458 4693
179458 4694
179458 4695
179470 4696
179472 4697
179472 4698
179472 4699
179473 4700
179474 4701
179476 4702
179482 4703
179510 4704
179515 4705
179519 4706
179523 4707
179530 4708
179530 4709
179534 4710
179552 4711
179574 4712
179584 4713
179584 4714
179585 4715
179590 4716
179594 4717
179648 4718
179648 4719
179682 4720
179688 4721
179689 4722
179690 4723
179704 4724
179724 4725
179724 4726
179724 4727
179744 4728
179745 4729
179761 4730
179761 4731
179761 4732
179761 4733
179787 4734
179837 4735
179839 4736
179845 4737
179853 4738
179853 4739
179871 4740
179895 4741
179896 4742
179909 4743
179913 4744
179913 4745
179924 4746
180036 4747
180097 4748
180116 4749
180117 4750
180126 4751
180136 4752
180140 4753
180142 4754
180143 4755
180144 4756
180251 4757
180306 4758
180314 4759
180316 4760
180325 4761
180330 4762
180420 4763
180493 4764
180498 4765
180526 4766
180531 4767
180532 4768
180533 4769
180533 4770
180534 4771
180535 4772
180536 4773
180537 4774
180537 4775
180540 4776
180540 4777
180541 4778
180556 4779
180563 4780
180635 4781
180668 4782
180668 4783
180673 4784
180673 4785
180677 4786
180679 4787
180681 4788
180682 4789
180685 4790
180888 4791
180907 4792
180912 4793
180924 4794
180937 4795
180949 4796
180954 4797
180956 4798
180956 4799
180956 4800
180957 4801
180958 4802
180959 4803
181045 4804
181045 4805
181045 4806
181046 4807
181046 4808
181054 4809
181056 4810
181063 4811
181063 4812
181131 4813
181143 4814
181314 4815
181319 4816
181327 4817
181362 4818
181370 4819
181370 4820
181371 4821
181382 4822
181384 4823
181384 4824
181392 4825
181414 4826
181431 4827
181433 4828
181437 4829
181437 4830
181439 4831
181441 4832
181441 4833
181442 4834
181443 4835
181445 4836
181446 4837
181525 4838
181531 4839
181533 4840
181535 4841
181537 4842
181601 4843
181608 4844
181610 4845
181613 4846
181616 4847
181617 4848
181617 4849
181621 4850
181622 4851
181624 4852
181624 4853
181640 4854
181640 4855
181640 4856
181641 4857
181721 4858
181722 4859
181732 4860
181740 4861
181748 4862
181749 4863
181751 4864
181753 4865
181759 4866
181759 4867
181759 4868
181792 4869
181792 4870
181799 4871
181800 4872
181815 4873
181820 4874
181821 4875
181821 4876
181822 4877
181822 4878
181828 4879
181892 4880
181892 4881
181900 4882
181903 4883
181903 4884
181904 4885
181904 4886
181905 4887
181906 4888
181906 4889
181907 4890
181911 4891
181911 4892
181968 4893
181972 4894
181972 4895
182028 4896
182030 4897
182032 4898
182035 4899
182038 4900
182039 4901
182041 4902
182042 4903
182047 4904
182049 4905
182049 4906
182052 4907
182104 4908
182105 4909
182106 4910
182106 4911
182108 4912
182109 4913
182110 4914
182112 4915
182113 4916
182118 4917
182120 4918
182232 4919
182233 4920
182239 4921
182244 4922
182257 4923
182338 4924
182338 4925
182340 4926
182344 4927
182344 4928
182349 4929
182351 4930
182352 4931
182358 4932
182363 4933
182370 4934
182372 4935
182380 4936
182415 4937
182420 4938
182422 4939
182427 4940
182428 4941
182429 4942
182431 4943
182440 4944
182460 4945
182460 4946
182461 4947
182461 4948
182463 4949
182463 4950
182463 4951
182464 4952
182465 4953
182466 4954
182468 4955
182469 4956
182469 4957
182469 4958
182470 4959
182472 4960
182473 4961
182473 4962
182475 4963
182481 4964
182481 4965
182486 4966
182486 4967
182488 4968
182488 4969
182488 4970
182489 4971
182489 4972
182489 4973
182490 4974
182596 4975
182611 4976
182616 4977
182620 4978
182623 4979
182681 4980
182698 4981
182700 4982
182702 4983
182707 4984
182708 4985
182717 4986
182728 4987
182733 4988
182733 4989
182733 4990
182734 4991
182734 4992
182734 4993
182734 4994
182734 4995
182735 4996
182750 4997
182760 4998
182760 4999
182765 5000
182784 5001
182798 5002
182922 5003
182923 5004
182924 5005
182924 5006
182930 5007
182930 5008
182930 5009
182930 5010
182933 5011
182933 5012
182990 5013
182996 5014
182997 5015
183003 5016
183004 5017
183007 5018
183009 5019
183079 5020
183085 5021
183086 5022
183090 5023
183094 5024
183094 5025
183099 5026
183100 5027
183135 5028
183137 5029
183140 5030
183141 5031
183143 5032
183145 5033
183156 5034
183156 5035
183156 5036
183157 5037
183157 5038
183164 5039
183169 5040
183232 5041
183232 5042
183232 5043
183233 5044
183233 5045
183253 5046
183256 5047
183258 5048
183346 5049
183347 5050
183348 5051
183349 5052
183350 5053
183350 5054
183351 5055
183352 5056
183352 5057
183354 5058
183360 5059
183360 5060
183368 5061
183425 5062
183427 5063
183434 5064
183471 5065
183488 5066
183488 5067
183489 5068
183489 5069
183489 5070
183489 5071
183489 5072
183489 5073
183489 5074
183512 5075
183600 5076
183600 5077
183600 5078
183601 5079
183604 5080
183604 5081
183608 5082
183610 5083
183624 5084
183636 5085
183645 5086
183645 5087
183645 5088
183646 5089
183646 5090
183656 5091
183656 5092
183660 5093
183660 5094
183664 5095
183665 5096
183667 5097
183672 5098
183679 5099
183696 5100
183703 5101
183712 5102
183725 5103
183752 5104
183752 5105
183752 5106
183753 5107
183753 5108
183753 5109
183756 5110
183756 5111
183756 5112
183772 5113
183776 5114
183776 5115
183806 5116
183807 5117
183808 5118
183810 5119
183811 5120
183812 5121
183813 5122
183815 5123
183821 5124
183824 5125
183827 5126
183897 5127
183908 5128
183908 5129
183908 5130
183909 5131
183910 5132
183910 5133
183911 5134
183915 5135
183916 5136
183916 5137
183918 5138
183919 5139
183933 5140
183942 5141
183942 5142
183943 5143
183984 5144
184040 5145
184044 5146
184047 5147
184049 5148
184055 5149
184084 5150
184124 5151
184124 5152
184125 5153
184125 5154
184126 5155
184130 5156
184133 5157
184133 5158
184139 5159
184141 5160
184292 5161
184295 5162
184300 5163
184300 5164
184301 5165
184303 5166
184304 5167
184472 5168
184482 5169
184493 5170
184494 5171
184497 5172
184499 5173
184564 5174
184564 5175
184565 5176
184567 5177
184569 5178
184570 5179
184574 5180
184614 5181
184615 5182
184616 5183
184617 5184
184625 5185
184636 5186
184637 5187
184638 5188
184643 5189
184650 5190
184660 5191
184721 5192
184723 5193
184727 5194
184728 5195
184728 5196
184728 5197
184736 5198
184740 5199
184756 5200
184759 5201
184763 5202
184765 5203
184768 5204
184770 5205
184770 5206
184796 5207
184797 5208
184802 5209
184804 5210
184810 5211
184810 5212
184837 5213
184867 5214
184912 5215
184918 5216
184919 5217
184922 5218
184923 5219
184924 5220
184927 5221
184928 5222
184929 5223
184933 5224
184935 5225
184936 5226
184937 5227
184937 5228
184942 5229
184943 5230
184948 5231
184969 5232
184980 5233
184984 5234
184985 5235
184991 5236
185001 5237
185104 5238
185109 5239
185112 5240
185114 5241
185116 5242
185116 5243
185118 5244
185119 5245
185119 5246
185166 5247
185168 5248
185174 5249
185180 5250
185293 5251
185294 5252
185294 5253
185349 5254
185351 5255
185351 5256
185354 5257
185355 5258
185364 5259
185365 5260
185367 5261
185367 5262
185368 5263
185369 5264
185370 5265
185371 5266
185371 5267
185380 5268
185382 5269
185400 5270
185406 5271
185725 5272
185725 5273
185730 5274
185732 5275
185734 5276
185738 5277
185757 5278
185780 5279
185781 5280
185784 5281
185785 5282
185788 5283
185789 5284
185791 5285
185792 5286
185816 5287
185996 5288
186000 5289
186002 5290
186005 5291
186006 5292
186011 5293
186017 5294
186065 5295
186144 5296
186149 5297
186149 5298
186188 5299
186283 5300
186307 5301
186309 5302
186310 5303
186311 5304
186312 5305
186314 5306
186319 5307
186324 5308
186325 5309
186325 5310
186367 5311
186369 5312
186370 5313
186371 5314
186376 5315
186376 5316
186378 5317
186385 5318
186389 5319
186390 5320
186391 5321
186393 5322
186436 5323
186450 5324
186461 5325
186563 5326
186564 5327
186609 5328
186609 5329
186611 5330
186612 5331
186614 5332
186614 5333
186615 5334
186616 5335
186616 5336
186617 5337
186618 5338
186623 5339
186623 5340
186624 5341
186624 5342
186666 5343
186667 5344
186670 5345
186672 5346
186674 5347
186676 5348
186677 5349
186677 5350
186678 5351
186683 5352
186722 5353
186723 5354
186731 5355
186732 5356
186733 5357
186734 5358
186734 5359
186734 5360
186735 5361
186738 5362
186741 5363
186741 5364
186743 5365
186802 5366
186820 5367
186852 5368
186852 5369
186853 5370
186853 5371
186853 5372
186853 5373
186900 5374
186974 5375
186976 5376
186978 5377
186980 5378
187009 5379
187011 5380
187012 5381
187014 5382
187014 5383
187015 5384
187017 5385
187019 5386
187019 5387
187021 5388
187021 5389
187021 5390
187021 5391
187023 5392
187023 5393
187024 5394
187025 5395
187025 5396
187027 5397
187030 5398
187031 5399
187035 5400
187037 5401
187037 5402
187043 5403
187064 5404
187090 5405
187099 5406
187102 5407
187108 5408
187111 5409
187147 5410
187152 5411
187163 5412
187214 5413
187220 5414
187220 5415
187223 5416
187224 5417
187224 5418
187225 5419
187237 5420
187270 5421
187300 5422
187346 5423
187359 5424
187371 5425
187380 5426
187380 5427
187380 5428
187384 5429
187388 5430
187393 5431
187393 5432
187393 5433
187394 5434
187419 5435
187427 5436
187428 5437
187429 5438
187432 5439
187476 5440
187479 5441
187488 5442
187506 5443
187522 5444
187522 5445
187544 5446
187545 5447
187572 5448
187572 5449
187572 5450
187600 5451
187601 5452
187602 5453
187656 5454
187732 5455
187732 5456
187732 5457
187733 5458
187734 5459
187736 5460
187740 5461
187763 5462
187771 5463
187772 5464
187860 5465
187860 5466
187860 5467
187876 5468
187889 5469
187889 5470
187889 5471
187890 5472
187890 5473
187890 5474
187903 5475
187914 5476
188119 5477
188377 5478
188404 5479
188481 5480
