54909 1
56421 2
56421 3
56423 4
56423 5
56423 6
56427 7
56427 8
56433 9
56435 10
56855 11
56855 12
56867 13
56911 14
56911 15
56912 16
56912 17
56914 18
56914 19
56915 20
56923 21
57123 22
57123 23
57144 24
57164 25
57227 26
57231 27
57233 28
57234 29
57236 30
57237 31
57238 32
57242 33
57245 34
57337 35
57339 36
57339 37
57363 38
57364 39
57366 40
57372 41
57378 42
57383 43
57431 44
57439 45
57447 46
57519 47
57523 48
57526 49
57529 50
57529 51
57534 52
57548 53
57554 54
57556 55
57560 56
57596 57
57619 58
57626 59
57670 60
57676 61
57678 62
57679 63
57688 64
57692 65
57707 66
57707 67
57707 68
57707 69
57715 70
57787 71
57788 72
57803 73
57851 74
57851 75
57852 76
57853 77
57914 78
57925 79
57927 80
57932 81
57935 82
57983 83
57989 84
57996 85
57999 86
58007 87
58008 88
58008 89
58044 90
58051 91
58052 92
58055 93
58056 94
58057 95
58057 96
58058 97
58059 98
58060 99
58060 100
58062 101
58066 102
58126 103
58133 104
58140 105
58145 106
58147 107
58156 108
58159 109
58238 110
58239 111
58249 112
58249 113
58249 114
58250 115
58251 116
58254 117
58255 118
58287 119
58311 120
58394 121
58457 122
58469 123
58690 124
58701 125
58702 126
58703 127
58703 128
58704 129
58704 130
58707 131
58711 132
58711 133
58711 134
58711 135
58711 136
58712 137
58716 138
58716 139
58776 140
58782 141
58799 142
58822 143
58832 144
58835 145
58931 146
58931 147
58938 148
58939 149
58939 150
58940 151
58942 152
58943 153
58943 154
58945 155
58948 156
58950 157
58955 158
58955 159
59079 160
59087 161
59093 162
59093 163
59093 164
59094 165
59094 166
59095 167
59143 168
59143 169
59143 170
59143 171
59144 172
59144 173
59144 174
59144 175
59150 176
59181 177
59299 178
59304 179
59307 180
59378 181
59387 182
59395 183
59397 184
59398 185
59400 186
59404 187
59404 188
59409 189
59509 190
59515 191
59515 192
59515 193
59515 194
59516 195
59523 196
59539 197
59540 198
59540 199
59543 200
59543 201
59543 202
59543 203
59547 204
59580 205
59583 206
59583 207
59587 208
59587 209
59589 210
59592 211
59595 212
59599 213
59602 214
59602 215
59602 216
59603 217
59603 218
59603 219
59603 220
59603 221
59604 222
59612 223
59613 224
59615 225
59615 226
59624 227
59659 228
59659 229
59659 230
59671 231
59671 232
59684 233
59723 234
59738 235
59746 236
59747 237
59747 238
59747 239
59753 240
59754 241
59801 242
59803 243
59803 244
59803 245
59803 246
59804 247
59805 248
59809 249
59810 250
59813 251
59816 252
59824 253
59866 254
59868 255
59872 256
59872 257
59874 258
59876 259
59878 260
60015 261
60018 262
60022 263
60029 264
60041 265
60059 266
60093 267
60096 268
60098 269
60103 270
60103 271
60107 272
60111 273
60112 274
60114 275
60116 276
60175 277
60177 278
60184 279
60188 280
60189 281
60191 282
60198 283
60208 284
60222 285
60223 286
60224 287
60228 288
60230 289
60232 290
60234 291
60261 292
60262 293
60263 294
60267 295
60288 296
60292 297
60292 298
60292 299
60295 300
60316 301
60319 302
60406 303
60411 304
60447 305
60448 306
60452 307
60454 308
60455 309
60455 310
60455 311
60459 312
60459 313
60461 314
60461 315
60462 316
60464 317
60466 318
60468 319
60470 320
60471 321
60483 322
60491 323
60491 324
60491 325
60492 326
60492 327
60492 328
60492 329
60492 330
60502 331
60505 332
60505 333
60507 334
60509 335
60509 336
60509 337
60509 338
60510 339
60510 340
60633 341
60638 342
60638 343
60639 344
60641 345
60647 346
60683 347
60683 348
60688 349
60764 350
60766 351
60767 352
60769 353
60770 354
60770 355
60770 356
60773 357
60775 358
60789 359
60796 360
60814 361
60875 362
60966 363
60966 364
60967 365
60969 366
60971 367
60973 368
60973 369
61015 370
61034 371
61037 372
61096 373
61153 374
61221 375
61272 376
61272 377
61273 378
61274 379
61280 380
61280 381
61284 382
61319 383
61322 384
61323 385
61323 386
61323 387
61325 388
61325 389
61326 390
61327 391
61327 392
61328 393
61330 394
61332 395
61332 396
61332 397
61333 398
61334 399
61335 400
61335 401
61337 402
61361 403
61362 404
61376 405
61383 406
61519 407
61600 408
61602 409
61610 410
61624 411
61662 412
61667 413
61670 414
61670 415
61671 416
61671 417
61672 418
61673 419
61678 420
61680 421
61683 422
61701 423
61708 424
61772 425
61795 426
61798 427
61800 428
61801 429
61807 430
61807 431
61807 432
61844 433
61846 434
61850 435
61856 436
61858 437
61861 438
61937 439
61939 440
61940 441
61941 442
61942 443
61945 444
61946 445
61946 446
61946 447
61946 448
61946 449
61948 450
61949 451
61949 452
61949 453
61951 454
61952 455
61953 456
61968 457
61972 458
61973 459
61973 460
61973 461
61974 462
61975 463
61976 464
61976 465
61980 466
62105 467
62107 468
62107 469
62110 470
62138 471
62148 472
62175 473
62184 474
62269 475
62269 476
62275 477
62279 478
62281 479
62290 480
62291 481
62292 482
62293 483
62294 484
62378 485
62379 486
62381 487
62381 488
62383 489
62388 490
62391 491
62401 492
62401 493
62411 494
62411 495
62411 496
62415 497
62420 498
62447 499
62492 500
62492 501
62494 502
62495 503
62499 504
62511 505
62511 506
62511 507
62516 508
62524 509
62531 510
62558 511
62558 512
62560 513
62563 514
62599 515
62599 516
62599 517
62600 518
62600 519
62600 520
62602 521
62607 522
62647 523
62675 524
62675 525
62675 526
62675 527
62675 528
62676 529
62676 530
62679 531
62680 532
62681 533
62681 534
62682 535
62683 536
62683 537
62687 538
62687 539
62687 540
62693 541
62693 542
62725 543
62728 544
62729 545
62731 546
62731 547
62732 548
62733 549
62808 550
62818 551
62818 552
62847 553
62861 554
62887 555
62887 556
62929 557
62943 558
62943 559
62943 560
63007 561
63007 562
63007 563
63026 564
63026 565
63027 566
63030 567
63032 568
63034 569
63037 570
63038 571
63039 572
63044 573
63044 574
63044 575
63047 576
63095 577
63097 578
63097 579
63105 580
63118 581
63119 582
63119 583
63119 584
63122 585
63125 586
63126 587
63127 588
63132 589
63135 590
63141 591
63141 592
63141 593
63141 594
63144 595
63215 596
63215 597
63215 598
63216 599
63216 600
63216 601
63216 602
63342 603
63342 604
63351 605
63353 606
63368 607
63370 608
63377 609
63381 610
63381 611
63383 612
63411 613
63411 614
63411 615
63412 616
63412 617
63468 618
63468 619
63468 620
63575 621
63581 622
63584 623
63602 624
63603 625
63659 626
63663 627
63670 628
63671 629
63671 630
63739 631
156014 632
157274 633
157276 634
157278 635
157281 636
157281 637
157283 638
157283 639
157283 640
157284 641
157284 642
157284 643
157285 644
157288 645
157290 646
157564 647
157568 648
157570 649
157579 650
157580 651
157580 652
157581 653
157581 654
157590 655
157596 656
157596 657
157601 658
157609 659
157649 660
157689 661
157699 662
157699 663
157700 664
157701 665
157702 666
157703 667
157836 668
157836 669
157840 670
157908 671
157968 672
158012 673
158013 674
158078 675
158093 676
158095 677
158116 678
158117 679
158172 680
158173 681
158173 682
158176 683
158177 684
158182 685
158183 686
158227 687
158233 688
158238 689
158253 690
158259 691
158262 692
158265 693
158409 694
158410 695
158414 696
158414 697
158427 698
158556 699
158557 700
158624 701
158625 702
158740 703
158818 704
158872 705
158872 706
158880 707
158887 708
158893 709
158894 710
158898 711
158925 712
158925 713
158925 714
158925 715
159052 716
159201 717
159244 718
159251 719
159448 720
159458 721
159512 722
159512 723
159519 724
159525 725
159527 726
159529 727
159612 728
159622 729
159900 730
159902 731
159904 732
159905 733
159910 734
159973 735
159974 736
159975 737
159976 738
159984 739
160036 740
160039 741
160045 742
160048 743
160053 744
160075 745
160080 746
160081 747
160085 748
160088 749
160089 750
160090 751
160092 752
160093 753
160201 754
160202 755
160202 756
160202 757
160202 758
160289 759
160296 760
160447 761
160447 762
160449 763
160450 764
160475 765
160483 766
160489 767
160493 768
160496 769
160500 770
160590 771
160596 772
160597 773
160597 774
160597 775
160597 776
160600 777
160601 778
160601 779
160601 780
160602 781
160607 782
160607 783
160608 784
160609 785
160609 786
160609 787
160609 788
160611 789
160615 790
160652 791
160845 792
160853 793
160854 794
160889 795
160940 796
160944 797
160945 798
160971 799
161042 800
161069 801
161072 802
161074 803
161074 804
161074 805
161074 806
161074 807
161074 808
161074 809
161074 810
161078 811
161079 812
161084 813
161085 814
161171 815
161292 816
161441 817
161456 818
161461 819
161473 820
161482 821
161513 822
161513 823
161513 824
161513 825
161515 826
161579 827
161580 828
161583 829
161584 830
161585 831
161588 832
161592 833
161594 834
161677 835
161678 836
161678 837
161780 838
161841 839
161846 840
161851 841
161855 842
161859 843
161932 844
162161 845
162161 846
162165 847
162166 848
162166 849
162166 850
162168 851
162174 852
162225 853
162225 854
162225 855
162225 856
162225 857
162225 858
162226 859
162229 860
162229 861
162229 862
162230 863
162232 864
162232 865
162234 866
162235 867
162236 868
162238 869
162240 870
162306 871
162308 872
162313 873
162317 874
162318 875
162319 876
162322 877
162324 878
162324 879
162325 880
162370 881
162371 882
162373 883
162374 884
162374 885
162374 886
162377 887
162377 888
162379 889
162425 890
162425 891
162425 892
162441 893
162442 894
162442 895
162445 896
162445 897
162446 898
162446 899
162448 900
162449 901
162449 902
162449 903
162451 904
162452 905
162455 906
162458 907
162461 908
162461 909
162476 910
162480 911
162491 912
162505 913
162506 914
162508 915
162547 916
162547 917
162547 918
162551 919
162552 920
162553 921
162555 922
162556 923
162557 924
162557 925
162557 926
162560 927
162561 928
162561 929
162562 930
162568 931
162569 932
162570 933
162570 934
162572 935
162572 936
162572 937
162581 938
162582 939
162582 940
162582 941
162582 942
162582 943
162583 944
162653 945
162654 946
162654 947
162654 948
162660 949
162696 950
162738 951
162741 952
162742 953
162744 954
162747 955
162747 956
162748 957
162777 958
162777 959
162777 960
162777 961
162816 962
162817 963
162817 964
162819 965
162824 966
162825 967
162825 968
162826 969
162827 970
162830 971
162832 972
162834 973
162834 974
162834 975
162837 976
162838 977
162843 978
162861 979
162940 980
162940 981
162940 982
162946 983
162947 984
162949 985
162949 986
162951 987
162953 988
162959 989
162960 990
162962 991
162977 992
162977 993
162978 994
162981 995
162981 996
162981 997
162983 998
162983 999
162984 1000
162985 1001
162986 1002
162987 1003
162987 1004
162990 1005
162990 1006
162991 1007
162991 1008
162991 1009
162992 1010
163032 1011
163040 1012
163049 1013
163050 1014
163050 1015
163052 1016
163094 1017
163094 1018
163097 1019
163098 1020
163101 1021
163104 1022
163108 1023
163109 1024
163112 1025
163112 1026
163114 1027
163116 1028
163155 1029
163156 1030
163156 1031
163160 1032
163161 1033
163163 1034
163167 1035
163168 1036
163169 1037
163249 1038
163282 1039
163306 1040
163307 1041
163312 1042
163313 1043
163317 1044
163320 1045
163321 1046
163330 1047
163352 1048
163427 1049
163487 1050
163490 1051
163497 1052
163497 1053
163521 1054
163540 1055
163547 1056
163559 1057
163569 1058
163572 1059
163577 1060
163585 1061
163585 1062
163585 1063
163588 1064
163597 1065
163597 1066
163597 1067
163597 1068
163609 1069
163613 1070
163633 1071
163700 1072
163706 1073
163721 1074
163740 1075
163744 1076
163748 1077
163749 1078
163749 1079
163777 1080
163777 1081
163783 1082
163789 1083
163792 1084
163808 1085
163857 1086
163857 1087
163857 1088
163857 1089
163859 1090
163898 1091
163927 1092
163929 1093
163930 1094
163939 1095
163939 1096
163940 1097
163946 1098
163997 1099
163997 1100
163997 1101
163997 1102
163997 1103
164108 1104
164159 1105
164186 1106
164284 1107
164290 1108
164301 1109
164302 1110
164363 1111
164365 1112
164366 1113
164366 1114
164367 1115
164369 1116
164373 1117
164385 1118
164386 1119
164387 1120
164388 1121
164392 1122
164396 1123
164396 1124
164396 1125
164397 1126
164397 1127
164403 1128
164404 1129
164404 1130
164405 1131
164406 1132
164406 1133
164409 1134
164410 1135
164502 1136
164516 1137
164517 1138
164517 1139
164518 1140
164521 1141
164524 1142
164527 1143
164529 1144
164531 1145
164531 1146
164532 1147
164560 1148
164597 1149
164599 1150
164599 1151
164600 1152
164601 1153
164601 1154
164610 1155
164613 1156
164640 1157
164640 1158
164644 1159
164648 1160
164649 1161
164652 1162
164655 1163
164750 1164
164753 1165
164756 1166
164756 1167
164756 1168
164758 1169
164760 1170
164760 1171
164761 1172
164762 1173
164762 1174
164793 1175
164793 1176
164793 1177
164793 1178
164793 1179
164794 1180
164798 1181
164798 1182
164804 1183
164810 1184
164815 1185
164830 1186
164861 1187
164886 1188
164888 1189
164893 1190
164917 1191
164917 1192
164925 1193
165025 1194
165137 1195
165165 1196
165165 1197
165165 1198
165169 1199
165175 1200
165176 1201
165177 1202
165180 1203
165188 1204
165188 1205
165193 1206
165195 1207
165213 1208
165258 1209
165285 1210
165318 1211
165332 1212
165361 1213
165373 1214
165476 1215
165482 1216
165488 1217
165490 1218
165505 1219
165506 1220
165509 1221
165509 1222
165511 1223
165516 1224
165516 1225
165518 1226
165532 1227
165549 1228
165551 1229
165552 1230
165553 1231
165558 1232
165587 1233
165591 1234
165591 1235
165592 1236
165592 1237
165593 1238
165595 1239
165597 1240
165598 1241
165640 1242
165650 1243
165889 1244
165901 1245
165957 1246
165973 1247
165973 1248
165973 1249
165973 1250
165973 1251
165980 1252
165981 1253
165987 1254
166029 1255
166029 1256
166029 1257
166085 1258
166096 1259
166103 1260
166154 1261
166155 1262
166156 1263
166237 1264
166237 1265
166237 1266
166247 1267
166319 1268
166351 1269
166385 1270
166385 1271
166729 1272
166793 1273
166853 1274
167221 1275
176890 1276
176892 1277
176893 1278
176893 1279
176895 1280
176903 1281
177873 1282
177875 1283
177877 1284
177877 1285
177881 1286
177881 1287
177887 1288
177992 1289
177992 1290
177993 1291
177994 1292
177997 1293
177999 1294
178001 1295
178001 1296
178001 1297
178001 1298
178011 1299
178244 1300
178250 1301
178318 1302
178320 1303
178320 1304
178320 1305
178324 1306
178325 1307
178325 1308
178369 1309
178370 1310
178501 1311
178501 1312
178501 1313
178501 1314
178503 1315
178509 1316
178509 1317
178509 1318
178509 1319
178514 1320
178514 1321
178514 1322
178515 1323
178516 1324
178517 1325
178517 1326
178518 1327
178521 1328
178521 1329
178535 1330
178538 1331
178541 1332
178542 1333
178543 1334
178543 1335
178544 1336
178546 1337
178547 1338
178548 1339
178548 1340
178548 1341
178550 1342
178689 1343
178750 1344
178751 1345
178753 1346
178760 1347
178825 1348
178828 1349
178830 1350
178830 1351
178832 1352
178832 1353
178832 1354
178833 1355
178833 1356
178834 1357
178864 1358
178869 1359
178870 1360
178881 1361
178909 1362
178909 1363
178914 1364
178977 1365
178977 1366
178977 1367
178993 1368
178993 1369
179015 1370
179017 1371
179026 1372
179036 1373
179041 1374
179078 1375
179086 1376
179086 1377
179090 1378
179091 1379
179092 1380
179093 1381
179132 1382
179136 1383
179143 1384
179165 1385
179165 1386
179276 1387
179296 1388
179297 1389
179297 1390
179305 1391
179323 1392
179325 1393
179326 1394
179328 1395
179328 1396
179335 1397
179335 1398
179335 1399
179338 1400
179339 1401
179339 1402
179344 1403
179345 1404
179360 1405
179366 1406
179375 1407
179377 1408
179377 1409
179382 1410
179385 1411
179386 1412
179387 1413
179397 1414
179429 1415
179429 1416
179504 1417
179539 1418
179547 1419
179557 1420
179558 1421
179620 1422
179622 1423
179625 1424
179705 1425
179705 1426
179706 1427
179714 1428
179714 1429
179717 1430
179721 1431
179727 1432
179745 1433
179912 1434
179926 1435
179961 1436
179961 1437
179962 1438
179965 1439
179976 1440
179978 1441
179979 1442
179979 1443
179980 1444
179981 1445
179981 1446
179981 1447
179982 1448
179983 1449
179983 1450
179984 1451
179986 1452
179987 1453
179988 1454
179989 1455
179990 1456
179991 1457
180138 1458
180142 1459
180142 1460
180151 1461
180151 1462
180152 1463
180153 1464
180154 1465
180156 1466
180156 1467
180165 1468
180232 1469
180233 1470
180306 1471
180306 1472
180313 1473
180314 1474
180317 1475
180319 1476
180321 1477
180323 1478
180326 1479
180327 1480
180330 1481
180361 1482
180369 1483
180397 1484
180425 1485
180497 1486
180500 1487
180502 1488
180507 1489
180557 1490
180558 1491
180558 1492
180560 1493
180560 1494
180562 1495
180562 1496
180565 1497
180566 1498
180567 1499
180570 1500
180637 1501
180637 1502
180637 1503
180637 1504
180637 1505
180637 1506
180638 1507
180755 1508
180773 1509
180782 1510
180806 1511
180810 1512
180835 1513
180841 1514
180841 1515
180842 1516
180845 1517
180847 1518
180909 1519
180909 1520
180916 1521
181009 1522
181011 1523
181012 1524
181014 1525
181014 1526
181016 1527
181020 1528
181022 1529
181085 1530
181107 1531
181219 1532
181221 1533
181222 1534
181224 1535
181225 1536
181234 1537
181236 1538
181237 1539
181355 1540
181367 1541
181394 1542
181396 1543
181397 1544
181402 1545
181404 1546
181406 1547
181602 1548
181663 1549
181663 1550
181664 1551
181665 1552
181665 1553
181665 1554
181667 1555
181667 1556
181668 1557
181670 1558
181670 1559
181671 1560
181672 1561
181672 1562
181674 1563
181674 1564
181675 1565
181677 1566
181758 1567
181781 1568
181781 1569
181850 1570
181860 1571
181926 1572
181927 1573
181935 1574
181936 1575
181937 1576
181937 1577
181993 1578
182014 1579
182025 1580
182061 1581
182067 1582
182128 1583
182149 1584
182171 1585
182171 1586
182173 1587
182175 1588
182176 1589
182177 1590
182178 1591
182179 1592
182180 1593
182183 1594
182183 1595
182221 1596
182286 1597
182303 1598
182312 1599
182317 1600
182317 1601
182320 1602
182325 1603
182333 1604
182335 1605
182342 1606
182343 1607
182365 1608
182425 1609
182425 1610
182429 1611
182429 1612
182430 1613
182430 1614
182433 1615
182433 1616
182433 1617
182439 1618
182455 1619
182459 1620
182460 1621
182462 1622
182462 1623
182463 1624
182479 1625
182519 1626
182520 1627
182527 1628
182537 1629
182606 1630
182606 1631
182608 1632
182610 1633
182610 1634
182610 1635
182610 1636
182622 1637
182649 1638
182657 1639
182681 1640
182681 1641
182681 1642
182701 1643
182701 1644
182705 1645
182725 1646
182726 1647
182921 1648
182921 1649
182929 1650
182929 1651
182929 1652
182929 1653
182970 1654
182971 1655
182972 1656
182972 1657
182972 1658
182977 1659
182979 1660
182980 1661
182981 1662
182981 1663
182987 1664
183066 1665
183076 1666
183076 1667
183229 1668
183250 1669
183252 1670
183253 1671
183253 1672
183254 1673
183257 1674
183259 1675
183285 1676
183305 1677
183307 1678
183315 1679
183315 1680
183320 1681
183328 1682
183477 1683
183549 1684
183554 1685
183555 1686
183556 1687
183558 1688
183564 1689
183569 1690
183569 1691
183574 1692
183644 1693
183645 1694
183645 1695
183645 1696
183656 1697
183691 1698
183693 1699
183801 1700
183803 1701
183813 1702
183813 1703
183870 1704
183918 1705
183922 1706
183927 1707
183974 1708
184006 1709
184012 1710
184060 1711
184067 1712
184070 1713
184071 1714
184072 1715
184073 1716
184076 1717
184085 1718
184124 1719
184124 1720
184126 1721
184127 1722
184128 1723
184129 1724
184134 1725
184134 1726
184135 1727
184135 1728
184136 1729
184245 1730
184245 1731
184245 1732
184245 1733
184245 1734
184246 1735
184246 1736
184247 1737
184247 1738
184251 1739
184254 1740
184254 1741
184256 1742
184271 1743
184274 1744
184275 1745
184277 1746
184386 1747
184387 1748
184388 1749
184392 1750
184393 1751
184397 1752
184405 1753
184405 1754
184409 1755
184413 1756
184414 1757
184449 1758
184455 1759
184455 1760
184460 1761
184462 1762
184463 1763
184465 1764
184465 1765
184465 1766
184465 1767
184466 1768
184466 1769
184467 1770
184469 1771
184469 1772
184562 1773
184563 1774
184563 1775
184566 1776
184569 1777
184570 1778
184570 1779
184573 1780
184573 1781
184574 1782
184576 1783
184578 1784
184605 1785
184621 1786
184633 1787
184719 1788
184724 1789
184728 1790
184740 1791
184741 1792
184752 1793
184754 1794
184759 1795
184764 1796
184764 1797
184772 1798
184773 1799
184866 1800
184919 1801
184920 1802
184926 1803
184926 1804
184928 1805
184929 1806
184929 1807
184929 1808
184930 1809
184930 1810
184930 1811
184932 1812
184932 1813
184934 1814
184973 1815
184973 1816
184977 1817
184978 1818
184978 1819
184978 1820
184978 1821
184978 1822
184979 1823
184979 1824
184979 1825
184984 1826
184984 1827
184985 1828
184985 1829
184986 1830
184987 1831
184987 1832
184989 1833
184993 1834
185068 1835
185073 1836
185094 1837
185094 1838
185100 1839
185101 1840
185105 1841
185105 1842
185105 1843
185105 1844
185107 1845
185114 1846
185116 1847
185116 1848
185149 1849
185149 1850
185149 1851
185151 1852
185152 1853
185157 1854
185164 1855
185167 1856
185167 1857
185180 1858
185210 1859
185212 1860
185289 1861
185325 1862
185328 1863
185330 1864
185348 1865
185373 1866
185375 1867
185376 1868
185379 1869
185379 1870
185382 1871
185385 1872
185386 1873
185387 1874
185387 1875
185467 1876
185469 1877
185470 1878
185517 1879
185517 1880
185517 1881
185517 1882
185551 1883
185552 1884
185554 1885
185558 1886
185558 1887
185558 1888
185562 1889
185563 1890
185593 1891
185597 1892
185605 1893
185606 1894
185617 1895
185656 1896
185745 1897
185745 1898
185745 1899
185745 1900
185745 1901
185746 1902
185750 1903
185772 1904
185821 1905
185889 1906
185889 1907
185889 1908
185908 1909
185937 1910
185937 1911
185940 1912
185945 1913
185948 1914
185948 1915
186023 1916
186027 1917
186034 1918
186129 1919
186130 1920
186131 1921
186139 1922
186173 1923
186173 1924
186173 1925
186197 1926
186232 1927
186232 1928
186233 1929
186235 1930
186239 1931
186241 1932
186243 1933
186244 1934
186245 1935
186246 1936
186250 1937
186251 1938
186251 1939
186309 1940
186309 1941
186309 1942
186310 1943
186319 1944
186323 1945
186323 1946
186323 1947
186325 1948
186326 1949
186326 1950
186330 1951
186330 1952
186330 1953
186331 1954
186335 1955
186335 1956
186336 1957
186389 1958
186391 1959
186411 1960
186420 1961
186424 1962
186501 1963
186519 1964
186522 1965
186526 1966
186530 1967
186532 1968
186544 1969
186545 1970
186551 1971
186597 1972
186605 1973
186605 1974
186605 1975
186605 1976
186617 1977
186617 1978
186617 1979
186617 1980
186627 1981
186631 1982
186694 1983
186705 1984
186757 1985
186762 1986
186762 1987
186769 1988
186795 1989
186821 1990
186822 1991
186828 1992
186828 1993
186839 1994
186862 1995
186885 1996
186889 1997
186889 1998
186890 1999
186893 2000
186895 2001
186930 2002
186933 2003
186936 2004
186978 2005
186978 2006
186978 2007
186978 2008
186978 2009
186989 2010
186989 2011
187049 2012
187099 2013
187099 2014
187100 2015
187102 2016
187103 2017
187103 2018
187105 2019
187105 2020
187107 2021
187108 2022
187108 2023
187111 2024
187125 2025
187181 2026
187214 2027
187297 2028
187297 2029
187297 2030
187336 2031
187336 2032
187342 2033
187342 2034
187356 2035
187373 2036
187379 2037
187380 2038
187382 2039
187382 2040
187382 2041
187386 2042
187388 2043
187412 2044
187417 2045
187425 2046
187457 2047
187457 2048
187457 2049
187467 2050
187481 2051
187482 2052
187483 2053
187486 2054
187486 2055
187487 2056
187490 2057
187490 2058
187491 2059
187492 2060
187492 2061
187492 2062
187493 2063
187493 2064
187577 2065
187582 2066
187585 2067
187585 2068
187585 2069
187587 2070
187588 2071
187591 2072
187609 2073
187611 2074
187612 2075
187616 2076
187628 2077
187635 2078
187691 2079
187716 2080
187722 2081
187723 2082
187725 2083
187726 2084
187804 2085
187809 2086
187810 2087
187810 2088
187810 2089
187810 2090
187810 2091
187811 2092
187811 2093
187811 2094
187811 2095
187811 2096
187811 2097
187811 2098
187811 2099
187812 2100
187812 2101
187812 2102
187813 2103
187813 2104
187813 2105
187814 2106
187815 2107
187816 2108
187817 2109
187817 2110
187818 2111
187821 2112
187821 2113
187821 2114
187824 2115
187824 2116
187824 2117
187825 2118
187831 2119
187832 2120
187834 2121
187836 2122
187836 2123
187837 2124
187837 2125
187840 2126
187840 2127
187840 2128
187840 2129
187842 2130
187842 2131
187843 2132
187844 2133
187845 2134
187850 2135
187852 2136
187862 2137
187863 2138
187865 2139
187914 2140
187918 2141
187993 2142
187993 2143
187998 2144
187998 2145
187998 2146
187999 2147
187999 2148
187999 2149
187999 2150
187999 2151
188001 2152
188001 2153
188006 2154
188029 2155
188032 2156
188035 2157
188038 2158
188040 2159
188041 2160
188043 2161
188046 2162
188047 2163
188050 2164
188051 2165
188053 2166
188053 2167
188058 2168
188059 2169
188083 2170
188085 2171
188085 2172
188097 2173
188097 2174
188097 2175
188097 2176
188102 2177
188130 2178
188131 2179
188133 2180
188134 2181
188135 2182
188135 2183
188143 2184
188144 2185
188152 2186
188154 2187
188154 2188
188154 2189
188156 2190
188209 2191
188210 2192
188215 2193
188218 2194
188240 2195
188270 2196
188277 2197
188286 2198
188294 2199
188295 2200
188297 2201
188299 2202
188303 2203
188303 2204
188303 2205
188305 2206
188306 2207
188308 2208
188309 2209
188309 2210
188310 2211
188345 2212
188408 2213
188418 2214
188421 2215
188421 2216
188427 2217
188429 2218
188430 2219
188442 2220
188447 2221
188448 2222
188448 2223
188450 2224
188504 2225
188529 2226
188533 2227
188590 2228
188593 2229
188594 2230
188597 2231
188599 2232
188600 2233
188601 2234
188601 2235
188603 2236
188608 2237
188639 2238
188642 2239
188644 2240
188648 2241
188651 2242
188652 2243
188654 2244
188700 2245
188712 2246
188713 2247
188721 2248
188730 2249
188734 2250
188762 2251
188763 2252
188770 2253
188774 2254
188776 2255
188859 2256
188860 2257
188860 2258
188861 2259
188863 2260
188863 2261
188868 2262
188868 2263
188873 2264
188892 2265
188897 2266
188899 2267
188900 2268
188902 2269
188910 2270
188941 2271
188945 2272
188945 2273
188945 2274
188957 2275
188959 2276
188973 2277
188977 2278
188980 2279
188999 2280
189010 2281
189011 2282
189035 2283
189053 2284
189053 2285
189053 2286
189053 2287
189053 2288
189069 2289
189080 2290
189090 2291
189093 2292
189109 2293
189110 2294
189120 2295
189166 2296
189166 2297
189167 2298
189167 2299
189172 2300
189174 2301
189367 2302
189425 2303
189425 2304
189425 2305
189435 2306
189449 2307
189477 2308
189477 2309
189477 2310
189545 2311
189559 2312
189573 2313
189580 2314
189865 2315
189934 2316
190737 2317
191738 2318
191741 2319
191742 2320
191744 2321
191745 2322
191745 2323
191745 2324
191745 2325
191749 2326
191749 2327
191749 2328
191762 2329
192082 2330
192082 2331
192083 2332
192083 2333
192087 2334
192089 2335
192090 2336
192090 2337
192092 2338
192186 2339
192189 2340
192189 2341
192189 2342
192293 2343
192293 2344
192293 2345
192293 2346
192294 2347
192294 2348
192299 2349
192325 2350
192329 2351
192329 2352
192333 2353
192333 2354
192401 2355
192409 2356
192515 2357
192518 2358
192518 2359
192519 2360
192523 2361
192526 2362
192531 2363
192650 2364
192653 2365
192656 2366
192671 2367
192679 2368
192686 2369
192688 2370
192702 2371
192705 2372
192705 2373
192705 2374
192708 2375
192746 2376
192748 2377
192750 2378
192750 2379
192750 2380
192750 2381
192760 2382
192770 2383
192770 2384
192770 2385
192771 2386
192771 2387
192771 2388
192771 2389
192771 2390
192869 2391
192869 2392
192869 2393
192873 2394
192874 2395
192874 2396
192874 2397
192874 2398
192874 2399
192877 2400
192878 2401
192879 2402
192883 2403
192883 2404
192884 2405
192888 2406
192890 2407
192891 2408
192893 2409
193008 2410
193010 2411
193014 2412
193015 2413
193016 2414
193017 2415
193017 2416
193020 2417
193020 2418
193021 2419
193035 2420
193036 2421
193036 2422
193036 2423
193037 2424
193037 2425
193039 2426
193047 2427
193049 2428
193105 2429
193109 2430
193117 2431
193117 2432
193156 2433
193159 2434
193185 2435
193190 2436
193201 2437
193227 2438
193230 2439
193240 2440
193241 2441
193291 2442
193293 2443
193298 2444
193309 2445
193319 2446
193320 2447
193418 2448
193420 2449
193421 2450
193426 2451
193430 2452
193430 2453
193433 2454
193475 2455
193483 2456
193484 2457
193489 2458
193489 2459
193501 2460
193504 2461
193505 2462
193506 2463
193507 2464
193508 2465
193513 2466
193513 2467
193515 2468
193555 2469
193557 2470
193558 2471
193562 2472
193562 2473
193563 2474
193613 2475
193617 2476
193685 2477
193691 2478
193694 2479
193752 2480
193752 2481
193757 2482
194018 2483
194084 2484
194089 2485
194097 2486
194099 2487
194104 2488
194148 2489
194153 2490
194161 2491
194162 2492
194162 2493
194208 2494
194208 2495
194208 2496
194215 2497
194311 2498
194322 2499
194330 2500
194405 2501
194447 2502
194526 2503
194614 2504
194622 2505
194690 2506
194917 2507
194918 2508
194918 2509
194919 2510
194921 2511
194924 2512
194924 2513
194924 2514
194928 2515
194981 2516
194983 2517
194986 2518
194990 2519
194994 2520
194995 2521
195166 2522
195169 2523
195171 2524
195312 2525
195354 2526
195357 2527
195364 2528
195369 2529
195448 2530
195456 2531
195456 2532
195458 2533
195458 2534
195555 2535
195556 2536
195679 2537
195825 2538
195825 2539
195825 2540
195826 2541
195826 2542
195826 2543
195832 2544
195833 2545
195843 2546
195881 2547
195893 2548
195928 2549
195930 2550
196101 2551
196112 2552
196170 2553
196192 2554
196206 2555
196208 2556
