381 1
390 2
444 3
445 4
820 5
868 6
874 7
945 8
947 9
950 10
953 11
1179 12
1217 13
1222 14
1223 15
1233 16
1313 17
1314 18
1317 19
1323 20
1399 21
1401 22
1404 23
1408 24
1408 25
1409 26
1441 27
1442 28
1442 29
1443 30
1444 31
1447 32
1451 33
1452 34
1589 35
1687 36
1695 37
1699 38
1710 39
1810 40
1812 41
1820 42
1829 43
1830 44
1831 45
1831 46
1910 47
1972 48
2018 49
2097 50
2098 51
2098 52
2098 53
2098 54
2098 55
2100 56
2110 57
2194 58
2276 59
2278 60
2279 61
2282 62
2283 63
2358 64
2358 65
2444 66
2454 67
2468 68
2469 69
2470 70
2470 71
2471 72
2471 73
2471 74
2477 75
2482 76
2565 77
2717 78
2797 79
2847 80
2848 81
2899 82
2901 83
3298 84
3390 85
3399 86
3580 87
3580 88
3933 89
3934 90
3935 91
3935 92
3935 93
3935 94
3935 95
3937 96
3943 97
4124 98
4126 99
4127 100
4127 101
4127 102
4128 103
4130 104
4131 105
4134 106
4134 107
4145 108
4241 109
4361 110
4453 111
4454 112
4454 113
4456 114
4458 115
4497 116
4611 117
4612 118
4616 119
4617 120
4617 121
4618 122
4619 123
4624 124
4713 125
4714 126
4722 127
4726 128
4762 129
4764 130
4769 131
4770 132
4770 133
4773 134
4774 135
4774 136
4775 137
4777 138
4920 139
4938 140
4941 141
4943 142
4943 143
4944 144
4947 145
4949 146
4951 147
4958 148
4959 149
4960 150
4961 151
4962 152
4963 153
4967 154
4968 155
4968 156
4969 157
4970 158
5064 159
5070 160
5093 161
5094 162
5094 163
5094 164
5094 165
5095 166
5096 167
5096 168
5101 169
5102 170
5136 171
5139 172
5147 173
5148 174
5148 175
5152 176
5153 177
5153 178
5153 179
5155 180
5158 181
5159 182
5250 183
5250 184
5251 185
5251 186
5252 187
5255 188
5257 189
5258 190
5263 191
5263 192
5270 193
5270 194
5277 195
5313 196
5314 197
5314 198
5314 199
5315 200
5322 201
5329 202
5381 203
5381 204
5382 205
5382 206
5385 207
5385 208
5521 209
5529 210
5540 211
5542 212
5545 213
5545 214
5547 215
5547 216
5549 217
5552 218
5612 219
5624 220
5624 221
5624 222
5627 223
5637 224
5649 225
5650 226
5650 227
5651 228
5662 229
5663 230
5682 231
5689 232
5694 233
5695 234
5757 235
5767 236
5770 237
5770 238
5771 239
5772 240
5789 241
5790 242
5793 243
5795 244
5815 245
5834 246
5835 247
5836 248
5837 249
5837 250
5838 251
5839 252
5900 253
5901 254
5902 255
5906 256
5912 257
5918 258
5925 259
5926 260
5928 261
5930 262
5998 263
6037 264
6040 265
6051 266
6093 267
6137 268
6169 269
6175 270
6178 271
6182 272
6210 273
6212 274
6212 275
6212 276
6212 277
6212 278
6213 279
6213 280
6215 281
6222 282
6223 283
6223 284
6223 285
6223 286
6293 287
6310 288
6312 289
6316 290
6325 291
6470 292
6471 293
6471 294
6471 295
6471 296
6472 297
6478 298
6531 299
6541 300
6542 301
6661 302
6662 303
6662 304
6677 305
6683 306
6784 307
6787 308
6787 309
6788 310
6788 311
6788 312
6788 313
6788 314
6788 315
6788 316
6796 317
6803 318
6989 319
6990 320
6990 321
6990 322
6990 323
6994 324
6995 325
6995 326
7024 327
7156 328
7166 329
7265 330
7276 331
7277 332
7331 333
7332 334
7332 335
7333 336
7334 337
7337 338
7338 339
7341 340
7343 341
7346 342
7417 343
7418 344
7423 345
7424 346
7426 347
7477 348
7478 349
7478 350
7485 351
7612 352
7648 353
7650 354
7651 355
7652 356
7652 357
7653 358
7654 359
7655 360
7655 361
7658 362
7659 363
7661 364
7664 365
7677 366
7685 367
7687 368
7791 369
7793 370
7794 371
7798 372
7803 373
7805 374
7808 375
7810 376
7812 377
7843 378
7851 379
7901 380
7917 381
7918 382
7919 383
7925 384
7972 385
7977 386
7979 387
7981 388
7986 389
7989 390
7993 391
8021 392
8115 393
8116 394
8120 395
8123 396
8123 397
8129 398
8129 399
8130 400
8131 401
8132 402
8134 403
8137 404
8142 405
8146 406
8256 407
8257 408
8258 409
8258 410
8262 411
8263 412
8263 413
8264 414
8265 415
8265 416
8266 417
8267 418
8268 419
8401 420
8406 421
8407 422
8407 423
8408 424
8409 425
8413 426
8413 427
8414 428
8414 429
8414 430
8418 431
8419 432
8624 433
8625 434
8626 435
8626 436
8626 437
8626 438
8626 439
8639 440
8639 441
8639 442
8644 443
8648 444
8662 445
8664 446
8665 447
8665 448
8666 449
8666 450
8666 451
8666 452
8666 453
8669 454
8675 455
8676 456
8681 457
8682 458
8682 459
8682 460
8682 461
8689 462
8692 463
8715 464
8764 465
8766 466
8767 467
8778 468
8820 469
8820 470
8827 471
8830 472
8833 473
8862 474
8872 475
8888 476
8890 477
8891 478
8892 479
8893 480
8895 481
8897 482
8897 483
8899 484
8900 485
8900 486
8937 487
8938 488
8938 489
8997 490
9049 491
9054 492
9061 493
9065 494
9066 495
9079 496
9087 497
9093 498
9096 499
9107 500
9117 501
9119 502
9124 503
9127 504
9127 505
9134 506
9135 507
9138 508
9159 509
9182 510
9220 511
9238 512
9241 513
9294 514
9348 515
9370 516
9420 517
9421 518
9437 519
9523 520
9563 521
9567 522
9587 523
9609 524
9659 525
9663 526
9768 527
9781 528
9871 529
9873 530
9874 531
9876 532
9880 533
9907 534
9907 535
9908 536
9913 537
9916 538
9918 539
9940 540
9967 541
10045 542
10049 543
10090 544
10093 545
10094 546
10096 547
10098 548
10258 549
10277 550
10294 551
10541 552
10542 553
10728 554
10747 555
10914 556
10914 557
12877 558
12878 559
12878 560
12878 561
12878 562
12884 563
12889 564
13082 565
13082 566
13082 567
13218 568
13219 569
13222 570
13222 571
13223 572
13224 573
13226 574
13227 575
13228 576
13229 577
13231 578
13233 579
13233 580
13257 581
13258 582
13258 583
13262 584
13263 585
13270 586
13360 587
13362 588
13363 589
13369 590
13379 591
13426 592
13426 593
13426 594
13452 595
13453 596
13454 597
13455 598
13458 599
13481 600
13481 601
13484 602
13492 603
13658 604
13718 605
13718 606
13770 607
13774 608
13816 609
13817 610
13818 611
13818 612
13824 613
13826 614
13827 615
13827 616
13831 617
13831 618
13831 619
13973 620
13979 621
13986 622
13987 623
13987 624
14200 625
14235 626
14238 627
14240 628
14244 629
14300 630
14305 631
14306 632
14308 633
14310 634
14355 635
14356 636
14357 637
14357 638
14357 639
14358 640
14358 641
14359 642
14359 643
14363 644
14366 645
14367 646
14367 647
14369 648
14373 649
14374 650
14415 651
14523 652
14553 653
14554 654
14574 655
14578 656
14578 657
14582 658
14589 659
14590 660
14590 661
14595 662
14603 663
14610 664
14630 665
14731 666
14748 667
14764 668
14775 669
14791 670
14796 671
14796 672
14800 673
14846 674
14846 675
14865 676
14868 677
14878 678
14880 679
14884 680
14887 681
14904 682
14905 683
14907 684
14908 685
14954 686
15001 687
15042 688
15042 689
15042 690
15046 691
15114 692
15118 693
15118 694
15130 695
15130 696
15133 697
15166 698
15168 699
15182 700
15191 701
15281 702
15282 703
15440 704
15440 705
15441 706
15441 707
15441 708
15442 709
15443 710
15444 711
15448 712
15449 713
15449 714
15450 715
15451 716
15451 717
15452 718
15454 719
15455 720
15455 721
15456 722
15462 723
15754 724
15758 725
15758 726
15759 727
15767 728
15767 729
15770 730
15770 731
15817 732
15886 733
15892 734
15894 735
15894 736
15895 737
15895 738
15934 739
15939 740
15940 741
15945 742
16182 743
16215 744
16216 745
16218 746
16219 747
16229 748
16308 749
16384 750
16440 751
16480 752
16497 753
16497 754
16498 755
16498 756
16498 757
16498 758
16498 759
16499 760
16499 761
16545 762
16546 763
16547 764
16590 765
16666 766
16672 767
16682 768
16702 769
16708 770
16710 771
16711 772
16713 773
16814 774
16814 775
16870 776
17034 777
17079 778
17084 779
17086 780
17086 781
17214 782
17214 783
17214 784
17214 785
17226 786
17226 787
17226 788
17502 789
17502 790
17502 791
17502 792
17502 793
17504 794
17505 795
17506 796
17510 797
17510 798
17512 799
17754 800
17754 801
18022 802
18023 803
18026 804
18029 805
18029 806
18031 807
18206 808
18206 809
18206 810
18206 811
18206 812
18207 813
18211 814
18211 815
18211 816
18211 817
18211 818
18213 819
18218 820
18225 821
18321 822
18356 823
18361 824
18363 825
18363 826
18363 827
18367 828
18368 829
18371 830
18373 831
18398 832
18504 833
18506 834
18506 835
18506 836
18506 837
18506 838
18506 839
18507 840
18508 841
18508 842
18513 843
18517 844
18607 845
18610 846
18683 847
18729 848
18735 849
18745 850
18778 851
18778 852
18782 853
18782 854
18782 855
18782 856
18834 857
18854 858
18874 859
18963 860
18969 861
18973 862
18975 863
18982 864
18984 865
18987 866
18987 867
18989 868
18989 869
18989 870
18989 871
18990 872
18993 873
18994 874
18995 875
19002 876
19002 877
19002 878
19003 879
19005 880
19006 881
19007 882
19008 883
19010 884
19012 885
19025 886
19030 887
19034 888
19034 889
19034 890
19037 891
19044 892
19055 893
19055 894
19055 895
19058 896
19059 897
19061 898
19064 899
19065 900
19066 901
19066 902
19068 903
19068 904
19069 905
19069 906
19069 907
19069 908
19069 909
19071 910
19072 911
19072 912
19075 913
19076 914
19084 915
19119 916
19150 917
19218 918
19228 919
19241 920
19242 921
19242 922
19242 923
19242 924
19242 925
19242 926
19243 927
19244 928
19244 929
19244 930
19244 931
19245 932
19246 933
19246 934
19249 935
19250 936
19252 937
19255 938
19255 939
19256 940
19256 941
19257 942
19319 943
19337 944
19339 945
19339 946
19346 947
19382 948
19383 949
19383 950
19383 951
19387 952
19392 953
19394 954
19402 955
19489 956
19492 957
19493 958
19495 959
19497 960
19499 961
19501 962
19506 963
19515 964
19516 965
19521 966
19589 967
19598 968
19674 969
19701 970
19702 971
19706 972
19729 973
19729 974
19729 975
19729 976
19730 977
19730 978
19730 979
19730 980
19730 981
19736 982
19737 983
19753 984
19756 985
19830 986
19832 987
19832 988
19833 989
19834 990
19834 991
19891 992
19891 993
19891 994
19891 995
19891 996
19891 997
19891 998
19895 999
19896 1000
19901 1001
19925 1002
19973 1003
19988 1004
19992 1005
19996 1006
19997 1007
19998 1008
20003 1009
20008 1010
20009 1011
20046 1012
20054 1013
20054 1014
20055 1015
20056 1016
20057 1017
20060 1018
20070 1019
20081 1020
20084 1021
20090 1022
20115 1023
20115 1024
20115 1025
20115 1026
20132 1027
20134 1028
20239 1029
20240 1030
20255 1031
20255 1032
20259 1033
20299 1034
20311 1035
20382 1036
20382 1037
20382 1038
20387 1039
20416 1040
20438 1041
20444 1042
20445 1043
20601 1044
20602 1045
20618 1046
20618 1047
20618 1048
20628 1049
20637 1050
20724 1051
20934 1052
21018 1053
22678 1054
43178 1055
43180 1056
43184 1057
43189 1058
43190 1059
43192 1060
43325 1061
43328 1062
43328 1063
43330 1064
43330 1065
43330 1066
43332 1067
43333 1068
43335 1069
43336 1070
43340 1071
43341 1072
43607 1073
43610 1074
43610 1075
43632 1076
43652 1077
43666 1078
43672 1079
43750 1080
43765 1081
43782 1082
43784 1083
43785 1084
43785 1085
43790 1086
43790 1087
43791 1088
43792 1089
43795 1090
43795 1091
43796 1092
43813 1093
43814 1094
43817 1095
43818 1096
43818 1097
43818 1098
43826 1099
43828 1100
43852 1101
43855 1102
43856 1103
43863 1104
43866 1105
43983 1106
44025 1107
44025 1108
44031 1109
44032 1110
44035 1111
44069 1112
44133 1113
44133 1114
44230 1115
44230 1116
44241 1117
44291 1118
44295 1119
44302 1120
44333 1121
44337 1122
44340 1123
44347 1124
44394 1125
44395 1126
44402 1127
44415 1128
44442 1129
44447 1130
44447 1131
44447 1132
44450 1133
44456 1134
44457 1135
44462 1136
44462 1137
44462 1138
44474 1139
44476 1140
44477 1141
44479 1142
44483 1143
44489 1144
44566 1145
44566 1146
44566 1147
44566 1148
44566 1149
44581 1150
44590 1151
44594 1152
44595 1153
44649 1154
44651 1155
44652 1156
44652 1157
44652 1158
44654 1159
44658 1160
44659 1161
44660 1162
44661 1163
44662 1164
44662 1165
44664 1166
44734 1167
44735 1168
44738 1169
44747 1170
44758 1171
44758 1172
44759 1173
44760 1174
44764 1175
44769 1176
44785 1177
44786 1178
44790 1179
44855 1180
44856 1181
44856 1182
44856 1183
44858 1184
44860 1185
44861 1186
44865 1187
44868 1188
44910 1189
44910 1190
44910 1191
44938 1192
44944 1193
44944 1194
44947 1195
44952 1196
44954 1197
44979 1198
45034 1199
45034 1200
45034 1201
45038 1202
45038 1203
45048 1204
45048 1205
45056 1206
45057 1207
45058 1208
45058 1209
45119 1210
45122 1211
45125 1212
45186 1213
45188 1214
45228 1215
45234 1216
45244 1217
45247 1218
45252 1219
45254 1220
45257 1221
45259 1222
45270 1223
45270 1224
45270 1225
45270 1226
45270 1227
45271 1228
45275 1229
45279 1230
45281 1231
45282 1232
45283 1233
45290 1234
45294 1235
45294 1236
45297 1237
45297 1238
45298 1239
45300 1240
45300 1241
45380 1242
45387 1243
45387 1244
45391 1245
45426 1246
45437 1247
45450 1248
45450 1249
45453 1250
45502 1251
45526 1252
45527 1253
45535 1254
45615 1255
45626 1256
45626 1257
45637 1258
45661 1259
45661 1260
45663 1261
45664 1262
45666 1263
45666 1264
45673 1265
45694 1266
45790 1267
45790 1268
45804 1269
45804 1270
45809 1271
45810 1272
45810 1273
45818 1274
45887 1275
45914 1276
45914 1277
45918 1278
45919 1279
45921 1280
45964 1281
45968 1282
45977 1283
46004 1284
46012 1285
46026 1286
46239 1287
46242 1288
46354 1289
46360 1290
46362 1291
46409 1292
46423 1293
46426 1294
46427 1295
46428 1296
46429 1297
46431 1298
46433 1299
46514 1300
46631 1301
46714 1302
46828 1303
46834 1304
46841 1305
46841 1306
46939 1307
46944 1308
46953 1309
46955 1310
47110 1311
47110 1312
47110 1313
47169 1314
47221 1315
47227 1316
47227 1317
47322 1318
47326 1319
47326 1320
47326 1321
47326 1322
47331 1323
47335 1324
47367 1325
47367 1326
47367 1327
47369 1328
47372 1329
47381 1330
47382 1331
47466 1332
47468 1333
47469 1334
47478 1335
47512 1336
47513 1337
47514 1338
47518 1339
47525 1340
47562 1341
47562 1342
47568 1343
47570 1344
47572 1345
47574 1346
47575 1347
47586 1348
47587 1349
47697 1350
47709 1351
47710 1352
47710 1353
47710 1354
47715 1355
47750 1356
47753 1357
47755 1358
47757 1359
47757 1360
47758 1361
47759 1362
47760 1363
47761 1364
47762 1365
47764 1366
47765 1367
47785 1368
47790 1369
47792 1370
47794 1371
47814 1372
47818 1373
47820 1374
47821 1375
47824 1376
47825 1377
47826 1378
47826 1379
47826 1380
47828 1381
47828 1382
47862 1383
47862 1384
47864 1385
47869 1386
47874 1387
47880 1388
47971 1389
47978 1390
48024 1391
48026 1392
48027 1393
48029 1394
48033 1395
48036 1396
48104 1397
48107 1398
48110 1399
48114 1400
48115 1401
48116 1402
48117 1403
48127 1404
48130 1405
48132 1406
48137 1407
48144 1408
48152 1409
48176 1410
48184 1411
48191 1412
48196 1413
48218 1414
48259 1415
48262 1416
48291 1417
48296 1418
48359 1419
48362 1420
48363 1421
48374 1422
48412 1423
48415 1424
48425 1425
48430 1426
48431 1427
48432 1428
48437 1429
48540 1430
48582 1431
48582 1432
48582 1433
48583 1434
48589 1435
48601 1436
48612 1437
48638 1438
48713 1439
48761 1440
48762 1441
48762 1442
48762 1443
48762 1444
48762 1445
48762 1446
48762 1447
48763 1448
48763 1449
48763 1450
48765 1451
48766 1452
48767 1453
48768 1454
48768 1455
48782 1456
48792 1457
48803 1458
48807 1459
48807 1460
48807 1461
48810 1462
48810 1463
48815 1464
48818 1465
48822 1466
48823 1467
48831 1468
48832 1469
48834 1470
48835 1471
48836 1472
48840 1473
48846 1474
48880 1475
48883 1476
48885 1477
48891 1478
48895 1479
48924 1480
48925 1481
48930 1482
48935 1483
48954 1484
48956 1485
48961 1486
48967 1487
48970 1488
48970 1489
48974 1490
48974 1491
48974 1492
48982 1493
48988 1494
48989 1495
48994 1496
49002 1497
49134 1498
49134 1499
49134 1500
49134 1501
49135 1502
49142 1503
49145 1504
49146 1505
49147 1506
49150 1507
49152 1508
49156 1509
49156 1510
49162 1511
49166 1512
49174 1513
49174 1514
49174 1515
49175 1516
49176 1517
49177 1518
49178 1519
49178 1520
49182 1521
49182 1522
49188 1523
49189 1524
49190 1525
49194 1526
49195 1527
49196 1528
49200 1529
49202 1530
49204 1531
49213 1532
49219 1533
49227 1534
49230 1535
49230 1536
49279 1537
49283 1538
49401 1539
49402 1540
49402 1541
49406 1542
49411 1543
49412 1544
49412 1545
49413 1546
49413 1547
49415 1548
49416 1549
49419 1550
49425 1551
49462 1552
49465 1553
49466 1554
49468 1555
49471 1556
49474 1557
49483 1558
49563 1559
49570 1560
49598 1561
49598 1562
49602 1563
49603 1564
49605 1565
49611 1566
49661 1567
49663 1568
49664 1569
49667 1570
49719 1571
49730 1572
49731 1573
49732 1574
49734 1575
49736 1576
49736 1577
49737 1578
49737 1579
49739 1580
49740 1581
49743 1582
49743 1583
49778 1584
49779 1585
49781 1586
49787 1587
49791 1588
49873 1589
49880 1590
49914 1591
49966 1592
49966 1593
49966 1594
49968 1595
49972 1596
49974 1597
49974 1598
49974 1599
49975 1600
49975 1601
49976 1602
49977 1603
49977 1604
49977 1605
49978 1606
49980 1607
49984 1608
49985 1609
49985 1610
49986 1611
49986 1612
49986 1613
49986 1614
49986 1615
49987 1616
49987 1617
49987 1618
49987 1619
50018 1620
50023 1621
50030 1622
50030 1623
50030 1624
50032 1625
50033 1626
50033 1627
50033 1628
50034 1629
50042 1630
50054 1631
50055 1632
50057 1633
50057 1634
50061 1635
50061 1636
50064 1637
50064 1638
50064 1639
50064 1640
50066 1641
50067 1642
50109 1643
50109 1644
50112 1645
50185 1646
50185 1647
50186 1648
50188 1649
50188 1650
50189 1651
50191 1652
50191 1653
50195 1654
50195 1655
50195 1656
50195 1657
50200 1658
50221 1659
50223 1660
50320 1661
50322 1662
50375 1663
50378 1664
50384 1665
50406 1666
50406 1667
50406 1668
50413 1669
50414 1670
50415 1671
50419 1672
50419 1673
50421 1674
50429 1675
50430 1676
50478 1677
50483 1678
50510 1679
50515 1680
50515 1681
50515 1682
50515 1683
50518 1684
50548 1685
50550 1686
50558 1687
50583 1688
50583 1689
50583 1690
50583 1691
50615 1692
50615 1693
50650 1694
50653 1695
50653 1696
50654 1697
50654 1698
50654 1699
50658 1700
50659 1701
50660 1702
50660 1703
50660 1704
50660 1705
50662 1706
50663 1707
50663 1708
50667 1709
50668 1710
50683 1711
50690 1712
50780 1713
50793 1714
50796 1715
50805 1716
50821 1717
50855 1718
50856 1719
50860 1720
50864 1721
50866 1722
50866 1723
50867 1724
50867 1725
50868 1726
50869 1727
50869 1728
50869 1729
50870 1730
50870 1731
50871 1732
50872 1733
50874 1734
50876 1735
50876 1736
50876 1737
50876 1738
50877 1739
50882 1740
50882 1741
50893 1742
50950 1743
50955 1744
50972 1745
50972 1746
50974 1747
50976 1748
50980 1749
50981 1750
51050 1751
51052 1752
51053 1753
51117 1754
51121 1755
51128 1756
51129 1757
51132 1758
51134 1759
51151 1760
51155 1761
51158 1762
51161 1763
51163 1764
51174 1765
51185 1766
51193 1767
51223 1768
51243 1769
51249 1770
51277 1771
51289 1772
51361 1773
51363 1774
51364 1775
51366 1776
51366 1777
51366 1778
51367 1779
51367 1780
51368 1781
51372 1782
51372 1783
51372 1784
51373 1785
51378 1786
51442 1787
51443 1788
51443 1789
51443 1790
51443 1791
51447 1792
51449 1793
51450 1794
51452 1795
51560 1796
51572 1797
51581 1798
51582 1799
51582 1800
51584 1801
51584 1802
51585 1803
51585 1804
51585 1805
51587 1806
51588 1807
51589 1808
51590 1809
51591 1810
51593 1811
51623 1812
51624 1813
51626 1814
51629 1815
51632 1816
51633 1817
51633 1818
51634 1819
51662 1820
51670 1821
51670 1822
51673 1823
51673 1824
51674 1825
51677 1826
51679 1827
51680 1828
51682 1829
51683 1830
51826 1831
51826 1832
51839 1833
51840 1834
51840 1835
51849 1836
51852 1837
51852 1838
51880 1839
51893 1840
51900 1841
51925 1842
51957 1843
51970 1844
51970 1845
51970 1846
52003 1847
52004 1848
52004 1849
52004 1850
52008 1851
52009 1852
52011 1853
52014 1854
52014 1855
52018 1856
52030 1857
52035 1858
52035 1859
52035 1860
52035 1861
52070 1862
52070 1863
52075 1864
52075 1865
52075 1866
52077 1867
52102 1868
52108 1869
52130 1870
52130 1871
52150 1872
52170 1873
52171 1874
52189 1875
52190 1876
52191 1877
52203 1878
52215 1879
52263 1880
52263 1881
52268 1882
52278 1883
52291 1884
52292 1885
52294 1886
52294 1887
52295 1888
52295 1889
52295 1890
52297 1891
52361 1892
52362 1893
52362 1894
52420 1895
52471 1896
52545 1897
52565 1898
52565 1899
52566 1900
52569 1901
52571 1902
52572 1903
52573 1904
52573 1905
52574 1906
52576 1907
52577 1908
52577 1909
52577 1910
52579 1911
52580 1912
52584 1913
52585 1914
52587 1915
52590 1916
52643 1917
52650 1918
52650 1919
52650 1920
52651 1921
52654 1922
52656 1923
52658 1924
52660 1925
52662 1926
52666 1927
52693 1928
52704 1929
52708 1930
52717 1931
52730 1932
52759 1933
52769 1934
52808 1935
52924 1936
52930 1937
52931 1938
53025 1939
53025 1940
53027 1941
53030 1942
53119 1943
53119 1944
53119 1945
53126 1946
53131 1947
53170 1948
53239 1949
53240 1950
53241 1951
53242 1952
53242 1953
53242 1954
53242 1955
53243 1956
53244 1957
53244 1958
53249 1959
53251 1960
53252 1961
53418 1962
53418 1963
53419 1964
53423 1965
53423 1966
53429 1967
53429 1968
53431 1969
53473 1970
53501 1971
53590 1972
53595 1973
53596 1974
53596 1975
53597 1976
53598 1977
53598 1978
53604 1979
53607 1980
53613 1981
53721 1982
53778 1983
53778 1984
53778 1985
53779 1986
53779 1987
53807 1988
53807 1989
53811 1990
53813 1991
53832 1992
53833 1993
53836 1994
53839 1995
53843 1996
53860 1997
53872 1998
53887 1999
53887 2000
53888 2001
53889 2002
53891 2003
53893 2004
53893 2005
53893 2006
53896 2007
53897 2008
53982 2009
53984 2010
54106 2011
54114 2012
54243 2013
54256 2014
54285 2015
54293 2016
54320 2017
54476 2018
88711 2019
88711 2020
88711 2021
88711 2022
88712 2023
88714 2024
88715 2025
88716 2026
88717 2027
88717 2028
88718 2029
88720 2030
88724 2031
88724 2032
88726 2033
88979 2034
88981 2035
88983 2036
88984 2037
88985 2038
88986 2039
88988 2040
88988 2041
88996 2042
88996 2043
88996 2044
88996 2045
88997 2046
88997 2047
88997 2048
88997 2049
88997 2050
88997 2051
88998 2052
88998 2053
88998 2054
88998 2055
88999 2056
89049 2057
89059 2058
89145 2059
89146 2060
89147 2061
89149 2062
89149 2063
89150 2064
89173 2065
89173 2066
89176 2067
89180 2068
89183 2069
89185 2070
89186 2071
89270 2072
89295 2073
89295 2074
89295 2075
89300 2076
89332 2077
89335 2078
89387 2079
89424 2080
89424 2081
89426 2082
89428 2083
89429 2084
89429 2085
89433 2086
89433 2087
89434 2088
89434 2089
89434 2090
89435 2091
89435 2092
89435 2093
89437 2094
89478 2095
89478 2096
89519 2097
89520 2098
89551 2099
89555 2100
89557 2101
89559 2102
89561 2103
89563 2104
89565 2105
89568 2106
89572 2107
89621 2108
89625 2109
89631 2110
89636 2111
89636 2112
89636 2113
89636 2114
89728 2115
89744 2116
89744 2117
89771 2118
89771 2119
89771 2120
89771 2121
89771 2122
89771 2123
89772 2124
89774 2125
89775 2126
89775 2127
89779 2128
89780 2129
89828 2130
89831 2131
89832 2132
89835 2133
89840 2134
89845 2135
89848 2136
89855 2137
89855 2138
89855 2139
89858 2140
89878 2141
89883 2142
89925 2143
89928 2144
89929 2145
89930 2146
89930 2147
89931 2148
89932 2149
89935 2150
89935 2151
89935 2152
89935 2153
89936 2154
89937 2155
89940 2156
89942 2157
89972 2158
89975 2159
89979 2160
89981 2161
90034 2162
90043 2163
90043 2164
90043 2165
90071 2166
90071 2167
90071 2168
90071 2169
90099 2170
90102 2171
90102 2172
90179 2173
90237 2174
90319 2175
90319 2176
90319 2177
90319 2178
90323 2179
90416 2180
90586 2181
90607 2182
90690 2183
90771 2184
90866 2185
90879 2186
90883 2187
90885 2188
91319 2189
92331 2190
92331 2191
92331 2192
92332 2193
92332 2194
92333 2195
92335 2196
92338 2197
92339 2198
92341 2199
92640 2200
92643 2201
92644 2202
92647 2203
92653 2204
92660 2205
92661 2206
92664 2207
92727 2208
92729 2209
92730 2210
92732 2211
92739 2212
92739 2213
92739 2214
92739 2215
92742 2216
92873 2217
92879 2218
92881 2219
92882 2220
92886 2221
92887 2222
92889 2223
92890 2224
93013 2225
93015 2226
93018 2227
93042 2228
93044 2229
93045 2230
93047 2231
93106 2232
93107 2233
93109 2234
93109 2235
93113 2236
93138 2237
93250 2238
93251 2239
93252 2240
93257 2241
93258 2242
93300 2243
93300 2244
93300 2245
93300 2246
93301 2247
93301 2248
93301 2249
93301 2250
93301 2251
93303 2252
93311 2253
93311 2254
93358 2255
93413 2256
93470 2257
93505 2258
93519 2259
93519 2260
93519 2261
93519 2262
93575 2263
93643 2264
93643 2265
93643 2266
93645 2267
93653 2268
93722 2269
93724 2270
93807 2271
93852 2272
93867 2273
93869 2274
93874 2275
93879 2276
93907 2277
93907 2278
93907 2279
93912 2280
93917 2281
93925 2282
93925 2283
93925 2284
93925 2285
93925 2286
93926 2287
93926 2288
93927 2289
93929 2290
93931 2291
93959 2292
93959 2293
93959 2294
93959 2295
93959 2296
93990 2297
93990 2298
93990 2299
93992 2300
93993 2301
93997 2302
94007 2303
94014 2304
94063 2305
94063 2306
94067 2307
94069 2308
94071 2309
94071 2310
94073 2311
94081 2312
94139 2313
94289 2314
94290 2315
94295 2316
94300 2317
94304 2318
94308 2319
94426 2320
94427 2321
94438 2322
94439 2323
94502 2324
94502 2325
94503 2326
94505 2327
94506 2328
94509 2329
94509 2330
94511 2331
94562 2332
94564 2333
94570 2334
94601 2335
94602 2336
94603 2337
94612 2338
94621 2339
94765 2340
94767 2341
94767 2342
94769 2343
94773 2344
94774 2345
94776 2346
94779 2347
94784 2348
94787 2349
94787 2350
94791 2351
94799 2352
94799 2353
94844 2354
94848 2355
94871 2356
94904 2357
94912 2358
94915 2359
94940 2360
94955 2361
94955 2362
94961 2363
94963 2364
94963 2365
94965 2366
94966 2367
94969 2368
94975 2369
95054 2370
95059 2371
95061 2372
95063 2373
95103 2374
95110 2375
95111 2376
95114 2377
95115 2378
95116 2379
95222 2380
95230 2381
95238 2382
95239 2383
95239 2384
95239 2385
95244 2386
95250 2387
95255 2388
95261 2389
95261 2390
95264 2391
95266 2392
95267 2393
95278 2394
95295 2395
95303 2396
95306 2397
95316 2398
95322 2399
95323 2400
95323 2401
95325 2402
95326 2403
95327 2404
95333 2405
95353 2406
95362 2407
95381 2408
95382 2409
95383 2410
95385 2411
95386 2412
95391 2413
95486 2414
95488 2415
95493 2416
95523 2417
95523 2418
95523 2419
95523 2420
95531 2421
95531 2422
95535 2423
95537 2424
95539 2425
95587 2426
95587 2427
95611 2428
95620 2429
95623 2430
95623 2431
95623 2432
95623 2433
95623 2434
95623 2435
95625 2436
95634 2437
95639 2438
95639 2439
95646 2440
95753 2441
95755 2442
95792 2443
95802 2444
95821 2445
95830 2446
95929 2447
95968 2448
95973 2449
96023 2450
96080 2451
96134 2452
96138 2453
96140 2454
96150 2455
96254 2456
96254 2457
96257 2458
96266 2459
96266 2460
96279 2461
96292 2462
96341 2463
96342 2464
96355 2465
96575 2466
96575 2467
96575 2468
96584 2469
96585 2470
96588 2471
96785 2472
96806 2473
96859 2474
96943 2475
96947 2476
96947 2477
96947 2478
96955 2479
96958 2480
97067 2481
97067 2482
97071 2483
97071 2484
97075 2485
97075 2486
97206 2487
97209 2488
97211 2489
97217 2490
97220 2491
97220 2492
97236 2493
97264 2494
97264 2495
97274 2496
97332 2497
97332 2498
97332 2499
97334 2500
97336 2501
97346 2502
97414 2503
97417 2504
97422 2505
97487 2506
97644 2507
97645 2508
97647 2509
97647 2510
97648 2511
97653 2512
97656 2513
97656 2514
97656 2515
97656 2516
97657 2517
97659 2518
97659 2519
97710 2520
97717 2521
97835 2522
97840 2523
97896 2524
97981 2525
97981 2526
97981 2527
97982 2528
97983 2529
98003 2530
98012 2531
98013 2532
98014 2533
98016 2534
98018 2535
98053 2536
98083 2537
98085 2538
98088 2539
98095 2540
98095 2541
98099 2542
98101 2543
98106 2544
98186 2545
98208 2546
98210 2547
98211 2548
98221 2549
98249 2550
98251 2551
98251 2552
98251 2553
98259 2554
98260 2555
98263 2556
98304 2557
98347 2558
98361 2559
98366 2560
98366 2561
98371 2562
98401 2563
98405 2564
98406 2565
98415 2566
98495 2567
98498 2568
98531 2569
98533 2570
98533 2571
98535 2572
98535 2573
98535 2574
98535 2575
98535 2576
98535 2577
98537 2578
98538 2579
98538 2580
98538 2581
98539 2582
98539 2583
98541 2584
98541 2585
98542 2586
98542 2587
98543 2588
98544 2589
98545 2590
98545 2591
98547 2592
98547 2593
98547 2594
98548 2595
98551 2596
98552 2597
98554 2598
98560 2599
98578 2600
98700 2601
98700 2602
98700 2603
98700 2604
98700 2605
98732 2606
98772 2607
98778 2608
98850 2609
98850 2610
98857 2611
98859 2612
98868 2613
98874 2614
98876 2615
98880 2616
98886 2617
98907 2618
98918 2619
98975 2620
98975 2621
98979 2622
98982 2623
98984 2624
98987 2625
99043 2626
99043 2627
99043 2628
99054 2629
99097 2630
99103 2631
99104 2632
99197 2633
99199 2634
99224 2635
99226 2636
99226 2637
99231 2638
99231 2639
99231 2640
99259 2641
99259 2642
99263 2643
99263 2644
99264 2645
99267 2646
99293 2647
99293 2648
99297 2649
99343 2650
99347 2651
99349 2652
99350 2653
99353 2654
99355 2655
99358 2656
99365 2657
99367 2658
99369 2659
99374 2660
99375 2661
99375 2662
99387 2663
99393 2664
99398 2665
99402 2666
99449 2667
99450 2668
99452 2669
99461 2670
99509 2671
99510 2672
99515 2673
99516 2674
99516 2675
99517 2676
99519 2677
99520 2678
99582 2679
99585 2680
99588 2681
99669 2682
99711 2683
99711 2684
99711 2685
99711 2686
99727 2687
99727 2688
99732 2689
99732 2690
99732 2691
99736 2692
99736 2693
99736 2694
99736 2695
99736 2696
99736 2697
99737 2698
99737 2699
99738 2700
99745 2701
99753 2702
99771 2703
99772 2704
99805 2705
99819 2706
99819 2707
99922 2708
99922 2709
99926 2710
99927 2711
99928 2712
99929 2713
99933 2714
99934 2715
99935 2716
99947 2717
99951 2718
99954 2719
99995 2720
99995 2721
99996 2722
99997 2723
99998 2724
99999 2725
99999 2726
100002 2727
100005 2728
100007 2729
100008 2730
100043 2731
100047 2732
100052 2733
100052 2734
100058 2735
100129 2736
100135 2737
100136 2738
100151 2739
100157 2740
100171 2741
100174 2742
100195 2743
100215 2744
100215 2745
100220 2746
100220 2747
100220 2748
100220 2749
100223 2750
100223 2751
100223 2752
100223 2753
100223 2754
100297 2755
100298 2756
100344 2757
100377 2758
100395 2759
100408 2760
100408 2761
100419 2762
100419 2763
100419 2764
100419 2765
100419 2766
100419 2767
100425 2768
100426 2769
100426 2770
100443 2771
100447 2772
100451 2773
100452 2774
100453 2775
100458 2776
100484 2777
100492 2778
100492 2779
100495 2780
100498 2781
100499 2782
100499 2783
100499 2784
100499 2785
100499 2786
100501 2787
100508 2788
100532 2789
100544 2790
100544 2791
100544 2792
100596 2793
100597 2794
100598 2795
100603 2796
100604 2797
100607 2798
100608 2799
100613 2800
100789 2801
100809 2802
100853 2803
100854 2804
100854 2805
100857 2806
100857 2807
100857 2808
100862 2809
100864 2810
100864 2811
100865 2812
100940 2813
100944 2814
100950 2815
100999 2816
101119 2817
101119 2818
101119 2819
101119 2820
101123 2821
101123 2822
101128 2823
101128 2824
101130 2825
101149 2826
101150 2827
101152 2828
101157 2829
101159 2830
101218 2831
101256 2832
101264 2833
101265 2834
101269 2835
101310 2836
101311 2837
101322 2838
101335 2839
101335 2840
101364 2841
101436 2842
101436 2843
101436 2844
101436 2845
101436 2846
101438 2847
101440 2848
101440 2849
101444 2850
101483 2851
101487 2852
101497 2853
101543 2854
101544 2855
101547 2856
101598 2857
101603 2858
101603 2859
101603 2860
101605 2861
101606 2862
101610 2863
101666 2864
101716 2865
101755 2866
101755 2867
101755 2868
101755 2869
101762 2870
101765 2871
101769 2872
101770 2873
101771 2874
101772 2875
101772 2876
101776 2877
101777 2878
101810 2879
101839 2880
101844 2881
101851 2882
101854 2883
101902 2884
101963 2885
101969 2886
101970 2887
101970 2888
102035 2889
102041 2890
102064 2891
102096 2892
102138 2893
102139 2894
102143 2895
102144 2896
102144 2897
102155 2898
102155 2899
102160 2900
102161 2901
102161 2902
102163 2903
102164 2904
102166 2905
102167 2906
102174 2907
102220 2908
102253 2909
102331 2910
102362 2911
102414 2912
102416 2913
102416 2914
102416 2915
102416 2916
102416 2917
102416 2918
102417 2919
102417 2920
102417 2921
102417 2922
102417 2923
102417 2924
102417 2925
102417 2926
102424 2927
102426 2928
102426 2929
102430 2930
102464 2931
102467 2932
102470 2933
102471 2934
102477 2935
102479 2936
102482 2937
102482 2938
102491 2939
102491 2940
102540 2941
102609 2942
102647 2943
102647 2944
102650 2945
102653 2946
102655 2947
102656 2948
102661 2949
102663 2950
102665 2951
102670 2952
102691 2953
102703 2954
102708 2955
102709 2956
102711 2957
102712 2958
102714 2959
102716 2960
102717 2961
102717 2962
102718 2963
102719 2964
102720 2965
102721 2966
102739 2967
102776 2968
102778 2969
102891 2970
102892 2971
102892 2972
102903 2973
102908 2974
102911 2975
102913 2976
102914 2977
102916 2978
102917 2979
102917 2980
102918 2981
102919 2982
102920 2983
102944 2984
102954 2985
102955 2986
102960 2987
102965 2988
102968 2989
102974 2990
103002 2991
103004 2992
103118 2993
103123 2994
103124 2995
103127 2996
103131 2997
103132 2998
103132 2999
103213 3000
103241 3001
103246 3002
103257 3003
103262 3004
103270 3005
103291 3006
103300 3007
103347 3008
103407 3009
103407 3010
103408 3011
103408 3012
103408 3013
103408 3014
103416 3015
103419 3016
103420 3017
103477 3018
103478 3019
103479 3020
103482 3021
103491 3022
103572 3023
103587 3024
103587 3025
103587 3026
103587 3027
103587 3028
103587 3029
103595 3030
103668 3031
103669 3032
103672 3033
103673 3034
103681 3035
103681 3036
103683 3037
103683 3038
103699 3039
103700 3040
103763 3041
103769 3042
103784 3043
103784 3044
103785 3045
103790 3046
103790 3047
103791 3048
103793 3049
103794 3050
103796 3051
103796 3052
103797 3053
103798 3054
103824 3055
103827 3056
103827 3057
103827 3058
103828 3059
103831 3060
103832 3061
103835 3062
103835 3063
103835 3064
103847 3065
103879 3066
103879 3067
103881 3068
103881 3069
103883 3070
103884 3071
103885 3072
103888 3073
103888 3074
103889 3075
103891 3076
103893 3077
103894 3078
103894 3079
103894 3080
103912 3081
103916 3082
103922 3083
103923 3084
103926 3085
103927 3086
103936 3087
104018 3088
104019 3089
104019 3090
104019 3091
104020 3092
104021 3093
104026 3094
104080 3095
104082 3096
104084 3097
104085 3098
104090 3099
104091 3100
104112 3101
104112 3102
104113 3103
104130 3104
104132 3105
104132 3106
104132 3107
104132 3108
104132 3109
104137 3110
104143 3111
104143 3112
104143 3113
104143 3114
104143 3115
104149 3116
104153 3117
104295 3118
104295 3119
104296 3120
104298 3121
104299 3122
104300 3123
104301 3124
104301 3125
104303 3126
104305 3127
104305 3128
104307 3129
104316 3130
104316 3131
104316 3132
104316 3133
104317 3134
104319 3135
104359 3136
104359 3137
104373 3138
104374 3139
104377 3140
104378 3141
104382 3142
104397 3143
104407 3144
104431 3145
104445 3146
104479 3147
104479 3148
104481 3149
104493 3150
104496 3151
104496 3152
104498 3153
104498 3154
104501 3155
104503 3156
104515 3157
104527 3158
104531 3159
104534 3160
104557 3161
104560 3162
104652 3163
104661 3164
104664 3165
104667 3166
104669 3167
104679 3168
104690 3169
104724 3170
104724 3171
104724 3172
104733 3173
104754 3174
104848 3175
104864 3176
104866 3177
104866 3178
104868 3179
104868 3180
104871 3181
104871 3182
104871 3183
104874 3184
104874 3185
104875 3186
104875 3187
104879 3188
104905 3189
104931 3190
104931 3191
104931 3192
104937 3193
104942 3194
104942 3195
104943 3196
104950 3197
104983 3198
104985 3199
104987 3200
104990 3201
104992 3202
104993 3203
105039 3204
105156 3205
105157 3206
105163 3207
105163 3208
105197 3209
105198 3210
105207 3211
105219 3212
105219 3213
105219 3214
105219 3215
105219 3216
105219 3217
105224 3218
105224 3219
105224 3220
105311 3221
105320 3222
105320 3223
105327 3224
105330 3225
105336 3226
105351 3227
105351 3228
105355 3229
105359 3230
105371 3231
105452 3232
105452 3233
105452 3234
105452 3235
105452 3236
105452 3237
105453 3238
105453 3239
105460 3240
105539 3241
105546 3242
105547 3243
105549 3244
105552 3245
105560 3246
105744 3247
105746 3248
105766 3249
105791 3250
105791 3251
105791 3252
105796 3253
105802 3254
105806 3255
105807 3256
105815 3257
105816 3258
105816 3259
105817 3260
105817 3261
105818 3262
105875 3263
105875 3264
105887 3265
105911 3266
105979 3267
106039 3268
106077 3269
106082 3270
106098 3271
106179 3272
106327 3273
106329 3274
106335 3275
106336 3276
106341 3277
106358 3278
106362 3279
106365 3280
106370 3281
106373 3282
106416 3283
106448 3284
106450 3285
106452 3286
106452 3287
106452 3288
106456 3289
107024 3290
127518 3291
127531 3292
127531 3293
128484 3294
128485 3295
128487 3296
128487 3297
128489 3298
128489 3299
128489 3300
128489 3301
128493 3302
128494 3303
128494 3304
128495 3305
128495 3306
128496 3307
128599 3308
128601 3309
128602 3310
128603 3311
128603 3312
128603 3313
128603 3314
128606 3315
128606 3316
128607 3317
128607 3318
128608 3319
128612 3320
128612 3321
128614 3322
128615 3323
128680 3324
128680 3325
128682 3326
128684 3327
128684 3328
128684 3329
128688 3330
128690 3331
128690 3332
128691 3333
128856 3334
128866 3335
128937 3336
128938 3337
128943 3338
128945 3339
128946 3340
128948 3341
128950 3342
128950 3343
128951 3344
129035 3345
129035 3346
129048 3347
129066 3348
129067 3349
129068 3350
129070 3351
129072 3352
129091 3353
129095 3354
129102 3355
129126 3356
129170 3357
129171 3358
129173 3359
129178 3360
129178 3361
129179 3362
129193 3363
129196 3364
129196 3365
129197 3366
129197 3367
129197 3368
129197 3369
129199 3370
129311 3371
129336 3372
129338 3373
129340 3374
129344 3375
129344 3376
129344 3377
129345 3378
129347 3379
129348 3380
129379 3381
129379 3382
129384 3383
129411 3384
129413 3385
129415 3386
129420 3387
129421 3388
129421 3389
129424 3390
129465 3391
129502 3392
129508 3393
129508 3394
129511 3395
129518 3396
129555 3397
129555 3398
129555 3399
129556 3400
129556 3401
129557 3402
129559 3403
129560 3404
129562 3405
129563 3406
129565 3407
129649 3408
129735 3409
129735 3410
129735 3411
129736 3412
129739 3413
129745 3414
129747 3415
129759 3416
129793 3417
129804 3418
129807 3419
129811 3420
129813 3421
129816 3422
129825 3423
129829 3424
129830 3425
129831 3426
129836 3427
129837 3428
129851 3429
129851 3430
129892 3431
129893 3432
129904 3433
129934 3434
129975 3435
129975 3436
129975 3437
129976 3438
129976 3439
129976 3440
129976 3441
129976 3442
129976 3443
129976 3444
129976 3445
129977 3446
129977 3447
129977 3448
129979 3449
129979 3450
129988 3451
130011 3452
130012 3453
130012 3454
130012 3455
130013 3456
130017 3457
130018 3458
130019 3459
130019 3460
130020 3461
130020 3462
130020 3463
130020 3464
130020 3465
130020 3466
130020 3467
130020 3468
130025 3469
130027 3470
130033 3471
130063 3472
130065 3473
130068 3474
130084 3475
130085 3476
130087 3477
130088 3478
130093 3479
130093 3480
130097 3481
130109 3482
130112 3483
130115 3484
130117 3485
130117 3486
130118 3487
130120 3488
130167 3489
130175 3490
130180 3491
130291 3492
130301 3493
130302 3494
130306 3495
130367 3496
130368 3497
130368 3498
130377 3499
130380 3500
130380 3501
130380 3502
130386 3503
130387 3504
130388 3505
130391 3506
130393 3507
130465 3508
130466 3509
130473 3510
130534 3511
130540 3512
130549 3513
130551 3514
130555 3515
130555 3516
130556 3517
130557 3518
130560 3519
130560 3520
130560 3521
130560 3522
130561 3523
130561 3524
130561 3525
130562 3526
130562 3527
130564 3528
130564 3529
130567 3530
130568 3531
130568 3532
130571 3533
130572 3534
130572 3535
130574 3536
130575 3537
130575 3538
130581 3539
130621 3540
130711 3541
130712 3542
130716 3543
130723 3544
130783 3545
130786 3546
130802 3547
130803 3548
130808 3549
130810 3550
130828 3551
130883 3552
130883 3553
130884 3554
130892 3555
130892 3556
130893 3557
130895 3558
130895 3559
130895 3560
130896 3561
130898 3562
130898 3563
130900 3564
130907 3565
130907 3566
130907 3567
130922 3568
130928 3569
130949 3570
131021 3571
131022 3572
131023 3573
131023 3574
131032 3575
131033 3576
131034 3577
131035 3578
131040 3579
131041 3580
131045 3581
131047 3582
131121 3583
131126 3584
131128 3585
131135 3586
131171 3587
131171 3588
131217 3589
131218 3590
131219 3591
131220 3592
131222 3593
131223 3594
131226 3595
131227 3596
131227 3597
131228 3598
131228 3599
131230 3600
131231 3601
131231 3602
131231 3603
131236 3604
131283 3605
131290 3606
131291 3607
131296 3608
131301 3609
131304 3610
131307 3611
131323 3612
131324 3613
131328 3614
131330 3615
131332 3616
131334 3617
131335 3618
131337 3619
131337 3620
131338 3621
131341 3622
131341 3623
131341 3624
131342 3625
131344 3626
131347 3627
131348 3628
131459 3629
131461 3630
131464 3631
131467 3632
131470 3633
131574 3634
131580 3635
131581 3636
131619 3637
131620 3638
131673 3639
131679 3640
131679 3641
131680 3642
131683 3643
131687 3644
131721 3645
131721 3646
131723 3647
131725 3648
131730 3649
131731 3650
131731 3651
131733 3652
131793 3653
131871 3654
131883 3655
131927 3656
131939 3657
131939 3658
131939 3659
131940 3660
131953 3661
131965 3662
131968 3663
131985 3664
131988 3665
131988 3666
131991 3667
131993 3668
131994 3669
131994 3670
131997 3671
132000 3672
132000 3673
132001 3674
132002 3675
132002 3676
132005 3677
132005 3678
132027 3679
132051 3680
132057 3681
132057 3682
132059 3683
132064 3684
132065 3685
132103 3686
132103 3687
132110 3688
132114 3689
132139 3690
132140 3691
132180 3692
132183 3693
132184 3694
132184 3695
132185 3696
132185 3697
132185 3698
132185 3699
132186 3700
132186 3701
132186 3702
132186 3703
132188 3704
132189 3705
132190 3706
132190 3707
132193 3708
132194 3709
132267 3710
132271 3711
132287 3712
132373 3713
132392 3714
132404 3715
132406 3716
132418 3717
132451 3718
132531 3719
132531 3720
132534 3721
132535 3722
132537 3723
132542 3724
132554 3725
132564 3726
132567 3727
132567 3728
132569 3729
132569 3730
132570 3731
132570 3732
132574 3733
132574 3734
132575 3735
132579 3736
132580 3737
132617 3738
132621 3739
132623 3740
132623 3741
132720 3742
132720 3743
132721 3744
132721 3745
132721 3746
132721 3747
132734 3748
132736 3749
132736 3750
132739 3751
132844 3752
132848 3753
132849 3754
132849 3755
132850 3756
132909 3757
133013 3758
133027 3759
133097 3760
133099 3761
133100 3762
133101 3763
133108 3764
133114 3765
133115 3766
133120 3767
133130 3768
133140 3769
133145 3770
133147 3771
133152 3772
133155 3773
133199 3774
133218 3775
133225 3776
133226 3777
133229 3778
133282 3779
133320 3780
133325 3781
133329 3782
133334 3783
133334 3784
133335 3785
133335 3786
133391 3787
133431 3788
133486 3789
133489 3790
133497 3791
133501 3792
133610 3793
133616 3794
133650 3795
133784 3796
133784 3797
133795 3798
133795 3799
133796 3800
133796 3801
133796 3802
133796 3803
133796 3804
133796 3805
133796 3806
133796 3807
133797 3808
133797 3809
133798 3810
133798 3811
133805 3812
133807 3813
133807 3814
133810 3815
133960 3816
133961 3817
133962 3818
133963 3819
133964 3820
133965 3821
133966 3822
133966 3823
133966 3824
133968 3825
133970 3826
133971 3827
133972 3828
133972 3829
134016 3830
134020 3831
134075 3832
134081 3833
134082 3834
134084 3835
134088 3836
134139 3837
134149 3838
134163 3839
134171 3840
134195 3841
134195 3842
134196 3843
134196 3844
134196 3845
134196 3846
134196 3847
134213 3848
134244 3849
134244 3850
134248 3851
134251 3852
134254 3853
134258 3854
134258 3855
134259 3856
134261 3857
134261 3858
134267 3859
134267 3860
134269 3861
134270 3862
134291 3863
134292 3864
134292 3865
134295 3866
134296 3867
134301 3868
134309 3869
134327 3870
134374 3871
134434 3872
134434 3873
134436 3874
134438 3875
134439 3876
134439 3877
134442 3878
134442 3879
134444 3880
134445 3881
134446 3882
134448 3883
134449 3884
134518 3885
134519 3886
134527 3887
134529 3888
134530 3889
134548 3890
134624 3891
134625 3892
134629 3893
134633 3894
134633 3895
134636 3896
134637 3897
134639 3898
134689 3899
134731 3900
134804 3901
134804 3902
134808 3903
134814 3904
134818 3905
134818 3906
134856 3907
134865 3908
134882 3909
134958 3910
134959 3911
134959 3912
134959 3913
134960 3914
134960 3915
134960 3916
134960 3917
134960 3918
134971 3919
134972 3920
134976 3921
134976 3922
134978 3923
134979 3924
134979 3925
134980 3926
134987 3927
134992 3928
134996 3929
134996 3930
134997 3931
134997 3932
135000 3933
135003 3934
135006 3935
135008 3936
135022 3937
135095 3938
135101 3939
135151 3940
135153 3941
135153 3942
135154 3943
135160 3944
135161 3945
135199 3946
135200 3947
135200 3948
135200 3949
135200 3950
135200 3951
135200 3952
135207 3953
135207 3954
135211 3955
135212 3956
135213 3957
135215 3958
135217 3959
135218 3960
135219 3961
135219 3962
135223 3963
135224 3964
135230 3965
135231 3966
135255 3967
135299 3968
135303 3969
135307 3970
135308 3971
135308 3972
135312 3973
135316 3974
135326 3975
135356 3976
135356 3977
135357 3978
135357 3979
135357 3980
135357 3981
135374 3982
135382 3983
135423 3984
135424 3985
135427 3986
135427 3987
135429 3988
135431 3989
135433 3990
135434 3991
135435 3992
135435 3993
135470 3994
135476 3995
135551 3996
135551 3997
135552 3998
135552 3999
135552 4000
135553 4001
135555 4002
135555 4003
135556 4004
135556 4005
135556 4006
135557 4007
135558 4008
135560 4009
135560 4010
135565 4011
135565 4012
135579 4013
135584 4014
135588 4015
135588 4016
135590 4017
135594 4018
135596 4019
135598 4020
135609 4021
135611 4022
135612 4023
135613 4024
135613 4025
135614 4026
135615 4027
135616 4028
135633 4029
135679 4030
135716 4031
135719 4032
135725 4033
135745 4034
135746 4035
135752 4036
135754 4037
135759 4038
135770 4039
135771 4040
135771 4041
135772 4042
135772 4043
135773 4044
135783 4045
135788 4046
135843 4047
135853 4048
135856 4049
135856 4050
135857 4051
135857 4052
135857 4053
135857 4054
135858 4055
135865 4056
135870 4057
135877 4058
135878 4059
135878 4060
135880 4061
135880 4062
135880 4063
135880 4064
135884 4065
135884 4066
135938 4067
135939 4068
135939 4069
135951 4070
135978 4071
135987 4072
136046 4073
136104 4074
136112 4075
136112 4076
136113 4077
136113 4078
136113 4079
136151 4080
136171 4081
136174 4082
136174 4083
136176 4084
136178 4085
136221 4086
136233 4087
136240 4088
136266 4089
136322 4090
136324 4091
136358 4092
136361 4093
136420 4094
136421 4095
136422 4096
136423 4097
136425 4098
136427 4099
136428 4100
136429 4101
136431 4102
136436 4103
136440 4104
136441 4105
136441 4106
136443 4107
136444 4108
136454 4109
136482 4110
136508 4111
136510 4112
136519 4113
136521 4114
136521 4115
136521 4116
136539 4117
136546 4118
136550 4119
136585 4120
136603 4121
136632 4122
136795 4123
136918 4124
136988 4125
136988 4126
136989 4127
136996 4128
136998 4129
137019 4130
137023 4131
137067 4132
137067 4133
137074 4134
190934 4135
190941 4136
191424 4137
191424 4138
191424 4139
191424 4140
191426 4141
191428 4142
191429 4143
191431 4144
191431 4145
191432 4146
191434 4147
191434 4148
191435 4149
191439 4150
191440 4151
191590 4152
191591 4153
191591 4154
191591 4155
191591 4156
191594 4157
191595 4158
191599 4159
191599 4160
191600 4161
191602 4162
191603 4163
191796 4164
191798 4165
191803 4166
191807 4167
191808 4168
191810 4169
191811 4170
191817 4171
191825 4172
191827 4173
191879 4174
191889 4175
191890 4176
191893 4177
191973 4178
192019 4179
192021 4180
192023 4181
192024 4182
192028 4183
192028 4184
192029 4185
192029 4186
192030 4187
192032 4188
192037 4189
192037 4190
192037 4191
192038 4192
192038 4193
192038 4194
192039 4195
192040 4196
192044 4197
192044 4198
192045 4199
192045 4200
192045 4201
192048 4202
192049 4203
192049 4204
192050 4205
192050 4206
192050 4207
192052 4208
192052 4209
192053 4210
192053 4211
192108 4212
192108 4213
192110 4214
192118 4215
192125 4216
192125 4217
192125 4218
192128 4219
192130 4220
192135 4221
192190 4222
192191 4223
192192 4224
192192 4225
192193 4226
192194 4227
192196 4228
192196 4229
192196 4230
192198 4231
192200 4232
192201 4233
192202 4234
192203 4235
192204 4236
192204 4237
192301 4238
192340 4239
192340 4240
192340 4241
192356 4242
192410 4243
192411 4244
192413 4245
192422 4246
192464 4247
192464 4248
192464 4249
192467 4250
192467 4251
192469 4252
192470 4253
192471 4254
192474 4255
192475 4256
192475 4257
192475 4258
192475 4259
192478 4260
192479 4261
192479 4262
192497 4263
192566 4264
192572 4265
192573 4266
192575 4267
192575 4268
192575 4269
192575 4270
192577 4271
192581 4272
192740 4273
192751 4274
192804 4275
192822 4276
192825 4277
192825 4278
192826 4279
192827 4280
192852 4281
192852 4282
192853 4283
192887 4284
192892 4285
192893 4286
192893 4287
192893 4288
192893 4289
192893 4290
192896 4291
192904 4292
192940 4293
192944 4294
192948 4295
192956 4296
192956 4297
192956 4298
193016 4299
193022 4300
193022 4301
193024 4302
193024 4303
193025 4304
193030 4305
