38 1
51 2
52 3
61 4
215 5
232 6
246 7
247 8
247 9
247 10
286 11
290 12
298 13
299 14
306 15
306 16
307 17
340 18
353 19
371 20
374 21
376 22
377 23
378 24
380 25
383 26
384 27
438 28
441 29
718 30
718 31
719 32
719 33
720 34
720 35
720 36
722 37
723 38
723 39
725 40
726 41
727 42
727 43
730 44
732 45
757 46
759 47
762 48
764 49
768 50
770 51
778 52
853 53
856 54
866 55
982 56
988 57
1030 58
1031 59
1031 60
1032 61
1034 62
1034 63
1037 64
1037 65
1040 66
1041 67
1046 68
1046 69
1047 70
1098 71
1100 72
1100 73
1101 74
1105 75
1108 76
1111 77
1116 78
1189 79
1190 80
1195 81
1195 82
1197 83
1199 84
1200 85
1201 86
1203 87
1347 88
1362 89
1362 90
1363 91
1370 92
1408 93
1464 94
1483 95
1629 96
1634 97
1765 98
1766 99
1766 100
1798 101
1801 102
1801 103
1806 104
1806 105
1807 106
1811 107
1813 108
1814 109
1814 110
1814 111
1814 112
1815 113
1818 114
1818 115
1819 116
1820 117
1889 118
1892 119
1893 120
1893 121
1899 122
1899 123
1913 124
1913 125
1913 126
1914 127
1914 128
1914 129
2030 130
2030 131
2031 132
2031 133
2031 134
2031 135
2031 136
2034 137
2035 138
2048 139
2048 140
2050 141
2051 142
2052 143
2054 144
2054 145
2054 146
2055 147
2055 148
2056 149
2062 150
2063 151
2066 152
2066 153
2072 154
2150 155
2171 156
2172 157
2230 158
2234 159
2234 160
2235 161
2240 162
2244 163
2306 164
2307 165
2307 166
2308 167
2308 168
2308 169
2308 170
2308 171
2323 172
2325 173
2331 174
2333 175
2334 176
2337 177
2374 178
2379 179
2384 180
2401 181
2402 182
2402 183
2432 184
2439 185
2443 186
2444 187
2445 188
2447 189
2450 190
2450 191
2519 192
2530 193
2540 194
2551 195
2552 196
2554 197
2570 198
2575 199
2598 200
2618 201
2622 202
2625 203
2625 204
2696 205
2710 206
2714 207
2718 208
2751 209
2754 210
2756 211
2759 212
2760 213
2774 214
2814 215
2862 216
2865 217
2866 218
2868 219
2869 220
2870 221
2870 222
2871 223
2872 224
2875 225
2878 226
2878 227
2938 228
2938 229
2973 230
2974 231
2976 232
2977 233
2977 234
2978 235
2983 236
2983 237
2984 238
2984 239
2985 240
2988 241
3037 242
3087 243
3088 244
3090 245
3095 246
3105 247
3117 248
3122 249
3125 250
3129 251
3130 252
3134 253
3134 254
3135 255
3140 256
3141 257
3144 258
3157 259
3159 260
3163 261
3165 262
3165 263
3167 264
3168 265
3170 266
3170 267
3171 268
3174 269
3177 270
3179 271
3196 272
3282 273
3291 274
3388 275
3388 276
3393 277
3397 278
3401 279
3458 280
3458 281
3461 282
3462 283
3467 284
3468 285
3475 286
3485 287
3489 288
3517 289
3526 290
3526 291
3559 292
3588 293
3594 294
3597 295
3637 296
3638 297
3643 298
3646 299
3649 300
3680 301
3680 302
3686 303
3694 304
3732 305
3750 306
3750 307
3750 308
3751 309
3751 310
3751 311
3754 312
3755 313
3763 314
3766 315
3784 316
3789 317
3814 318
3818 319
3818 320
3819 321
3821 322
3822 323
3823 324
3823 325
3824 326
3826 327
3826 328
3826 329
3827 330
3827 331
3829 332
3879 333
3886 334
3888 335
3917 336
3917 337
3957 338
3962 339
4087 340
4089 341
4118 342
4118 343
4118 344
4118 345
4119 346
4119 347
4119 348
4119 349
4120 350
4121 351
4121 352
4121 353
4122 354
4122 355
4122 356
4124 357
4125 358
4128 359
4128 360
4130 361
4131 362
4132 363
4140 364
4145 365
4189 366
4202 367
4202 368
4203 369
4214 370
4226 371
4232 372
4234 373
4236 374
4237 375
4277 376
4297 377
4300 378
4307 379
4338 380
4338 381
4342 382
4344 383
4353 384
4378 385
4378 386
4379 387
4381 388
4383 389
4390 390
4391 391
4396 392
4396 393
4397 394
4403 395
4434 396
4449 397
4454 398
4461 399
4467 400
4545 401
4554 402
4554 403
4556 404
4588 405
4628 406
4631 407
4634 408
4641 409
4714 410
4724 411
4738 412
4738 413
4739 414
4768 415
4768 416
4776 417
4777 418
4777 419
4779 420
4779 421
4818 422
4846 423
4846 424
4847 425
4847 426
4890 427
4998 428
5028 429
5057 430
5106 431
5187 432
5216 433
5218 434
5219 435
5225 436
5226 437
5343 438
5437 439
5442 440
5521 441
5586 442
24078 443
24087 444
24087 445
24091 446
24362 447
24738 448
24739 449
24739 450
24739 451
24739 452
24751 453
24751 454
24751 455
24751 456
24751 457
24758 458
24758 459
24759 460
24851 461
24852 462
24860 463
24889 464
24890 465
24891 466
24892 467
25079 468
25082 469
25082 470
25087 471
25123 472
25129 473
25130 474
25131 475
25132 476
25214 477
25221 478
25287 479
25427 480
25441 481
25448 482
25458 483
25459 484
25459 485
25459 486
25460 487
25463 488
25464 489
25464 490
25467 491
25468 492
25468 493
25470 494
25475 495
25478 496
25551 497
25562 498
25564 499
25568 500
25571 501
25574 502
25575 503
25575 504
25630 505
25633 506
25634 507
25639 508
25642 509
25760 510
25761 511
25767 512
25771 513
25771 514
25775 515
25830 516
25831 517
25852 518
25862 519
25935 520
25942 521
25943 522
25954 523
26098 524
26099 525
26099 526
26100 527
26100 528
26101 529
26102 530
26111 531
26152 532
26159 533
26183 534
26183 535
26183 536
26187 537
26193 538
26194 539
26273 540
26275 541
26276 542
26277 543
26278 544
26278 545
26280 546
26283 547
26344 548
26344 549
26344 550
26348 551
26348 552
26350 553
26351 554
26351 555
26353 556
26361 557
26478 558
26478 559
26479 560
26480 561
26482 562
26484 563
26485 564
26486 565
26488 566
26490 567
26491 568
26491 569
26492 570
26502 571
26547 572
26547 573
26547 574
26547 575
26551 576
26551 577
26557 578
26562 579
26563 580
26565 581
26568 582
26655 583
26657 584
26658 585
26658 586
26662 587
26664 588
26669 589
26707 590
26709 591
26785 592
26787 593
26787 594
26787 595
26787 596
26791 597
26795 598
26811 599
26823 600
26826 601
26832 602
26856 603
26858 604
26882 605
26883 606
26883 607
26883 608
26889 609
26889 610
26892 611
26894 612
26895 613
26896 614
26897 615
26921 616
26944 617
26998 618
27072 619
27100 620
27105 621
27127 622
27128 623
27176 624
27205 625
27214 626
27215 627
27223 628
27265 629
27323 630
27323 631
27323 632
27323 633
27323 634
27323 635
27323 636
27323 637
27323 638
27324 639
27324 640
27363 641
27365 642
27367 643
27374 644
27374 645
27377 646
27390 647
27391 648
27391 649
27392 650
27393 651
27393 652
27395 653
27398 654
27399 655
27405 656
27406 657
27406 658
27407 659
27416 660
27417 661
27425 662
27426 663
27431 664
27435 665
27435 666
27435 667
27467 668
27467 669
27467 670
27470 671
27500 672
27541 673
27543 674
27547 675
27550 676
27552 677
27556 678
27579 679
27586 680
27587 681
27589 682
27590 683
27637 684
27638 685
27646 686
27652 687
27652 688
27672 689
27672 690
27672 691
27674 692
27675 693
27682 694
27683 695
27683 696
27683 697
27683 698
27683 699
27683 700
27683 701
27684 702
27685 703
27686 704
27688 705
27693 706
27695 707
27695 708
27695 709
27697 710
27706 711
27707 712
27707 713
27707 714
27710 715
27712 716
27712 717
27712 718
27721 719
27782 720
27783 721
27786 722
27788 723
27788 724
27788 725
27789 726
27790 727
27792 728
27823 729
27827 730
27827 731
27830 732
27830 733
27833 734
27844 735
27845 736
27846 737
27849 738
27851 739
27851 740
27852 741
27852 742
27854 743
27854 744
27856 745
27961 746
27961 747
27964 748
27964 749
27971 750
28011 751
28015 752
28015 753
28017 754
28049 755
28050 756
28054 757
28070 758
28071 759
28087 760
28088 761
28091 762
28093 763
28139 764
28141 765
28146 766
28201 767
28203 768
28204 769
28209 770
28209 771
28211 772
28211 773
28213 774
28216 775
28219 776
28220 777
28220 778
28222 779
28225 780
28226 781
28237 782
28242 783
28250 784
28330 785
28333 786
28336 787
28336 788
28336 789
28338 790
28342 791
28346 792
28399 793
28399 794
28402 795
28407 796
28409 797
28412 798
28412 799
28412 800
28415 801
28417 802
28420 803
28427 804
28453 805
28470 806
28486 807
28489 808
28489 809
28490 810
28500 811
28552 812
28553 813
28554 814
28559 815
28562 816
28562 817
28563 818
28580 819
28669 820
28741 821
28771 822
28808 823
28891 824
28891 825
28896 826
28898 827
28901 828
28909 829
28910 830
28951 831
28962 832
28996 833
28996 834
29000 835
29003 836
29007 837
29008 838
29009 839
29020 840
29059 841
29060 842
29061 843
29064 844
29066 845
29066 846
29071 847
29072 848
29072 849
29073 850
29095 851
29095 852
29095 853
29098 854
29191 855
29192 856
29197 857
29285 858
29286 859
29375 860
29377 861
29455 862
29457 863
29459 864
29462 865
29486 866
29487 867
29488 868
29490 869
29493 870
29493 871
29494 872
29494 873
29495 874
29499 875
29533 876
29536 877
29539 878
29540 879
29541 880
29541 881
29542 882
29550 883
29575 884
29575 885
29592 886
29593 887
29600 888
29601 889
29603 890
29604 891
29606 892
29607 893
29607 894
29703 895
29710 896
29739 897
29739 898
29743 899
29821 900
29821 901
29829 902
29836 903
29839 904
29843 905
29843 906
29851 907
29876 908
29876 909
29878 910
29879 911
29880 912
29880 913
29880 914
29881 915
29887 916
29981 917
30012 918
30048 919
30050 920
30051 921
30051 922
30051 923
30051 924
30051 925
30051 926
30061 927
30079 928
30086 929
30149 930
30157 931
30171 932
30174 933
30176 934
30188 935
30227 936
30227 937
30232 938
30280 939
30288 940
30341 941
30342 942
30420 943
30455 944
30459 945
30459 946
30462 947
30472 948
30472 949
30481 950
30483 951
30483 952
30488 953
30539 954
30547 955
30551 956
30554 957
30554 958
30555 959
30618 960
30625 961
30627 962
30627 963
30628 964
30629 965
30631 966
30632 967
30633 968
30634 969
30636 970
30642 971
30671 972
30671 973
30671 974
30671 975
30675 976
30681 977
30682 978
30690 979
30694 980
30694 981
30696 982
30698 983
30701 984
30703 985
30708 986
30716 987
30717 988
30718 989
30719 990
30721 991
30723 992
30727 993
30729 994
30735 995
30735 996
30765 997
30768 998
30771 999
30772 1000
30787 1001
30788 1002
30819 1003
30833 1004
30834 1005
30835 1006
30840 1007
30843 1008
30901 1009
30904 1010
30914 1011
30915 1012
30915 1013
30942 1014
30949 1015
30950 1016
30952 1017
30955 1018
30956 1019
30957 1020
30957 1021
31027 1022
31036 1023
31039 1024
31043 1025
31049 1026
31070 1027
31074 1028
31099 1029
31100 1030
31101 1031
31101 1032
31101 1033
31103 1034
31105 1035
31106 1036
31107 1037
31108 1038
31108 1039
31108 1040
31110 1041
31110 1042
31110 1043
31110 1044
31111 1045
31199 1046
31245 1047
31250 1048
31253 1049
31256 1050
31297 1051
31297 1052
31298 1053
31299 1054
31299 1055
31300 1056
31302 1057
31304 1058
31305 1059
31309 1060
31309 1061
31311 1062
31345 1063
31351 1064
31352 1065
31353 1066
31357 1067
31358 1068
31358 1069
31359 1070
31394 1071
31396 1072
31398 1073
31399 1074
31399 1075
31402 1076
31403 1077
31403 1078
31403 1079
31405 1080
31410 1081
31410 1082
31423 1083
31425 1084
31428 1085
31432 1086
31434 1087
31519 1088
31521 1089
31547 1090
31552 1091
31582 1092
31588 1093
31634 1094
31635 1095
31690 1096
31691 1097
31694 1098
31696 1099
31700 1100
31739 1101
31739 1102
31739 1103
31739 1104
31750 1105
31775 1106
31782 1107
31784 1108
31784 1109
31785 1110
31786 1111
31788 1112
31791 1113
31791 1114
31792 1115
31793 1116
31793 1117
31794 1118
31795 1119
31799 1120
31803 1121
31808 1122
31809 1123
31809 1124
31810 1125
31817 1126
31817 1127
31820 1128
31821 1129
31878 1130
31885 1131
31889 1132
31907 1133
31908 1134
31908 1135
31908 1136
31908 1137
31908 1138
31908 1139
31908 1140
31908 1141
31919 1142
31919 1143
31929 1144
31933 1145
31935 1146
31938 1147
31939 1148
31946 1149
31946 1150
31963 1151
31970 1152
32110 1153
32114 1154
32119 1155
32131 1156
32167 1157
32248 1158
32253 1159
32275 1160
32277 1161
32285 1162
32309 1163
32315 1164
32319 1165
32319 1166
32319 1167
32342 1168
32348 1169
32349 1170
32350 1171
32352 1172
32353 1173
32353 1174
32355 1175
32359 1176
32359 1177
32399 1178
32403 1179
32403 1180
32405 1181
32407 1182
32410 1183
32412 1184
32412 1185
32415 1186
32415 1187
32415 1188
32483 1189
32483 1190
32483 1191
32491 1192
32504 1193
32536 1194
32579 1195
32619 1196
32619 1197
32630 1198
32631 1199
32634 1200
32635 1201
32635 1202
32638 1203
32638 1204
32638 1205
32640 1206
32641 1207
32642 1208
32642 1209
32646 1210
32646 1211
32649 1212
32650 1213
32651 1214
32653 1215
32657 1216
32659 1217
32659 1218
32743 1219
32743 1220
32772 1221
32772 1222
32772 1223
32774 1224
32777 1225
32777 1226
32780 1227
32895 1228
32975 1229
32975 1230
32975 1231
32975 1232
32984 1233
33047 1234
33063 1235
33064 1236
33066 1237
33066 1238
33067 1239
33068 1240
33072 1241
33073 1242
33075 1243
33076 1244
33107 1245
33107 1246
33107 1247
33107 1248
33107 1249
33107 1250
33107 1251
33108 1252
33109 1253
33111 1254
33117 1255
33117 1256
33117 1257
33117 1258
33118 1259
33152 1260
33195 1261
33327 1262
33335 1263
33342 1264
33347 1265
33350 1266
33357 1267
33361 1268
33363 1269
33366 1270
33370 1271
33373 1272
33388 1273
33393 1274
33451 1275
33451 1276
33451 1277
33477 1278
33487 1279
33487 1280
33596 1281
33598 1282
33599 1283
33599 1284
33600 1285
33604 1286
33607 1287
33608 1288
33609 1289
33630 1290
33631 1291
33631 1292
33656 1293
33656 1294
33663 1295
33666 1296
33666 1297
33669 1298
33696 1299
33751 1300
33751 1301
33790 1302
33792 1303
33795 1304
33798 1305
33798 1306
33801 1307
33813 1308
33826 1309
33826 1310
33828 1311
33830 1312
33830 1313
33831 1314
33834 1315
33837 1316
33947 1317
33948 1318
33951 1319
33952 1320
33952 1321
33955 1322
33955 1323
33956 1324
33956 1325
33956 1326
33956 1327
33957 1328
33957 1329
33957 1330
33957 1331
33957 1332
33962 1333
33962 1334
33962 1335
33966 1336
33967 1337
33968 1338
33970 1339
33971 1340
33971 1341
33971 1342
33972 1343
33972 1344
33975 1345
33975 1346
33979 1347
34003 1348
34011 1349
34015 1350
34073 1351
34077 1352
34080 1353
34082 1354
34085 1355
34086 1356
34088 1357
34098 1358
34162 1359
34175 1360
34181 1361
34190 1362
34191 1363
34191 1364
34211 1365
34226 1366
34229 1367
34238 1368
34245 1369
34247 1370
34247 1371
34251 1372
34251 1373
34270 1374
34272 1375
34276 1376
34308 1377
34318 1378
34320 1379
34322 1380
34323 1381
34326 1382
34327 1383
34328 1384
34331 1385
34333 1386
34390 1387
34391 1388
34420 1389
34421 1390
34422 1391
34424 1392
34426 1393
34443 1394
34446 1395
34455 1396
34455 1397
34455 1398
34455 1399
34455 1400
34455 1401
34455 1402
34456 1403
34457 1404
34458 1405
34459 1406
34461 1407
34462 1408
34464 1409
34465 1410
34465 1411
34466 1412
34493 1413
34539 1414
34543 1415
34547 1416
34547 1417
34623 1418
34627 1419
34627 1420
34630 1421
34634 1422
34636 1423
34637 1424
34642 1425
34642 1426
34644 1427
34644 1428
34644 1429
34644 1430
34647 1431
34648 1432
34691 1433
34693 1434
34700 1435
34716 1436
34721 1437
34725 1438
34729 1439
34758 1440
34759 1441
34759 1442
34759 1443
34765 1444
34767 1445
34770 1446
34770 1447
34776 1448
34779 1449
34780 1450
34786 1451
34840 1452
34840 1453
34844 1454
34847 1455
34910 1456
34911 1457
34913 1458
34920 1459
34923 1460
34924 1461
34925 1462
34961 1463
34964 1464
34992 1465
35019 1466
35020 1467
35021 1468
35022 1469
35025 1470
35031 1471
35033 1472
35035 1473
35035 1474
35111 1475
35111 1476
35115 1477
35128 1478
35129 1479
35143 1480
35143 1481
35149 1482
35153 1483
35183 1484
35209 1485
35216 1486
35334 1487
35335 1488
35335 1489
35336 1490
35338 1491
35358 1492
35455 1493
35457 1494
35469 1495
35470 1496
35481 1497
35553 1498
35567 1499
35575 1500
35578 1501
35598 1502
35604 1503
35635 1504
35639 1505
35645 1506
35646 1507
35691 1508
35691 1509
35691 1510
35691 1511
35719 1512
35799 1513
35825 1514
35840 1515
35927 1516
35930 1517
35931 1518
35931 1519
35935 1520
35966 1521
36079 1522
36090 1523
36103 1524
36187 1525
36187 1526
36232 1527
36235 1528
36241 1529
36355 1530
36358 1531
36377 1532
36379 1533
36379 1534
36491 1535
36544 1536
36544 1537
36544 1538
36547 1539
36547 1540
36547 1541
36549 1542
36550 1543
36552 1544
36552 1545
36553 1546
36554 1547
36554 1548
36554 1549
36556 1550
36556 1551
36556 1552
36558 1553
36563 1554
36720 1555
36765 1556
36767 1557
36772 1558
36773 1559
36775 1560
36775 1561
36777 1562
36785 1563
36843 1564
36924 1565
36955 1566
36960 1567
36962 1568
36964 1569
36966 1570
36968 1571
36968 1572
36971 1573
36972 1574
36974 1575
37142 1576
37210 1577
37213 1578
37226 1579
37459 1580
37476 1581
37505 1582
37505 1583
37563 1584
37568 1585
37573 1586
37575 1587
37577 1588
37578 1589
37579 1590
37580 1591
37583 1592
37795 1593
37796 1594
37802 1595
37843 1596
37847 1597
37847 1598
37872 1599
37872 1600
37872 1601
37880 1602
37882 1603
37887 1604
37947 1605
37992 1606
38001 1607
38001 1608
38003 1609
38007 1610
38011 1611
38011 1612
38016 1613
38147 1614
38387 1615
38387 1616
38436 1617
38436 1618
38441 1619
38501 1620
38503 1621
38503 1622
38556 1623
38561 1624
38599 1625
38599 1626
38632 1627
38634 1628
38636 1629
38637 1630
38638 1631
38641 1632
38643 1633
38643 1634
38644 1635
38646 1636
38649 1637
38723 1638
38724 1639
38725 1640
38726 1641
38728 1642
38728 1643
38731 1644
38735 1645
38739 1646
38788 1647
38788 1648
38792 1649
38793 1650
38793 1651
38795 1652
38799 1653
38799 1654
38800 1655
38801 1656
38801 1657
38889 1658
38891 1659
38895 1660
38897 1661
38909 1662
38911 1663
38911 1664
38916 1665
38920 1666
38922 1667
38923 1668
38923 1669
38930 1670
38963 1671
38964 1672
38972 1673
38979 1674
39011 1675
39015 1676
39016 1677
39017 1678
39018 1679
39019 1680
39022 1681
39023 1682
39024 1683
39056 1684
39087 1685
39087 1686
39091 1687
39097 1688
39100 1689
39102 1690
39105 1691
39107 1692
39117 1693
39124 1694
39124 1695
39137 1696
39186 1697
39186 1698
39200 1699
39201 1700
39203 1701
39205 1702
39210 1703
39220 1704
39395 1705
39416 1706
39444 1707
39445 1708
39451 1709
39452 1710
39491 1711
39594 1712
39609 1713
39724 1714
39725 1715
39733 1716
39772 1717
39777 1718
39779 1719
39781 1720
39781 1721
39783 1722
39783 1723
39783 1724
39783 1725
39783 1726
39785 1727
39801 1728
39855 1729
39891 1730
39892 1731
39892 1732
39892 1733
39898 1734
39899 1735
39902 1736
39943 1737
39952 1738
39967 1739
39988 1740
40008 1741
40008 1742
40012 1743
40012 1744
40012 1745
40056 1746
40108 1747
40135 1748
40146 1749
40159 1750
40260 1751
40267 1752
40282 1753
40347 1754
40357 1755
40357 1756
40358 1757
40359 1758
40359 1759
40367 1760
40389 1761
40396 1762
40427 1763
40429 1764
40429 1765
40430 1766
40433 1767
40436 1768
40472 1769
40479 1770
40487 1771
40516 1772
40579 1773
40579 1774
40579 1775
40579 1776
40579 1777
40579 1778
40601 1779
40604 1780
40605 1781
40605 1782
40606 1783
40608 1784
40611 1785
40612 1786
40612 1787
40613 1788
40614 1789
40810 1790
40815 1791
40821 1792
40901 1793
40902 1794
40902 1795
40903 1796
40903 1797
40903 1798
40903 1799
40903 1800
40903 1801
40904 1802
40904 1803
40904 1804
40906 1805
40906 1806
40908 1807
40914 1808
40915 1809
40975 1810
40982 1811
41002 1812
41044 1813
41048 1814
41049 1815
41050 1816
41050 1817
41050 1818
41050 1819
41052 1820
41053 1821
41057 1822
41057 1823
41057 1824
41057 1825
41058 1826
41059 1827
41059 1828
41059 1829
41061 1830
41064 1831
41065 1832
41066 1833
41104 1834
41104 1835
41104 1836
41104 1837
41108 1838
41110 1839
41111 1840
41111 1841
41112 1842
41114 1843
41117 1844
41120 1845
41122 1846
41159 1847
41162 1848
41166 1849
41170 1850
41171 1851
41173 1852
41200 1853
41205 1854
41208 1855
41231 1856
41234 1857
41235 1858
41240 1859
41242 1860
41274 1861
41276 1862
41279 1863
41303 1864
41385 1865
41435 1866
41467 1867
41467 1868
41467 1869
41482 1870
41484 1871
41501 1872
41503 1873
41503 1874
41504 1875
41504 1876
41507 1877
41508 1878
41510 1879
41511 1880
41511 1881
41512 1882
41512 1883
41513 1884
41514 1885
41599 1886
41600 1887
41602 1888
41605 1889
41605 1890
41606 1891
41611 1892
41611 1893
41612 1894
41612 1895
41612 1896
41612 1897
41615 1898
41615 1899
41634 1900
41643 1901
41654 1902
41654 1903
41665 1904
41687 1905
41703 1906
41703 1907
41816 1908
41839 1909
41852 1910
41857 1911
41863 1912
41864 1913
41867 1914
41874 1915
41885 1916
41943 1917
41943 1918
41945 1919
41949 1920
41953 1921
41957 1922
41958 1923
42031 1924
42064 1925
42071 1926
42079 1927
42080 1928
42081 1929
42082 1930
42082 1931
42083 1932
42083 1933
42085 1934
42086 1935
42086 1936
42086 1937
42087 1938
42088 1939
42089 1940
42090 1941
42092 1942
42093 1943
42094 1944
42094 1945
42094 1946
42099 1947
42175 1948
42180 1949
42183 1950
42186 1951
42187 1952
42191 1953
42197 1954
42213 1955
42214 1956
42249 1957
42271 1958
42271 1959
42271 1960
42276 1961
42276 1962
42312 1963
42355 1964
42355 1965
42355 1966
42355 1967
42357 1968
42358 1969
42390 1970
42396 1971
42404 1972
42438 1973
42441 1974
42444 1975
42445 1976
42447 1977
42451 1978
42451 1979
42452 1980
42453 1981
42464 1982
42466 1983
42554 1984
42560 1985
42574 1986
42575 1987
42575 1988
42578 1989
42586 1990
42596 1991
42617 1992
42631 1993
42631 1994
42631 1995
42643 1996
42699 1997
42699 1998
42699 1999
42700 2000
42700 2001
42702 2002
42705 2003
42709 2004
42709 2005
42711 2006
42711 2007
42712 2008
42778 2009
42782 2010
42784 2011
42786 2012
42786 2013
42835 2014
42851 2015
42853 2016
42858 2017
42862 2018
42891 2019
42891 2020
42915 2021
43099 2022
43197 2023
43217 2024
43219 2025
43220 2026
43222 2027
43251 2028
43251 2029
43251 2030
43251 2031
43254 2032
43356 2033
43388 2034
43392 2035
43395 2036
43432 2037
43498 2038
43498 2039
43539 2040
43539 2041
43539 2042
43626 2043
43799 2044
43799 2045
43799 2046
43799 2047
43935 2048
43935 2049
43943 2050
43979 2051
71665 2052
71675 2053
72428 2054
72477 2055
72491 2056
72800 2057
72868 2058
72869 2059
72871 2060
72875 2061
72882 2062
73160 2063
73172 2064
73258 2065
73350 2066
73502 2067
73503 2068
73508 2069
73510 2070
73511 2071
73511 2072
73513 2073
73517 2074
73519 2075
73522 2076
73523 2077
73523 2078
73635 2079
73650 2080
73761 2081
74134 2082
74275 2083
74281 2084
74283 2085
74288 2086
74331 2087
74335 2088
74335 2089
74414 2090
74459 2091
74464 2092
74465 2093
74468 2094
74470 2095
74543 2096
74555 2097
74629 2098
74630 2099
74631 2100
74632 2101
74633 2102
74634 2103
74640 2104
74651 2105
74651 2106
74651 2107
74651 2108
74652 2109
74652 2110
74699 2111
74699 2112
74701 2113
74703 2114
74705 2115
74707 2116
74709 2117
74713 2118
74714 2119
74715 2120
74715 2121
74820 2122
74864 2123
74878 2124
74879 2125
74879 2126
74880 2127
74883 2128
74887 2129
74888 2130
74888 2131
74888 2132
74892 2133
74914 2134
74914 2135
74947 2136
74997 2137
74999 2138
75000 2139
75000 2140
75001 2141
75003 2142
75003 2143
75004 2144
75005 2145
75010 2146
75010 2147
75010 2148
75011 2149
75012 2150
75056 2151
75066 2152
75068 2153
75070 2154
75114 2155
75115 2156
75150 2157
75220 2158
75260 2159
75265 2160
75266 2161
75267 2162
75268 2163
75269 2164
75270 2165
75271 2166
75272 2167
75272 2168
75273 2169
75273 2170
75277 2171
75280 2172
75280 2173
75307 2174
75308 2175
75314 2176
75322 2177
75322 2178
75323 2179
75328 2180
75391 2181
75423 2182
75427 2183
75427 2184
75427 2185
75428 2186
75428 2187
75428 2188
75430 2189
75430 2190
75436 2191
75438 2192
75440 2193
75447 2194
75449 2195
75525 2196
75526 2197
75527 2198
75530 2199
75532 2200
75535 2201
75537 2202
75537 2203
75538 2204
75538 2205
75540 2206
75542 2207
75547 2208
75559 2209
75561 2210
75564 2211
75607 2212
75609 2213
75612 2214
75612 2215
75613 2216
75613 2217
75614 2218
75614 2219
75665 2220
75673 2221
75674 2222
75699 2223
75706 2224
75711 2225
75720 2226
75725 2227
75726 2228
75728 2229
75734 2230
75775 2231
75776 2232
75777 2233
75780 2234
75781 2235
75783 2236
75783 2237
75785 2238
75786 2239
75787 2240
75789 2241
75793 2242
75802 2243
75815 2244
75815 2245
75816 2246
75816 2247
75820 2248
75822 2249
75823 2250
75826 2251
75827 2252
75827 2253
75829 2254
75830 2255
75831 2256
75831 2257
75835 2258
75835 2259
75836 2260
75839 2261
75841 2262
75871 2263
75873 2264
75881 2265
75882 2266
75882 2267
75882 2268
75884 2269
75927 2270
75927 2271
75928 2272
75928 2273
75958 2274
75959 2275
75967 2276
75995 2277
75995 2278
76005 2279
76005 2280
76008 2281
76008 2282
76070 2283
76144 2284
76147 2285
76150 2286
76152 2287
76156 2288
76167 2289
76200 2290
76206 2291
76215 2292
76215 2293
76216 2294
76221 2295
76311 2296
76312 2297
76393 2298
76419 2299
76433 2300
76491 2301
76503 2302
76503 2303
76513 2304
76530 2305
76531 2306
76534 2307
76536 2308
76544 2309
76547 2310
76585 2311
76640 2312
76655 2313
76656 2314
76656 2315
76656 2316
76656 2317
76656 2318
76656 2319
76656 2320
76656 2321
76657 2322
76657 2323
76658 2324
76658 2325
76658 2326
76659 2327
76663 2328
76730 2329
76803 2330
76859 2331
76977 2332
76977 2333
76977 2334
76979 2335
76980 2336
76986 2337
76990 2338
77039 2339
77066 2340
77067 2341
77070 2342
77071 2343
77073 2344
77073 2345
77073 2346
77074 2347
77077 2348
77078 2349
77079 2350
77079 2351
77080 2352
77080 2353
77083 2354
77084 2355
77209 2356
77211 2357
77260 2358
77262 2359
77265 2360
77274 2361
77278 2362
77291 2363
77300 2364
77305 2365
77306 2366
77310 2367
77314 2368
77315 2369
77319 2370
77345 2371
77347 2372
77351 2373
77355 2374
77358 2375
77457 2376
77459 2377
77466 2378
77469 2379
77472 2380
77485 2381
77492 2382
77512 2383
77518 2384
77519 2385
77520 2386
77525 2387
77525 2388
77577 2389
77631 2390
77632 2391
77651 2392
77654 2393
77654 2394
77655 2395
77657 2396
77660 2397
77664 2398
77691 2399
77699 2400
77721 2401
77731 2402
77862 2403
77863 2404
77864 2405
77895 2406
77896 2407
77980 2408
77980 2409
77982 2410
77985 2411
77986 2412
78049 2413
78129 2414
78187 2415
78189 2416
78192 2417
78237 2418
78238 2419
78275 2420
78283 2421
78346 2422
78351 2423
78487 2424
78551 2425
78601 2426
78607 2427
78610 2428
78831 2429
78852 2430
78854 2431
78970 2432
78976 2433
79075 2434
79075 2435
79075 2436
79076 2437
79083 2438
79217 2439
79232 2440
79238 2441
79451 2442
79451 2443
79452 2444
79452 2445
79452 2446
79454 2447
79455 2448
79457 2449
79461 2450
79759 2451
79759 2452
79766 2453
79767 2454
79775 2455
79776 2456
79778 2457
79779 2458
79782 2459
79819 2460
79824 2461
79824 2462
79825 2463
79854 2464
79865 2465
79868 2466
79878 2467
80051 2468
80055 2469
80055 2470
80056 2471
80056 2472
80058 2473
80064 2474
80115 2475
80119 2476
80122 2477
80123 2478
80127 2479
80129 2480
80130 2481
80131 2482
80133 2483
80135 2484
80156 2485
80156 2486
80157 2487
80157 2488
80157 2489
80157 2490
80166 2491
80167 2492
80211 2493
80211 2494
80212 2495
80223 2496
80225 2497
80274 2498
80274 2499
80276 2500
80276 2501
80277 2502
80278 2503
80281 2504
80282 2505
80283 2506
80285 2507
80287 2508
80287 2509
80291 2510
80291 2511
80423 2512
80423 2513
80472 2514
80480 2515
80543 2516
80544 2517
80547 2518
80551 2519
80551 2520
80552 2521
80552 2522
80552 2523
80664 2524
80668 2525
80669 2526
80669 2527
80671 2528
80671 2529
80671 2530
80673 2531
80674 2532
80674 2533
80675 2534
80675 2535
80676 2536
80677 2537
80678 2538
80679 2539
80679 2540
80680 2541
80711 2542
80724 2543
80731 2544
80732 2545
80735 2546
80740 2547
80741 2548
80744 2549
80754 2550
80761 2551
80762 2552
80767 2553
80769 2554
80772 2555
80775 2556
80782 2557
80783 2558
80784 2559
80807 2560
80811 2561
80811 2562
80812 2563
80812 2564
80815 2565
80817 2566
80819 2567
80820 2568
80828 2569
80918 2570
80919 2571
80919 2572
80923 2573
80932 2574
80987 2575
80992 2576
80993 2577
80995 2578
80999 2579
80999 2580
81043 2581
81044 2582
81049 2583
81050 2584
81051 2585
81051 2586
81053 2587
81054 2588
81054 2589
81055 2590
81058 2591
81059 2592
81061 2593
81061 2594
81062 2595
81064 2596
81064 2597
81070 2598
81071 2599
81073 2600
81104 2601
81106 2602
81111 2603
81131 2604
81131 2605
81132 2606
81133 2607
81135 2608
81137 2609
81139 2610
81165 2611
81166 2612
81173 2613
81179 2614
81179 2615
81183 2616
81183 2617
81185 2618
81186 2619
81187 2620
81189 2621
81190 2622
81190 2623
81195 2624
81195 2625
81200 2626
81200 2627
81200 2628
81201 2629
81201 2630
81201 2631
81201 2632
81201 2633
81201 2634
81201 2635
81201 2636
81201 2637
81202 2638
81203 2639
81207 2640
81214 2641
81217 2642
81255 2643
81255 2644
81256 2645
81256 2646
81256 2647
81256 2648
81258 2649
81262 2650
81274 2651
81453 2652
81458 2653
81486 2654
81487 2655
81488 2656
81488 2657
81489 2658
81491 2659
81492 2660
81492 2661
81493 2662
81494 2663
81497 2664
81497 2665
81499 2666
81499 2667
81500 2668
81502 2669
81502 2670
81510 2671
81511 2672
81518 2673
81561 2674
81599 2675
81602 2676
81611 2677
81612 2678
81612 2679
81615 2680
81615 2681
81618 2682
81623 2683
81627 2684
81627 2685
81629 2686
81630 2687
81632 2688
81639 2689
81643 2690
81680 2691
81681 2692
81683 2693
81683 2694
81684 2695
81703 2696
81703 2697
81704 2698
81704 2699
81713 2700
81715 2701
81779 2702
81779 2703
81780 2704
81790 2705
81804 2706
81808 2707
81816 2708
81816 2709
81817 2710
81825 2711
81834 2712
81835 2713
81837 2714
81839 2715
81868 2716
81872 2717
81872 2718
81900 2719
81913 2720
81915 2721
81915 2722
81918 2723
81920 2724
81927 2725
81929 2726
81930 2727
81934 2728
81936 2729
81938 2730
82010 2731
82013 2732
82016 2733
82025 2734
82073 2735
82074 2736
82075 2737
82086 2738
82107 2739
82107 2740
82161 2741
82164 2742
82170 2743
82177 2744
82186 2745
82186 2746
82189 2747
82204 2748
82254 2749
82256 2750
82256 2751
82265 2752
82265 2753
82266 2754
82266 2755
82266 2756
82266 2757
82267 2758
82278 2759
82304 2760
82310 2761
82311 2762
82313 2763
82314 2764
82315 2765
82316 2766
82317 2767
82320 2768
82320 2769
82320 2770
82320 2771
82320 2772
82322 2773
82323 2774
82325 2775
82326 2776
82332 2777
82399 2778
82407 2779
82435 2780
82443 2781
82448 2782
82455 2783
82457 2784
82457 2785
82459 2786
82460 2787
82460 2788
82468 2789
82469 2790
82469 2791
82469 2792
82469 2793
82469 2794
82494 2795
82514 2796
82519 2797
82520 2798
82527 2799
82527 2800
82581 2801
82585 2802
82587 2803
82587 2804
82588 2805
82589 2806
82590 2807
82594 2808
82596 2809
82598 2810
82599 2811
82600 2812
82605 2813
82684 2814
82703 2815
82711 2816
82719 2817
82759 2818
82771 2819
82830 2820
82839 2821
82855 2822
82856 2823
82861 2824
82933 2825
82935 2826
82938 2827
82944 2828
82947 2829
82947 2830
82951 2831
82952 2832
82952 2833
82952 2834
82952 2835
82954 2836
82954 2837
82960 2838
82967 2839
82980 2840
83083 2841
83083 2842
83084 2843
83107 2844
83112 2845
83159 2846
83175 2847
83220 2848
83221 2849
83231 2850
83279 2851
83371 2852
83408 2853
83416 2854
83451 2855
83452 2856
83452 2857
83459 2858
83475 2859
83487 2860
83487 2861
83531 2862
83629 2863
83633 2864
83633 2865
83637 2866
83638 2867
83640 2868
83640 2869
83640 2870
83642 2871
83643 2872
83647 2873
83648 2874
83649 2875
83649 2876
83650 2877
83650 2878
83650 2879
83652 2880
83653 2881
83654 2882
83657 2883
83705 2884
83761 2885
83771 2886
83777 2887
83940 2888
83942 2889
83943 2890
83945 2891
83945 2892
83950 2893
83952 2894
83954 2895
83956 2896
84079 2897
84092 2898
84094 2899
84096 2900
84098 2901
84099 2902
84102 2903
84103 2904
84104 2905
84142 2906
84195 2907
84239 2908
84361 2909
84361 2910
84361 2911
84363 2912
84386 2913
84393 2914
84403 2915
84529 2916
84605 2917
84606 2918
84607 2919
84608 2920
84609 2921
84609 2922
84611 2923
84612 2924
84612 2925
84613 2926
84613 2927
84613 2928
84614 2929
84620 2930
84621 2931
84621 2932
84622 2933
84683 2934
84687 2935
84806 2936
84812 2937
84815 2938
84816 2939
84819 2940
84835 2941
84836 2942
84864 2943
84869 2944
84919 2945
84920 2946
84921 2947
84921 2948
84921 2949
84921 2950
84921 2951
84942 2952
84951 2953
84954 2954
84972 2955
84997 2956
85040 2957
85042 2958
85047 2959
85052 2960
85060 2961
85079 2962
85080 2963
85087 2964
85105 2965
85124 2966
85129 2967
85131 2968
85132 2969
85135 2970
85135 2971
85146 2972
85163 2973
85163 2974
85176 2975
85239 2976
85254 2977
85273 2978
85274 2979
85275 2980
85276 2981
85278 2982
85287 2983
85291 2984
85423 2985
85423 2986
85423 2987
85424 2988
85424 2989
85428 2990
85433 2991
85443 2992
85452 2993
85530 2994
85535 2995
85536 2996
85536 2997
85616 2998
85641 2999
85643 3000
85643 3001
85644 3002
85711 3003
85712 3004
85763 3005
85793 3006
153585 3007
153588 3008
153589 3009
153592 3010
153595 3011
154018 3012
154020 3013
154024 3014
154024 3015
154025 3016
154031 3017
154033 3018
154037 3019
154037 3020
154039 3021
154043 3022
154045 3023
154046 3024
154048 3025
154266 3026
154266 3027
154267 3028
154268 3029
154268 3030
154268 3031
154270 3032
154274 3033
154274 3034
154275 3035
154276 3036
154279 3037
154280 3038
154287 3039
154379 3040
154392 3041
154428 3042
154429 3043
154430 3044
154433 3045
154434 3046
154435 3047
154437 3048
154442 3049
154442 3050
154444 3051
154446 3052
154448 3053
154494 3054
154494 3055
154594 3056
154594 3057
154596 3058
154600 3059
154661 3060
154664 3061
154666 3062
154668 3063
154776 3064
154777 3065
154777 3066
154777 3067
154777 3068
154781 3069
154793 3070
154797 3071
154800 3072
154800 3073
154807 3074
154815 3075
154815 3076
154824 3077
154829 3078
154838 3079
155017 3080
155018 3081
155018 3082
155024 3083
155024 3084
155029 3085
155038 3086
155055 3087
155088 3088
155094 3089
155094 3090
155096 3091
155098 3092
155098 3093
155100 3094
155102 3095
155102 3096
155109 3097
155110 3098
155112 3099
155157 3100
155160 3101
155160 3102
155162 3103
155163 3104
155165 3105
155170 3106
155170 3107
155173 3108
155175 3109
155176 3110
155180 3111
155183 3112
155191 3113
155206 3114
155212 3115
155250 3116
155260 3117
155263 3118
155265 3119
155266 3120
155266 3121
155266 3122
155266 3123
155266 3124
155266 3125
155266 3126
155269 3127
155270 3128
155273 3129
155274 3130
155316 3131
155317 3132
155317 3133
155317 3134
155317 3135
155317 3136
155318 3137
155326 3138
155331 3139
155332 3140
155332 3141
155381 3142
155384 3143
155442 3144
155442 3145
155444 3146
155445 3147
155448 3148
155448 3149
155449 3150
155450 3151
155454 3152
155459 3153
155460 3154
155461 3155
155461 3156
155461 3157
155463 3158
155470 3159
155481 3160
155513 3161
155574 3162
155579 3163
155635 3164
155637 3165
155638 3166
155638 3167
155640 3168
155640 3169
155646 3170
155691 3171
155693 3172
155696 3173
155775 3174
155778 3175
155788 3176
155828 3177
155828 3178
155865 3179
155868 3180
155872 3181
155930 3182
155930 3183
155930 3184
155931 3185
155932 3186
155933 3187
155936 3188
155936 3189
155942 3190
155947 3191
155947 3192
156003 3193
156006 3194
156011 3195
156015 3196
156050 3197
156064 3198
156067 3199
156079 3200
156081 3201
156086 3202
156104 3203
156109 3204
156110 3205
156110 3206
156110 3207
156110 3208
156114 3209
156114 3210
156114 3211
156114 3212
156115 3213
156115 3214
156115 3215
156118 3216
156286 3217
156287 3218
156300 3219
156301 3220
156301 3221
156308 3222
156403 3223
156404 3224
156412 3225
156474 3226
156480 3227
156480 3228
156483 3229
156488 3230
156511 3231
156528 3232
156528 3233
156530 3234
156531 3235
156536 3236
156572 3237
156576 3238
156577 3239
156584 3240
156584 3241
156593 3242
156624 3243
156648 3244
156652 3245
156712 3246
156720 3247
156721 3248
156755 3249
156798 3250
156912 3251
156912 3252
157116 3253
157268 3254
157268 3255
157269 3256
157288 3257
157320 3258
157320 3259
157321 3260
157321 3261
157928 3262
158400 3263
158404 3264
158410 3265
158410 3266
158410 3267
158410 3268
158410 3269
158410 3270
158410 3271
158410 3272
158423 3273
158608 3274
158616 3275
158617 3276
158617 3277
158622 3278
158624 3279
158632 3280
158972 3281
158978 3282
158980 3283
158993 3284
158999 3285
159138 3286
159150 3287
159151 3288
159157 3289
159160 3290
159363 3291
159465 3292
159591 3293
159597 3294
159627 3295
159628 3296
159632 3297
159700 3298
159700 3299
159704 3300
159705 3301
159705 3302
159708 3303
159708 3304
159709 3305
159710 3306
159756 3307
159760 3308
159761 3309
159763 3310
159765 3311
159766 3312
159768 3313
159768 3314
159768 3315
159794 3316
159902 3317
159904 3318
159925 3319
159926 3320
159929 3321
159931 3322
159933 3323
159936 3324
159937 3325
159939 3326
160018 3327
160024 3328
160086 3329
160101 3330
160104 3331
160150 3332
160244 3333
160287 3334
160293 3335
160295 3336
160296 3337
160296 3338
160343 3339
160382 3340
160528 3341
160627 3342
160774 3343
160780 3344
160931 3345
160934 3346
161259 3347
161392 3348
161393 3349
161396 3350
161400 3351
161405 3352
161409 3353
161496 3354
161497 3355
161570 3356
161577 3357
161768 3358
161775 3359
161860 3360
161966 3361
161976 3362
161977 3363
161983 3364
162119 3365
162123 3366
162125 3367
162144 3368
162145 3369
162155 3370
162214 3371
162215 3372
162219 3373
162220 3374
162222 3375
162222 3376
162225 3377
162231 3378
162231 3379
162231 3380
162231 3381
162236 3382
162240 3383
162240 3384
162256 3385
162264 3386
162266 3387
162448 3388
162459 3389
162459 3390
162459 3391
162460 3392
162461 3393
162541 3394
162548 3395
162576 3396
162602 3397
162709 3398
162709 3399
162709 3400
162711 3401
162712 3402
162713 3403
162720 3404
162721 3405
162724 3406
162732 3407
162813 3408
162819 3409
162825 3410
162826 3411
162830 3412
162842 3413
162928 3414
162929 3415
162929 3416
162929 3417
162929 3418
162931 3419
162932 3420
162933 3421
162933 3422
162933 3423
162933 3424
162934 3425
162934 3426
162939 3427
162941 3428
162941 3429
162941 3430
162941 3431
162944 3432
162967 3433
163052 3434
163058 3435
163061 3436
163062 3437
163063 3438
163064 3439
163064 3440
163065 3441
163156 3442
163159 3443
163162 3444
163193 3445
163199 3446
163203 3447
163203 3448
163211 3449
163214 3450
163219 3451
163284 3452
163284 3453
163285 3454
163292 3455
163299 3456
163299 3457
163300 3458
163329 3459
163330 3460
163344 3461
163389 3462
163392 3463
163394 3464
163493 3465
163503 3466
163505 3467
163505 3468
163509 3469
163511 3470
163515 3471
163516 3472
163577 3473
163578 3474
163604 3475
163606 3476
163609 3477
163741 3478
163741 3479
163746 3480
163748 3481
163748 3482
163751 3483
163752 3484
163753 3485
163769 3486
163774 3487
163781 3488
163788 3489
163888 3490
163921 3491
163936 3492
163936 3493
163947 3494
163952 3495
163954 3496
163957 3497
164027 3498
164054 3499
164056 3500
164056 3501
164068 3502
164084 3503
164084 3504
164084 3505
164085 3506
164085 3507
164085 3508
164086 3509
164088 3510
164092 3511
164094 3512
164095 3513
164096 3514
164096 3515
164097 3516
164097 3517
164097 3518
164098 3519
164098 3520
164099 3521
164126 3522
164156 3523
164157 3524
164159 3525
164166 3526
164169 3527
164170 3528
164170 3529
164170 3530
164170 3531
164224 3532
164229 3533
164232 3534
164233 3535
164266 3536
164274 3537
164304 3538
164305 3539
164318 3540
164321 3541
164338 3542
164341 3543
164341 3544
164345 3545
164347 3546
164348 3547
164350 3548
164381 3549
164382 3550
164387 3551
164388 3552
164418 3553
164430 3554
164444 3555
164445 3556
164450 3557
164453 3558
164464 3559
164532 3560
164540 3561
164552 3562
164553 3563
164553 3564
164553 3565
164553 3566
164554 3567
164609 3568
164621 3569
164622 3570
164680 3571
164682 3572
164689 3573
164689 3574
164700 3575
164704 3576
164751 3577
164763 3578
164774 3579
164784 3580
164802 3581
164822 3582
164855 3583
164857 3584
164857 3585
164857 3586
164870 3587
164919 3588
164925 3589
164925 3590
164926 3591
164926 3592
165102 3593
165105 3594
165277 3595
165293 3596
165293 3597
165300 3598
165308 3599
165379 3600
165504 3601
165508 3602
165509 3603
165509 3604
165511 3605
165515 3606
165519 3607
165521 3608
165523 3609
165525 3610
165529 3611
165532 3612
165533 3613
165592 3614
165593 3615
165593 3616
165593 3617
165593 3618
165595 3619
165595 3620
165600 3621
165623 3622
165655 3623
165705 3624
165707 3625
165708 3626
165708 3627
165709 3628
165710 3629
165711 3630
165715 3631
165721 3632
165721 3633
165721 3634
165729 3635
165729 3636
165732 3637
165732 3638
165736 3639
165736 3640
165736 3641
165737 3642
165739 3643
165740 3644
165741 3645
165742 3646
165743 3647
165744 3648
165747 3649
165747 3650
165774 3651
165774 3652
165774 3653
165775 3654
165776 3655
165777 3656
165780 3657
165783 3658
165787 3659
165788 3660
165860 3661
165861 3662
165861 3663
165861 3664
165864 3665
165865 3666
165876 3667
165891 3668
165893 3669
165896 3670
165897 3671
165956 3672
165957 3673
165957 3674
165960 3675
165967 3676
165970 3677
165973 3678
165975 3679
165975 3680
165976 3681
165977 3682
165977 3683
165978 3684
165978 3685
165980 3686
165981 3687
165983 3688
166036 3689
166040 3690
166041 3691
166041 3692
166048 3693
166049 3694
166049 3695
166049 3696
166049 3697
166062 3698
166065 3699
166065 3700
166069 3701
166069 3702
166069 3703
166069 3704
166074 3705
166077 3706
166077 3707
166086 3708
166117 3709
166117 3710
166119 3711
166120 3712
166122 3713
166122 3714
166123 3715
166125 3716
166125 3717
166126 3718
166129 3719
166129 3720
166133 3721
166144 3722
166145 3723
166170 3724
166194 3725
166221 3726
166222 3727
166224 3728
166225 3729
166225 3730
166225 3731
166228 3732
166240 3733
166277 3734
166285 3735
166286 3736
166286 3737
166293 3738
166336 3739
166337 3740
166369 3741
166374 3742
166379 3743
166385 3744
166404 3745
166448 3746
166542 3747
166549 3748
166634 3749
166662 3750
166662 3751
166662 3752
166663 3753
166663 3754
166663 3755
166663 3756
166666 3757
166666 3758
166666 3759
166667 3760
166670 3761
166670 3762
166673 3763
166675 3764
166679 3765
166771 3766
166772 3767
166779 3768
166780 3769
166789 3770
166916 3771
166916 3772
166917 3773
166921 3774
166922 3775
166922 3776
166923 3777
166925 3778
166928 3779
166928 3780
166930 3781
167003 3782
167003 3783
167003 3784
167004 3785
167006 3786
167010 3787
167010 3788
167011 3789
167014 3790
167090 3791
167177 3792
167178 3793
167179 3794
167182 3795
167224 3796
167225 3797
167235 3798
167237 3799
167290 3800
167300 3801
167303 3802
167315 3803
167315 3804
167319 3805
167364 3806
167364 3807
167364 3808
167366 3809
167369 3810
167378 3811
167384 3812
167385 3813
167391 3814
167489 3815
167532 3816
167536 3817
167614 3818
167741 3819
167825 3820
167836 3821
167837 3822
167841 3823
167852 3824
167852 3825
167853 3826
167880 3827
167893 3828
167897 3829
167900 3830
167904 3831
167906 3832
167906 3833
167945 3834
167947 3835
167949 3836
167956 3837
167964 3838
168131 3839
168133 3840
168139 3841
168181 3842
168197 3843
168212 3844
168216 3845
168224 3846
168229 3847
168249 3848
168281 3849
168282 3850
168282 3851
168286 3852
168288 3853
168288 3854
168289 3855
168290 3856
168290 3857
168392 3858
168393 3859
168393 3860
168398 3861
168398 3862
168400 3863
168401 3864
168402 3865
168402 3866
168429 3867
168429 3868
168437 3869
168437 3870
168437 3871
168437 3872
168437 3873
168437 3874
168438 3875
168441 3876
168451 3877
168488 3878
168489 3879
168490 3880
168496 3881
168497 3882
168502 3883
168502 3884
168579 3885
168649 3886
168677 3887
168768 3888
168768 3889
168772 3890
168773 3891
168773 3892
168776 3893
168813 3894
168863 3895
168869 3896
168897 3897
168922 3898
168975 3899
168982 3900
168986 3901
168986 3902
168987 3903
168987 3904
168987 3905
168988 3906
168989 3907
168990 3908
168991 3909
168991 3910
169003 3911
169043 3912
169128 3913
169152 3914
169164 3915
169165 3916
169165 3917
169171 3918
169171 3919
169172 3920
169172 3921
169174 3922
169175 3923
169178 3924
169331 3925
169335 3926
169338 3927
169341 3928
169350 3929
169353 3930
169364 3931
169551 3932
169557 3933
169567 3934
169575 3935
169669 3936
169703 3937
169713 3938
169716 3939
169716 3940
169716 3941
169719 3942
169721 3943
169721 3944
169722 3945
169723 3946
169741 3947
169819 3948
169831 3949
169854 3950
169855 3951
169859 3952
169861 3953
169862 3954
169862 3955
169864 3956
169866 3957
169866 3958
169867 3959
169867 3960
169868 3961
169868 3962
169870 3963
169933 3964
169933 3965
169934 3966
169940 3967
169963 3968
170228 3969
170229 3970
170231 3971
170239 3972
170269 3973
170269 3974
170269 3975
170269 3976
170292 3977
170381 3978
170381 3979
170381 3980
170385 3981
170386 3982
170391 3983
170395 3984
170395 3985
170400 3986
170404 3987
170405 3988
170410 3989
170489 3990
170491 3991
170492 3992
170492 3993
170493 3994
170494 3995
170496 3996
170500 3997
170500 3998
170511 3999
170525 4000
170525 4001
170525 4002
170526 4003
170608 4004
170609 4005
170612 4006
170614 4007
170618 4008
170622 4009
170624 4010
170697 4011
170723 4012
170724 4013
170725 4014
170731 4015
170842 4016
170842 4017
170842 4018
170842 4019
170853 4020
170853 4021
170858 4022
170858 4023
170862 4024
170867 4025
170943 4026
170952 4027
170972 4028
170977 4029
170979 4030
170981 4031
171013 4032
171052 4033
171055 4034
171056 4035
171057 4036
171060 4037
171061 4038
171062 4039
171063 4040
171063 4041
171064 4042
171080 4043
171082 4044
171086 4045
171097 4046
171118 4047
171145 4048
171145 4049
171145 4050
171150 4051
171157 4052
171173 4053
171173 4054
171173 4055
171178 4056
171192 4057
171192 4058
171288 4059
171369 4060
171393 4061
171397 4062
171400 4063
171405 4064
171406 4065
171406 4066
171412 4067
171412 4068
171413 4069
171415 4070
171415 4071
171416 4072
171417 4073
171421 4074
171421 4075
171422 4076
171422 4077
171422 4078
171423 4079
171426 4080
171427 4081
171428 4082
171449 4083
171545 4084
171549 4085
171573 4086
171600 4087
171709 4088
171709 4089
171709 4090
171753 4091
171766 4092
171781 4093
171781 4094
171856 4095
171861 4096
171867 4097
171869 4098
171874 4099
171924 4100
171924 4101
171926 4102
171928 4103
171937 4104
171941 4105
171985 4106
171985 4107
172015 4108
172032 4109
172033 4110
172037 4111
172043 4112
172044 4113
172044 4114
172051 4115
172179 4116
172401 4117
172412 4118
172417 4119
172433 4120
172433 4121
172437 4122
172472 4123
172473 4124
172474 4125
172474 4126
172474 4127
172476 4128
172477 4129
172479 4130
172479 4131
172479 4132
172481 4133
172482 4134
172482 4135
172483 4136
172483 4137
172485 4138
172485 4139
172625 4140
172633 4141
172637 4142
172645 4143
172645 4144
172645 4145
172646 4146
172648 4147
172649 4148
172649 4149
172653 4150
172653 4151
172656 4152
172658 4153
172659 4154
172660 4155
172660 4156
172661 4157
172671 4158
172672 4159
172730 4160
172732 4161
172732 4162
172733 4163
172733 4164
172733 4165
172733 4166
172733 4167
172749 4168
172753 4169
172753 4170
172753 4171
172753 4172
172753 4173
172763 4174
172788 4175
172788 4176
172792 4177
172799 4178
172810 4179
172896 4180
172898 4181
172900 4182
172901 4183
172902 4184
172910 4185
172928 4186
172931 4187
172934 4188
173015 4189
173017 4190
173017 4191
173017 4192
173017 4193
173017 4194
173023 4195
173026 4196
173029 4197
173039 4198
173049 4199
173101 4200
173101 4201
173101 4202
173109 4203
173109 4204
173109 4205
173113 4206
173113 4207
173113 4208
173116 4209
173121 4210
173126 4211
173160 4212
173229 4213
173237 4214
173250 4215
173254 4216
173254 4217
173254 4218
173254 4219
173254 4220
173254 4221
173258 4222
173273 4223
173349 4224
173349 4225
173349 4226
173363 4227
173374 4228
173377 4229
173407 4230
173417 4231
173429 4232
173429 4233
173429 4234
173432 4235
173434 4236
173478 4237
173534 4238
173536 4239
173539 4240
173543 4241
173544 4242
173546 4243
173552 4244
173562 4245
173562 4246
173563 4247
173564 4248
173593 4249
173629 4250
173637 4251
173647 4252
173661 4253
173663 4254
173664 4255
173664 4256
173664 4257
173665 4258
173666 4259
173667 4260
173668 4261
173669 4262
173671 4263
173671 4264
173671 4265
173674 4266
173674 4267
173675 4268
173676 4269
173714 4270
173737 4271
173766 4272
173805 4273
173812 4274
173881 4275
173909 4276
173923 4277
173985 4278
174011 4279
174017 4280
174034 4281
174041 4282
174047 4283
174049 4284
174049 4285
174085 4286
174112 4287
174198 4288
174216 4289
174221 4290
174222 4291
174222 4292
174223 4293
174246 4294
174250 4295
174251 4296
174265 4297
174293 4298
174372 4299
174386 4300
174419 4301
174472 4302
174484 4303
174487 4304
174541 4305
174562 4306
174563 4307
174585 4308
174585 4309
174585 4310
174585 4311
174590 4312
174749 4313
174788 4314
174836 4315
174840 4316
174885 4317
174885 4318
174885 4319
174885 4320
174885 4321
175009 4322
175009 4323
175077 4324
175133 4325
175179 4326
175184 4327
175269 4328
175273 4329
175273 4330
175905 4331
175911 4332
175912 4333
175965 4334
176525 4335
176530 4336
176534 4337
176535 4338
176537 4339
176541 4340
176836 4341
176839 4342
176839 4343
176840 4344
176844 4345
176845 4346
176848 4347
176848 4348
176852 4349
176889 4350
176897 4351
176900 4352
176918 4353
176920 4354
176921 4355
176931 4356
177158 4357
177165 4358
177169 4359
177172 4360
177177 4361
177207 4362
177207 4363
177210 4364
177217 4365
177218 4366
177220 4367
177222 4368
177235 4369
177241 4370
177242 4371
177242 4372
177250 4373
177252 4374
177253 4375
177502 4376
177509 4377
177622 4378
177625 4379
177629 4380
177632 4381
177633 4382
177713 4383
177714 4384
177720 4385
177722 4386
177723 4387
177724 4388
177725 4389
177725 4390
177729 4391
177731 4392
177731 4393
177732 4394
177766 4395
177768 4396
177865 4397
177868 4398
177873 4399
177947 4400
177948 4401
177950 4402
177952 4403
178004 4404
178075 4405
178076 4406
178078 4407
178084 4408
178084 4409
178087 4410
178088 4411
178089 4412
178090 4413
178091 4414
178094 4415
178094 4416
178095 4417
178097 4418
178100 4419
178102 4420
178104 4421
178166 4422
178170 4423
178171 4424
178172 4425
178172 4426
178173 4427
178173 4428
178173 4429
178174 4430
178174 4431
178176 4432
178176 4433
178177 4434
178177 4435
178177 4436
178177 4437
178179 4438
178179 4439
178181 4440
178182 4441
178182 4442
178184 4443
178221 4444
178226 4445
178226 4446
178226 4447
178226 4448
178291 4449
178292 4450
178301 4451
178302 4452
178304 4453
178308 4454
178309 4455
178317 4456
178317 4457
178329 4458
178330 4459
178381 4460
178382 4461
178384 4462
178405 4463
178405 4464
178405 4465
178410 4466
178410 4467
178418 4468
178431 4469
178436 4470
178455 4471
178458 4472
178501 4473
178501 4474
178504 4475
178505 4476
178507 4477
178509 4478
178509 4479
178509 4480
178532 4481
178537 4482
178537 4483
178541 4484
178541 4485
178543 4486
178543 4487
178545 4488
178545 4489
178554 4490
178569 4491
178573 4492
178574 4493
178574 4494
178574 4495
178629 4496
178635 4497
178642 4498
178651 4499
178651 4500
178657 4501
178664 4502
178694 4503
178701 4504
178704 4505
178706 4506
178708 4507
178709 4508
178709 4509
178709 4510
178709 4511
178709 4512
178709 4513
178711 4514
178712 4515
178713 4516
178714 4517
178715 4518
178715 4519
178716 4520
178717 4521
178717 4522
178752 4523
178753 4524
178759 4525
178761 4526
178767 4527
178821 4528
178821 4529
178821 4530
178821 4531
178821 4532
178821 4533
178821 4534
178822 4535
178828 4536
178854 4537
178855 4538
178856 4539
178857 4540
178859 4541
178860 4542
178860 4543
178860 4544
178862 4545
178864 4546
178901 4547
178901 4548
178903 4549
178904 4550
178905 4551
178905 4552
178905 4553
178907 4554
178908 4555
178910 4556
178910 4557
178911 4558
178912 4559
178912 4560
178945 4561
178945 4562
178945 4563
178976 4564
178977 4565
178994 4566
178996 4567
178996 4568
178998 4569
179000 4570
179005 4571
179041 4572
179045 4573
179069 4574
179069 4575
179069 4576
179069 4577
179069 4578
179069 4579
179073 4580
179082 4581
179086 4582
179088 4583
179089 4584
179089 4585
179089 4586
179089 4587
179089 4588
179090 4589
179090 4590
179090 4591
179100 4592
179100 4593
179100 4594
179101 4595
179101 4596
179101 4597
179101 4598
179101 4599
179101 4600
179101 4601
179101 4602
179101 4603
179102 4604
179102 4605
179102 4606
179103 4607
179103 4608
179104 4609
179169 4610
179169 4611
179177 4612
179272 4613
179279 4614
179280 4615
179281 4616
179282 4617
179287 4618
179288 4619
179289 4620
179289 4621
179289 4622
179293 4623
179300 4624
179305 4625
179306 4626
179347 4627
179348 4628
179405 4629
179445 4630
179448 4631
179450 4632
179513 4633
179513 4634
179534 4635
179542 4636
179543 4637
179546 4638
179562 4639
179566 4640
179579 4641
179637 4642
179640 4643
179649 4644
179662 4645
179663 4646
179686 4647
179689 4648
179712 4649
179713 4650
179716 4651
179716 4652
179719 4653
179896 4654
179900 4655
179946 4656
180092 4657
180229 4658
180229 4659
180229 4660
180229 4661
180229 4662
180229 4663
180229 4664
180232 4665
180269 4666
180597 4667
180597 4668
180597 4669
180597 4670
180601 4671
180603 4672
180610 4673
180749 4674
180805 4675
180967 4676
180969 4677
180969 4678
180971 4679
180972 4680
180978 4681
181149 4682
181159 4683
181201 4684
181201 4685
181245 4686
181245 4687
181256 4688
181363 4689
181364 4690
181468 4691
181468 4692
181474 4693
181668 4694
181675 4695
181781 4696
181785 4697
181786 4698
181788 4699
181791 4700
181791 4701
181791 4702
181792 4703
181902 4704
181909 4705
181912 4706
181931 4707
181940 4708
181992 4709
182072 4710
182094 4711
182094 4712
182098 4713
182100 4714
182103 4715
182103 4716
182106 4717
182108 4718
182115 4719
182219 4720
182264 4721
182269 4722
182271 4723
182458 4724
182480 4725
182484 4726
182661 4727
182706 4728
182708 4729
182732 4730
182732 4731
182733 4732
182733 4733
182735 4734
182756 4735
182764 4736
182784 4737
182786 4738
182885 4739
182888 4740
182945 4741
182976 4742
183118 4743
183121 4744
