6327 1
6327 2
6327 3
6327 4
6339 5
6891 6
6891 7
6891 8
6893 9
6896 10
6905 11
7029 12
7096 13
7275 14
7275 15
7275 16
7275 17
7276 18
7276 19
7276 20
7276 21
7276 22
7277 23
7277 24
7278 25
7281 26
7283 27
7399 28
7426 29
7438 30
7589 31
7595 32
7606 33
7607 34
7608 35
7610 36
7617 37
7662 38
7663 39
7664 40
7665 41
7667 42
7673 43
7680 44
7681 45
7783 46
7783 47
7783 48
7788 49
7795 50
7795 51
7796 52
7894 53
7898 54
7900 55
8014 56
8058 57
8058 58
8070 59
8071 60
8087 61
8088 62
8094 63
8094 64
8094 65
8098 66
8284 67
8286 68
8345 69
8350 70
8351 71
8481 72
8521 73
8634 74
8676 75
8816 76
8817 77
8822 78
8967 79
8972 80
8976 81
9246 82
9355 83
9363 84
9762 85
72794 86
73532 87
73532 88
73533 89
73536 90
73538 91
73540 92
73543 93
73545 94
73548 95
73808 96
73812 97
73812 98
73817 99
73822 100
73822 101
73834 102
73837 103
73841 104
73841 105
73930 106
73935 107
73936 108
73938 109
73940 110
73941 111
73943 112
73944 113
73946 114
73947 115
73947 116
74081 117
74089 118
74095 119
74153 120
74153 121
74153 122
74153 123
74157 124
74160 125
74180 126
74194 127
74200 128
74497 129
74497 130
74497 131
74497 132
74498 133
74498 134
74498 135
74498 136
74498 137
74498 138
74508 139
74508 140
74510 141
74512 142
74513 143
74515 144
74516 145
74518 146
74535 147
74543 148
74546 149
74546 150
74716 151
74850 152
74858 153
74862 154
74862 155
74866 156
74891 157
74961 158
74962 159
74969 160
75058 161
75260 162
75317 163
75318 164
75318 165
75417 166
75463 167
75507 168
75640 169
75643 170
75646 171
76800 172
132995 173
134160 174
134161 175
134164 176
134166 177
134168 178
134170 179
134172 180
134173 181
134532 182
134725 183
134726 184
134726 185
134827 186
134831 187
134929 188
134934 189
134937 190
134939 191
135038 192
135046 193
135046 194
135312 195
135320 196
135329 197
135329 198
135337 199
135383 200
135385 201
135386 202
135386 203
135390 204
135396 205
135428 206
135549 207
135689 208
135713 209
135713 210
135718 211
135759 212
135918 213
135919 214
135921 215
135928 216
135986 217
135987 218
135988 219
135990 220
135994 221
136005 222
136177 223
136186 224
136250 225
136250 226
136289 227
136344 228
136414 229
136414 230
136414 231
136467 232
136469 233
136470 234
136472 235
136474 236
136475 237
136477 238
136480 239
136480 240
136481 241
136494 242
136494 243
136496 244
136497 245
136497 246
136497 247
136497 248
136508 249
136553 250
136553 251
136564 252
136661 253
136661 254
136661 255
136661 256
136661 257
136825 258
137148 259
137983 260
138101 261
138101 262
138101 263
138101 264
138101 265
138104 266
138105 267
138106 268
138106 269
138106 270
138106 271
138106 272
138109 273
138114 274
138242 275
138244 276
138248 277
138341 278
138342 279
138343 280
138346 281
138348 282
138608 283
138609 284
138613 285
138619 286
138668 287
138676 288
138682 289
138682 290
138682 291
138682 292
138682 293
138682 294
138682 295
138683 296
138683 297
138686 298
138692 299
138692 300
138777 301
138905 302
138993 303
139062 304
139069 305
139069 306
139070 307
139070 308
139070 309
139070 310
139071 311
139073 312
139076 313
139077 314
139192 315
139195 316
139197 317
139227 318
139229 319
139232 320
139233 321
139234 322
139235 323
139235 324
139237 325
139242 326
139294 327
139297 328
139303 329
139304 330
139434 331
139446 332
139448 333
139486 334
139552 335
139557 336
139599 337
139601 338
139610 339
139642 340
139652 341
139670 342
139675 343
139692 344
139778 345
139780 346
139782 347
139783 348
139787 349
139788 350
139790 351
139790 352
139797 353
139802 354
139815 355
139822 356
139822 357
139889 358
139892 359
139900 360
139940 361
139970 362
140079 363
140119 364
140121 365
140121 366
140121 367
140121 368
140121 369
140121 370
140123 371
140128 372
140184 373
140185 374
140191 375
140197 376
140199 377
140199 378
140200 379
140204 380
140233 381
140246 382
140300 383
140301 384
140303 385
140304 386
140461 387
140462 388
140463 389
140466 390
140468 391
140469 392
140472 393
140496 394
140503 395
140589 396
140589 397
140600 398
140624 399
140626 400
140629 401
140641 402
140645 403
140649 404
140652 405
140686 406
140755 407
140761 408
140843 409
140900 410
140971 411
140974 412
140974 413
140978 414
140979 415
140981 416
140983 417
140984 418
140985 419
140985 420
140985 421
140985 422
140985 423
140985 424
140990 425
140990 426
140991 427
140994 428
141017 429
141074 430
141075 431
141077 432
141084 433
141190 434
141197 435
141197 436
141204 437
141294 438
141300 439
141305 440
141306 441
141335 442
141338 443
141339 444
141340 445
141341 446
141341 447
141341 448
141342 449
141343 450
141344 451
141346 452
141346 453
141346 454
141346 455
141347 456
141347 457
141349 458
141350 459
141354 460
141447 461
141453 462
141466 463
141467 464
141468 465
141468 466
141470 467
141471 468
141475 469
141475 470
141476 471
141482 472
141487 473
141491 474
141491 475
141501 476
141554 477
141712 478
141713 479
141713 480
141769 481
141770 482
141775 483
141778 484
141780 485
141783 486
141788 487
141789 488
141828 489
141831 490
141844 491
141845 492
141845 493
141845 494
141845 495
141845 496
141850 497
141852 498
141941 499
141942 500
141943 501
141943 502
141943 503
141947 504
141948 505
141949 506
141949 507
141949 508
141949 509
141949 510
141950 511
141954 512
141954 513
141958 514
141958 515
141960 516
141961 517
141961 518
141962 519
141969 520
141970 521
141972 522
141973 523
141975 524
142019 525
142024 526
142025 527
142026 528
142028 529
142028 530
142029 531
142030 532
142032 533
142032 534
142032 535
142063 536
142066 537
142134 538
142166 539
142166 540
142166 541
142167 542
142167 543
142169 544
142169 545
142170 546
142173 547
142173 548
142176 549
142177 550
142178 551
142179 552
142179 553
142180 554
142180 555
142186 556
142189 557
142189 558
142189 559
142189 560
142189 561
142193 562
142193 563
142197 564
142201 565
142202 566
142205 567
142206 568
142207 569
142210 570
142220 571
142239 572
142240 573
142249 574
142249 575
142249 576
142249 577
142259 578
142263 579
142278 580
142280 581
142284 582
142288 583
142290 584
142299 585
142302 586
142302 587
142302 588
142302 589
142303 590
142312 591
142313 592
142314 593
142316 594
142319 595
142322 596
142323 597
142327 598
142357 599
142357 600
142357 601
142409 602
142414 603
142415 604
142481 605
142493 606
142494 607
142495 608
142505 609
142506 610
142517 611
142558 612
142562 613
142565 614
142566 615
142567 616
142590 617
142633 618
142640 619
142695 620
142704 621
142708 622
142708 623
142709 624
142737 625
142819 626
142888 627
142897 628
142945 629
142957 630
142958 631
142970 632
143064 633
143113 634
143129 635
143131 636
143132 637
143137 638
143354 639
143358 640
