5 1
5 2
5 3
5 4
6 5
6 6
6 7
9 8
14 9
18 10
40 11
73 12
134 13
135 14
136 15
142 16
143 17
144 18
145 19
147 20
147 21
147 22
148 23
161 24
164 25
165 26
167 27
175 28
175 29
177 30
177 31
177 32
178 33
324 34
396 35
398 36
422 37
426 38
426 39
429 40
435 41
436 42
438 43
439 44
461 45
473 46
491 47
495 48
498 49
500 50
503 51
505 52
514 53
515 54
515 55
518 56
519 57
521 58
522 59
587 60
587 61
589 62
595 63
597 64
607 65
607 66
609 67
611 68
612 69
618 70
618 71
620 72
620 73
630 74
634 75
654 76
789 77
805 78
807 79
809 80
816 81
817 82
897 83
989 84
993 85
1037 86
1040 87
1050 88
35438 89
43695 90
43700 91
43701 92
43701 93
43753 94
44332 95
44334 96
44337 97
44338 98
44340 99
44345 100
44445 101
44445 102
44454 103
44459 104
44653 105
44655 106
44660 107
44724 108
44726 109
44731 110
44743 111
44744 112
44744 113
44744 114
44744 115
44744 116
44744 117
44745 118
44745 119
44754 120
44760 121
44762 122
44762 123
44762 124
44763 125
44764 126
44764 127
44766 128
44766 129
44768 130
44772 131
44774 132
44826 133
44826 134
44828 135
44835 136
44973 137
44974 138
44975 139
44980 140
44995 141
44995 142
44997 143
45003 144
45004 145
45004 146
45007 147
45011 148
45011 149
45012 150
45018 151
45021 152
45022 153
45023 154
45024 155
45024 156
45030 157
45034 158
45034 159
45035 160
45036 161
45036 162
45054 163
45166 164
45168 165
45169 166
45171 167
45176 168
45178 169
45178 170
45179 171
45226 172
45228 173
45229 174
45229 175
45232 176
45239 177
45369 178
45370 179
45372 180
45374 181
45377 182
45382 183
45390 184
45404 185
45433 186
45436 187
45437 188
45437 189
45442 190
45447 191
45448 192
45457 193
45463 194
45469 195
45501 196
45505 197
45507 198
45509 199
45509 200
45510 201
45512 202
45514 203
45517 204
45557 205
45558 206
45558 207
45560 208
45560 209
45564 210
45567 211
45568 212
45590 213
45592 214
45597 215
45599 216
45599 217
45600 218
45653 219
45657 220
45657 221
45657 222
45692 223
45787 224
45821 225
45821 226
45822 227
45822 228
45822 229
45823 230
45823 231
45823 232
45823 233
45823 234
45823 235
45823 236
45824 237
45830 238
45831 239
45831 240
45831 241
45833 242
45834 243
45835 244
45848 245
45848 246
45859 247
45872 248
45881 249
46002 250
46003 251
46003 252
46003 253
46003 254
46003 255
46051 256
46053 257
46055 258
46061 259
46067 260
46152 261
46153 262
46192 263
46196 264
46198 265
46200 266
46201 267
46203 268
46205 269
46263 270
46323 271
46357 272
46360 273
46364 274
46366 275
46368 276
46409 277
46443 278
46447 279
46447 280
46448 281
46449 282
46449 283
46450 284
46477 285
46484 286
46487 287
46592 288
46598 289
46599 290
46601 291
46643 292
46679 293
46837 294
46839 295
46844 296
46845 297
46846 298
46848 299
46851 300
46901 301
46920 302
46949 303
46954 304
46959 305
46993 306
47044 307
47052 308
47054 309
47057 310
47137 311
47283 312
47316 313
47317 314
47317 315
47427 316
47442 317
47496 318
47626 319
47627 320
47628 321
47630 322
47630 323
47633 324
47633 325
47634 326
47638 327
47640 328
47641 329
47648 330
47670 331
47702 332
47702 333
47707 334
47712 335
47712 336
47714 337
47715 338
47715 339
47717 340
47729 341
47869 342
47872 343
47872 344
47873 345
47879 346
47881 347
47967 348
47971 349
47978 350
48085 351
48087 352
48096 353
48166 354
48166 355
48171 356
48268 357
48271 358
48280 359
48333 360
48338 361
48348 362
48349 363
48350 364
48355 365
48358 366
48362 367
48362 368
48363 369
48364 370
48367 371
48370 372
48440 373
48449 374
48519 375
48519 376
48521 377
48521 378
48534 379
48556 380
48571 381
48584 382
48587 383
48589 384
48591 385
48592 386
48593 387
48651 388
48653 389
48657 390
48660 391
48663 392
48664 393
48666 394
48672 395
48672 396
48673 397
48673 398
48677 399
48679 400
48679 401
48680 402
48680 403
48680 404
48682 405
48683 406
48683 407
48684 408
48687 409
48755 410
48755 411
48762 412
48811 413
48814 414
48826 415
48827 416
48829 417
48831 418
48837 419
48839 420
48839 421
48953 422
48968 423
48990 424
48996 425
49021 426
49034 427
49076 428
49078 429
49079 430
49082 431
49089 432
49189 433
49201 434
49255 435
49262 436
49264 437
49265 438
49268 439
49269 440
49270 441
49276 442
49296 443
49296 444
49296 445
49301 446
49301 447
49303 448
49304 449
49305 450
49305 451
49306 452
49306 453
49306 454
49306 455
49307 456
49307 457
49307 458
49314 459
49344 460
49351 461
49365 462
49366 463
49373 464
49373 465
49374 466
49378 467
49394 468
49398 469
49415 470
49415 471
49419 472
49489 473
49490 474
49490 475
49493 476
49495 477
49510 478
49514 479
49515 480
49516 481
49533 482
49539 483
49541 484
49581 485
49585 486
49586 487
49586 488
49587 489
49595 490
49599 491
49666 492
49713 493
49717 494
49749 495
49749 496
49750 497
49750 498
49754 499
49758 500
49833 501
49861 502
49861 503
49901 504
49902 505
49902 506
49953 507
49955 508
49958 509
49958 510
49959 511
49959 512
49959 513
49959 514
49959 515
49959 516
49961 517
49961 518
49963 519
49965 520
49965 521
49965 522
49965 523
49966 524
49967 525
49969 526
49970 527
49970 528
49971 529
49971 530
50093 531
50100 532
50102 533
50132 534
50140 535
50143 536
50143 537
50199 538
50199 539
50208 540
50210 541
50242 542
50243 543
50247 544
50249 545
50256 546
50256 547
50277 548
50278 549
50279 550
50279 551
50279 552
50279 553
50279 554
50279 555
50279 556
50285 557
50303 558
50365 559
50385 560
50385 561
50387 562
50390 563
50390 564
50392 565
50399 566
50400 567
50453 568
50454 569
50454 570
50454 571
50454 572
50454 573
50454 574
50460 575
50463 576
50468 577
50478 578
50489 579
50531 580
50538 581
50607 582
50622 583
50649 584
50649 585
50666 586
50710 587
50710 588
50717 589
50720 590
50722 591
50760 592
50796 593
50806 594
50813 595
50821 596
50822 597
50822 598
50822 599
50822 600
50840 601
50840 602
50842 603
50847 604
50849 605
50859 606
50861 607
50862 608
50863 609
50866 610
50868 611
50869 612
50919 613
50921 614
50961 615
50968 616
50969 617
50973 618
50973 619
51025 620
51034 621
51041 622
51042 623
51042 624
51045 625
51048 626
51095 627
51096 628
51104 629
51105 630
51105 631
51105 632
51105 633
51105 634
51105 635
51117 636
51181 637
51182 638
51182 639
51192 640
51215 641
51222 642
51226 643
51273 644
51279 645
51286 646
51287 647
51289 648
51290 649
51292 650
51292 651
51294 652
51298 653
51298 654
51300 655
51301 656
51301 657
51304 658
51306 659
51307 660
51308 661
51308 662
51310 663
51310 664
51313 665
51314 666
51314 667
51316 668
51317 669
51325 670
51368 671
51399 672
51406 673
51414 674
51420 675
51477 676
51491 677
51495 678
51513 679
51534 680
51544 681
51545 682
51559 683
51671 684
51682 685
51683 686
51692 687
51730 688
51733 689
51735 690
51751 691
51760 692
51783 693
51795 694
51809 695
51813 696
51814 697
51817 698
51821 699
51821 700
51923 701
51925 702
51926 703
51929 704
52011 705
52013 706
52014 707
52023 708
52026 709
52099 710
52115 711
52116 712
52117 713
52119 714
52119 715
52120 716
52121 717
52122 718
52123 719
52123 720
52123 721
52123 722
52123 723
52124 724
52133 725
52137 726
52141 727
52142 728
52142 729
52142 730
52144 731
52146 732
52147 733
52147 734
52147 735
52147 736
52148 737
52149 738
52149 739
52151 740
52297 741
52298 742
52298 743
52299 744
52303 745
52304 746
52305 747
52306 748
52308 749
52308 750
52310 751
52351 752
52352 753
52353 754
52358 755
52359 756
52359 757
52361 758
52361 759
52361 760
52362 761
52363 762
52364 763
52365 764
52368 765
52368 766
52372 767
52376 768
52376 769
52377 770
52378 771
52378 772
52378 773
52378 774
52378 775
52378 776
52378 777
52382 778
52387 779
52390 780
52390 781
52392 782
52403 783
52445 784
52445 785
52451 786
52452 787
52453 788
52455 789
52456 790
52466 791
52467 792
52467 793
52468 794
52471 795
52471 796
52478 797
52479 798
52480 799
52480 800
52483 801
52484 802
52485 803
52487 804
52490 805
52492 806
52492 807
52496 808
52497 809
52502 810
52503 811
52531 812
52533 813
52534 814
52543 815
52546 816
52548 817
52561 818
52564 819
52567 820
52585 821
52586 822
52586 823
52653 824
52653 825
52654 826
52739 827
52764 828
52770 829
52772 830
52786 831
52792 832
52798 833
52799 834
52806 835
52806 836
52806 837
52810 838
52812 839
52842 840
52867 841
52900 842
52903 843
52971 844
52974 845
52975 846
52976 847
52976 848
52977 849
52978 850
52980 851
52981 852
52982 853
52983 854
52985 855
52985 856
52987 857
53027 858
53029 859
53030 860
53032 861
53033 862
53036 863
53037 864
53038 865
53038 866
53039 867
53039 868
53040 869
53073 870
53087 871
53092 872
53098 873
53121 874
53125 875
53136 876
53136 877
53202 878
53203 879
53203 880
53204 881
53205 882
53206 883
53206 884
53211 885
53211 886
53212 887
53212 888
53215 889
53265 890
53265 891
53269 892
53273 893
53274 894
53274 895
53275 896
53275 897
53275 898
53275 899
53278 900
53288 901
53290 902
53290 903
53291 904
53292 905
53295 906
53297 907
53300 908
53316 909
53322 910
53325 911
53326 912
53327 913
53328 914
53329 915
53329 916
53329 917
53330 918
53330 919
53330 920
53330 921
53330 922
53343 923
53366 924
53369 925
53370 926
53372 927
53374 928
53374 929
53377 930
53457 931
53473 932
53479 933
53487 934
53494 935
53494 936
53495 937
53505 938
53524 939
53525 940
53525 941
53525 942
53526 943
53535 944
53573 945
53584 946
53587 947
53694 948
53727 949
53729 950
53740 951
53740 952
53741 953
53743 954
53748 955
53753 956
53847 957
53878 958
53881 959
53902 960
53916 961
53916 962
53918 963
53921 964
53921 965
53922 966
53922 967
53923 968
53924 969
53925 970
53928 971
53928 972
53929 973
53930 974
53930 975
53930 976
53931 977
53953 978
53988 979
54119 980
54173 981
54185 982
54192 983
54205 984
54206 985
54206 986
54206 987
54206 988
54206 989
54206 990
54290 991
54300 992
54301 993
54319 994
54398 995
54409 996
54509 997
54509 998
54661 999
54662 1000
54662 1001
54662 1002
54662 1003
54662 1004
54662 1005
54665 1006
54672 1007
54673 1008
54693 1009
54809 1010
54850 1011
55001 1012
56466 1013
56787 1014
56788 1015
56798 1016
56800 1017
56801 1018
57546 1019
57645 1020
57646 1021
57646 1022
57646 1023
57649 1024
57649 1025
57650 1026
57650 1027
57651 1028
57656 1029
57658 1030
57744 1031
57745 1032
57747 1033
57915 1034
57922 1035
57998 1036
57998 1037
57998 1038
57998 1039
58017 1040
58025 1041
58223 1042
58295 1043
58333 1044
58334 1045
58334 1046
58334 1047
58335 1048
58335 1049
58335 1050
58335 1051
58335 1052
58335 1053
58335 1054
58335 1055
58335 1056
58337 1057
58342 1058
58346 1059
58361 1060
58362 1061
58365 1062
58366 1063
58372 1064
58376 1065
58397 1066
58398 1067
58433 1068
58441 1069
58441 1070
58503 1071
58517 1072
58598 1073
58621 1074
58623 1075
58627 1076
58628 1077
58630 1078
58632 1079
58632 1080
58637 1081
58639 1082
58680 1083
58686 1084
58843 1085
58845 1086
58850 1087
58856 1088
58905 1089
58905 1090
58906 1091
58906 1092
58906 1093
58907 1094
58907 1095
58907 1096
58907 1097
58907 1098
58907 1099
58907 1100
58907 1101
58918 1102
58939 1103
58947 1104
58951 1105
58957 1106
59079 1107
59086 1108
59087 1109
59162 1110
59178 1111
59178 1112
59178 1113
59178 1114
59180 1115
59217 1116
59218 1117
59218 1118
59219 1119
59225 1120
59229 1121
59231 1122
59273 1123
59281 1124
59316 1125
59316 1126
59317 1127
59318 1128
59323 1129
59345 1130
59357 1131
59370 1132
59378 1133
59394 1134
59400 1135
59466 1136
59467 1137
59467 1138
59467 1139
59477 1140
59479 1141
59495 1142
59602 1143
59606 1144
59687 1145
59701 1146
59702 1147
59708 1148
59712 1149
59715 1150
59739 1151
59739 1152
59745 1153
59749 1154
59751 1155
59756 1156
59758 1157
59822 1158
59823 1159
59823 1160
59823 1161
59825 1162
59826 1163
59826 1164
59826 1165
59827 1166
59827 1167
59827 1168
59827 1169
59827 1170
59827 1171
59828 1172
59829 1173
59831 1174
59882 1175
59886 1176
59894 1177
59929 1178
59946 1179
59953 1180
59953 1181
59957 1182
59957 1183
59964 1184
59965 1185
59968 1186
59969 1187
59970 1188
59971 1189
59972 1190
59976 1191
59977 1192
59978 1193
59988 1194
59988 1195
59989 1196
59990 1197
59996 1198
59996 1199
60111 1200
60114 1201
60117 1202
60119 1203
60125 1204
60228 1205
60305 1206
60316 1207
60319 1208
60320 1209
60320 1210
60322 1211
60322 1212
60326 1213
60328 1214
60328 1215
60333 1216
60334 1217
60335 1218
60338 1219
60345 1220
60362 1221
60398 1222
60454 1223
60454 1224
60462 1225
60464 1226
60470 1227
60496 1228
60497 1229
60504 1230
60504 1231
60508 1232
60509 1233
60510 1234
60511 1235
60518 1236
60527 1237
60535 1238
60535 1239
60537 1240
60586 1241
60593 1242
60629 1243
60633 1244
60638 1245
60643 1246
60648 1247
60685 1248
60686 1249
60689 1250
60695 1251
60803 1252
60816 1253
60818 1254
60818 1255
60826 1256
60832 1257
60836 1258
60837 1259
60867 1260
60867 1261
60869 1262
60873 1263
60873 1264
60874 1265
60874 1266
60874 1267
60874 1268
60874 1269
60876 1270
60876 1271
60876 1272
60877 1273
60877 1274
60878 1275
60879 1276
60879 1277
60880 1278
60880 1279
60881 1280
60886 1281
60886 1282
60908 1283
60938 1284
60950 1285
60967 1286
61004 1287
61004 1288
61053 1289
61106 1290
61109 1291
61110 1292
61110 1293
61118 1294
61136 1295
61138 1296
61140 1297
61143 1298
61146 1299
61147 1300
61148 1301
61149 1302
61149 1303
61150 1304
61150 1305
61151 1306
61151 1307
61156 1308
61170 1309
61230 1310
61244 1311
61245 1312
61266 1313
61275 1314
61276 1315
61281 1316
61284 1317
61286 1318
61287 1319
61288 1320
61293 1321
61363 1322
61366 1323
61370 1324
61388 1325
61395 1326
61404 1327
61404 1328
61405 1329
61406 1330
61408 1331
61410 1332
61410 1333
61410 1334
61410 1335
61412 1336
61414 1337
61420 1338
61468 1339
61476 1340
61478 1341
61478 1342
61478 1343
61481 1344
61482 1345
61484 1346
61486 1347
61489 1348
61573 1349
61637 1350
61638 1351
61638 1352
61638 1353
61638 1354
61638 1355
61638 1356
61638 1357
61639 1358
61640 1359
61642 1360
61643 1361
61643 1362
61647 1363
61648 1364
61657 1365
61658 1366
61658 1367
61659 1368
61659 1369
61660 1370
61660 1371
61660 1372
61665 1373
61681 1374
61762 1375
61765 1376
61767 1377
61768 1378
61770 1379
61772 1380
61772 1381
61774 1382
61775 1383
61779 1384
61787 1385
61787 1386
61818 1387
61842 1388
61843 1389
61844 1390
61855 1391
61867 1392
61886 1393
61887 1394
61887 1395
61889 1396
61893 1397
61894 1398
61965 1399
61970 1400
61971 1401
62013 1402
62013 1403
62014 1404
62016 1405
62018 1406
62018 1407
62018 1408
62018 1409
62018 1410
62019 1411
62019 1412
62022 1413
62023 1414
62023 1415
62025 1416
62025 1417
62026 1418
62026 1419
62029 1420
62047 1421
62110 1422
62110 1423
62113 1424
62118 1425
62119 1426
62120 1427
62123 1428
62136 1429
62175 1430
62230 1431
62231 1432
62234 1433
62236 1434
62240 1435
62241 1436
62241 1437
62246 1438
62317 1439
62320 1440
62321 1441
62324 1442
62325 1443
62325 1444
62326 1445
62328 1446
62330 1447
62332 1448
62374 1449
62376 1450
62378 1451
62384 1452
62386 1453
62386 1454
62386 1455
62386 1456
62446 1457
62447 1458
62459 1459
62469 1460
62469 1461
62469 1462
62474 1463
62475 1464
62478 1465
62478 1466
62479 1467
62481 1468
62482 1469
62486 1470
62496 1471
62497 1472
62565 1473
62572 1474
62575 1475
62585 1476
62618 1477
62619 1478
62621 1479
62624 1480
62628 1481
62628 1482
62630 1483
62634 1484
62635 1485
62635 1486
62640 1487
62641 1488
62644 1489
62648 1490
62684 1491
62685 1492
62701 1493
62701 1494
62702 1495
62714 1496
62716 1497
62761 1498
62841 1499
62879 1500
62880 1501
62951 1502
62961 1503
62978 1504
62988 1505
62989 1506
62989 1507
63000 1508
63002 1509
63004 1510
63079 1511
63080 1512
63086 1513
63093 1514
63250 1515
63253 1516
63254 1517
63254 1518
63256 1519
63260 1520
63265 1521
63444 1522
63449 1523
63451 1524
63513 1525
63524 1526
63524 1527
63654 1528
63656 1529
63663 1530
63757 1531
63760 1532
63923 1533
63923 1534
63926 1535
63929 1536
63937 1537
64168 1538
139102 1539
140295 1540
140298 1541
140299 1542
140299 1543
140299 1544
140301 1545
140302 1546
140304 1547
140307 1548
140309 1549
140310 1550
140587 1551
140587 1552
140588 1553
140590 1554
140592 1555
140599 1556
140634 1557
140693 1558
140702 1559
140706 1560
140707 1561
140708 1562
140903 1563
140904 1564
140907 1565
140907 1566
140907 1567
140907 1568
141003 1569
141011 1570
141012 1571
141071 1572
141085 1573
141161 1574
141165 1575
141169 1576
141172 1577
141175 1578
141287 1579
141288 1580
141288 1581
141288 1582
141288 1583
141288 1584
141288 1585
141289 1586
141289 1587
141289 1588
141289 1589
141343 1590
141345 1591
141352 1592
141428 1593
141713 1594
141715 1595
141720 1596
141722 1597
141726 1598
141763 1599
141767 1600
141770 1601
141773 1602
141775 1603
141776 1604
141777 1605
141777 1606
141849 1607
141852 1608
141857 1609
141859 1610
141862 1611
141873 1612
141964 1613
142410 1614
142410 1615
142413 1616
142420 1617
142490 1618
142568 1619
142580 1620
142897 1621
142904 1622
142927 1623
143272 1624
145659 1625
145659 1626
146411 1627
146412 1628
146412 1629
146412 1630
146412 1631
146412 1632
146412 1633
146412 1634
146412 1635
146413 1636
146413 1637
146413 1638
146413 1639
146413 1640
146413 1641
146414 1642
146419 1643
146421 1644
146425 1645
146702 1646
146710 1647
146795 1648
146795 1649
146821 1650
146821 1651
146824 1652
146828 1653
146831 1654
146836 1655
146879 1656
146884 1657
146890 1658
146921 1659
146931 1660
147071 1661
147076 1662
147081 1663
147255 1664
147264 1665
147384 1666
147495 1667
147512 1668
147513 1669
147515 1670
147518 1671
147521 1672
147526 1673
147560 1674
147567 1675
147571 1676
147574 1677
147618 1678
147647 1679
147841 1680
147853 1681
147858 1682
147988 1683
147990 1684
147992 1685
148001 1686
148002 1687
148072 1688
148119 1689
148121 1690
148145 1691
148151 1692
148196 1693
148200 1694
148204 1695
148206 1696
148207 1697
148208 1698
148214 1699
148284 1700
148307 1701
148326 1702
148334 1703
148334 1704
148338 1705
148338 1706
148339 1707
148346 1708
148350 1709
148351 1710
148352 1711
148353 1712
148354 1713
148354 1714
148356 1715
148357 1716
148357 1717
148357 1718
148363 1719
148364 1720
148365 1721
148366 1722
148369 1723
148374 1724
148638 1725
148649 1726
148781 1727
148781 1728
148921 1729
148925 1730
148929 1731
148930 1732
148943 1733
148948 1734
148969 1735
148971 1736
148972 1737
148972 1738
148973 1739
148974 1740
148974 1741
148976 1742
148977 1743
148978 1744
148978 1745
148980 1746
148983 1747
149052 1748
149056 1749
149066 1750
149068 1751
149071 1752
149138 1753
149205 1754
149260 1755
149262 1756
149268 1757
149273 1758
149410 1759
149416 1760
149418 1761
149421 1762
149422 1763
149423 1764
149439 1765
149448 1766
149551 1767
149647 1768
149651 1769
149657 1770
149657 1771
149658 1772
149658 1773
149659 1774
149661 1775
149661 1776
149662 1777
149662 1778
149662 1779
149663 1780
149664 1781
149665 1782
149665 1783
149666 1784
149667 1785
149668 1786
149669 1787
149675 1788
149691 1789
149722 1790
149723 1791
149726 1792
149728 1793
149735 1794
149845 1795
149848 1796
149850 1797
149851 1798
149851 1799
149851 1800
149862 1801
149939 1802
149939 1803
149939 1804
149939 1805
149944 1806
149944 1807
149948 1808
149950 1809
149951 1810
150022 1811
150023 1812
150023 1813
150026 1814
150044 1815
150047 1816
150056 1817
150078 1818
150079 1819
150079 1820
150083 1821
150085 1822
150085 1823
150089 1824
150092 1825
150092 1826
150094 1827
150094 1828
150101 1829
150103 1830
150104 1831
150104 1832
150181 1833
150187 1834
150187 1835
150198 1836
150283 1837
150291 1838
150302 1839
150302 1840
150303 1841
150305 1842
150310 1843
150311 1844
150316 1845
150329 1846
150382 1847
150382 1848
150384 1849
150387 1850
150387 1851
150420 1852
150424 1853
150435 1854
150437 1855
150440 1856
150440 1857
150442 1858
150443 1859
150444 1860
150444 1861
150446 1862
150447 1863
150447 1864
150451 1865
150456 1866
150514 1867
150514 1868
150548 1869
150548 1870
150548 1871
150553 1872
150554 1873
150557 1874
150563 1875
150565 1876
150565 1877
150573 1878
150578 1879
150579 1880
150581 1881
150581 1882
150583 1883
150584 1884
150585 1885
150627 1886
150627 1887
150627 1888
150677 1889
150781 1890
150788 1891
150793 1892
150819 1893
150835 1894
150844 1895
150872 1896
150968 1897
151080 1898
151336 1899
176855 1900
177265 1901
177274 1902
177278 1903
177638 1904
177645 1905
177651 1906
178003 1907
178009 1908
178013 1909
178143 1910
178144 1911
178144 1912
178145 1913
178148 1914
178150 1915
178150 1916
178151 1917
178152 1918
178152 1919
178152 1920
178153 1921
178153 1922
178156 1923
178158 1924
178329 1925
178329 1926
178329 1927
178331 1928
178331 1929
178332 1930
178332 1931
178333 1932
178333 1933
178334 1934
178334 1935
178334 1936
178336 1937
178337 1938
178338 1939
178339 1940
178340 1941
178341 1942
178342 1943
178343 1944
178343 1945
178367 1946
178368 1947
178375 1948
178378 1949
178521 1950
178526 1951
178526 1952
178535 1953
178535 1954
178622 1955
178622 1956
178633 1957
178703 1958
178811 1959
178812 1960
178817 1961
178819 1962
178819 1963
178821 1964
178822 1965
178823 1966
178824 1967
178878 1968
178886 1969
178889 1970
178894 1971
178900 1972
178900 1973
178900 1974
178902 1975
178902 1976
178903 1977
178903 1978
178904 1979
178906 1980
178913 1981
178914 1982
178944 1983
178946 1984
178947 1985
178948 1986
178949 1987
178953 1988
178953 1989
178953 1990
178953 1991
178956 1992
178957 1993
178958 1994
178959 1995
178963 1996
178964 1997
178967 1998
178967 1999
178967 2000
178968 2001
178972 2002
178977 2003
178981 2004
179008 2005
179008 2006
179027 2007
179088 2008
179111 2009
179118 2010
179119 2011
179119 2012
179126 2013
179128 2014
179129 2015
179129 2016
179129 2017
179130 2018
179133 2019
179133 2020
179164 2021
179271 2022
179271 2023
179276 2024
179283 2025
179315 2026
179327 2027
179343 2028
179411 2029
179411 2030
179412 2031
179413 2032
179413 2033
179414 2034
179419 2035
179419 2036
179420 2037
179420 2038
179422 2039
179422 2040
179423 2041
179424 2042
179424 2043
179425 2044
179426 2045
179426 2046
179427 2047
179428 2048
179434 2049
179434 2050
179437 2051
179484 2052
179495 2053
179495 2054
179495 2055
179496 2056
179497 2057
179498 2058
179501 2059
179503 2060
179506 2061
179506 2062
179506 2063
179507 2064
179507 2065
179508 2066
179511 2067
179513 2068
179522 2069
179522 2070
179547 2071
179580 2072
179580 2073
179580 2074
179581 2075
179584 2076
179595 2077
179606 2078
179639 2079
179643 2080
179687 2081
179694 2082
179720 2083
179721 2084
179739 2085
179739 2086
179740 2087
179740 2088
179765 2089
179766 2090
179769 2091
179769 2092
179776 2093
179777 2094
179778 2095
179780 2096
179781 2097
179794 2098
179794 2099
179808 2100
179819 2101
179820 2102
179820 2103
179820 2104
179825 2105
179827 2106
179827 2107
179827 2108
179828 2109
179828 2110
179828 2111
179888 2112
179896 2113
179957 2114
179958 2115
179959 2116
179961 2117
179964 2118
179965 2119
179965 2120
179967 2121
179969 2122
179970 2123
179971 2124
180027 2125
180038 2126
180058 2127
180065 2128
180080 2129
180098 2130
180100 2131
180108 2132
180207 2133
180343 2134
180426 2135
180430 2136
