56536 1
56856 2
56861 3
57338 4
57431 5
57615 6
57731 7
57748 8
57754 9
57755 10
58078 11
58116 12
58381 13
58384 14
58419 15
58693 16
58698 17
58703 18
58706 19
58706 20
58744 21
58745 22
58785 23
58940 24
58942 25
59050 26
59052 27
59052 28
59053 29
59055 30
59191 31
59191 32
59205 33
59233 34
59244 35
59277 36
59302 37
59420 38
59424 39
59436 40
59437 41
59437 42
59437 43
59441 44
59445 45
59449 46
59451 47
59454 48
59456 49
59456 50
59457 51
59458 52
59463 53
59463 54
59464 55
59514 56
59600 57
59616 58
59644 59
59656 60
59674 61
59676 62
59684 63
59685 64
59688 65
59689 66
59732 67
59738 68
59740 69
59741 70
59819 71
59821 72
59872 73
59872 74
59876 75
59878 76
59880 77
59940 78
59946 79
59953 80
59955 81
59957 82
59957 83
59958 84
59980 85
60020 86
60026 87
60046 88
60047 89
60073 90
60089 91
60108 92
60110 93
60115 94
60127 95
60131 96
60132 97
60132 98
60133 99
60134 100
60137 101
60137 102
60140 103
60146 104
60150 105
60150 106
60159 107
60199 108
60204 109
60206 110
60206 111
60210 112
60211 113
60214 114
60217 115
60236 116
60244 117
60249 118
60262 119
60266 120
60301 121
60307 122
60314 123
60316 124
60334 125
60339 126
60340 127
60340 128
60341 129
60345 130
60347 131
60352 132
60359 133
60359 134
60360 135
60364 136
60364 137
60420 138
60421 139
60421 140
60421 141
60423 142
60488 143
60506 144
60513 145
60523 146
60526 147
60571 148
60574 149
60619 150
60624 151
60625 152
60640 153
60642 154
60693 155
60694 156
60694 157
60694 158
60694 159
60713 160
60713 161
60725 162
60747 163
60753 164
60753 165
60754 166
60759 167
60760 168
60760 169
60760 170
60794 171
60801 172
60819 173
60823 174
60871 175
60922 176
60922 177
60924 178
60932 179
60944 180
60956 181
61062 182
61073 183
61134 184
61134 185
61135 186
61136 187
61138 188
61141 189
61144 190
61145 191
61155 192
61173 193
61176 194
61188 195
61193 196
61195 197
61200 198
61204 199
61208 200
61268 201
61324 202
61324 203
61349 204
61503 205
61565 206
61567 207
61569 208
61570 209
61575 210
61612 211
61614 212
61616 213
61618 214
61623 215
61624 216
61643 217
61647 218
61650 219
61666 220
61762 221
61838 222
61847 223
61850 224
61867 225
61868 226
61870 227
61878 228
61919 229
61920 230
61923 231
62021 232
62074 233
62076 234
62080 235
62201 236
62284 237
62286 238
62286 239
62327 240
62434 241
62434 242
62445 243
62511 244
62570 245
62617 246
62629 247
62650 248
62651 249
62676 250
62677 251
62677 252
62679 253
62690 254
62734 255
62734 256
62737 257
62739 258
62739 259
62741 260
62861 261
63068 262
63091 263
63093 264
63099 265
63128 266
63129 267
63172 268
63275 269
63365 270
63365 271
63480 272
63592 273
63592 274
63604 275
63605 276
63626 277
63648 278
63663 279
63677 280
63732 281
63733 282
63748 283
63748 284
63749 285
63756 286
63762 287
63928 288
63956 289
64120 290
64152 291
64152 292
64153 293
64230 294
64260 295
64272 296
64276 297
64315 298
64321 299
64371 300
64417 301
64450 302
64450 303
64496 304
64501 305
64588 306
64589 307
64589 308
64596 309
64597 310
64628 311
64655 312
64740 313
64792 314
64812 315
64924 316
64928 317
64956 318
65052 319
65053 320
65057 321
65082 322
65083 323
65089 324
65091 325
65093 326
65106 327
65146 328
65148 329
65152 330
65153 331
65155 332
65242 333
65255 334
65288 335
65424 336
65425 337
65518 338
65518 339
65519 340
65526 341
65609 342
65610 343
65616 344
65684 345
65685 346
65961 347
65967 348
65994 349
66011 350
66084 351
66143 352
66178 353
66247 354
66250 355
66270 356
66312 357
66339 358
66457 359
66615 360
66617 361
66627 362
66627 363
66644 364
66645 365
66675 366
66768 367
66824 368
66876 369
66877 370
66996 371
67006 372
67011 373
67014 374
67059 375
67081 376
67082 377
67084 378
67086 379
67115 380
67316 381
67320 382
67320 383
67328 384
67332 385
67332 386
67374 387
67600 388
67604 389
67664 390
67780 391
67826 392
67827 393
67966 394
67974 395
67974 396
67980 397
68032 398
68032 399
68036 400
68039 401
68044 402
68045 403
68067 404
68068 405
68129 406
68132 407
68139 408
68321 409
68322 410
68348 411
68428 412
68502 413
68509 414
68527 415
68542 416
68785 417
68991 418
69134 419
69537 420
69833 421
70652 422
92863 423
93186 424
93189 425
93590 426
93590 427
93590 428
93590 429
93590 430
93591 431
93693 432
93693 433
93693 434
93745 435
94013 436
94203 437
94569 438
94793 439
94797 440
94797 441
94926 442
94981 443
94981 444
95053 445
95136 446
95145 447
95236 448
95321 449
95606 450
95609 451
95618 452
95817 453
95901 454
95947 455
95951 456
95951 457
95956 458
95961 459
96023 460
96038 461
96078 462
96089 463
96090 464
96113 465
96113 466
96273 467
96335 468
96446 469
96497 470
96761 471
96767 472
96833 473
96833 474
96961 475
96976 476
96981 477
96981 478
96999 479
97037 480
97039 481
97041 482
97144 483
97169 484
97169 485
97229 486
97229 487
97237 488
97238 489
97308 490
97524 491
97529 492
97536 493
97537 494
97558 495
97606 496
97609 497
97704 498
97708 499
97709 500
97761 501
97761 502
97814 503
97815 504
97898 505
97937 506
97941 507
97941 508
97946 509
98027 510
98072 511
98145 512
98177 513
98199 514
98202 515
98205 516
98211 517
98312 518
98351 519
98352 520
98357 521
98358 522
98359 523
98362 524
98454 525
98572 526
98580 527
98586 528
98643 529
98686 530
98744 531
98788 532
98788 533
98797 534
98801 535
98803 536
98872 537
99013 538
99036 539
99091 540
99184 541
99186 542
99217 543
99217 544
99221 545
99223 546
99289 547
99421 548
99494 549
99500 550
99504 551
99545 552
99570 553
99673 554
99682 555
99771 556
99775 557
99784 558
99806 559
99809 560
99810 561
99817 562
99908 563
99914 564
99946 565
100037 566
100162 567
100172 568
100178 569
100253 570
100259 571
100260 572
100377 573
100394 574
100552 575
100559 576
100560 577
100560 578
100585 579
100673 580
100680 581
100801 582
100801 583
100805 584
100805 585
100805 586
100841 587
100922 588
100977 589
100992 590
101076 591
101079 592
101080 593
101086 594
101097 595
101098 596
101102 597
101197 598
101197 599
101197 600
101204 601
101271 602
101273 603
101274 604
101283 605
101293 606
101309 607
101309 608
101324 609
101431 610
101434 611
101441 612
101444 613
101447 614
101454 615
101468 616
101549 617
101553 618
101561 619
101568 620
101569 621
101576 622
101577 623
101578 624
101581 625
101601 626
101618 627
101621 628
101624 629
101671 630
101728 631
101733 632
101734 633
101765 634
101765 635
101773 636
101773 637
101803 638
101816 639
101817 640
101914 641
101935 642
101950 643
101956 644
101957 645
101958 646
101960 647
101980 648
101982 649
101985 650
101986 651
101987 652
101988 653
101988 654
101988 655
101991 656
101994 657
101998 658
102068 659
102132 660
102179 661
102181 662
102183 663
102185 664
102190 665
102194 666
102211 667
102215 668
102220 669
102248 670
102356 671
102443 672
102502 673
102561 674
102586 675
102766 676
102799 677
102799 678
102799 679
102799 680
102955 681
103009 682
103022 683
103023 684
103023 685
103136 686
103150 687
103151 688
103158 689
103184 690
103188 691
103209 692
103287 693
103290 694
103343 695
103343 696
103406 697
103463 698
103489 699
103524 700
103658 701
103711 702
103714 703
103716 704
103822 705
103836 706
103837 707
103848 708
103851 709
103859 710
103919 711
103953 712
104068 713
104130 714
104134 715
104153 716
104249 717
104257 718
104320 719
104441 720
104449 721
104504 722
104514 723
104520 724
104779 725
104798 726
104893 727
104940 728
104941 729
104941 730
104957 731
105038 732
105060 733
105060 734
105062 735
105062 736
105062 737
105063 738
105064 739
105065 740
105068 741
105071 742
105072 743
105077 744
105097 745
105097 746
105115 747
105123 748
105292 749
105295 750
105307 751
105313 752
105378 753
105380 754
105380 755
105497 756
105497 757
105514 758
105515 759
105516 760
105575 761
105575 762
105580 763
105587 764
105654 765
105673 766
105674 767
105677 768
105755 769
105779 770
106004 771
106004 772
106006 773
106009 774
106040 775
106040 776
106084 777
106086 778
106105 779
106126 780
106132 781
106146 782
106170 783
106326 784
106383 785
106386 786
106391 787
106395 788
106417 789
106432 790
106453 791
106481 792
106481 793
106529 794
106734 795
106761 796
106782 797
106802 798
106829 799
106857 800
106857 801
106857 802
107013 803
107031 804
107038 805
107045 806
107105 807
107109 808
107125 809
107177 810
107268 811
107397 812
107403 813
107539 814
107593 815
107632 816
107645 817
107645 818
107653 819
107745 820
108092 821
108095 822
108097 823
108103 824
108104 825
108164 826
108165 827
108166 828
108415 829
108475 830
108574 831
108578 832
108578 833
108578 834
108580 835
108617 836
108620 837
108622 838
108625 839
108626 840
108645 841
108696 842
108697 843
108702 844
108702 845
108733 846
108733 847
109062 848
109065 849
109069 850
109073 851
109090 852
109100 853
109105 854
109137 855
109138 856
109193 857
109351 858
109372 859
109376 860
109441 861
109442 862
109554 863
109565 864
109606 865
109645 866
109656 867
109660 868
109677 869
109758 870
109893 871
109895 872
109896 873
109898 874
109906 875
109907 876
110213 877
110220 878
110274 879
110305 880
110310 881
110342 882
110385 883
110552 884
110601 885
110603 886
110633 887
110638 888
110638 889
110638 890
110647 891
110730 892
110857 893
110859 894
110866 895
110870 896
110870 897
110877 898
110885 899
111039 900
111090 901
111090 902
111101 903
111105 904
111105 905
111169 906
111173 907
111174 908
111174 909
111176 910
111178 911
111253 912
111513 913
111524 914
111597 915
111691 916
111697 917
111761 918
111830 919
111833 920
111982 921
112018 922
112071 923
112098 924
112148 925
112171 926
112235 927
112256 928
112490 929
112620 930
112624 931
112626 932
112758 933
112760 934
112764 935
112769 936
112770 937
112918 938
112982 939
113121 940
113157 941
113179 942
113182 943
113456 944
113535 945
113696 946
113701 947
113841 948
113910 949
114190 950
114194 951
114194 952
114199 953
114199 954
114208 955
114269 956
114301 957
114357 958
114507 959
114570 960
114572 961
114573 962
114573 963
114579 964
114583 965
114588 966
114589 967
114679 968
114685 969
114917 970
115040 971
170006 972
171098 973
171462 974
172031 975
172602 976
172603 977
172961 978
173059 979
173250 980
173250 981
173329 982
173577 983
173577 984
173592 985
174198 986
174198 987
174198 988
174375 989
174379 990
174379 991
174381 992
174385 993
174393 994
174521 995
174526 996
174527 997
174527 998
174566 999
174608 1000
174758 1001
174782 1002
174782 1003
174782 1004
174782 1005
174786 1006
174842 1007
175005 1008
175022 1009
175074 1010
175074 1011
175375 1012
175381 1013
175387 1014
175391 1015
175394 1016
175500 1017
175779 1018
175901 1019
176110 1020
176166 1021
176251 1022
176284 1023
176335 1024
176487 1025
176494 1026
176907 1027
176911 1028
176916 1029
176937 1030
176988 1031
176993 1032
176996 1033
177041 1034
177213 1035
177319 1036
177370 1037
177401 1038
177402 1039
177631 1040
177633 1041
177634 1042
177795 1043
177985 1044
178414 1045
178892 1046
179869 1047
179911 1048
179915 1049
179915 1050
180378 1051
180701 1052
181018 1053
181514 1054
181839 1055
181839 1056
181841 1057
183974 1058
190778 1059
191642 1060
192015 1061
192909 1062
192919 1063
193002 1064
193012 1065
193119 1066
193765 1067
193861 1068
193966 1069
194164 1070
194294 1071
194294 1072
194304 1073
194506 1074
194506 1075
194510 1076
194625 1077
194636 1078
194666 1079
194673 1080
194677 1081
194677 1082
194678 1083
194678 1084
194678 1085
194777 1086
194783 1087
194866 1088
194875 1089
194875 1090
194876 1091
194876 1092
194876 1093
194878 1094
194878 1095
