6810 1
7502 2
7506 3
7509 4
7963 5
8209 6
8683 7
8722 8
9061 9
9166 10
12330 11
12879 12
42535 13
43087 14
43452 15
43457 16
43459 17
43776 18
44144 19
44148 20
44211 21
44214 22
44214 23
44216 24
44216 25
44218 26
44221 27
44319 28
44412 29
44559 30
44587 31
44630 32
44631 33
44632 34
44854 35
44859 36
44865 37
44868 38
44873 39
44901 40
44938 41
44991 42
44992 43
45001 44
45067 45
45074 46
45116 47
45142 48
45210 49
45211 50
45398 51
45446 52
45536 53
45549 54
45684 55
45687 56
45688 57
45690 58
45697 59
45760 60
45761 61
45764 62
45858 63
45886 64
45897 65
45914 66
45918 67
45994 68
46242 69
46326 70
46331 71
46335 72
46336 73
46336 74
46428 75
46438 76
46454 77
46486 78
46571 79
46593 80
46647 81
46660 82
46697 83
46699 84
46781 85
46822 86
46830 87
46832 88
46878 89
46883 90
46895 91
46906 92
46959 93
47007 94
47072 95
47084 96
47086 97
47087 98
47134 99
47188 100
47215 101
47307 102
47380 103
47383 104
47415 105
47416 106
47436 107
47491 108
47611 109
47622 110
47627 111
47634 112
47683 113
47684 114
47703 115
47704 116
47704 117
47752 118
47831 119
47841 120
47915 121
47916 122
47916 123
47919 124
47920 125
48091 126
48132 127
48253 128
48258 129
48275 130
48276 131
48327 132
48455 133
48456 134
48508 135
48532 136
48535 137
48538 138
48540 139
48543 140
48544 141
48544 142
48549 143
48585 144
48585 145
48594 146
48597 147
48599 148
48763 149
48911 150
48923 151
48955 152
49061 153
49071 154
49075 155
49215 156
49223 157
49227 158
49231 159
49232 160
49233 161
49233 162
49315 163
49343 164
49449 165
49512 166
49512 167
49512 168
49543 169
49548 170
49599 171
49663 172
49718 173
49731 174
49776 175
49797 176
49835 177
49980 178
49980 179
49980 180
49980 181
50019 182
50020 183
50035 184
50039 185
50044 186
50047 187
50103 188
50110 189
50166 190
50346 191
50427 192
50529 193
50580 194
50590 195
50711 196
50712 197
50801 198
50843 199
50844 200
50851 201
50868 202
50993 203
51085 204
51086 205
51090 206
51152 207
51220 208
51235 209
51236 210
51239 211
51240 212
51243 213
51245 214
51247 215
51247 216
51248 217
51252 218
51433 219
51471 220
51472 221
51509 222
51525 223
51528 224
51590 225
51591 226
51592 227
51665 228
51666 229
51761 230
51787 231
51868 232
52231 233
52265 234
52278 235
52279 236
52281 237
52282 238
52284 239
52288 240
52294 241
52296 242
52298 243
52300 244
52384 245
52444 246
52539 247
52542 248
52552 249
52596 250
52596 251
52596 252
52611 253
52697 254
52702 255
52704 256
52995 257
53011 258
53014 259
53015 260
53029 261
53036 262
53045 263
53046 264
53047 265
53047 266
53048 267
53052 268
53132 269
53257 270
53257 271
53263 272
53266 273
53288 274
53323 275
53332 276
53428 277
53453 278
53460 279
53460 280
53462 281
53462 282
53531 283
53533 284
53635 285
53741 286
53749 287
53752 288
53816 289
53997 290
54073 291
54074 292
54076 293
54143 294
54144 295
54147 296
54150 297
54157 298
54162 299
54199 300
54208 301
54243 302
54248 303
54258 304
54262 305
54296 306
54304 307
54376 308
54513 309
54531 310
54533 311
54537 312
54537 313
54538 314
54557 315
54559 316
54564 317
54622 318
54627 319
54651 320
54677 321
54685 322
54686 323
54687 324
54688 325
54689 326
54787 327
54787 328
54791 329
54792 330
54792 331
54797 332
54799 333
54820 334
54823 335
54828 336
54932 337
54935 338
54935 339
55012 340
55020 341
55020 342
55020 343
55061 344
55066 345
55117 346
55117 347
55126 348
55127 349
55163 350
55164 351
55168 352
55328 353
55332 354
55366 355
55371 356
55408 357
55476 358
55486 359
55489 360
55496 361
55499 362
55500 363
55500 364
55504 365
55507 366
55596 367
55599 368
55677 369
55762 370
55763 371
55771 372
55846 373
55888 374
55912 375
55955 376
55994 377
55996 378
55996 379
56000 380
56181 381
56182 382
56183 383
56240 384
56250 385
56294 386
56405 387
56548 388
56553 389
56686 390
56838 391
56870 392
57059 393
57073 394
57100 395
57101 396
57107 397
57295 398
57444 399
57458 400
57460 401
57890 402
57919 403
57924 404
57948 405
57957 406
58287 407
58289 408
58398 409
58403 410
58405 411
58410 412
58479 413
58592 414
58654 415
58713 416
58741 417
58750 418
58840 419
59020 420
59073 421
59176 422
59176 423
59176 424
59176 425
59444 426
59444 427
59524 428
59572 429
59628 430
59755 431
59764 432
59768 433
59887 434
59980 435
59980 436
59981 437
59981 438
59981 439
60048 440
60136 441
60152 442
60152 443
60362 444
60516 445
60516 446
60652 447
60652 448
60657 449
60660 450
60667 451
61221 452
61228 453
61228 454
61420 455
61428 456
61531 457
61694 458
61696 459
62191 460
62193 461
62202 462
62315 463
62573 464
62610 465
62800 466
62806 467
62839 468
62849 469
62891 470
62896 471
63358 472
63369 473
63556 474
63563 475
63663 476
63669 477
63675 478
63676 479
63676 480
63678 481
63679 482
64057 483
64063 484
64071 485
64204 486
64292 487
64399 488
64513 489
64526 490
64531 491
64710 492
64712 493
64725 494
64729 495
64730 496
64736 497
64736 498
64740 499
64964 500
64989 501
64993 502
65214 503
65316 504
65333 505
65400 506
65458 507
65476 508
65485 509
65553 510
65556 511
65556 512
65612 513
65691 514
65772 515
65808 516
65816 517
65844 518
65844 519
65865 520
66032 521
66032 522
66128 523
66128 524
66128 525
66141 526
66212 527
66212 528
66214 529
66228 530
66228 531
66228 532
66243 533
66353 534
66357 535
66373 536
66552 537
66592 538
66610 539
66669 540
66673 541
66674 542
66677 543
66793 544
66797 545
66821 546
67001 547
67001 548
67001 549
67119 550
67189 551
67309 552
67310 553
67312 554
67349 555
67358 556
67367 557
67368 558
67375 559
67740 560
67746 561
67920 562
67920 563
67920 564
67931 565
67990 566
67990 567
68020 568
68020 569
68027 570
68032 571
68047 572
68055 573
68115 574
68199 575
68274 576
68276 577
68284 578
68348 579
68559 580
68656 581
68715 582
68944 583
68944 584
69007 585
69012 586
69058 587
69117 588
69117 589
69117 590
69117 591
69127 592
69127 593
69128 594
69443 595
69446 596
69451 597
69451 598
69453 599
69584 600
69584 601
69700 602
69796 603
69796 604
69796 605
69800 606
69837 607
69960 608
69961 609
69961 610
69963 611
69975 612
70056 613
70144 614
70177 615
70177 616
70177 617
70177 618
70177 619
70184 620
70296 621
70371 622
70464 623
70476 624
70476 625
70476 626
70480 627
70547 628
70549 629
70558 630
70595 631
70605 632
70610 633
70701 634
70712 635
70712 636
70811 637
70814 638
70822 639
70967 640
70967 641
70987 642
71061 643
71068 644
71068 645
71073 646
71085 647
71085 648
71167 649
71248 650
71248 651
71254 652
71260 653
71270 654
71310 655
71316 656
71317 657
71321 658
71321 659
71432 660
71535 661
71539 662
71559 663
71575 664
71578 665
71584 666
71586 667
71589 668
71783 669
71786 670
71883 671
71959 672
71976 673
71976 674
71976 675
71990 676
72048 677
72100 678
72102 679
72271 680
72354 681
72459 682
72467 683
72468 684
72473 685
72474 686
72475 687
72481 688
72484 689
72484 690
72783 691
72784 692
72785 693
72843 694
72952 695
73020 696
73028 697
73057 698
73107 699
73133 700
73149 701
73182 702
73273 703
73274 704
73284 705
73324 706
73481 707
73483 708
73668 709
73676 710
73700 711
73700 712
73705 713
73720 714
73730 715
73768 716
73771 717
73776 718
73827 719
74052 720
74080 721
74080 722
74168 723
74197 724
74369 725
74375 726
74599 727
74601 728
74602 729
74636 730
74720 731
74721 732
74847 733
74871 734
75263 735
75311 736
75318 737
75319 738
75322 739
75404 740
75477 741
75484 742
75485 743
75487 744
75682 745
75784 746
75788 747
75796 748
75972 749
76004 750
76007 751
76192 752
76193 753
76197 754
76200 755
76205 756
76387 757
76495 758
76746 759
76751 760
76754 761
77001 762
77175 763
77429 764
77445 765
77516 766
77652 767
77654 768
77659 769
77826 770
78022 771
78046 772
78130 773
78136 774
78573 775
78589 776
78612 777
79217 778
79275 779
79983 780
79988 781
79990 782
79990 783
80673 784
80683 785
85795 786
86417 787
86421 788
145557 789
146657 790
147082 791
159902 792
160197 793
160197 794
160197 795
160198 796
160200 797
160201 798
160208 799
160437 800
160441 801
160630 802
160905 803
160905 804
161033 805
161033 806
161159 807
161221 808
161221 809
161342 810
161553 811
161853 812
161853 813
161854 814
161900 815
161977 816
162215 817
162292 818
162587 819
162590 820
163035 821
163038 822
163043 823
163048 824
163049 825
163247 826
163248 827
163249 828
163253 829
163623 830
163624 831
163624 832
163717 833
163862 834
163872 835
163952 836
164104 837
164197 838
164260 839
164266 840
164500 841
164612 842
164623 843
164972 844
164975 845
164985 846
164985 847
164987 848
164994 849
165049 850
165137 851
165254 852
165353 853
165881 854
166261 855
170286 856
171379 857
171379 858
