5 1
51 2
267 3
267 4
498 5
516 6
534 7
543 8
633 9
700 10
837 11
841 12
845 13
868 14
972 15
972 16
972 17
1194 18
1277 19
1283 20
1288 21
1288 22
1455 23
1456 24
1462 25
1468 26
1548 27
1563 28
1643 29
1652 30
1717 31
1724 32
1726 33
1728 34
1728 35
1728 36
1756 37
1795 38
1816 39
1916 40
1931 41
2003 42
2006 43
2070 44
2077 45
2083 46
2224 47
2224 48
2224 49
2224 50
2256 51
2261 52
2261 53
2261 54
2261 55
2322 56
2456 57
2472 58
2472 59
2488 60
2530 61
2532 62
2636 63
2697 64
2708 65
2718 66
2752 67
2753 68
2760 69
2760 70
2766 71
2767 72
2789 73
2965 74
2965 75
2965 76
2965 77
2965 78
2993 79
3141 80
3143 81
3311 82
3314 83
3388 84
3392 85
3420 86
3436 87
3468 88
3548 89
3556 90
3564 91
3587 92
3588 93
3588 94
3588 95
3613 96
3687 97
3760 98
3760 99
3776 100
3777 101
3777 102
4020 103
4020 104
4020 105
4025 106
4027 107
4035 108
4158 109
4166 110
4215 111
4268 112
4281 113
4282 114
4282 115
4340 116
4420 117
4430 118
4437 119
4447 120
4447 121
4516 122
4524 123
4550 124
4708 125
4708 126
4708 127
4795 128
4984 129
5080 130
5132 131
5271 132
5314 133
5491 134
5666 135
5869 136
5870 137
5987 138
6304 139
6314 140
6374 141
6813 142
7140 143
7207 144
7207 145
7216 146
7362 147
7364 148
7368 149
7371 150
7523 151
7529 152
7566 153
7833 154
7833 155
7954 156
8047 157
8236 158
8242 159
8515 160
8547 161
8952 162
9304 163
9398 164
9591 165
9596 166
9692 167
9695 168
9695 169
9699 170
9701 171
9702 172
9954 173
9957 174
9959 175
10419 176
10475 177
10532 178
10538 179
10559 180
10662 181
10864 182
10979 183
10985 184
11071 185
11073 186
11079 187
11081 188
11327 189
11347 190
11771 191
11772 192
11974 193
11978 194
12083 195
12095 196
12096 197
12415 198
12589 199
13318 200
13323 201
13833 202
13841 203
22021 204
23316 205
36676 206
37588 207
37949 208
37960 209
38232 210
38233 211
38241 212
38317 213
38325 214
38650 215
38651 216
38651 217
38653 218
38660 219
38721 220
38820 221
38824 222
38896 223
38907 224
39157 225
39167 226
39175 227
39179 228
39353 229
39353 230
39359 231
39435 232
39439 233
39567 234
39751 235
39824 236
39827 237
39834 238
39837 239
39882 240
39985 241
39986 242
39988 243
39989 244
39989 245
39989 246
39994 247
39995 248
39996 249
39997 250
40004 251
40004 252
40004 253
40011 254
40022 255
40120 256
40188 257
40256 258
40280 259
40291 260
40316 261
40326 262
40353 263
40354 264
40354 265
40354 266
40457 267
40509 268
40520 269
40539 270
40544 271
40545 272
40545 273
40590 274
40653 275
40668 276
40668 277
40684 278
40749 279
40771 280
40781 281
40845 282
40928 283
40949 284
40956 285
40996 286
40999 287
41001 288
41004 289
41007 290
41008 291
41010 292
41011 293
41023 294
41029 295
41073 296
41140 297
41143 298
41144 299
41144 300
41145 301
41151 302
41329 303
41343 304
41344 305
41347 306
41356 307
41388 308
41401 309
41442 310
41512 311
41514 312
41588 313
41628 314
41628 315
41660 316
41704 317
41712 318
41713 319
41714 320
41719 321
41720 322
41728 323
41728 324
41763 325
41792 326
41864 327
41864 328
41866 329
41868 330
41875 331
41877 332
41902 333
41957 334
41977 335
41977 336
41978 337
42076 338
42077 339
42077 340
42089 341
42090 342
42091 343
42093 344
42285 345
42357 346
42365 347
42382 348
42390 349
42580 350
42617 351
42623 352
42637 353
42700 354
42736 355
42737 356
42737 357
42738 358
42741 359
42744 360
42750 361
42752 362
42781 363
42794 364
42838 365
42840 366
42841 367
42842 368
42848 369
42848 370
42961 371
43075 372
43162 373
43234 374
43240 375
43241 376
43244 377
43297 378
43299 379
43335 380
43346 381
43382 382
43492 383
43591 384
43676 385
43678 386
43678 387
43680 388
43681 389
43682 390
43683 391
43683 392
43689 393
43689 394
43807 395
43986 396
43992 397
44189 398
44192 399
44353 400
44359 401
44421 402
44469 403
44492 404
44520 405
44527 406
44531 407
44570 408
44573 409
44580 410
44580 411
44718 412
44875 413
44883 414
44884 415
44903 416
44909 417
44947 418
44954 419
44955 420
45094 421
45218 422
45273 423
45276 424
45278 425
45293 426
45296 427
45297 428
45297 429
45420 430
45422 431
45433 432
45456 433
45466 434
45544 435
45592 436
45596 437
45603 438
45640 439
45646 440
45775 441
45909 442
45996 443
46052 444
46120 445
46121 446
46218 447
46334 448
46341 449
46366 450
46417 451
46460 452
46480 453
46527 454
46537 455
46740 456
46741 457
46741 458
46741 459
46808 460
46809 461
46819 462
46953 463
46954 464
46954 465
46964 466
46988 467
47128 468
47192 469
47193 470
47248 471
47342 472
47342 473
47516 474
47540 475
47544 476
47545 477
47546 478
47552 479
47611 480
47648 481
47650 482
47653 483
47653 484
47656 485
47659 486
47659 487
47666 488
47780 489
47862 490
47974 491
47993 492
48001 493
48033 494
48198 495
48402 496
48412 497
48443 498
48452 499
48454 500
48509 501
48575 502
48577 503
48582 504
48583 505
48584 506
48704 507
48709 508
48711 509
48767 510
48820 511
48825 512
48829 513
48831 514
49083 515
49156 516
49160 517
49212 518
49221 519
49253 520
49265 521
49342 522
49382 523
49392 524
49400 525
49460 526
49488 527
49493 528
49578 529
49584 530
49584 531
49585 532
49592 533
49610 534
49612 535
49613 536
49622 537
49913 538
49914 539
49914 540
49954 541
49958 542
50048 543
50048 544
50070 545
50160 546
50161 547
50256 548
50257 549
50257 550
50264 551
50329 552
50420 553
50424 554
50436 555
50437 556
50437 557
50437 558
50437 559
50505 560
50544 561
50545 562
50640 563
50641 564
50641 565
50641 566
50641 567
50645 568
50729 569
50790 570
50792 571
50792 572
50793 573
50801 574
50889 575
50902 576
50902 577
51070 578
51100 579
51162 580
51376 581
51401 582
51594 583
51625 584
51631 585
51727 586
51823 587
51824 588
51831 589
51838 590
52017 591
52020 592
52020 593
52021 594
52022 595
52022 596
52023 597
52026 598
52096 599
52096 600
52102 601
52103 602
52149 603
52170 604
52272 605
52430 606
52467 607
52485 608
52554 609
52557 610
52564 611
52611 612
52628 613
52673 614
52674 615
52675 616
52678 617
52742 618
52748 619
52748 620
52749 621
52752 622
52753 623
52754 624
52754 625
52756 626
52806 627
52961 628
53090 629
53118 630
53207 631
53224 632
53235 633
53303 634
53382 635
53383 636
53383 637
53387 638
53438 639
53747 640
53751 641
53756 642
53758 643
53759 644
53765 645
53827 646
54069 647
54128 648
54134 649
54196 650
54305 651
54316 652
54422 653
54527 654
54961 655
54963 656
55025 657
55025 658
55025 659
55095 660
55178 661
55180 662
55208 663
55210 664
55398 665
55398 666
55398 667
55600 668
55604 669
55673 670
55681 671
55681 672
55989 673
55994 674
56025 675
56162 676
56163 677
56177 678
56393 679
56413 680
56413 681
56572 682
56576 683
56579 684
56661 685
56661 686
56661 687
56661 688
56910 689
57016 690
57169 691
57169 692
57209 693
57552 694
57594 695
57594 696
57594 697
57594 698
57594 699
57757 700
57757 701
57796 702
57865 703
57865 704
57865 705
57875 706
57877 707
58264 708
58276 709
58322 710
58882 711
59465 712
68646 713
68892 714
68900 715
68905 716
69405 717
69570 718
69600 719
70043 720
70046 721
70350 722
70359 723
70920 724
71160 725
71162 726
71461 727
104831 728
105271 729
105272 730
105747 731
106412 732
107832 733
107836 734
108214 735
108280 736
108300 737
120472 738
120833 739
121365 740
122107 741
122109 742
122112 743
122113 744
122115 745
122489 746
122675 747
122681 748
123155 749
123157 750
123164 751
123167 752
123170 753
123234 754
123310 755
123317 756
123435 757
123441 758
123493 759
123681 760
123694 761
123819 762
123824 763
123834 764
123995 765
124057 766
124067 767
124128 768
124195 769
124333 770
124381 771
124398 772
124399 773
124408 774
124411 775
124654 776
124688 777
124826 778
124869 779
124930 780
124935 781
124936 782
124947 783
124947 784
124947 785
124972 786
125027 787
125234 788
125234 789
125493 790
125650 791
125702 792
125782 793
125856 794
125861 795
125864 796
125866 797
125870 798
125975 799
125977 800
126191 801
126250 802
126250 803
126250 804
126302 805
126305 806
126556 807
126574 808
126674 809
126682 810
126743 811
126748 812
126785 813
126786 814
126786 815
126802 816
126914 817
126922 818
126940 819
127086 820
127308 821
127387 822
127388 823
127390 824
127396 825
127398 826
127501 827
127541 828
127622 829
127622 830
127758 831
127761 832
127829 833
127833 834
127838 835
127844 836
127847 837
127896 838
127900 839
127925 840
128070 841
128073 842
128081 843
128102 844
128257 845
128257 846
128257 847
128257 848
128318 849
128370 850
128379 851
128382 852
128384 853
128453 854
128492 855
128494 856
128494 857
128494 858
128616 859
128827 860
128830 861
128835 862
128838 863
128850 864
128880 865
128940 866
128941 867
129031 868
129092 869
129098 870
129100 871
129106 872
129126 873
129127 874
129145 875
129154 876
129261 877
129400 878
129407 879
129410 880
129504 881
129602 882
129846 883
129846 884
129846 885
129882 886
129882 887
129882 888
129995 889
130064 890
130072 891
130188 892
130282 893
130859 894
131846 895
139262 896
140222 897
140222 898
141353 899
141911 900
141914 901
141925 902
141929 903
142482 904
143026 905
143026 906
143052 907
143587 908
143810 909
143810 910
143810 911
143810 912
143862 913
143862 914
143874 915
143986 916
143994 917
144206 918
144206 919
144206 920
144217 921
144358 922
144372 923
144411 924
144419 925
144470 926
144604 927
144605 928
144610 929
144614 930
144690 931
144790 932
144898 933
144987 934
145169 935
145172 936
145179 937
145183 938
145185 939
145221 940
145542 941
145591 942
145597 943
145606 944
145691 945
145696 946
145696 947
145702 948
145703 949
145709 950
145950 951
145950 952
145966 953
145981 954
146115 955
146121 956
146264 957
146552 958
146788 959
147295 960
147672 961
148171 962
148428 963
148755 964
149068 965
149068 966
149078 967
149260 968
149270 969
149272 970
149498 971
149564 972
149839 973
149952 974
150207 975
150223 976
150682 977
150683 978
150683 979
150683 980
150683 981
150685 982
150688 983
150781 984
151162 985
151162 986
151162 987
151271 988
151273 989
151281 990
151535 991
151621 992
151726 993
151738 994
151908 995
152054 996
152054 997
152054 998
152110 999
152246 1000
152246 1001
152434 1002
152444 1003
152521 1004
152599 1005
152771 1006
152802 1007
152802 1008
152924 1009
152927 1010
152928 1011
152935 1012
153019 1013
153032 1014
153042 1015
153043 1016
153118 1017
153230 1018
153232 1019
153487 1020
153675 1021
153868 1022
153875 1023
153993 1024
154001 1025
154002 1026
154008 1027
154120 1028
154238 1029
154250 1030
154519 1031
154521 1032
154568 1033
154684 1034
154686 1035
154902 1036
154910 1037
154942 1038
154965 1039
155116 1040
155116 1041
155329 1042
155911 1043
155912 1044
155922 1045
156239 1046
156241 1047
156245 1048
156651 1049
156794 1050
156818 1051
157146 1052
157413 1053
157420 1054
157548 1055
157549 1056
157786 1057
157808 1058
157810 1059
157815 1060
157818 1061
157821 1062
157823 1063
157944 1064
157947 1065
158091 1066
158172 1067
158199 1068
158200 1069
158200 1070
158220 1071
158221 1072
158221 1073
158229 1074
158300 1075
158325 1076
158400 1077
158413 1078
158470 1079
158532 1080
158534 1081
158536 1082
158542 1083
158697 1084
158755 1085
158756 1086
158758 1087
158765 1088
158876 1089
159054 1090
159054 1091
159082 1092
159082 1093
159082 1094
159112 1095
159172 1096
159386 1097
159510 1098
159706 1099
159990 1100
160374 1101
160374 1102
160530 1103
160537 1104
160540 1105
160594 1106
160594 1107
160730 1108
160786 1109
160795 1110
160880 1111
160966 1112
161195 1113
161226 1114
161556 1115
161638 1116
161989 1117
162179 1118
162188 1119
163338 1120
182951 1121
183942 1122
183942 1123
184230 1124
184235 1125
184614 1126
184615 1127
184615 1128
185098 1129
185102 1130
185197 1131
185477 1132
185561 1133
185571 1134
185742 1135
185743 1136
185743 1137
185797 1138
185799 1139
185800 1140
185801 1141
185802 1142
185808 1143
185953 1144
186090 1145
186091 1146
186091 1147
186316 1148
186324 1149
186329 1150
186362 1151
186390 1152
186395 1153
186459 1154
186763 1155
186771 1156
186872 1157
186882 1158
186883 1159
186924 1160
187137 1161
187472 1162
187482 1163
187486 1164
187492 1165
187495 1166
187496 1167
187497 1168
187631 1169
187638 1170
187641 1171
187643 1172
187731 1173
187857 1174
187911 1175
187912 1176
187915 1177
187915 1178
187930 1179
187994 1180
187998 1181
188200 1182
188207 1183
188319 1184
188324 1185
188325 1186
188329 1187
188332 1188
188332 1189
188332 1190
188334 1191
188386 1192
188532 1193
188536 1194
188537 1195
188690 1196
188776 1197
188790 1198
188794 1199
188886 1200
188891 1201
188898 1202
188899 1203
188907 1204
188918 1205
188950 1206
189039 1207
189106 1208
189252 1209
189294 1210
189373 1211
189380 1212
189431 1213
189453 1214
189475 1215
189478 1216
189501 1217
189501 1218
189503 1219
189511 1220
189619 1221
189724 1222
189745 1223
189821 1224
189827 1225
189831 1226
189838 1227
189839 1228
189856 1229
190015 1230
190022 1231
190023 1232
190094 1233
190191 1234
190257 1235
190310 1236
190490 1237
190653 1238
190654 1239
190655 1240
190662 1241
190667 1242
190667 1243
190667 1244
190774 1245
190792 1246
190862 1247
190996 1248
191001 1249
191026 1250
191174 1251
191434 1252
191438 1253
191439 1254
191439 1255
191442 1256
191532 1257
191544 1258
191589 1259
191710 1260
191711 1261
191711 1262
191837 1263
191874 1264
191899 1265
191916 1266
192059 1267
192262 1268
192370 1269
192452 1270
192670 1271
192743 1272
192744 1273
192744 1274
192836 1275
192839 1276
192874 1277
193116 1278
193123 1279
193262 1280
193263 1281
193358 1282
193359 1283
193455 1284
193455 1285
193455 1286
193470 1287
193471 1288
193700 1289
193731 1290
193731 1291
193742 1292
193757 1293
193757 1294
193762 1295
193843 1296
194074 1297
194238 1298
194239 1299
194239 1300
194248 1301
