7 1
10 2
13 3
34 4
44 5
55 6
199 7
205 8
206 9
226 10
571 11
573 12
577 13
659 14
689 15
690 16
692 17
699 18
746 19
891 20
893 21
908 22
909 23
912 24
955 25
1208 26
1254 27
1319 28
1404 29
1486 30
1488 31
1491 32
1495 33
1545 34
1565 35
1580 36
1957 37
1957 38
1958 39
1971 40
2054 41
2105 42
2116 43
2425 44
6246 45
7546 46
11906 47
13210 48
14930 49
15262 50
15545 51
15552 52
15555 53
15880 54
15884 55
15895 56
15959 57
16487 58
16494 59
16834 60
16837 61
55647 62
56318 63
56326 64
56328 65
56396 66
57410 67
57615 68
57935 69
58311 70
58368 71
59429 72
59433 73
59529 74
59889 75
59892 76
59895 77
59902 78
60068 79
60454 80
60970 81
60979 82
60983 83
60985 84
61161 85
61176 86
61353 87
62972 88
63129 89
63130 90
63319 91
81227 92
81821 93
81825 94
84584 95
84963 96
84968 97
84968 98
85314 99
85844 100
85924 101
86661 102
87079 103
87239 104
88358 105
89184 106
89192 107
89197 108
89204 109
90163 110
93120 111
95226 112
96423 113
187906 114
188320 115
188325 116
188332 117
188333 118
188832 119
188834 120
188837 121
188839 122
188839 123
188843 124
188987 125
189288 126
189507 127
189974 128
189975 129
190125 130
190213 131
190217 132
190380 133
190709 134
190709 135
190709 136
190739 137
190845 138
191072 139
191568 140
191945 141
191971 142
192742 143
192743 144
192751 145
192786 146
192793 147
193128 148
193137 149
193528 150
193630 151
