8 1
59 2
60 3
60 4
60 5
130 6
285 7
307 8
307 9
307 10
307 11
308 12
444 13
592 14
720 15
994 16
995 17
1052 18
1052 19
1083 20
1420 21
1421 22
1421 23
1421 24
1674 25
1792 26
1873 27
1876 28
1876 29
1877 30
1877 31
1878 32
1879 33
2004 34
2032 35
2041 36
2086 37
2090 38
2156 39
2416 40
2416 41
2417 42
2417 43
2422 44
2479 45
2513 46
2529 47
2708 48
2732 49
2741 50
2748 51
2748 52
2858 53
2883 54
2884 55
2884 56
2897 57
2938 58
2980 59
2991 60
3144 61
3144 62
3185 63
3188 64
3437 65
3530 66
3544 67
3550 68
3551 69
3553 70
3590 71
3708 72
3860 73
3860 74
3861 75
3861 76
3868 77
3926 78
3981 79
4052 80
4061 81
4063 82
4066 83
4069 84
4076 85
4297 86
4316 87
4320 88
4448 89
4449 90
4455 91
4525 92
4536 93
4536 94
4537 95
4539 96
4543 97
4561 98
4633 99
4635 100
4636 101
4640 102
4640 103
4684 104
4798 105
4804 106
4813 107
4819 108
4937 109
4938 110
4997 111
5207 112
5210 113
5213 114
5214 115
5218 116
5258 117
5258 118
5283 119
5293 120
5323 121
5333 122
5336 123
5362 124
5386 125
5388 126
5397 127
5435 128
5510 129
5543 130
5562 131
5567 132
5693 133
5700 134
5700 135
5776 136
5776 137
5777 138
5805 139
5811 140
6072 141
6104 142
6167 143
6169 144
6225 145
6228 146
6234 147
6241 148
6332 149
6332 150
6339 151
6362 152
6420 153
6425 154
6428 155
6440 156
6568 157
6574 158
6575 159
6580 160
6588 161
6818 162
6824 163
6919 164
6927 165
6927 166
6930 167
6951 168
6977 169
6979 170
6980 171
7004 172
7097 173
7104 174
7197 175
7198 176
7201 177
7205 178
7270 179
7273 180
7273 181
7276 182
7375 183
7383 184
7405 185
7406 186
7408 187
7412 188
7412 189
7508 190
7580 191
7595 192
7598 193
7649 194
7721 195
7729 196
7842 197
7993 198
7994 199
7997 200
8000 201
8024 202
8026 203
8079 204
8487 205
8512 206
9236 207
9442 208
9444 209
9450 210
9452 211
9456 212
9511 213
9596 214
9600 215
9736 216
9761 217
9764 218
9793 219
9873 220
9886 221
9955 222
9957 223
10148 224
10151 225
10152 226
10156 227
10174 228
10533 229
10533 230
10575 231
10624 232
10624 233
10625 234
10625 235
10625 236
10625 237
10652 238
10653 239
10663 240
10720 241
10803 242
10808 243
10902 244
10904 245
10912 246
11076 247
11079 248
11079 249
11079 250
11080 251
11225 252
11227 253
11231 254
11232 255
11233 256
11267 257
11296 258
11297 259
11413 260
11479 261
11512 262
11605 263
11687 264
11701 265
11720 266
11787 267
11834 268
11894 269
11900 270
11902 271
11904 272
11905 273
11943 274
11983 275
12119 276
12234 277
12268 278
12277 279
12312 280
12391 281
12416 282
12419 283
12533 284
12584 285
12607 286
12679 287
12767 288
12862 289
12862 290
12866 291
12873 292
12992 293
13007 294
13074 295
13151 296
13152 297
13231 298
13234 299
13246 300
13331 301
13366 302
13378 303
13610 304
13624 305
13632 306
13738 307
13765 308
13804 309
13810 310
13815 311
13934 312
13979 313
14104 314
14108 315
14108 316
14176 317
14311 318
14313 319
14314 320
14324 321
14341 322
14433 323
14434 324
14441 325
14442 326
14450 327
14452 328
14452 329
14454 330
14476 331
14480 332
14552 333
14668 334
14736 335
14764 336
14778 337
14778 338
14780 339
14780 340
14780 341
14787 342
14789 343
14790 344
14800 345
14847 346
14852 347
14857 348
14867 349
14908 350
14908 351
14956 352
15031 353
15033 354
15037 355
15047 356
15184 357
15185 358
15212 359
15280 360
15309 361
15311 362
15368 363
15390 364
15392 365
15452 366
15452 367
15472 368
15492 369
15556 370
15559 371
15560 372
15560 373
15588 374
15590 375
15594 376
15595 377
15686 378
15688 379
15698 380
15745 381
15745 382
15798 383
15824 384
15826 385
15828 386
15834 387
15937 388
15940 389
15940 390
15941 391
15941 392
16001 393
16023 394
16076 395
16226 396
16337 397
16372 398
16392 399
16418 400
16441 401
16465 402
16472 403
16496 404
16497 405
16589 406
16596 407
16599 408
16744 409
16821 410
16824 411
16980 412
16984 413
16985 414
17279 415
17392 416
17409 417
17512 418
17521 419
17521 420
17626 421
17669 422
18012 423
18032 424
18043 425
18044 426
18240 427
18392 428
18430 429
18431 430
18433 431
18484 432
18487 433
18654 434
18678 435
18679 436
18683 437
18912 438
18965 439
18978 440
18978 441
18980 442
19008 443
19310 444
19341 445
19352 446
19353 447
19460 448
19461 449
19578 450
19659 451
19668 452
19724 453
19793 454
19794 455
19795 456
19798 457
19799 458
19831 459
19833 460
19840 461
19842 462
19846 463
19944 464
19945 465
19984 466
20028 467
20074 468
20079 469
20128 470
20129 471
20129 472
20138 473
20164 474
20204 475
20347 476
20348 477
20360 478
20466 479
20500 480
20506 481
20549 482
20550 483
20550 484
20556 485
20597 486
20622 487
20623 488
20624 489
20627 490
20630 491
20686 492
20708 493
20711 494
20744 495
20868 496
20878 497
20879 498
20879 499
21073 500
21073 501
21076 502
21077 503
21104 504
21104 505
21105 506
21105 507
21144 508
21178 509
21336 510
21367 511
21535 512
21544 513
21548 514
21556 515
21560 516
21644 517
21646 518
21814 519
21844 520
21864 521
22038 522
22041 523
22052 524
22171 525
22175 526
22243 527
22335 528
22392 529
22411 530
22411 531
22529 532
22542 533
22649 534
22675 535
22678 536
22692 537
22735 538
22807 539
22870 540
22914 541
22914 542
22916 543
22917 544
23090 545
23090 546
23093 547
23147 548
23167 549
23269 550
23270 551
23277 552
23279 553
23453 554
23520 555
23526 556
23529 557
23540 558
23726 559
23758 560
23759 561
23761 562
23768 563
23771 564
23851 565
23854 566
23855 567
23855 568
23856 569
23861 570
23862 571
23870 572
23871 573
23909 574
23911 575
23925 576
23930 577
23933 578
23933 579
23935 580
24098 581
24105 582
24109 583
24112 584
24252 585
24253 586
24254 587
24264 588
24269 589
24270 590
24275 591
24275 592
24276 593
24277 594
24277 595
24277 596
24279 597
24282 598
24284 599
24304 600
24390 601
24435 602
24491 603
24493 604
24514 605
24538 606
24567 607
24601 608
24611 609
24615 610
24617 611
24618 612
24620 613
24621 614
24625 615
24642 616
24681 617
24683 618
24688 619
24689 620
24689 621
24694 622
24695 623
24734 624
24772 625
24773 626
24792 627
24903 628
24910 629
24949 630
24968 631
24969 632
24975 633
24984 634
25000 635
25025 636
25057 637
25072 638
25073 639
25073 640
25128 641
25134 642
25138 643
25143 644
25173 645
25176 646
25224 647
25225 648
25225 649
25236 650
25295 651
25295 652
25320 653
25332 654
25352 655
25388 656
25404 657
25451 658
25484 659
25589 660
25591 661
25620 662
25704 663
25705 664
25716 665
25911 666
25925 667
25925 668
25927 669
25943 670
25956 671
25964 672
25981 673
25984 674
25985 675
25986 676
25986 677
26092 678
26102 679
26103 680
26105 681
26110 682
26112 683
26114 684
26126 685
26129 686
26145 687
26164 688
26172 689
26173 690
26173 691
26240 692
26244 693
26268 694
26327 695
26328 696
26373 697
26412 698
26417 699
26469 700
26527 701
26542 702
26576 703
26581 704
26581 705
26652 706
26653 707
26805 708
26807 709
26939 710
27028 711
27063 712
27064 713
27065 714
27065 715
27065 716
27071 717
27072 718
27078 719
27203 720
27248 721
27279 722
27369 723
27369 724
27435 725
27440 726
27442 727
27448 728
27449 729
27455 730
27521 731
27547 732
27548 733
27669 734
27709 735
27711 736
27713 737
27720 738
27740 739
27831 740
27860 741
27865 742
27868 743
27931 744
27943 745
27944 746
27945 747
27993 748
28040 749
28191 750
28207 751
28316 752
28332 753
28332 754
28356 755
28357 756
28361 757
28369 758
28376 759
28377 760
28656 761
28699 762
28706 763
28713 764
28745 765
28864 766
28998 767
29056 768
29130 769
29271 770
29311 771
29315 772
29316 773
29317 774
29324 775
29388 776
29412 777
29427 778
29445 779
29512 780
29681 781
29683 782
29685 783
29840 784
30053 785
30065 786
30073 787
30077 788
30239 789
30245 790
30533 791
30536 792
30538 793
30744 794
30748 795
30757 796
30758 797
30924 798
30935 799
30972 800
30973 801
30978 802
31028 803
31033 804
31123 805
31171 806
31171 807
31174 808
31178 809
31180 810
31182 811
31185 812
31224 813
31299 814
31300 815
31341 816
31346 817
31348 818
31350 819
31425 820
31481 821
31486 822
31488 823
31489 824
31497 825
31528 826
31535 827
31543 828
31587 829
31587 830
31591 831
31627 832
31647 833
31652 834
31653 835
31653 836
31656 837
31657 838
31660 839
31746 840
31817 841
31817 842
31817 843
31817 844
31872 845
31904 846
31911 847
31918 848
31928 849
31935 850
31939 851
32009 852
32028 853
32088 854
32104 855
32130 856
32132 857
32134 858
32252 859
32279 860
32325 861
32453 862
32453 863
32453 864
32489 865
32489 866
32489 867
32502 868
32548 869
32555 870
32589 871
32591 872
32594 873
32619 874
32682 875
32682 876
32707 877
32709 878
32833 879
32833 880
32861 881
32866 882
33001 883
33001 884
33010 885
33027 886
33068 887
33087 888
33098 889
33166 890
33174 891
33177 892
33221 893
33323 894
33330 895
33452 896
33463 897
33579 898
33582 899
33582 900
33589 901
33591 902
33619 903
33758 904
33782 905
33785 906
33788 907
33789 908
33790 909
33790 910
33825 911
33825 912
33825 913
33832 914
33832 915
33836 916
33840 917
33973 918
33974 919
34094 920
34142 921
34169 922
34169 923
34171 924
34198 925
34210 926
34219 927
34294 928
34303 929
34304 930
34304 931
34306 932
34309 933
34309 934
34371 935
34408 936
34591 937
34615 938
34664 939
34666 940
34705 941
34714 942
34804 943
34805 944
34805 945
34805 946
34814 947
34833 948
35005 949
35006 950
35021 951
35021 952
35021 953
35074 954
35079 955
35083 956
35086 957
35161 958
35167 959
35169 960
35169 961
35173 962
35289 963
35290 964
35291 965
35293 966
35297 967
35299 968
35377 969
35377 970
35379 971
35384 972
35421 973
35426 974
35426 975
35426 976
35556 977
35556 978
35558 979
35567 980
35570 981
35587 982
35609 983
35637 984
35639 985
35641 986
35665 987
35713 988
35716 989
35776 990
35777 991
35777 992
35792 993
35796 994
35809 995
35821 996
35823 997
35837 998
35839 999
35949 1000
35950 1001
35976 1002
35976 1003
35976 1004
35976 1005
35977 1006
36080 1007
36089 1008
36143 1009
36143 1010
36203 1011
36206 1012
36224 1013
36291 1014
36309 1015
36375 1016
36384 1017
36394 1018
36402 1019
36438 1020
36506 1021
36506 1022
36506 1023
36624 1024
36631 1025
36745 1026
36749 1027
36761 1028
36765 1029
36765 1030
36767 1031
36767 1032
36770 1033
36788 1034
36959 1035
36970 1036
37025 1037
37029 1038
37065 1039
37077 1040
37241 1041
37241 1042
37241 1043
37293 1044
37320 1045
37423 1046
37511 1047
37517 1048
37518 1049
37610 1050
37613 1051
37619 1052
37682 1053
37686 1054
37737 1055
37737 1056
37737 1057
37805 1058
37805 1059
37805 1060
37805 1061
37813 1062
38005 1063
38101 1064
38349 1065
38349 1066
38349 1067
38409 1068
38425 1069
38433 1070
38492 1071
38549 1072
38549 1073
38549 1074
38773 1075
38773 1076
38777 1077
38797 1078
38804 1079
38809 1080
38818 1081
38820 1082
38840 1083
38921 1084
39022 1085
39026 1086
39089 1087
39177 1088
39193 1089
39303 1090
39309 1091
39315 1092
39316 1093
39316 1094
39321 1095
39440 1096
39569 1097
39571 1098
39689 1099
39689 1100
39693 1101
39693 1102
39705 1103
39733 1104
39746 1105
39804 1106
39845 1107
39849 1108
39853 1109
39967 1110
39993 1111
40057 1112
40073 1113
40083 1114
40100 1115
40111 1116
40237 1117
40239 1118
40241 1119
40250 1120
40277 1121
40279 1122
40279 1123
40280 1124
40283 1125
40284 1126
40284 1127
40287 1128
40332 1129
40338 1130
40393 1131
40401 1132
40503 1133
40508 1134
40510 1135
40554 1136
40558 1137
40564 1138
40701 1139
40703 1140
40709 1141
40710 1142
40733 1143
40740 1144
40850 1145
41009 1146
41099 1147
41108 1148
41111 1149
41156 1150
41161 1151
41164 1152
41206 1153
41247 1154
41370 1155
41518 1156
41557 1157
41593 1158
41597 1159
41610 1160
41611 1161
41775 1162
41783 1163
41845 1164
41845 1165
41846 1166
41854 1167
42000 1168
42229 1169
42229 1170
42229 1171
42375 1172
42449 1173
42454 1174
42545 1175
42549 1176
42549 1177
42604 1178
42609 1179
42612 1180
42650 1181
42981 1182
43013 1183
43021 1184
43181 1185
43184 1186
43184 1187
43184 1188
43189 1189
43250 1190
43250 1191
43250 1192
43273 1193
43289 1194
43365 1195
43370 1196
43482 1197
43492 1198
43521 1199
43526 1200
43643 1201
43791 1202
43876 1203
43973 1204
44153 1205
44160 1206
44166 1207
44237 1208
44333 1209
44803 1210
44823 1211
44857 1212
44895 1213
45411 1214
45637 1215
45736 1216
45741 1217
46023 1218
46025 1219
46617 1220
46782 1221
46803 1222
47120 1223
47128 1224
47139 1225
47155 1226
47326 1227
47328 1228
47491 1229
47494 1230
47510 1231
47567 1232
47931 1233
48006 1234
48008 1235
48056 1236
48070 1237
48078 1238
48252 1239
48311 1240
48444 1241
48448 1242
49346 1243
49398 1244
49937 1245
49989 1246
49996 1247
65865 1248
94825 1249
95362 1250
95362 1251
95362 1252
95362 1253
95362 1254
95362 1255
95363 1256
95369 1257
95375 1258
95584 1259
95704 1260
95706 1261
95706 1262
95706 1263
95741 1264
95881 1265
95955 1266
96032 1267
96072 1268
96113 1269
96209 1270
96333 1271
96361 1272
96589 1273
96592 1274
96593 1275
96691 1276
96705 1277
96709 1278
97186 1279
97265 1280
97266 1281
97269 1282
97530 1283
97572 1284
97581 1285
97728 1286
97853 1287
145742 1288
146064 1289
146065 1290
146067 1291
146068 1292
146071 1293
146073 1294
146076 1295
146441 1296
146499 1297
146503 1298
146754 1299
146760 1300
146763 1301
146849 1302
146910 1303
146911 1304
147049 1305
147055 1306
147056 1307
147056 1308
147063 1309
147153 1310
147227 1311
147230 1312
147268 1313
147434 1314
147502 1315
147612 1316
147679 1317
147682 1318
147687 1319
147694 1320
147795 1321
147907 1322
147917 1323
147918 1324
147918 1325
147919 1326
147927 1327
147973 1328
147982 1329
148113 1330
148124 1331
148215 1332
148223 1333
148311 1334
148357 1335
148358 1336
148368 1337
148368 1338
148494 1339
148507 1340
148536 1341
148729 1342
148769 1343
148775 1344
148874 1345
148874 1346
148889 1347
148946 1348
149069 1349
149091 1350
149095 1351
149097 1352
149132 1353
149243 1354
149246 1355
149246 1356
149247 1357
149250 1358
149340 1359
149348 1360
149348 1361
149352 1362
149354 1363
149356 1364
149362 1365
149366 1366
149370 1367
149420 1368
149528 1369
149534 1370
149534 1371
149535 1372
149612 1373
149614 1374
149634 1375
149658 1376
149670 1377
149670 1378
149670 1379
149677 1380
149722 1381
149729 1382
149741 1383
149744 1384
149749 1385
149901 1386
149933 1387
150014 1388
150031 1389
150039 1390
150047 1391
150094 1392
150142 1393
150143 1394
150144 1395
150145 1396
150147 1397
150153 1398
150158 1399
150237 1400
150266 1401
150335 1402
150358 1403
150369 1404
150490 1405
150492 1406
150501 1407
150514 1408
150519 1409
150537 1410
150560 1411
150560 1412
150567 1413
150567 1414
150675 1415
150682 1416
150718 1417
150725 1418
150733 1419
150930 1420
150934 1421
150936 1422
150978 1423
151003 1424
151008 1425
151049 1426
151093 1427
151192 1428
151239 1429
151244 1430
151247 1431
151256 1432
151324 1433
151341 1434
151383 1435
151393 1436
151402 1437
151408 1438
151410 1439
151462 1440
151493 1441
151599 1442
151599 1443
151600 1444
151611 1445
151670 1446
151699 1447
151723 1448
151813 1449
151814 1450
151816 1451
151818 1452
151878 1453
151899 1454
151975 1455
151986 1456
152151 1457
152157 1458
152157 1459
152164 1460
152166 1461
152168 1462
152285 1463
152285 1464
152343 1465
152343 1466
152353 1467
152363 1468
152375 1469
152397 1470
152516 1471
152665 1472
152670 1473
152671 1474
152672 1475
152689 1476
152693 1477
152697 1478
152697 1479
152794 1480
152916 1481
152926 1482
152928 1483
152928 1484
152929 1485
152942 1486
153027 1487
153034 1488
153034 1489
153041 1490
153041 1491
153041 1492
153061 1493
153063 1494
153066 1495
153069 1496
153288 1497
153289 1498
153334 1499
153350 1500
153398 1501
153440 1502
153495 1503
153505 1504
153600 1505
153607 1506
153693 1507
153696 1508
153726 1509
153729 1510
153730 1511
153735 1512
153822 1513
153926 1514
154041 1515
154042 1516
154053 1517
154133 1518
154136 1519
154140 1520
154214 1521
154398 1522
154400 1523
154402 1524
154462 1525
154600 1526
154605 1527
154631 1528
154632 1529
154770 1530
154770 1531
154771 1532
154771 1533
154828 1534
154828 1535
154837 1536
154839 1537
154841 1538
154841 1539
154841 1540
154855 1541
154877 1542
154950 1543
154971 1544
155134 1545
155141 1546
155143 1547
155143 1548
155146 1549
155170 1550
155170 1551
155219 1552
155312 1553
155318 1554
155461 1555
155461 1556
155462 1557
155554 1558
155578 1559
155611 1560
155611 1561
155612 1562
155726 1563
155726 1564
155728 1565
155728 1566
155739 1567
155740 1568
155849 1569
155870 1570
156102 1571
156171 1572
156242 1573
156243 1574
156243 1575
156243 1576
156250 1577
156262 1578
156296 1579
156325 1580
156421 1581
156446 1582
156467 1583
156615 1584
156616 1585
156659 1586
156665 1587
156668 1588
156722 1589
156776 1590
156783 1591
156785 1592
156787 1593
156788 1594
156788 1595
156788 1596
156790 1597
156795 1598
156795 1599
156795 1600
156866 1601
156883 1602
156883 1603
156883 1604
156886 1605
156942 1606
156942 1607
157070 1608
157138 1609
157154 1610
157156 1611
157162 1612
157253 1613
157262 1614
157264 1615
157275 1616
157276 1617
157287 1618
157345 1619
157346 1620
157346 1621
157379 1622
157410 1623
157429 1624
157445 1625
157451 1626
157534 1627
157537 1628
157548 1629
157549 1630
157549 1631
157558 1632
157561 1633
157562 1634
157563 1635
157702 1636
157834 1637
157907 1638
157909 1639
157915 1640
157930 1641
157956 1642
157962 1643
157975 1644
158120 1645
158171 1646
158178 1647
158179 1648
158182 1649
158194 1650
158203 1651
158233 1652
158234 1653
158245 1654
158248 1655
158358 1656
158369 1657
158385 1658
158406 1659
158632 1660
158700 1661
158714 1662
158771 1663
158784 1664
158825 1665
159134 1666
159161 1667
159161 1668
159162 1669
159165 1670
159204 1671
159236 1672
159267 1673
159274 1674
159534 1675
159629 1676
159636 1677
159637 1678
159643 1679
159739 1680
159747 1681
159752 1682
159758 1683
159759 1684
159856 1685
159857 1686
159867 1687
159883 1688
160060 1689
160061 1690
160064 1691
160121 1692
160122 1693
160122 1694
160125 1695
160126 1696
160128 1697
160131 1698
160281 1699
160298 1700
160299 1701
160299 1702
160434 1703
160441 1704
160442 1705
160614 1706
160622 1707
160663 1708
160670 1709
160733 1710
160738 1711
160739 1712
160739 1713
160754 1714
160755 1715
160764 1716
160778 1717
160778 1718
160781 1719
160784 1720
160785 1721
160786 1722
160874 1723
160878 1724
160901 1725
160922 1726
160953 1727
160957 1728
160986 1729
161033 1730
161045 1731
161161 1732
161163 1733
161170 1734
161176 1735
161177 1736
161181 1737
161218 1738
161223 1739
161258 1740
161294 1741
161295 1742
161519 1743
161543 1744
161544 1745
161544 1746
161544 1747
161544 1748
161549 1749
161577 1750
161590 1751
161594 1752
161613 1753
161666 1754
161686 1755
161688 1756
161695 1757
161697 1758
161698 1759
161707 1760
161713 1761
161714 1762
161781 1763
161810 1764
161824 1765
161824 1766
161825 1767
161832 1768
161836 1769
161837 1770
161846 1771
161847 1772
161870 1773
161893 1774
161898 1775
161938 1776
161943 1777
161958 1778
162009 1779
162056 1780
162095 1781
162096 1782
162096 1783
162196 1784
162196 1785
162197 1786
162201 1787
162206 1788
162213 1789
162218 1790
162291 1791
162334 1792
162340 1793
162439 1794
162468 1795
162579 1796
162586 1797
162587 1798
162587 1799
162594 1800
162676 1801
162713 1802
162771 1803
162947 1804
162950 1805
162955 1806
162959 1807
162960 1808
162960 1809
162963 1810
162967 1811
162969 1812
162972 1813
163109 1814
163149 1815
163155 1816
163284 1817
163286 1818
163289 1819
163305 1820
163306 1821
163313 1822
163313 1823
163424 1824
163426 1825
163427 1826
163427 1827
163580 1828
163602 1829
163627 1830
163628 1831
163629 1832
163629 1833
163632 1834
163647 1835
163713 1836
163714 1837
163751 1838
163754 1839
163755 1840
163758 1841
163758 1842
163761 1843
163761 1844
163779 1845
163820 1846
163821 1847
163826 1848
163836 1849
163942 1850
163944 1851
164001 1852
164071 1853
164071 1854
164071 1855
164074 1856
164082 1857
164097 1858
164099 1859
164220 1860
164221 1861
164316 1862
164319 1863
164358 1864
164383 1865
164391 1866
164453 1867
164500 1868
164503 1869
164548 1870
164688 1871
164720 1872
164742 1873
164754 1874
164909 1875
164909 1876
164920 1877
164936 1878
164938 1879
164940 1880
164946 1881
164947 1882
164977 1883
164979 1884
164989 1885
165060 1886
165210 1887
165536 1888
165565 1889
165572 1890
165578 1891
165624 1892
165640 1893
165720 1894
165720 1895
165727 1896
165774 1897
165794 1898
166069 1899
166186 1900
166193 1901
166195 1902
166445 1903
166555 1904
166652 1905
166774 1906
167223 1907
168358 1908
169949 1909
170781 1910
170785 1911
182487 1912
182827 1913
182831 1914
182831 1915
183247 1916
183247 1917
183247 1918
183247 1919
183563 1920
183563 1921
183574 1922
183607 1923
183607 1924
183614 1925
183614 1926
183860 1927
184143 1928
184227 1929
184278 1930
184291 1931
184294 1932
184295 1933
184403 1934
184403 1935
184551 1936
184551 1937
184871 1938
184909 1939
184950 1940
184952 1941
184956 1942
184963 1943
185298 1944
185329 1945
185499 1946
185509 1947
185599 1948
185773 1949
185779 1950
185880 1951
185892 1952
185892 1953
185967 1954
185968 1955
185970 1956
185973 1957
185983 1958
186262 1959
186495 1960
186521 1961
186527 1962
186528 1963
186698 1964
186747 1965
186751 1966
186753 1967
186754 1968
186756 1969
186778 1970
186789 1971
187010 1972
187329 1973
187403 1974
187436 1975
187728 1976
187730 1977
187738 1978
187739 1979
187813 1980
187987 1981
187994 1982
188159 1983
188162 1984
188163 1985
188346 1986
188346 1987
188347 1988
188585 1989
188863 1990
188960 1991
188960 1992
189043 1993
189049 1994
189308 1995
189308 1996
189411 1997
189423 1998
189544 1999
189546 2000
189564 2001
189569 2002
189575 2003
189575 2004
189577 2005
189811 2006
189842 2007
189852 2008
189852 2009
189852 2010
189852 2011
189852 2012
189956 2013
189967 2014
189972 2015
190044 2016
190232 2017
190399 2018
190523 2019
190523 2020
190619 2021
190745 2022
190746 2023
190747 2024
190749 2025
190750 2026
190759 2027
190760 2028
190951 2029
190963 2030
190964 2031
190988 2032
191000 2033
191033 2034
191039 2035
191092 2036
191111 2037
191127 2038
191223 2039
191234 2040
191236 2041
191251 2042
191313 2043
191319 2044
191384 2045
191410 2046
191460 2047
191465 2048
191498 2049
191508 2050
191511 2051
191513 2052
191555 2053
191633 2054
191697 2055
191706 2056
191744 2057
191745 2058
191745 2059
191747 2060
191751 2061
191751 2062
191755 2063
191758 2064
191778 2065
191778 2066
191811 2067
191812 2068
191825 2069
191955 2070
191960 2071
192091 2072
192101 2073
192249 2074
192485 2075
192593 2076
192594 2077
192606 2078
192794 2079
192796 2080
193291 2081
193296 2082
193299 2083
193299 2084
193415 2085
193421 2086
193431 2087
193478 2088
193569 2089
193580 2090
193582 2091
193666 2092
193995 2093
194024 2094
194026 2095
194079 2096
194083 2097
194083 2098
194083 2099
194423 2100
194426 2101
194427 2102
194427 2103
194431 2104
194434 2105
194456 2106
194531 2107
194534 2108
194639 2109
194639 2110
194808 2111
194808 2112
194808 2113
194808 2114
194808 2115
194931 2116
194999 2117
195174 2118
195180 2119
195188 2120
195257 2121
195315 2122
195498 2123
195657 2124
195661 2125
195662 2126
195663 2127
195799 2128
195814 2129
196152 2130
196207 2131
196208 2132
196212 2133
196218 2134
196247 2135
196368 2136
196786 2137
196792 2138
197083 2139
197083 2140
197093 2141
197096 2142
197539 2143
197587 2144
198379 2145
198388 2146
