188 1
246 2
346 3
349 4
349 5
518 6
532 7
847 8
947 9
1480 10
1675 11
1845 12
1854 13
2129 14
2129 15
2135 16
2135 17
2136 18
2399 19
2399 20
2401 21
2413 22
2535 23
2670 24
2725 25
2879 26
3036 27
3039 28
3039 29
3255 30
3257 31
3410 32
3499 33
3499 34
3500 35
3500 36
3542 37
3727 38
3775 39
3807 40
3813 41
3833 42
3835 43
3835 44
3836 45
3836 46
3843 47
3846 48
4150 49
4152 50
4154 51
4156 52
4174 53
4175 54
4178 55
4313 56
4323 57
4323 58
4324 59
4324 60
4324 61
4390 62
4393 63
4396 64
4401 65
4405 66
4457 67
4497 68
4692 69
4693 70
4778 71
4789 72
4793 73
4819 74
4819 75
4836 76
4843 77
4845 78
4845 79
4847 80
4901 81
4906 82
4907 83
4962 84
4965 85
4971 86
4971 87
4972 88
4972 89
4981 90
5046 91
5131 92
5153 93
5276 94
5284 95
5342 96
5343 97
5367 98
5377 99
5379 100
5447 101
5451 102
5615 103
5615 104
5683 105
5699 106
5739 107
5764 108
5765 109
6081 110
6085 111
6093 112
6095 113
6139 114
6312 115
6768 116
6770 117
6924 118
7795 119
50101 120
51186 121
51187 122
51192 123
51916 124
51918 125
51924 126
52278 127
52357 128
52363 129
52365 130
52367 131
52678 132
52742 133
52747 134
53014 135
53024 136
53058 137
53102 138
53368 139
53508 140
53508 141
53521 142
53701 143
53713 144
53876 145
53876 146
53876 147
53908 148
53980 149
53986 150
54034 151
54169 152
54428 153
54438 154
54448 155
55064 156
55064 157
55065 158
55065 159
55140 160
55233 161
55237 162
55245 163
55336 164
55340 165
55351 166
55392 167
55392 168
55404 169
55478 170
55483 171
55500 172
55500 173
55500 174
55825 175
55882 176
55976 177
55976 178
55976 179
55981 180
55988 181
56060 182
56060 183
56065 184
56068 185
56101 186
56112 187
56129 188
56134 189
56135 190
56136 191
56138 192
56140 193
56141 194
56142 195
56220 196
56282 197
56310 198
56310 199
56311 200
56313 201
56315 202
56318 203
56319 204
56320 205
56407 206
56569 207
56574 208
56578 209
56638 210
56640 211
56644 212
56677 213
56726 214
56727 215
56730 216
56737 217
56822 218
56824 219
56832 220
56887 221
56889 222
56890 223
56891 224
56941 225
56956 226
56956 227
56964 228
56966 229
57132 230
57132 231
57133 232
57232 233
57265 234
57270 235
57272 236
57273 237
57273 238
57275 239
57277 240
57336 241
57339 242
57348 243
57389 244
57404 245
57444 246
57500 247
57500 248
57500 249
57528 250
57641 251
57641 252
57641 253
57736 254
57749 255
57837 256
57838 257
57838 258
57845 259
57946 260
58065 261
58121 262
58125 263
58125 264
58133 265
58148 266
58148 267
58158 268
58176 269
58181 270
58183 271
58396 272
58408 273
58408 274
58492 275
58492 276
58492 277
58493 278
58578 279
58580 280
58768 281
58801 282
58860 283
58860 284
58860 285
58948 286
58954 287
59078 288
59132 289
59144 290
59206 291
59256 292
59319 293
59384 294
59384 295
59509 296
59548 297
59548 298
59597 299
59599 300
59634 301
59740 302
60020 303
60049 304
60049 305
60053 306
60056 307
60121 308
60226 309
60500 310
60594 311
61113 312
61126 313
61691 314
61995 315
62474 316
62485 317
63233 318
64147 319
64886 320
64888 321
64888 322
65491 323
65706 324
66605 325
66723 326
66725 327
66731 328
67020 329
69052 330
71044 331
74148 332
74151 333
74153 334
74160 335
74161 336
74601 337
74608 338
74609 339
75185 340
75727 341
75729 342
76047 343
76052 344
76054 345
76485 346
76679 347
76690 348
76780 349
76897 350
77058 351
77058 352
77062 353
77072 354
77429 355
77432 356
77435 357
77442 358
77607 359
77609 360
77629 361
77629 362
77634 363
77636 364
77640 365
77646 366
77715 367
77716 368
77776 369
77785 370
77800 371
77912 372
78020 373
78075 374
78140 375
78140 376
78343 377
78454 378
78652 379
78656 380
78704 381
78802 382
78844 383
78889 384
78904 385
78910 386
78913 387
78944 388
78951 389
78952 390
79296 391
79296 392
79308 393
79311 394
79318 395
79364 396
79364 397
79368 398
79368 399
79543 400
79628 401
79997 402
80012 403
80052 404
80115 405
80148 406
80176 407
80490 408
80491 409
80493 410
80548 411
80712 412
80792 413
80796 414
81164 415
82035 416
82951 417
166033 418
166038 419
166040 420
166042 421
166289 422
166291 423
166299 424
166665 425
166672 426
166674 427
166677 428
166679 429
166679 430
166683 431
166685 432
166971 433
166976 434
167046 435
167048 436
167123 437
167310 438
167390 439
167395 440
167406 441
167420 442
167481 443
167560 444
167569 445
167928 446
167931 447
167937 448
167943 449
167943 450
167945 451
167947 452
167954 453
168122 454
168126 455
168132 456
168246 457
168372 458
168443 459
168447 460
168460 461
168589 462
168698 463
168727 464
168812 465
169054 466
169054 467
169054 468
169056 469
169057 470
169058 471
169058 472
169060 473
169064 474
169065 475
169068 476
169136 477
169145 478
169212 479
169290 480
169290 481
169418 482
169421 483
169449 484
169470 485
169470 486
169470 487
169470 488
169510 489
169601 490
169602 491
169612 492
169615 493
169616 494
169791 495
169808 496
169862 497
169970 498
169973 499
169998 500
170013 501
170019 502
170020 503
170021 504
170150 505
170172 506
170181 507
170234 508
170234 509
170290 510
170296 511
170429 512
170432 513
170433 514
170442 515
170446 516
170456 517
170459 518
170466 519
170580 520
170583 521
170586 522
170618 523
170658 524
170672 525
170687 526
170828 527
170835 528
170838 529
170934 530
170972 531
170973 532
170975 533
170975 534
170980 535
170982 536
171020 537
171020 538
171023 539
171263 540
171263 541
171263 542
171263 543
171263 544
171287 545
171291 546
171327 547
171329 548
171332 549
171339 550
171431 551
171432 552
171434 553
171451 554
171451 555
171469 556
171469 557
171469 558
171469 559
171470 560
171470 561
171613 562
171686 563
171688 564
171692 565
171692 566
171697 567
171838 568
171840 569
171861 570
171892 571
171894 572
171912 573
171972 574
171973 575
172064 576
172090 577
172227 578
172227 579
172234 580
172238 581
172255 582
172255 583
172294 584
172500 585
172582 586
172606 587
172606 588
172606 589
172631 590
172634 591
172701 592
172779 593
172962 594
172978 595
172990 596
173010 597
173088 598
173159 599
173160 600
173164 601
173170 602
173325 603
173349 604
173373 605
173375 606
173376 607
173376 608
173378 609
173385 610
173436 611
173440 612
173441 613
173447 614
173510 615
173571 616
173572 617
173577 618
173579 619
173580 620
173581 621
173585 622
173678 623
173704 624
173711 625
173742 626
173787 627
173788 628
173790 629
173796 630
173798 631
173798 632
173830 633
173897 634
173901 635
173917 636
173953 637
174016 638
174018 639
174082 640
174155 641
174158 642
174201 643
174298 644
174474 645
174477 646
174757 647
174894 648
174957 649
174958 650
175003 651
175078 652
175080 653
175082 654
175088 655
175207 656
175326 657
175366 658
175442 659
175452 660
175454 661
175806 662
176006 663
176014 664
176016 665
176270 666
176690 667
176847 668
177030 669
177030 670
177038 671
177043 672
177044 673
177046 674
177381 675
177592 676
177770 677
177946 678
177950 679
177950 680
177950 681
178018 682
178018 683
178222 684
178702 685
178702 686
178702 687
178732 688
178994 689
181710 690
181873 691
181878 692
181881 693
181885 694
182022 695
182032 696
182233 697
182449 698
182734 699
183036 700
183618 701
183625 702
183628 703
183631 704
183670 705
184000 706
184010 707
184029 708
184030 709
184034 710
184055 711
184185 712
184185 713
184198 714
184264 715
184696 716
184797 717
184813 718
184814 719
184817 720
184964 721
185209 722
185250 723
185483 724
185483 725
185488 726
185491 727
185491 728
185498 729
185498 730
185538 731
185543 732
185608 733
185896 734
185967 735
185969 736
185997 737
185999 738
186019 739
186019 740
186019 741
186019 742
186019 743
186030 744
186044 745
186208 746
186412 747
186481 748
186481 749
186484 750
186535 751
186650 752
186651 753
186652 754
186653 755
186658 756
186659 757
186660 758
186663 759
186670 760
186690 761
186799 762
186802 763
186802 764
186803 765
186808 766
186813 767
186847 768
186886 769
186910 770
187008 771
187157 772
187177 773
187182 774
187184 775
187186 776
187330 777
187338 778
187431 779
187515 780
187549 781
187574 782
187575 783
187625 784
187678 785
187690 786
187690 787
187692 788
187696 789
187706 790
187850 791
187857 792
187859 793
187861 794
187862 795
187863 796
187871 797
187873 798
187902 799
187902 800
187974 801
188014 802
188014 803
188242 804
188245 805
188246 806
188247 807
188247 808
188270 809
188270 810
188275 811
188276 812
188279 813
188286 814
188411 815
188427 816
188430 817
188431 818
188479 819
188586 820
188586 821
188586 822
188608 823
188658 824
188762 825
188862 826
188870 827
188921 828
188945 829
188969 830
188986 831
189039 832
189057 833
189061 834
189210 835
189210 836
189228 837
189230 838
189232 839
189236 840
189335 841
189401 842
189441 843
189458 844
189571 845
189571 846
189571 847
189602 848
189610 849
189674 850
189674 851
189705 852
189821 853
189951 854
189961 855
189962 856
189971 857
189973 858
189976 859
189976 860
189977 861
189977 862
189979 863
189985 864
189990 865
190042 866
190118 867
190118 868
190118 869
190126 870
190126 871
190126 872
190230 873
190279 874
190283 875
190378 876
190378 877
190378 878
190536 879
190539 880
190542 881
190570 882
190572 883
190572 884
190574 885
190600 886
190608 887
190646 888
190647 889
190648 890
190658 891
190658 892
190659 893
190662 894
190662 895
190779 896
190785 897
190786 898
190787 899
190790 900
190791 901
190791 902
190942 903
190956 904
191077 905
191119 906
191119 907
191191 908
191194 909
191295 910
191298 911
191302 912
191320 913
191491 914
191505 915
191505 916
191562 917
191662 918
191669 919
191845 920
191856 921
191940 922
191981 923
192029 924
192033 925
192098 926
192210 927
192210 928
192667 929
192673 930
192680 931
192702 932
192715 933
192715 934
192716 935
192798 936
192799 937
192938 938
192938 939
193012 940
193167 941
193174 942
193176 943
193179 944
193285 945
193294 946
193398 947
193664 948
193669 949
193704 950
193718 951
193718 952
193718 953
193875 954
193878 955
193886 956
193886 957
193886 958
193954 959
193954 960
193958 961
194100 962
194139 963
194174 964
194190 965
194243 966
194330 967
194332 968
194334 969
194337 970
194378 971
194378 972
194378 973
194474 974
194498 975
194526 976
194567 977
194622 978
194733 979
195008 980
195013 981
195027 982
195343 983
195367 984
195371 985
195374 986
195374 987
195378 988
195542 989
195714 990
195736 991
195738 992
195746 993
195748 994
195852 995
196059 996
196189 997
196191 998
196197 999
196230 1000
196236 1001
196263 1002
196264 1003
196291 1004
196364 1005
196365 1006
196376 1007
196377 1008
196421 1009
196430 1010
196433 1011
196434 1012
196434 1013
196488 1014
196548 1015
196920 1016
196964 1017
197122 1018
197122 1019
197179 1020
197186 1021
197365 1022
197724 1023
197733 1024
197736 1025
197736 1026
197755 1027
197755 1028
197755 1029
197755 1030
197756 1031
197894 1032
198090 1033
198110 1034
198176 1035
198262 1036
198262 1037
198303 1038
198398 1039
198499 1040
198499 1041
198499 1042
198578 1043
198674 1044
198685 1045
