4015 1
5057 2
5058 3
5062 4
5065 5
5066 6
5067 7
5067 8
5069 9
5071 10
5808 11
5809 12
5816 13
5816 14
5860 15
5863 16
5863 17
5869 18
5870 19
5879 20
6243 21
6525 22
6526 23
6590 24
6919 25
6963 26
7094 27
7096 28
7101 29
7101 30
7301 31
7303 32
7476 33
7691 34
7693 35
7972 36
7981 37
8029 38
8035 39
8038 40
8044 41
8046 42
8047 43
8050 44
8050 45
8056 46
8070 47
8258 48
8264 49
8268 50
8290 51
8299 52
8299 53
8301 54
8304 55
8324 56
8358 57
8684 58
8727 59
8728 60
8809 61
8849 62
8855 63
8898 64
8899 65
8921 66
8990 67
9041 68
9222 69
9255 70
9260 71
9265 72
9376 73
9377 74
9382 75
9388 76
9400 77
9422 78
9522 79
9530 80
9530 81
9598 82
9662 83
9678 84
9734 85
9749 86
9749 87
9750 88
9799 89
9804 90
9810 91
9913 92
9915 93
9938 94
9938 95
9942 96
10006 97
10008 98
10010 99
10022 100
10022 101
10022 102
10024 103
10028 104
10062 105
10070 106
10106 107
10108 108
10125 109
10130 110
10131 111
10170 112
10186 113
10229 114
10251 115
10285 116
10291 117
10306 118
10308 119
10409 120
10409 121
10410 122
10431 123
10438 124
10445 125
10446 126
10447 127
10474 128
10487 129
10526 130
10527 131
10530 132
10544 133
10566 134
10567 135
10617 136
10619 137
10662 138
10762 139
10810 140
10850 141
10853 142
10853 143
10853 144
10904 145
10966 146
10966 147
10974 148
11054 149
11086 150
11087 151
11098 152
11172 153
11173 154
11277 155
11279 156
11297 157
11322 158
11435 159
11608 160
11652 161
11655 162
11656 163
11779 164
11852 165
11855 166
11871 167
11883 168
11902 169
11904 170
11924 171
12026 172
12112 173
12112 174
12114 175
12116 176
12118 177
12119 178
12120 179
12120 180
12198 181
12201 182
12211 183
12214 184
12218 185
12271 186
12297 187
12297 188
12300 189
12314 190
12483 191
12492 192
12530 193
12531 194
12678 195
12783 196
12802 197
12818 198
12863 199
12881 200
13054 201
13055 202
13058 203
13062 204
13063 205
13106 206
13112 207
13115 208
13210 209
13215 210
13216 211
13216 212
13216 213
13279 214
13280 215
13282 216
13293 217
13338 218
13423 219
13434 220
13530 221
13536 222
13542 223
13548 224
13587 225
13588 226
13589 227
13589 228
13874 229
13875 230
13910 231
13916 232
13980 233
14078 234
14204 235
14260 236
14262 237
14286 238
14290 239
14293 240
14334 241
14571 242
14628 243
14637 244
14805 245
14815 246
14818 247
14985 248
14988 249
14988 250
14989 251
14994 252
15111 253
15142 254
15142 255
15143 256
15143 257
15143 258
15143 259
15144 260
15152 261
15204 262
15271 263
15470 264
15493 265
15505 266
15512 267
15516 268
15529 269
15533 270
15614 271
15615 272
15615 273
15618 274
15621 275
15621 276
15647 277
15648 278
15652 279
15742 280
15746 281
15753 282
15765 283
15890 284
15891 285
15950 286
16074 287
16074 288
16081 289
16082 290
16082 291
16087 292
16094 293
16095 294
16130 295
16166 296
16235 297
16236 298
16242 299
16266 300
16276 301
16282 302
16354 303
16358 304
16421 305
16441 306
16449 307
16450 308
16451 309
16451 310
16454 311
16455 312
16472 313
16479 314
16484 315
16494 316
16692 317
16699 318
16699 319
16702 320
16725 321
16744 322
16777 323
16781 324
16783 325
16783 326
16804 327
16810 328
16824 329
16824 330
16831 331
16894 332
16897 333
16897 334
16897 335
17015 336
17020 337
17046 338
17102 339
17111 340
17202 341
17205 342
17208 343
17209 344
17209 345
17214 346
17215 347
17216 348
17218 349
17292 350
17297 351
17298 352
17377 353
17401 354
17405 355
17497 356
17504 357
17507 358
17508 359
17514 360
17516 361
17545 362
17572 363
17627 364
17635 365
17642 366
17646 367
17668 368
17697 369
17706 370
17710 371
17712 372
17718 373
17724 374
17749 375
17750 376
17753 377
17904 378
17923 379
17958 380
17960 381
18063 382
18070 383
18081 384
18182 385
18281 386
18286 387
18295 388
18320 389
18401 390
18567 391
18646 392
18656 393
18657 394
18729 395
18752 396
18776 397
18784 398
18787 399
18788 400
19307 401
19322 402
19324 403
19331 404
19337 405
19543 406
19544 407
19609 408
19675 409
19685 410
19781 411
19821 412
20023 413
20231 414
20283 415
20307 416
20360 417
20377 418
20425 419
20446 420
20754 421
20802 422
20830 423
20902 424
21080 425
21083 426
21083 427
21087 428
21114 429
21118 430
21136 431
21146 432
21149 433
21150 434
21219 435
21219 436
21231 437
21231 438
21252 439
21255 440
21255 441
21257 442
21261 443
21263 444
21276 445
21375 446
21375 447
21413 448
21419 449
21419 450
21435 451
21446 452
21508 453
21509 454
21572 455
21581 456
21599 457
21599 458
21610 459
21614 460
21716 461
21735 462
21738 463
21740 464
21745 465
21746 466
21759 467
21759 468
21759 469
21759 470
21854 471
21878 472
21961 473
22038 474
22078 475
22082 476
22085 477
22095 478
22095 479
22097 480
22100 481
22103 482
22123 483
22177 484
22227 485
22227 486
22228 487
22228 488
22229 489
22242 490
22351 491
22351 492
22356 493
22359 494
22360 495
22491 496
22582 497
22591 498
22592 499
22595 500
22655 501
22691 502
22693 503
22723 504
22723 505
22728 506
22994 507
23003 508
23004 509
23033 510
23038 511
23038 512
23040 513
23085 514
23096 515
23110 516
23112 517
23200 518
23213 519
23367 520
23499 521
23539 522
23602 523
23621 524
23623 525
23649 526
23779 527
23834 528
23947 529
23958 530
23959 531
23971 532
23972 533
24015 534
24018 535
24038 536
24042 537
24044 538
24234 539
24244 540
24307 541
24361 542
24466 543
24526 544
24532 545
24547 546
24552 547
24747 548
24918 549
25004 550
25007 551
25008 552
25036 553
25043 554
25045 555
25100 556
25106 557
25167 558
25168 559
25178 560
25178 561
25179 562
25285 563
25297 564
25409 565
25411 566
25414 567
25460 568
25587 569
25815 570
25958 571
26013 572
26015 573
26017 574
26183 575
26190 576
26272 577
26503 578
26503 579
26503 580
26503 581
26559 582
26683 583
26683 584
26683 585
26696 586
26706 587
26762 588
26808 589
26808 590
26808 591
26808 592
26856 593
26856 594
26856 595
26856 596
26946 597
26987 598
27107 599
27143 600
27175 601
27176 602
27187 603
27236 604
27247 605
27247 606
27487 607
27503 608
27503 609
27519 610
27610 611
27612 612
27638 613
27676 614
27719 615
27803 616
27803 617
27803 618
27803 619
27982 620
27990 621
28083 622
28128 623
28173 624
28184 625
28186 626
28187 627
28285 628
28323 629
28355 630
28355 631
28355 632
28411 633
28411 634
28411 635
28670 636
28746 637
28903 638
28911 639
28919 640
29015 641
29055 642
29069 643
29073 644
29411 645
29411 646
29441 647
29783 648
29843 649
29946 650
30031 651
30223 652
30479 653
30479 654
30595 655
30595 656
30767 657
30767 658
30831 659
30836 660
30848 661
30850 662
30855 663
30915 664
31132 665
31191 666
31191 667
31207 668
31507 669
31589 670
31657 671
31659 672
31659 673
31659 674
31884 675
32642 676
32751 677
32948 678
33105 679
33106 680
33412 681
33416 682
34037 683
34038 684
34040 685
34052 686
34055 687
34058 688
34144 689
34153 690
34203 691
34210 692
34483 693
34554 694
34580 695
34585 696
34592 697
34592 698
34596 699
34632 700
34698 701
34744 702
34785 703
34882 704
35056 705
35095 706
35403 707
35405 708
35405 709
35406 710
35412 711
35413 712
35413 713
35413 714
35413 715
35416 716
35434 717
35590 718
35772 719
35834 720
35841 721
35843 722
35911 723
35919 724
35964 725
35971 726
36007 727
36025 728
36027 729
36027 730
36029 731
36034 732
36331 733
36337 734
36362 735
36430 736
36434 737
36437 738
36437 739
36440 740
36445 741
36448 742
36458 743
36484 744
36485 745
36488 746
36494 747
36654 748
36659 749
36716 750
36811 751
36812 752
36815 753
36823 754
36830 755
36839 756
36847 757
36851 758
36854 759
36855 760
36856 761
36864 762
36865 763
36870 764
36976 765
36993 766
36994 767
36997 768
37003 769
37173 770
37173 771
37216 772
37266 773
37269 774
37277 775
37300 776
37301 777
37318 778
37395 779
37402 780
37463 781
37497 782
37532 783
37670 784
37672 785
37675 786
37700 787
37748 788
37751 789
37758 790
37760 791
37779 792
37784 793
37835 794
37845 795
37850 796
37869 797
38067 798
38067 799
38067 800
38068 801
38071 802
38079 803
38081 804
38089 805
38090 806
38210 807
38212 808
38215 809
38220 810
38220 811
38223 812
38230 813
38375 814
38387 815
38397 816
38401 817
38451 818
38487 819
38493 820
38493 821
38511 822
38515 823
38597 824
38615 825
38640 826
38651 827
38657 828
38738 829
38775 830
38931 831
38931 832
38931 833
38941 834
38955 835
38976 836
39023 837
39056 838
39069 839
39162 840
39165 841
39187 842
39192 843
39281 844
39325 845
39439 846
39440 847
39441 848
39444 849
39495 850
39528 851
39533 852
39536 853
39547 854
39567 855
39663 856
39668 857
39741 858
39742 859
39929 860
39931 861
39932 862
39932 863
39934 864
39938 865
39939 866
40066 867
40102 868
40103 869
40114 870
40171 871
40219 872
40219 873
40259 874
40259 875
40259 876
40315 877
40355 878
40375 879
40402 880
40447 881
40571 882
40587 883
40630 884
40679 885
40784 886
40819 887
40827 888
40842 889
40850 890
41073 891
41076 892
41076 893
41080 894
41080 895
41279 896
41414 897
41418 898
41421 899
41422 900
41424 901
41428 902
41447 903
41450 904
41450 905
41454 906
41455 907
41459 908
41459 909
41459 910
41464 911
41492 912
41589 913
41596 914
41666 915
41713 916
41778 917
41904 918
41964 919
41970 920
42023 921
42118 922
42124 923
42161 924
42194 925
42194 926
42221 927
42222 928
42316 929
42316 930
42316 931
42316 932
42320 933
42364 934
42369 935
42376 936
42602 937
42606 938
42607 939
42607 940
42609 941
42613 942
42614 943
42649 944
42683 945
42696 946
42753 947
42850 948
42999 949
43120 950
43122 951
43123 952
43123 953
43124 954
43179 955
43283 956
43378 957
43439 958
43439 959
43439 960
43439 961
43447 962
43450 963
43454 964
43458 965
43459 966
43460 967
43461 968
43465 969
43468 970
43477 971
43535 972
43546 973
43623 974
43628 975
43671 976
43720 977
43727 978
43764 979
43764 980
43764 981
43827 982
44037 983
44068 984
44084 985
44141 986
44149 987
44255 988
44261 989
44283 990
44283 991
44283 992
44291 993
44311 994
44360 995
44360 996
44363 997
44367 998
44370 999
44391 1000
44430 1001
44581 1002
44607 1003
44607 1004
44608 1005
44635 1006
44766 1007
44779 1008
44791 1009
44791 1010
44795 1011
44796 1012
44801 1013
44814 1014
44907 1015
44908 1016
44924 1017
44940 1018
45063 1019
45151 1020
45179 1021
45523 1022
45533 1023
45535 1024
45663 1025
45671 1026
45715 1027
45811 1028
45813 1029
46031 1030
46036 1031
46036 1032
46037 1033
46039 1034
46045 1035
46194 1036
46271 1037
46288 1038
46320 1039
46441 1040
46467 1041
46467 1042
46467 1043
46467 1044
46471 1045
46479 1046
46484 1047
46492 1048
46493 1049
46498 1050
46548 1051
46555 1052
46559 1053
46560 1054
46643 1055
46666 1056
46672 1057
46851 1058
47019 1059
47024 1060
47024 1061
47041 1062
47044 1063
47044 1064
47129 1065
47130 1066
47135 1067
47158 1068
47321 1069
47322 1070
47331 1071
47359 1072
47363 1073
47373 1074
47375 1075
47375 1076
47375 1077
47375 1078
47383 1079
47389 1080
47463 1081
47465 1082
47469 1083
47487 1084
47579 1085
47584 1086
47596 1087
47662 1088
47664 1089
47671 1090
47672 1091
47695 1092
47695 1093
47715 1094
47742 1095
47747 1096
47748 1097
47769 1098
47770 1099
47781 1100
47845 1101
47846 1102
47852 1103
47853 1104
47923 1105
47939 1106
47962 1107
47963 1108
47965 1109
47972 1110
47982 1111
47991 1112
48010 1113
48022 1114
48067 1115
48077 1116
48077 1117
48079 1118
48128 1119
48133 1120
48148 1121
48148 1122
48148 1123
48148 1124
48195 1125
48213 1126
48227 1127
48288 1128
48295 1129
48296 1130
48299 1131
48306 1132
48309 1133
48323 1134
48363 1135
48491 1136
48491 1137
48495 1138
48529 1139
48579 1140
48640 1141
48649 1142
48650 1143
48652 1144
48700 1145
48704 1146
48762 1147
48796 1148
48805 1149
48809 1150
48812 1151
48846 1152
48861 1153
48864 1154
48866 1155
48870 1156
48873 1157
48897 1158
48903 1159
48905 1160
48953 1161
48955 1162
49026 1163
49151 1164
49151 1165
49154 1166
49156 1167
49162 1168
49247 1169
49248 1170
49255 1171
49299 1172
49375 1173
49395 1174
49395 1175
49404 1176
49411 1177
49411 1178
49431 1179
49436 1180
49450 1181
49530 1182
49533 1183
49541 1184
49551 1185
49551 1186
49551 1187
49551 1188
49597 1189
49602 1190
49616 1191
49623 1192
49627 1193
49628 1194
49690 1195
49750 1196
49814 1197
49820 1198
49975 1199
49975 1200
49980 1201
49986 1202
50013 1203
50015 1204
50015 1205
50015 1206
50015 1207
50015 1208
50024 1209
50099 1210
50134 1211
50137 1212
50140 1213
50144 1214
50144 1215
50147 1216
50151 1217
50267 1218
50271 1219
50279 1220
50291 1221
50363 1222
50395 1223
50402 1224
50437 1225
50443 1226
50464 1227
50483 1228
50491 1229
50534 1230
50691 1231
50814 1232
50816 1233
50816 1234
50816 1235
50820 1236
50824 1237
50825 1238
50851 1239
50978 1240
51031 1241
51041 1242
51098 1243
51106 1244
51346 1245
51363 1246
51375 1247
51427 1248
51484 1249
51487 1250
51525 1251
51544 1252
51752 1253
51754 1254
51758 1255
51858 1256
51859 1257
52089 1258
52281 1259
52294 1260
52848 1261
52851 1262
52885 1263
52975 1264
53005 1265
53005 1266
53010 1267
53590 1268
53599 1269
53600 1270
53602 1271
53642 1272
53644 1273
53649 1274
53650 1275
53655 1276
53700 1277
53902 1278
53943 1279
54051 1280
54143 1281
54150 1282
54151 1283
54155 1284
54157 1285
54161 1286
54162 1287
54201 1288
54202 1289
54303 1290
54519 1291
54521 1292
54815 1293
54884 1294
55111 1295
55133 1296
55345 1297
55587 1298
55589 1299
55815 1300
55821 1301
55821 1302
55823 1303
55826 1304
56361 1305
56491 1306
56498 1307
56943 1308
56951 1309
57011 1310
57242 1311
57247 1312
57438 1313
58051 1314
58307 1315
59057 1316
59255 1317
75051 1318
76123 1319
77609 1320
78264 1321
78269 1322
78271 1323
78278 1324
79098 1325
79470 1326
79510 1327
79633 1328
79640 1329
79641 1330
80420 1331
80425 1332
80793 1333
80798 1334
80800 1335
80859 1336
80861 1337
80870 1338
80929 1339
81061 1340
81173 1341
81258 1342
81260 1343
81261 1344
81261 1345
81267 1346
81267 1347
81268 1348
81269 1349
81392 1350
81396 1351
81475 1352
81772 1353
81882 1354
81884 1355
81888 1356
81888 1357
81900 1358
81960 1359
81981 1360
82121 1361
82167 1362
82249 1363
82267 1364
82334 1365
82427 1366
82428 1367
82428 1368
82428 1369
82428 1370
82509 1371
82531 1372
82548 1373
82553 1374
82556 1375
82560 1376
82570 1377
82695 1378
82914 1379
82943 1380
82956 1381
83138 1382
83191 1383
83249 1384
83272 1385
83275 1386
83643 1387
83644 1388
83794 1389
83795 1390
83805 1391
83919 1392
83947 1393
83948 1394
83948 1395
83969 1396
84106 1397
84107 1398
84111 1399
84120 1400
84296 1401
84311 1402
84399 1403
84489 1404
84553 1405
84756 1406
84810 1407
84817 1408
84861 1409
85032 1410
85035 1411
85036 1412
85039 1413
85081 1414
85204 1415
85563 1416
85567 1417
85571 1418
85572 1419
85603 1420
85636 1421
86125 1422
86132 1423
86397 1424
86442 1425
86443 1426
86447 1427
86451 1428
86631 1429
86784 1430
86791 1431
86893 1432
86898 1433
86899 1434
86901 1435
86904 1436
87154 1437
87160 1438
87195 1439
87201 1440
87202 1441
87204 1442
87204 1443
87211 1444
87219 1445
87238 1446
87366 1447
87470 1448
87475 1449
87475 1450
87643 1451
87731 1452
87851 1453
87865 1454
87953 1455
88005 1456
88099 1457
88145 1458
88146 1459
88146 1460
88147 1461
88147 1462
88150 1463
88152 1464
88516 1465
88591 1466
88634 1467
88701 1468
88718 1469
88723 1470
88756 1471
88761 1472
88761 1473
88767 1474
88771 1475
88793 1476
88794 1477
88796 1478
88796 1479
88821 1480
88996 1481
89003 1482
89005 1483
89005 1484
89007 1485
89008 1486
89008 1487
89012 1488
89038 1489
89087 1490
89094 1491
89101 1492
89165 1493
89172 1494
89197 1495
89220 1496
89228 1497
89228 1498
89228 1499
89231 1500
89232 1501
89366 1502
89368 1503
89371 1504
89374 1505
89374 1506
89407 1507
89408 1508
89471 1509
89475 1510
89476 1511
89498 1512
89500 1513
89501 1514
89504 1515
89535 1516
89595 1517
89602 1518
89693 1519
89749 1520
89755 1521
89862 1522
89866 1523
89867 1524
89867 1525
89867 1526
89872 1527
89876 1528
89887 1529
89947 1530
89948 1531
89948 1532
89951 1533
89960 1534
89974 1535
89975 1536
89976 1537
89977 1538
89978 1539
89980 1540
89982 1541
90025 1542
90056 1543
90058 1544
90067 1545
90115 1546
90127 1547
90128 1548
90164 1549
90335 1550
90342 1551
90399 1552
90400 1553
90403 1554
90407 1555
90481 1556
90483 1557
90484 1558
90487 1559
90490 1560
90494 1561
90496 1562
90498 1563
90501 1564
90504 1565
90528 1566
90551 1567
90552 1568
90565 1569
90566 1570
90574 1571
90627 1572
90627 1573
90630 1574
90634 1575
90728 1576
90728 1577
90728 1578
90728 1579
90728 1580
90728 1581
90737 1582
90758 1583
90759 1584
90774 1585
90788 1586
90788 1587
90837 1588
90911 1589
90996 1590
91000 1591
91005 1592
91011 1593
91011 1594
91043 1595
91071 1596
91099 1597
91138 1598
91155 1599
91175 1600
91179 1601
91182 1602
91184 1603
91185 1604
91185 1605
91224 1606
91227 1607
91293 1608
91334 1609
91334 1610
91450 1611
91491 1612
91550 1613
91557 1614
91562 1615
91599 1616
91715 1617
91739 1618
91746 1619
91772 1620
91778 1621
91823 1622
91824 1623
91832 1624
91833 1625
91900 1626
91911 1627
92031 1628
92112 1629
92112 1630
92319 1631
92328 1632
92328 1633
92367 1634
92372 1635
92374 1636
92376 1637
92410 1638
92412 1639
92413 1640
92505 1641
92591 1642
92593 1643
92601 1644
92607 1645
92742 1646
92806 1647
92868 1648
92868 1649
92868 1650
92868 1651
92868 1652
92898 1653
93000 1654
93012 1655
93045 1656
93056 1657
93363 1658
93389 1659
93423 1660
93472 1661
93472 1662
93500 1663
93540 1664
93540 1665
93540 1666
93548 1667
93548 1668
93636 1669
93642 1670
93644 1671
93648 1672
93703 1673
93788 1674
94015 1675
94063 1676
94074 1677
94076 1678
94227 1679
94234 1680
94241 1681
94249 1682
94249 1683
94257 1684
94274 1685
94603 1686
94680 1687
94737 1688
94747 1689
94819 1690
94828 1691
94829 1692
94830 1693
94877 1694
94881 1695
94882 1696
94885 1697
95011 1698
95011 1699
95015 1700
95151 1701
95157 1702
95161 1703
95165 1704
95188 1705
95188 1706
95200 1707
95281 1708
95354 1709
95375 1710
95395 1711
95463 1712
95473 1713
95476 1714
95531 1715
95632 1716
95691 1717
95796 1718
95796 1719
95796 1720
95892 1721
95892 1722
96217 1723
96245 1724
96437 1725
96466 1726
96497 1727
96497 1728
96497 1729
96499 1730
96501 1731
96508 1732
96524 1733
96600 1734
96602 1735
96606 1736
96610 1737
96620 1738
96638 1739
96724 1740
96814 1741
96876 1742
97004 1743
97009 1744
97011 1745
97011 1746
97012 1747
97013 1748
97014 1749
97209 1750
97216 1751
97221 1752
97341 1753
97344 1754
97379 1755
97483 1756
97554 1757
97558 1758
97665 1759
97763 1760
97770 1761
97897 1762
98468 1763
98984 1764
98986 1765
103075 1766
103894 1767
103898 1768
115185 1769
115186 1770
115187 1771
115188 1772
115195 1773
115943 1774
115943 1775
115946 1776
115950 1777
115952 1778
115952 1779
116081 1780
116084 1781
116172 1782
116182 1783
116185 1784
116404 1785
116407 1786
116408 1787
116548 1788
116557 1789
116662 1790
116662 1791
116663 1792
116667 1793
116833 1794
116845 1795
116916 1796
116975 1797
116983 1798
117157 1799
117216 1800
117294 1801
117354 1802
117479 1803
117482 1804
117736 1805
117806 1806
117857 1807
117985 1808
118031 1809
118231 1810
118233 1811
118234 1812
118270 1813
118346 1814
118352 1815
118484 1816
118489 1817
118491 1818
118710 1819
118710 1820
118814 1821
119025 1822
119033 1823
119228 1824
119228 1825
119252 1826
119291 1827
119376 1828
119551 1829
119558 1830
119559 1831
119561 1832
119565 1833
119566 1834
119655 1835
119661 1836
119696 1837
119781 1838
119869 1839
119882 1840
120018 1841
120020 1842
120088 1843
120088 1844
120088 1845
120088 1846
120170 1847
120172 1848
120178 1849
120185 1850
120233 1851
120248 1852
120432 1853
120528 1854
120528 1855
120596 1856
120656 1857
120661 1858
120662 1859
120692 1860
120692 1861
120875 1862
120883 1863
120968 1864
120968 1865
121112 1866
121236 1867
121236 1868
122342 1869
124502 1870
124597 1871
124975 1872
124976 1873
124977 1874
124979 1875
124982 1876
125457 1877
125462 1878
125465 1879
125465 1880
125467 1881
125523 1882
125526 1883
125529 1884
125531 1885
125534 1886
125537 1887
125551 1888
125658 1889
125659 1890
125661 1891
125776 1892
125779 1893
125846 1894
125849 1895
125849 1896
125852 1897
125852 1898
125853 1899
125859 1900
126090 1901
126169 1902
126171 1903
126179 1904
126279 1905
126285 1906
126300 1907
126536 1908
126549 1909
126610 1910
126628 1911
126631 1912
126636 1913
126639 1914
126723 1915
126801 1916
126833 1917
126838 1918
126838 1919
126944 1920
126953 1921
126980 1922
127089 1923
127389 1924
127396 1925
127398 1926
127516 1927
127526 1928
127558 1929
127666 1930
127685 1931
127700 1932
127751 1933
127764 1934
127888 1935
127943 1936
127980 1937
128031 1938
128039 1939
128040 1940
128045 1941
128047 1942
128049 1943
128268 1944
128326 1945
128336 1946
128337 1947
128340 1948
128340 1949
128356 1950
128430 1951
128576 1952
128583 1953
128725 1954
128740 1955
128740 1956
128741 1957
128748 1958
128750 1959
128969 1960
128969 1961
129096 1962
129096 1963
129096 1964
129151 1965
129152 1966
129230 1967
129272 1968
129288 1969
129353 1970
129358 1971
129480 1972
129480 1973
129480 1974
129508 1975
129548 1976
129548 1977
129548 1978
129549 1979
129554 1980
129557 1981
129880 1982
129918 1983
130020 1984
130022 1985
130026 1986
130388 1987
130524 1988
130538 1989
130550 1990
131013 1991
131014 1992
131426 1993
131429 1994
131430 1995
132695 1996
133273 1997
134504 1998
135142 1999
135149 2000
135180 2001
162570 2002
162648 2003
162648 2004
162845 2005
162845 2006
162854 2007
163235 2008
163235 2009
163242 2010
163405 2011
163670 2012
163982 2013
164066 2014
164066 2015
164071 2016
164302 2017
164365 2018
164922 2019
164985 2020
164994 2021
165040 2022
165290 2023
165665 2024
165728 2025
165730 2026
165738 2027
166016 2028
166057 2029
166210 2030
166211 2031
166354 2032
166354 2033
166399 2034
166762 2035
166869 2036
167049 2037
167201 2038
167379 2039
167387 2040
167451 2041
167581 2042
167581 2043
167969 2044
168021 2045
168021 2046
168025 2047
168357 2048
168421 2049
168426 2050
168427 2051
168429 2052
168431 2053
168433 2054
168517 2055
168517 2056
168517 2057
168613 2058
168613 2059
168613 2060
168613 2061
168790 2062
168824 2063
168824 2064
168861 2065
168885 2066
168890 2067
168891 2068
168901 2069
169078 2070
169094 2071
169095 2072
169106 2073
169121 2074
169137 2075
169175 2076
169261 2077
169382 2078
169383 2079
169513 2080
169522 2081
169750 2082
169751 2083
169822 2084
169827 2085
169849 2086
169854 2087
169917 2088
169926 2089
169934 2090
170269 2091
170269 2092
170269 2093
170929 2094
170930 2095
170932 2096
170963 2097
170963 2098
170963 2099
170963 2100
170963 2101
171245 2102
171319 2103
171345 2104
171345 2105
171345 2106
171349 2107
171349 2108
171356 2109
171558 2110
171580 2111
171583 2112
171586 2113
171620 2114
171681 2115
171801 2116
171801 2117
171841 2118
171850 2119
171921 2120
171921 2121
171921 2122
171938 2123
171938 2124
172093 2125
172267 2126
172276 2127
172325 2128
172511 2129
172538 2130
172657 2131
172657 2132
172745 2133
172745 2134
172776 2135
172787 2136
172788 2137
172800 2138
172806 2139
172870 2140
173101 2141
173144 2142
173255 2143
173256 2144
173261 2145
173264 2146
173267 2147
173353 2148
173353 2149
173357 2150
173488 2151
173494 2152
173972 2153
174033 2154
174036 2155
174039 2156
174040 2157
174047 2158
174081 2159
174226 2160
174325 2161
174328 2162
174384 2163
174530 2164
174534 2165
174537 2166
174697 2167
174792 2168
174793 2169
174793 2170
174793 2171
174793 2172
174793 2173
174929 2174
174984 2175
174984 2176
174987 2177
175066 2178
175074 2179
175077 2180
175078 2181
175160 2182
175217 2183
175217 2184
175217 2185
175299 2186
175305 2187
175349 2188
175354 2189
175397 2190
175418 2191
175464 2192
175472 2193
175674 2194
175677 2195
175685 2196
175727 2197
175735 2198
175738 2199
175747 2200
175753 2201
175753 2202
175769 2203
175843 2204
175848 2205
175868 2206
175873 2207
175893 2208
176037 2209
176037 2210
176037 2211
176057 2212
176143 2213
176150 2214
176243 2215
176324 2216
176410 2217
176500 2218
176777 2219
176847 2220
176959 2221
176961 2222
177160 2223
177188 2224
177344 2225
177359 2226
177367 2227
177459 2228
177464 2229
177467 2230
177534 2231
177534 2232
177537 2233
177538 2234
177541 2235
177565 2236
177779 2237
177835 2238
177902 2239
177910 2240
178214 2241
178216 2242
178222 2243
178223 2244
178224 2245
178275 2246
178366 2247
178378 2248
178381 2249
178581 2250
178582 2251
178584 2252
178596 2253
178698 2254
178751 2255
178972 2256
179067 2257
179076 2258
179096 2259
179219 2260
179236 2261
179269 2262
179272 2263
179275 2264
179363 2265
179429 2266
179476 2267
179649 2268
179973 2269
180144 2270
180289 2271
180294 2272
180547 2273
180657 2274
180889 2275
180987 2276
180987 2277
180989 2278
180996 2279
181249 2280
181266 2281
181634 2282
181635 2283
181685 2284
182552 2285
182852 2286
182854 2287
182862 2288
183090 2289
183432 2290
183518 2291
183545 2292
183554 2293
184447 2294
184451 2295
184501 2296
184820 2297
184843 2298
184852 2299
184853 2300
185002 2301
185131 2302
185390 2303
185395 2304
185395 2305
185397 2306
185679 2307
185711 2308
185713 2309
185717 2310
185717 2311
185792 2312
185805 2313
186162 2314
186478 2315
186481 2316
186484 2317
186488 2318
186490 2319
186561 2320
186576 2321
186597 2322
186604 2323
186844 2324
186865 2325
186866 2326
186869 2327
186871 2328
186879 2329
186882 2330
187013 2331
187116 2332
187221 2333
187229 2334
187231 2335
187315 2336
187465 2337
187465 2338
187753 2339
187753 2340
187765 2341
187786 2342
187790 2343
187810 2344
187815 2345
187817 2346
187957 2347
187957 2348
188004 2349
188481 2350
188489 2351
188493 2352
188605 2353
188605 2354
188891 2355
188921 2356
188936 2357
189065 2358
189221 2359
189345 2360
189537 2361
189538 2362
189565 2363
189729 2364
189977 2365
190173 2366
190671 2367
190673 2368
190674 2369
191041 2370
191041 2371
191436 2372
191441 2373
191494 2374
191633 2375
191853 2376
191853 2377
191853 2378
192181 2379
192181 2380
192181 2381
192182 2382
192189 2383
192325 2384
192332 2385
192389 2386
192422 2387
192633 2388
192633 2389
192637 2390
192647 2391
192690 2392
192692 2393
192698 2394
193041 2395
193217 2396
193350 2397
193404 2398
193464 2399
193503 2400
193732 2401
193736 2402
193877 2403
193966 2404
193993 2405
193998 2406
193999 2407
194009 2408
194318 2409
194805 2410
194807 2411
194813 2412
195058 2413
195062 2414
195094 2415
195153 2416
195247 2417
195425 2418
195427 2419
195549 2420
195559 2421
195623 2422
195791 2423
195798 2424
195818 2425
195966 2426
195969 2427
196379 2428
196549 2429
196715 2430
197056 2431
197057 2432
197067 2433
197070 2434
197085 2435
197169 2436
197178 2437
197413 2438
197414 2439
197419 2440
197554 2441
197685 2442
197745 2443
197758 2444
198074 2445
198117 2446
198119 2447
198180 2448
198390 2449
198390 2450
198396 2451
198397 2452
