61 1
100 2
253 3
259 4
285 5
288 6
294 7
333 8
333 9
355 10
363 11
363 12
430 13
430 14
499 15
605 16
607 17
611 18
611 19
613 20
685 21
703 22
761 23
776 24
829 25
830 26
832 27
836 28
965 29
968 30
970 31
971 32
1066 33
1152 34
1152 35
1155 36
1155 37
1157 38
1159 39
1161 40
1162 41
1162 42
1162 43
1163 44
1164 45
1263 46
1325 47
1333 48
1369 49
1419 50
1440 51
1476 52
1586 53
1667 54
1821 55
1842 56
1847 57
1849 58
1850 59
1853 60
1855 61
1917 62
1917 63
2076 64
2288 65
2289 66
2290 67
2291 68
2294 69
2300 70
2327 71
2443 72
2561 73
2562 74
2574 75
2986 76
2992 77
3213 78
3232 79
3261 80
3265 81
3468 82
3549 83
3551 84
3564 85
3568 86
3577 87
3592 88
3648 89
3769 90
3769 91
3773 92
3774 93
4016 94
4026 95
4113 96
4114 97
4115 98
4131 99
4135 100
4140 101
4396 102
4403 103
4513 104
4541 105
4882 106
4897 107
4917 108
5073 109
5077 110
5225 111
5293 112
5293 113
5610 114
5615 115
5749 116
5990 117
6153 118
7080 119
8188 120
8551 121
8561 122
8561 123
8777 124
8779 125
9312 126
9322 127
9434 128
9446 129
9680 130
9684 131
9964 132
9989 133
10337 134
10507 135
11161 136
11251 137
11252 138
11255 139
11604 140
11606 141
11626 142
11909 143
11909 144
11912 145
12205 146
12207 147
12207 148
12596 149
12633 150
12661 151
12672 152
12674 153
12875 154
12893 155
12960 156
13238 157
13348 158
13349 159
13351 160
13360 161
13755 162
13757 163
13760 164
13761 165
13779 166
13783 167
13784 168
13786 169
13881 170
13882 171
13882 172
13885 173
13892 174
13955 175
13959 176
14122 177
14352 178
14462 179
14465 180
14477 181
14487 182
14491 183
14560 184
14576 185
14584 186
14586 187
14945 188
14945 189
14946 190
14946 191
14953 192
15410 193
15561 194
15769 195
15769 196
15770 197
15893 198
16073 199
16073 200
16137 201
16261 202
16452 203
16503 204
16785 205
16871 206
16876 207
17623 208
17771 209
17925 210
25218 211
25613 212
26272 213
26273 214
26275 215
26276 216
26284 217
26286 218
26734 219
26735 220
26840 221
26840 222
26846 223
26849 224
27002 225
27013 226
27191 227
27208 228
27209 229
27213 230
27219 231
27224 232
27229 233
27263 234
27269 235
27271 236
27271 237
27320 238
27321 239
27420 240
27493 241
27501 242
27534 243
27564 244
27645 245
27720 246
27768 247
28087 248
28168 249
28233 250
28265 251
28266 252
28294 253
28354 254
28362 255
28444 256
28447 257
28451 258
28456 259
28785 260
28793 261
28793 262
28794 263
28798 264
28881 265
28882 266
29173 267
29192 268
29320 269
29421 270
29461 271
29513 272
29529 273
29597 274
29967 275
29971 276
29973 277
30038 278
30048 279
30052 280
30053 281
30056 282
30123 283
30138 284
30297 285
30450 286
30451 287
30451 288
30517 289
30538 290
31361 291
31424 292
42255 293
42697 294
42710 295
68637 296
68950 297
187697 298
188857 299
188859 300
188860 301
188863 302
188980 303
188980 304
188986 305
192555 306
192865 307
193733 308
193778 309
193781 310
194054 311
194058 312
194253 313
194617 314
194619 315
194620 316
194735 317
194983 318
195055 319
195068 320
195427 321
195445 322
195449 323
195746 324
195786 325
195792 326
195910 327
196034 328
196037 329
196040 330
196086 331
196091 332
196091 333
196092 334
196093 335
196095 336
196221 337
196226 338
196345 339
196346 340
196347 341
196352 342
196357 343
196365 344
196437 345
196439 346
196476 347
196736 348
196761 349
196820 350
196922 351
197004 352
197004 353
197004 354
197015 355
197220 356
197221 357
197234 358
197280 359
197280 360
197280 361
197280 362
197736 363
197772 364
197774 365
197774 366
197881 367
197884 368
197952 369
198020 370
198052 371
198145 372
198251 373
198324 374
198324 375
198324 376
198404 377
198420 378
198420 379
198538 380
198804 381
