46 1
52 2
63 3
64 4
64 5
118 6
199 7
199 8
200 9
267 10
268 11
318 12
326 13
340 14
375 15
418 16
429 17
572 18
579 19
636 20
651 21
651 22
665 23
691 24
691 25
722 26
726 27
733 28
755 29
827 30
829 31
830 32
1001 33
1032 34
1101 35
1259 36
1270 37
1335 38
1335 39
1335 40
1336 41
1344 42
1347 43
1372 44
1447 45
1533 46
1566 47
1627 48
1627 49
1707 50
1708 51
1716 52
1743 53
1744 54
1865 55
2007 56
2151 57
2207 58
2212 59
2250 60
2265 61
2323 62
2379 63
2383 64
2383 65
2387 66
2424 67
2455 68
2455 69
2581 70
2607 71
2607 72
2607 73
2607 74
2611 75
2620 76
2684 77
2795 78
2798 79
2800 80
2887 81
2887 82
2887 83
2907 84
2913 85
2916 86
2930 87
2935 88
2969 89
2970 90
3149 91
3152 92
3153 93
3179 94
3179 95
3179 96
3183 97
3184 98
3251 99
3255 100
3392 101
3452 102
3476 103
3478 104
3485 105
3509 106
3596 107
3607 108
3675 109
3680 110
3712 111
3716 112
3721 113
3867 114
3898 115
3898 116
3940 117
3942 118
3943 119
3956 120
3957 121
3975 122
3975 123
3976 124
3979 125
4055 126
4113 127
4267 128
4291 129
4317 130
4476 131
4499 132
4499 133
4499 134
4503 135
4509 136
4516 137
4527 138
4591 139
4620 140
4623 141
4626 142
4628 143
4649 144
4809 145
4854 146
4858 147
4860 148
4867 149
4942 150
4998 151
5007 152
5020 153
5038 154
5040 155
5047 156
5118 157
5119 158
5196 159
5254 160
5405 161
5425 162
5481 163
5484 164
5493 165
5497 166
5499 167
5503 168
5511 169
5513 170
5514 171
5603 172
5605 173
5610 174
5789 175
5899 176
5949 177
5953 178
6040 179
6091 180
6096 181
6098 182
6106 183
6167 184
6189 185
6303 186
6304 187
6309 188
6311 189
6351 190
6363 191
6406 192
6468 193
6474 194
6563 195
6630 196
6733 197
6941 198
6942 199
6952 200
6955 201
7155 202
7163 203
7182 204
7191 205
7293 206
7327 207
7351 208
7401 209
7518 210
7584 211
7595 212
7719 213
7726 214
7726 215
7757 216
7762 217
7764 218
7787 219
7915 220
7915 221
8030 222
8102 223
8107 224
8129 225
8378 226
8540 227
8611 228
8623 229
8818 230
8819 231
8917 232
9121 233
9190 234
9192 235
9197 236
9559 237
9614 238
9790 239
9976 240
9977 241
10152 242
10207 243
10210 244
10214 245
10631 246
10645 247
10866 248
10874 249
10874 250
10878 251
11135 252
11244 253
11311 254
11366 255
11378 256
11378 257
11619 258
11723 259
12044 260
12094 261
12099 262
12100 263
12202 264
12210 265
12212 266
12597 267
12675 268
12678 269
12683 270
12687 271
12717 272
12784 273
12808 274
13097 275
13238 276
13267 277
13323 278
13591 279
13601 280
13828 281
13918 282
13920 283
13966 284
13976 285
14145 286
14156 287
14166 288
14255 289
14259 290
14269 291
14301 292
14468 293
14483 294
14496 295
14783 296
14783 297
14787 298
14792 299
14795 300
14795 301
14796 302
14822 303
14834 304
14842 305
14863 306
15095 307
15104 308
15104 309
15439 310
15450 311
15588 312
15676 313
15714 314
15883 315
15965 316
16253 317
16258 318
16405 319
16551 320
16555 321
16979 322
17059 323
17059 324
17063 325
17227 326
17335 327
17335 328
17335 329
17336 330
17365 331
17411 332
17419 333
17419 334
17734 335
17741 336
17802 337
17843 338
18055 339
18056 340
18061 341
18061 342
18071 343
18107 344
18624 345
84779 346
85482 347
85483 348
85861 349
86106 350
86108 351
86658 352
86660 353
86664 354
86669 355
87048 356
87066 357
87632 358
87775 359
87812 360
88144 361
88147 362
88150 363
88498 364
88664 365
88674 366
88792 367
88795 368
88799 369
88799 370
88804 371
89077 372
89078 373
89078 374
89084 375
89089 376
89092 377
89095 378
89362 379
89364 380
89366 381
89369 382
89370 383
89370 384
89371 385
89595 386
89596 387
89598 388
89602 389
89603 390
89604 391
89609 392
89641 393
89642 394
89643 395
89656 396
89720 397
89728 398
89735 399
89739 400
89755 401
89757 402
89762 403
89911 404
89955 405
89970 406
90050 407
90054 408
90284 409
90289 410
90408 411
90494 412
90577 413
90588 414
90597 415
90598 416
90600 417
90601 418
90605 419
90605 420
90605 421
90605 422
90607 423
90608 424
90609 425
90612 426
90668 427
90706 428
90714 429
90716 430
90852 431
90930 432
90931 433
91020 434
91025 435
91026 436
91027 437
91034 438
91186 439
91186 440
91187 441
91195 442
91223 443
91225 444
91242 445
91255 446
91257 447
91262 448
91262 449
91341 450
91352 451
91392 452
91400 453
91401 454
91407 455
91414 456
91414 457
91422 458
91488 459
91488 460
91553 461
91556 462
91563 463
91567 464
91610 465
91616 466
91622 467
91660 468
91727 469
91735 470
91780 471
91783 472
91786 473
91792 474
91865 475
91866 476
91903 477
92027 478
92089 479
92089 480
92089 481
92090 482
92090 483
92092 484
92120 485
92184 486
92184 487
92224 488
92286 489
92313 490
92317 491
92361 492
92435 493
92436 494
92439 495
92445 496
92471 497
92560 498
92664 499
92664 500
92664 501
92665 502
92666 503
92720 504
92735 505
92789 506
92794 507
92796 508
92841 509
92844 510
92847 511
92948 512
93011 513
93021 514
93029 515
93144 516
93257 517
93279 518
93284 519
93285 520
93396 521
93404 522
93412 523
93413 524
93420 525
93524 526
93531 527
93616 528
93648 529
93651 530
93719 531
93725 532
93726 533
93727 534
93728 535
93759 536
93775 537
93787 538
93787 539
93793 540
93793 541
93801 542
93820 543
93880 544
93884 545
94034 546
94103 547
94151 548
94151 549
94161 550
94162 551
94163 552
94167 553
94190 554
94192 555
94197 556
94201 557
94207 558
94209 559
94218 560
94294 561
94297 562
94309 563
94328 564
94401 565
94464 566
94464 567
94525 568
94528 569
94532 570
94549 571
94619 572
94628 573
94662 574
94676 575
94713 576
94728 577
94728 578
94728 579
94729 580
94729 581
94737 582
94741 583
94822 584
94823 585
94844 586
94871 587
94872 588
94920 589
94965 590
94968 591
94976 592
94987 593
95084 594
95089 595
95122 596
95123 597
95129 598
95132 599
95134 600
95138 601
95143 602
95168 603
95233 604
95234 605
95264 606
95264 607
95265 608
95268 609
95400 610
95454 611
95454 612
95454 613
95455 614
95495 615
95563 616
95573 617
95581 618
95621 619
95632 620
95632 621
95714 622
95724 623
95731 624
95732 625
95762 626
95779 627
95788 628
95799 629
95811 630
95936 631
95985 632
95987 633
95991 634
96132 635
96169 636
96267 637
96328 638
96337 639
96445 640
96453 641
96462 642
96463 643
96525 644
96570 645
96570 646
96571 647
96575 648
96629 649
96629 650
96801 651
96815 652
96928 653
96931 654
97048 655
97049 656
97068 657
97125 658
97132 659
97140 660
97187 661
97188 662
97249 663
97347 664
97356 665
97448 666
97448 667
97481 668
97490 669
97497 670
97528 671
97537 672
97663 673
97663 674
97670 675
97671 676
97672 677
97672 678
97673 679
97764 680
97856 681
97908 682
97908 683
97913 684
97928 685
97928 686
97929 687
98015 688
98017 689
98018 690
98027 691
98046 692
98061 693
98070 694
98071 695
98071 696
98152 697
98181 698
98188 699
98188 700
98198 701
98260 702
98292 703
98374 704
98378 705
98408 706
98452 707
98453 708
98453 709
98456 710
98469 711
98512 712
98555 713
98556 714
98556 715
98564 716
98588 717
98595 718
98656 719
98709 720
98843 721
98848 722
98852 723
98861 724
98949 725
98969 726
98970 727
98977 728
99016 729
99047 730
99051 731
99211 732
99216 733
99218 734
99219 735
99223 736
99241 737
99404 738
99554 739
99567 740
99571 741
99644 742
99758 743
99769 744
99839 745
99872 746
99946 747
99948 748
99950 749
99968 750
100141 751
100251 752
100263 753
100615 754
100615 755
100692 756
100693 757
100733 758
100870 759
100872 760
100984 761
100992 762
101160 763
101176 764
101176 765
101244 766
101364 767
101441 768
101450 769
101492 770
101495 771
101497 772
101498 773
101501 774
101604 775
101661 776
101680 777
101690 778
101693 779
101693 780
101724 781
101728 782
101876 783
102006 784
102014 785
102040 786
102040 787
102041 788
102054 789
102098 790
102179 791
102179 792
102356 793
102437 794
102480 795
102480 796
102481 797
102529 798
102573 799
102600 800
102664 801
102775 802
102784 803
102942 804
102972 805
102987 806
103005 807
103141 808
103144 809
103144 810
103148 811
103192 812
103232 813
103236 814
103340 815
103345 816
103345 817
103536 818
103536 819
103560 820
103608 821
103712 822
103718 823
103719 824
103723 825
103851 826
103862 827
104004 828
104005 829
104184 830
104192 831
104270 832
104299 833
104303 834
104375 835
104747 836
104784 837
104889 838
104896 839
104896 840
104896 841
104980 842
105335 843
105341 844
105342 845
105346 846
105694 847
105696 848
105701 849
105705 850
105883 851
105885 852
105888 853
106154 854
106328 855
106430 856
106435 857
106546 858
106553 859
106556 860
107248 861
107249 862
107250 863
107296 864
107363 865
107695 866
107750 867
107793 868
107802 869
108018 870
108120 871
108126 872
108706 873
108707 874
109016 875
135034 876
135039 877
135752 878
135754 879
135755 880
135756 881
135757 882
135764 883
135854 884
135862 885
135863 886
135867 887
135891 888
135894 889
135895 890
135897 891
135898 892
135899 893
135900 894
135902 895
135908 896
136152 897
136165 898
136167 899
136346 900
136359 901
136368 902
136373 903
136374 904
136481 905
136560 906
136590 907
136687 908
136695 909
136920 910
136989 911
136996 912
137359 913
137365 914
137597 915
137599 916
137735 917
137737 918
137740 919
137755 920
137763 921
137764 922
137776 923
137996 924
138000 925
138000 926
138002 927
138004 928
138071 929
138075 930
138152 931
138203 932
138337 933
138338 934
138338 935
138339 936
138341 937
138345 938
138348 939
138349 940
138445 941
138475 942
138573 943
138749 944
138839 945
138934 946
138938 947
138939 948
138941 949
138942 950
138945 951
138949 952
138951 953
138954 954
138967 955
138969 956
138970 957
138978 958
138980 959
138988 960
139022 961
139022 962
139044 963
139074 964
139077 965
139077 966
139081 967
139123 968
139125 969
139214 970
139215 971
139218 972
139220 973
139226 974
139447 975
139481 976
139482 977
139505 978
139514 979
139544 980
139546 981
139548 982
139550 983
139618 984
139635 985
139658 986
139658 987
139658 988
139658 989
139658 990
139684 991
139721 992
139729 993
139769 994
139871 995
139877 996
139888 997
139894 998
139894 999
139895 1000
139897 1001
139897 1002
139899 1003
139900 1004
139900 1005
139904 1006
139908 1007
139908 1008
139964 1009
140033 1010
140120 1011
140125 1012
140162 1013
140162 1014
140169 1015
140173 1016
140181 1017
140189 1018
140205 1019
140252 1020
140254 1021
140261 1022
140261 1023
140273 1024
140347 1025
140349 1026
140355 1027
140360 1028
140376 1029
140380 1030
140475 1031
140486 1032
140505 1033
140512 1034
140514 1035
140515 1036
140637 1037
140637 1038
140637 1039
140637 1040
140637 1041
140637 1042
140673 1043
140717 1044
140717 1045
140717 1046
140717 1047
140769 1048
140773 1049
140817 1050
140817 1051
140857 1052
140877 1053
140877 1054
140877 1055
140877 1056
140877 1057
140897 1058
140970 1059
140971 1060
140973 1061
140974 1062
140987 1063
140991 1064
140991 1065
141109 1066
141128 1067
141178 1068
141233 1069
141233 1070
141236 1071
141249 1072
141251 1073
141251 1074
141329 1075
141329 1076
141329 1077
141329 1078
141330 1079
141332 1080
141334 1081
141336 1082
141338 1083
141392 1084
141396 1085
141447 1086
141457 1087
141457 1088
141457 1089
141457 1090
141469 1091
141469 1092
141475 1093
141493 1094
141524 1095
141537 1096
141653 1097
141653 1098
141660 1099
141772 1100
141947 1101
141951 1102
141993 1103
141993 1104
141993 1105
142089 1106
142145 1107
142152 1108
142157 1109
142167 1110
142182 1111
142185 1112
142186 1113
142187 1114
142192 1115
142197 1116
142365 1117
142474 1118
142474 1119
142475 1120
142476 1121
142479 1122
142480 1123
142484 1124
142486 1125
142489 1126
142511 1127
142521 1128
142521 1129
142585 1130
142619 1131
142619 1132
142630 1133
142653 1134
142663 1135
142669 1136
142680 1137
142682 1138
142783 1139
142801 1140
142805 1141
142806 1142
142808 1143
142814 1144
142984 1145
142990 1146
143002 1147
143049 1148
143049 1149
143056 1150
143080 1151
143133 1152
143137 1153
143189 1154
143190 1155
143194 1156
143196 1157
143209 1158
143211 1159
143270 1160
143271 1161
143272 1162
143274 1163
143279 1164
143279 1165
143279 1166
143284 1167
143353 1168
143364 1169
143394 1170
143396 1171
143399 1172
143456 1173
143511 1174
143511 1175
143520 1176
143535 1177
143585 1178
143623 1179
143625 1180
143777 1181
143802 1182
143829 1183
143829 1184
143834 1185
143834 1186
143834 1187
143835 1188
143835 1189
143835 1190
143839 1191
143842 1192
143883 1193
143907 1194
143998 1195
144061 1196
144061 1197
144076 1198
144091 1199
144175 1200
144275 1201
144280 1202
144281 1203
144297 1204
144309 1205
144347 1206
144365 1207
144481 1208
144608 1209
144609 1210
144609 1211
144609 1212
144653 1213
144653 1214
144653 1215
144654 1216
144660 1217
144720 1218
144725 1219
144728 1220
144761 1221
145162 1222
145179 1223
145317 1224
145356 1225
145376 1226
145574 1227
145581 1228
145633 1229
145880 1230
145898 1231
146439 1232
146441 1233
146442 1234
146443 1235
146578 1236
146584 1237
146587 1238
146589 1239
146683 1240
146779 1241
146782 1242
146952 1243
147087 1244
147092 1245
147140 1246
147706 1247
147710 1248
147711 1249
147711 1250
147712 1251
147717 1252
147717 1253
147944 1254
148028 1255
148075 1256
148078 1257
148081 1258
148085 1259
148140 1260
148368 1261
148505 1262
148525 1263
148566 1264
148712 1265
148733 1266
149509 1267
149509 1268
149509 1269
149719 1270
149792 1271
149792 1272
149793 1273
149804 1274
149882 1275
149889 1276
150004 1277
150125 1278
150258 1279
150293 1280
150293 1281
150293 1282
150393 1283
150406 1284
150447 1285
150578 1286
150608 1287
150665 1288
150718 1289
150729 1290
150745 1291
150745 1292
150914 1293
150914 1294
150957 1295
151141 1296
151217 1297
151217 1298
151217 1299
151411 1300
151489 1301
151585 1302
151719 1303
151845 1304
151853 1305
152228 1306
152228 1307
152234 1308
152238 1309
152243 1310
152301 1311
152345 1312
152459 1313
152546 1314
152684 1315
152763 1316
152763 1317
152765 1318
152851 1319
153065 1320
153078 1321
153079 1322
153101 1323
153204 1324
153208 1325
153211 1326
153214 1327
153215 1328
153221 1329
153479 1330
153488 1331
153575 1332
153584 1333
153681 1334
153787 1335
153839 1336
153866 1337
154016 1338
154158 1339
154355 1340
154357 1341
154453 1342
154486 1343
154754 1344
154769 1345
154804 1346
154905 1347
154908 1348
154909 1349
154909 1350
154910 1351
154958 1352
154961 1353
155044 1354
155197 1355
155215 1356
155449 1357
155559 1358
155565 1359
155569 1360
155965 1361
156037 1362
156041 1363
156041 1364
156045 1365
156052 1366
156053 1367
156409 1368
156414 1369
156416 1370
156448 1371
156455 1372
156525 1373
156529 1374
156713 1375
156721 1376
156769 1377
156769 1378
156769 1379
156769 1380
156892 1381
157061 1382
157097 1383
157097 1384
157106 1385
157141 1386
157141 1387
157164 1388
157221 1389
157234 1390
157269 1391
157320 1392
157331 1393
157581 1394
157602 1395
157602 1396
157602 1397
157602 1398
157603 1399
157603 1400
157669 1401
157679 1402
157680 1403
157755 1404
157755 1405
157757 1406
157761 1407
157794 1408
157794 1409
157794 1410
157985 1411
157985 1412
157997 1413
158009 1414
158042 1415
158044 1416
158127 1417
158134 1418
158252 1419
158253 1420
158256 1421
158262 1422
158264 1423
158278 1424
158369 1425
158369 1426
158479 1427
158521 1428
158530 1429
158547 1430
158616 1431
158619 1432
158622 1433
158626 1434
158628 1435
158635 1436
158678 1437
158706 1438
158740 1439
158740 1440
158745 1441
158746 1442
158746 1443
158764 1444
158785 1445
158789 1446
158849 1447
158865 1448
158871 1449
159044 1450
159123 1451
159134 1452
159187 1453
159192 1454
159259 1455
159353 1456
159362 1457
159363 1458
159393 1459
159394 1460
159397 1461
159428 1462
159551 1463
159555 1464
159557 1465
159560 1466
159566 1467
159619 1468
159691 1469
159730 1470
159754 1471
159894 1472
160101 1473
160107 1474
160109 1475
160111 1476
160112 1477
160267 1478
160333 1479
160380 1480
160387 1481
160409 1482
160484 1483
160741 1484
160766 1485
160792 1486
160857 1487
160952 1488
161072 1489
161078 1490
161080 1491
161082 1492
161105 1493
161219 1494
161271 1495
161272 1496
161273 1497
161309 1498
161312 1499
161357 1500
161414 1501
161415 1502
161416 1503
161424 1504
161433 1505
161436 1506
161446 1507
161502 1508
161506 1509
161718 1510
161720 1511
161973 1512
162044 1513
162089 1514
162089 1515
162113 1516
162117 1517
162119 1518
162283 1519
162290 1520
162353 1521
162409 1522
162450 1523
162470 1524
162475 1525
162484 1526
162490 1527
162629 1528
162689 1529
162743 1530
162748 1531
162753 1532
162757 1533
162813 1534
162909 1535
162913 1536
163040 1537
163043 1538
163045 1539
163060 1540
163061 1541
163061 1542
163063 1543
163066 1544
163071 1545
163071 1546
163087 1547
163092 1548
163193 1549
163206 1550
163207 1551
163210 1552
163240 1553
163246 1554
163247 1555
163253 1556
163257 1557
163258 1558
163262 1559
163264 1560
163269 1561
163270 1562
163271 1563
163384 1564
163485 1565
163489 1566
163490 1567
163615 1568
163783 1569
163787 1570
163788 1571
163791 1572
163813 1573
163813 1574
164017 1575
164033 1576
164033 1577
164033 1578
164084 1579
164094 1580
164259 1581
164349 1582
164349 1583
164349 1584
164349 1585
164350 1586
164353 1587
164353 1588
164360 1589
164368 1590
164449 1591
164459 1592
164461 1593
164512 1594
164521 1595
164522 1596
164728 1597
164905 1598
165077 1599
165101 1600
165112 1601
165113 1602
165114 1603
165117 1604
165361 1605
165361 1606
165361 1607
165501 1608
165517 1609
165550 1610
165551 1611
165560 1612
165691 1613
165693 1614
165737 1615
165894 1616
165929 1617
166023 1618
166053 1619
166289 1620
166289 1621
166289 1622
166306 1623
166636 1624
166656 1625
166829 1626
166829 1627
166829 1628
166842 1629
167017 1630
167049 1631
167421 1632
167421 1633
167461 1634
167474 1635
167484 1636
167494 1637
167502 1638
167502 1639
167503 1640
167757 1641
167757 1642
167805 1643
167865 1644
167889 1645
167891 1646
167892 1647
168010 1648
168169 1649
168169 1650
168172 1651
168197 1652
168307 1653
168333 1654
168333 1655
168437 1656
168444 1657
168448 1658
168449 1659
168487 1660
168554 1661
168555 1662
168643 1663
168646 1664
168646 1665
168646 1666
168647 1667
168647 1668
168710 1669
168848 1670
168851 1671
168861 1672
168932 1673
168955 1674
169021 1675
169030 1676
169153 1677
169153 1678
169191 1679
169249 1680
169249 1681
169271 1682
169275 1683
169280 1684
169315 1685
169375 1686
169381 1687
169382 1688
169469 1689
169469 1690
169498 1691
169498 1692
169498 1693
169498 1694
169556 1695
169574 1696
169575 1697
169677 1698
169681 1699
169687 1700
169690 1701
169721 1702
169957 1703
170029 1704
170031 1705
170034 1706
170035 1707
170093 1708
170216 1709
170267 1710
170270 1711
170275 1712
170277 1713
170280 1714
170283 1715
170410 1716
170438 1717
170441 1718
170501 1719
170501 1720
170510 1721
170510 1722
170652 1723
170662 1724
170665 1725
170692 1726
170701 1727
170736 1728
170797 1729
170971 1730
170972 1731
170989 1732
171029 1733
171253 1734
171254 1735
171258 1736
171265 1737
171512 1738
171584 1739
171608 1740
171710 1741
171830 1742
171862 1743
171864 1744
171869 1745
171887 1746
171964 1747
172010 1748
172032 1749
172219 1750
172233 1751
172235 1752
172386 1753
172396 1754
172402 1755
172441 1756
172582 1757
172585 1758
172860 1759
173170 1760
173381 1761
173552 1762
173818 1763
173819 1764
174321 1765
174509 1766
174513 1767
174518 1768
174519 1769
174891 1770
174953 1771
175017 1772
176174 1773
177038 1774
177040 1775
177048 1776
177048 1777
177734 1778
177742 1779
178081 1780
178383 1781
178385 1782
178394 1783
178765 1784
198747 1785
198749 1786
198749 1787
199092 1788
199095 1789
199095 1790
199102 1791
199458 1792
199459 1793
199465 1794
199538 1795
199837 1796
199848 1797
199899 1798
199939 1799
199976 1800
199978 1801
199980 1802
199987 1803
199989 1804
