34 1
114 2
163 3
323 4
360 5
374 6
412 7
420 8
464 9
482 10
510 11
661 12
664 13
696 14
699 15
739 16
828 17
847 18
858 19
858 20
874 21
898 22
906 23
914 24
917 25
953 26
1006 27
1066 28
1175 29
1226 30
1322 31
1390 32
1519 33
1570 34
2018 35
2042 36
2174 37
2231 38
2331 39
2416 40
2434 41
2596 42
2632 43
2720 44
2726 45
2878 46
2976 47
3051 48
3053 49
3055 50
3055 51
3060 52
3115 53
3126 54
3278 55
3285 56
4312 57
4682 58
4708 59
4738 60
4902 61
5356 62
5934 63
6156 64
6268 65
6311 66
6714 67
7202 68
7314 69
7675 70
7717 71
7744 72
7790 73
7832 74
7852 75
7902 76
7922 77
7994 78
8146 79
8467 80
8471 81
8499 82
8499 83
8514 84
8570 85
8645 86
8789 87
8886 88
8912 89
8952 90
8968 91
8996 92
9085 93
9190 94
9242 95
9254 96
9941 97
10029 98
10137 99
10230 100
10276 101
10302 102
10303 103
10314 104
10315 105
10326 106
10336 107
10352 108
10373 109
10406 110
10419 111
10429 112
10450 113
10472 114
10472 115
10473 116
10473 117
10502 118
10507 119
10673 120
10694 121
10694 122
10698 123
10698 124
10710 125
10738 126
10817 127
10825 128
10837 129
10862 130
10904 131
10905 132
10942 133
10975 134
10990 135
10995 136
10997 137
11015 138
11027 139
11073 140
11073 141
11110 142
11161 143
11162 144
11165 145
11326 146
11345 147
11448 148
11470 149
11500 150
11514 151
11527 152
11534 153
11615 154
11627 155
11642 156
11718 157
11911 158
11915 159
11934 160
11978 161
12059 162
12070 163
12185 164
12190 165
12229 166
12234 167
12234 168
12334 169
12337 170
12345 171
12365 172
12375 173
12411 174
12444 175
12519 176
12521 177
12532 178
12550 179
12550 180
12572 181
12578 182
12578 183
12618 184
12618 185
12628 186
12634 187
12678 188
12679 189
12685 190
12691 191
12912 192
12982 193
13002 194
13312 195
13319 196
13357 197
13451 198
13458 199
13514 200
13565 201
13594 202
13638 203
13817 204
13868 205
13906 206
13920 207
13964 208
13982 209
13994 210
14034 211
14091 212
14113 213
14125 214
14125 215
14137 216
14142 217
14178 218
14189 219
14202 220
14229 221
14359 222
14391 223
14402 224
14404 225
14566 226
14570 227
14594 228
14656 229
14681 230
14724 231
14731 232
14732 233
14762 234
14779 235
14842 236
14851 237
14877 238
14905 239
14924 240
14926 241
14940 242
15048 243
15055 244
15078 245
15097 246
15165 247
15199 248
15218 249
15230 250
15298 251
15323 252
15329 253
15426 254
15510 255
15610 256
15624 257
15654 258
15697 259
15802 260
15818 261
15819 262
15852 263
15918 264
15922 265
15926 266
15995 267
16033 268
16082 269
16082 270
16100 271
16110 272
16126 273
16204 274
16206 275
16218 276
16247 277
16276 278
16292 279
16293 280
16328 281
16339 282
16352 283
16404 284
16410 285
16449 286
16527 287
16550 288
16586 289
16643 290
16697 291
16714 292
16732 293
16754 294
16850 295
16974 296
17044 297
17136 298
17273 299
17290 300
17342 301
17359 302
17386 303
17453 304
17538 305
17586 306
17659 307
17682 308
17704 309
17723 310
17743 311
17747 312
17834 313
17840 314
17848 315
17906 316
17912 317
17951 318
17988 319
18073 320
18076 321
18110 322
18148 323
18234 324
18318 325
18318 326
18359 327
18386 328
18388 329
18433 330
18518 331
18566 332
18577 333
18592 334
18635 335
18648 336
18652 337
18674 338
18708 339
18758 340
18760 341
18894 342
18943 343
18950 344
19034 345
19058 346
19090 347
19105 348
19150 349
19215 350
19276 351
19296 352
19361 353
19374 354
19387 355
19483 356
19484 357
19500 358
19546 359
19622 360
19650 361
19671 362
19677 363
19700 364
19713 365
19719 366
19746 367
19805 368
19830 369
19850 370
19885 371
19915 372
19944 373
19985 374
19998 375
20053 376
20129 377
20198 378
20253 379
20310 380
20373 381
20403 382
20419 383
20454 384
20454 385
20511 386
20516 387
20582 388
20618 389
20653 390
20666 391
20692 392
20711 393
20766 394
20782 395
20799 396
20818 397
20836 398
20904 399
20914 400
20986 401
21078 402
21134 403
21146 404
21158 405
21270 406
21375 407
21378 408
21403 409
21408 410
21456 411
21465 412
21507 413
21571 414
21575 415
21603 416
21618 417
21667 418
21671 419
21727 420
21730 421
21763 422
21818 423
21829 424
21927 425
21946 426
21960 427
21965 428
21966 429
22038 430
22066 431
22125 432
22126 433
22134 434
22142 435
22225 436
22288 437
22381 438
22399 439
22433 440
22454 441
22455 442
22466 443
22470 444
22479 445
22670 446
22697 447
22874 448
22934 449
22974 450
23018 451
23058 452
23067 453
23107 454
23116 455
23151 456
23241 457
23247 458
23363 459
23399 460
23405 461
23436 462
23464 463
23501 464
23565 465
23591 466
23654 467
23657 468
23714 469
23775 470
23777 471
23799 472
23799 473
23862 474
23963 475
23974 476
23978 477
23996 478
24014 479
24018 480
24098 481
24150 482
24179 483
24220 484
24222 485
24262 486
24275 487
24338 488
24392 489
24510 490
24699 491
24715 492
24799 493
24842 494
24862 495
24955 496
24978 497
24978 498
25033 499
25085 500
25135 501
25151 502
25169 503
25170 504
25176 505
25203 506
25213 507
25249 508
25323 509
25348 510
25374 511
25388 512
25407 513
25407 514
25429 515
25448 516
25498 517
25522 518
25526 519
25526 520
25534 521
25633 522
25638 523
25638 524
25745 525
25788 526
25799 527
25814 528
25909 529
25926 530
25931 531
25938 532
25940 533
25954 534
26001 535
26081 536
26100 537
26157 538
26170 539
26186 540
26187 541
26194 542
26201 543
26207 544
26213 545
26215 546
26225 547
26322 548
26407 549
26566 550
26582 551
26641 552
26694 553
26737 554
26768 555
26779 556
26837 557
26890 558
26909 559
26944 560
26961 561
26982 562
27003 563
27148 564
27178 565
27211 566
27214 567
27214 568
27230 569
27278 570
27306 571
27382 572
27410 573
27516 574
27537 575
27700 576
27703 577
27741 578
27764 579
27768 580
27768 581
27768 582
27768 583
27832 584
27862 585
27930 586
27984 587
28002 588
28003 589
28012 590
28014 591
28054 592
28060 593
28068 594
28103 595
28148 596
28167 597
28214 598
28253 599
28286 600
28376 601
28384 602
28396 603
28441 604
28552 605
28568 606
28584 607
28606 608
28632 609
28686 610
28686 611
28698 612
28863 613
28906 614
28916 615
28933 616
28938 617
28959 618
28972 619
29058 620
29111 621
29154 622
29157 623
29179 624
29238 625
29274 626
29297 627
29312 628
29426 629
29442 630
29444 631
29480 632
29528 633
29714 634
29796 635
29893 636
29901 637
29936 638
29955 639
30064 640
30100 641
30117 642
30186 643
30222 644
30228 645
30229 646
30294 647
30442 648
30493 649
30539 650
30540 651
30555 652
30558 653
30566 654
30596 655
30650 656
30692 657
30731 658
30770 659
30861 660
30861 661
30923 662
30928 663
30950 664
31015 665
31035 666
31102 667
31114 668
31121 669
31142 670
31224 671
31261 672
31262 673
31362 674
31378 675
31459 676
31474 677
31530 678
31531 679
31544 680
31563 681
31569 682
31598 683
31622 684
31641 685
31691 686
31692 687
31778 688
31818 689
31857 690
31870 691
31871 692
31946 693
32053 694
32095 695
32126 696
32161 697
32170 698
32172 699
32258 700
32258 701
32289 702
32293 703
32394 704
32422 705
32433 706
32462 707
32490 708
32621 709
32638 710
32680 711
32729 712
32852 713
32875 714
32980 715
33016 716
33025 717
33087 718
33176 719
33200 720
33224 721
33241 722
33244 723
33246 724
33258 725
33262 726
33354 727
33397 728
33422 729
33506 730
33571 731
33606 732
33758 733
33891 734
33906 735
33935 736
33961 737
33967 738
33984 739
33991 740
34014 741
34042 742
34082 743
34227 744
34274 745
34306 746
34346 747
34349 748
34359 749
34389 750
34396 751
34447 752
34471 753
34501 754
34551 755
34612 756
34630 757
34674 758
34714 759
34724 760
34753 761
34764 762
34770 763
34777 764
34822 765
34823 766
34824 767
34906 768
34987 769
34989 770
35070 771
35087 772
35196 773
35206 774
35245 775
35250 776
35278 777
35332 778
35412 779
35435 780
35455 781
35490 782
35583 783
35610 784
35655 785
35671 786
35685 787
35690 788
35730 789
35813 790
35854 791
35945 792
35964 793
35995 794
36090 795
36157 796
36182 797
36193 798
36210 799
36294 800
36333 801
36348 802
36491 803
36533 804
36533 805
36566 806
36625 807
36635 808
36662 809
36743 810
36759 811
36776 812
36830 813
36831 814
36875 815
36951 816
36994 817
37103 818
37118 819
37130 820
37146 821
37153 822
37198 823
37283 824
37312 825
37377 826
37533 827
37579 828
37592 829
37675 830
37681 831
37690 832
37693 833
37762 834
37790 835
37846 836
37862 837
37902 838
37939 839
37943 840
37956 841
38032 842
38039 843
38051 844
38055 845
38079 846
38084 847
38127 848
38163 849
38200 850
38274 851
38281 852
38299 853
38426 854
38450 855
38483 856
38506 857
38530 858
38530 859
38534 860
38543 861
38619 862
38633 863
38670 864
38715 865
38796 866
38882 867
38917 868
38970 869
38974 870
38991 871
39015 872
39026 873
39091 874
39133 875
39230 876
39265 877
39332 878
39414 879
39502 880
39563 881
39618 882
39646 883
39650 884
39699 885
39742 886
39766 887
39787 888
39878 889
39878 890
39880 891
39906 892
39924 893
39934 894
39954 895
39958 896
39991 897
40021 898
40037 899
40042 900
40075 901
40185 902
40205 903
40306 904
40312 905
40326 906
40383 907
40398 908
40413 909
40443 910
40468 911
40541 912
40561 913
40598 914
40770 915
40770 916
40784 917
40824 918
40828 919
40838 920
40854 921
40855 922
41089 923
41182 924
41194 925
41210 926
41282 927
41313 928
41334 929
41337 930
41353 931
41354 932
41391 933
41408 934
41410 935
41413 936
41447 937
41497 938
41515 939
41526 940
41526 941
41578 942
41594 943
41660 944
41712 945
41718 946
41720 947
41723 948
41732 949
41792 950
41854 951
41856 952
41869 953
41910 954
41923 955
41967 956
42022 957
42028 958
42099 959
42099 960
42143 961
42163 962
42178 963
42212 964
42227 965
42239 966
42243 967
42254 968
42314 969
42322 970
42350 971
42399 972
42416 973
42558 974
42581 975
42622 976
42762 977
42842 978
42869 979
42895 980
42896 981
42928 982
42977 983
43048 984
43056 985
43116 986
43134 987
43239 988
43262 989
43269 990
43338 991
43390 992
43442 993
43448 994
43603 995
43614 996
43642 997
43642 998
43686 999
43694 1000
43696 1001
43721 1002
43722 1003
43739 1004
43741 1005
43750 1006
43815 1007
43832 1008
43886 1009
43906 1010
44015 1011
44051 1012
44190 1013
44209 1014
44216 1015
44216 1016
44290 1017
44314 1018
44387 1019
44458 1020
44476 1021
44630 1022
44630 1023
44641 1024
44657 1025
44706 1026
44843 1027
44847 1028
44878 1029
44984 1030
45037 1031
45040 1032
45094 1033
45133 1034
45138 1035
45155 1036
45171 1037
45217 1038
45234 1039
45253 1040
45296 1041
45302 1042
45313 1043
45317 1044
45464 1045
45481 1046
45529 1047
45536 1048
45676 1049
45683 1050
45698 1051
45724 1052
45743 1053
45770 1054
45790 1055
45853 1056
45863 1057
45867 1058
45942 1059
45974 1060
45975 1061
46042 1062
46053 1063
46151 1064
46201 1065
46339 1066
46374 1067
46619 1068
46621 1069
46670 1070
46704 1071
46845 1072
46900 1073
46975 1074
47033 1075
47046 1076
47075 1077
47126 1078
47147 1079
47334 1080
47374 1081
47383 1082
47387 1083
47411 1084
47414 1085
47425 1086
47430 1087
47498 1088
47514 1089
47518 1090
47522 1091
47556 1092
47580 1093
47587 1094
47643 1095
47650 1096
47706 1097
47842 1098
47858 1099
47904 1100
47909 1101
47946 1102
47962 1103
47966 1104
47989 1105
48021 1106
48072 1107
48098 1108
48187 1109
48213 1110
48363 1111
48405 1112
48406 1113
48410 1114
48430 1115
48463 1116
48542 1117
48606 1118
48621 1119
48646 1120
48751 1121
48808 1122
48844 1123
48858 1124
48863 1125
48865 1126
48884 1127
48918 1128
49022 1129
49089 1130
49102 1131
49126 1132
49127 1133
49129 1134
49237 1135
49239 1136
49280 1137
49340 1138
49342 1139
49387 1140
49398 1141
49475 1142
49502 1143
49534 1144
49603 1145
49603 1146
49608 1147
49617 1148
49618 1149
49642 1150
49643 1151
49651 1152
49667 1153
49670 1154
49681 1155
49682 1156
49791 1157
49906 1158
49958 1159
49969 1160
49974 1161
49996 1162
50011 1163
50019 1164
50052 1165
50094 1166
50158 1167
50166 1168
50194 1169
50347 1170
50383 1171
50412 1172
50416 1173
50452 1174
50478 1175
50611 1176
50655 1177
50689 1178
50827 1179
50906 1180
50907 1181
50917 1182
51082 1183
51110 1184
51146 1185
51150 1186
51160 1187
51191 1188
51202 1189
51204 1190
51206 1191
51229 1192
51234 1193
51307 1194
51311 1195
51398 1196
51520 1197
51527 1198
51541 1199
51544 1200
51606 1201
51607 1202
51648 1203
51656 1204
51754 1205
51782 1206
51889 1207
51900 1208
51928 1209
52085 1210
52143 1211
52143 1212
52152 1213
52183 1214
52227 1215
52250 1216
52318 1217
52318 1218
52383 1219
52413 1220
52582 1221
52585 1222
52610 1223
52675 1224
52690 1225
52771 1226
52779 1227
52782 1228
52788 1229
52827 1230
52858 1231
52862 1232
52898 1233
52908 1234
53020 1235
53118 1236
53124 1237
53145 1238
53154 1239
53186 1240
53307 1241
53347 1242
53357 1243
53420 1244
53430 1245
53433 1246
53481 1247
53526 1248
53529 1249
53531 1250
53616 1251
53623 1252
53658 1253
53678 1254
53705 1255
53734 1256
53760 1257
53784 1258
53858 1259
53861 1260
53884 1261
53940 1262
53948 1263
53969 1264
54012 1265
54022 1266
54121 1267
54136 1268
54194 1269
54231 1270
54239 1271
54350 1272
54351 1273
54363 1274
54639 1275
54653 1276
54657 1277
54683 1278
54722 1279
54740 1280
54744 1281
54790 1282
54804 1283
54818 1284
54895 1285
54914 1286
54914 1287
54959 1288
54995 1289
55034 1290
55134 1291
55214 1292
55240 1293
55279 1294
55297 1295
55366 1296
55389 1297
55422 1298
55470 1299
55502 1300
55610 1301
55630 1302
55643 1303
55682 1304
55724 1305
55823 1306
55864 1307
55869 1308
55883 1309
55902 1310
55972 1311
55986 1312
56031 1313
56124 1314
56140 1315
56214 1316
56370 1317
56472 1318
56500 1319
56531 1320
56548 1321
56572 1322
56585 1323
56605 1324
56629 1325
56692 1326
56713 1327
56719 1328
56721 1329
56726 1330
56729 1331
56833 1332
56834 1333
56930 1334
57027 1335
57174 1336
57178 1337
57183 1338
57190 1339
57239 1340
57330 1341
57339 1342
57351 1343
57411 1344
57418 1345
57426 1346
57578 1347
57580 1348
57685 1349
57728 1350
57818 1351
57882 1352
57950 1353
57990 1354
58020 1355
58027 1356
58072 1357
58349 1358
58481 1359
58528 1360
58646 1361
58647 1362
58749 1363
58754 1364
58767 1365
58782 1366
58784 1367
58843 1368
58904 1369
59052 1370
59082 1371
59113 1372
59167 1373
59266 1374
59321 1375
59405 1376
59467 1377
59503 1378
59508 1379
59524 1380
59676 1381
59714 1382
59760 1383
60012 1384
60090 1385
60102 1386
60142 1387
60197 1388
60233 1389
60279 1390
60285 1391
60290 1392
60306 1393
60334 1394
60345 1395
60346 1396
60443 1397
60673 1398
60706 1399
60712 1400
60736 1401
60746 1402
60749 1403
60792 1404
60854 1405
60865 1406
60982 1407
60994 1408
60995 1409
60998 1410
61019 1411
61023 1412
61048 1413
61074 1414
61077 1415
61098 1416
61114 1417
61120 1418
61131 1419
61224 1420
61248 1421
61290 1422
61350 1423
61354 1424
61368 1425
61403 1426
61412 1427
61473 1428
61483 1429
61483 1430
61542 1431
61576 1432
61666 1433
61737 1434
61746 1435
61786 1436
61841 1437
61868 1438
61873 1439
61896 1440
61897 1441
61966 1442
62062 1443
62079 1444
62082 1445
62146 1446
62158 1447
62198 1448
62232 1449
62236 1450
62241 1451
62242 1452
62308 1453
62337 1454
62364 1455
62391 1456
62488 1457
62516 1458
62557 1459
62558 1460
62565 1461
62614 1462
62649 1463
62706 1464
62784 1465
62819 1466
62825 1467
62833 1468
62896 1469
62914 1470
62929 1471
62998 1472
63007 1473
63063 1474
63135 1475
63176 1476
63204 1477
63282 1478
63410 1479
63434 1480
63510 1481
63687 1482
63783 1483
63832 1484
63958 1485
63970 1486
63972 1487
64082 1488
64210 1489
64215 1490
64327 1491
64379 1492
64433 1493
64454 1494
64463 1495
64562 1496
64606 1497
64618 1498
64663 1499
64672 1500
64715 1501
64755 1502
64787 1503
64805 1504
64807 1505
64818 1506
64831 1507
64831 1508
64835 1509
64851 1510
64857 1511
65059 1512
65059 1513
65064 1514
65068 1515
65082 1516
65116 1517
65130 1518
65142 1519
65153 1520
65156 1521
65197 1522
65219 1523
65268 1524
65288 1525
65297 1526
65303 1527
65351 1528
65387 1529
65427 1530
65455 1531
65479 1532
65545 1533
65582 1534
65589 1535
65617 1536
65642 1537
65646 1538
65714 1539
65763 1540
65853 1541
65854 1542
65894 1543
65935 1544
65942 1545
65947 1546
65950 1547
66013 1548
66018 1549
66057 1550
66137 1551
66150 1552
66200 1553
66202 1554
66251 1555
66272 1556
66276 1557
66305 1558
66306 1559
66340 1560
66351 1561
66354 1562
66402 1563
66496 1564
66554 1565
66593 1566
66606 1567
66626 1568
66633 1569
66676 1570
66699 1571
66718 1572
66774 1573
66815 1574
66876 1575
66930 1576
66930 1577
66990 1578
66991 1579
67102 1580
67141 1581
67253 1582
67266 1583
67282 1584
67303 1585
67395 1586
67482 1587
67515 1588
67531 1589
67552 1590
67668 1591
67707 1592
67719 1593
67790 1594
67832 1595
67912 1596
67928 1597
67935 1598
68163 1599
68196 1600
68198 1601
68207 1602
68228 1603
68273 1604
68299 1605
68342 1606
68406 1607
68461 1608
68549 1609
68589 1610
68603 1611
68608 1612
68620 1613
68675 1614
68700 1615
68775 1616
68819 1617
68845 1618
68861 1619
68972 1620
68979 1621
68985 1622
68985 1623
69001 1624
69011 1625
69036 1626
69087 1627
69092 1628
69123 1629
69163 1630
69203 1631
69205 1632
69275 1633
69372 1634
69390 1635
69403 1636
69407 1637
69451 1638
69629 1639
69643 1640
69671 1641
69711 1642
69783 1643
69803 1644
69814 1645
69823 1646
69865 1647
69911 1648
69932 1649
70022 1650
70025 1651
70027 1652
70043 1653
70063 1654
70072 1655
70080 1656
70091 1657
70117 1658
70146 1659
70158 1660
70191 1661
70209 1662
70220 1663
70323 1664
70385 1665
70407 1666
70415 1667
70427 1668
70469 1669
70512 1670
70520 1671
70527 1672
70535 1673
70671 1674
70685 1675
70924 1676
70932 1677
70969 1678
70973 1679
71041 1680
71043 1681
71135 1682
71139 1683
71188 1684
71216 1685
71223 1686
71304 1687
71346 1688
71407 1689
71431 1690
71433 1691
71593 1692
71638 1693
71646 1694
71656 1695
71691 1696
71834 1697
71860 1698
71871 1699
71883 1700
71910 1701
71911 1702
71914 1703
71935 1704
71957 1705
71970 1706
72013 1707
72015 1708
72019 1709
72144 1710
72187 1711
72189 1712
72215 1713
72232 1714
72239 1715
72292 1716
72328 1717
72334 1718
72386 1719
72395 1720
72420 1721
72488 1722
72533 1723
72537 1724
72708 1725
72720 1726
72726 1727
72786 1728
72807 1729
72810 1730
72833 1731
72859 1732
72889 1733
72939 1734
72979 1735
73010 1736
73040 1737
73048 1738
73079 1739
73100 1740
73191 1741
73215 1742
73243 1743
73328 1744
73482 1745
73540 1746
73583 1747
73590 1748
73639 1749
73641 1750
73707 1751
73739 1752
73762 1753
73772 1754
73778 1755
73783 1756
73797 1757
73803 1758
73817 1759
73829 1760
73887 1761
73930 1762
73934 1763
73968 1764
73996 1765
74001 1766
74013 1767
74051 1768
74051 1769
74138 1770
74186 1771
74250 1772
74269 1773
74270 1774
74287 1775
74312 1776
74355 1777
74369 1778
74372 1779
74503 1780
74571 1781
74918 1782
75019 1783
75027 1784
75121 1785
75215 1786
75257 1787
75313 1788
75371 1789
75377 1790
75379 1791
75411 1792
75444 1793
75456 1794
75503 1795
75507 1796
75551 1797
75611 1798
75623 1799
75689 1800
75710 1801
75730 1802
75750 1803
75753 1804
75809 1805
75879 1806
75931 1807
75947 1808
75959 1809
75962 1810
76025 1811
76060 1812
76139 1813
76140 1814
76148 1815
76177 1816
76209 1817
76222 1818
76227 1819
76251 1820
76257 1821
76304 1822
76309 1823
76400 1824
76511 1825
76519 1826
76535 1827
76562 1828
76571 1829
76653 1830
76675 1831
76732 1832
76744 1833
76785 1834
76867 1835
76896 1836
77084 1837
77099 1838
77146 1839
77165 1840
77170 1841
77180 1842
77188 1843
77210 1844
77248 1845
77250 1846
77256 1847
77387 1848
77431 1849
77471 1850
77511 1851
77516 1852
77520 1853
77539 1854
77567 1855
77581 1856
77593 1857
77638 1858
77708 1859
77717 1860
77755 1861
77787 1862
77787 1863
77799 1864
77822 1865
77825 1866
77907 1867
77917 1868
77923 1869
77934 1870
77959 1871
78075 1872
78115 1873
78122 1874
78123 1875
78212 1876
78250 1877
78281 1878
78417 1879
78437 1880
78499 1881
78503 1882
78548 1883
78714 1884
78747 1885
78790 1886
78802 1887
78818 1888
78865 1889
78919 1890
79020 1891
79054 1892
79073 1893
79074 1894
79076 1895
79131 1896
79203 1897
79204 1898
79232 1899
79264 1900
79309 1901
79322 1902
79385 1903
79395 1904
79396 1905
79420 1906
79488 1907
79516 1908
79525 1909
79547 1910
79573 1911
79695 1912
79704 1913
79712 1914
79763 1915
79786 1916
79802 1917
79828 1918
79914 1919
79947 1920
80138 1921
80223 1922
80239 1923
80319 1924
80341 1925
80342 1926
80343 1927
80355 1928
80368 1929
80383 1930
80409 1931
80417 1932
80435 1933
80461 1934
80543 1935
80544 1936
80575 1937
80589 1938
80595 1939
80665 1940
80734 1941
80807 1942
80968 1943
80985 1944
81002 1945
81179 1946
81179 1947
81253 1948
81328 1949
81344 1950
81411 1951
81473 1952
81528 1953
81607 1954
81612 1955
81699 1956
81699 1957
81704 1958
81712 1959
81788 1960
81788 1961
81836 1962
81837 1963
81851 1964
81963 1965
81980 1966
81997 1967
81998 1968
82064 1969
82065 1970
82068 1971
82072 1972
82127 1973
82131 1974
82160 1975
82278 1976
82304 1977
82357 1978
82375 1979
82443 1980
82502 1981
82526 1982
82563 1983
82575 1984
82768 1985
82780 1986
82781 1987
82800 1988
82907 1989
82940 1990
82957 1991
82977 1992
82989 1993
83087 1994
83143 1995
83147 1996
83167 1997
83231 1998
83231 1999
83237 2000
83271 2001
83279 2002
83320 2003
83399 2004
83400 2005
83403 2006
83473 2007
83579 2008
83583 2009
83606 2010
83608 2011
83731 2012
83803 2013
83884 2014
83914 2015
83927 2016
83973 2017
84046 2018
84058 2019
84077 2020
84090 2021
84103 2022
84126 2023
84134 2024
84139 2025
84159 2026
84178 2027
84197 2028
84237 2029
84335 2030
84460 2031
84502 2032
84503 2033
84582 2034
84603 2035
84697 2036
84747 2037
84814 2038
84886 2039
84887 2040
84899 2041
85023 2042
85039 2043
85063 2044
85138 2045
85203 2046
85203 2047
85270 2048
85317 2049
85339 2050
85365 2051
85382 2052
85387 2053
85442 2054
85442 2055
85547 2056
85551 2057
85577 2058
85587 2059
85648 2060
85694 2061
85739 2062
85744 2063
85792 2064
85846 2065
85885 2066
85954 2067
85971 2068
86078 2069
86085 2070
86087 2071
86117 2072
86123 2073
86189 2074
86191 2075
86219 2076
86225 2077
86232 2078
86243 2079
86267 2080
86285 2081
86345 2082
86374 2083
86469 2084
86554 2085
86605 2086
86671 2087
86710 2088
86818 2089
86851 2090
86931 2091
86933 2092
87043 2093
87068 2094
87111 2095
87114 2096
87122 2097
87147 2098
87205 2099
87282 2100
87291 2101
87410 2102
87452 2103
87455 2104
87483 2105
87619 2106
87830 2107
87830 2108
87846 2109
87851 2110
87924 2111
87939 2112
88028 2113
88043 2114
88099 2115
88219 2116
88623 2117
88814 2118
88845 2119
89019 2120
90724 2121
90827 2122
90894 2123
90975 2124
91027 2125
91079 2126
91184 2127
91259 2128
91339 2129
91515 2130
91576 2131
91600 2132
91728 2133
91835 2134
91950 2135
91955 2136
92027 2137
92167 2138
92216 2139
92419 2140
92677 2141
92711 2142
92743 2143
92761 2144
92784 2145
92792 2146
92795 2147
92899 2148
92912 2149
92962 2150
93008 2151
93166 2152
93200 2153
93231 2154
93257 2155
93257 2156
93316 2157
93317 2158
93322 2159
93367 2160
93416 2161
93467 2162
93587 2163
93680 2164
93795 2165
93796 2166
93835 2167
93846 2168
93872 2169
93958 2170
93959 2171
93967 2172
93977 2173
93986 2174
93988 2175
93990 2176
94015 2177
94015 2178
94124 2179
94191 2180
94234 2181
94278 2182
94352 2183
94366 2184
94374 2185
94382 2186
94387 2187
94436 2188
94445 2189
94506 2190
94572 2191
94577 2192
94591 2193
94684 2194
94704 2195
94711 2196
94759 2197
94783 2198
94788 2199
94839 2200
94874 2201
94907 2202
94908 2203
94920 2204
94948 2205
94956 2206
94963 2207
94963 2208
95003 2209
95047 2210
95087 2211
95095 2212
95100 2213
95115 2214
95121 2215
95133 2216
95167 2217
95169 2218
95211 2219
95295 2220
95305 2221
95317 2222
95322 2223
95347 2224
95363 2225
95365 2226
95598 2227
95598 2228
95606 2229
95662 2230
95691 2231
95707 2232
95707 2233
95713 2234
95743 2235
95758 2236
95796 2237
95920 2238
96035 2239
96075 2240
96141 2241
96159 2242
96166 2243
96215 2244
96278 2245
96309 2246
96430 2247
96446 2248
96540 2249
96555 2250
96598 2251
96697 2252
96761 2253
96809 2254
96859 2255
96897 2256
96970 2257
96977 2258
97046 2259
97163 2260
97170 2261
97213 2262
97214 2263
97243 2264
97243 2265
97268 2266
97271 2267
97418 2268
97452 2269
97553 2270
97556 2271
97583 2272
97652 2273
97723 2274
97790 2275
97806 2276
97832 2277
97839 2278
97857 2279
97933 2280
97983 2281
98004 2282
98081 2283
98091 2284
98100 2285
98135 2286
98142 2287
98146 2288
98210 2289
98229 2290
98231 2291
98278 2292
98298 2293
98303 2294
98423 2295
98429 2296
98479 2297
98480 2298
98559 2299
98603 2300
98608 2301
98613 2302
98662 2303
98663 2304
98669 2305
98671 2306
98683 2307
98684 2308
98731 2309
98751 2310
98810 2311
98875 2312
98883 2313
98891 2314
98959 2315
98983 2316
99028 2317
99033 2318
99111 2319
99111 2320
99140 2321
99148 2322
99179 2323
99297 2324
99303 2325
99314 2326
99374 2327
99418 2328
99423 2329
99479 2330
99505 2331
99535 2332
99570 2333
99591 2334
99630 2335
99680 2336
99768 2337
99814 2338
99866 2339
99974 2340
99991 2341
100003 2342
100015 2343
100015 2344
100034 2345
100148 2346
100207 2347
100211 2348
100263 2349
100279 2350
100388 2351
100434 2352
100453 2353
100458 2354
100471 2355
100508 2356
100512 2357
100578 2358
100607 2359
100607 2360
100683 2361
100703 2362
100756 2363
100897 2364
100925 2365
101026 2366
101073 2367
101116 2368
101205 2369
101298 2370
101319 2371
101326 2372
101335 2373
101402 2374
101499 2375
101510 2376
101524 2377
101548 2378
101599 2379
101643 2380
101658 2381
101719 2382
101752 2383
101815 2384
101818 2385
101854 2386
101871 2387
101881 2388
101933 2389
101950 2390
101951 2391
101956 2392
101978 2393
102006 2394
102017 2395
102142 2396
102267 2397
102297 2398
102321 2399
102367 2400
102387 2401
102391 2402
102459 2403
102486 2404
102585 2405
102609 2406
102639 2407
102651 2408
102654 2409
102672 2410
102755 2411
102761 2412
102763 2413
102810 2414
102831 2415
102847 2416
102884 2417
102899 2418
102963 2419
103014 2420
103045 2421
103116 2422
103127 2423
103174 2424
103180 2425
103215 2426
103275 2427
103283 2428
103298 2429
103314 2430
103339 2431
103380 2432
103400 2433
103427 2434
103452 2435
103557 2436
103683 2437
103703 2438
103711 2439
103711 2440
103851 2441
103915 2442
103926 2443
103931 2444
103931 2445
103969 2446
103971 2447
104003 2448
104108 2449
104139 2450
104162 2451
104216 2452
104243 2453
104265 2454
104302 2455
104322 2456
104327 2457
104381 2458
104399 2459
104435 2460
104447 2461
104478 2462
104640 2463
104653 2464
104679 2465
104682 2466
104864 2467
104904 2468
104941 2469
105022 2470
105045 2471
105054 2472
105055 2473
105067 2474
105072 2475
105083 2476
105083 2477
105127 2478
105252 2479
105283 2480
105309 2481
105367 2482
105466 2483
105563 2484
105619 2485
105659 2486
105662 2487
105674 2488
105682 2489
105713 2490
105713 2491
105723 2492
105767 2493
105862 2494
105870 2495
105946 2496
105975 2497
106051 2498
106090 2499
106161 2500
106166 2501
106183 2502
106263 2503
106302 2504
106396 2505
106412 2506
106415 2507
106438 2508
106442 2509
106472 2510
106492 2511
106551 2512
106552 2513
106632 2514
106730 2515
106745 2516
106770 2517
106806 2518
106835 2519
106837 2520
106899 2521
106904 2522
106979 2523
106997 2524
107024 2525
107060 2526
107081 2527
107087 2528
107150 2529
107168 2530
107196 2531
107196 2532
107235 2533
107236 2534
107245 2535
107252 2536
107431 2537
107510 2538
107549 2539
107566 2540
107569 2541
107595 2542
107638 2543
107859 2544
107879 2545
107883 2546
107972 2547
107974 2548
107996 2549
108035 2550
108108 2551
108131 2552
108179 2553
108181 2554
108267 2555
108339 2556
108345 2557
108352 2558
108379 2559
108380 2560
108410 2561
108431 2562
108538 2563
108543 2564
108614 2565
108792 2566
108803 2567
108813 2568
108819 2569
108819 2570
108845 2571
108847 2572
108878 2573
109082 2574
109089 2575
109139 2576
109159 2577
109304 2578
109338 2579
109388 2580
109407 2581
109421 2582
109430 2583
109486 2584
109520 2585
109541 2586
109604 2587
109696 2588
109783 2589
110011 2590
110039 2591
110130 2592
110149 2593
110158 2594
110174 2595
110220 2596
110230 2597
110260 2598
110291 2599
110328 2600
110351 2601
110356 2602
110379 2603
110511 2604
110544 2605
110556 2606
110558 2607
110624 2608
110664 2609
110749 2610
110768 2611
110808 2612
110834 2613
110877 2614
110887 2615
110919 2616
110948 2617
110970 2618
110991 2619
110998 2620
111042 2621
111139 2622
111175 2623
111211 2624
111221 2625
111235 2626
111261 2627
111262 2628
111277 2629
111319 2630
111323 2631
111394 2632
111469 2633
111489 2634
111637 2635
111664 2636
111700 2637
111703 2638
111711 2639
111728 2640
111790 2641
111821 2642
111848 2643
111913 2644
111977 2645
112003 2646
112003 2647
112098 2648
112152 2649
112171 2650
112336 2651
112444 2652
112533 2653
112556 2654
112634 2655
112680 2656
112892 2657
112941 2658
113105 2659
113127 2660
113127 2661
113142 2662
113308 2663
113335 2664
113380 2665
113400 2666
113484 2667
113499 2668
113535 2669
113568 2670
113988 2671
114004 2672
114131 2673
114149 2674
114221 2675
114316 2676
114378 2677
114399 2678
114496 2679
114543 2680
114707 2681
114895 2682
115007 2683
115053 2684
115171 2685
115199 2686
115635 2687
115691 2688
115707 2689
115707 2690
115747 2691
115844 2692
115926 2693
116024 2694
116055 2695
116055 2696
116077 2697
116095 2698
116132 2699
116236 2700
116791 2701
117039 2702
117040 2703
117244 2704
117299 2705
117353 2706
117451 2707
117457 2708
117497 2709
117515 2710
117589 2711
117671 2712
117746 2713
117769 2714
117819 2715
117956 2716
117962 2717
117972 2718
118030 2719
118064 2720
118104 2721
118111 2722
118112 2723
118139 2724
118151 2725
118191 2726
118202 2727
118263 2728
118286 2729
118296 2730
118337 2731
118658 2732
118686 2733
118742 2734
118746 2735
118771 2736
118839 2737
118963 2738
119111 2739
119113 2740
119157 2741
119295 2742
119319 2743
119339 2744
119472 2745
119483 2746
119484 2747
119531 2748
119557 2749
119579 2750
119583 2751
119697 2752
119867 2753
119923 2754
119927 2755
120003 2756
120019 2757
120040 2758
120048 2759
120048 2760
120071 2761
120096 2762
120110 2763
120171 2764
120173 2765
120174 2766
120183 2767
120199 2768
120222 2769
120286 2770
120451 2771
120526 2772
120565 2773
120567 2774
120571 2775
120575 2776
120843 2777
120849 2778
120854 2779
120863 2780
120879 2781
120940 2782
120967 2783
120969 2784
121055 2785
121131 2786
121142 2787
121171 2788
121199 2789
121223 2790
121249 2791
121258 2792
121269 2793
121287 2794
121436 2795
121476 2796
121501 2797
121528 2798
121553 2799
121573 2800
121659 2801
121667 2802
121687 2803
121754 2804
121867 2805
121871 2806
121899 2807
121954 2808
121975 2809
122014 2810
122021 2811
122051 2812
122052 2813
122063 2814
122068 2815
122079 2816
122132 2817
122224 2818
122385 2819
122434 2820
122463 2821
122491 2822
122496 2823
122509 2824
122512 2825
122571 2826
122577 2827
122587 2828
122602 2829
122608 2830
122627 2831
122664 2832
122721 2833
122775 2834
122824 2835
122868 2836
122877 2837
123066 2838
123080 2839
123102 2840
123220 2841
123231 2842
123367 2843
123400 2844
123405 2845
123418 2846
123478 2847
123603 2848
123618 2849
123661 2850
123753 2851
123755 2852
123766 2853
123776 2854
123778 2855
123783 2856
123783 2857
123787 2858
123826 2859
123877 2860
123889 2861
123920 2862
123932 2863
123944 2864
123985 2865
124154 2866
124187 2867
124251 2868
124457 2869
124501 2870
124616 2871
124704 2872
124716 2873
124723 2874
124726 2875
124795 2876
124796 2877
124839 2878
124879 2879
124892 2880
124974 2881
125091 2882
125183 2883
125222 2884
125229 2885
125263 2886
125333 2887
125335 2888
125359 2889
125371 2890
125396 2891
125416 2892
125442 2893
125542 2894
125714 2895
125722 2896
125730 2897
125731 2898
125771 2899
125772 2900
125775 2901
125788 2902
125818 2903
125819 2904
125836 2905
125883 2906
125921 2907
125987 2908
126015 2909
126103 2910
126142 2911
126261 2912
126267 2913
126306 2914
126318 2915
126319 2916
126326 2917
126335 2918
126419 2919
126446 2920
126471 2921
126521 2922
126571 2923
126583 2924
126597 2925
126618 2926
126663 2927
126694 2928
126734 2929
126786 2930
126788 2931
126827 2932
126887 2933
126939 2934
127077 2935
127131 2936
127214 2937
127223 2938
127295 2939
127307 2940
127311 2941
127481 2942
127524 2943
127538 2944
127542 2945
127555 2946
127557 2947
127571 2948
127599 2949
127631 2950
127661 2951
127760 2952
127771 2953
127911 2954
127919 2955
127970 2956
127975 2957
128086 2958
128113 2959
128118 2960
128214 2961
128300 2962
128321 2963
128451 2964
128482 2965
128497 2966
128535 2967
128586 2968
128606 2969
128670 2970
128684 2971
128692 2972
128732 2973
128737 2974
128753 2975
128779 2976
128844 2977
128931 2978
128958 2979
128970 2980
129005 2981
129015 2982
129083 2983
129119 2984
129202 2985
129227 2986
129231 2987
129251 2988
129438 2989
129467 2990
129497 2991
129519 2992
129523 2993
129528 2994
129583 2995
129609 2996
129631 2997
129649 2998
129653 2999
129723 3000
129740 3001
129748 3002
129810 3003
129823 3004
129835 3005
129879 3006
130019 3007
130029 3008
130063 3009
130094 3010
130108 3011
130108 3012
130109 3013
130124 3014
130127 3015
130187 3016
130208 3017
130252 3018
130266 3019
130320 3020
130326 3021
130336 3022
130343 3023
130380 3024
130392 3025
130396 3026
130438 3027
130466 3028
130491 3029
130501 3030
130509 3031
130647 3032
130697 3033
131031 3034
131038 3035
131058 3036
131223 3037
131251 3038
131307 3039
131308 3040
131314 3041
131422 3042
131471 3043
131679 3044
131680 3045
131691 3046
131700 3047
131859 3048
131891 3049
131913 3050
131938 3051
131938 3052
132035 3053
132036 3054
132058 3055
132158 3056
132211 3057
132266 3058
132319 3059
132319 3060
132442 3061
132515 3062
132537 3063
132540 3064
132550 3065
132613 3066
132642 3067
132707 3068
132708 3069
132719 3070
132751 3071
132782 3072
132787 3073
132858 3074
132928 3075
132959 3076
132959 3077
133011 3078
133028 3079
133145 3080
133175 3081
133194 3082
133222 3083
133227 3084
133242 3085
133283 3086
133323 3087
133338 3088
133351 3089
133353 3090
133426 3091
133431 3092
133432 3093
133454 3094
133462 3095
133521 3096
133544 3097
133587 3098
133602 3099
133674 3100
133729 3101
133801 3102
133812 3103
133849 3104
133881 3105
133887 3106
133888 3107
133914 3108
133953 3109
133955 3110
133970 3111
134012 3112
134056 3113
134104 3114
134112 3115
134122 3116
134135 3117
134171 3118
134174 3119
134279 3120
134281 3121
134343 3122
134344 3123
134355 3124
134367 3125
134504 3126
134522 3127
134543 3128
134610 3129
134611 3130
134654 3131
134755 3132
134756 3133
134763 3134
134766 3135
134832 3136
134841 3137
134850 3138
134879 3139
134914 3140
134918 3141
134956 3142
134975 3143
134996 3144
135017 3145
135017 3146
135017 3147
135028 3148
135040 3149
135166 3150
135179 3151
135256 3152
135300 3153
135435 3154
135455 3155
135547 3156
135586 3157
135617 3158
135648 3159
135663 3160
135672 3161
135676 3162
135797 3163
135871 3164
135982 3165
136064 3166
136153 3167
136235 3168
136242 3169
136249 3170
136279 3171
136307 3172
136308 3173
136357 3174
136363 3175
136368 3176
136378 3177
136387 3178
136472 3179
136512 3180
136746 3181
136771 3182
136811 3183
136812 3184
136890 3185
136957 3186
137007 3187
137021 3188
137032 3189
137060 3190
137141 3191
137143 3192
137147 3193
137163 3194
137236 3195
137269 3196
137420 3197
137439 3198
137439 3199
137472 3200
137488 3201
137494 3202
137526 3203
137543 3204
137589 3205
137606 3206
137624 3207
137633 3208
137659 3209
137689 3210
137692 3211
137764 3212
137809 3213
137853 3214
137894 3215
137938 3216
137952 3217
137972 3218
137979 3219
138008 3220
138051 3221
138091 3222
138110 3223
138153 3224
138188 3225
138277 3226
138323 3227
138352 3228
138383 3229
138390 3230
138399 3231
138407 3232
138473 3233
138473 3234
138541 3235
138604 3236
138628 3237
138630 3238
138643 3239
138691 3240
138704 3241
138708 3242
138750 3243
138789 3244
138813 3245
138844 3246
138857 3247
138870 3248
138872 3249
138895 3250
138916 3251
138927 3252
139042 3253
139156 3254
139230 3255
139231 3256
139413 3257
139468 3258
139516 3259
139612 3260
139616 3261
139620 3262
139669 3263
139756 3264
139759 3265
139761 3266
139814 3267
139871 3268
139895 3269
139975 3270
140029 3271
140093 3272
140128 3273
140140 3274
140146 3275
140208 3276
140248 3277
140259 3278
140307 3279
140316 3280
140317 3281
140608 3282
140634 3283
140734 3284
140740 3285
140741 3286
140784 3287
140793 3288
140863 3289
140868 3290
140879 3291
140881 3292
140887 3293
141071 3294
141072 3295
141140 3296
141235 3297
141263 3298
141264 3299
141362 3300
141388 3301
141416 3302
141428 3303
141448 3304
141489 3305
141498 3306
141544 3307
141552 3308
141594 3309
141598 3310
141721 3311
141723 3312
141726 3313
141732 3314
141777 3315
141852 3316
141879 3317
141884 3318
142032 3319
142069 3320
142085 3321
142100 3322
142118 3323
142124 3324
142181 3325
142183 3326
142184 3327
142233 3328
142252 3329
142320 3330
142359 3331
142410 3332
142444 3333
142460 3334
142541 3335
142606 3336
142619 3337
142668 3338
142693 3339
142693 3340
142717 3341
142746 3342
142752 3343
142774 3344
142819 3345
142832 3346
142944 3347
142947 3348
142989 3349
143104 3350
143150 3351
143288 3352
143337 3353
143338 3354
143381 3355
143392 3356
143408 3357
143461 3358
143488 3359
143685 3360
143764 3361
143779 3362
143814 3363
143834 3364
143837 3365
143912 3366
144012 3367
144021 3368
144052 3369
144076 3370
144085 3371
144120 3372
144200 3373
144216 3374
144345 3375
144386 3376
144558 3377
144560 3378
144567 3379
144580 3380
144616 3381
144621 3382
144638 3383
144681 3384
144685 3385
144801 3386
144889 3387
144944 3388
144958 3389
144981 3390
145003 3391
145007 3392
145064 3393
145136 3394
145140 3395
145175 3396
145176 3397
145244 3398
145248 3399
145298 3400
145333 3401
145356 3402
145400 3403
145429 3404
145433 3405
145435 3406
145525 3407
145541 3408
145567 3409
145615 3410
145740 3411
145744 3412
145892 3413
145907 3414
145912 3415
145932 3416
146021 3417
146045 3418
146051 3419
146059 3420
146068 3421
146220 3422
146251 3423
146261 3424
146304 3425
146310 3426
146350 3427
146378 3428
146404 3429
146433 3430
146490 3431
146526 3432
146533 3433
146556 3434
146648 3435
146672 3436
146700 3437
146714 3438
146726 3439
146727 3440
146780 3441
146912 3442
146919 3443
146965 3444
147002 3445
147018 3446
147027 3447
147060 3448
147110 3449
147208 3450
147237 3451
147327 3452
147399 3453
147488 3454
147531 3455
147540 3456
147577 3457
147588 3458
147597 3459
147631 3460
147639 3461
147732 3462
147778 3463
147810 3464
147853 3465
147861 3466
147869 3467
147876 3468
147924 3469
148019 3470
148076 3471
148123 3472
148128 3473
148261 3474
148268 3475
148303 3476
148318 3477
148335 3478
148358 3479
148392 3480
148453 3481
148491 3482
148543 3483
148653 3484
148687 3485
148703 3486
148786 3487
148848 3488
148852 3489
148912 3490
148959 3491
148967 3492
149028 3493
149048 3494
149116 3495
149132 3496
149180 3497
149198 3498
149201 3499
149216 3500
149306 3501
149360 3502
149373 3503
149373 3504
149375 3505
149460 3506
149465 3507
149508 3508
149524 3509
149557 3510
149584 3511
149621 3512
149698 3513
149706 3514
149711 3515
149805 3516
149811 3517
149832 3518
149832 3519
149844 3520
149900 3521
149942 3522
149960 3523
149965 3524
150049 3525
150076 3526
150161 3527
150198 3528
150219 3529
150247 3530
150434 3531
150443 3532
150445 3533
150542 3534
150547 3535
150668 3536
150702 3537
150717 3538
150752 3539
150815 3540
150851 3541
150916 3542
150995 3543
151079 3544
151084 3545
151107 3546
151221 3547
151242 3548
151312 3549
151326 3550
151353 3551
151382 3552
151436 3553
151477 3554
151567 3555
151567 3556
151601 3557
151614 3558
151619 3559
151765 3560
151808 3561
151892 3562
151981 3563
152028 3564
152038 3565
152052 3566
152077 3567
152164 3568
152299 3569
152308 3570
152358 3571
152384 3572
152384 3573
152397 3574
152404 3575
152449 3576
152494 3577
152505 3578
152540 3579
152548 3580
152556 3581
152559 3582
152648 3583
152658 3584
152784 3585
152824 3586
152853 3587
152880 3588
153016 3589
153021 3590
153056 3591
153069 3592
153074 3593
153173 3594
153178 3595
153236 3596
153297 3597
153302 3598
153315 3599
153332 3600
153346 3601
153365 3602
153454 3603
153512 3604
153592 3605
153602 3606
153633 3607
153634 3608
153650 3609
153653 3610
153657 3611
153662 3612
153670 3613
153822 3614
153856 3615
153872 3616
153898 3617
153938 3618
153988 3619
154268 3620
154274 3621
154355 3622
154392 3623
154410 3624
154425 3625
154472 3626
154538 3627
154539 3628
154583 3629
154600 3630
154650 3631
154652 3632
154705 3633
154799 3634
154799 3635
154849 3636
154940 3637
155020 3638
155082 3639
155085 3640
155095 3641
155117 3642
155144 3643
155255 3644
155258 3645
155296 3646
155426 3647
155559 3648
155612 3649
155686 3650
155719 3651
155730 3652
155736 3653
155742 3654
155749 3655
155764 3656
155770 3657
155771 3658
155803 3659
155982 3660
156008 3661
156024 3662
156048 3663
156176 3664
156259 3665
156263 3666
156269 3667
156285 3668
156307 3669
156309 3670
156309 3671
156322 3672
156330 3673
156374 3674
156436 3675
156492 3676
156492 3677
156572 3678
156612 3679
156798 3680
156819 3681
156838 3682
156839 3683
156848 3684
157011 3685
157039 3686
157040 3687
157053 3688
157061 3689
157074 3690
157093 3691
157114 3692
157134 3693
157164 3694
157316 3695
157316 3696
157349 3697
157353 3698
157380 3699
157409 3700
157410 3701
157422 3702
157456 3703
157615 3704
157698 3705
157706 3706
158016 3707
158069 3708
158107 3709
158111 3710
158125 3711
158129 3712
158136 3713
158151 3714
158216 3715
158220 3716
158246 3717
158259 3718
158263 3719
158296 3720
158440 3721
158498 3722
158504 3723
158510 3724
158523 3725
158575 3726
158682 3727
158701 3728
158744 3729
158800 3730
158801 3731
158806 3732
158840 3733
158852 3734
158889 3735
158899 3736
158904 3737
158905 3738
158955 3739
158965 3740
159025 3741
159043 3742
159225 3743
159235 3744
159319 3745
159320 3746
159360 3747
159456 3748
159457 3749
159473 3750
159483 3751
159484 3752
159484 3753
159494 3754
159511 3755
159609 3756
159703 3757
159708 3758
159712 3759
159828 3760
159971 3761
159980 3762
159981 3763
160003 3764
160018 3765
160096 3766
160101 3767
160108 3768
160156 3769
160198 3770
160204 3771
160228 3772
160240 3773
160240 3774
160247 3775
160348 3776
160489 3777
160544 3778
160547 3779
160575 3780
160629 3781
160631 3782
160651 3783
160664 3784
160693 3785
160718 3786
160835 3787
160837 3788
160864 3789
160883 3790
160890 3791
160939 3792
160996 3793
161024 3794
161024 3795
161064 3796
161108 3797
161136 3798
161301 3799
161402 3800
161420 3801
161423 3802
161515 3803
161533 3804
161792 3805
161798 3806
161819 3807
161832 3808
161876 3809
161876 3810
161893 3811
161929 3812
161956 3813
161984 3814
162069 3815
162208 3816
162212 3817
162212 3818
162213 3819
162236 3820
162265 3821
162322 3822
162334 3823
162368 3824
162394 3825
162403 3826
162413 3827
162415 3828
162508 3829
162548 3830
162554 3831
162616 3832
162644 3833
162669 3834
162682 3835
162697 3836
162728 3837
162728 3838
162751 3839
162781 3840
162786 3841
162791 3842
162829 3843
162918 3844
162946 3845
162952 3846
163056 3847
163077 3848
163092 3849
163192 3850
163192 3851
163203 3852
163204 3853
163204 3854
163205 3855
163213 3856
163225 3857
163324 3858
163422 3859
163435 3860
163452 3861
163509 3862
163612 3863
163678 3864
163692 3865
163714 3866
163727 3867
163754 3868
163784 3869
163790 3870
163821 3871
163920 3872
163948 3873
163964 3874
163985 3875
163990 3876
163999 3877
164084 3878
164112 3879
164224 3880
164332 3881
164355 3882
164365 3883
164384 3884
164406 3885
164502 3886
164508 3887
164509 3888
164542 3889
164555 3890
164567 3891
164577 3892
164614 3893
164681 3894
164744 3895
164784 3896
164852 3897
164868 3898
164889 3899
164903 3900
165114 3901
165126 3902
165138 3903
165148 3904
165167 3905
165209 3906
165234 3907
165488 3908
165537 3909
165540 3910
165579 3911
165608 3912
165641 3913
165664 3914
165664 3915
165736 3916
165744 3917
165778 3918
165912 3919
165945 3920
165946 3921
166008 3922
166017 3923
166048 3924
166151 3925
166188 3926
166229 3927
166274 3928
166282 3929
166441 3930
166449 3931
166483 3932
166511 3933
166516 3934
166550 3935
166568 3936
166595 3937
166631 3938
166653 3939
166654 3940
166657 3941
166671 3942
166853 3943
166907 3944
166912 3945
166926 3946
166930 3947
166931 3948
166933 3949
166956 3950
166974 3951
166988 3952
166990 3953
166993 3954
167015 3955
167023 3956
167087 3957
167101 3958
167147 3959
167238 3960
167252 3961
167260 3962
167260 3963
167386 3964
167404 3965
167489 3966
167492 3967
167520 3968
167636 3969
167668 3970
167700 3971
167763 3972
167766 3973
167775 3974
167806 3975
167812 3976
167848 3977
167886 3978
167928 3979
168056 3980
168105 3981
168135 3982
168136 3983
168177 3984
168190 3985
168220 3986
168231 3987
168291 3988
168342 3989
168436 3990
168446 3991
168492 3992
168548 3993
168606 3994
168614 3995
168650 3996
168655 3997
168667 3998
168756 3999
168796 4000
168837 4001
168842 4002
168874 4003
168914 4004
168946 4005
168958 4006
169180 4007
169230 4008
169248 4009
169274 4010
169304 4011
169537 4012
169547 4013
169584 4014
169611 4015
169620 4016
169636 4017
169656 4018
169659 4019
169726 4020
169740 4021
169898 4022
169960 4023
169993 4024
170032 4025
170042 4026
170080 4027
170116 4028
170215 4029
170240 4030
170334 4031
170340 4032
170355 4033
170360 4034
170361 4035
170365 4036
170368 4037
170388 4038
170407 4039
170409 4040
170439 4041
170453 4042
170462 4043
170596 4044
170597 4045
170636 4046
170648 4047
170671 4048
170681 4049
170688 4050
170693 4051
170695 4052
170707 4053
170729 4054
170738 4055
170828 4056
170851 4057
170908 4058
170984 4059
171005 4060
171020 4061
171036 4062
171048 4063
171100 4064
171122 4065
171130 4066
171224 4067
171234 4068
171268 4069
171365 4070
171404 4071
171460 4072
171498 4073
171501 4074
171519 4075
171526 4076
171553 4077
171583 4078
171636 4079
171814 4080
171826 4081
171835 4082
171896 4083
171922 4084
171925 4085
171951 4086
172008 4087
172050 4088
172103 4089
172174 4090
172176 4091
172202 4092
172268 4093
172324 4094
172365 4095
172369 4096
172518 4097
172547 4098
172583 4099
172593 4100
172669 4101
172727 4102
172860 4103
172927 4104
172929 4105
172950 4106
172954 4107
172978 4108
173064 4109
173220 4110
173287 4111
173305 4112
173309 4113
173366 4114
173415 4115
173435 4116
173436 4117
173588 4118
173613 4119
173671 4120
173708 4121
173712 4122
173835 4123
173854 4124
173920 4125
173934 4126
174008 4127
174033 4128
174040 4129
174054 4130
174098 4131
174102 4132
174185 4133
174220 4134
174284 4135
174287 4136
174323 4137
174325 4138
174358 4139
174395 4140
174400 4141
174422 4142
174424 4143
174449 4144
174524 4145
174548 4146
174651 4147
174660 4148
174712 4149
174756 4150
174808 4151
174849 4152
174914 4153
174914 4154
174963 4155
175000 4156
175034 4157
175157 4158
175167 4159
175180 4160
175194 4161
175196 4162
175226 4163
175302 4164
175320 4165
175332 4166
175348 4167
175354 4168
175357 4169
175384 4170
175428 4171
175484 4172
175524 4173
175530 4174
175535 4175
175593 4176
175633 4177
175688 4178
175729 4179
175770 4180
175783 4181
175796 4182
175819 4183
175881 4184
175936 4185
175976 4186
176061 4187
176088 4188
176092 4189
176277 4190
176305 4191
176357 4192
176485 4193
176516 4194
176590 4195
176631 4196
176636 4197
176664 4198
176672 4199
176702 4200
176745 4201
176747 4202
176772 4203
176925 4204
177011 4205
177036 4206
177064 4207
177067 4208
177143 4209
177155 4210
177206 4211
177228 4212
177352 4213
177397 4214
177407 4215
177429 4216
177538 4217
177548 4218
177565 4219
177634 4220
177643 4221
177650 4222
177779 4223
177809 4224
177888 4225
177968 4226
178002 4227
178050 4228
178064 4229
178066 4230
178095 4231
178100 4232
178153 4233
178158 4234
178159 4235
178177 4236
178182 4237
178185 4238
178228 4239
178256 4240
178256 4241
178256 4242
178285 4243
178375 4244
178389 4245
178392 4246
178464 4247
178512 4248
178529 4249
178708 4250
178720 4251
178738 4252
178746 4253
178764 4254
178811 4255
178847 4256
178876 4257
178892 4258
178917 4259
178942 4260
178944 4261
178945 4262
179038 4263
179093 4264
179124 4265
179157 4266
179164 4267
179256 4268
179302 4269
179331 4270
179356 4271
179457 4272
179463 4273
179476 4274
179479 4275
179480 4276
179485 4277
179553 4278
179561 4279
179585 4280
179722 4281
179762 4282
179808 4283
179823 4284
179849 4285
179864 4286
179904 4287
179909 4288
179968 4289
180013 4290
180016 4291
180018 4292
180025 4293
180026 4294
180228 4295
180260 4296
180264 4297
180395 4298
180472 4299
180473 4300
180508 4301
180512 4302
180512 4303
180530 4304
180635 4305
180648 4306
180748 4307
180852 4308
180864 4309
180911 4310
180964 4311
181004 4312
181122 4313
181154 4314
181156 4315
181168 4316
181254 4317
181261 4318
181322 4319
181338 4320
181339 4321
181368 4322
181383 4323
181388 4324
181396 4325
181458 4326
181468 4327
181497 4328
181540 4329
181614 4330
181624 4331
181668 4332
181719 4333
181730 4334
181736 4335
181801 4336
181812 4337
181828 4338
181843 4339
181872 4340
181960 4341
181964 4342
181992 4343
182021 4344
182057 4345
182059 4346
182090 4347
182168 4348
182224 4349
182274 4350
182470 4351
182472 4352
182505 4353
182512 4354
182513 4355
182525 4356
182585 4357
182596 4358
182621 4359
182717 4360
182788 4361
182789 4362
182835 4363
182839 4364
182926 4365
182954 4366
182966 4367
182966 4368
183142 4369
183158 4370
183202 4371
183218 4372
183221 4373
183231 4374
183271 4375
183492 4376
183497 4377
183511 4378
183515 4379
183524 4380
183538 4381
183560 4382
183594 4383
183596 4384
183606 4385
183630 4386
183677 4387
183722 4388
183726 4389
183749 4390
183759 4391
183799 4392
183820 4393
183829 4394
183872 4395
183968 4396
184024 4397
184101 4398
184182 4399
184244 4400
184300 4401
184312 4402
184349 4403
184391 4404
184396 4405
184572 4406
184625 4407
184651 4408
184736 4409
184736 4410
184754 4411
184763 4412
184821 4413
184851 4414
184864 4415
184906 4416
184932 4417
184958 4418
185028 4419
185036 4420
185044 4421
185066 4422
185094 4423
185108 4424
185109 4425
185149 4426
185172 4427
185187 4428
185340 4429
185454 4430
185489 4431
185520 4432
185576 4433
185597 4434
185728 4435
185778 4436
185785 4437
185835 4438
185855 4439
185894 4440
185932 4441
185964 4442
185999 4443
186074 4444
186092 4445
186121 4446
186180 4447
186205 4448
186221 4449
186248 4450
186253 4451
186304 4452
186341 4453
186369 4454
186392 4455
186397 4456
186400 4457
186416 4458
186419 4459
186425 4460
186437 4461
186604 4462
186694 4463
186726 4464
186892 4465
186968 4466
186992 4467
186998 4468
187011 4469
187148 4470
187212 4471
187262 4472
187264 4473
187304 4474
187324 4475
187331 4476
187332 4477
187425 4478
187430 4479
187431 4480
187463 4481
187468 4482
187469 4483
187488 4484
187556 4485
187564 4486
187704 4487
187744 4488
187788 4489
187865 4490
187967 4491
188007 4492
188019 4493
188047 4494
188188 4495
188212 4496
188359 4497
188444 4498
188462 4499
188472 4500
188474 4501
188536 4502
188536 4503
188538 4504
188574 4505
188610 4506
188617 4507
188732 4508
188795 4509
188813 4510
188827 4511
188844 4512
188844 4513
188885 4514
188887 4515
188889 4516
188900 4517
188926 4518
189029 4519
189061 4520
189318 4521
189380 4522
189389 4523
189448 4524
189476 4525
189556 4526
189578 4527
189607 4528
189625 4529
189636 4530
189641 4531
189649 4532
189683 4533
189701 4534
189708 4535
189712 4536
189769 4537
189809 4538
189816 4539
189821 4540
189915 4541
190038 4542
190106 4543
190119 4544
190120 4545
190140 4546
190142 4547
190146 4548
190192 4549
190323 4550
190327 4551
190357 4552
190440 4553
190476 4554
190536 4555
190629 4556
190656 4557
190670 4558
190679 4559
190711 4560
190711 4561
190721 4562
190856 4563
190889 4564
190920 4565
190985 4566
191012 4567
191025 4568
191049 4569
191051 4570
191063 4571
191125 4572
191140 4573
191162 4574
191163 4575
191169 4576
191223 4577
191326 4578
191327 4579
191416 4580
191460 4581
191461 4582
191660 4583
191669 4584
191700 4585
191764 4586
191785 4587
191850 4588
191920 4589
191924 4590
191926 4591
191988 4592
192067 4593
192181 4594
192193 4595
192203 4596
192235 4597
192284 4598
192358 4599
192400 4600
192511 4601
192512 4602
192554 4603
192556 4604
192580 4605
192591 4606
192598 4607
192600 4608
192608 4609
192618 4610
192632 4611
192632 4612
192633 4613
192703 4614
192704 4615
192835 4616
192841 4617
192862 4618
192902 4619
193005 4620
193019 4621
193021 4622
193032 4623
193070 4624
193117 4625
193252 4626
193278 4627
193322 4628
193325 4629
193348 4630
193364 4631
193416 4632
193418 4633
193457 4634
193568 4635
193573 4636
193736 4637
193811 4638
193851 4639
193862 4640
193868 4641
193924 4642
193929 4643
193978 4644
194136 4645
194138 4646
194144 4647
194192 4648
194194 4649
194230 4650
194309 4651
194384 4652
194390 4653
194404 4654
194408 4655
194417 4656
194459 4657
194463 4658
194530 4659
194556 4660
194583 4661
194659 4662
194782 4663
194788 4664
194789 4665
194826 4666
194872 4667
194873 4668
194875 4669
195000 4670
195004 4671
195010 4672
195037 4673
195070 4674
195084 4675
195148 4676
195157 4677
195190 4678
195284 4679
195291 4680
195370 4681
195420 4682
195503 4683
195555 4684
195587 4685
195638 4686
195707 4687
195735 4688
195775 4689
195876 4690
195880 4691
195884 4692
195893 4693
195914 4694
195950 4695
195993 4696
196130 4697
196136 4698
196144 4699
196279 4700
196284 4701
196287 4702
196288 4703
196330 4704
196366 4705
196384 4706
196396 4707
196436 4708
196454 4709
196512 4710
196550 4711
196566 4712
196583 4713
196604 4714
196679 4715
196725 4716
196728 4717
196752 4718
196807 4719
