218 1
485 2
829 3
884 4
1074 5
1173 6
1517 7
1573 8
1771 9
1888 10
1899 11
1901 12
1916 13
2057 14
2157 15
2158 16
2397 17
2437 18
2488 19
2506 20
2556 21
2667 22
2735 23
2887 24
2903 25
2936 26
3033 27
3097 28
3221 29
3263 30
3265 31
3747 32
3821 33
3877 34
3887 35
3922 36
3933 37
4046 38
4097 39
4406 40
4469 41
4537 42
4547 43
4549 44
4562 45
4575 46
4582 47
4596 48
4740 49
4748 50
4749 51
4770 52
4859 53
4892 54
4947 55
4974 56
4987 57
5030 58
5031 59
5046 60
5073 61
5084 62
5086 63
5163 64
5182 65
5194 66
5283 67
5315 68
5344 69
5429 70
5454 71
5469 72
5481 73
5487 74
5495 75
5542 76
5588 77
5619 78
5633 79
5653 80
5656 81
5688 82
5733 83
5749 84
5771 85
5773 86
5791 87
5792 88
5841 89
5881 90
5888 91
5948 92
6037 93
6073 94
6100 95
6129 96
6222 97
6235 98
6267 99
6282 100
6309 101
6361 102
6374 103
6456 104
6458 105
6564 106
6565 107
6578 108
6609 109
6677 110
6758 111
6817 112
6835 113
6846 114
6867 115
7007 116
7030 117
7041 118
7063 119
7065 120
7071 121
7152 122
7158 123
7226 124
7365 125
7445 126
7545 127
7597 128
7657 129
7700 130
7719 131
7788 132
7793 133
7817 134
7840 135
7863 136
7885 137
8041 138
8189 139
8216 140
8232 141
8288 142
8289 143
8291 144
8306 145
8356 146
8366 147
8689 148
8697 149
8741 150
8752 151
8754 152
8758 153
8860 154
8911 155
8933 156
8933 157
8936 158
9017 159
9030 160
9056 161
9075 162
9119 163
9162 164
9177 165
9183 166
9245 167
9256 168
9328 169
9354 170
9425 171
9434 172
9493 173
9493 174
9500 175
9514 176
9522 177
9548 178
9746 179
9758 180
9785 181
9794 182
9811 183
9827 184
9858 185
9883 186
9937 187
9977 188
9989 189
10000 190
10048 191
10057 192
10067 193
10181 194
10198 195
10239 196
10250 197
10261 198
10275 199
10299 200
10316 201
10553 202
10565 203
10620 204
10687 205
10776 206
10785 207
10824 208
10841 209
10870 210
10878 211
10888 212
10901 213
10910 214
10935 215
10951 216
10953 217
10958 218
11003 219
11157 220
11177 221
11243 222
11244 223
11252 224
11305 225
11318 226
11333 227
11363 228
11418 229
11476 230
11525 231
11525 232
11564 233
11578 234
11587 235
11593 236
11594 237
11629 238
11654 239
11858 240
11921 241
11993 242
11995 243
12002 244
12027 245
12059 246
12070 247
12325 248
12406 249
12429 250
12478 251
12479 252
12621 253
12625 254
12636 255
12681 256
12733 257
12798 258
12844 259
12850 260
12850 261
12870 262
12901 263
12958 264
13049 265
13050 266
13064 267
13073 268
13227 269
13264 270
13299 271
13313 272
13340 273
13366 274
13369 275
13381 276
13489 277
13553 278
13573 279
13640 280
13730 281
13737 282
13783 283
13805 284
13818 285
13833 286
13901 287
13938 288
13982 289
14016 290
14017 291
14149 292
14177 293
14181 294
14273 295
14313 296
14373 297
14498 298
14536 299
14601 300
14621 301
14646 302
14718 303
14894 304
14905 305
15686 306
15757 307
15757 308
15797 309
15878 310
16118 311
16121 312
16135 313
16153 314
16167 315
16181 316
16181 317
16247 318
16248 319
16359 320
16371 321
16394 322
16493 323
16553 324
16677 325
16729 326
16841 327
17137 328
17233 329
17389 330
17421 331
17511 332
17576 333
17730 334
17773 335
17773 336
17880 337
17944 338
17948 339
17974 340
17974 341
17984 342
18061 343
18278 344
18328 345
18330 346
18350 347
18494 348
18529 349
18539 350
18570 351
18581 352
18600 353
18609 354
18609 355
18638 356
18679 357
18692 358
18695 359
18698 360
18705 361
18711 362
18725 363
18732 364
18774 365
18800 366
18843 367
18858 368
18862 369
18866 370
18873 371
18883 372
18888 373
18897 374
18903 375
18941 376
19065 377
19075 378
19076 379
19097 380
19126 381
19156 382
19162 383
19228 384
19350 385
19365 386
19381 387
19382 388
19393 389
19421 390
19442 391
19460 392
19489 393
19510 394
19511 395
19516 396
19597 397
19597 398
19654 399
19732 400
19737 401
19748 402
19780 403
19805 404
19850 405
19857 406
19862 407
19901 408
19910 409
19947 410
19984 411
20009 412
20081 413
20086 414
20177 415
20215 416
20465 417
20509 418
20514 419
20556 420
20557 421
20575 422
20581 423
20589 424
20673 425
20725 426
20765 427
20825 428
20846 429
20859 430
20901 431
20905 432
20926 433
21065 434
21165 435
21170 436
21200 437
21274 438
21281 439
21297 440
21324 441
21367 442
21647 443
21665 444
21685 445
21717 446
21739 447
21789 448
21796 449
21812 450
21975 451
22073 452
22088 453
22140 454
22246 455
22333 456
22413 457
22445 458
22455 459
22462 460
22484 461
22497 462
22505 463
22537 464
22579 465
22581 466
22604 467
22631 468
22687 469
22692 470
22739 471
22752 472
22785 473
22785 474
22805 475
22828 476
22868 477
22876 478
23056 479
23057 480
23058 481
23101 482
23196 483
23196 484
23197 485
23201 486
23218 487
23269 488
23290 489
23303 490
23321 491
23361 492
23380 493
23389 494
23470 495
23499 496
23533 497
23588 498
23594 499
23609 500
23685 501
23722 502
23745 503
23772 504
23925 505
23975 506
24049 507
24237 508
24321 509
24578 510
24674 511
24869 512
24885 513
25801 514
25814 515
25961 516
25980 517
26120 518
26170 519
26173 520
26308 521
26487 522
26502 523
26704 524
26713 525
26723 526
26756 527
26780 528
26889 529
27105 530
27194 531
27204 532
27521 533
27629 534
27784 535
27791 536
27973 537
28029 538
28113 539
28152 540
28156 541
28159 542
28215 543
28427 544
28668 545
28726 546
28789 547
29129 548
29367 549
29495 550
29506 551
29638 552
29679 553
29889 554
29968 555
30245 556
30401 557
30952 558
31089 559
31593 560
31942 561
33186 562
33234 563
33400 564
34172 565
34708 566
34939 567
35054 568
35173 569
35225 570
35250 571
35269 572
35289 573
35400 574
35479 575
35503 576
35528 577
35544 578
35565 579
35605 580
35626 581
35661 582
35720 583
35947 584
36085 585
36107 586
36129 587
36190 588
36293 589
36321 590
36321 591
36365 592
36584 593
36680 594
36725 595
36727 596
36837 597
36900 598
36908 599
36952 600
37007 601
37033 602
37062 603
37092 604
37120 605
37244 606
37278 607
37280 608
37375 609
37410 610
37477 611
37598 612
37681 613
37700 614
37745 615
37841 616
37911 617
38297 618
38337 619
38348 620
38384 621
38405 622
38467 623
38501 624
38529 625
38739 626
38761 627
38892 628
38911 629
39005 630
39013 631
39043 632
39264 633
39316 634
39608 635
39945 636
40964 637
41311 638
41367 639
41409 640
41678 641
41839 642
41842 643
41968 644
41989 645
42022 646
42147 647
42253 648
42326 649
42395 650
42397 651
42438 652
42494 653
42496 654
42519 655
42704 656
43168 657
43169 658
43457 659
43590 660
43676 661
43700 662
43705 663
43758 664
43807 665
43837 666
43856 667
43857 668
43904 669
44369 670
44457 671
44537 672
45056 673
45141 674
45266 675
45336 676
45443 677
45465 678
45504 679
45584 680
45595 681
45607 682
45637 683
45691 684
45705 685
45789 686
45822 687
45826 688
45908 689
45934 690
46107 691
46193 692
46309 693
46668 694
46938 695
47185 696
47220 697
47371 698
47380 699
47381 700
47381 701
47383 702
47421 703
47585 704
47636 705
47650 706
47701 707
47709 708
47712 709
47755 710
47760 711
47833 712
47833 713
47883 714
47929 715
47934 716
47958 717
48179 718
48189 719
48206 720
48211 721
48230 722
48245 723
48285 724
48285 725
48341 726
48341 727
48378 728
48427 729
48463 730
48500 731
48506 732
48521 733
48528 734
48532 735
48537 736
48539 737
48545 738
48552 739
48555 740
48589 741
48615 742
48671 743
48821 744
48877 745
48929 746
48930 747
48985 748
48987 749
49081 750
49124 751
49289 752
49290 753
49321 754
49331 755
49373 756
49385 757
49447 758
49509 759
49637 760
49659 761
49706 762
49769 763
49785 764
49909 765
49919 766
49924 767
49957 768
49961 769
50050 770
50106 771
50377 772
50379 773
50402 774
50440 775
50543 776
50717 777
50844 778
50907 779
50937 780
50981 781
51074 782
51087 783
51129 784
51185 785
51201 786
51213 787
51231 788
51411 789
51432 790
51445 791
51663 792
51674 793
51683 794
51751 795
51885 796
52057 797
52252 798
52326 799
52369 800
52595 801
52773 802
52830 803
52849 804
52901 805
52979 806
52981 807
52987 808
52990 809
53066 810
53137 811
53145 812
53152 813
53181 814
53202 815
53217 816
53407 817
53437 818
53573 819
53596 820
53623 821
53668 822
53702 823
53717 824
53754 825
53776 826
53780 827
53787 828
53818 829
53828 830
53863 831
53901 832
53992 833
54017 834
54017 835
54093 836
54109 837
54111 838
54163 839
54166 840
54174 841
54176 842
54184 843
54231 844
54248 845
54359 846
54369 847
54428 848
54450 849
54465 850
54483 851
54485 852
54491 853
54514 854
54520 855
54527 856
54554 857
54562 858
54578 859
54608 860
54617 861
54623 862
54623 863
54741 864
54753 865
54754 866
54802 867
54807 868
54830 869
54848 870
54865 871
54905 872
54992 873
55008 874
55013 875
55148 876
55184 877
55223 878
55236 879
55249 880
55304 881
55338 882
55378 883
55445 884
55515 885
55533 886
55559 887
55610 888
55613 889
55633 890
55689 891
55692 892
55784 893
55801 894
55921 895
55959 896
56032 897
56034 898
56127 899
56214 900
56265 901
56457 902
56501 903
56581 904
56581 905
56622 906
56673 907
56719 908
56725 909
56775 910
56783 911
56801 912
56841 913
56857 914
56892 915
56908 916
56977 917
57049 918
57067 919
57128 920
57185 921
57224 922
57274 923
57386 924
57416 925
57425 926
57445 927
57533 928
57554 929
57653 930
57679 931
57683 932
57817 933
57893 934
57952 935
57983 936
58008 937
58068 938
58128 939
58145 940
58173 941
58174 942
58285 943
58291 944
58296 945
58307 946
58337 947
58366 948
58435 949
58482 950
58485 951
58502 952
58517 953
58533 954
58545 955
58555 956
58558 957
58573 958
58578 959
58578 960
58614 961
58703 962
58722 963
58750 964
58756 965
58764 966
58809 967
58854 968
58951 969
58971 970
58973 971
59030 972
59076 973
59085 974
59137 975
59201 976
59243 977
59246 978
59246 979
59394 980
59402 981
59409 982
59433 983
59437 984
59478 985
59514 986
59560 987
59671 988
59701 989
59780 990
59823 991
59835 992
59837 993
59921 994
59957 995
59965 996
59972 997
60050 998
60053 999
60076 1000
60166 1001
60243 1002
60267 1003
60300 1004
60301 1005
60397 1006
60436 1007
60462 1008
60481 1009
60485 1010
60548 1011
60605 1012
60651 1013
60735 1014
60776 1015
60841 1016
60865 1017
60905 1018
60909 1019
60960 1020
61001 1021
61018 1022
61078 1023
61157 1024
61159 1025
61199 1026
61270 1027
61429 1028
61470 1029
61567 1030
61575 1031
61659 1032
61660 1033
61689 1034
61753 1035
61825 1036
61888 1037
61897 1038
61928 1039
62034 1040
62077 1041
62099 1042
62194 1043
62251 1044
62256 1045
62271 1046
62271 1047
62282 1048
62282 1049
62366 1050
62376 1051
62430 1052
62447 1053
62462 1054
62474 1055
62483 1056
62514 1057
62542 1058
62577 1059
62623 1060
62655 1061
62662 1062
62666 1063
62671 1064
62726 1065
62761 1066
62768 1067
62834 1068
62880 1069
62925 1070
62954 1071
62989 1072
62994 1073
63019 1074
63034 1075
63144 1076
63154 1077
63156 1078
63158 1079
63202 1080
63208 1081
63259 1082
63293 1083
63362 1084
63398 1085
63501 1086
63502 1087
63540 1088
63614 1089
63624 1090
63666 1091
63666 1092
63729 1093
63758 1094
63771 1095
63778 1096
63909 1097
63946 1098
63953 1099
64003 1100
64026 1101
64033 1102
64038 1103
64066 1104
64069 1105
64149 1106
64154 1107
64155 1108
64185 1109
64193 1110
64241 1111
64244 1112
64299 1113
64339 1114
64352 1115
64385 1116
64421 1117
64424 1118
64530 1119
64532 1120
64546 1121
64631 1122
64642 1123
64674 1124
64711 1125
64722 1126
64819 1127
64890 1128
64918 1129
64954 1130
65006 1131
65020 1132
65084 1133
65143 1134
65227 1135
65304 1136
65336 1137
65337 1138
65393 1139
65403 1140
65604 1141
65726 1142
65743 1143
65990 1144
66013 1145
66059 1146
66154 1147
66155 1148
66157 1149
66194 1150
66205 1151
66214 1152
66234 1153
66234 1154
66361 1155
66365 1156
66422 1157
66426 1158
66426 1159
66518 1160
66591 1161
66718 1162
66742 1163
66776 1164
66834 1165
66840 1166
66853 1167
67032 1168
67045 1169
67056 1170
67139 1171
67155 1172
67170 1173
67270 1174
67329 1175
67418 1176
67430 1177
67504 1178
67522 1179
67538 1180
67538 1181
67547 1182
67634 1183
67635 1184
67758 1185
67760 1186
67786 1187
67830 1188
67830 1189
67858 1190
67862 1191
67867 1192
67893 1193
67898 1194
67899 1195
67909 1196
67910 1197
67987 1198
67998 1199
68010 1200
68061 1201
68082 1202
68083 1203
68106 1204
68109 1205
68148 1206
68157 1207
68204 1208
68214 1209
68217 1210
68240 1211
68245 1212
68262 1213
68350 1214
68402 1215
68438 1216
68440 1217
68458 1218
68473 1219
68480 1220
68524 1221
68598 1222
68654 1223
68663 1224
68685 1225
68716 1226
68811 1227
68818 1228
68846 1229
68880 1230
69010 1231
69015 1232
69016 1233
69037 1234
69114 1235
69119 1236
69130 1237
69132 1238
69216 1239
69368 1240
69397 1241
69399 1242
69627 1243
69723 1244
69731 1245
69738 1246
69800 1247
69829 1248
69884 1249
69954 1250
69955 1251
70010 1252
70050 1253
70087 1254
70106 1255
70139 1256
70162 1257
70206 1258
70213 1259
70259 1260
70262 1261
70262 1262
70264 1263
70341 1264
70369 1265
70431 1266
70486 1267
70580 1268
70621 1269
70630 1270
70729 1271
70849 1272
70863 1273
70934 1274
70975 1275
71042 1276
71138 1277
71150 1278
71300 1279
71374 1280
71397 1281
71454 1282
71559 1283
71579 1284
71584 1285
71594 1286
71606 1287
71698 1288
71800 1289
71824 1290
71865 1291
71886 1292
71925 1293
71952 1294
71974 1295
71975 1296
72047 1297
72166 1298
72257 1299
72261 1300
72337 1301
72386 1302
72414 1303
72440 1304
72508 1305
72583 1306
72761 1307
72933 1308
73186 1309
73271 1310
73332 1311
73347 1312
73446 1313
73448 1314
73472 1315
73491 1316
73509 1317
73527 1318
73552 1319
73558 1320
73664 1321
73832 1322
73843 1323
74047 1324
74144 1325
74156 1326
74527 1327
74622 1328
74642 1329
74737 1330
74795 1331
74802 1332
74851 1333
74852 1334
75114 1335
75132 1336
75197 1337
75246 1338
75283 1339
75288 1340
75305 1341
75314 1342
75316 1343
75325 1344
75328 1345
75410 1346
75419 1347
75491 1348
75602 1349
75659 1350
75659 1351
75686 1352
75710 1353
75730 1354
75773 1355
75807 1356
75821 1357
75836 1358
75877 1359
75911 1360
75924 1361
76026 1362
76084 1363
76094 1364
76113 1365
76138 1366
76138 1367
76142 1368
76178 1369
76206 1370
76223 1371
76223 1372
76225 1373
76262 1374
76263 1375
76263 1376
76264 1377
76267 1378
76276 1379
76307 1380
76314 1381
76327 1382
76330 1383
76342 1384
76348 1385
76474 1386
76476 1387
76488 1388
76542 1389
76566 1390
76628 1391
76629 1392
76772 1393
76781 1394
76890 1395
76974 1396
77002 1397
77012 1398
77105 1399
77114 1400
77120 1401
77127 1402
77154 1403
77174 1404
77194 1405
77205 1406
77206 1407
77219 1408
77238 1409
77345 1410
77346 1411
77358 1412
77454 1413
77455 1414
77571 1415
77571 1416
77656 1417
77757 1418
77824 1419
77853 1420
77879 1421
78063 1422
78146 1423
78170 1424
78254 1425
78345 1426
78346 1427
78430 1428
78537 1429
78573 1430
78622 1431
78635 1432
78655 1433
78790 1434
78830 1435
78851 1436
78973 1437
78979 1438
79004 1439
79044 1440
79046 1441
79052 1442
79062 1443
79088 1444
79171 1445
79176 1446
79202 1447
79212 1448
79231 1449
79294 1450
79301 1451
79396 1452
79527 1453
79554 1454
79561 1455
79575 1456
79582 1457
79627 1458
79818 1459
79840 1460
79898 1461
79927 1462
79928 1463
79928 1464
80038 1465
80038 1466
80047 1467
80081 1468
80091 1469
80099 1470
80106 1471
80135 1472
80145 1473
80251 1474
80271 1475
80277 1476
80361 1477
80455 1478
80502 1479
80503 1480
80559 1481
80603 1482
80695 1483
80722 1484
80724 1485
80738 1486
80864 1487
80915 1488
80933 1489
80934 1490
80998 1491
81007 1492
81026 1493
81054 1494
81066 1495
81174 1496
81284 1497
81380 1498
81385 1499
81477 1500
81506 1501
81543 1502
81561 1503
81659 1504
81713 1505
81729 1506
81962 1507
81974 1508
81986 1509
81990 1510
82026 1511
82042 1512
82101 1513
82101 1514
82233 1515
82310 1516
82330 1517
82346 1518
82350 1519
82386 1520
82394 1521
82402 1522
82496 1523
82524 1524
82590 1525
82686 1526
82709 1527
82740 1528
82793 1529
82803 1530
82826 1531
82854 1532
82884 1533
82885 1534
82894 1535
82898 1536
82917 1537
82961 1538
82962 1539
82967 1540
83098 1541
83107 1542
83124 1543
83270 1544
83331 1545
83374 1546
83399 1547
83409 1548
83526 1549
83612 1550
83622 1551
83662 1552
83673 1553
83727 1554
83728 1555
83746 1556
83759 1557
83798 1558
83840 1559
83852 1560
83900 1561
83902 1562
84017 1563
84074 1564
84081 1565
84210 1566
84247 1567
84265 1568
84269 1569
84324 1570
84488 1571
84641 1572
84647 1573
84659 1574
84662 1575
84716 1576
84750 1577
84763 1578
84774 1579
84893 1580
84904 1581
84965 1582
84999 1583
85078 1584
85094 1585
85131 1586
85228 1587
85253 1588
85276 1589
85298 1590
85340 1591
85400 1592
85513 1593
85666 1594
85694 1595
85697 1596
85697 1597
85768 1598
85768 1599
85825 1600
85859 1601
85874 1602
85914 1603
85989 1604
86038 1605
86118 1606
86121 1607
86125 1608
86144 1609
86174 1610
86230 1611
86270 1612
86277 1613
86369 1614
86466 1615
86477 1616
86514 1617
86519 1618
86522 1619
86569 1620
86597 1621
86614 1622
86621 1623
86625 1624
86689 1625
86752 1626
86802 1627
86806 1628
86890 1629
86947 1630
87010 1631
87117 1632
87163 1633
87231 1634
87258 1635
87287 1636
87330 1637
87382 1638
87450 1639
87510 1640
87561 1641
87583 1642
87630 1643
87639 1644
87656 1645
87669 1646
87715 1647
87800 1648
87891 1649
87928 1650
87968 1651
87978 1652
88142 1653
88155 1654
88194 1655
88345 1656
88375 1657
88401 1658
88414 1659
88471 1660
88498 1661
88537 1662
88577 1663
88641 1664
88645 1665
88660 1666
88695 1667
88714 1668
88758 1669
88796 1670
88807 1671
88810 1672
88894 1673
88911 1674
88940 1675
88978 1676
89005 1677
89019 1678
89059 1679
89076 1680
89114 1681
89122 1682
89157 1683
89216 1684
89428 1685
89470 1686
89478 1687
89486 1688
89533 1689
89547 1690
89568 1691
89580 1692
89599 1693
89604 1694
89678 1695
89697 1696
89730 1697
89774 1698
89915 1699
89938 1700
89951 1701
89984 1702
89999 1703
90034 1704
90062 1705
90119 1706
90127 1707
90198 1708
90224 1709
90255 1710
90267 1711
90280 1712
90322 1713
90356 1714
90463 1715
90504 1716
90542 1717
90583 1718
90602 1719
90610 1720
90692 1721
90751 1722
90829 1723
90858 1724
90899 1725
90922 1726
90923 1727
90924 1728
90954 1729
91050 1730
91060 1731
91066 1732
91067 1733
91115 1734
91180 1735
91270 1736
91294 1737
91317 1738
91403 1739
91406 1740
91425 1741
91429 1742
91503 1743
91544 1744
91616 1745
91678 1746
91681 1747
91686 1748
91735 1749
92061 1750
92187 1751
92202 1752
92207 1753
92248 1754
92264 1755
92330 1756
92341 1757
92354 1758
92370 1759
92381 1760
92387 1761
92410 1762
92430 1763
92467 1764
92488 1765
92505 1766
92510 1767
92538 1768
92721 1769
92754 1770
92770 1771
92780 1772
92906 1773
92916 1774
92946 1775
92953 1776
92971 1777
92994 1778
93013 1779
93140 1780
93149 1781
93187 1782
93190 1783
93206 1784
93241 1785
93291 1786
93328 1787
93398 1788
93426 1789
93482 1790
93494 1791
93535 1792
93540 1793
93584 1794
93686 1795
93730 1796
93759 1797
93762 1798
93807 1799
93810 1800
93878 1801
93945 1802
94014 1803
94055 1804
94070 1805
94114 1806
94206 1807
94262 1808
94334 1809
94361 1810
94371 1811
94486 1812
94526 1813
94551 1814
94578 1815
94582 1816
94594 1817
94611 1818
94634 1819
94634 1820
94634 1821
94786 1822
94805 1823
94811 1824
94824 1825
94838 1826
94839 1827
94844 1828
94846 1829
94889 1830
94989 1831
95102 1832
95127 1833
95170 1834
95194 1835
95265 1836
95351 1837
95404 1838
95420 1839
95441 1840
95476 1841
95582 1842
95705 1843
95760 1844
95897 1845
95965 1846
95974 1847
95998 1848
96079 1849
96085 1850
96090 1851
96182 1852
96186 1853
96192 1854
96207 1855
96234 1856
96238 1857
96289 1858
96299 1859
96299 1860
96309 1861
96319 1862
96325 1863
96345 1864
96350 1865
96383 1866
96500 1867
96519 1868
96610 1869
96624 1870
96667 1871
96681 1872
96682 1873
96685 1874
96694 1875
96781 1876
96789 1877
96806 1878
96874 1879
96897 1880
96928 1881
96939 1882
96990 1883
96997 1884
97037 1885
97062 1886
97187 1887
97229 1888
97230 1889
97230 1890
97278 1891
97315 1892
97563 1893
97628 1894
97731 1895
97734 1896
97749 1897
97880 1898
97890 1899
97930 1900
97942 1901
97952 1902
98019 1903
98057 1904
98104 1905
98111 1906
98111 1907
98150 1908
98278 1909
98315 1910
98361 1911
98375 1912
98387 1913
98410 1914
98438 1915
98482 1916
98489 1917
98494 1918
98502 1919
98522 1920
98535 1921
98539 1922
98561 1923
98684 1924
98756 1925
98890 1926
98955 1927
98958 1928
98959 1929
99050 1930
99112 1931
99134 1932
99217 1933
99243 1934
99273 1935
99274 1936
99302 1937
99346 1938
99346 1939
99379 1940
99390 1941
99391 1942
99475 1943
99591 1944
99692 1945
99788 1946
99795 1947
99796 1948
99849 1949
99865 1950
99925 1951
99935 1952
99947 1953
99947 1954
100046 1955
100070 1956
100096 1957
100204 1958
100208 1959
100238 1960
100336 1961
100346 1962
100402 1963
100402 1964
100455 1965
100581 1966
100955 1967
101194 1968
101368 1969
101386 1970
101454 1971
101517 1972
101542 1973
101629 1974
101750 1975
101756 1976
101758 1977
101764 1978
101826 1979
101931 1980
101938 1981
101971 1982
101971 1983
101974 1984
102003 1985
102020 1986
102046 1987
102158 1988
102189 1989
102210 1990
102286 1991
102430 1992
102554 1993
102907 1994
102988 1995
103002 1996
103006 1997
103059 1998
103082 1999
103125 2000
103171 2001
103212 2002
103228 2003
103248 2004
103257 2005
103535 2006
103544 2007
103565 2008
103682 2009
103710 2010
103774 2011
103779 2012
103830 2013
103843 2014
103904 2015
103928 2016
103933 2017
104013 2018
104030 2019
104041 2020
104138 2021
104282 2022
104319 2023
104361 2024
104374 2025
104375 2026
104378 2027
104381 2028
104394 2029
104401 2030
104422 2031
104432 2032
104435 2033
104457 2034
104476 2035
104478 2036
104546 2037
104553 2038
104638 2039
104642 2040
104710 2041
104750 2042
104763 2043
104798 2044
104806 2045
104887 2046
104958 2047
104959 2048
105032 2049
105113 2050
105159 2051
105173 2052
105175 2053
105193 2054
105199 2055
105215 2056
105218 2057
105271 2058
105316 2059
105356 2060
105394 2061
105470 2062
105473 2063
105473 2064
105479 2065
105479 2066
105483 2067
105489 2068
105490 2069
105546 2070
105560 2071
105584 2072
105686 2073
105686 2074
105720 2075
105723 2076
105731 2077
105822 2078
105845 2079
105890 2080
105890 2081
105916 2082
105934 2083
105999 2084
106040 2085
106070 2086
106154 2087
106245 2088
106250 2089
106281 2090
106344 2091
106400 2092
106446 2093
106461 2094
106466 2095
106508 2096
106514 2097
106578 2098
106660 2099
106662 2100
106705 2101
106713 2102
106715 2103
106772 2104
106844 2105
106872 2106
106889 2107
106955 2108
107001 2109
107017 2110
107213 2111
107254 2112
107346 2113
107349 2114
107442 2115
107479 2116
107509 2117
107510 2118
107514 2119
107575 2120
107617 2121
107722 2122
107734 2123
107808 2124
107842 2125
107868 2126
107889 2127
107972 2128
107976 2129
107990 2130
107998 2131
108002 2132
108022 2133
108037 2134
108047 2135
108090 2136
108138 2137
108155 2138
108171 2139
108172 2140
108208 2141
108293 2142
108455 2143
108456 2144
108471 2145
108487 2146
108489 2147
108514 2148
108582 2149
108690 2150
108801 2151
108851 2152
108898 2153
108901 2154
108902 2155
108928 2156
108929 2157
108936 2158
108949 2159
108966 2160
109035 2161
109038 2162
109040 2163
109057 2164
109079 2165
109200 2166
109225 2167
109241 2168
109249 2169
109254 2170
109287 2171
109326 2172
109338 2173
109373 2174
109385 2175
109406 2176
109430 2177
109461 2178
109514 2179
109569 2180
109679 2181
109696 2182
109746 2183
109806 2184
109806 2185
109858 2186
109874 2187
109933 2188
109970 2189
110081 2190
110106 2191
110177 2192
110232 2193
110277 2194
110354 2195
110367 2196
110382 2197
110488 2198
110545 2199
110547 2200
110577 2201
110581 2202
110609 2203
110681 2204
110726 2205
110746 2206
110952 2207
111008 2208
111057 2209
111059 2210
111076 2211
111094 2212
111162 2213
111201 2214
111246 2215
111273 2216
111338 2217
111374 2218
111529 2219
111537 2220
111539 2221
111602 2222
111602 2223
111611 2224
111711 2225
111712 2226
111719 2227
111738 2228
111760 2229
111781 2230
111804 2231
111832 2232
111836 2233
111862 2234
111878 2235
111878 2236
111906 2237
111921 2238
112000 2239
112013 2240
112161 2241
112164 2242
112222 2243
112399 2244
112630 2245
112653 2246
112654 2247
112662 2248
112755 2249
112756 2250
112785 2251
112792 2252
112797 2253
112829 2254
112838 2255
112911 2256
112974 2257
113015 2258
113058 2259
113064 2260
113074 2261
113100 2262
113114 2263
113130 2264
113155 2265
113198 2266
113226 2267
113270 2268
113290 2269
113290 2270
113305 2271
113325 2272
113337 2273
113405 2274
113467 2275
113564 2276
113566 2277
113573 2278
113582 2279
113619 2280
113622 2281
113622 2282
113637 2283
113655 2284
113702 2285
113762 2286
113774 2287
113819 2288
113886 2289
113921 2290
113951 2291
113962 2292
114118 2293
114130 2294
114197 2295
114254 2296
114314 2297
114328 2298
114341 2299
114392 2300
114474 2301
114570 2302
114585 2303
114592 2304
114663 2305
114693 2306
114766 2307
114772 2308
114787 2309
114827 2310
114830 2311
114870 2312
114913 2313
114954 2314
114976 2315
114982 2316
114987 2317
115063 2318
115066 2319
115080 2320
115138 2321
115261 2322
115278 2323
115291 2324
115298 2325
115327 2326
115338 2327
115363 2328
115432 2329
115453 2330
115461 2331
115491 2332
115514 2333
115638 2334
115638 2335
115739 2336
115749 2337
115790 2338
115846 2339
115868 2340
115872 2341
115988 2342
116059 2343
116068 2344
116074 2345
116110 2346
116328 2347
116355 2348
116394 2349
116428 2350
116436 2351
116465 2352
116491 2353
116497 2354
116549 2355
116552 2356
116614 2357
116658 2358
116662 2359
116710 2360
116757 2361
116778 2362
116803 2363
116847 2364
116865 2365
117026 2366
117042 2367
117048 2368
117067 2369
117078 2370
117080 2371
117236 2372
117240 2373
117298 2374
117314 2375
117316 2376
117323 2377
117341 2378
117348 2379
117410 2380
117431 2381
117474 2382
117502 2383
117549 2384
117576 2385
117617 2386
117618 2387
117618 2388
117631 2389
117702 2390
117763 2391
117889 2392
117974 2393
117986 2394
118034 2395
118044 2396
118058 2397
118058 2398
118063 2399
118103 2400
118133 2401
118203 2402
118290 2403
118306 2404
118344 2405
118431 2406
118469 2407
118474 2408
118482 2409
118482 2410
118516 2411
118573 2412
118608 2413
118609 2414
118672 2415
118699 2416
118747 2417
118818 2418
118855 2419
118868 2420
118990 2421
119049 2422
119098 2423
119100 2424
119123 2425
119161 2426
119172 2427
119208 2428
119217 2429
119218 2430
119225 2431
119226 2432
119226 2433
119266 2434
119388 2435
119421 2436
119458 2437
119498 2438
119542 2439
119554 2440
119580 2441
119597 2442
119648 2443
119771 2444
119799 2445
119799 2446
120114 2447
120144 2448
120155 2449
120155 2450
120173 2451
120196 2452
120198 2453
120207 2454
120295 2455
120297 2456
120322 2457
120503 2458
120509 2459
120515 2460
120526 2461
120575 2462
120629 2463
120734 2464
120787 2465
120793 2466
120836 2467
120931 2468
121126 2469
121162 2470
121164 2471
121166 2472
121168 2473
121222 2474
121247 2475
121252 2476
121257 2477
121258 2478
121262 2479
121282 2480
121393 2481
121422 2482
121437 2483
121441 2484
121531 2485
121626 2486
121694 2487
121797 2488
121830 2489
121858 2490
121931 2491
121998 2492
122077 2493
122078 2494
122174 2495
122225 2496
122242 2497
122312 2498
122316 2499
122320 2500
122326 2501
122383 2502
122411 2503
122450 2504
122490 2505
122501 2506
122565 2507
122705 2508
122726 2509
122766 2510
122805 2511
122806 2512
122810 2513
122829 2514
122834 2515
122875 2516
122901 2517
122919 2518
122930 2519
122958 2520
122986 2521
123031 2522
123054 2523
123055 2524
123064 2525
123070 2526
123082 2527
123117 2528
123213 2529
123231 2530
123302 2531
123342 2532
123384 2533
123508 2534
123674 2535
123689 2536
123822 2537
123828 2538
123837 2539
123855 2540
123858 2541
123907 2542
123918 2543
123932 2544
123945 2545
123948 2546
123996 2547
124002 2548
124008 2549
124033 2550
124099 2551
124104 2552
124194 2553
124210 2554
124225 2555
124231 2556
124278 2557
124284 2558
124408 2559
124510 2560
124511 2561
124512 2562
124522 2563
124554 2564
124667 2565
124735 2566
124754 2567
124825 2568
124900 2569
124901 2570
124934 2571
124956 2572
125003 2573
125022 2574
125102 2575
125144 2576
125154 2577
125194 2578
125198 2579
125318 2580
125334 2581
125358 2582
125389 2583
125503 2584
125607 2585
125644 2586
125786 2587
125802 2588
125843 2589
125858 2590
125865 2591
125880 2592
125898 2593
125914 2594
125968 2595
126019 2596
126027 2597
126032 2598
126048 2599
126062 2600
126077 2601
126100 2602
126124 2603
126136 2604
126171 2605
126232 2606
126291 2607
126319 2608
126322 2609
126323 2610
126343 2611
126350 2612
126404 2613
126472 2614
126502 2615
126531 2616
126535 2617
126535 2618
126558 2619
126625 2620
126662 2621
126693 2622
126706 2623
126722 2624
126801 2625
126802 2626
126824 2627
126835 2628
126998 2629
127022 2630
127040 2631
127050 2632
127051 2633
127092 2634
127215 2635
127281 2636
127340 2637
127400 2638
127410 2639
127453 2640
127478 2641
127530 2642
127561 2643
127565 2644
127624 2645
127635 2646
127659 2647
127660 2648
127735 2649
127745 2650
127770 2651
127818 2652
127844 2653
127850 2654
127871 2655
127938 2656
127968 2657
127982 2658
127994 2659
128054 2660
128108 2661
128268 2662
128355 2663
128462 2664
128480 2665
128637 2666
128665 2667
128779 2668
128796 2669
128802 2670
128850 2671
128878 2672
128898 2673
128905 2674
128913 2675
129044 2676
129056 2677
129062 2678
129066 2679
129139 2680
129168 2681
129169 2682
129194 2683
129199 2684
129279 2685
129317 2686
129356 2687
129380 2688
129431 2689
129506 2690
129508 2691
129578 2692
129579 2693
129589 2694
129594 2695
129601 2696
129670 2697
129675 2698
129677 2699
129686 2700
129713 2701
129727 2702
129730 2703
129758 2704
129827 2705
129858 2706
129946 2707
129973 2708
130022 2709
130033 2710
130135 2711
130169 2712
130237 2713
130238 2714
130257 2715
130340 2716
130347 2717
130347 2718
130361 2719
130415 2720
130498 2721
130524 2722
130526 2723
130537 2724
130545 2725
130551 2726
130559 2727
130630 2728
130854 2729
130883 2730
130896 2731
130967 2732
130976 2733
131012 2734
131016 2735
131017 2736
131019 2737
131115 2738
131169 2739
131180 2740
131182 2741
131195 2742
131211 2743
131267 2744
131322 2745
131329 2746
131391 2747
131397 2748
131447 2749
131447 2750
131447 2751
131456 2752
131477 2753
131538 2754
131580 2755
131583 2756
131622 2757
131644 2758
131690 2759
131735 2760
131803 2761
131824 2762
131850 2763
131890 2764
132021 2765
132089 2766
132151 2767
132267 2768
132352 2769
132390 2770
132425 2771
132518 2772
132547 2773
132562 2774
132567 2775
132602 2776
132634 2777
132640 2778
132670 2779
132684 2780
132764 2781
132787 2782
132787 2783
132793 2784
132819 2785
132925 2786
132940 2787
133019 2788
133025 2789
133104 2790
133134 2791
133152 2792
133274 2793
133298 2794
133311 2795
133314 2796
133390 2797
133420 2798
133451 2799
133451 2800
133465 2801
133502 2802
133506 2803
133534 2804
133569 2805
133610 2806
133612 2807
133643 2808
133711 2809
133717 2810
133729 2811
133744 2812
133751 2813
133775 2814
133950 2815
134018 2816
134041 2817
134065 2818
134218 2819
134231 2820
134235 2821
134278 2822
134425 2823
134447 2824
134758 2825
134868 2826
134975 2827
134975 2828
135050 2829
135063 2830
135099 2831
135111 2832
135151 2833
135188 2834
135243 2835
135251 2836
135281 2837
135347 2838
135373 2839
135399 2840
135399 2841
135436 2842
135445 2843
135486 2844
135510 2845
135524 2846
135551 2847
135566 2848
135625 2849
135668 2850
135673 2851
135703 2852
135732 2853
135763 2854
135764 2855
135774 2856
135813 2857
135873 2858
135894 2859
135907 2860
135935 2861
135992 2862
136111 2863
136274 2864
136277 2865
136292 2866
136306 2867
136352 2868
136363 2869
136387 2870
136403 2871
136471 2872
136539 2873
136567 2874
136571 2875
136571 2876
136583 2877
136639 2878
136640 2879
136641 2880
136678 2881
136721 2882
136727 2883
136798 2884
136801 2885
136855 2886
136903 2887
136917 2888
137011 2889
137047 2890
137063 2891
137100 2892
137103 2893
137143 2894
137198 2895
137224 2896
137247 2897
137249 2898
137295 2899
137327 2900
137333 2901
137336 2902
137361 2903
137390 2904
137487 2905
137535 2906
137588 2907
137675 2908
137693 2909
137714 2910
137740 2911
137750 2912
137845 2913
137878 2914
137927 2915
138036 2916
138096 2917
138108 2918
138163 2919
138325 2920
138383 2921
138453 2922
138475 2923
138502 2924
138584 2925
138615 2926
138641 2927
138655 2928
138661 2929
138683 2930
138774 2931
138785 2932
138791 2933
138862 2934
138862 2935
138914 2936
138939 2937
138943 2938
138948 2939
139051 2940
139137 2941
139152 2942
139163 2943
139163 2944
139171 2945
139217 2946
139221 2947
139395 2948
139462 2949
139513 2950
139519 2951
139541 2952
139569 2953
139600 2954
139601 2955
139601 2956
139614 2957
139631 2958
139666 2959
139679 2960
139693 2961
139708 2962
139869 2963
139971 2964
139986 2965
140003 2966
140026 2967
140063 2968
140071 2969
140083 2970
140109 2971
140118 2972
140139 2973
140170 2974
140247 2975
140319 2976
140353 2977
140359 2978
140372 2979
140446 2980
140466 2981
140476 2982
140483 2983
140483 2984
140513 2985
140538 2986
140539 2987
140616 2988
140620 2989
140732 2990
140823 2991
140873 2992
140879 2993
140953 2994
140963 2995
141014 2996
141031 2997
141038 2998
141041 2999
141070 3000
141096 3001
141250 3002
141277 3003
141305 3004
141370 3005
141390 3006
141428 3007
141467 3008
141468 3009
141474 3010
141511 3011
141686 3012
141785 3013
141827 3014
141827 3015
141895 3016
141977 3017
141979 3018
142053 3019
142058 3020
142115 3021
142187 3022
142211 3023
142218 3024
142283 3025
142283 3026
142390 3027
142431 3028
142459 3029
142483 3030
142517 3031
142555 3032
142589 3033
142599 3034
142637 3035
142640 3036
142700 3037
142752 3038
142775 3039
142896 3040
142935 3041
142943 3042
142979 3043
142993 3044
143033 3045
143091 3046
143099 3047
143173 3048
143216 3049
143238 3050
143245 3051
143305 3052
143309 3053
143310 3054
143322 3055
143352 3056
143411 3057
143418 3058
143491 3059
143491 3060
143505 3061
143575 3062
143624 3063
143660 3064
143662 3065
143682 3066
143730 3067
143848 3068
143848 3069
143854 3070
143943 3071
143983 3072
144036 3073
144095 3074
144119 3075
144184 3076
144243 3077
144269 3078
144296 3079
144306 3080
144321 3081
144324 3082
144441 3083
144516 3084
144593 3085
144599 3086
144616 3087
144619 3088
144679 3089
144739 3090
144762 3091
144767 3092
144807 3093
144922 3094
144930 3095
144959 3096
145011 3097
145044 3098
145050 3099
145072 3100
145101 3101
145147 3102
145183 3103
145189 3104
145191 3105
145220 3106
145257 3107
145477 3108
145499 3109
145509 3110
145523 3111
145535 3112
145555 3113
145560 3114
145659 3115
145686 3116
145783 3117
145786 3118
145811 3119
145823 3120
145835 3121
145917 3122
145929 3123
146031 3124
146103 3125
146167 3126
146301 3127
146331 3128
146437 3129
146490 3130
146533 3131
146569 3132
146578 3133
146627 3134
146672 3135
146675 3136
146689 3137
146701 3138
146739 3139
146749 3140
146842 3141
146919 3142
146931 3143
146957 3144
147019 3145
147066 3146
147126 3147
147183 3148
147290 3149
147313 3150
147327 3151
147384 3152
147393 3153
147416 3154
147431 3155
147434 3156
147459 3157
147461 3158
147489 3159
147534 3160
147560 3161
147583 3162
147653 3163
147692 3164
147732 3165
147747 3166
147822 3167
147927 3168
147931 3169
147951 3170
147955 3171
148005 3172
148019 3173
148047 3174
148075 3175
148108 3176
148150 3177
148183 3178
148295 3179
148325 3180
148347 3181
148390 3182
148407 3183
148411 3184
148447 3185
148476 3186
148488 3187
148595 3188
148627 3189
148632 3190
148650 3191
148707 3192
148733 3193
148747 3194
148760 3195
148803 3196
148843 3197
148870 3198
148892 3199
149025 3200
149137 3201
149218 3202
149222 3203
149225 3204
149283 3205
149297 3206
149312 3207
149379 3208
149395 3209
149395 3210
149400 3211
149405 3212
149543 3213
149587 3214
149641 3215
149710 3216
149756 3217
149763 3218
149776 3219
149831 3220
149885 3221
149902 3222
149905 3223
149937 3224
149942 3225
149996 3226
149999 3227
150028 3228
150051 3229
150293 3230
150319 3231
150372 3232
150387 3233
150411 3234
150415 3235
150435 3236
150459 3237
150485 3238
150499 3239
150505 3240
150572 3241
150638 3242
150708 3243
150765 3244
150883 3245
150901 3246
150952 3247
150988 3248
151070 3249
151139 3250
151151 3251
151152 3252
151162 3253
151203 3254
151232 3255
151312 3256
151319 3257
151329 3258
151345 3259
151360 3260
151379 3261
151449 3262
151452 3263
151549 3264
151631 3265
151699 3266
151810 3267
151919 3268
151999 3269
152031 3270
152050 3271
152084 3272
152099 3273
152102 3274
152110 3275
152119 3276
152149 3277
152185 3278
152195 3279
152195 3280
152304 3281
152331 3282
152459 3283
152487 3284
152495 3285
152522 3286
152541 3287
152567 3288
152587 3289
152600 3290
152606 3291
152614 3292
152646 3293
152750 3294
152872 3295
152927 3296
152991 3297
152999 3298
153115 3299
153152 3300
153211 3301
153267 3302
153335 3303
153368 3304
153368 3305
153419 3306
153444 3307
153513 3308
153626 3309
153627 3310
153634 3311
153651 3312
153651 3313
153676 3314
153707 3315
153731 3316
153735 3317
153758 3318
153828 3319
153977 3320
153981 3321
154001 3322
154100 3323
154159 3324
154201 3325
154206 3326
154239 3327
154240 3328
154243 3329
154286 3330
154340 3331
154341 3332
154374 3333
154389 3334
154392 3335
154413 3336
154435 3337
154459 3338
154480 3339
154503 3340
154516 3341
154563 3342
154580 3343
154613 3344
154613 3345
154623 3346
154678 3347
154687 3348
154713 3349
154829 3350
154850 3351
154857 3352
154913 3353
155011 3354
155049 3355
155050 3356
155055 3357
155063 3358
155088 3359
155092 3360
155107 3361
155119 3362
155120 3363
155153 3364
155188 3365
155211 3366
155214 3367
155270 3368
155444 3369
155472 3370
155537 3371
155544 3372
155563 3373
155628 3374
155667 3375
155677 3376
155711 3377
155791 3378
155803 3379
155806 3380
155860 3381
155861 3382
155911 3383
155967 3384
155971 3385
156028 3386
156039 3387
156047 3388
156174 3389
156260 3390
156309 3391
156341 3392
156343 3393
156369 3394
156383 3395
156393 3396
156423 3397
156426 3398
156491 3399
156527 3400
156636 3401
156659 3402
156671 3403
156795 3404
156799 3405
156809 3406
156823 3407
156861 3408
156907 3409
156990 3410
157015 3411
157071 3412
157090 3413
157222 3414
157263 3415
157290 3416
157346 3417
157365 3418
157377 3419
157414 3420
157418 3421
157431 3422
157466 3423
157639 3424
157658 3425
157671 3426
157714 3427
157798 3428
157817 3429
157837 3430
157839 3431
157927 3432
157963 3433
157986 3434
158002 3435
158042 3436
158061 3437
158098 3438
158132 3439
158134 3440
158143 3441
158230 3442
158237 3443
158239 3444
158348 3445
158353 3446
158370 3447
158379 3448
158443 3449
158468 3450
158528 3451
158625 3452
158636 3453
158773 3454
158824 3455
158827 3456
158827 3457
158831 3458
158849 3459
158879 3460
158915 3461
158921 3462
158960 3463
158978 3464
158991 3465
159052 3466
159131 3467
159182 3468
159185 3469
159199 3470
159252 3471
159417 3472
159527 3473
159651 3474
159671 3475
159682 3476
159858 3477
159904 3478
159913 3479
159950 3480
160033 3481
160103 3482
160103 3483
160255 3484
160487 3485
160533 3486
160540 3487
160610 3488
160787 3489
161243 3490
161308 3491
161377 3492
161501 3493
161735 3494
161750 3495
161791 3496
161803 3497
162142 3498
162245 3499
162256 3500
162292 3501
162336 3502
162476 3503
162636 3504
162666 3505
162815 3506
162899 3507
162981 3508
163065 3509
163087 3510
163107 3511
163371 3512
163378 3513
163407 3514
163475 3515
163476 3516
163503 3517
163627 3518
163627 3519
163751 3520
163819 3521
163834 3522
163975 3523
164029 3524
164151 3525
164179 3526
164191 3527
164247 3528
164274 3529
164315 3530
164583 3531
164587 3532
164627 3533
164653 3534
164794 3535
164799 3536
164816 3537
164877 3538
164889 3539
164896 3540
164925 3541
164951 3542
165135 3543
165165 3544
165234 3545
165375 3546
165379 3547
165401 3548
165413 3549
165505 3550
165523 3551
165570 3552
165686 3553
165761 3554
165783 3555
165783 3556
165830 3557
165880 3558
165888 3559
165907 3560
166019 3561
166030 3562
166041 3563
166105 3564
166111 3565
166135 3566
166145 3567
166235 3568
166235 3569
166289 3570
166319 3571
166367 3572
166387 3573
166405 3574
166467 3575
166468 3576
166468 3577
166468 3578
166472 3579
166475 3580
166482 3581
166509 3582
166511 3583
166579 3584
166607 3585
166622 3586
166628 3587
166635 3588
166715 3589
166822 3590
166837 3591
166853 3592
166888 3593
166907 3594
167109 3595
167120 3596
167127 3597
167129 3598
167134 3599
167139 3600
167143 3601
167170 3602
167181 3603
167200 3604
167251 3605
167258 3606
167267 3607
167286 3608
167299 3609
167363 3610
167391 3611
167391 3612
167543 3613
167564 3614
167691 3615
167735 3616
167819 3617
167873 3618
167905 3619
167936 3620
167967 3621
167979 3622
167995 3623
168025 3624
168048 3625
168104 3626
168118 3627
168159 3628
168279 3629
168286 3630
168304 3631
168353 3632
168390 3633
168419 3634
168459 3635
168475 3636
168481 3637
168529 3638
168531 3639
168623 3640
168633 3641
168807 3642
168944 3643
169062 3644
169079 3645
169088 3646
169123 3647
169149 3648
169154 3649
169186 3650
169204 3651
169227 3652
169230 3653
169337 3654
169423 3655
169455 3656
169503 3657
169587 3658
169616 3659
169641 3660
169646 3661
169681 3662
169728 3663
169738 3664
169787 3665
169810 3666
169844 3667
169891 3668
169903 3669
169997 3670
170019 3671
170179 3672
170183 3673
170192 3674
170260 3675
170289 3676
170321 3677
170358 3678
170363 3679
170365 3680
170371 3681
170405 3682
170461 3683
170487 3684
170594 3685
170628 3686
170725 3687
170854 3688
170867 3689
170891 3690
170912 3691
170944 3692
170961 3693
170993 3694
171045 3695
171048 3696
171066 3697
171083 3698
171093 3699
171217 3700
171223 3701
171231 3702
171271 3703
171315 3704
171545 3705
171551 3706
171578 3707
171646 3708
171646 3709
171687 3710
171687 3711
171759 3712
171766 3713
171777 3714
171783 3715
171862 3716
171876 3717
171879 3718
171888 3719
171935 3720
171988 3721
171989 3722
171991 3723
172029 3724
172154 3725
172155 3726
172159 3727
172195 3728
172207 3729
172248 3730
172251 3731
172337 3732
172346 3733
172442 3734
172539 3735
172654 3736
172654 3737
172679 3738
172679 3739
172683 3740
172707 3741
172744 3742
172797 3743
172798 3744
172835 3745
172839 3746
172845 3747
172872 3748
172907 3749
172923 3750
172970 3751
172994 3752
173017 3753
173046 3754
173084 3755
173141 3756
173159 3757
173211 3758
173323 3759
173341 3760
173388 3761
173401 3762
173444 3763
173447 3764
173541 3765
173553 3766
173590 3767
173591 3768
173623 3769
173640 3770
173667 3771
173679 3772
173763 3773
174075 3774
174081 3775
174105 3776
174119 3777
174166 3778
174214 3779
174236 3780
174266 3781
174275 3782
174303 3783
174370 3784
174385 3785
174394 3786
174395 3787
174407 3788
174427 3789
174563 3790
174628 3791
174655 3792
174656 3793
174691 3794
174701 3795
174723 3796
174739 3797
174749 3798
174792 3799
174803 3800
174803 3801
174813 3802
174872 3803
174882 3804
174927 3805
174971 3806
174975 3807
175191 3808
175264 3809
175283 3810
175339 3811
175423 3812
175423 3813
175451 3814
175545 3815
175550 3816
175553 3817
175575 3818
175761 3819
175787 3820
175823 3821
175863 3822
175915 3823
175916 3824
175918 3825
175970 3826
175992 3827
175996 3828
175999 3829
176174 3830
176191 3831
176220 3832
176235 3833
176262 3834
176264 3835
176287 3836
176290 3837
176363 3838
176506 3839
176507 3840
176512 3841
176542 3842
176561 3843
176616 3844
176630 3845
176631 3846
176644 3847
176667 3848
176710 3849
176722 3850
176792 3851
176798 3852
176811 3853
176811 3854
176819 3855
176835 3856
176891 3857
176932 3858
176991 3859
177084 3860
177160 3861
177197 3862
177203 3863
177276 3864
177316 3865
177355 3866
177359 3867
177370 3868
177387 3869
177394 3870
177397 3871
177466 3872
177469 3873
177534 3874
177620 3875
177820 3876
177824 3877
177885 3878
177979 3879
177979 3880
177988 3881
177999 3882
178036 3883
178081 3884
178091 3885
178103 3886
178103 3887
178103 3888
178130 3889
178132 3890
178167 3891
178183 3892
178215 3893
178375 3894
178500 3895
178507 3896
178513 3897
178572 3898
178703 3899
178763 3900
178814 3901
178837 3902
178857 3903
178897 3904
178977 3905
179015 3906
179018 3907
179093 3908
179143 3909
179253 3910
179261 3911
179266 3912
179285 3913
179466 3914
179497 3915
179515 3916
179538 3917
179543 3918
179553 3919
179575 3920
179583 3921
179627 3922
179690 3923
179694 3924
179695 3925
179717 3926
179735 3927
179751 3928
179783 3929
179820 3930
179963 3931
179995 3932
180063 3933
180073 3934
180131 3935
180146 3936
180148 3937
180200 3938
180244 3939
180284 3940
180334 3941
180351 3942
180380 3943
180386 3944
180418 3945
180447 3946
180531 3947
180594 3948
180599 3949
180627 3950
180642 3951
180651 3952
180689 3953
180706 3954
180763 3955
180807 3956
180879 3957
180884 3958
180951 3959
180989 3960
181058 3961
181069 3962
181107 3963
181118 3964
181119 3965
181199 3966
181204 3967
181287 3968
181291 3969
181293 3970
181316 3971
181318 3972
181319 3973
181339 3974
181370 3975
181380 3976
181440 3977
181535 3978
181536 3979
181616 3980
181667 3981
181699 3982
181778 3983
181783 3984
181800 3985
181808 3986
181835 3987
181835 3988
181888 3989
181947 3990
181986 3991
181986 3992
181990 3993
182029 3994
182060 3995
182063 3996
182104 3997
182167 3998
182324 3999
182388 4000
182440 4001
182566 4002
182567 4003
182574 4004
182591 4005
182647 4006
182687 4007
182818 4008
182854 4009
182856 4010
182867 4011
182923 4012
182970 4013
183030 4014
183032 4015
183140 4016
183195 4017
183267 4018
183279 4019
183291 4020
183354 4021
183381 4022
183399 4023
183406 4024
183439 4025
183443 4026
183448 4027
183455 4028
183584 4029
183591 4030
183633 4031
183690 4032
183699 4033
183752 4034
183871 4035
183883 4036
183979 4037
184099 4038
184124 4039
184126 4040
184158 4041
184183 4042
184211 4043
184268 4044
184302 4045
184448 4046
184527 4047
184551 4048
184554 4049
184603 4050
184618 4051
184619 4052
184651 4053
184656 4054
184816 4055
184913 4056
184927 4057
184929 4058
184993 4059
185001 4060
185035 4061
185039 4062
185101 4063
185106 4064
185143 4065
185171 4066
185185 4067
185202 4068
185243 4069
185251 4070
185253 4071
185322 4072
185357 4073
185391 4074
185409 4075
185419 4076
185424 4077
185488 4078
185506 4079
185525 4080
185550 4081
185571 4082
185612 4083
185626 4084
185714 4085
185770 4086
185871 4087
185874 4088
185942 4089
186115 4090
186158 4091
186166 4092
186226 4093
186245 4094
186246 4095
186259 4096
186312 4097
186362 4098
186380 4099
186425 4100
186503 4101
186531 4102
186627 4103
186631 4104
186643 4105
186652 4106
186688 4107
186721 4108
186741 4109
186791 4110
186819 4111
186832 4112
186899 4113
186963 4114
186973 4115
186980 4116
186985 4117
186999 4118
187011 4119
187091 4120
187123 4121
187342 4122
187355 4123
187363 4124
187409 4125
187449 4126
187473 4127
187474 4128
187535 4129
187559 4130
187697 4131
187707 4132
187721 4133
187784 4134
187823 4135
187834 4136
187835 4137
187840 4138
187887 4139
187888 4140
187918 4141
187918 4142
187944 4143
187986 4144
187996 4145
187999 4146
188012 4147
188025 4148
188089 4149
188264 4150
188317 4151
188371 4152
188378 4153
188382 4154
188387 4155
188411 4156
188465 4157
188524 4158
188567 4159
188607 4160
188674 4161
188703 4162
188739 4163
188743 4164
188749 4165
188755 4166
188811 4167
188829 4168
188836 4169
188853 4170
188921 4171
188951 4172
188961 4173
189059 4174
189126 4175
189155 4176
189167 4177
189189 4178
189193 4179
189208 4180
189211 4181
189267 4182
189279 4183
189299 4184
189321 4185
189323 4186
189361 4187
189468 4188
189512 4189
189551 4190
189553 4191
189580 4192
189665 4193
189675 4194
189680 4195
189736 4196
189746 4197
189758 4198
189794 4199
189959 4200
189966 4201
189978 4202
190007 4203
190103 4204
190179 4205
190229 4206
190243 4207
190279 4208
190311 4209
190331 4210
190433 4211
190435 4212
190537 4213
190555 4214
190556 4215
190588 4216
190602 4217
190690 4218
190707 4219
190723 4220
190725 4221
190754 4222
190773 4223
190775 4224
190786 4225
190860 4226
190921 4227
191086 4228
191144 4229
191151 4230
191193 4231
191330 4232
191339 4233
191411 4234
191419 4235
191433 4236
191435 4237
191437 4238
191481 4239
191545 4240
191560 4241
191564 4242
191597 4243
191599 4244
191616 4245
191637 4246
191761 4247
191791 4248
191793 4249
191796 4250
191813 4251
191887 4252
191903 4253
191997 4254
192083 4255
192106 4256
192159 4257
192163 4258
192247 4259
192301 4260
192304 4261
192327 4262
192328 4263
192396 4264
192411 4265
192421 4266
192440 4267
192459 4268
192463 4269
192476 4270
192479 4271
192514 4272
192522 4273
192522 4274
192562 4275
192727 4276
192733 4277
192784 4278
192903 4279
192962 4280
192971 4281
192999 4282
193028 4283
193030 4284
193036 4285
193044 4286
193056 4287
193070 4288
193077 4289
193139 4290
193163 4291
193259 4292
193357 4293
193403 4294
193443 4295
193535 4296
193539 4297
193547 4298
193566 4299
193632 4300
193701 4301
193736 4302
193813 4303
193867 4304
193900 4305
193942 4306
194043 4307
194087 4308
194223 4309
194239 4310
194289 4311
194311 4312
194316 4313
194329 4314
194347 4315
194399 4316
194406 4317
194416 4318
194480 4319
194485 4320
194528 4321
194539 4322
194560 4323
194592 4324
194667 4325
194721 4326
194772 4327
194787 4328
194833 4329
194856 4330
194892 4331
194960 4332
195032 4333
195146 4334
195167 4335
195271 4336
195285 4337
195336 4338
195347 4339
195348 4340
195376 4341
195380 4342
195406 4343
195406 4344
195423 4345
195499 4346
195504 4347
195504 4348
195504 4349
195534 4350
195624 4351
195651 4352
195654 4353
195679 4354
195680 4355
195793 4356
195797 4357
195882 4358
195902 4359
196001 4360
196072 4361
196108 4362
196152 4363
196166 4364
196170 4365
196239 4366
196244 4367
196247 4368
196249 4369
196249 4370
196267 4371
196271 4372
196282 4373
196283 4374
196377 4375
196414 4376
196525 4377
196583 4378
196634 4379
196761 4380
196786 4381
196794 4382
196836 4383
196847 4384
196850 4385
196920 4386
196967 4387
196976 4388
197023 4389
197024 4390
197267 4391
197283 4392
197284 4393
197285 4394
197291 4395
197325 4396
197345 4397
197393 4398
197407 4399
197512 4400
197576 4401
197595 4402
197655 4403
197708 4404
197859 4405
197875 4406
197913 4407
197933 4408
