1 1
48 2
55 3
94 4
250 5
282 6
418 7
469 8
473 9
529 10
628 11
718 12
971 13
1109 14
1186 15
1275 16
1298 17
1432 18
1473 19
1597 20
1624 21
1709 22
1710 23
1719 24
1750 25
1813 26
2026 27
2077 28
2231 29
2748 30
2925 31
2945 32
2972 33
3127 34
3228 35
3276 36
3374 37
3391 38
3506 39
3842 40
3845 41
4204 42
4761 43
5005 44
5093 45
5386 46
5442 47
5550 48
5569 49
5598 50
5901 51
5993 52
6018 53
6160 54
6317 55
6472 56
6618 57
6671 58
6788 59
6814 60
6826 61
6998 62
7090 63
7490 64
7786 65
7841 66
7910 67
8000 68
8011 69
8019 70
8057 71
8085 72
8158 73
8164 74
8198 75
8226 76
8244 77
8286 78
8461 79
8474 80
8478 81
8519 82
8737 83
8738 84
8801 85
9101 86
9214 87
9270 88
9275 89
9530 90
9641 91
9761 92
9790 93
9812 94
10047 95
10090 96
10101 97
10136 98
10241 99
10372 100
10518 101
10703 102
10787 103
10805 104
10863 105
10886 106
10943 107
11160 108
11170 109
11386 110
11546 111
11930 112
12567 113
12569 114
12714 115
12822 116
12826 117
12874 118
12939 119
12953 120
12963 121
13166 122
13262 123
13330 124
13376 125
13400 126
13403 127
13540 128
13634 129
13694 130
14069 131
14206 132
14229 133
15397 134
15844 135
15864 136
15890 137
15897 138
15972 139
15992 140
16095 141
16157 142
16186 143
16216 144
16227 145
16230 146
16282 147
16347 148
16390 149
16430 150
16464 151
16468 152
16514 153
16542 154
16842 155
16855 156
16869 157
16915 158
17110 159
17704 160
17706 161
17771 162
17877 163
18218 164
18425 165
18438 166
18438 167
18448 168
18506 169
18520 170
18576 171
18634 172
18675 173
18718 174
18783 175
18846 176
18906 177
18960 178
18974 179
19018 180
19123 181
19312 182
19555 183
19760 184
19763 185
19826 186
19924 187
20077 188
20091 189
20099 190
20114 191
20269 192
20375 193
20450 194
20454 195
20456 196
20475 197
20504 198
20511 199
20545 200
20628 201
20648 202
20651 203
20667 204
20672 205
20680 206
20803 207
20826 208
20837 209
20842 210
20850 211
20850 212
20855 213
20856 214
20868 215
20918 216
20938 217
21018 218
21034 219
21034 220
21102 221
21170 222
21200 223
21251 224
21311 225
21322 226
21324 227
21330 228
21444 229
21452 230
21504 231
21513 232
21514 233
21514 234
21515 235
21519 236
21542 237
21549 238
21596 239
21633 240
21750 241
21855 242
21856 243
21859 244
21898 245
21945 246
21950 247
21979 248
22031 249
22068 250
22090 251
22200 252
22230 253
22282 254
22305 255
22322 256
22326 257
22336 258
22350 259
22372 260
22430 261
22558 262
22605 263
22626 264
22686 265
22709 266
22710 267
22806 268
22834 269
22846 270
22858 271
22931 272
22955 273
22958 274
23063 275
23130 276
23130 277
23183 278
23246 279
23286 280
23614 281
23817 282
23875 283
24070 284
24123 285
24161 286
24167 287
24168 288
24205 289
24208 290
24254 291
24364 292
24374 293
24410 294
24442 295
24464 296
24564 297
24609 298
24618 299
24618 300
24626 301
24666 302
24672 303
24733 304
24737 305
24770 306
24782 307
24831 308
24883 309
24905 310
24960 311
25030 312
25034 313
25070 314
25220 315
25234 316
25240 317
25245 318
25277 319
25286 320
25376 321
25386 322
25442 323
25465 324
25578 325
25597 326
25609 327
25655 328
25666 329
25687 330
25704 331
25706 332
25758 333
25770 334
25791 335
25830 336
25835 337
25914 338
25945 339
26003 340
26009 341
26038 342
26040 343
26064 344
26127 345
26130 346
26170 347
26246 348
26266 349
26317 350
26423 351
26428 352
26444 353
26456 354
26495 355
26514 356
26554 357
26579 358
26586 359
26610 360
26652 361
26662 362
26674 363
26746 364
26912 365
26925 366
26954 367
26966 368
27005 369
27063 370
27088 371
27123 372
27211 373
27235 374
27325 375
27406 376
27427 377
27432 378
27528 379
27610 380
27615 381
27762 382
27766 383
27780 384
27807 385
27875 386
27895 387
27943 388
27944 389
27951 390
27953 391
27979 392
28064 393
28120 394
28272 395
28325 396
28340 397
28354 398
28391 399
28455 400
28464 401
28490 402
28496 403
28505 404
28518 405
28544 406
28685 407
28778 408
28818 409
28879 410
28899 411
28955 412
28970 413
28993 414
28996 415
29011 416
29038 417
29082 418
29239 419
29248 420
29296 421
29348 422
29425 423
29433 424
29475 425
29482 426
29497 427
29532 428
29550 429
29644 430
29676 431
29683 432
29698 433
29734 434
29739 435
29766 436
29770 437
29806 438
29847 439
29850 440
29860 441
29878 442
29966 443
30030 444
30070 445
30153 446
30217 447
30250 448
30310 449
30318 450
30330 451
30409 452
30440 453
30465 454
30466 455
30523 456
30578 457
30589 458
30653 459
30661 460
30681 461
30702 462
30770 463
30809 464
30822 465
30864 466
30981 467
31009 468
31047 469
31093 470
31208 471
31215 472
31257 473
31302 474
31409 475
31458 476
31529 477
31538 478
31582 479
31586 480
31613 481
31653 482
31688 483
31696 484
31707 485
31720 486
31761 487
31828 488
31855 489
31859 490
31926 491
31935 492
31942 493
31980 494
32064 495
32091 496
32102 497
32182 498
32207 499
32226 500
32234 501
32265 502
32330 503
32334 504
32490 505
32514 506
32514 507
32522 508
32526 509
32626 510
32664 511
32694 512
32696 513
32703 514
32704 515
32747 516
32942 517
32973 518
32982 519
33048 520
33171 521
33176 522
33181 523
33204 524
33235 525
33246 526
33287 527
33392 528
33402 529
33421 530
33427 531
33452 532
33486 533
33490 534
33530 535
33546 536
33550 537
33750 538
33769 539
33778 540
33819 541
33837 542
33914 543
33914 544
33954 545
33958 546
34066 547
34087 548
34202 549
34291 550
34302 551
34378 552
34378 553
34380 554
34438 555
34589 556
34607 557
34735 558
34746 559
34766 560
34822 561
34989 562
35000 563
35002 564
35138 565
35154 566
35206 567
35254 568
35258 569
35274 570
35369 571
35410 572
35416 573
35465 574
35473 575
35554 576
35578 577
35711 578
35764 579
35918 580
36014 581
36234 582
36402 583
36422 584
36617 585
37290 586
37332 587
37346 588
37403 589
37497 590
37503 591
37522 592
37522 593
37531 594
37657 595
37674 596
37737 597
37744 598
38184 599
38203 600
38211 601
38349 602
38358 603
38412 604
38428 605
38525 606
38537 607
38688 608
38694 609
38698 610
38760 611
38772 612
38787 613
38953 614
38962 615
39085 616
39208 617
39270 618
39309 619
39434 620
39502 621
39542 622
39722 623
39838 624
39888 625
39949 626
40019 627
40089 628
40152 629
40198 630
40368 631
40371 632
40410 633
40476 634
40581 635
40584 636
40619 637
40623 638
40730 639
40744 640
40794 641
40812 642
40890 643
40907 644
40929 645
41045 646
41052 647
41052 648
41150 649
41174 650
41258 651
41356 652
41417 653
41450 654
41485 655
41485 656
41497 657
41534 658
41548 659
41602 660
41605 661
41655 662
41879 663
41890 664
42686 665
42808 666
42862 667
42991 668
43029 669
43037 670
43065 671
43181 672
43184 673
43185 674
43256 675
43370 676
43436 677
43506 678
43595 679
43606 680
44070 681
44727 682
44761 683
45014 684
45182 685
45408 686
45522 687
45550 688
45617 689
46442 690
46452 691
46539 692
46546 693
46786 694
46889 695
47237 696
47275 697
47320 698
47782 699
48210 700
48224 701
48294 702
48316 703
48362 704
48452 705
48541 706
48698 707
49384 708
49540 709
49754 710
49781 711
49895 712
50116 713
50504 714
50568 715
50854 716
50900 717
51019 718
51232 719
51263 720
51353 721
51482 722
52076 723
52104 724
53278 725
53278 726
53347 727
53358 728
53405 729
53408 730
53485 731
53574 732
53660 733
53691 734
53718 735
53724 736
53780 737
53784 738
54078 739
54446 740
54469 741
54509 742
54657 743
54708 744
54846 745
54865 746
54867 747
54872 748
54886 749
54920 750
54967 751
54967 752
55084 753
55122 754
55218 755
55258 756
55396 757
55400 758
55410 759
55457 760
55532 761
55571 762
55586 763
56019 764
56077 765
56089 766
56094 767
56119 768
56122 769
56139 770
56151 771
56188 772
56197 773
56287 774
56471 775
56516 776
56621 777
56657 778
56678 779
56694 780
56697 781
56710 782
56753 783
56766 784
56771 785
56773 786
56794 787
56822 788
56823 789
56832 790
56891 791
56930 792
56985 793
56986 794
57011 795
57043 796
57172 797
57195 798
57197 799
57263 800
57401 801
57408 802
57412 803
57453 804
57466 805
57494 806
57522 807
57579 808
57606 809
57824 810
57834 811
57838 812
57866 813
57906 814
57922 815
57974 816
58044 817
58079 818
58166 819
58194 820
58210 821
58222 822
58396 823
58457 824
58461 825
58474 826
58527 827
58566 828
58583 829
58609 830
58624 831
58674 832
58695 833
58830 834
58842 835
58935 836
58966 837
59018 838
59090 839
59124 840
59142 841
59149 842
59296 843
59305 844
59333 845
59504 846
59638 847
59644 848
59653 849
59697 850
59734 851
59813 852
59829 853
59855 854
59865 855
59867 856
59884 857
59903 858
59992 859
59998 860
60002 861
60038 862
60066 863
60109 864
60221 865
60345 866
60378 867
60404 868
60406 869
60419 870
60447 871
60480 872
60488 873
60507 874
60513 875
60527 876
60530 877
60598 878
60612 879
60649 880
60672 881
60681 882
60726 883
60762 884
60815 885
60844 886
60846 887
60857 888
60907 889
60989 890
61009 891
61030 892
61039 893
61105 894
61133 895
61145 896
61156 897
61242 898
61270 899
61334 900
61354 901
61355 902
61370 903
61422 904
61450 905
61507 906
61580 907
61581 908
61590 909
61710 910
61794 911
61819 912
61835 913
61874 914
61875 915
61952 916
61982 917
62000 918
62029 919
62033 920
62054 921
62057 922
62097 923
62224 924
62252 925
62291 926
62326 927
62326 928
62330 929
62346 930
62427 931
62429 932
62503 933
62506 934
62521 935
62618 936
62686 937
62753 938
62810 939
62849 940
62922 941
62994 942
63005 943
63014 944
63030 945
63044 946
63091 947
63092 948
63097 949
63162 950
63181 951
63370 952
63377 953
63390 954
63441 955
63454 956
63489 957
63516 958
63523 959
63538 960
63566 961
63581 962
63634 963
63730 964
63737 965
63753 966
63781 967
63923 968
63950 969
64004 970
64016 971
64104 972
64118 973
64132 974
64202 975
64209 976
64220 977
64224 978
64238 979
64400 980
64416 981
64569 982
64575 983
64576 984
64582 985
64610 986
64658 987
64750 988
64854 989
64888 990
64954 991
65006 992
65015 993
65034 994
65400 995
65530 996
65694 997
65761 998
65830 999
65977 1000
66638 1001
66694 1002
67174 1003
67274 1004
67973 1005
68018 1006
68254 1007
68267 1008
68401 1009
68412 1010
68439 1011
68459 1012
68722 1013
68830 1014
69060 1015
69089 1016
69141 1017
69237 1018
69281 1019
69468 1020
69508 1021
69661 1022
69898 1023
70310 1024
70350 1025
70553 1026
70784 1027
70854 1028
70869 1029
71158 1030
71185 1031
71198 1032
71227 1033
71242 1034
71260 1035
71331 1036
71366 1037
71390 1038
71502 1039
71530 1040
71878 1041
71898 1042
72138 1043
72228 1044
72354 1045
72511 1046
72566 1047
72681 1048
72682 1049
72684 1050
72688 1051
72837 1052
72914 1053
73075 1054
73294 1055
73354 1056
73428 1057
73442 1058
73531 1059
73716 1060
74339 1061
74683 1062
74683 1063
74715 1064
74727 1065
74754 1066
74871 1067
74890 1068
74919 1069
74928 1070
74984 1071
75040 1072
75110 1073
75182 1074
75249 1075
75754 1076
75760 1077
75764 1078
75793 1079
75799 1080
75846 1081
75903 1082
75955 1083
75988 1084
76011 1085
76041 1086
76043 1087
76132 1088
76177 1089
76251 1090
76275 1091
76315 1092
76409 1093
76411 1094
76508 1095
76625 1096
76699 1097
76719 1098
76794 1099
77097 1100
77242 1101
77439 1102
77549 1103
77568 1104
77570 1105
77572 1106
77580 1107
77631 1108
77765 1109
77808 1110
77811 1111
77888 1112
77907 1113
77933 1114
78036 1115
78037 1116
78055 1117
78099 1118
78106 1119
78123 1120
78129 1121
78165 1122
78183 1123
78236 1124
78272 1125
78306 1126
78334 1127
78350 1128
78359 1129
78364 1130
78491 1131
78519 1132
78646 1133
78675 1134
78675 1135
78702 1136
78703 1137
78715 1138
78759 1139
78796 1140
78867 1141
78907 1142
78917 1143
78966 1144
78975 1145
79003 1146
79019 1147
79074 1148
79086 1149
79132 1150
79166 1151
79169 1152
79181 1153
79211 1154
79253 1155
79261 1156
79348 1157
79377 1158
79382 1159
79391 1160
79420 1161
79425 1162
79470 1163
79473 1164
79482 1165
79489 1166
79510 1167
79515 1168
79517 1169
79521 1170
79552 1171
79583 1172
79663 1173
79687 1174
79750 1175
79775 1176
79778 1177
79780 1178
79944 1179
80016 1180
80091 1181
80115 1182
80150 1183
80187 1184
80187 1185
80252 1186
80284 1187
80289 1188
80327 1189
80535 1190
80586 1191
80597 1192
80636 1193
80690 1194
80783 1195
80860 1196
80908 1197
80927 1198
80956 1199
80959 1200
80960 1201
81122 1202
81135 1203
81197 1204
81280 1205
81280 1206
81416 1207
81472 1208
81501 1209
81503 1210
81599 1211
81674 1212
81764 1213
81768 1214
81773 1215
81845 1216
81863 1217
81888 1218
81996 1219
82067 1220
82084 1221
82120 1222
82129 1223
82131 1224
82133 1225
82141 1226
82191 1227
82219 1228
82355 1229
82392 1230
82451 1231
82456 1232
82462 1233
82488 1234
82491 1235
82507 1236
82551 1237
82610 1238
82669 1239
82795 1240
82816 1241
82829 1242
82852 1243
82864 1244
82874 1245
82933 1246
83021 1247
83045 1248
83139 1249
83150 1250
83185 1251
83197 1252
83205 1253
83206 1254
83223 1255
83226 1256
83256 1257
83342 1258
83389 1259
83403 1260
83510 1261
83515 1262
83549 1263
83563 1264
83664 1265
83675 1266
83839 1267
83865 1268
83887 1269
83923 1270
83935 1271
83975 1272
84064 1273
84083 1274
84109 1275
84180 1276
84217 1277
84233 1278
84307 1279
84343 1280
84443 1281
84449 1282
84564 1283
84591 1284
84595 1285
84607 1286
84621 1287
84697 1288
84759 1289
84759 1290
84761 1291
84766 1292
84939 1293
84940 1294
84996 1295
85008 1296
85019 1297
85025 1298
85092 1299
85097 1300
85161 1301
85267 1302
85279 1303
85319 1304
85346 1305
85380 1306
85394 1307
85431 1308
85438 1309
85476 1310
85493 1311
85506 1312
85568 1313
85611 1314
85705 1315
85707 1316
85761 1317
86117 1318
86125 1319
86131 1320
86159 1321
86178 1322
86191 1323
86229 1324
86260 1325
86260 1326
86557 1327
86595 1328
86604 1329
86691 1330
86708 1331
86752 1332
86860 1333
86901 1334
86908 1335
86909 1336
86933 1337
86935 1338
86968 1339
86991 1340
87036 1341
87098 1342
87136 1343
87250 1344
87270 1345
87271 1346
87357 1347
87375 1348
87452 1349
87595 1350
87629 1351
87631 1352
87657 1353
87664 1354
87809 1355
87870 1356
87870 1357
87991 1358
88052 1359
88306 1360
88326 1361
88367 1362
88448 1363
88458 1364
88579 1365
88691 1366
88731 1367
88791 1368
88985 1369
89115 1370
89128 1371
89131 1372
89178 1373
89286 1374
89311 1375
89539 1376
89703 1377
89826 1378
89895 1379
89911 1380
90208 1381
90219 1382
90347 1383
90364 1384
90454 1385
90501 1386
90580 1387
90641 1388
90687 1389
91011 1390
91081 1391
91087 1392
91107 1393
91147 1394
91215 1395
91283 1396
91311 1397
91311 1398
91311 1399
91377 1400
91398 1401
91405 1402
91463 1403
91488 1404
91512 1405
91520 1406
91546 1407
91563 1408
91627 1409
91760 1410
91762 1411
91769 1412
91790 1413
91819 1414
91821 1415
91834 1416
91851 1417
91880 1418
91887 1419
91887 1420
91931 1421
91945 1422
91965 1423
91983 1424
92009 1425
92010 1426
92032 1427
92057 1428
92141 1429
92219 1430
92222 1431
92243 1432
92247 1433
92254 1434
92299 1435
92315 1436
92318 1437
92366 1438
92407 1439
92412 1440
92423 1441
92478 1442
92491 1443
92617 1444
92629 1445
92646 1446
92704 1447
92710 1448
92717 1449
92795 1450
92799 1451
92849 1452
92863 1453
92866 1454
92868 1455
92899 1456
92931 1457
92972 1458
92975 1459
93014 1460
93032 1461
93048 1462
93053 1463
93082 1464
93098 1465
93154 1466
93212 1467
93236 1468
93295 1469
93310 1470
93551 1471
93555 1472
93607 1473
93619 1474
93668 1475
93668 1476
93851 1477
93953 1478
94033 1479
94056 1480
94080 1481
94168 1482
94187 1483
94324 1484
94352 1485
94414 1486
94557 1487
94648 1488
94649 1489
94719 1490
94757 1491
94759 1492
94797 1493
94811 1494
94815 1495
94825 1496
94839 1497
94855 1498
94876 1499
94946 1500
95075 1501
95078 1502
95103 1503
95128 1504
95195 1505
95205 1506
95216 1507
95239 1508
95254 1509
95471 1510
95483 1511
95499 1512
95502 1513
95505 1514
95566 1515
95605 1516
95624 1517
95636 1518
95642 1519
95692 1520
95815 1521
95815 1522
95869 1523
95880 1524
95882 1525
95929 1526
96066 1527
96100 1528
96119 1529
96119 1530
96173 1531
96266 1532
96295 1533
96295 1534
96297 1535
96299 1536
96315 1537
96323 1538
96411 1539
96413 1540
96432 1541
96461 1542
96462 1543
96463 1544
96544 1545
96554 1546
96600 1547
96600 1548
96650 1549
96694 1550
96695 1551
96725 1552
96728 1553
96758 1554
96766 1555
96786 1556
96807 1557
96814 1558
96815 1559
96869 1560
96947 1561
97004 1562
97050 1563
97059 1564
97327 1565
97350 1566
97354 1567
97355 1568
97391 1569
97406 1570
97412 1571
97437 1572
97445 1573
97543 1574
97577 1575
97587 1576
97627 1577
97631 1578
97678 1579
97715 1580
97742 1581
97782 1582
97792 1583
97857 1584
97916 1585
97945 1586
97952 1587
98040 1588
98082 1589
98159 1590
98206 1591
98350 1592
98365 1593
98392 1594
98487 1595
98492 1596
98504 1597
98507 1598
98515 1599
98576 1600
98591 1601
98603 1602
98603 1603
98631 1604
98672 1605
98686 1606
98710 1607
98783 1608
98990 1609
99064 1610
99137 1611
99219 1612
99224 1613
99313 1614
99334 1615
99377 1616
99399 1617
99639 1618
99663 1619
99689 1620
99703 1621
99715 1622
99731 1623
99734 1624
99769 1625
99839 1626
99872 1627
99962 1628
99993 1629
99995 1630
100004 1631
100044 1632
100087 1633
100087 1634
100141 1635
100170 1636
100197 1637
100201 1638
100211 1639
100226 1640
100239 1641
100244 1642
100252 1643
100347 1644
100385 1645
100403 1646
100430 1647
100471 1648
100484 1649
100498 1650
100519 1651
100570 1652
100576 1653
100617 1654
100620 1655
100623 1656
100623 1657
100675 1658
100702 1659
100713 1660
100805 1661
101017 1662
101023 1663
101025 1664
101035 1665
101039 1666
101059 1667
101073 1668
101081 1669
101082 1670
101118 1671
101120 1672
101143 1673
101167 1674
101169 1675
101173 1676
101300 1677
101375 1678
101379 1679
101465 1680
101515 1681
101575 1682
101585 1683
101595 1684
101640 1685
101648 1686
101677 1687
101702 1688
101707 1689
101931 1690
101932 1691
101971 1692
101971 1693
102044 1694
102059 1695
102103 1696
102166 1697
102281 1698
102287 1699
102299 1700
102318 1701
102396 1702
102440 1703
102448 1704
102467 1705
102504 1706
102506 1707
102515 1708
102529 1709
102529 1710
102563 1711
102600 1712
102605 1713
102900 1714
103031 1715
103059 1716
103087 1717
103324 1718
103381 1719
103435 1720
103437 1721
103447 1722
103463 1723
103535 1724
103547 1725
103576 1726
103615 1727
103657 1728
103657 1729
103723 1730
103774 1731
103802 1732
103823 1733
103875 1734
103903 1735
103943 1736
103948 1737
103960 1738
103969 1739
104014 1740
104015 1741
104072 1742
104151 1743
104207 1744
104265 1745
104266 1746
104348 1747
104354 1748
104396 1749
104399 1750
104410 1751
104451 1752
104455 1753
104464 1754
104465 1755
104476 1756
104529 1757
104740 1758
104777 1759
104789 1760
104877 1761
104891 1762
104914 1763
104933 1764
104973 1765
104999 1766
105018 1767
105120 1768
105197 1769
105198 1770
105257 1771
105326 1772
105399 1773
105419 1774
105455 1775
105458 1776
105475 1777
105483 1778
105552 1779
105560 1780
105585 1781
105607 1782
105696 1783
105718 1784
105732 1785
105767 1786
105784 1787
105784 1788
105923 1789
105963 1790
105975 1791
105991 1792
106028 1793
106043 1794
106046 1795
106059 1796
106103 1797
106149 1798
106153 1799
106219 1800
106234 1801
106255 1802
106279 1803
106314 1804
106389 1805
106447 1806
106452 1807
106598 1808
106755 1809
106762 1810
106790 1811
106823 1812
106929 1813
107032 1814
107123 1815
107146 1816
107176 1817
107243 1818
107267 1819
107268 1820
107295 1821
107383 1822
107418 1823
107459 1824
107516 1825
107555 1826
107557 1827
107627 1828
107664 1829
107714 1830
107775 1831
107827 1832
107902 1833
107987 1834
108011 1835
108037 1836
108049 1837
108057 1838
108083 1839
108093 1840
108107 1841
108107 1842
108117 1843
108356 1844
108380 1845
108429 1846
108463 1847
108546 1848
108627 1849
108640 1850
108652 1851
108683 1852
108731 1853
108766 1854
108774 1855
108775 1856
108802 1857
108845 1858
108855 1859
108984 1860
109005 1861
109043 1862
109083 1863
109095 1864
109156 1865
109158 1866
109206 1867
109231 1868
109241 1869
109243 1870
109247 1871
109310 1872
109358 1873
109398 1874
109461 1875
109468 1876
109493 1877
109520 1878
109534 1879
109588 1880
109601 1881
109603 1882
109606 1883
109635 1884
109703 1885
109738 1886
109738 1887
109792 1888
109835 1889
109867 1890
109875 1891
109878 1892
109931 1893
109974 1894
109975 1895
109985 1896
109987 1897
110070 1898
110127 1899
110147 1900
110208 1901
110313 1902
110359 1903
110484 1904
110512 1905
110771 1906
110805 1907
110833 1908
110989 1909
111048 1910
111058 1911
111094 1912
111125 1913
111174 1914
111279 1915
111279 1916
111308 1917
111335 1918
111433 1919
111497 1920
111548 1921
111661 1922
111665 1923
111719 1924
111796 1925
111825 1926
111854 1927
111855 1928
111891 1929
111911 1930
111949 1931
112017 1932
112047 1933
112088 1934
112089 1935
112100 1936
112150 1937
112165 1938
112199 1939
112334 1940
112410 1941
112419 1942
112469 1943
112473 1944
112490 1945
112499 1946
112556 1947
112662 1948
112726 1949
112735 1950
112815 1951
112815 1952
112828 1953
112842 1954
112845 1955
112859 1956
112862 1957
112972 1958
112979 1959
112987 1960
112992 1961
113069 1962
113084 1963
113114 1964
113156 1965
113187 1966
113199 1967
113199 1968
113204 1969
113234 1970
113241 1971
113278 1972
113359 1973
113432 1974
113441 1975
113454 1976
113460 1977
113535 1978
113571 1979
113611 1980
113632 1981
113639 1982
113679 1983
113680 1984
113694 1985
113747 1986
113915 1987
113942 1988
113947 1989
114017 1990
114022 1991
114230 1992
114327 1993
114371 1994
114421 1995
114479 1996
114513 1997
114517 1998
114547 1999
114559 2000
114562 2001
114658 2002
114665 2003
114669 2004
114698 2005
114743 2006
114751 2007
114771 2008
114793 2009
114794 2010
114799 2011
114821 2012
114832 2013
114842 2014
114889 2015
114890 2016
114952 2017
114985 2018
114999 2019
115011 2020
115039 2021
115139 2022
115247 2023
115277 2024
115289 2025
115371 2026
115372 2027
115382 2028
115396 2029
115420 2030
115507 2031
115524 2032
115538 2033
115596 2034
115607 2035
115659 2036
115795 2037
115796 2038
115811 2039
115886 2040
115953 2041
116003 2042
116013 2043
116171 2044
116301 2045
116343 2046
116386 2047
116396 2048
116452 2049
116471 2050
116481 2051
116486 2052
116491 2053
116539 2054
116551 2055
116563 2056
116568 2057
116599 2058
116621 2059
116641 2060
116685 2061
116729 2062
116793 2063
116831 2064
116838 2065
116845 2066
116938 2067
116947 2068
116983 2069
116990 2070
117089 2071
117136 2072
117147 2073
117153 2074
117248 2075
117319 2076
117391 2077
117425 2078
117458 2079
117459 2080
117667 2081
117694 2082
117746 2083
117747 2084
117779 2085
117945 2086
117979 2087
118001 2088
118047 2089
118091 2090
118123 2091
118126 2092
118131 2093
118213 2094
118228 2095
118255 2096
118269 2097
118269 2098
118320 2099
118400 2100
118405 2101
118412 2102
118425 2103
118462 2104
118508 2105
118571 2106
118651 2107
118655 2108
118715 2109
118716 2110
118718 2111
118723 2112
118723 2113
118755 2114
118758 2115
118774 2116
118794 2117
118835 2118
118843 2119
118934 2120
118954 2121
119003 2122
119073 2123
119119 2124
119136 2125
119187 2126
119202 2127
119210 2128
119299 2129
119302 2130
119308 2131
119317 2132
119381 2133
119503 2134
119505 2135
119542 2136
119606 2137
119620 2138
119626 2139
119633 2140
119701 2141
119712 2142
119712 2143
119723 2144
119766 2145
119847 2146
119847 2147
119931 2148
120004 2149
120008 2150
120095 2151
120162 2152
120219 2153
120226 2154
120243 2155
120259 2156
120422 2157
120519 2158
120522 2159
120566 2160
120590 2161
120602 2162
120630 2163
120651 2164
120652 2165
120687 2166
120765 2167
120809 2168
120809 2169
120853 2170
120886 2171
120925 2172
120968 2173
120980 2174
121083 2175
121137 2176
121151 2177
121201 2178
121254 2179
121258 2180
121377 2181
121385 2182
121479 2183
121627 2184
121702 2185
121747 2186
121769 2187
121771 2188
121782 2189
121811 2190
121904 2191
121911 2192
121920 2193
121963 2194
122079 2195
122123 2196
122128 2197
122178 2198
122227 2199
122280 2200
122412 2201
122427 2202
122458 2203
122470 2204
122485 2205
122495 2206
122500 2207
122508 2208
122551 2209
122599 2210
122604 2211
122626 2212
122641 2213
122787 2214
122827 2215
122858 2216
122880 2217
122894 2218
122895 2219
122895 2220
122897 2221
122914 2222
122923 2223
123018 2224
123050 2225
123113 2226
123170 2227
123197 2228
123243 2229
123255 2230
123292 2231
123323 2232
123389 2233
123443 2234
123450 2235
123487 2236
123511 2237
123543 2238
123577 2239
123635 2240
123643 2241
123664 2242
123677 2243
123689 2244
123710 2245
123729 2246
123778 2247
123924 2248
123927 2249
123995 2250
124000 2251
124020 2252
124133 2253
124237 2254
124246 2255
124254 2256
124309 2257
124395 2258
124454 2259
124491 2260
124515 2261
124524 2262
124592 2263
124598 2264
124599 2265
124623 2266
124629 2267
124657 2268
124706 2269
124719 2270
124780 2271
124803 2272
124840 2273
124922 2274
124927 2275
124930 2276
125064 2277
125080 2278
125091 2279
125094 2280
125123 2281
125199 2282
125299 2283
125341 2284
125353 2285
125371 2286
125427 2287
125458 2288
125505 2289
125559 2290
125614 2291
125635 2292
125670 2293
125694 2294
125747 2295
125818 2296
125989 2297
125990 2298
126036 2299
126157 2300
126191 2301
126204 2302
126208 2303
126211 2304
126216 2305
126217 2306
126251 2307
126263 2308
126266 2309
126275 2310
126357 2311
126367 2312
126479 2313
126523 2314
126587 2315
126615 2316
126657 2317
126715 2318
126752 2319
126783 2320
126802 2321
126812 2322
126888 2323
126950 2324
126973 2325
126993 2326
127026 2327
127031 2328
127124 2329
127139 2330
127139 2331
127140 2332
127145 2333
127212 2334
127247 2335
127331 2336
127437 2337
127468 2338
127579 2339
127592 2340
127596 2341
127635 2342
127856 2343
127895 2344
127908 2345
127934 2346
127947 2347
127968 2348
128021 2349
128032 2350
128032 2351
128044 2352
128078 2353
128111 2354
128115 2355
128118 2356
128159 2357
128252 2358
128252 2359
128267 2360
128267 2361
128299 2362
128313 2363
128327 2364
128347 2365
128368 2366
128382 2367
128402 2368
128454 2369
128506 2370
128517 2371
128551 2372
128766 2373
128798 2374
128808 2375
128810 2376
128813 2377
128946 2378
128979 2379
129006 2380
129074 2381
129079 2382
129087 2383
129152 2384
129171 2385
129221 2386
129227 2387
129283 2388
129308 2389
129349 2390
129380 2391
129390 2392
129414 2393
129521 2394
129582 2395
129692 2396
129710 2397
129714 2398
129721 2399
129856 2400
129910 2401
129937 2402
129980 2403
130011 2404
130051 2405
130067 2406
130239 2407
130265 2408
130280 2409
130297 2410
130420 2411
130507 2412
130598 2413
130639 2414
130675 2415
130719 2416
130900 2417
130955 2418
130991 2419
131146 2420
131318 2421
131375 2422
131641 2423
132421 2424
132431 2425
132500 2426
132511 2427
132623 2428
132628 2429
133530 2430
133570 2431
133715 2432
133734 2433
133781 2434
133799 2435
133851 2436
133889 2437
133934 2438
134017 2439
134020 2440
134066 2441
134068 2442
134177 2443
134179 2444
134251 2445
134267 2446
134273 2447
134277 2448
134313 2449
134415 2450
134457 2451
134487 2452
134595 2453
134640 2454
134663 2455
134707 2456
134777 2457
134928 2458
135040 2459
135108 2460
135163 2461
135240 2462
135359 2463
135504 2464
135608 2465
135678 2466
135678 2467
135679 2468
135695 2469
135710 2470
135810 2471
135814 2472
135815 2473
135839 2474
135926 2475
135946 2476
135948 2477
136019 2478
136022 2479
136022 2480
136074 2481
136132 2482
136159 2483
136180 2484
136283 2485
136286 2486
136376 2487
136380 2488
136436 2489
136473 2490
136475 2491
136532 2492
136536 2493
136591 2494
136750 2495
136760 2496
136795 2497
136820 2498
136894 2499
136930 2500
137006 2501
137077 2502
137129 2503
137203 2504
137215 2505
137216 2506
137220 2507
137279 2508
137377 2509
137451 2510
137559 2511
137595 2512
137599 2513
137599 2514
137836 2515
137876 2516
137894 2517
137914 2518
138111 2519
138397 2520
138653 2521
139194 2522
140624 2523
140685 2524
140775 2525
141097 2526
141218 2527
141228 2528
141232 2529
141700 2530
141709 2531
141737 2532
141750 2533
141897 2534
141914 2535
141980 2536
142078 2537
142079 2538
142148 2539
142217 2540
142231 2541
142243 2542
142271 2543
142335 2544
142444 2545
142731 2546
142746 2547
142764 2548
142836 2549
142891 2550
142965 2551
143043 2552
143076 2553
143096 2554
143102 2555
143183 2556
143231 2557
143252 2558
143261 2559
143271 2560
143314 2561
143346 2562
143395 2563
143396 2564
143399 2565
143446 2566
143483 2567
143624 2568
143659 2569
143701 2570
143795 2571
143821 2572
143843 2573
143863 2574
143913 2575
143926 2576
143971 2577
143972 2578
143975 2579
143976 2580
143988 2581
144008 2582
144079 2583
144095 2584
144117 2585
144178 2586
144180 2587
144225 2588
144242 2589
144283 2590
144303 2591
144331 2592
144520 2593
144836 2594
144852 2595
145264 2596
145448 2597
145503 2598
145571 2599
146212 2600
146356 2601
146576 2602
147084 2603
147236 2604
147410 2605
147512 2606
147675 2607
148432 2608
148779 2609
148938 2610
149308 2611
149448 2612
149532 2613
149716 2614
149721 2615
149727 2616
149800 2617
149972 2618
150111 2619
150225 2620
150454 2621
150566 2622
150780 2623
151216 2624
151300 2625
151644 2626
151648 2627
151880 2628
152335 2629
152664 2630
152730 2631
152756 2632
152816 2633
152853 2634
152853 2635
153012 2636
153016 2637
153108 2638
153144 2639
153147 2640
153189 2641
153216 2642
153251 2643
153374 2644
153432 2645
153475 2646
153538 2647
153572 2648
153639 2649
153717 2650
153910 2651
153949 2652
154047 2653
154336 2654
154376 2655
154404 2656
154415 2657
154461 2658
154495 2659
154503 2660
154514 2661
154596 2662
154624 2663
154684 2664
154778 2665
154833 2666
154865 2667
154923 2668
154934 2669
154940 2670
155024 2671
155064 2672
155104 2673
155105 2674
155105 2675
155215 2676
155253 2677
155293 2678
155341 2679
155364 2680
155408 2681
155448 2682
155469 2683
155473 2684
155516 2685
155597 2686
155607 2687
155616 2688
155617 2689
155623 2690
155640 2691
155652 2692
155691 2693
155708 2694
155745 2695
155752 2696
155776 2697
155804 2698
155815 2699
155816 2700
155835 2701
155875 2702
155888 2703
155890 2704
155900 2705
155911 2706
155946 2707
155948 2708
155951 2709
156014 2710
156020 2711
156033 2712
156112 2713
156164 2714
156201 2715
156304 2716
156307 2717
156310 2718
156317 2719
156344 2720
156384 2721
156425 2722
156469 2723
156494 2724
156518 2725
156536 2726
156563 2727
156568 2728
156581 2729
156604 2730
156669 2731
156672 2732
156682 2733
156715 2734
156738 2735
156756 2736
156835 2737
156850 2738
156882 2739
156916 2740
156928 2741
156932 2742
156942 2743
157003 2744
157036 2745
157041 2746
157086 2747
157200 2748
157207 2749
157218 2750
157313 2751
157322 2752
157393 2753
157496 2754
157496 2755
157508 2756
157565 2757
157598 2758
157672 2759
157800 2760
157837 2761
157852 2762
157861 2763
157868 2764
157922 2765
157949 2766
157994 2767
158008 2768
158138 2769
158166 2770
158220 2771
158221 2772
158236 2773
158277 2774
158288 2775
158301 2776
158304 2777
158304 2778
158420 2779
158428 2780
158442 2781
158523 2782
158600 2783
158625 2784
158655 2785
158668 2786
158677 2787
158839 2788
158857 2789
158904 2790
158944 2791
159019 2792
159072 2793
159086 2794
159137 2795
159157 2796
159239 2797
159270 2798
159319 2799
159333 2800
159376 2801
159482 2802
159511 2803
159529 2804
159601 2805
159616 2806
159636 2807
159640 2808
159641 2809
159647 2810
159648 2811
159690 2812
159777 2813
159825 2814
159833 2815
159837 2816
159882 2817
159928 2818
159933 2819
159972 2820
160005 2821
160017 2822
160080 2823
160104 2824
160218 2825
160330 2826
160335 2827
160366 2828
160381 2829
160385 2830
160392 2831
160404 2832
160444 2833
160564 2834
160574 2835
160608 2836
160681 2837
160831 2838
160852 2839
160894 2840
160974 2841
160991 2842
161004 2843
161017 2844
161033 2845
161035 2846
161098 2847
161213 2848
161217 2849
161228 2850
161232 2851
161280 2852
161288 2853
161428 2854
161504 2855
161542 2856
161579 2857
161640 2858
161675 2859
161780 2860
161797 2861
161800 2862
161885 2863
161901 2864
161931 2865
161956 2866
161972 2867
161975 2868
162014 2869
162052 2870
162052 2871
162096 2872
162135 2873
162172 2874
162175 2875
162221 2876
162384 2877
162428 2878
162440 2879
162441 2880
162454 2881
162465 2882
162557 2883
162567 2884
162579 2885
162628 2886
162632 2887
162657 2888
162780 2889
162863 2890
162932 2891
163029 2892
163054 2893
163059 2894
163080 2895
163105 2896
163112 2897
163154 2898
163179 2899
163192 2900
163248 2901
163276 2902
163332 2903
163336 2904
163356 2905
163382 2906
163412 2907
163439 2908
163496 2909
163529 2910
163551 2911
163611 2912
163618 2913
163645 2914
163646 2915
163689 2916
163755 2917
163762 2918
163844 2919
163913 2920
163940 2921
163946 2922
163976 2923
164044 2924
164055 2925
164100 2926
164138 2927
164148 2928
164150 2929
164203 2930
164338 2931
164381 2932
164664 2933
164673 2934
164704 2935
164704 2936
164725 2937
164744 2938
164758 2939
164773 2940
164796 2941
164811 2942
164818 2943
164884 2944
164899 2945
164924 2946
164980 2947
165092 2948
165148 2949
165189 2950
165212 2951
165298 2952
165308 2953
165312 2954
165506 2955
165511 2956
165541 2957
165545 2958
165556 2959
165649 2960
165661 2961
165672 2962
165697 2963
165720 2964
165732 2965
165776 2966
165827 2967
165910 2968
165928 2969
165941 2970
165999 2971
166107 2972
166192 2973
166200 2974
166218 2975
166302 2976
166320 2977
166337 2978
166399 2979
166488 2980
166513 2981
166515 2982
166569 2983
166607 2984
166650 2985
166664 2986
166790 2987
166791 2988
166805 2989
166848 2990
166863 2991
166908 2992
166930 2993
166936 2994
166940 2995
166956 2996
167007 2997
167010 2998
167018 2999
167061 3000
167109 3001
167149 3002
167156 3003
167186 3004
167202 3005
167202 3006
167207 3007
167233 3008
167260 3009
167318 3010
167322 3011
167396 3012
167466 3013
167546 3014
167652 3015
167655 3016
167696 3017
167776 3018
167808 3019
167825 3020
167842 3021
167893 3022
167946 3023
167956 3024
168053 3025
168193 3026
168222 3027
168333 3028
168422 3029
168484 3030
168502 3031
168507 3032
168508 3033
168517 3034
168525 3035
168527 3036
168554 3037
168617 3038
168644 3039
168644 3040
168660 3041
168688 3042
168747 3043
168763 3044
168806 3045
168833 3046
168853 3047
168932 3048
169008 3049
169025 3050
169120 3051
169180 3052
169208 3053
169237 3054
169264 3055
169358 3056
169358 3057
169376 3058
169384 3059
169389 3060
169446 3061
169467 3062
169592 3063
169605 3064
169613 3065
169638 3066
169643 3067
169650 3068
169729 3069
169756 3070
169827 3071
169880 3072
169885 3073
169908 3074
170030 3075
170137 3076
170140 3077
170252 3078
170259 3079
170279 3080
170401 3081
170406 3082
170429 3083
170450 3084
170489 3085
170497 3086
170502 3087
170512 3088
170552 3089
170601 3090
170608 3091
170616 3092
170648 3093
170664 3094
170734 3095
170831 3096
170859 3097
170918 3098
170921 3099
170940 3100
171025 3101
171060 3102
171061 3103
171193 3104
171227 3105
171227 3106
171269 3107
171351 3108
171361 3109
171368 3110
171444 3111
171444 3112
171446 3113
171479 3114
171528 3115
171530 3116
171561 3117
171590 3118
171613 3119
171657 3120
171677 3121
171677 3122
171726 3123
171768 3124
171818 3125
171914 3126
171921 3127
172009 3128
172011 3129
172044 3130
172063 3131
172067 3132
172092 3133
172199 3134
172207 3135
172262 3136
172334 3137
172338 3138
172420 3139
172472 3140
172488 3141
172553 3142
172578 3143
172627 3144
172628 3145
172668 3146
172748 3147
172832 3148
172915 3149
172960 3150
172979 3151
172996 3152
173020 3153
173092 3154
173108 3155
173120 3156
173202 3157
173312 3158
173332 3159
173379 3160
173394 3161
173494 3162
173541 3163
173590 3164
173592 3165
173616 3166
173616 3167
173745 3168
173788 3169
173872 3170
173912 3171
174066 3172
174072 3173
174080 3174
174096 3175
174120 3176
174131 3177
174136 3178
174170 3179
174214 3180
174219 3181
174222 3182
174274 3183
174328 3184
174337 3185
174356 3186
174384 3187
174395 3188
174409 3189
174449 3190
174521 3191
174586 3192
174620 3193
174632 3194
174644 3195
174704 3196
174705 3197
174709 3198
174732 3199
174740 3200
174815 3201
174838 3202
174959 3203
175005 3204
175014 3205
175040 3206
175095 3207
175102 3208
175140 3209
175170 3210
175185 3211
175186 3212
175206 3213
175213 3214
175267 3215
175326 3216
175382 3217
175400 3218
175433 3219
175433 3220
175468 3221
175550 3222
175604 3223
175620 3224
175634 3225
175720 3226
175750 3227
175891 3228
175913 3229
175934 3230
176049 3231
176145 3232
176190 3233
176196 3234
176234 3235
176258 3236
176352 3237
176398 3238
176487 3239
176634 3240
176658 3241
176676 3242
176676 3243
176717 3244
176777 3245
176783 3246
176783 3247
176813 3248
176868 3249
176884 3250
176891 3251
176912 3252
176922 3253
176945 3254
176980 3255
177020 3256
177044 3257
177056 3258
177096 3259
177216 3260
177237 3261
177309 3262
177315 3263
177319 3264
177324 3265
177349 3266
177417 3267
177433 3268
177453 3269
177484 3270
177569 3271
177572 3272
177578 3273
177685 3274
177725 3275
177810 3276
177823 3277
177832 3278
177944 3279
178058 3280
178064 3281
178090 3282
178092 3283
178092 3284
178149 3285
178229 3286
178241 3287
178447 3288
178497 3289
178569 3290
178614 3291
178718 3292
178989 3293
179047 3294
179965 3295
179977 3296
180292 3297
180316 3298
180319 3299
180460 3300
180504 3301
180550 3302
180560 3303
180573 3304
180800 3305
181109 3306
181116 3307
181144 3308
182436 3309
182708 3310
183463 3311
183611 3312
183986 3313
184282 3314
184531 3315
184569 3316
184700 3317
184703 3318
184864 3319
184864 3320
184892 3321
184909 3322
184948 3323
184948 3324
185056 3325
185568 3326
185675 3327
185687 3328
185704 3329
185772 3330
185817 3331
185826 3332
185842 3333
185910 3334
185924 3335
185992 3336
186005 3337
186065 3338
186065 3339
186065 3340
186073 3341
186180 3342
186252 3343
186305 3344
186332 3345
186388 3346
186434 3347
186729 3348
186748 3349
186776 3350
186924 3351
187903 3352
187984 3353
187996 3354
188313 3355
188408 3356
188465 3357
188520 3358
188552 3359
189151 3360
189220 3361
189304 3362
189394 3363
189548 3364
189564 3365
189644 3366
189700 3367
189965 3368
189973 3369
190177 3370
190318 3371
190329 3372
190353 3373
190357 3374
190358 3375
190384 3376
190433 3377
190447 3378
190457 3379
190462 3380
190536 3381
190574 3382
190611 3383
190682 3384
190689 3385
190713 3386
190751 3387
190757 3388
190792 3389
190811 3390
190820 3391
190841 3392
190848 3393
190850 3394
190884 3395
190918 3396
190920 3397
191058 3398
191072 3399
191128 3400
191237 3401
191239 3402
191249 3403
191249 3404
191252 3405
191259 3406
191292 3407
191306 3408
191324 3409
191330 3410
191333 3411
191372 3412
191382 3413
191428 3414
191428 3415
191433 3416
191442 3417
191578 3418
191613 3419
191636 3420
191652 3421
191664 3422
191675 3423
191678 3424
191681 3425
191688 3426
191688 3427
191714 3428
191732 3429
191756 3430
191760 3431
191768 3432
191772 3433
191812 3434
191907 3435
191912 3436
191913 3437
191996 3438
192052 3439
192120 3440
192128 3441
192137 3442
192160 3443
192170 3444
192221 3445
192252 3446
192308 3447
192375 3448
192434 3449
192583 3450
192633 3451
192745 3452
192872 3453
192907 3454
192951 3455
192962 3456
192997 3457
193020 3458
193035 3459
193268 3460
193301 3461
193312 3462
193364 3463
193462 3464
193492 3465
193504 3466
193532 3467
193686 3468
193796 3469
193808 3470
193859 3471
193907 3472
194033 3473
194050 3474
194052 3475
194162 3476
194179 3477
194188 3478
194208 3479
194216 3480
194219 3481
194232 3482
194291 3483
194424 3484
194453 3485
194463 3486
194528 3487
194530 3488
194550 3489
194572 3490
194580 3491
194625 3492
194639 3493
194674 3494
194676 3495
194836 3496
194837 3497
194948 3498
194952 3499
194994 3500
194995 3501
195011 3502
195012 3503
195057 3504
195092 3505
195099 3506
195152 3507
195192 3508
