198 1
418 2
436 3
679 4
720 5
831 6
838 7
900 8
940 9
950 10
1266 11
1430 12
1443 13
1538 14
1563 15
1595 16
1613 17
1747 18
1814 19
1828 20
2024 21
2192 22
2287 23
2398 24
2430 25
2434 26
2458 27
2539 28
2628 29
2685 30
2697 31
2779 32
2879 33
2981 34
3112 35
3158 36
3158 37
3163 38
3196 39
3211 40
3252 41
3301 42
3371 43
3521 44
3522 45
3535 46
3590 47
3590 48
3606 49
3646 50
3655 51
4001 52
4089 53
4110 54
4338 55
4440 56
4462 57
4540 58
4574 59
4578 60
4673 61
4683 62
4685 63
4770 64
4838 65
4839 66
4934 67
4954 68
4982 69
4987 70
4991 71
5007 72
5023 73
5140 74
5149 75
5184 76
5188 77
5191 78
5194 79
5218 80
5276 81
5357 82
5397 83
5424 84
5457 85
5458 86
5492 87
5493 88
5555 89
5625 90
5634 91
5746 92
5843 93
5854 94
5860 95
5922 96
5958 97
5959 98
5963 99
6061 100
6062 101
6080 102
6141 103
6248 104
6270 105
6273 106
6311 107
6319 108
6322 109
6344 110
6362 111
6378 112
6402 113
6414 114
6416 115
6436 116
6462 117
6473 118
6487 119
6531 120
6542 121
6575 122
6666 123
6676 124
6686 125
6864 126
6906 127
6926 128
6965 129
6973 130
6999 131
7004 132
7043 133
7114 134
7146 135
7171 136
7174 137
7194 138
7223 139
7245 140
7254 141
7319 142
7338 143
7433 144
7483 145
7490 146
7563 147
7691 148
7730 149
7746 150
7812 151
7834 152
7843 153
7889 154
7900 155
7998 156
7998 157
8047 158
8095 159
8095 160
8272 161
8287 162
8376 163
8506 164
8586 165
8601 166
8614 167
8687 168
8700 169
8714 170
8721 171
8728 172
8736 173
8737 174
8822 175
8965 176
8965 177
8965 178
8981 179
8997 180
9018 181
9025 182
9026 183
9080 184
9107 185
9126 186
9189 187
9198 188
9277 189
9287 190
9354 191
9364 192
9384 193
9397 194
9590 195
9618 196
9630 197
9638 198
9639 199
9669 200
9755 201
9867 202
9887 203
9928 204
9957 205
9958 206
10014 207
10020 208
10084 209
10088 210
10121 211
10122 212
10123 213
10126 214
10274 215
10287 216
10288 217
10291 218
10320 219
10346 220
10360 221
10370 222
10401 223
10444 224
10541 225
10633 226
10686 227
10748 228
10754 229
10841 230
10887 231
10892 232
10901 233
10916 234
10975 235
11008 236
11008 237
11009 238
11049 239
11074 240
11098 241
11165 242
11196 243
11210 244
11212 245
11251 246
11321 247
11443 248
11507 249
11523 250
11567 251
11581 252
11632 253
11635 254
11667 255
11679 256
11754 257
11827 258
11882 259
11882 260
11996 261
12004 262
12044 263
12060 264
12076 265
12089 266
12242 267
12254 268
12282 269
12294 270
12350 271
12430 272
12468 273
12526 274
12542 275
12577 276
12605 277
12615 278
12694 279
12706 280
12732 281
12740 282
12782 283
12813 284
12848 285
12886 286
12898 287
12905 288
12984 289
13006 290
13090 291
13108 292
13114 293
13168 294
13298 295
13303 296
13334 297
13365 298
13392 299
13401 300
13423 301
13493 302
13514 303
13558 304
13722 305
13771 306
13816 307
13856 308
14001 309
14033 310
14050 311
14078 312
14112 313
14124 314
14136 315
14150 316
14160 317
14186 318
14202 319
14216 320
14254 321
14283 322
14292 323
14435 324
14531 325
14535 326
14574 327
14586 328
14616 329
14621 330
14675 331
14766 332
14791 333
14837 334
14846 335
14873 336
14902 337
14955 338
14957 339
14969 340
14975 341
14992 342
15172 343
15174 344
15217 345
15233 346
15342 347
15361 348
15474 349
15480 350
15586 351
15634 352
15642 353
15659 354
15705 355
15774 356
15782 357
15811 358
15818 359
15818 360
15827 361
15848 362
15914 363
15930 364
16014 365
16026 366
16034 367
16042 368
16042 369
16209 370
16246 371
16246 372
16316 373
16426 374
16457 375
16492 376
16533 377
16589 378
16591 379
16618 380
16719 381
16742 382
16822 383
16833 384
16852 385
16877 386
16978 387
17014 388
17042 389
17057 390
17101 391
17104 392
17134 393
17206 394
17220 395
17224 396
17263 397
17346 398
17358 399
17374 400
17374 401
17443 402
17538 403
17651 404
17730 405
17763 406
17788 407
17798 408
17869 409
17905 410
17962 411
17963 412
18022 413
18032 414
18155 415
18210 416
18210 417
18236 418
18281 419
18311 420
18316 421
18327 422
18330 423
18441 424
18442 425
18454 426
18526 427
18534 428
18537 429
18538 430
18545 431
18555 432
18578 433
18680 434
18681 435
18702 436
18706 437
18706 438
18719 439
18730 440
18819 441
18845 442
18846 443
18916 444
18916 445
18943 446
18982 447
19022 448
19088 449
19212 450
19369 451
19394 452
19418 453
19434 454
19458 455
19490 456
19542 457
19563 458
19569 459
19578 460
19747 461
19754 462
19793 463
19817 464
19845 465
19848 466
19877 467
19887 468
19899 469
19918 470
19942 471
19954 472
20027 473
20118 474
20146 475
20204 476
20222 477
20245 478
20347 479
20462 480
20482 481
20518 482
20558 483
20586 484
20617 485
20685 486
20750 487
20815 488
20834 489
20914 490
20934 491
21035 492
21056 493
21082 494
21122 495
21213 496
21270 497
21286 498
21298 499
21383 500
21402 501
21474 502
21477 503
21504 504
21534 505
21547 506
21598 507
21666 508
21685 509
21710 510
21780 511
21785 512
21793 513
21858 514
21865 515
21905 516
21919 517
21957 518
22037 519
22039 520
22048 521
22093 522
22135 523
22167 524
22211 525
22250 526
22262 527
22269 528
22271 529
22284 530
22376 531
22392 532
22402 533
22433 534
22458 535
22466 536
22491 537
22527 538
22582 539
22653 540
22689 541
22730 542
22810 543
22833 544
22882 545
22882 546
22896 547
22905 548
22929 549
22989 550
22990 551
23146 552
23335 553
23358 554
23360 555
23414 556
23492 557
23604 558
23675 559
23686 560
23836 561
23909 562
23938 563
23977 564
24267 565
24285 566
24350 567
24378 568
24446 569
24460 570
24466 571
24527 572
24537 573
24565 574
24622 575
24657 576
24667 577
24830 578
24964 579
25053 580
25104 581
25134 582
25139 583
25308 584
25577 585
25790 586
25846 587
25986 588
26053 589
26061 590
26168 591
26204 592
26297 593
26398 594
26582 595
26678 596
26888 597
26893 598
26931 599
26975 600
27125 601
27203 602
27257 603
27257 604
27370 605
27416 606
27418 607
27426 608
27582 609
27584 610
27588 611
27608 612
27627 613
27654 614
27671 615
27845 616
27874 617
27883 618
27906 619
28014 620
28136 621
28142 622
28147 623
28182 624
28247 625
28274 626
28275 627
28391 628
28522 629
28613 630
28635 631
28785 632
28798 633
28878 634
29066 635
29186 636
29199 637
29251 638
29299 639
29325 640
29346 641
29403 642
29403 643
29578 644
29670 645
29780 646
29794 647
29813 648
29867 649
30331 650
30405 651
30518 652
30538 653
30679 654
30762 655
30898 656
30906 657
30994 658
31034 659
31051 660
31058 661
31084 662
31094 663
31184 664
31242 665
31327 666
31330 667
31371 668
31406 669
31433 670
31444 671
31462 672
31521 673
31663 674
31666 675
31768 676
31783 677
31803 678
31821 679
31823 680
31823 681
31849 682
31902 683
31913 684
31982 685
31985 686
31987 687
32022 688
32031 689
32094 690
32134 691
32137 692
32144 693
32177 694
32232 695
32270 696
32352 697
32354 698
32371 699
32379 700
32440 701
32448 702
32450 703
32508 704
32511 705
32522 706
32523 707
32528 708
32605 709
32618 710
32658 711
32741 712
32874 713
32879 714
32959 715
32986 716
33040 717
33086 718
33094 719
33140 720
33150 721
33259 722
33281 723
33286 724
33337 725
33359 726
33438 727
33507 728
33520 729
33527 730
33562 731
33592 732
33714 733
33908 734
34038 735
34136 736
34288 737
34297 738
34404 739
34498 740
34525 741
34551 742
34623 743
34623 744
34642 745
34688 746
34742 747
34754 748
34758 749
34798 750
34833 751
34869 752
34881 753
34885 754
34928 755
35003 756
35016 757
35043 758
35048 759
35064 760
35072 761
35075 762
35080 763
35152 764
35171 765
35172 766
35203 767
35265 768
35322 769
35376 770
35496 771
35505 772
35557 773
35627 774
35631 775
35642 776
35730 777
35731 778
35767 779
35798 780
35808 781
35855 782
35882 783
35915 784
35922 785
35928 786
35978 787
36004 788
36016 789
36061 790
36098 791
36101 792
36103 793
36226 794
36307 795
36309 796
36326 797
36347 798
36383 799
36404 800
36416 801
36419 802
36498 803
36512 804
36514 805
36619 806
36738 807
36798 808
36802 809
36806 810
36894 811
36902 812
36938 813
36957 814
36982 815
37010 816
37050 817
37065 818
37101 819
37106 820
37123 821
37130 822
37131 823
37180 824
37200 825
37241 826
37301 827
37372 828
37423 829
37443 830
37446 831
37462 832
37521 833
37541 834
37841 835
37977 836
38134 837
38202 838
38259 839
38382 840
38398 841
38468 842
38518 843
38586 844
38603 845
39149 846
39589 847
40154 848
40201 849
40226 850
40238 851
40253 852
40263 853
40365 854
40430 855
40526 856
41241 857
42022 858
42086 859
42491 860
42492 861
43842 862
44132 863
44708 864
44776 865
44907 866
44931 867
45268 868
45453 869
45535 870
45605 871
45659 872
45715 873
45716 874
45783 875
45813 876
45837 877
45848 878
45885 879
45975 880
46060 881
46225 882
46227 883
46248 884
46427 885
46511 886
46775 887
46899 888
47272 889
47825 890
47929 891
47937 892
48052 893
48154 894
48638 895
48640 896
48803 897
48847 898
48887 899
49330 900
49440 901
51373 902
51414 903
51485 904
51646 905
51733 906
51862 907
51908 908
52079 909
52083 910
52159 911
52167 912
52202 913
52204 914
52368 915
52846 916
52852 917
52917 918
52919 919
52994 920
53443 921
53992 922
54017 923
54031 924
54825 925
55031 926
55683 927
56094 928
56890 929
57046 930
57528 931
58061 932
58116 933
58118 934
58142 935
58294 936
58599 937
58639 938
59370 939
59434 940
59556 941
59666 942
59795 943
59861 944
59996 945
59999 946
60039 947
60079 948
60151 949
60203 950
60270 951
60277 952
60317 953
60324 954
60394 955
60406 956
60575 957
60615 958
60665 959
60883 960
60903 961
60920 962
61023 963
61024 964
61071 965
61185 966
61399 967
61468 968
61591 969
61792 970
62043 971
62059 972
62114 973
62138 974
62146 975
62221 976
62397 977
62432 978
62452 979
62602 980
62603 981
62605 982
62631 983
62635 984
62639 985
62646 986
62655 987
62667 988
62697 989
62712 990
62725 991
62742 992
62743 993
62749 994
62785 995
62802 996
62807 997
62878 998
62892 999
62898 1000
62905 1001
62905 1002
62953 1003
63002 1004
63002 1005
63006 1006
63032 1007
63047 1008
63054 1009
63071 1010
63079 1011
63094 1012
63111 1013
63111 1014
63115 1015
63171 1016
63183 1017
63222 1018
63251 1019
63375 1020
63391 1021
63418 1022
63460 1023
63487 1024
63493 1025
63511 1026
63541 1027
63563 1028
63628 1029
63647 1030
63681 1031
63739 1032
63762 1033
63787 1034
63799 1035
63829 1036
63910 1037
64018 1038
64070 1039
64103 1040
64185 1041
64194 1042
64241 1043
64266 1044
64267 1045
64351 1046
64367 1047
64391 1048
64411 1049
64513 1050
64535 1051
64595 1052
64623 1053
64639 1054
64681 1055
64693 1056
64742 1057
64757 1058
64851 1059
64876 1060
64915 1061
65051 1062
65107 1063
65123 1064
65195 1065
65280 1066
65283 1067
65374 1068
65524 1069
65679 1070
65721 1071
65814 1072
65847 1073
65847 1074
65850 1075
65887 1076
65903 1077
65942 1078
65952 1079
66022 1080
66203 1081
66334 1082
66339 1083
66350 1084
66364 1085
66367 1086
66370 1087
66437 1088
66446 1089
66564 1090
66583 1091
66607 1092
66687 1093
66695 1094
66713 1095
66728 1096
66751 1097
66753 1098
66782 1099
66828 1100
66842 1101
66851 1102
66891 1103
66907 1104
66915 1105
66915 1106
66937 1107
66949 1108
67015 1109
67043 1110
67082 1111
67087 1112
67116 1113
67235 1114
67247 1115
67267 1116
67283 1117
67284 1118
67325 1119
67379 1120
67437 1121
67467 1122
67493 1123
67507 1124
67541 1125
67569 1126
67656 1127
67686 1128
67812 1129
67832 1130
67854 1131
67872 1132
67949 1133
67959 1134
68014 1135
68071 1136
68073 1137
68132 1138
68165 1139
68181 1140
68249 1141
68263 1142
68278 1143
68280 1144
68347 1145
68348 1146
68359 1147
68394 1148
68405 1149
68415 1150
68431 1151
68484 1152
68527 1153
68634 1154
68635 1155
68650 1156
68662 1157
68663 1158
68675 1159
68680 1160
68711 1161
68731 1162
68732 1163
68773 1164
68777 1165
68807 1166
68812 1167
68814 1168
68917 1169
68923 1170
68936 1171
68987 1172
69022 1173
69024 1174
69095 1175
69100 1176
69111 1177
69238 1178
69361 1179
69442 1180
69503 1181
69515 1182
69555 1183
69567 1184
69567 1185
69632 1186
69644 1187
69661 1188
69682 1189
69684 1190
69752 1191
69760 1192
69763 1193
69817 1194
69843 1195
69844 1196
69871 1197
69871 1198
69886 1199
69887 1200
69892 1201
69915 1202
69951 1203
69967 1204
70028 1205
70090 1206
70149 1207
70153 1208
70154 1209
70156 1210
70200 1211
70205 1212
70283 1213
70283 1214
70284 1215
70292 1216
70293 1217
70307 1218
70311 1219
70311 1220
70316 1221
70408 1222
70423 1223
70480 1224
70533 1225
70537 1226
70571 1227
70585 1228
70636 1229
70660 1230
70661 1231
70665 1232
70711 1233
70751 1234
70761 1235
70857 1236
70861 1237
70981 1238
70999 1239
71021 1240
71220 1241
71220 1242
71272 1243
71306 1244
71350 1245
71357 1246
71400 1247
71434 1248
71437 1249
71438 1250
71444 1251
71459 1252
71467 1253
71497 1254
71499 1255
71538 1256
71547 1257
71563 1258
71576 1259
71584 1260
71587 1261
71590 1262
71631 1263
71636 1264
71699 1265
71735 1266
71762 1267
71775 1268
71797 1269
71803 1270
71851 1271
71984 1272
72035 1273
72061 1274
72066 1275
72093 1276
72129 1277
72183 1278
72219 1279
72224 1280
72259 1281
72295 1282
72300 1283
72331 1284
72338 1285
72354 1286
72359 1287
72365 1288
72365 1289
72366 1290
72428 1291
72452 1292
72477 1293
72493 1294
72507 1295
72531 1296
72552 1297
72610 1298
72619 1299
72622 1300
72693 1301
72755 1302
72824 1303
72849 1304
72865 1305
72874 1306
72955 1307
72977 1308
73012 1309
73081 1310
73082 1311
73129 1312
73135 1313
73197 1314
73223 1315
73263 1316
73291 1317
73297 1318
73331 1319
73359 1320
73361 1321
73394 1322
73424 1323
73425 1324
73431 1325
73431 1326
73431 1327
73455 1328
73468 1329
73516 1330
73530 1331
73584 1332
73631 1333
73700 1334
73731 1335
73747 1336
73749 1337
73759 1338
73824 1339
73830 1340
73835 1341
73839 1342
73852 1343
73852 1344
73867 1345
73912 1346
73924 1347
73926 1348
73956 1349
73985 1350
74003 1351
74074 1352
74075 1353
74108 1354
74117 1355
74146 1356
74236 1357
74262 1358
74267 1359
74279 1360
74293 1361
74301 1362
74303 1363
74337 1364
74338 1365
74341 1366
74363 1367
74483 1368
74499 1369
74527 1370
74539 1371
74566 1372
74586 1373
74674 1374
74718 1375
74736 1376
74739 1377
74860 1378
74921 1379
74928 1380
74928 1381
74935 1382
74955 1383
74957 1384
74967 1385
75007 1386
75051 1387
75066 1388
75076 1389
75168 1390
75172 1391
75213 1392
75279 1393
75295 1394
75321 1395
75323 1396
75364 1397
75419 1398
75433 1399
75453 1400
75501 1401
75502 1402
75534 1403
75542 1404
75562 1405
75627 1406
75637 1407
75643 1408
75686 1409
75692 1410
75733 1411
75747 1412
75756 1413
75815 1414
75834 1415
75844 1416
75943 1417
75957 1418
75982 1419
76011 1420
76011 1421
76107 1422
76156 1423
76177 1424
76220 1425
76234 1426
76241 1427
76252 1428
76257 1429
76262 1430
76344 1431
76347 1432
76378 1433
76391 1434
76413 1435
76433 1436
76491 1437
76498 1438
76517 1439
76559 1440
76576 1441
76592 1442
76599 1443
76657 1444
76671 1445
76673 1446
76693 1447
76728 1448
76744 1449
76777 1450
76807 1451
76830 1452
76831 1453
76839 1454
76921 1455
76929 1456
76995 1457
77042 1458
77055 1459
77135 1460
77215 1461
77215 1462
77267 1463
77299 1464
77333 1465
77439 1466
77485 1467
77488 1468
77523 1469
77535 1470
77547 1471
77575 1472
77583 1473
77584 1474
77588 1475
77589 1476
77668 1477
77810 1478
77846 1479
77849 1480
77851 1481
77856 1482
77915 1483
77953 1484
77954 1485
77972 1486
77975 1487
77987 1488
78051 1489
78065 1490
78098 1491
78167 1492
78197 1493
78205 1494
78263 1495
78267 1496
78380 1497
78392 1498
78401 1499
78405 1500
78427 1501
78431 1502
78483 1503
78494 1504
78513 1505
78640 1506
78646 1507
78647 1508
78662 1509
78726 1510
78727 1511
78743 1512
78901 1513
78933 1514
78998 1515
79017 1516
79070 1517
79070 1518
79082 1519
79099 1520
79113 1521
79143 1522
79152 1523
79187 1524
79253 1525
79264 1526
79275 1527
79292 1528
79323 1529
79390 1530
79449 1531
79485 1532
79512 1533
79525 1534
79556 1535
79579 1536
79585 1537
79647 1538
79653 1539
79659 1540
79660 1541
79719 1542
79722 1543
79771 1544
79786 1545
79829 1546
79836 1547
79843 1548
80009 1549
80019 1550
80023 1551
80030 1552
80034 1553
80053 1554
80072 1555
80097 1556
80142 1557
80155 1558
80170 1559
80240 1560
80254 1561
80277 1562
80279 1563
80306 1564
80319 1565
80323 1566
80337 1567
80389 1568
80391 1569
80398 1570
80410 1571
80459 1572
80498 1573
80512 1574
80527 1575
80540 1576
80543 1577
80554 1578
80564 1579
80578 1580
80607 1581
80644 1582
80718 1583
80740 1584
80951 1585
81031 1586
81053 1587
81089 1588
81097 1589
81103 1590
81136 1591
81140 1592
81142 1593
81200 1594
81203 1595
81269 1596
81282 1597
81301 1598
81338 1599
81363 1600
81419 1601
81421 1602
81488 1603
81495 1604
81555 1605
81570 1606
81584 1607
81593 1608
81627 1609
81658 1610
81661 1611
81687 1612
81741 1613
81743 1614
81750 1615
81769 1616
81805 1617
81823 1618
81887 1619
82023 1620
82023 1621
82027 1622
82043 1623
82052 1624
82093 1625
82096 1626
82147 1627
82163 1628
82163 1629
82218 1630
82228 1631
82253 1632
82315 1633
82348 1634
82354 1635
82443 1636
82503 1637
82545 1638
82605 1639
82634 1640
82705 1641
82779 1642
82801 1643
82829 1644
82870 1645
82939 1646
82961 1647
82971 1648
82971 1649
82972 1650
82984 1651
83030 1652
83032 1653
83032 1654
83039 1655
83040 1656
83083 1657
83106 1658
83137 1659
83139 1660
83148 1661
83171 1662
83228 1663
83238 1664
83263 1665
83273 1666
83308 1667
83310 1668
83315 1669
83326 1670
83369 1671
83467 1672
83467 1673
83477 1674
83519 1675
83535 1676
83567 1677
83594 1678
83619 1679
83664 1680
83706 1681
83767 1682
83767 1683
83794 1684
83800 1685
83839 1686
83867 1687
83880 1688
83919 1689
83925 1690
83933 1691
83999 1692
84047 1693
84077 1694
84079 1695
84141 1696
84148 1697
84186 1698
84226 1699
84274 1700
84300 1701
84303 1702
84471 1703
84517 1704
84565 1705
84579 1706
84579 1707
84585 1708
84687 1709
84761 1710
84769 1711
84769 1712
84771 1713
84780 1714
84839 1715
84881 1716
84888 1717
84951 1718
84966 1719
84978 1720
84996 1721
84999 1722
85032 1723
85059 1724
85077 1725
85104 1726
85126 1727
85134 1728
85141 1729
85141 1730
85143 1731
85143 1732
85174 1733
85181 1734
85183 1735
85215 1736
85279 1737
85361 1738
85391 1739
85399 1740
85438 1741
85446 1742
85459 1743
85461 1744
85501 1745
85558 1746
85586 1747
85619 1748
85628 1749
85651 1750
85683 1751
85743 1752
85749 1753
85773 1754
85804 1755
85914 1756
85916 1757
85935 1758
85993 1759
86006 1760
86033 1761
86103 1762
86103 1763
86155 1764
86164 1765
86174 1766
86215 1767
86215 1768
86242 1769
86248 1770
86496 1771
86529 1772
86555 1773
86582 1774
86606 1775
86611 1776
86613 1777
86644 1778
86646 1779
86650 1780
86657 1781
86667 1782
86676 1783
86718 1784
86721 1785
86729 1786
86734 1787
86843 1788
86887 1789
86899 1790
86979 1791
86984 1792
87130 1793
87185 1794
87203 1795
87210 1796
87240 1797
87242 1798
87255 1799
87271 1800
87306 1801
87337 1802
87353 1803
87379 1804
87472 1805
87482 1806
87491 1807
87503 1808
87511 1809
87512 1810
87543 1811
87590 1812
87639 1813
87656 1814
87681 1815
87694 1816
87695 1817
87725 1818
87788 1819
87847 1820
87867 1821
87875 1822
87888 1823
88027 1824
88211 1825
88220 1826
88294 1827
88369 1828
88381 1829
88383 1830
88394 1831
88411 1832
88451 1833
88483 1834
88492 1835
88511 1836
88545 1837
88552 1838
88570 1839
88572 1840
88572 1841
88615 1842
88633 1843
88660 1844
88670 1845
88672 1846
88806 1847
88817 1848
88849 1849
88850 1850
88853 1851
88877 1852
88891 1853
88906 1854
88910 1855
88998 1856
89068 1857
89077 1858
89245 1859
89255 1860
89281 1861
89337 1862
89356 1863
89356 1864
89359 1865
89416 1866
89453 1867
89488 1868
89517 1869
89523 1870
89524 1871
89531 1872
89545 1873
89617 1874
89643 1875
89675 1876
89715 1877
89760 1878
89773 1879
89862 1880
89895 1881
89910 1882
89933 1883
89963 1884
89975 1885
89987 1886
90015 1887
90068 1888
90159 1889
90170 1890
90211 1891
90291 1892
90297 1893
90298 1894
90306 1895
90320 1896
90335 1897
90345 1898
90359 1899
90387 1900
90429 1901
90435 1902
90482 1903
90482 1904
90496 1905
90567 1906
90659 1907
90687 1908
90697 1909
90703 1910
90719 1911
90744 1912
90801 1913
90875 1914
90880 1915
90896 1916
90921 1917
90969 1918
91071 1919
91101 1920
91105 1921
91152 1922
91177 1923
91177 1924
91179 1925
91195 1926
91212 1927
91251 1928
91268 1929
91280 1930
91307 1931
91335 1932
91339 1933
91356 1934
91392 1935
91480 1936
91507 1937
91558 1938
91589 1939
91635 1940
91636 1941
91676 1942
91726 1943
91803 1944
91803 1945
91805 1946
91832 1947
91893 1948
91931 1949
91939 1950
91980 1951
92002 1952
92007 1953
92021 1954
92070 1955
92110 1956
92119 1957
92122 1958
92130 1959
92187 1960
92187 1961
92191 1962
92215 1963
92219 1964
92237 1965
92264 1966
92305 1967
92331 1968
92364 1969
92382 1970
92397 1971
92419 1972
92506 1973
92515 1974
92525 1975
92528 1976
92562 1977
92596 1978
92611 1979
92611 1980
92718 1981
92726 1982
92750 1983
92789 1984
92791 1985
92791 1986
92838 1987
92934 1988
92963 1989
93003 1990
93020 1991
93024 1992
93030 1993
93039 1994
93044 1995
93132 1996
93161 1997
93183 1998
93185 1999
93186 2000
93196 2001
93215 2002
93236 2003
93317 2004
93355 2005
93356 2006
93449 2007
93692 2008
93696 2009
93740 2010
93772 2011
93773 2012
93823 2013
93865 2014
93889 2015
93896 2016
93940 2017
93993 2018
93994 2019
93999 2020
94020 2021
94037 2022
94067 2023
94111 2024
94169 2025
94176 2026
94180 2027
94202 2028
94282 2029
94305 2030
94345 2031
94383 2032
94397 2033
94411 2034
94589 2035
94782 2036
94834 2037
94905 2038
94912 2039
94989 2040
95002 2041
95139 2042
95275 2043
95308 2044
95399 2045
95636 2046
95711 2047
95813 2048
95896 2049
95935 2050
96001 2051
96085 2052
96087 2053
96091 2054
96107 2055
96143 2056
96156 2057
96252 2058
96326 2059
96621 2060
96648 2061
96731 2062
96759 2063
96862 2064
96882 2065
97112 2066
97256 2067
97335 2068
97361 2069
97363 2070
97427 2071
97567 2072
97611 2073
97612 2074
97684 2075
97707 2076
97707 2077
97772 2078
97815 2079
97818 2080
97829 2081
97831 2082
97871 2083
97882 2084
97897 2085
98171 2086
98185 2087
98187 2088
98245 2089
98407 2090
98561 2091
98595 2092
98607 2093
98615 2094
98617 2095
98873 2096
98888 2097
98918 2098
98970 2099
98981 2100
98982 2101
99004 2102
99008 2103
99011 2104
99011 2105
99013 2106
99014 2107
99016 2108
99017 2109
99020 2110
99022 2111
99036 2112
99045 2113
99058 2114
99061 2115
99076 2116
99121 2117
99122 2118
99205 2119
99231 2120
99270 2121
99274 2122
99345 2123
99410 2124
99415 2125
99439 2126
99453 2127
99468 2128
99491 2129
99491 2130
99606 2131
99619 2132
99683 2133
99777 2134
99780 2135
99796 2136
99831 2137
99859 2138
99860 2139
99918 2140
99922 2141
99968 2142
99982 2143
100033 2144
100096 2145
100157 2146
100171 2147
100267 2148
100302 2149
100549 2150
100715 2151
100882 2152
100930 2153
100942 2154
100955 2155
100990 2156
101093 2157
101112 2158
101275 2159
101331 2160
101339 2161
101370 2162
101399 2163
101454 2164
101499 2165
101735 2166
101862 2167
101959 2168
102000 2169
102030 2170
102101 2171
102113 2172
102331 2173
102331 2174
102362 2175
102415 2176
102421 2177
102569 2178
102576 2179
102656 2180
102773 2181
102801 2182
103319 2183
103336 2184
103755 2185
103790 2186
103792 2187
103810 2188
103896 2189
103909 2190
103928 2191
104047 2192
104074 2193
104155 2194
104175 2195
104183 2196
104219 2197
104223 2198
104330 2199
104413 2200
104420 2201
104498 2202
104515 2203
104516 2204
104527 2205
104554 2206
104627 2207
104629 2208
104654 2209
104667 2210
104674 2211
104677 2212
104697 2213
104732 2214
104761 2215
104804 2216
104856 2217
104886 2218
104919 2219
104975 2220
105012 2221
105040 2222
105059 2223
105062 2224
105145 2225
105146 2226
105187 2227
105211 2228
105274 2229
105283 2230
105284 2231
105284 2232
105304 2233
105323 2234
105340 2235
105347 2236
105347 2237
105353 2238
105363 2239
105364 2240
105398 2241
105400 2242
105410 2243
105425 2244
105501 2245
105505 2246
105507 2247
105512 2248
105533 2249
105566 2250
105576 2251
105667 2252
105694 2253
105695 2254
105728 2255
105736 2256
105758 2257
105763 2258
105823 2259
105828 2260
105831 2261
105847 2262
106051 2263
106136 2264
106163 2265
106165 2266
106173 2267
106274 2268
106287 2269
106293 2270
106326 2271
106406 2272
106446 2273
106501 2274
106535 2275
106841 2276
106911 2277
107115 2278
107135 2279
107344 2280
107355 2281
107579 2282
107582 2283
107602 2284
107627 2285
107632 2286
107674 2287
107791 2288
107840 2289
107880 2290
107960 2291
108049 2292
108052 2293
108055 2294
108122 2295
108203 2296
108224 2297
108247 2298
108249 2299
108264 2300
108265 2301
108405 2302
108424 2303
108434 2304
108438 2305
108442 2306
108451 2307
108467 2308
108476 2309
108535 2310
108569 2311
108590 2312
108597 2313
108633 2314
108714 2315
108724 2316
108735 2317
108866 2318
108899 2319
108901 2320
108921 2321
108988 2322
108991 2323
109004 2324
109087 2325
109088 2326
109103 2327
109115 2328
109196 2329
109220 2330
109231 2331
109264 2332
109264 2333
109280 2334
109329 2335
109335 2336
109431 2337
109443 2338
109443 2339
109453 2340
109470 2341
109474 2342
109487 2343
109539 2344
109591 2345
109721 2346
109771 2347
109808 2348
109810 2349
109853 2350
109855 2351
109895 2352
109911 2353
109917 2354
109958 2355
109987 2356
110018 2357
110131 2358
110155 2359
110157 2360
110289 2361
110295 2362
110310 2363
110326 2364
110335 2365
110342 2366
110435 2367
110503 2368
110594 2369
110754 2370
110802 2371
110806 2372
110912 2373
110943 2374
110995 2375
111039 2376
111078 2377
111080 2378
111163 2379
111207 2380
111284 2381
111306 2382
111311 2383
111385 2384
111393 2385
111484 2386
111507 2387
111528 2388
111593 2389
111599 2390
111647 2391
111651 2392
111688 2393
111712 2394
111764 2395
111779 2396
111813 2397
111943 2398
111969 2399
112023 2400
112039 2401
112148 2402
112152 2403
112219 2404
112235 2405
112259 2406
112270 2407
112286 2408
112298 2409
112306 2410
112325 2411
112331 2412
112364 2413
112411 2414
112438 2415
112440 2416
112479 2417
112521 2418
112522 2419
112572 2420
112609 2421
112680 2422
112706 2423
112800 2424
112814 2425
112827 2426
112832 2427
112863 2428
112916 2429
112934 2430
112952 2431
113056 2432
113083 2433
113090 2434
113098 2435
113111 2436
113163 2437
113164 2438
113164 2439
113220 2440
113275 2441
113282 2442
113303 2443
113467 2444
113468 2445
113495 2446
113508 2447
113535 2448
113580 2449
113592 2450
113595 2451
113603 2452
113605 2453
113684 2454
113691 2455
113756 2456
113760 2457
113782 2458
113860 2459
113872 2460
113895 2461
113945 2462
114035 2463
114062 2464
114062 2465
114128 2466
114134 2467
114276 2468
114319 2469
114344 2470
114358 2471
114416 2472
114499 2473
114675 2474
114704 2475
114863 2476
114923 2477
115012 2478
115020 2479
115038 2480
115052 2481
115101 2482
115114 2483
115143 2484
115224 2485
115290 2486
115306 2487
115324 2488
115374 2489
115375 2490
115485 2491
115606 2492
115699 2493
115750 2494
115804 2495
115814 2496
115816 2497
115828 2498
115877 2499
116013 2500
116015 2501
116030 2502
116034 2503
116044 2504
116046 2505
116047 2506
116048 2507
116076 2508
116093 2509
116164 2510
116185 2511
116200 2512
116253 2513
116263 2514
116277 2515
116407 2516
116431 2517
116436 2518
116541 2519
116575 2520
116603 2521
116624 2522
116627 2523
116630 2524
116637 2525
116811 2526
116865 2527
116900 2528
116913 2529
116924 2530
116938 2531
117000 2532
117052 2533
117073 2534
117192 2535
117205 2536
117228 2537
117256 2538
117272 2539
117306 2540
117312 2541
117318 2542
117363 2543
117414 2544
117464 2545
117469 2546
117521 2547
117535 2548
117560 2549
117619 2550
117658 2551
117684 2552
117720 2553
117762 2554
117778 2555
117788 2556
117802 2557
117866 2558
117868 2559
117923 2560
117924 2561
118058 2562
118125 2563
118134 2564
118176 2565
118192 2566
118216 2567
118230 2568
118278 2569
118290 2570
118311 2571
118328 2572
118464 2573
118466 2574
118478 2575
118509 2576
118534 2577
118628 2578
118729 2579
118742 2580
118798 2581
118834 2582
118876 2583
118916 2584
118988 2585
119018 2586
119056 2587
119064 2588
119152 2589
119164 2590
119209 2591
119241 2592
119262 2593
119267 2594
119275 2595
119462 2596
119516 2597
119536 2598
119536 2599
119540 2600
119596 2601
119626 2602
119648 2603
119689 2604
119756 2605
119808 2606
119822 2607
119822 2608
119838 2609
119908 2610
119931 2611
119941 2612
119969 2613
119972 2614
120016 2615
120068 2616
120196 2617
120254 2618
120366 2619
120445 2620
120500 2621
120520 2622
120521 2623
120556 2624
120559 2625
120596 2626
120636 2627
120704 2628
120728 2629
120736 2630
120771 2631
120818 2632
120827 2633
120841 2634
120872 2635
120940 2636
120968 2637
120991 2638
120995 2639
121017 2640
121018 2641
121032 2642
121060 2643
121064 2644
121065 2645
121069 2646
121084 2647
121095 2648
121116 2649
121127 2650
121189 2651
121308 2652
121397 2653
121420 2654
121422 2655
121429 2656
121431 2657
121497 2658
121511 2659
121606 2660
121631 2661
121668 2662
121829 2663
121912 2664
121924 2665
122104 2666
122172 2667
122380 2668
122394 2669
122541 2670
122736 2671
122785 2672
122820 2673
122870 2674
122989 2675
123103 2676
123496 2677
123615 2678
123618 2679
123696 2680
123696 2681
123724 2682
123755 2683
123961 2684
123981 2685
124120 2686
124134 2687
124157 2688
124339 2689
124348 2690
124479 2691
124483 2692
124514 2693
124932 2694
124969 2695
125002 2696
125004 2697
125662 2698
126003 2699
126032 2700
126106 2701
126261 2702
126315 2703
126361 2704
126370 2705
126587 2706
126602 2707
126604 2708
126667 2709
126810 2710
126842 2711
126842 2712
126863 2713
126889 2714
126910 2715
126932 2716
127079 2717
127307 2718
127328 2719
127331 2720
127440 2721
127458 2722
127607 2723
127814 2724
127816 2725
127848 2726
127931 2727
128273 2728
128352 2729
128361 2730
128484 2731
128551 2732
128555 2733
128570 2734
128586 2735
128610 2736
128668 2737
128719 2738
128836 2739
128845 2740
128891 2741
128897 2742
128904 2743
128930 2744
128980 2745
129033 2746
129182 2747
129688 2748
129817 2749
129837 2750
130272 2751
130637 2752
130651 2753
130856 2754
130877 2755
130912 2756
130968 2757
130977 2758
131008 2759
131032 2760
131076 2761
131079 2762
131232 2763
131630 2764
131719 2765
131799 2766
131853 2767
132168 2768
132611 2769
132652 2770
132664 2771
132721 2772
132737 2773
132798 2774
132800 2775
132844 2776
132969 2777
133035 2778
133046 2779
133080 2780
133295 2781
133517 2782
133544 2783
133550 2784
133612 2785
135580 2786
135869 2787
136196 2788
136448 2789
136590 2790
136671 2791
136680 2792
136754 2793
136764 2794
136839 2795
137528 2796
137544 2797
137686 2798
138060 2799
138296 2800
139801 2801
139836 2802
140020 2803
140084 2804
140176 2805
140550 2806
141004 2807
141284 2808
141532 2809
141591 2810
141694 2811
141820 2812
141898 2813
141989 2814
142190 2815
142994 2816
143011 2817
143081 2818
143235 2819
143237 2820
143446 2821
143483 2822
143540 2823
143944 2824
143986 2825
144124 2826
144528 2827
145076 2828
145121 2829
146670 2830
146679 2831
146751 2832
146764 2833
146852 2834
147016 2835
147028 2836
147124 2837
147360 2838
147499 2839
148500 2840
148557 2841
148714 2842
148911 2843
149020 2844
149196 2845
149577 2846
149660 2847
149692 2848
149711 2849
149773 2850
149775 2851
149872 2852
149940 2853
149941 2854
149956 2855
150048 2856
150125 2857
150176 2858
150204 2859
150489 2860
150572 2861
150681 2862
150738 2863
150739 2864
150740 2865
150836 2866
150876 2867
150876 2868
150907 2869
150916 2870
150957 2871
151033 2872
151044 2873
151103 2874
151164 2875
151220 2876
151229 2877
151436 2878
151546 2879
151672 2880
151672 2881
151726 2882
151782 2883
151784 2884
151788 2885
151788 2886
151855 2887
151962 2888
152026 2889
152248 2890
152292 2891
152471 2892
152576 2893
152756 2894
152768 2895
152849 2896
152877 2897
153196 2898
153214 2899
153225 2900
153236 2901
153240 2902
153244 2903
153306 2904
153321 2905
153358 2906
153365 2907
153371 2908
153440 2909
153449 2910
153468 2911
153493 2912
153518 2913
153539 2914
153552 2915
153564 2916
153575 2917
153605 2918
153616 2919
153658 2920
153681 2921
153686 2922
153723 2923
153727 2924
153743 2925
153755 2926
153756 2927
153767 2928
153771 2929
153814 2930
153844 2931
153849 2932
153852 2933
153935 2934
153938 2935
153969 2936
153986 2937
154011 2938
154056 2939
154068 2940
154085 2941
154093 2942
154269 2943
154292 2944
154300 2945
154338 2946
154344 2947
154410 2948
154437 2949
154478 2950
154483 2951
154515 2952
154625 2953
154625 2954
154636 2955
154655 2956
154760 2957
154772 2958
154776 2959
154795 2960
154805 2961
154829 2962
154921 2963
154925 2964
154976 2965
154997 2966
155019 2967
155055 2968
155060 2969
155101 2970
155148 2971
155155 2972
155176 2973
155223 2974
155262 2975
155263 2976
155283 2977
155285 2978
155287 2979
155305 2980
155335 2981
155336 2982
155429 2983
155436 2984
155440 2985
155463 2986
155473 2987
155483 2988
155484 2989
155487 2990
155503 2991
155529 2992
155576 2993
155580 2994
155595 2995
155656 2996
155656 2997
155656 2998
155659 2999
155686 3000
155755 3001
155784 3002
155797 3003
155900 3004
155959 3005
156054 3006
156105 3007
156162 3008
156199 3009
156208 3010
156221 3011
156254 3012
156272 3013
156312 3014
156320 3015
156348 3016
156374 3017
156396 3018
156451 3019
156504 3020
156533 3021
156564 3022
156625 3023
156645 3024
156668 3025
156684 3026
156720 3027
156737 3028
156786 3029
156864 3030
156892 3031
156893 3032
156896 3033
156921 3034
156925 3035
156932 3036
157044 3037
157066 3038
157114 3039
157208 3040
157213 3041
157220 3042
157245 3043
157252 3044
157260 3045
157274 3046
157315 3047
157316 3048
157316 3049
157328 3050
157333 3051
157429 3052
157440 3053
157447 3054
157486 3055
157565 3056
157618 3057
157622 3058
157644 3059
157722 3060
157725 3061
157830 3062
157836 3063
157842 3064
157875 3065
157946 3066
158003 3067
158056 3068
158062 3069
158084 3070
158088 3071
158116 3072
158192 3073
158202 3074
158214 3075
158331 3076
158348 3077
158424 3078
158425 3079
158428 3080
158435 3081
158464 3082
158468 3083
158470 3084
158541 3085
158543 3086
158576 3087
158580 3088
158580 3089
158634 3090
158636 3091
158669 3092
158721 3093
158756 3094
158771 3095
158871 3096
158900 3097
158911 3098
158916 3099
158976 3100
158990 3101
158992 3102
158995 3103
159043 3104
159100 3105
159164 3106
159170 3107
159266 3108
159306 3109
159309 3110
159309 3111
159373 3112
159376 3113
159493 3114
159538 3115
159549 3116
159554 3117
159615 3118
159623 3119
159636 3120
159649 3121
159718 3122
159762 3123
159764 3124
159776 3125
159776 3126
159795 3127
159866 3128
159902 3129
159903 3130
159905 3131
159912 3132
159912 3133
159931 3134
159943 3135
159952 3136
159955 3137
159981 3138
160020 3139
160048 3140
160060 3141
160077 3142
160170 3143
160209 3144
160235 3145
160239 3146
160275 3147
160289 3148
160392 3149
160393 3150
160396 3151
160448 3152
160476 3153
160490 3154
160516 3155
160541 3156
160554 3157
160610 3158
160736 3159
160747 3160
160804 3161
160866 3162
160866 3163
160873 3164
160882 3165
160885 3166
160954 3167
161022 3168
161043 3169
161052 3170
161064 3171
161189 3172
161215 3173
161238 3174
161292 3175
161302 3176
161309 3177
161326 3178
161342 3179
161361 3180
161366 3181
161367 3182
161421 3183
161464 3184
161464 3185
161575 3186
161609 3187
161656 3188
161660 3189
161787 3190
161792 3191
161796 3192
161855 3193
161888 3194
161909 3195
161913 3196
161918 3197
161927 3198
161976 3199
161988 3200
161990 3201
162011 3202
162046 3203
162075 3204
162130 3205
162134 3206
162201 3207
162204 3208
162301 3209
162324 3210
162340 3211
162347 3212
162353 3213
162368 3214
162453 3215
162492 3216
162504 3217
162600 3218
162635 3219
162644 3220
162688 3221
162719 3222
162727 3223
162836 3224
162844 3225
162904 3226
162937 3227
162972 3228
162986 3229
163032 3230
163059 3231
163068 3232
163096 3233
163097 3234
163097 3235
163097 3236
163139 3237
163294 3238
163304 3239
163310 3240
163317 3241
163327 3242
163329 3243
163334 3244
163336 3245
163399 3246
163456 3247
163484 3248
163523 3249
163526 3250
163556 3251
163591 3252
163632 3253
163634 3254
163657 3255
163681 3256
163712 3257
163713 3258
163721 3259
163866 3260
163868 3261
163868 3262
163872 3263
163892 3264
163927 3265
163948 3266
163953 3267
163960 3268
163976 3269
163989 3270
164000 3271
164016 3272
164029 3273
164042 3274
164072 3275
164084 3276
164088 3277
164112 3278
164276 3279
164321 3280
164332 3281
164401 3282
164463 3283
164528 3284
164541 3285
164552 3286
164552 3287
164610 3288
164635 3289
164692 3290
164707 3291
164708 3292
164762 3293
164768 3294
164782 3295
164800 3296
164804 3297
164812 3298
164853 3299
164856 3300
164923 3301
164924 3302
165054 3303
165066 3304
165080 3305
165142 3306
165184 3307
165197 3308
165269 3309
165273 3310
165374 3311
165384 3312
165400 3313
165433 3314
165475 3315
165486 3316
165515 3317
165524 3318
165528 3319
165532 3320
165533 3321
165572 3322
165623 3323
165638 3324
165669 3325
165762 3326
165766 3327
165769 3328
165776 3329
165816 3330
165884 3331
165900 3332
165901 3333
165949 3334
165952 3335
165985 3336
166029 3337
166088 3338
166115 3339
166133 3340
166146 3341
166264 3342
166272 3343
166275 3344
166392 3345
166423 3346
166451 3347
166465 3348
166621 3349
166687 3350
166688 3351
166744 3352
166764 3353
166788 3354
166789 3355
166816 3356
166820 3357
166860 3358
166865 3359
166870 3360
166915 3361
166915 3362
166917 3363
166917 3364
166917 3365
166949 3366
166955 3367
167020 3368
167021 3369
167052 3370
167077 3371
167080 3372
167080 3373
167133 3374
167166 3375
167169 3376
167176 3377
167239 3378
167280 3379
167284 3380
167308 3381
167372 3382
167380 3383
167423 3384
167429 3385
167448 3386
167584 3387
167597 3388
167617 3389
167619 3390
167662 3391
167702 3392
167751 3393
167761 3394
167773 3395
167799 3396
167801 3397
167811 3398
167834 3399
167845 3400
168073 3401
168084 3402
168096 3403
168108 3404
168147 3405
168182 3406
168251 3407
168271 3408
168272 3409
168302 3410
168355 3411
168417 3412
168495 3413
168524 3414
168546 3415
168575 3416
168580 3417
168584 3418
168586 3419
168644 3420
168644 3421
168682 3422
168762 3423
168770 3424
168964 3425
168996 3426
169019 3427
169025 3428
169093 3429
169109 3430
169140 3431
169154 3432
169166 3433
169182 3434
169185 3435
169188 3436
169236 3437
169237 3438
169249 3439
169321 3440
169357 3441
169388 3442
169389 3443
169389 3444
169389 3445
169409 3446
169468 3447
169468 3448
169648 3449
169698 3450
169723 3451
169741 3452
169756 3453
169774 3454
169868 3455
169875 3456
169921 3457
169922 3458
169930 3459
169931 3460
169936 3461
170101 3462
170157 3463
170268 3464
170309 3465
170390 3466
170407 3467
170444 3468
170473 3469
170485 3470
170496 3471
170526 3472
170528 3473
170536 3474
170546 3475
170546 3476
170581 3477
170599 3478
170608 3479
170657 3480
170665 3481
170684 3482
170686 3483
170731 3484
170788 3485
170791 3486
170791 3487
170802 3488
170839 3489
170884 3490
170884 3491
170912 3492
170924 3493
170934 3494
171048 3495
171061 3496
171076 3497
171156 3498
171197 3499
171219 3500
171274 3501
171304 3502
171305 3503
171357 3504
171390 3505
171392 3506
171465 3507
171476 3508
171528 3509
171533 3510
171679 3511
171748 3512
171763 3513
171776 3514
171788 3515
171804 3516
171831 3517
171850 3518
171858 3519
171884 3520
171937 3521
171954 3522
171960 3523
171968 3524
172112 3525
172114 3526
172216 3527
172251 3528
172252 3529
172256 3530
172337 3531
172338 3532
172392 3533
172511 3534
172543 3535
172545 3536
172630 3537
172682 3538
172731 3539
172945 3540
172956 3541
172978 3542
173010 3543
173085 3544
173456 3545
173613 3546
173751 3547
173833 3548
173919 3549
173931 3550
173948 3551
173966 3552
173972 3553
174024 3554
174081 3555
174084 3556
174130 3557
174140 3558
174168 3559
174207 3560
174221 3561
174325 3562
174395 3563
174452 3564
174469 3565
174507 3566
174512 3567
174565 3568
174609 3569
174660 3570
174728 3571
174779 3572
174796 3573
174799 3574
174907 3575
175030 3576
175059 3577
175196 3578
175301 3579
175431 3580
175539 3581
175559 3582
175563 3583
175612 3584
175624 3585
175682 3586
175692 3587
175786 3588
175891 3589
175912 3590
176032 3591
176104 3592
176241 3593
176269 3594
176384 3595
176435 3596
176437 3597
176466 3598
176498 3599
176516 3600
176556 3601
176557 3602
176567 3603
176597 3604
176599 3605
176613 3606
176623 3607
176636 3608
176637 3609
176637 3610
176640 3611
176678 3612
176690 3613
176691 3614
176709 3615
176710 3616
176711 3617
176731 3618
176776 3619
176810 3620
176830 3621
176846 3622
176877 3623
176912 3624
176952 3625
177020 3626
177020 3627
177104 3628
177181 3629
177216 3630
177283 3631
177344 3632
177356 3633
177392 3634
177437 3635
177453 3636
177475 3637
177484 3638
177505 3639
177699 3640
177736 3641
177749 3642
177804 3643
177810 3644
177876 3645
177889 3646
177889 3647
177889 3648
177956 3649
177960 3650
178024 3651
178122 3652
178150 3653
178224 3654
178230 3655
178242 3656
178248 3657
178258 3658
178292 3659
178342 3660
178342 3661
178376 3662
178381 3663
178384 3664
178488 3665
178509 3666
178509 3667
178549 3668
178601 3669
178670 3670
178743 3671
178780 3672
178822 3673
178937 3674
178947 3675
179001 3676
179028 3677
179127 3678
179258 3679
179425 3680
179479 3681
179537 3682
179553 3683
179652 3684
179660 3685
179718 3686
179721 3687
179729 3688
179756 3689
179759 3690
179981 3691
180031 3692
180091 3693
180166 3694
180239 3695
180244 3696
180276 3697
180333 3698
180341 3699
180343 3700
180367 3701
180375 3702
180384 3703
180417 3704
180440 3705
180441 3706
180513 3707
180514 3708
180524 3709
180551 3710
180606 3711
180660 3712
180660 3713
180710 3714
180749 3715
180762 3716
180909 3717
180924 3718
181022 3719
181034 3720
181107 3721
181113 3722
181212 3723
181215 3724
181240 3725
181324 3726
181332 3727
181355 3728
181536 3729
181553 3730
181574 3731
181608 3732
181609 3733
181666 3734
181714 3735
181773 3736
181777 3737
181777 3738
181822 3739
181855 3740
181857 3741
181860 3742
181951 3743
181952 3744
181966 3745
181970 3746
181974 3747
182003 3748
182089 3749
182096 3750
182113 3751
182127 3752
182145 3753
182198 3754
182212 3755
182214 3756
182235 3757
182269 3758
182471 3759
182485 3760
182487 3761
182520 3762
182578 3763
182584 3764
182662 3765
182668 3766
182748 3767
182791 3768
182967 3769
183002 3770
183006 3771
183058 3772
183093 3773
183121 3774
183300 3775
183302 3776
183312 3777
183332 3778
183379 3779
183381 3780
183448 3781
183484 3782
183492 3783
183510 3784
183516 3785
183539 3786
183544 3787
183561 3788
183669 3789
183781 3790
183789 3791
183828 3792
183841 3793
183985 3794
183993 3795
184044 3796
184109 3797
184144 3798
184160 3799
184169 3800
184200 3801
184232 3802
184259 3803
184280 3804
184341 3805
184415 3806
184463 3807
184521 3808
184533 3809
184570 3810
184642 3811
184699 3812
184711 3813
184733 3814
184806 3815
185001 3816
185041 3817
185045 3818
185050 3819
185089 3820
185197 3821
185246 3822
185262 3823
185274 3824
185373 3825
185432 3826
185481 3827
185506 3828
185605 3829
185647 3830
185673 3831
185677 3832
185681 3833
185701 3834
185713 3835
185733 3836
185737 3837
185797 3838
185822 3839
185842 3840
185850 3841
185853 3842
185892 3843
185930 3844
185934 3845
185937 3846
185945 3847
186157 3848
186169 3849
186286 3850
186387 3851
186401 3852
186513 3853
186531 3854
186642 3855
186660 3856
186725 3857
186727 3858
186785 3859
186822 3860
186894 3861
186939 3862
186992 3863
187015 3864
187028 3865
187033 3866
187063 3867
187070 3868
187074 3869
187101 3870
187105 3871
187139 3872
187145 3873
187160 3874
187187 3875
187197 3876
187203 3877
187227 3878
187245 3879
187290 3880
187377 3881
187381 3882
187396 3883
187545 3884
187554 3885
187581 3886
187596 3887
187618 3888
187619 3889
187665 3890
187693 3891
187811 3892
187830 3893
187830 3894
187895 3895
187898 3896
187951 3897
188014 3898
188025 3899
188049 3900
188062 3901
188108 3902
188116 3903
188127 3904
188176 3905
188279 3906
188341 3907
188381 3908
188409 3909
188433 3910
188444 3911
188479 3912
188496 3913
188499 3914
188515 3915
188622 3916
188705 3917
188710 3918
188749 3919
188749 3920
188758 3921
188803 3922
188848 3923
188859 3924
188874 3925
188887 3926
188994 3927
189009 3928
189109 3929
189132 3930
189305 3931
189317 3932
189390 3933
189434 3934
189493 3935
189537 3936
189585 3937
189587 3938
189589 3939
189634 3940
189877 3941
189877 3942
190036 3943
190090 3944
190137 3945
190209 3946
190221 3947
190255 3948
190433 3949
190496 3950
190532 3951
190551 3952
190584 3953
190593 3954
190708 3955
190741 3956
190754 3957
190754 3958
190761 3959
190809 3960
190824 3961
190849 3962
190891 3963
190903 3964
190947 3965
190948 3966
190998 3967
191031 3968
191045 3969
191085 3970
191169 3971
191281 3972
191290 3973
191344 3974
191401 3975
191405 3976
191406 3977
191455 3978
191473 3979
191515 3980
191587 3981
191614 3982
191644 3983
191650 3984
191671 3985
191705 3986
191733 3987
191771 3988
191775 3989
191789 3990
191824 3991
191841 3992
191858 3993
191865 3994
191925 3995
191947 3996
191980 3997
192140 3998
192155 3999
192164 4000
192169 4001
192183 4002
192192 4003
192209 4004
192226 4005
192258 4006
192285 4007
192286 4008
192309 4009
192319 4010
192349 4011
192352 4012
192424 4013
192461 4014
192493 4015
192493 4016
192513 4017
192529 4018
192579 4019
192581 4020
192586 4021
192793 4022
192872 4023
192945 4024
192957 4025
193073 4026
193165 4027
193172 4028
193344 4029
193372 4030
193421 4031
193421 4032
193489 4033
193613 4034
193674 4035
193693 4036
193717 4037
193721 4038
193736 4039
193745 4040
193747 4041
193778 4042
193793 4043
193873 4044
193913 4045
193929 4046
193941 4047
194011 4048
194026 4049
194027 4050
194038 4051
194085 4052
194096 4053
194119 4054
194144 4055
194202 4056
194241 4057
194261 4058
194280 4059
194291 4060
194407 4061
194449 4062
194470 4063
194496 4064
194517 4065
194539 4066
194544 4067
194570 4068
194632 4069
194771 4070
194806 4071
194847 4072
194955 4073
