60 1
115 2
140 3
161 4
312 5
386 6
388 7
408 8
435 9
553 10
553 11
558 12
590 13
611 14
624 15
634 16
635 17
714 18
718 19
720 20
728 21
754 22
829 23
870 24
880 25
907 26
1046 27
1061 28
1061 29
1062 30
1098 31
1124 32
1144 33
1230 34
1232 35
1282 36
1370 37
1385 38
1406 39
1424 40
1431 41
1453 42
1521 43
1567 44
1573 45
1694 46
1734 47
1775 48
1781 49
1793 50
1802 51
1833 52
1867 53
1872 54
1883 55
1903 56
1910 57
1911 58
1915 59
2010 60
2119 61
2146 62
2162 63
2186 64
2187 65
2230 66
2274 67
2298 68
2378 69
2398 70
2465 71
2624 72
2696 73
2869 74
2905 75
2924 76
2930 77
2983 78
3046 79
3165 80
3223 81
3234 82
3238 83
3356 84
3373 85
3420 86
3505 87
3547 88
3555 89
3618 90
3815 91
3861 92
3870 93
3873 94
3890 95
3908 96
3942 97
3958 98
4026 99
4038 100
4066 101
4099 102
4146 103
4293 104
4318 105
4330 106
4382 107
4382 108
4422 109
4431 110
4436 111
4452 112
4675 113
4821 114
5082 115
6239 116
6246 117
6261 118
6262 119
6369 120
6555 121
6660 122
6733 123
6957 124
7099 125
7240 126
7322 127
7359 128
7508 129
7557 130
7850 131
7859 132
7864 133
7981 134
8166 135
8278 136
8284 137
8315 138
8334 139
8373 140
8550 141
8550 142
8641 143
8645 144
8755 145
8839 146
8864 147
8889 148
8940 149
9010 150
9054 151
9279 152
9333 153
9350 154
9462 155
9537 156
9577 157
9833 158
9858 159
10049 160
10088 161
10090 162
10096 163
10242 164
10738 165
10983 166
11194 167
11433 168
14738 169
15162 170
15301 171
15315 172
15731 173
15888 174
15949 175
15998 176
16008 177
16242 178
16340 179
16804 180
16994 181
17077 182
17217 183
17280 184
17324 185
17563 186
17618 187
17705 188
17706 189
17934 190
18282 191
18287 192
18294 193
18311 194
18381 195
18673 196
18715 197
18745 198
18746 199
18921 200
19309 201
19343 202
19511 203
19882 204
19919 205
19966 206
20023 207
20175 208
20175 209
20350 210
20390 211
20445 212
20501 213
20640 214
21102 215
21142 216
21172 217
21307 218
21363 219
21376 220
21378 221
21379 222
21380 223
21406 224
21449 225
21449 226
21452 227
21459 228
21482 229
21534 230
21600 231
21602 232
21605 233
21628 234
21639 235
21650 236
21658 237
21703 238
21743 239
21790 240
21798 241
21814 242
21825 243
21847 244
21874 245
21920 246
21926 247
21942 248
21976 249
22010 250
22011 251
22015 252
22057 253
22090 254
22242 255
22343 256
22406 257
22475 258
22485 259
22490 260
22506 261
22506 262
22550 263
22558 264
22566 265
22574 266
22580 267
22628 268
22635 269
22642 270
22670 271
22690 272
22710 273
22716 274
22722 275
22723 276
22802 277
22846 278
22853 279
22862 280
22873 281
22906 282
22947 283
23098 284
23098 285
23110 286
23265 287
23343 288
23356 289
23376 290
23442 291
23538 292
23574 293
23616 294
23658 295
23660 296
23686 297
23740 298
23765 299
23862 300
23893 301
23965 302
23981 303
24026 304
24070 305
24138 306
24154 307
24154 308
24166 309
24168 310
24222 311
24403 312
24464 313
24469 314
24569 315
24688 316
24795 317
24853 318
24880 319
24929 320
25084 321
25095 322
25113 323
25119 324
25124 325
25152 326
25205 327
25273 328
25278 329
25310 330
25311 331
25353 332
25429 333
25436 334
25556 335
25582 336
25686 337
25722 338
25732 339
25790 340
25798 341
25838 342
25921 343
25927 344
25978 345
26133 346
26224 347
26261 348
26279 349
26328 350
26333 351
26338 352
26362 353
26404 354
26412 355
26426 356
26429 357
26431 358
26434 359
26462 360
26486 361
26523 362
26546 363
26577 364
26620 365
26650 366
26651 367
26680 368
26815 369
26842 370
26954 371
26977 372
27034 373
27055 374
27075 375
27078 376
27103 377
27195 378
27199 379
27242 380
27264 381
27406 382
27460 383
27474 384
27478 385
27503 386
27538 387
27629 388
27632 389
27654 390
27657 391
27676 392
27710 393
27743 394
27750 395
27792 396
27858 397
27867 398
27875 399
27886 400
27954 401
27955 402
28044 403
28185 404
28320 405
28325 406
28340 407
28351 408
28426 409
28486 410
28552 411
28611 412
28613 413
28638 414
28738 415
28754 416
28778 417
28804 418
28832 419
28857 420
28902 421
28914 422
28979 423
29013 424
29142 425
29196 426
29262 427
29340 428
29457 429
29494 430
29506 431
29535 432
29634 433
29705 434
29827 435
30056 436
30194 437
30235 438
30313 439
30469 440
30482 441
30847 442
30923 443
31133 444
31832 445
31910 446
32006 447
32075 448
32956 449
33038 450
33136 451
33267 452
33507 453
33596 454
34142 455
34271 456
34305 457
34511 458
34535 459
34705 460
34774 461
35046 462
35234 463
35238 464
35786 465
35904 466
35975 467
36023 468
36028 469
36089 470
36092 471
36097 472
36213 473
36326 474
36336 475
36481 476
36486 477
36622 478
36660 479
36662 480
36678 481
36959 482
36959 483
37090 484
37158 485
37162 486
37187 487
37212 488
37216 489
37284 490
37310 491
37395 492
37502 493
37503 494
37515 495
37518 496
37834 497
37916 498
38018 499
38125 500
38233 501
38242 502
38314 503
38317 504
38502 505
38541 506
38688 507
38758 508
38773 509
38800 510
38815 511
38903 512
38929 513
38982 514
38990 515
39067 516
39092 517
39120 518
39162 519
39203 520
39270 521
39284 522
39286 523
39288 524
39350 525
39355 526
39357 527
39362 528
39437 529
39487 530
39493 531
39508 532
39513 533
39526 534
39530 535
39536 536
39546 537
39586 538
39607 539
39636 540
39682 541
39727 542
39727 543
39765 544
39765 545
39774 546
39782 547
39808 548
39810 549
39812 550
39906 551
39965 552
40071 553
40083 554
40086 555
40086 556
40141 557
40145 558
40167 559
40179 560
40182 561
40195 562
40257 563
40261 564
40331 565
40347 566
40387 567
40399 568
40405 569
40461 570
40520 571
40672 572
40699 573
40715 574
40879 575
40932 576
40940 577
41006 578
41011 579
41041 580
41043 581
41084 582
41188 583
41200 584
41223 585
41229 586
41236 587
41251 588
41442 589
41470 590
41549 591
41581 592
41588 593
41623 594
41645 595
41651 596
41666 597
41718 598
41737 599
41849 600
41853 601
41910 602
41950 603
41951 604
41958 605
42035 606
42056 607
42126 608
42200 609
42216 610
42255 611
42430 612
42468 613
42469 614
42512 615
42543 616
42584 617
42588 618
42648 619
42704 620
42704 621
42744 622
42832 623
43069 624
43093 625
43126 626
43196 627
43220 628
43239 629
43254 630
43277 631
43297 632
43392 633
43401 634
43475 635
43475 636
43514 637
43515 638
43519 639
43581 640
43587 641
43599 642
43620 643
43709 644
43786 645
43817 646
43861 647
43864 648
43867 649
43887 650
43903 651
43981 652
44067 653
44123 654
44126 655
44135 656
44155 657
44191 658
44327 659
44401 660
44439 661
44478 662
44587 663
44655 664
44673 665
44689 666
44728 667
44751 668
44784 669
44901 670
44930 671
44955 672
44971 673
45015 674
45027 675
45076 676
45095 677
45259 678
45265 679
45295 680
45390 681
45390 682
45469 683
45471 684
45565 685
45574 686
45619 687
45653 688
45655 689
45739 690
45927 691
46146 692
46165 693
46213 694
46335 695
46521 696
46734 697
46845 698
46861 699
46862 700
47016 701
47032 702
47040 703
47051 704
47083 705
47204 706
47407 707
47407 708
47751 709
47813 710
47916 711
48638 712
48663 713
48855 714
48871 715
49088 716
49091 717
49200 718
49212 719
49389 720
49400 721
49414 722
49451 723
49459 724
49606 725
49714 726
49765 727
49779 728
49804 729
49955 730
49974 731
50099 732
50143 733
50169 734
50433 735
50575 736
50696 737
50728 738
50750 739
50770 740
51056 741
51083 742
51589 743
51666 744
51706 745
51792 746
51909 747
51920 748
52030 749
52071 750
52199 751
52205 752
52209 753
52279 754
52291 755
52303 756
52485 757
52550 758
52783 759
52836 760
53043 761
53045 762
53051 763
53051 764
53059 765
53099 766
53099 767
53115 768
53195 769
53239 770
53314 771
53324 772
53332 773
53415 774
53423 775
53439 776
53555 777
53625 778
53746 779
53787 780
53826 781
53923 782
53923 783
53924 784
53939 785
53970 786
53979 787
53985 788
54004 789
54047 790
54070 791
54095 792
54128 793
54128 794
54289 795
54295 796
54372 797
54508 798
54515 799
54600 800
54604 801
54721 802
54724 803
54764 804
54792 805
54891 806
54928 807
54977 808
54987 809
55034 810
55038 811
55066 812
55079 813
55079 814
55123 815
55158 816
55160 817
55170 818
55187 819
55187 820
55195 821
55252 822
55275 823
55339 824
55387 825
55396 826
55447 827
55503 828
55600 829
55616 830
55643 831
55643 832
55650 833
55663 834
55669 835
55706 836
55715 837
55762 838
55774 839
55823 840
55875 841
55886 842
55887 843
55921 844
55946 845
55956 846
55976 847
56022 848
56092 849
56123 850
56152 851
56261 852
56296 853
56327 854
56359 855
56504 856
56515 857
56590 858
56631 859
56663 860
56765 861
56859 862
56931 863
57027 864
57033 865
57055 866
57123 867
57133 868
57146 869
57235 870
57247 871
57359 872
57388 873
57467 874
57490 875
57540 876
57541 877
57617 878
57631 879
57631 880
57636 881
57642 882
57683 883
57716 884
57771 885
57778 886
57812 887
57824 888
57839 889
57863 890
57869 891
57878 892
57963 893
57994 894
58003 895
58008 896
58016 897
58115 898
58133 899
58211 900
58223 901
58237 902
58247 903
58267 904
58291 905
58318 906
58347 907
58359 908
58375 909
58602 910
58635 911
58702 912
58747 913
58824 914
58901 915
58934 916
58938 917
58944 918
58947 919
58954 920
58967 921
58979 922
59006 923
59063 924
59072 925
59093 926
59163 927
59227 928
59311 929
59363 930
59364 931
59366 932
59403 933
59406 934
59410 935
59460 936
59462 937
59465 938
59473 939
59493 940
59543 941
59607 942
59652 943
59717 944
59865 945
59898 946
59971 947
60019 948
60023 949
60037 950
60048 951
60051 952
60131 953
60246 954
60384 955
60395 956
60404 957
60433 958
60473 959
60480 960
60501 961
60558 962
60746 963
60770 964
60775 965
60775 966
60780 967
60891 968
60931 969
61003 970
61033 971
61135 972
61203 973
61271 974
61315 975
61341 976
61445 977
61445 978
61492 979
61517 980
61520 981
61534 982
61553 983
61558 984
61567 985
61578 986
61596 987
61695 988
61736 989
61769 990
61858 991
61875 992
61967 993
61970 994
61973 995
61990 996
62011 997
62044 998
62048 999
62078 1000
62095 1001
62123 1002
62191 1003
62275 1004
62314 1005
62423 1006
62426 1007
62642 1008
62663 1009
62679 1010
62715 1011
62720 1012
62742 1013
62796 1014
62809 1015
62827 1016
62850 1017
62863 1018
62876 1019
62909 1020
62961 1021
63085 1022
63093 1023
63099 1024
63114 1025
63122 1026
63178 1027
63196 1028
63205 1029
63283 1030
63373 1031
63415 1032
63433 1033
63507 1034
63567 1035
63571 1036
63619 1037
63642 1038
63713 1039
63725 1040
63743 1041
63745 1042
63747 1043
63811 1044
63855 1045
63867 1046
63928 1047
63988 1048
64047 1049
64059 1050
64111 1051
64146 1052
64165 1053
64173 1054
64180 1055
64205 1056
64237 1057
64267 1058
64292 1059
64315 1060
64483 1061
64499 1062
64616 1063
64620 1064
64623 1065
64623 1066
64651 1067
64652 1068
64658 1069
64691 1070
64728 1071
64759 1072
64921 1073
64922 1074
64959 1075
65007 1076
65007 1077
65021 1078
65056 1079
65075 1080
65091 1081
65143 1082
65147 1083
65157 1084
65206 1085
65253 1086
65317 1087
65324 1088
65334 1089
65527 1090
65542 1091
65643 1092
65683 1093
65719 1094
65749 1095
65777 1096
65792 1097
65796 1098
65815 1099
65847 1100
65858 1101
65865 1102
65887 1103
65920 1104
65971 1105
66052 1106
66167 1107
66200 1108
66204 1109
66261 1110
66399 1111
66467 1112
66541 1113
66600 1114
66679 1115
66711 1116
66758 1117
66784 1118
66879 1119
66909 1120
67003 1121
67024 1122
67110 1123
67158 1124
67269 1125
67369 1126
67371 1127
67435 1128
67470 1129
67497 1130
67519 1131
67575 1132
67575 1133
67581 1134
67615 1135
67673 1136
67678 1137
67683 1138
67779 1139
67855 1140
67896 1141
67949 1142
67951 1143
67963 1144
67994 1145
67998 1146
67999 1147
67999 1148
68021 1149
68166 1150
68202 1151
68208 1152
68343 1153
68359 1154
68371 1155
68413 1156
68428 1157
68449 1158
68468 1159
68535 1160
68609 1161
68639 1162
68643 1163
68688 1164
68766 1165
68767 1166
68771 1167
68782 1168
68783 1169
68814 1170
68872 1171
68873 1172
68879 1173
68879 1174
68955 1175
68982 1176
69051 1177
69053 1178
69187 1179
69235 1180
69271 1181
69319 1182
69393 1183
69454 1184
69483 1185
69515 1186
69579 1187
69588 1188
69592 1189
69600 1190
69619 1191
69625 1192
69643 1193
69690 1194
69827 1195
69867 1196
69876 1197
69876 1198
69911 1199
69963 1200
69992 1201
69992 1202
70080 1203
70125 1204
70207 1205
70240 1206
70300 1207
70344 1208
70351 1209
70373 1210
70431 1211
70497 1212
70628 1213
70715 1214
70719 1215
70733 1216
70739 1217
70747 1218
70784 1219
70813 1220
70937 1221
71088 1222
71152 1223
71181 1224
71333 1225
71419 1226
71457 1227
71458 1228
71488 1229
71502 1230
71503 1231
71605 1232
71640 1233
71659 1234
71686 1235
71740 1236
71750 1237
71776 1238
71788 1239
71797 1240
71831 1241
71855 1242
71867 1243
71892 1244
71901 1245
71914 1246
71918 1247
71929 1248
71932 1249
71951 1250
72009 1251
72051 1252
72068 1253
72109 1254
72119 1255
72163 1256
72177 1257
72222 1258
72243 1259
72307 1260
72396 1261
72403 1262
72518 1263
72525 1264
72535 1265
72542 1266
72571 1267
72583 1268
72586 1269
72618 1270
72645 1271
72667 1272
72712 1273
72773 1274
72861 1275
72888 1276
72894 1277
72922 1278
73055 1279
73068 1280
73205 1281
73235 1282
73239 1283
73313 1284
73327 1285
73331 1286
73334 1287
73340 1288
73393 1289
73423 1290
73469 1291
73520 1292
73523 1293
73539 1294
73552 1295
73556 1296
73561 1297
73585 1298
73645 1299
73687 1300
73721 1301
73770 1302
73795 1303
73809 1304
73825 1305
73844 1306
73850 1307
73915 1308
73984 1309
74071 1310
74098 1311
74105 1312
74139 1313
74151 1314
74178 1315
74206 1316
74371 1317
74442 1318
74443 1319
74447 1320
74492 1321
74563 1322
74688 1323
74703 1324
74753 1325
74862 1326
74891 1327
74893 1328
74955 1329
75013 1330
75032 1331
75045 1332
75086 1333
75148 1334
75167 1335
75182 1336
75185 1337
75187 1338
75202 1339
75250 1340
75307 1341
75335 1342
75418 1343
75441 1344
75443 1345
75508 1346
75531 1347
75553 1348
75573 1349
75587 1350
75607 1351
75618 1352
75628 1353
75652 1354
75654 1355
75663 1356
75675 1357
75701 1358
75728 1359
75763 1360
75811 1361
75814 1362
75842 1363
75843 1364
75863 1365
75867 1366
75981 1367
76003 1368
76118 1369
76212 1370
76254 1371
76278 1372
76340 1373
76347 1374
76381 1375
76446 1376
76482 1377
76491 1378
76539 1379
76611 1380
76634 1381
76718 1382
76746 1383
76759 1384
76814 1385
76815 1386
76825 1387
76899 1388
77007 1389
77035 1390
77036 1391
77040 1392
77085 1393
77144 1394
77147 1395
77149 1396
77194 1397
77280 1398
77323 1399
77339 1400
77363 1401
77388 1402
77418 1403
77446 1404
77486 1405
77521 1406
77552 1407
77557 1408
77609 1409
77624 1410
77666 1411
77695 1412
77849 1413
77867 1414
77871 1415
77871 1416
77883 1417
77911 1418
77932 1419
78042 1420
78098 1421
78163 1422
78166 1423
78268 1424
78410 1425
78419 1426
78511 1427
78573 1428
78616 1429
78726 1430
78733 1431
78771 1432
78791 1433
78832 1434
78859 1435
78943 1436
78968 1437
78997 1438
79007 1439
79011 1440
79039 1441
79107 1442
79144 1443
79167 1444
79188 1445
79191 1446
79237 1447
79259 1448
79275 1449
79291 1450
79311 1451
79358 1452
79360 1453
79448 1454
79477 1455
79501 1456
79505 1457
79531 1458
79546 1459
79554 1460
79575 1461
79600 1462
79627 1463
79708 1464
79708 1465
79745 1466
79767 1467
79830 1468
79868 1469
79933 1470
79967 1471
80025 1472
80116 1473
80116 1474
80141 1475
80249 1476
80282 1477
80371 1478
80455 1479
80479 1480
80535 1481
80541 1482
80542 1483
80569 1484
80591 1485
80743 1486
80770 1487
80781 1488
80799 1489
80888 1490
80919 1491
80979 1492
80999 1493
81047 1494
81071 1495
81157 1496
81160 1497
81162 1498
81191 1499
81192 1500
81201 1501
81285 1502
81296 1503
81364 1504
81516 1505
81574 1506
81578 1507
81579 1508
81619 1509
81638 1510
81737 1511
81771 1512
81773 1513
81783 1514
81811 1515
81831 1516
81877 1517
81888 1518
81891 1519
81933 1520
81954 1521
82010 1522
82101 1523
82152 1524
82171 1525
82185 1526
82279 1527
82286 1528
82335 1529
82538 1530
82539 1531
82604 1532
82654 1533
82658 1534
82663 1535
82731 1536
82827 1537
82852 1538
82855 1539
82883 1540
82911 1541
82956 1542
83025 1543
83047 1544
83048 1545
83051 1546
83062 1547
83067 1548
83086 1549
83088 1550
83147 1551
83255 1552
83266 1553
83281 1554
83284 1555
83344 1556
83453 1557
83473 1558
83476 1559
83638 1560
83659 1561
83678 1562
83713 1563
83782 1564
83789 1565
83791 1566
83835 1567
83837 1568
83851 1569
83854 1570
83943 1571
83987 1572
84000 1573
84041 1574
84094 1575
84132 1576
84159 1577
84187 1578
84208 1579
84480 1580
84491 1581
84492 1582
84525 1583
84535 1584
84658 1585
84795 1586
84832 1587
84849 1588
84857 1589
84873 1590
84875 1591
84875 1592
84882 1593
84986 1594
84990 1595
85026 1596
85053 1597
85072 1598
85077 1599
85108 1600
85205 1601
85258 1602
85312 1603
85343 1604
85352 1605
85352 1606
85395 1607
85408 1608
85427 1609
85491 1610
85492 1611
85504 1612
85509 1613
85524 1614
85600 1615
85615 1616
85616 1617
85647 1618
85726 1619
85845 1620
85853 1621
85931 1622
86020 1623
86024 1624
86043 1625
86106 1626
86195 1627
86224 1628
86244 1629
86347 1630
86413 1631
86424 1632
86441 1633
86569 1634
86631 1635
86632 1636
86659 1637
86667 1638
86755 1639
86757 1640
86759 1641
86791 1642
86868 1643
86888 1644
86901 1645
86907 1646
86934 1647
86938 1648
87031 1649
87103 1650
87111 1651
87113 1652
87155 1653
87183 1654
87224 1655
87279 1656
87382 1657
87425 1658
87474 1659
87503 1660
87539 1661
87547 1662
87578 1663
87607 1664
87623 1665
87632 1666
87679 1667
87719 1668
87744 1669
87775 1670
87801 1671
87815 1672
87875 1673
87895 1674
87911 1675
87937 1676
87938 1677
87978 1678
87987 1679
88052 1680
88088 1681
88205 1682
88211 1683
88238 1684
88295 1685
88311 1686
88374 1687
88391 1688
88428 1689
88535 1690
88555 1691
88589 1692
88600 1693
88607 1694
88637 1695
88759 1696
88762 1697
88775 1698
88776 1699
88799 1700
88874 1701
88954 1702
88958 1703
88967 1704
89016 1705
89023 1706
89034 1707
89075 1708
89080 1709
89163 1710
89171 1711
89217 1712
89221 1713
89223 1714
89250 1715
89271 1716
89303 1717
89311 1718
89343 1719
89446 1720
89457 1721
89467 1722
89666 1723
89797 1724
90008 1725
90060 1726
90091 1727
90119 1728
90143 1729
90231 1730
90259 1731
90291 1732
90312 1733
90423 1734
90454 1735
90463 1736
90463 1737
90481 1738
90486 1739
90545 1740
90579 1741
90636 1742
90639 1743
90644 1744
90649 1745
90739 1746
90752 1747
90767 1748
90815 1749
90833 1750
90860 1751
90875 1752
90890 1753
91039 1754
91059 1755
91106 1756
91186 1757
91216 1758
91219 1759
91232 1760
91262 1761
91302 1762
91302 1763
91343 1764
91350 1765
91395 1766
91441 1767
91520 1768
91585 1769
91603 1770
91615 1771
91667 1772
91691 1773
91712 1774
91720 1775
91726 1776
91767 1777
91823 1778
91860 1779
91869 1780
91877 1781
91905 1782
91962 1783
92003 1784
92055 1785
92107 1786
92196 1787
92204 1788
92293 1789
92312 1790
92361 1791
92361 1792
92382 1793
92400 1794
92407 1795
92412 1796
92427 1797
92470 1798
92527 1799
92527 1800
92663 1801
92675 1802
92728 1803
92836 1804
92839 1805
92879 1806
92907 1807
92926 1808
92978 1809
92989 1810
93009 1811
93113 1812
93182 1813
93237 1814
93283 1815
93288 1816
93319 1817
93579 1818
93663 1819
93705 1820
93719 1821
93737 1822
93780 1823
93802 1824
93833 1825
93877 1826
93941 1827
93968 1828
94143 1829
94164 1830
94199 1831
94211 1832
94218 1833
94239 1834
94259 1835
94307 1836
94364 1837
94397 1838
94401 1839
94417 1840
94459 1841
94515 1842
94557 1843
94575 1844
94583 1845
94593 1846
94611 1847
94615 1848
94685 1849
94779 1850
94834 1851
94899 1852
94979 1853
94987 1854
95023 1855
95027 1856
95032 1857
95124 1858
95186 1859
95204 1860
95239 1861
95309 1862
95340 1863
95360 1864
95365 1865
95419 1866
95435 1867
95442 1868
95459 1869
95508 1870
95599 1871
95620 1872
95668 1873
95682 1874
95831 1875
95832 1876
95900 1877
95931 1878
96012 1879
96017 1880
96039 1881
96051 1882
96068 1883
96071 1884
96118 1885
96132 1886
96133 1887
96166 1888
96179 1889
96246 1890
96249 1891
96264 1892
96287 1893
96305 1894
96399 1895
96415 1896
96448 1897
96467 1898
96498 1899
96534 1900
96575 1901
96622 1902
96635 1903
96662 1904
96703 1905
96732 1906
96799 1907
96807 1908
96813 1909
96823 1910
96835 1911
96856 1912
96860 1913
96885 1914
97290 1915
97358 1916
97376 1917
97411 1918
97439 1919
97498 1920
97517 1921
97540 1922
97626 1923
97631 1924
97656 1925
97671 1926
97688 1927
97705 1928
97770 1929
97783 1930
97891 1931
97931 1932
97935 1933
97945 1934
97988 1935
98004 1936
98258 1937
98269 1938
98274 1939
98284 1940
98302 1941
98350 1942
98395 1943
98416 1944
98453 1945
98571 1946
98660 1947
98687 1948
98738 1949
98748 1950
98753 1951
98753 1952
98810 1953
98852 1954
98872 1955
98916 1956
99071 1957
99125 1958
99158 1959
99174 1960
99220 1961
99227 1962
99265 1963
99274 1964
99328 1965
99335 1966
99397 1967
99399 1968
99402 1969
99403 1970
99411 1971
99503 1972
99691 1973
99731 1974
99743 1975
99757 1976
99759 1977
99771 1978
99793 1979
99841 1980
99855 1981
99868 1982
99873 1983
99913 1984
99935 1985
99958 1986
99970 1987
100028 1988
100032 1989
100155 1990
100164 1991
100198 1992
100281 1993
100288 1994
100314 1995
100358 1996
100387 1997
100408 1998
100512 1999
100527 2000
100537 2001
100555 2002
100583 2003
100589 2004
100613 2005
100639 2006
100687 2007
100702 2008
100714 2009
100741 2010
100985 2011
101016 2012
101065 2013
101107 2014
101203 2015
101243 2016
101275 2017
101293 2018
101337 2019
101349 2020
101395 2021
101400 2022
101422 2023
101505 2024
101523 2025
101543 2026
101566 2027
101629 2028
101639 2029
101655 2030
101667 2031
101693 2032
101718 2033
101718 2034
101844 2035
101847 2036
101989 2037
101995 2038
102009 2039
102043 2040
102061 2041
102120 2042
102121 2043
102191 2044
102203 2045
102220 2046
102285 2047
102298 2048
102367 2049
102389 2050
102404 2051
102410 2052
102463 2053
102477 2054
102491 2055
102545 2056
102558 2057
102565 2058
102568 2059
102630 2060
102679 2061
102691 2062
102798 2063
102987 2064
103021 2065
103068 2066
103131 2067
103163 2068
103219 2069
103233 2070
103235 2071
103293 2072
103345 2073
103440 2074
103471 2075
103472 2076
103487 2077
103535 2078
103565 2079
103591 2080
103610 2081
103617 2082
103660 2083
103669 2084
103691 2085
103740 2086
103743 2087
103913 2088
103978 2089
103985 2090
104002 2091
104061 2092
104062 2093
104117 2094
104226 2095
104310 2096
104319 2097
104332 2098
104388 2099
104400 2100
104415 2101
104483 2102
104497 2103
104524 2104
104667 2105
104722 2106
104734 2107
104735 2108
104742 2109
104764 2110
104839 2111
104870 2112
104923 2113
104991 2114
105003 2115
105112 2116
105149 2117
105159 2118
105162 2119
105319 2120
105375 2121
105391 2122
105415 2123
105418 2124
105428 2125
105459 2126
105474 2127
105699 2128
105759 2129
105799 2130
105844 2131
105895 2132
105898 2133
105899 2134
105903 2135
105948 2136
106025 2137
106032 2138
106115 2139
106117 2140
106131 2141
106139 2142
106145 2143
106157 2144
106164 2145
106199 2146
106199 2147
106201 2148
106201 2149
106213 2150
106232 2151
106280 2152
106306 2153
106333 2154
106364 2155
106390 2156
106390 2157
106415 2158
106543 2159
106764 2160
106803 2161
106817 2162
106842 2163
106849 2164
106854 2165
106877 2166
106937 2167
107034 2168
107070 2169
107107 2170
107147 2171
107175 2172
107253 2173
107271 2174
107272 2175
107296 2176
107299 2177
107300 2178
107326 2179
107331 2180
107382 2181
107383 2182
107395 2183
107471 2184
107479 2185
107521 2186
107547 2187
107571 2188
107627 2189
107697 2190
107709 2191
107723 2192
107746 2193
107772 2194
107858 2195
107893 2196
107904 2197
107955 2198
107984 2199
107987 2200
107993 2201
108026 2202
108080 2203
108383 2204
108426 2205
108451 2206
108483 2207
108502 2208
108543 2209
108610 2210
108632 2211
108653 2212
108756 2213
108796 2214
108807 2215
108810 2216
108823 2217
108901 2218
108945 2219
109069 2220
109084 2221
109127 2222
109128 2223
109137 2224
109175 2225
109273 2226
109292 2227
109331 2228
109431 2229
109716 2230
109751 2231
109842 2232
109862 2233
109908 2234
109943 2235
109985 2236
110012 2237
110033 2238
110044 2239
110059 2240
110110 2241
110152 2242
110162 2243
110208 2244
110277 2245
110280 2246
110496 2247
110568 2248
110583 2249
110638 2250
110666 2251
110885 2252
110885 2253
110964 2254
110977 2255
110992 2256
111013 2257
111058 2258
111145 2259
111172 2260
111172 2261
111240 2262
111336 2263
111336 2264
111352 2265
111403 2266
111403 2267
111436 2268
111529 2269
111668 2270
111668 2271
111775 2272
111862 2273
112529 2274
112880 2275
112884 2276
113124 2277
113312 2278
114180 2279
115177 2280
115882 2281
115932 2282
116080 2283
116084 2284
116129 2285
116258 2286
116269 2287
116618 2288
116660 2289
116699 2290
116744 2291
116750 2292
116805 2293
116835 2294
116846 2295
117845 2296
117856 2297
117866 2298
117873 2299
117894 2300
117908 2301
117910 2302
117912 2303
117923 2304
118015 2305
118064 2306
118087 2307
118235 2308
118361 2309
118446 2310
118456 2311
118552 2312
119147 2313
119253 2314
119312 2315
119322 2316
119447 2317
119464 2318
119476 2319
119504 2320
119641 2321
119892 2322
119916 2323
119925 2324
119991 2325
120105 2326
120131 2327
120247 2328
120285 2329
120292 2330
120396 2331
120480 2332
120661 2333
120845 2334
120940 2335
120973 2336
120989 2337
120993 2338
121006 2339
121009 2340
121172 2341
121381 2342
121470 2343
121573 2344
121864 2345
121892 2346
121894 2347
121916 2348
121928 2349
121988 2350
122056 2351
122073 2352
122084 2353
122086 2354
122166 2355
122175 2356
122198 2357
122209 2358
122238 2359
122274 2360
122322 2361
122365 2362
122372 2363
122372 2364
122388 2365
122399 2366
122405 2367
122407 2368
122558 2369
122578 2370
122581 2371
122711 2372
122714 2373
122716 2374
122728 2375
122838 2376
122840 2377
122961 2378
123042 2379
123095 2380
123116 2381
123135 2382
123140 2383
123176 2384
123178 2385
123265 2386
123271 2387
123278 2388
123306 2389
123348 2390
123378 2391
123416 2392
123417 2393
123423 2394
123450 2395
123477 2396
123513 2397
123516 2398
123516 2399
123577 2400
123639 2401
123677 2402
123680 2403
123700 2404
123750 2405
123816 2406
123848 2407
123976 2408
123998 2409
124013 2410
124015 2411
124030 2412
124043 2413
124052 2414
124102 2415
124172 2416
124185 2417
124388 2418
124585 2419
124593 2420
124657 2421
124731 2422
124731 2423
124732 2424
124772 2425
124783 2426
124928 2427
125008 2428
125109 2429
125195 2430
125478 2431
125488 2432
125493 2433
125640 2434
125654 2435
125680 2436
125764 2437
125764 2438
125873 2439
125911 2440
125943 2441
125945 2442
125948 2443
125998 2444
126080 2445
126096 2446
126104 2447
126107 2448
126108 2449
126265 2450
126268 2451
126307 2452
126318 2453
126412 2454
126450 2455
126451 2456
126610 2457
126656 2458
126665 2459
126812 2460
126824 2461
126844 2462
126965 2463
126974 2464
126986 2465
127030 2466
127033 2467
127034 2468
127083 2469
127106 2470
127125 2471
127150 2472
127155 2473
127163 2474
127164 2475
127200 2476
127201 2477
127224 2478
127236 2479
127236 2480
127277 2481
127316 2482
127334 2483
127400 2484
127406 2485
127410 2486
127479 2487
127576 2488
127580 2489
127610 2490
127690 2491
127734 2492
127796 2493
127837 2494
127892 2495
127908 2496
127922 2497
127965 2498
127992 2499
128060 2500
128125 2501
128132 2502
128146 2503
128194 2504
128280 2505
128306 2506
128338 2507
128386 2508
128427 2509
128440 2510
128471 2511
128476 2512
128482 2513
128540 2514
128578 2515
128594 2516
128653 2517
128710 2518
128743 2519
128749 2520
128816 2521
128836 2522
128903 2523
129112 2524
129144 2525
129180 2526
129280 2527
129364 2528
129447 2529
129472 2530
129488 2531
129567 2532
129587 2533
129609 2534
129624 2535
129650 2536
129658 2537
129675 2538
129678 2539
129721 2540
129788 2541
129823 2542
129844 2543
129844 2544
129844 2545
129876 2546
130049 2547
130073 2548
130091 2549
130140 2550
130141 2551
130169 2552
130172 2553
130227 2554
130256 2555
130286 2556
130552 2557
130556 2558
130676 2559
130697 2560
130718 2561
130725 2562
130759 2563
130810 2564
130820 2565
130821 2566
130864 2567
130890 2568
130898 2569
130900 2570
130968 2571
131015 2572
131066 2573
131092 2574
131120 2575
131121 2576
131124 2577
131134 2578
131148 2579
131151 2580
131157 2581
131187 2582
131190 2583
131232 2584
131298 2585
131302 2586
131331 2587
131405 2588
131440 2589
131473 2590
131501 2591
131548 2592
131569 2593
131588 2594
131627 2595
131826 2596
131826 2597
131934 2598
131985 2599
132012 2600
132031 2601
132031 2602
132047 2603
132051 2604
132082 2605
132113 2606
132149 2607
132152 2608
132189 2609
132212 2610
132291 2611
132384 2612
132403 2613
132419 2614
132452 2615
132464 2616
132505 2617
132539 2618
132564 2619
132576 2620
132586 2621
132590 2622
132590 2623
132612 2624
132632 2625
132636 2626
132662 2627
132668 2628
132697 2629
132823 2630
132852 2631
132880 2632
132917 2633
133003 2634
133066 2635
133151 2636
133168 2637
133192 2638
133208 2639
133368 2640
133370 2641
133440 2642
133481 2643
133536 2644
133620 2645
133620 2646
133744 2647
133755 2648
133759 2649
133847 2650
133920 2651
133930 2652
133981 2653
134002 2654
134053 2655
134099 2656
134128 2657
134132 2658
134182 2659
134280 2660
134288 2661
134440 2662
134548 2663
134609 2664
134615 2665
134618 2666
134626 2667
134635 2668
134637 2669
134737 2670
134811 2671
134854 2672
134896 2673
134904 2674
134927 2675
134952 2676
134965 2677
135064 2678
135072 2679
135086 2680
135140 2681
135172 2682
135201 2683
135268 2684
135271 2685
135308 2686
135322 2687
135346 2688
135461 2689
135541 2690
135622 2691
135647 2692
135787 2693
135793 2694
135856 2695
135858 2696
135872 2697
135900 2698
135902 2699
135940 2700
135958 2701
135987 2702
136047 2703
136053 2704
136064 2705
136074 2706
136104 2707
136162 2708
136191 2709
136202 2710
136202 2711
136223 2712
136224 2713
136268 2714
136272 2715
136295 2716
136306 2717
136307 2718
136313 2719
136356 2720
136384 2721
136456 2722
136494 2723
136510 2724
136586 2725
136696 2726
136718 2727
136752 2728
136794 2729
136872 2730
136916 2731
136956 2732
136994 2733
137011 2734
137052 2735
137094 2736
137107 2737
137135 2738
137150 2739
137154 2740
137163 2741
137328 2742
137349 2743
137360 2744
137412 2745
137485 2746
137559 2747
137564 2748
137573 2749
137576 2750
137588 2751
137593 2752
137672 2753
137673 2754
137711 2755
137771 2756
137779 2757
137836 2758
137849 2759
137857 2760
137862 2761
137907 2762
137996 2763
138181 2764
138182 2765
138182 2766
138258 2767
138262 2768
138323 2769
138336 2770
138388 2771
138416 2772
138418 2773
138460 2774
138485 2775
138530 2776
138616 2777
138660 2778
138696 2779
138782 2780
138787 2781
138877 2782
138932 2783
138952 2784
139016 2785
139046 2786
139056 2787
139065 2788
139228 2789
139263 2790
139297 2791
139340 2792
139361 2793
139484 2794
139530 2795
139566 2796
139591 2797
139615 2798
139616 2799
139620 2800
139637 2801
139704 2802
139708 2803
139791 2804
139796 2805
139838 2806
139872 2807
139892 2808
139931 2809
139933 2810
139949 2811
139976 2812
139979 2813
139992 2814
140048 2815
140205 2816
140212 2817
140216 2818
140236 2819
140243 2820
140247 2821
140316 2822
140339 2823
140357 2824
140472 2825
140608 2826
140732 2827
140732 2828
140763 2829
140787 2830
140813 2831
140827 2832
140856 2833
140874 2834
140879 2835
140909 2836
140992 2837
141088 2838
141211 2839
141256 2840
141307 2841
141313 2842
141440 2843
141447 2844
141461 2845
141520 2846
141565 2847
141571 2848
141580 2849
141673 2850
141736 2851
141832 2852
141844 2853
141940 2854
141941 2855
141942 2856
141943 2857
141983 2858
142011 2859
142022 2860
142023 2861
142024 2862
142086 2863
142097 2864
142138 2865
142264 2866
142324 2867
142325 2868
142392 2869
142424 2870
142448 2871
142464 2872
142498 2873
142553 2874
142647 2875
142664 2876
142730 2877
142738 2878
142769 2879
142772 2880
142904 2881
142944 2882
143001 2883
143022 2884
143056 2885
143056 2886
143066 2887
143082 2888
143094 2889
143122 2890
143136 2891
143250 2892
143272 2893
143301 2894
143327 2895
143331 2896
143331 2897
143336 2898
143366 2899
143417 2900
143424 2901
143464 2902
143532 2903
143551 2904
143642 2905
143644 2906
143728 2907
143738 2908
143753 2909
143766 2910
143780 2911
143789 2912
143808 2913
143875 2914
143960 2915
143971 2916
143988 2917
144000 2918
144022 2919
144029 2920
144092 2921
144112 2922
144131 2923
144149 2924
144180 2925
144204 2926
144263 2927
144283 2928
144468 2929
144529 2930
144535 2931
144602 2932
144611 2933
144660 2934
144734 2935
144784 2936
144796 2937
144796 2938
144825 2939
144849 2940
144892 2941
144937 2942
144976 2943
145068 2944
145070 2945
145274 2946
145280 2947
145294 2948
145444 2949
145456 2950
145548 2951
145653 2952
145746 2953
145758 2954
145769 2955
145825 2956
145847 2957
145862 2958
145873 2959
146042 2960
146080 2961
146095 2962
146104 2963
146203 2964
146316 2965
146413 2966
146415 2967
146433 2968
146448 2969
146456 2970
146471 2971
146496 2972
146516 2973
146560 2974
146657 2975
146664 2976
146694 2977
146730 2978
146778 2979
146915 2980
146938 2981
147031 2982
147078 2983
147176 2984
147214 2985
147228 2986
148160 2987
148558 2988
148681 2989
148758 2990
148836 2991
148949 2992
148968 2993
150137 2994
150390 2995
150548 2996
150610 2997
150611 2998
150625 2999
150629 3000
150632 3001
150726 3002
150767 3003
150783 3004
150993 3005
151000 3006
151032 3007
151042 3008
151142 3009
151178 3010
151179 3011
151301 3012
151388 3013
151880 3014
152260 3015
152265 3016
152268 3017
152328 3018
152416 3019
152467 3020
152548 3021
152858 3022
153095 3023
153110 3024
153161 3025
153226 3026
153717 3027
153816 3028
153820 3029
153864 3030
153875 3031
153876 3032
153876 3033
153880 3034
153893 3035
153920 3036
154001 3037
154140 3038
154166 3039
154202 3040
154204 3041
154261 3042
154400 3043
154561 3044
154648 3045
154702 3046
154784 3047
154869 3048
154991 3049
155016 3050
155035 3051
155044 3052
155044 3053
155097 3054
155168 3055
155198 3056
155209 3057
155281 3058
155282 3059
155282 3060
155341 3061
155346 3062
155348 3063
155376 3064
155402 3065
155456 3066
155456 3067
155540 3068
155608 3069
155676 3070
155692 3071
155989 3072
156117 3073
156186 3074
156200 3075
156446 3076
156448 3077
156490 3078
156504 3079
156822 3080
156901 3081
157226 3082
157252 3083
157300 3084
157324 3085
158231 3086
158296 3087
158423 3088
158433 3089
158611 3090
158675 3091
158684 3092
158694 3093
158879 3094
158885 3095
158900 3096
158931 3097
158968 3098
158994 3099
159066 3100
159215 3101
159228 3102
159260 3103
159307 3104
159319 3105
159408 3106
159628 3107
159813 3108
159888 3109
160412 3110
160499 3111
160644 3112
160645 3113
160712 3114
160716 3115
160724 3116
160740 3117
160740 3118
160762 3119
160769 3120
160797 3121
160864 3122
160902 3123
160931 3124
160943 3125
160944 3126
160944 3127
160984 3128
161005 3129
161016 3130
161069 3131
161070 3132
161078 3133
161101 3134
161108 3135
161124 3136
161150 3137
161193 3138
161204 3139
161210 3140
161232 3141
161233 3142
161255 3143
161273 3144
161315 3145
161318 3146
161328 3147
161372 3148
161374 3149
161405 3150
161427 3151
161447 3152
161452 3153
161462 3154
161500 3155
161559 3156
161576 3157
161577 3158
161590 3159
161618 3160
161725 3161
161735 3162
161739 3163
161754 3164
161827 3165
161884 3166
161906 3167
161948 3168
161983 3169
162019 3170
162128 3171
162149 3172
162273 3173
162294 3174
162326 3175
162358 3176
162375 3177
162460 3178
162476 3179
162647 3180
162660 3181
162714 3182
162737 3183
162796 3184
162845 3185
162938 3186
162997 3187
163020 3188
163060 3189
163094 3190
163132 3191
163224 3192
163280 3193
163307 3194
163350 3195
163404 3196
163450 3197
163487 3198
163512 3199
163531 3200
163574 3201
163592 3202
163594 3203
163601 3204
163616 3205
163672 3206
163761 3207
163762 3208
163801 3209
163802 3210
163927 3211
163964 3212
163968 3213
164120 3214
164188 3215
164241 3216
164324 3217
164420 3218
164421 3219
164424 3220
164448 3221
164449 3222
164488 3223
164489 3224
164489 3225
164516 3226
164528 3227
164612 3228
164736 3229
164737 3230
164829 3231
164832 3232
164845 3233
164859 3234
164860 3235
164866 3236
164872 3237
164872 3238
164883 3239
164915 3240
164962 3241
164989 3242
165024 3243
165064 3244
165161 3245
165167 3246
165207 3247
165224 3248
165284 3249
165291 3250
165319 3251
165377 3252
165434 3253
165454 3254
165459 3255
165482 3256
165506 3257
165659 3258
165667 3259
165673 3260
165678 3261
165751 3262
165779 3263
165788 3264
165821 3265
165836 3266
165837 3267
165849 3268
165892 3269
166196 3270
166217 3271
166222 3272
166251 3273
166298 3274
166356 3275
166424 3276
166437 3277
166438 3278
166448 3279
166468 3280
166535 3281
166540 3282
166559 3283
166707 3284
166768 3285
166810 3286
166814 3287
166908 3288
166945 3289
166983 3290
167001 3291
167016 3292
167028 3293
167085 3294
167157 3295
167191 3296
167202 3297
167256 3298
167264 3299
167317 3300
167336 3301
167390 3302
167392 3303
167426 3304
167508 3305
167521 3306
167566 3307
167738 3308
167742 3309
167742 3310
167791 3311
167823 3312
167836 3313
167882 3314
167892 3315
167951 3316
168033 3317
168140 3318
168148 3319
168156 3320
168232 3321
168280 3322
168308 3323
168376 3324
168442 3325
168472 3326
168496 3327
168556 3328
168575 3329
168596 3330
168649 3331
168669 3332
168696 3333
168696 3334
168732 3335
168733 3336
168757 3337
168782 3338
168812 3339
168901 3340
168910 3341
168911 3342
168922 3343
168934 3344
169000 3345
169008 3346
169084 3347
169131 3348
169156 3349
169193 3350
169201 3351
169238 3352
169399 3353
169460 3354
169491 3355
169505 3356
169514 3357
169517 3358
169551 3359
169556 3360
169597 3361
169652 3362
169653 3363
169744 3364
169939 3365
169940 3366
169946 3367
169976 3368
169980 3369
170012 3370
170052 3371
170122 3372
170130 3373
170159 3374
170160 3375
170162 3376
170166 3377
170181 3378
170188 3379
170217 3380
170324 3381
170363 3382
170400 3383
170472 3384
170487 3385
170669 3386
170733 3387
170782 3388
170792 3389
170794 3390
170802 3391
170805 3392
170906 3393
170922 3394
170965 3395
170975 3396
170982 3397
170995 3398
171098 3399
171113 3400
171114 3401
171146 3402
171294 3403
171424 3404
171452 3405
171469 3406
171504 3407
171516 3408
171530 3409
171536 3410
171545 3411
171613 3412
171661 3413
171666 3414
171752 3415
171777 3416
171796 3417
171804 3418
171848 3419
171864 3420
171905 3421
171930 3422
171989 3423
172108 3424
172161 3425
172249 3426
172364 3427
172391 3428
172442 3429
172485 3430
172495 3431
172577 3432
172659 3433
172693 3434
172754 3435
172960 3436
172965 3437
173069 3438
173127 3439
173355 3440
173429 3441
173429 3442
173661 3443
173714 3444
174090 3445
174460 3446
174466 3447
174833 3448
175031 3449
175120 3450
175211 3451
175222 3452
175284 3453
175312 3454
175325 3455
175343 3456
175368 3457
176743 3458
176898 3459
177018 3460
177077 3461
177117 3462
177225 3463
177373 3464
177552 3465
177602 3466
177973 3467
178015 3468
178908 3469
178999 3470
179897 3471
180380 3472
180453 3473
180489 3474
180553 3475
180669 3476
181538 3477
181776 3478
181812 3479
181912 3480
182157 3481
182169 3482
182237 3483
182457 3484
184026 3485
184082 3486
184124 3487
184279 3488
184348 3489
184753 3490
184805 3491
185012 3492
185069 3493
185244 3494
185313 3495
185481 3496
185859 3497
185936 3498
185960 3499
186443 3500
186605 3501
187449 3502
187454 3503
187573 3504
187638 3505
187731 3506
187950 3507
187958 3508
188003 3509
188028 3510
188340 3511
188361 3512
188475 3513
188653 3514
188673 3515
188697 3516
188724 3517
188769 3518
188784 3519
188869 3520
188968 3521
189055 3522
189233 3523
189239 3524
189247 3525
189266 3526
189412 3527
189419 3528
189470 3529
189476 3530
189494 3531
189558 3532
189595 3533
189821 3534
189837 3535
189909 3536
189917 3537
189982 3538
190129 3539
190373 3540
190458 3541
190541 3542
190629 3543
190639 3544
190647 3545
191062 3546
191101 3547
191102 3548
191168 3549
191173 3550
191175 3551
191177 3552
191218 3553
191224 3554
191241 3555
191344 3556
191377 3557
191439 3558
191579 3559
191691 3560
191706 3561
191713 3562
191969 3563
192016 3564
192164 3565
192167 3566
192228 3567
192449 3568
192456 3569
192572 3570
192766 3571
192769 3572
192771 3573
192940 3574
192953 3575
192964 3576
193205 3577
193235 3578
193328 3579
193753 3580
193753 3581
193753 3582
193753 3583
193781 3584
193809 3585
194041 3586
194130 3587
194177 3588
194249 3589
194250 3590
194296 3591
194320 3592
194397 3593
194486 3594
194524 3595
194586 3596
194605 3597
194633 3598
194635 3599
194664 3600
194689 3601
194767 3602
194773 3603
194782 3604
194848 3605
194905 3606
194960 3607
194991 3608
195000 3609
195001 3610
195005 3611
195016 3612
195016 3613
195044 3614
195045 3615
195061 3616
195113 3617
195199 3618
195207 3619
195208 3620
195325 3621
195372 3622
195382 3623
195418 3624
195425 3625
195426 3626
195440 3627
195477 3628
195496 3629
195532 3630
195534 3631
195539 3632
195575 3633
195662 3634
195673 3635
195679 3636
195737 3637
195753 3638
195759 3639
195869 3640
195897 3641
195935 3642
196033 3643
196059 3644
196127 3645
196186 3646
196265 3647
196281 3648
196315 3649
196361 3650
196493 3651
196541 3652
196598 3653
