54 1
109 2
263 3
294 4
295 5
312 6
373 7
401 8
456 9
498 10
502 11
504 12
515 13
522 14
638 15
670 16
1005 17
1070 18
1166 19
1176 20
1180 21
1212 22
1213 23
1280 24
1285 25
1470 26
1470 27
1471 28
1471 29
1476 30
1476 31
1477 32
1584 33
1634 34
1773 35
1789 36
1801 37
1803 38
1813 39
1903 40
1909 41
2145 42
2238 43
2269 44
2282 45
2326 46
2331 47
2364 48
2392 49
2462 50
2470 51
2535 52
2590 53
2606 54
2653 55
2836 56
2882 57
2896 58
2978 59
3036 60
3065 61
3118 62
3145 63
3168 64
3189 65
3189 66
3266 67
3270 68
3297 69
3303 70
3318 71
3338 72
3344 73
3345 74
3350 75
3364 76
3394 77
3400 78
3461 79
3513 80
3545 81
3546 82
3562 83
3585 84
3595 85
3622 86
3641 87
3714 88
3831 89
3891 90
3973 91
4018 92
4037 93
4107 94
4135 95
4161 96
4229 97
4232 98
4257 99
4260 100
4272 101
4459 102
4549 103
4577 104
4586 105
4713 106
4765 107
4821 108
4837 109
4905 110
4931 111
4949 112
4985 113
5018 114
5125 115
5178 116
5179 117
5186 118
5187 119
5187 120
5192 121
5196 122
5240 123
5322 124
5337 125
5356 126
5370 127
5426 128
5550 129
5575 130
5617 131
5645 132
5690 133
5765 134
5837 135
5909 136
6046 137
6069 138
6073 139
6182 140
6308 141
6310 142
6442 143
6491 144
6529 145
6577 146
6606 147
6665 148
6668 149
6677 150
6775 151
6775 152
6801 153
6803 154
6894 155
6909 156
6926 157
6953 158
6992 159
7033 160
7044 161
7064 162
7085 163
7099 164
7111 165
7192 166
7207 167
7238 168
7262 169
7295 170
7349 171
7365 172
7423 173
7473 174
7479 175
7481 176
7485 177
7513 178
7532 179
7533 180
7554 181
7777 182
7844 183
7909 184
7941 185
7942 186
7956 187
8009 188
8009 189
8066 190
8078 191
8137 192
8175 193
8195 194
8213 195
8226 196
8279 197
8311 198
8312 199
8325 200
8387 201
8477 202
8477 203
8533 204
8565 205
8651 206
8723 207
8749 208
8784 209
8885 210
8885 211
8886 212
8889 213
8898 214
8957 215
9025 216
9078 217
9089 218
9220 219
9223 220
9280 221
9283 222
9373 223
9393 224
9421 225
9437 226
9609 227
9632 228
9753 229
9781 230
9805 231
9806 232
9898 233
9925 234
9932 235
10058 236
10069 237
10252 238
10302 239
10319 240
10347 241
10372 242
10419 243
10449 244
10482 245
10492 246
10534 247
10605 248
10652 249
10664 250
10679 251
10685 252
10697 253
10723 254
10780 255
10815 256
10818 257
10863 258
10917 259
10920 260
10948 261
11066 262
11153 263
11159 264
11180 265
11190 266
11192 267
11249 268
11273 269
11325 270
11429 271
11531 272
11549 273
11581 274
11645 275
11726 276
11729 277
11791 278
11827 279
11834 280
11858 281
11914 282
11933 283
11950 284
11956 285
11973 286
12033 287
12053 288
12061 289
12250 290
12251 291
12261 292
12313 293
12345 294
12449 295
12469 296
12503 297
12585 298
12593 299
12593 300
12595 301
12599 302
12602 303
12610 304
12718 305
12809 306
12814 307
12814 308
12887 309
12912 310
12996 311
13109 312
13139 313
13145 314
13146 315
13179 316
13200 317
13201 318
13362 319
13402 320
13501 321
13678 322
13732 323
13796 324
13845 325
13859 326
13938 327
13972 328
14007 329
14022 330
14050 331
14052 332
14088 333
14155 334
14156 335
14188 336
14190 337
14277 338
14277 339
14338 340
14352 341
14393 342
14424 343
14433 344
14448 345
14455 346
14465 347
14515 348
14602 349
14614 350
14658 351
14669 352
14685 353
14740 354
14742 355
14751 356
14890 357
14909 358
14932 359
14983 360
15037 361
15038 362
15076 363
15238 364
15370 365
15465 366
15503 367
15505 368
15548 369
15641 370
15642 371
15677 372
15685 373
15728 374
15735 375
15737 376
15779 377
15796 378
16046 379
16076 380
16081 381
16097 382
16135 383
16162 384
16217 385
16233 386
16254 387
16301 388
16302 389
16308 390
16309 391
16316 392
16333 393
16342 394
16357 395
16386 396
16543 397
16576 398
16715 399
16757 400
16790 401
16829 402
16850 403
16864 404
16890 405
17007 406
17015 407
17083 408
17121 409
17138 410
17209 411
17210 412
17223 413
17293 414
17321 415
17352 416
17408 417
17455 418
17464 419
17468 420
17633 421
17635 422
17662 423
17747 424
17752 425
17789 426
17799 427
17819 428
17824 429
17825 430
17826 431
17862 432
17865 433
18004 434
18020 435
18046 436
18170 437
18219 438
18274 439
18362 440
18365 441
18386 442
18389 443
18455 444
18462 445
18464 446
18482 447
18486 448
18501 449
18582 450
18585 451
18598 452
18599 453
18617 454
19034 455
19123 456
19128 457
19141 458
19158 459
19252 460
19253 461
19288 462
19295 463
19346 464
19370 465
19374 466
19475 467
19488 468
19501 469
19512 470
19578 471
19746 472
19870 473
19960 474
19966 475
20006 476
20202 477
20430 478
20446 479
20446 480
20872 481
21475 482
21904 483
22126 484
22241 485
22246 486
22314 487
22358 488
22445 489
22534 490
22808 491
22998 492
23324 493
23495 494
23605 495
23616 496
23617 497
24230 498
24272 499
24438 500
24494 501
24532 502
24534 503
24825 504
25654 505
25980 506
26309 507
26448 508
26482 509
26540 510
26573 511
26701 512
26733 513
26735 514
26736 515
27245 516
27289 517
27338 518
27411 519
28029 520
28350 521
28461 522
28494 523
28691 524
28830 525
28842 526
29050 527
29344 528
29373 529
29406 530
29419 531
29685 532
29687 533
29944 534
30074 535
30206 536
30219 537
30749 538
31053 539
31305 540
31324 541
31418 542
31517 543
31663 544
31708 545
31714 546
31762 547
31826 548
31910 549
31917 550
31996 551
32074 552
32078 553
32094 554
32162 555
32175 556
32282 557
32354 558
32422 559
32431 560
32446 561
32450 562
32536 563
32576 564
32923 565
32942 566
33064 567
33122 568
33300 569
33594 570
33637 571
33648 572
33653 573
33657 574
33660 575
33682 576
33691 577
33712 578
33790 579
33790 580
33803 581
33878 582
33890 583
33958 584
33960 585
34161 586
34175 587
34178 588
34196 589
34218 590
34222 591
34286 592
34288 593
34314 594
34314 595
34328 596
34330 597
34408 598
34460 599
34465 600
34482 601
34506 602
34590 603
34593 604
34618 605
34618 606
34742 607
34777 608
34838 609
34843 610
34869 611
34878 612
34901 613
34905 614
34966 615
34980 616
34981 617
34991 618
35010 619
35084 620
35091 621
35122 622
35131 623
35147 624
35194 625
35201 626
35218 627
35333 628
35378 629
35427 630
35441 631
35458 632
35467 633
35497 634
35576 635
35607 636
35702 637
35784 638
35799 639
35805 640
35826 641
35950 642
35983 643
36074 644
36093 645
36124 646
36129 647
36151 648
36153 649
36157 650
36163 651
36176 652
36177 653
36264 654
36278 655
36376 656
36389 657
36391 658
36468 659
36600 660
36731 661
36762 662
36787 663
36889 664
36895 665
36908 666
36917 667
36966 668
37030 669
37061 670
37098 671
37258 672
37390 673
37411 674
37425 675
37555 676
37558 677
37558 678
37598 679
37694 680
37751 681
37925 682
37926 683
37969 684
37994 685
37994 686
38022 687
38022 688
38037 689
38192 690
38243 691
38246 692
38298 693
38347 694
38365 695
38366 696
38373 697
38381 698
38394 699
38406 700
38546 701
38551 702
38595 703
38679 704
38697 705
38710 706
38710 707
38722 708
38751 709
38759 710
38806 711
38818 712
38842 713
38862 714
38885 715
38892 716
38957 717
38973 718
38988 719
39054 720
39058 721
39086 722
39091 723
39211 724
39254 725
39328 726
39340 727
39392 728
39438 729
39449 730
39453 731
39468 732
39546 733
39556 734
39634 735
39663 736
39670 737
39803 738
39807 739
39824 740
39848 741
39860 742
39864 743
39946 744
40009 745
40048 746
40054 747
40069 748
40075 749
40109 750
40223 751
40225 752
40358 753
40441 754
40506 755
40549 756
40560 757
40661 758
40769 759
40775 760
40777 761
40790 762
40891 763
40896 764
40920 765
40922 766
40984 767
41139 768
41281 769
41306 770
41395 771
41402 772
41494 773
41498 774
41635 775
41650 776
41781 777
41814 778
41927 779
41962 780
42019 781
42027 782
42046 783
42053 784
42072 785
42092 786
42101 787
42125 788
42207 789
42210 790
42259 791
42275 792
42304 793
42321 794
42362 795
42388 796
42402 797
42418 798
42421 799
42483 800
42580 801
42590 802
42621 803
42622 804
42638 805
42641 806
42682 807
42695 808
42723 809
42746 810
42793 811
42794 812
42800 813
42815 814
42841 815
42861 816
42976 817
42979 818
43096 819
43146 820
43149 821
43150 822
43151 823
43171 824
43208 825
43225 826
43391 827
43410 828
43426 829
43446 830
43452 831
43558 832
43583 833
43623 834
43631 835
43631 836
43674 837
43758 838
43776 839
43803 840
43836 841
43858 842
43873 843
43874 844
43874 845
43954 846
43982 847
44077 848
44114 849
44162 850
44189 851
44231 852
44266 853
44270 854
44410 855
44502 856
44502 857
44504 858
44562 859
44707 860
44709 861
44766 862
44780 863
44868 864
44891 865
44989 866
45246 867
45251 868
45310 869
45361 870
45427 871
45452 872
45510 873
45574 874
45587 875
45607 876
45707 877
45729 878
45730 879
45730 880
45758 881
45794 882
45937 883
45984 884
46080 885
46208 886
46213 887
46291 888
46319 889
46449 890
46472 891
46554 892
46810 893
46894 894
47000 895
47022 896
47327 897
47374 898
47387 899
47558 900
47749 901
47851 902
47855 903
47982 904
47994 905
47998 906
48038 907
48052 908
48060 909
48242 910
48258 911
48287 912
48346 913
48388 914
48562 915
48585 916
48626 917
48646 918
48654 919
48710 920
48710 921
48734 922
48800 923
48956 924
48978 925
49010 926
49011 927
49108 928
49150 929
49153 930
49153 931
49158 932
49274 933
49354 934
49370 935
49394 936
49438 937
49518 938
49602 939
49602 940
49654 941
49655 942
49675 943
49889 944
49899 945
49927 946
49963 947
49963 948
49988 949
50002 950
50008 951
50086 952
50328 953
50329 954
50402 955
50450 956
50452 957
50717 958
50789 959
50846 960
50924 961
50938 962
50939 963
51069 964
51104 965
51125 966
51154 967
51154 968
51262 969
51314 970
51806 971
52211 972
52251 973
52338 974
52868 975
53086 976
53108 977
54318 978
54355 979
54385 980
54402 981
54682 982
54686 983
55706 984
56021 985
56126 986
56718 987
56859 988
56943 989
57046 990
57351 991
58074 992
58130 993
59562 994
60151 995
60249 996
60263 997
60265 998
60295 999
60392 1000
60511 1001
60536 1002
60641 1003
60654 1004
60671 1005
60886 1006
60953 1007
61077 1008
61357 1009
61456 1010
62135 1011
62146 1012
62158 1013
62302 1014
62368 1015
62410 1016
62469 1017
62470 1018
62543 1019
62592 1020
62595 1021
62745 1022
62747 1023
62827 1024
62888 1025
63022 1026
63122 1027
63328 1028
63402 1029
63461 1030
63587 1031
63702 1032
63835 1033
63988 1034
64050 1035
64214 1036
64286 1037
64382 1038
64436 1039
64682 1040
64702 1041
64942 1042
65574 1043
65738 1044
65926 1045
66091 1046
66243 1047
66910 1048
67074 1049
67635 1050
67749 1051
68553 1052
68852 1053
68883 1054
68916 1055
69174 1056
69516 1057
70179 1058
70322 1059
70967 1060
71348 1061
71390 1062
71406 1063
71705 1064
71804 1065
71850 1066
71922 1067
72117 1068
72305 1069
72574 1070
72664 1071
72948 1072
72999 1073
73016 1074
73111 1075
73250 1076
73295 1077
73302 1078
73318 1079
73357 1080
73398 1081
73503 1082
73684 1083
73690 1084
73764 1085
73779 1086
73798 1087
73817 1088
73972 1089
74061 1090
74081 1091
74099 1092
74147 1093
74294 1094
74355 1095
74419 1096
74568 1097
74690 1098
74785 1099
74928 1100
75015 1101
75066 1102
75115 1103
75158 1104
75170 1105
75173 1106
75187 1107
75242 1108
75287 1109
75474 1110
75499 1111
75500 1112
75511 1113
75542 1114
75543 1115
75543 1116
75554 1117
75561 1118
75585 1119
75592 1120
75644 1121
75669 1122
75718 1123
75740 1124
75759 1125
75780 1126
75785 1127
75786 1128
75849 1129
75856 1130
75898 1131
75902 1132
75907 1133
75910 1134
75919 1135
75926 1136
75982 1137
75997 1138
76043 1139
76064 1140
76088 1141
76118 1142
76128 1143
76133 1144
76172 1145
76173 1146
76220 1147
76226 1148
76230 1149
76326 1150
76345 1151
76388 1152
76414 1153
76461 1154
76470 1155
76515 1156
76517 1157
76518 1158
76546 1159
76642 1160
76675 1161
76789 1162
76804 1163
76804 1164
76806 1165
76830 1166
76860 1167
76868 1168
76872 1169
76926 1170
77050 1171
77051 1172
77057 1173
77118 1174
77193 1175
77237 1176
77237 1177
77354 1178
77362 1179
77375 1180
77539 1181
77544 1182
77603 1183
77626 1184
77647 1185
77674 1186
77698 1187
77741 1188
77851 1189
77869 1190
78100 1191
78134 1192
78150 1193
78179 1194
78274 1195
78295 1196
78449 1197
78450 1198
78478 1199
78511 1200
78552 1201
78558 1202
78559 1203
78624 1204
78736 1205
78795 1206
78811 1207
78859 1208
78935 1209
79030 1210
79042 1211
79125 1212
79178 1213
79225 1214
79226 1215
79304 1216
79305 1217
79386 1218
79387 1219
79389 1220
79439 1221
79482 1222
79494 1223
79495 1224
79514 1225
79524 1226
79526 1227
79549 1228
79554 1229
79658 1230
79673 1231
79677 1232
79758 1233
79770 1234
79788 1235
79810 1236
79827 1237
79894 1238
79909 1239
79917 1240
79962 1241
80003 1242
80030 1243
80126 1244
80146 1245
80212 1246
80238 1247
80260 1248
80267 1249
80287 1250
80306 1251
80313 1252
80318 1253
80432 1254
80498 1255
80528 1256
80572 1257
80573 1258
80659 1259
80671 1260
80705 1261
80772 1262
80870 1263
80946 1264
81006 1265
81041 1266
81061 1267
81062 1268
81064 1269
81068 1270
81094 1271
81109 1272
81110 1273
81130 1274
81192 1275
81243 1276
81291 1277
81293 1278
81302 1279
81314 1280
81362 1281
81389 1282
81394 1283
81402 1284
81406 1285
81474 1286
81574 1287
81654 1288
81665 1289
81720 1290
81857 1291
81869 1292
81885 1293
81927 1294
82021 1295
82106 1296
82173 1297
82186 1298
82217 1299
82218 1300
82285 1301
82286 1302
82299 1303
82301 1304
82306 1305
82518 1306
82521 1307
82523 1308
82529 1309
82553 1310
82575 1311
82676 1312
82709 1313
82738 1314
82875 1315
83094 1316
83183 1317
83190 1318
83205 1319
83224 1320
83271 1321
83276 1322
83370 1323
83371 1324
83434 1325
83446 1326
83506 1327
83516 1328
83517 1329
83534 1330
83599 1331
83621 1332
83629 1333
83887 1334
83888 1335
83972 1336
83994 1337
83999 1338
84122 1339
84206 1340
84211 1341
84275 1342
84302 1343
84350 1344
84386 1345
84398 1346
84400 1347
84437 1348
84442 1349
84479 1350
84523 1351
84529 1352
84530 1353
84608 1354
84684 1355
84758 1356
84760 1357
84802 1358
84809 1359
84816 1360
84823 1361
84835 1362
84892 1363
84895 1364
84906 1365
84942 1366
85041 1367
85041 1368
85042 1369
85043 1370
85094 1371
85104 1372
85108 1373
85109 1374
85112 1375
85126 1376
85178 1377
85209 1378
85229 1379
85331 1380
85407 1381
85432 1382
85595 1383
85609 1384
85652 1385
85758 1386
85811 1387
85826 1388
85882 1389
85962 1390
85993 1391
86045 1392
86074 1393
86089 1394
86103 1395
86120 1396
86138 1397
86158 1398
86169 1399
86264 1400
86323 1401
86380 1402
86427 1403
86544 1404
86566 1405
86606 1406
86611 1407
86623 1408
86674 1409
86686 1410
86914 1411
86952 1412
86981 1413
86981 1414
86996 1415
87010 1416
87045 1417
87075 1418
87091 1419
87091 1420
87091 1421
87103 1422
87106 1423
87215 1424
87226 1425
87348 1426
87434 1427
87522 1428
87624 1429
87629 1430
87632 1431
87776 1432
87795 1433
87806 1434
87851 1435
87904 1436
87915 1437
87955 1438
87955 1439
88045 1440
88071 1441
88113 1442
88239 1443
88270 1444
88270 1445
88289 1446
88379 1447
88478 1448
88490 1449
88539 1450
88568 1451
88574 1452
88595 1453
88604 1454
88607 1455
88663 1456
88683 1457
88784 1458
88806 1459
88819 1460
88826 1461
88841 1462
88887 1463
88890 1464
88949 1465
88984 1466
88987 1467
88994 1468
89026 1469
89055 1470
89108 1471
89318 1472
89402 1473
89438 1474
89477 1475
89501 1476
89516 1477
89546 1478
89601 1479
89670 1480
89710 1481
89754 1482
89755 1483
89783 1484
89797 1485
89813 1486
89876 1487
89878 1488
89881 1489
89894 1490
89905 1491
89909 1492
89924 1493
89931 1494
89960 1495
89960 1496
90018 1497
90039 1498
90042 1499
90082 1500
90086 1501
90102 1502
90185 1503
90185 1504
90195 1505
90274 1506
90303 1507
90456 1508
90511 1509
90535 1510
90539 1511
90540 1512
90655 1513
90686 1514
90688 1515
90691 1516
90743 1517
90817 1518
90830 1519
90891 1520
90923 1521
90938 1522
90951 1523
90960 1524
90962 1525
90977 1526
91001 1527
91070 1528
91114 1529
91257 1530
91289 1531
91294 1532
91298 1533
91306 1534
91316 1535
91399 1536
91418 1537
91538 1538
91621 1539
91623 1540
91667 1541
91747 1542
91747 1543
91748 1544
91792 1545
91799 1546
91950 1547
92010 1548
92024 1549
92048 1550
92135 1551
92231 1552
92251 1553
92283 1554
92295 1555
92305 1556
92307 1557
92314 1558
92363 1559
92431 1560
92479 1561
92580 1562
92598 1563
92603 1564
92603 1565
92627 1566
92633 1567
92653 1568
92691 1569
92821 1570
92873 1571
93003 1572
93121 1573
93164 1574
93214 1575
93258 1576
93271 1577
93339 1578
93365 1579
93419 1580
93420 1581
93455 1582
93503 1583
93519 1584
93553 1585
93572 1586
93576 1587
93586 1588
93591 1589
93640 1590
93641 1591
93685 1592
93686 1593
93687 1594
93694 1595
93753 1596
93778 1597
93786 1598
93799 1599
93853 1600
93864 1601
93887 1602
93914 1603
93928 1604
94012 1605
94162 1606
94179 1607
94251 1608
94301 1609
94416 1610
94461 1611
94479 1612
94488 1613
94519 1614
94535 1615
94560 1616
94631 1617
94654 1618
94711 1619
94722 1620
94730 1621
94867 1622
94875 1623
94966 1624
94975 1625
95059 1626
95076 1627
95094 1628
95094 1629
95127 1630
95213 1631
95266 1632
95331 1633
95436 1634
95492 1635
95497 1636
95523 1637
95553 1638
95576 1639
95647 1640
95687 1641
95691 1642
95702 1643
95718 1644
95731 1645
95795 1646
95822 1647
95867 1648
95963 1649
95973 1650
95977 1651
96023 1652
96040 1653
96058 1654
96096 1655
96287 1656
96288 1657
96314 1658
96331 1659
96331 1660
96380 1661
96390 1662
96399 1663
96415 1664
96416 1665
96511 1666
96527 1667
96566 1668
96663 1669
96768 1670
96770 1671
96810 1672
96824 1673
96884 1674
96960 1675
96985 1676
97035 1677
97059 1678
97108 1679
97127 1680
97127 1681
97142 1682
97183 1683
97184 1684
97192 1685
97267 1686
97276 1687
97327 1688
97333 1689
97361 1690
97429 1691
97430 1692
97446 1693
97451 1694
97499 1695
97504 1696
97553 1697
97576 1698
97584 1699
97597 1700
97680 1701
97723 1702
97747 1703
97763 1704
97775 1705
97871 1706
97873 1707
97882 1708
97882 1709
97950 1710
97994 1711
97995 1712
98139 1713
98142 1714
98215 1715
98243 1716
98249 1717
98256 1718
98266 1719
98277 1720
98288 1721
98303 1722
98351 1723
98419 1724
98459 1725
98504 1726
98529 1727
98610 1728
98654 1729
98711 1730
98735 1731
98736 1732
98743 1733
98778 1734
98806 1735
98846 1736
98850 1737
98853 1738
98932 1739
99079 1740
99107 1741
99219 1742
99222 1743
99232 1744
99277 1745
99345 1746
99355 1747
99355 1748
99459 1749
99475 1750
99539 1751
99557 1752
99627 1753
99655 1754
99679 1755
99691 1756
99748 1757
99781 1758
99802 1759
99807 1760
99910 1761
100029 1762
100101 1763
100104 1764
100157 1765
100170 1766
100208 1767
100258 1768
100326 1769
100355 1770
100399 1771
100460 1772
100472 1773
100475 1774
100520 1775
100619 1776
100662 1777
100683 1778
100685 1779
100732 1780
100755 1781
100766 1782
100767 1783
100796 1784
100821 1785
100843 1786
100856 1787
100862 1788
100944 1789
101030 1790
101088 1791
101091 1792
101150 1793
101172 1794
101190 1795
101207 1796
101316 1797
101319 1798
101322 1799
101335 1800
101343 1801
101375 1802
101389 1803
101468 1804
101495 1805
101509 1806
101511 1807
101543 1808
101550 1809
101603 1810
101607 1811
101640 1812
101640 1813
101659 1814
101673 1815
101706 1816
101765 1817
101781 1818
101828 1819
101841 1820
101853 1821
101856 1822
101865 1823
101947 1824
101961 1825
101986 1826
102006 1827
102047 1828
102048 1829
102056 1830
102065 1831
102079 1832
102112 1833
102125 1834
102127 1835
102153 1836
102187 1837
102197 1838
102263 1839
102375 1840
102375 1841
102375 1842
102381 1843
102385 1844
102489 1845
102635 1846
102663 1847
102677 1848
102681 1849
102703 1850
102709 1851
102744 1852
102765 1853
102784 1854
102800 1855
102844 1856
102847 1857
102883 1858
102895 1859
102923 1860
102951 1861
102991 1862
102999 1863
103067 1864
103081 1865
103084 1866
103115 1867
103142 1868
103143 1869
103147 1870
103157 1871
103204 1872
103212 1873
103216 1874
103296 1875
103334 1876
103346 1877
103348 1878
103447 1879
103452 1880
103555 1881
103581 1882
103617 1883
103655 1884
103686 1885
103696 1886
103719 1887
103723 1888
103756 1889
103799 1890
103806 1891
103994 1892
104023 1893
104084 1894
104108 1895
104124 1896
104131 1897
104131 1898
104148 1899
104202 1900
104243 1901
104280 1902
104324 1903
104426 1904
104432 1905
104436 1906
104446 1907
104447 1908
104472 1909
104506 1910
104526 1911
104599 1912
104631 1913
104807 1914
104872 1915
104983 1916
104983 1917
104993 1918
105036 1919
105039 1920
105041 1921
105063 1922
105064 1923
105180 1924
105194 1925
105245 1926
105273 1927
105295 1928
105295 1929
105319 1930
105325 1931
105341 1932
105349 1933
105413 1934
105414 1935
105442 1936
105442 1937
105444 1938
105514 1939
105518 1940
105523 1941
105535 1942
105535 1943
105547 1944
105559 1945
105560 1946
105570 1947
105577 1948
105623 1949
105668 1950
105675 1951
105676 1952
105683 1953
105694 1954
105711 1955
105736 1956
105815 1957
105822 1958
105847 1959
105857 1960
105873 1961
105972 1962
105990 1963
106010 1964
106017 1965
106068 1966
106073 1967
106077 1968
106161 1969
106163 1970
106163 1971
106214 1972
106216 1973
106235 1974
106355 1975
106396 1976
106402 1977
106448 1978
106476 1979
106493 1980
106493 1981
106584 1982
106647 1983
106659 1984
106659 1985
106678 1986
106687 1987
106702 1988
106710 1989
106711 1990
106727 1991
106789 1992
106867 1993
106918 1994
106939 1995
106940 1996
106961 1997
106989 1998
107043 1999
107069 2000
107121 2001
107132 2002
107134 2003
107139 2004
107155 2005
107172 2006
107199 2007
107244 2008
107273 2009
107291 2010
107400 2011
107495 2012
107610 2013
107620 2014
107626 2015
107632 2016
107663 2017
107744 2018
107815 2019
107828 2020
107839 2021
107855 2022
107856 2023
107856 2024
107867 2025
107932 2026
107943 2027
107968 2028
107976 2029
107991 2030
108003 2031
108031 2032
108031 2033
108034 2034
108051 2035
108056 2036
108143 2037
108244 2038
108325 2039
108347 2040
108391 2041
108569 2042
108592 2043
108643 2044
108693 2045
108708 2046
108709 2047
108735 2048
108760 2049
108793 2050
108847 2051
108857 2052
108868 2053
108880 2054
108896 2055
108921 2056
108965 2057
109094 2058
109131 2059
109219 2060
109229 2061
109232 2062
109239 2063
109239 2064
109240 2065
109246 2066
109255 2067
109290 2068
109295 2069
109295 2070
109318 2071
109394 2072
109422 2073
109435 2074
109459 2075
109488 2076
109543 2077
109543 2078
109550 2079
109614 2080
109639 2081
109678 2082
109697 2083
109784 2084
109799 2085
109805 2086
109812 2087
109839 2088
109860 2089
109860 2090
109872 2091
109899 2092
109915 2093
109950 2094
109979 2095
109980 2096
109996 2097
110102 2098
110139 2099
110179 2100
110201 2101
110203 2102
110219 2103
110326 2104
110352 2105
110435 2106
110491 2107
110508 2108
110572 2109
110611 2110
110631 2111
110644 2112
110701 2113
110968 2114
111697 2115
111704 2116
111732 2117
111979 2118
111985 2119
112009 2120
112030 2121
112181 2122
112193 2123
112211 2124
112215 2125
112224 2126
112233 2127
112270 2128
112453 2129
112507 2130
112507 2131
112523 2132
112523 2133
112566 2134
112575 2135
112600 2136
112647 2137
112682 2138
112714 2139
112867 2140
112868 2141
112892 2142
112947 2143
113141 2144
113156 2145
113369 2146
113690 2147
113704 2148
113709 2149
113709 2150
113710 2151
113727 2152
113851 2153
113925 2154
113931 2155
114035 2156
114048 2157
114057 2158
114112 2159
114113 2160
114156 2161
114229 2162
114263 2163
114345 2164
114350 2165
114372 2166
114404 2167
114478 2168
114586 2169
114638 2170
114663 2171
114695 2172
114879 2173
114900 2174
114928 2175
114951 2176
114956 2177
115007 2178
115035 2179
115041 2180
115047 2181
115047 2182
115048 2183
115073 2184
115075 2185
115103 2186
115135 2187
115169 2188
115234 2189
115239 2190
115295 2191
115296 2192
115324 2193
115337 2194
115428 2195
115431 2196
115541 2197
115572 2198
115622 2199
115631 2200
115706 2201
115724 2202
115761 2203
115814 2204
115832 2205
115844 2206
115927 2207
115955 2208
115959 2209
115986 2210
116041 2211
116043 2212
116051 2213
116136 2214
116231 2215
116259 2216
116337 2217
116395 2218
116418 2219
116464 2220
116491 2221
116491 2222
116504 2223
116543 2224
116627 2225
116667 2226
116683 2227
116752 2228
116860 2229
116865 2230
117052 2231
117061 2232
117079 2233
117096 2234
117096 2235
117123 2236
117326 2237
117327 2238
117411 2239
117420 2240
117447 2241
117475 2242
117482 2243
117498 2244
117542 2245
117589 2246
117662 2247
117711 2248
117755 2249
117758 2250
117782 2251
117783 2252
117795 2253
117811 2254
117934 2255
117967 2256
117976 2257
118041 2258
118162 2259
118191 2260
118265 2261
118323 2262
118331 2263
118404 2264
118479 2265
118662 2266
118755 2267
118755 2268
118764 2269
118848 2270
118875 2271
118878 2272
118882 2273
118905 2274
118919 2275
118921 2276
118943 2277
118987 2278
118990 2279
118992 2280
119003 2281
119005 2282
119071 2283
119087 2284
119115 2285
119127 2286
119153 2287
119279 2288
119363 2289
119519 2290
119524 2291
119524 2292
119529 2293
119534 2294
119556 2295
119567 2296
119567 2297
119604 2298
119634 2299
119663 2300
119714 2301
119749 2302
119778 2303
119781 2304
119817 2305
119838 2306
119856 2307
119992 2308
120035 2309
120042 2310
120075 2311
120130 2312
120140 2313
120148 2314
120250 2315
120267 2316
120289 2317
120295 2318
120323 2319
120403 2320
120443 2321
120464 2322
120611 2323
120614 2324
120622 2325
120622 2326
120763 2327
120884 2328
121035 2329
121096 2330
121108 2331
121186 2332
121196 2333
121214 2334
121235 2335
121265 2336
121363 2337
121377 2338
121386 2339
121484 2340
121515 2341
121562 2342
121586 2343
121587 2344
121622 2345
121654 2346
121728 2347
121768 2348
121776 2349
121905 2350
121991 2351
122081 2352
122113 2353
122334 2354
122355 2355
122404 2356
122424 2357
122447 2358
122463 2359
122463 2360
122464 2361
122505 2362
122587 2363
122588 2364
122594 2365
122652 2366
122720 2367
122755 2368
122797 2369
122798 2370
122859 2371
122870 2372
122888 2373
122910 2374
122931 2375
123045 2376
123146 2377
123243 2378
123244 2379
123244 2380
123249 2381
123263 2382
123269 2383
123275 2384
123304 2385
123334 2386
123366 2387
123386 2388
123387 2389
123426 2390
123456 2391
123467 2392
123528 2393
123567 2394
123639 2395
123671 2396
123739 2397
123750 2398
123781 2399
123853 2400
123855 2401
123872 2402
123878 2403
123947 2404
124003 2405
124043 2406
124085 2407
124104 2408
124111 2409
124114 2410
124151 2411
124167 2412
124181 2413
124189 2414
124193 2415
124208 2416
124318 2417
124319 2418
124330 2419
124373 2420
124381 2421
124399 2422
124474 2423
124594 2424
124879 2425
124912 2426
124921 2427
124959 2428
124977 2429
125003 2430
125004 2431
125073 2432
125076 2433
125127 2434
125154 2435
125193 2436
125215 2437
125322 2438
125376 2439
125419 2440
125448 2441
125448 2442
125471 2443
125489 2444
125686 2445
125732 2446
125766 2447
125951 2448
125953 2449
126023 2450
126131 2451
126171 2452
126225 2453
126233 2454
126239 2455
126276 2456
126279 2457
126281 2458
126307 2459
126361 2460
126426 2461
126494 2462
126520 2463
126527 2464
126531 2465
126548 2466
126597 2467
126599 2468
126607 2469
126620 2470
126651 2471
126695 2472
126907 2473
126943 2474
126991 2475
127015 2476
127052 2477
127111 2478
127134 2479
127164 2480
127308 2481
127322 2482
127351 2483
127353 2484
127390 2485
127476 2486
127503 2487
127556 2488
127566 2489
127571 2490
127597 2491
127707 2492
127779 2493
127779 2494
127779 2495
127809 2496
127820 2497
127828 2498
127847 2499
127883 2500
127903 2501
127920 2502
127923 2503
127963 2504
127970 2505
127997 2506
128082 2507
128084 2508
128094 2509
128113 2510
128128 2511
128134 2512
128151 2513
128294 2514
128395 2515
128472 2516
128479 2517
128548 2518
128550 2519
128584 2520
128586 2521
128620 2522
128660 2523
128705 2524
128758 2525
128762 2526
128791 2527
128847 2528
128873 2529
128926 2530
128930 2531
128998 2532
129043 2533
129046 2534
129152 2535
129194 2536
129195 2537
129207 2538
129298 2539
129307 2540
129411 2541
129415 2542
129475 2543
129589 2544
129591 2545
129717 2546
129795 2547
129893 2548
129947 2549
129956 2550
129987 2551
130006 2552
130023 2553
130043 2554
130046 2555
130069 2556
130147 2557
130221 2558
130331 2559
130335 2560
130345 2561
130414 2562
130440 2563
130512 2564
130545 2565
130592 2566
130712 2567
130761 2568
130780 2569
130799 2570
130838 2571
130852 2572
130885 2573
130903 2574
130931 2575
130952 2576
130995 2577
131004 2578
131008 2579
131028 2580
131143 2581
131187 2582
131211 2583
131278 2584
131302 2585
131312 2586
131362 2587
131499 2588
131515 2589
131607 2590
131630 2591
131647 2592
131663 2593
131673 2594
131683 2595
131692 2596
131718 2597
131767 2598
131804 2599
131834 2600
131846 2601
131853 2602
131883 2603
131894 2604
131898 2605
131927 2606
131979 2607
132021 2608
132065 2609
132109 2610
132170 2611
132203 2612
132212 2613
132227 2614
132227 2615
132256 2616
132361 2617
132377 2618
132384 2619
132428 2620
132466 2621
132470 2622
132490 2623
132505 2624
132528 2625
132584 2626
132589 2627
132638 2628
132652 2629
132694 2630
132740 2631
132787 2632
132802 2633
132823 2634
132915 2635
132931 2636
133057 2637
133159 2638
133189 2639
133199 2640
133256 2641
133345 2642
133352 2643
133382 2644
133452 2645
133559 2646
133615 2647
133679 2648
133680 2649
133751 2650
133788 2651
133811 2652
133853 2653
133899 2654
133911 2655
133988 2656
134006 2657
134107 2658
134163 2659
134164 2660
134196 2661
134217 2662
134219 2663
134241 2664
134277 2665
134288 2666
134316 2667
134478 2668
134480 2669
134560 2670
134591 2671
134631 2672
134635 2673
134649 2674
134659 2675
134659 2676
134667 2677
134692 2678
134747 2679
134772 2680
134891 2681
134975 2682
135003 2683
135013 2684
135025 2685
135134 2686
135137 2687
135191 2688
135219 2689
135263 2690
135266 2691
135359 2692
135371 2693
135483 2694
135539 2695
135590 2696
135613 2697
135622 2698
135631 2699
135633 2700
135647 2701
135672 2702
135687 2703
135731 2704
135781 2705
135858 2706
135938 2707
135988 2708
136016 2709
136016 2710
136039 2711
136057 2712
136071 2713
136115 2714
136139 2715
136166 2716
136247 2717
136250 2718
136251 2719
136331 2720
136346 2721
136365 2722
136395 2723
136450 2724
136469 2725
136512 2726
136515 2727
136519 2728
136567 2729
136684 2730
136771 2731
136784 2732
136842 2733
136912 2734
136924 2735
136930 2736
136953 2737
136967 2738
137073 2739
137144 2740
137144 2741
137215 2742
137227 2743
137227 2744
137255 2745
137275 2746
137284 2747
137309 2748
137312 2749
137404 2750
137520 2751
137532 2752
137557 2753
137559 2754
137567 2755
137613 2756
137614 2757
137674 2758
137839 2759
137862 2760
137868 2761
137949 2762
137955 2763
137965 2764
137994 2765
138033 2766
138035 2767
138039 2768
138052 2769
138063 2770
138102 2771
138138 2772
138232 2773
138253 2774
138269 2775
138334 2776
138401 2777
138402 2778
138403 2779
138447 2780
138481 2781
138490 2782
138516 2783
138518 2784
138535 2785
138708 2786
138711 2787
138712 2788
138723 2789
138791 2790
138807 2791
138832 2792
138927 2793
139050 2794
139068 2795
139091 2796
139104 2797
139237 2798
139271 2799
139366 2800
139382 2801
139395 2802
139395 2803
139413 2804
139435 2805
139436 2806
139509 2807
139509 2808
139561 2809
139667 2810
139683 2811
139708 2812
139726 2813
139735 2814
139803 2815
139865 2816
139911 2817
139949 2818
139960 2819
140008 2820
140083 2821
140085 2822
140104 2823
140132 2824
140226 2825
140266 2826
140267 2827
140287 2828
140310 2829
140405 2830
140440 2831
140510 2832
140527 2833
140547 2834
140577 2835
140658 2836
140680 2837
140695 2838
140784 2839
140847 2840
140906 2841
140943 2842
141004 2843
141165 2844
141455 2845
141515 2846
141626 2847
141629 2848
141681 2849
141761 2850
141814 2851
142511 2852
142644 2853
142676 2854
142691 2855
142743 2856
142813 2857
142962 2858
143127 2859
143141 2860
143237 2861
143267 2862
143361 2863
143473 2864
143807 2865
143959 2866
144055 2867
144179 2868
144235 2869
144495 2870
145822 2871
146651 2872
146894 2873
146921 2874
147184 2875
147187 2876
147309 2877
147642 2878
147997 2879
148960 2880
148968 2881
150459 2882
150759 2883
150768 2884
151054 2885
151405 2886
151912 2887
151937 2888
152084 2889
152329 2890
152456 2891
152564 2892
152662 2893
152666 2894
152758 2895
152779 2896
153980 2897
154103 2898
154185 2899
154389 2900
154444 2901
154487 2902
154563 2903
154697 2904
155264 2905
155306 2906
155481 2907
155651 2908
156215 2909
156350 2910
156721 2911
157127 2912
157243 2913
157672 2914
157803 2915
158168 2916
158207 2917
158265 2918
158783 2919
159102 2920
159137 2921
159299 2922
159587 2923
159758 2924
159926 2925
160188 2926
162617 2927
163062 2928
163098 2929
164152 2930
164232 2931
164356 2932
164677 2933
165012 2934
165408 2935
165513 2936
165576 2937
166196 2938
166376 2939
166510 2940
166568 2941
166602 2942
166664 2943
166882 2944
167024 2945
167088 2946
167121 2947
167236 2948
167249 2949
167259 2950
167289 2951
167312 2952
167451 2953
168015 2954
170925 2955
171069 2956
171519 2957
171566 2958
171755 2959
171778 2960
171953 2961
172129 2962
172135 2963
172544 2964
173376 2965
173496 2966
173513 2967
173796 2968
173799 2969
173887 2970
174274 2971
174278 2972
175061 2973
175833 2974
176847 2975
176848 2976
176853 2977
176854 2978
176906 2979
176930 2980
176941 2981
177092 2982
177333 2983
177505 2984
177522 2985
177897 2986
177955 2987
178432 2988
178688 2989
178705 2990
178760 2991
178763 2992
178812 2993
178820 2994
178852 2995
178908 2996
178992 2997
179029 2998
179212 2999
179420 3000
179539 3001
179560 3002
179571 3003
179915 3004
180134 3005
180350 3006
180538 3007
180569 3008
180756 3009
180829 3010
180836 3011
180891 3012
181076 3013
181108 3014
181132 3015
181176 3016
181188 3017
181194 3018
181310 3019
181328 3020
181380 3021
181466 3022
181492 3023
181532 3024
181585 3025
181669 3026
181671 3027
181681 3028
181692 3029
181712 3030
181927 3031
182080 3032
182124 3033
182155 3034
182361 3035
182380 3036
182428 3037
182481 3038
182483 3039
182494 3040
182574 3041
182645 3042
182741 3043
182742 3044
182984 3045
183012 3046
183014 3047
183015 3048
183034 3049
183036 3050
183037 3051
183109 3052
183139 3053
183155 3054
183222 3055
183223 3056
183240 3057
183241 3058
183253 3059
183298 3060
183303 3061
183449 3062
183514 3063
183537 3064
183537 3065
183547 3066
183592 3067
183609 3068
183635 3069
183771 3070
183871 3071
183874 3072
183900 3073
183935 3074
183988 3075
183994 3076
184119 3077
184135 3078
184159 3079
184208 3080
184245 3081
184249 3082
184252 3083
184288 3084
184332 3085
184333 3086
184338 3087
184347 3088
184438 3089
184488 3090
184488 3091
184554 3092
184612 3093
184632 3094
184698 3095
184704 3096
184720 3097
184829 3098
184832 3099
184832 3100
184871 3101
184907 3102
184924 3103
184924 3104
184952 3105
184986 3106
185040 3107
185047 3108
185072 3109
185092 3110
185113 3111
185118 3112
185236 3113
185252 3114
185263 3115
185322 3116
185338 3117
185381 3118
185418 3119
185529 3120
185631 3121
185631 3122
185753 3123
185759 3124
185772 3125
185782 3126
185790 3127
185800 3128
185816 3129
185896 3130
185902 3131
185928 3132
185992 3133
186147 3134
186160 3135
186188 3136
186235 3137
186296 3138
186296 3139
186377 3140
186488 3141
186504 3142
186555 3143
186648 3144
186699 3145
186719 3146
186725 3147
186736 3148
186743 3149
186744 3150
186781 3151
186789 3152
186817 3153
186832 3154
186890 3155
186899 3156
186958 3157
186984 3158
186993 3159
187043 3160
187308 3161
187342 3162
187351 3163
187355 3164
187500 3165
187571 3166
187583 3167
187584 3168
187644 3169
187655 3170
187708 3171
187792 3172
187820 3173
187825 3174
187848 3175
187928 3176
187931 3177
187976 3178
188064 3179
188092 3180
188136 3181
188192 3182
188219 3183
188412 3184
188437 3185
188477 3186
188480 3187
188488 3188
188532 3189
188546 3190
188603 3191
188620 3192
188641 3193
188680 3194
188686 3195
188736 3196
188751 3197
188769 3198
188821 3199
188830 3200
188848 3201
188920 3202
188920 3203
188960 3204
188996 3205
189108 3206
189140 3207
189192 3208
189232 3209
189261 3210
189290 3211
189304 3212
189357 3213
189368 3214
189479 3215
189485 3216
189491 3217
189494 3218
189504 3219
189508 3220
189643 3221
189648 3222
189785 3223
189830 3224
189892 3225
189899 3226
189946 3227
189961 3228
189972 3229
189988 3230
190016 3231
190291 3232
190392 3233
190393 3234
190445 3235
190446 3236
190482 3237
190524 3238
190547 3239
190557 3240
190564 3241
190587 3242
190593 3243
190625 3244
190662 3245
190689 3246
190705 3247
190757 3248
190903 3249
190943 3250
191070 3251
191091 3252
191107 3253
191264 3254
191281 3255
191291 3256
191292 3257
191295 3258
191296 3259
191310 3260
191405 3261
191460 3262
191528 3263
191602 3264
191610 3265
191623 3266
191673 3267
191687 3268
191709 3269
191760 3270
191766 3271
191800 3272
191821 3273
191841 3274
191851 3275
191884 3276
191952 3277
191955 3278
192019 3279
192120 3280
192146 3281
192279 3282
192294 3283
192329 3284
192334 3285
192358 3286
192392 3287
192392 3288
192465 3289
192482 3290
192504 3291
192520 3292
192542 3293
192582 3294
192612 3295
192652 3296
192696 3297
192708 3298
192775 3299
192776 3300
192776 3301
192820 3302
192999 3303
193003 3304
193024 3305
193084 3306
193145 3307
193153 3308
193205 3309
193209 3310
193211 3311
193226 3312
193288 3313
193298 3314
193366 3315
193396 3316
193520 3317
193556 3318
193588 3319
193600 3320
193610 3321
193671 3322
193724 3323
193726 3324
193729 3325
193888 3326
193893 3327
193931 3328
194000 3329
194177 3330
194192 3331
194254 3332
194276 3333
194289 3334
194294 3335
194297 3336
194310 3337
194316 3338
194328 3339
194368 3340
194388 3341
194441 3342
