60097 75
60637 76
60692 75
61441 76
61485 75
61931 74
62114 75
62117 74
62263 73
62938 74
62983 75
63312 76
63871 75
64149 74
64149 73
64300 74
65157 73
65201 74
65450 73
65489 74
65679 74
66184 73
66209 74
66217 73
66359 74
66475 75
66711 76
67187 77
67519 76
67581 75
67869 74
68234 75
68250 76
68390 75
68681 76
69059 77
69177 76
69341 75
69533 74
70089 75
70185 76
70568 77
71757 76
72657 77
72680 76
73639 75
73841 74
73939 75
73989 76
74029 75
74113 76
74606 77
74688 77
74941 76
74990 77
75029 76
75243 77
75357 76
75736 75
75820 76
75952 77
76402 78
76633 77
76949 76
77273 76
77657 77
77718 78
77889 79
79174 78
79454 77
79739 76
79739 75
79740 76
79741 75
79742 74
79747 73
79747 72
79748 71
79750 70
80053 71
80059 70
80073 71
80155 72
80170 71
80170 70
80327 71
80334 70
80457 71
80465 72
80467 72
80472 71
80730 72
80782 73
80789 72
80789 72
80805 73
80814 72
80864 71
80949 72
80972 73
80999 74
81006 75
81008 76
81037 75
81043 76
81052 75
81125 76
81389 77
81451 78
81458 77
81500 76
81533 75
81641 76
81646 76
81649 76
81712 77
81721 76
81722 77
81729 77
81732 76
81746 76
81891 77
82029 78
82094 77
82143 76
82176 77
82198 76
82201 75
82340 76
82467 75
82476 76
82522 77
82556 78
82567 79
82643 78
82651 79
82664 80
82860 81
82869 80
82870 79
82945 80
82949 79
83057 80
83068 79
83201 80
83201 79
83205 78
83207 77
83208 76
83253 77
83330 78
83337 77
83344 76
83345 75
83345 74
83345 73
83386 72
83389 71
83392 72
83398 71
83529 72
83564 71
83570 70
83601 71
83620 70
83688 71
83706 70
83764 71
83809 72
83813 71
83860 72
83889 73
83945 74
83953 73
83954 72
83954 71
83954 72
83963 71
83969 72
83977 71
83978 70
83985 69
84037 70
84045 69
84153 70
84170 71
84205 72
84217 71
84218 70
84226 71
84248 72
84257 71
84261 70
84265 69
84269 70
84273 71
84301 72
84309 71
84493 72
84496 73
84511 72
84575 73
84589 74
84637 75
84677 74
84697 75
84698 76
84725 77
84912 78
84914 79
84918 78
84928 77
84965 76
84998 77
85109 78
85115 79
85119 80
85241 79
85345 80
85348 81
85425 82
85426 83
85674 84
85881 85
87340 84
87408 83
87510 82
87693 81
87735 80
87745 79
87938 78
88005 79
88396 80
88692 79
88713 80
88720 81
88923 82
88941 83
88964 84
88986 83
89180 82
89215 81
89246 80
89326 81
89345 82
89751 83
89834 84
89913 83
89914 82
90130 83
90138 82
90138 81
90146 80
90146 79
90148 78
90281 79
90433 80
90437 79
90441 78
90442 77
90514 76
90646 77
90653 76
90654 75
90704 74
90705 75
90711 74
90814 73
90819 72
90885 73
90894 74
90901 73
90902 72
90914 73
90922 72
90922 71
90958 72
90959 73
90965 72
90970 73
90978 72
90981 71
91077 72
91152 73
91162 74
91186 75
91230 76
91237 77
91245 76
91246 75
91246 74
91253 74
91254 74
91314 75
91342 74
91343 73
91435 74
91553 73
91569 74
91581 73
91582 72
91583 71
91584 72
91587 71
91611 72
91644 71
91710 72
91742 73
91756 72
91761 73
91762 72
91766 71
91766 70
91770 69
91770 68
91770 67
91772 66
91808 67
91815 66
91816 65
91870 66
91870 67
91878 66
91878 65
91890 64
91915 65
91918 64
91926 65
91933 65
91939 64
91941 65
91974 64
91980 64
91983 63
91985 64
91994 65
92010 64
92135 63
92201 64
92218 65
92290 64
92291 65
92298 64
92307 63
92338 62
92339 63
92341 62
92347 61
92393 62
92394 63
92394 64
92423 65
92515 66
92551 67
92555 66
92557 67
92558 68
92565 67
92611 68
92625 69
92629 70
92641 71
92649 72
92650 71
92657 72
92668 71
92675 70
92734 69
92748 70
92778 71
92843 72
92843 71
92845 72
92866 71
92870 72
92880 71
92941 72
93066 73
93106 74
93119 73
93164 74
93261 73
93261 72
93265 73
93269 72
93272 71
93273 70
93273 69
93288 70
93311 71
93326 72
93327 71
93338 70
93431 71
93445 72
93487 73
93564 74
93661 75
93665 74
93688 74
93690 74
93710 73
93774 73
93779 74
93782 73
93782 74
93784 73
93786 74
93826 75
93861 76
93930 77
93942 77
93942 78
93944 77
93944 76
94067 75
94067 74
94072 75
94075 74
94085 74
94089 73
94095 72
94095 71
94182 72
94184 71
94184 70
94185 69
94198 70
94209 69
94296 68
94303 69
94356 70
94449 71
94544 72
94597 73
94640 74
94648 75
94650 74
94651 73
94661 72
94662 71
94722 70
94725 71
94732 72
94734 71
94754 72
94762 71
94917 72
94933 73
94947 74
94983 75
95053 76
95123 77
95140 78
95204 79
95264 80
95304 79
95334 80
95347 81
95385 82
95397 81
95439 80
95557 81
95562 80
95564 79
95639 80
95947 81
95948 80
95988 81
96075 82
96272 83
96329 84
96461 83
96660 84
97320 83
97322 84
97322 83
97416 82
97798 83
98023 84
98179 85
98925 84
98933 83
98934 82
99179 83
99183 82
99190 81
99226 80
99402 79
99459 80
99629 81
99746 80
99835 79
99837 78
99870 79
99986 80
100034 79
100054 80
100074 81
100171 80
100442 81
100458 82
100536 83
100566 84
101143 85
101546 84
101606 83
101826 82
101831 81
101843 80
101847 79
101908 80
101961 79
102197 80
102318 79
102407 80
102541 81
102625 80
102851 81
102907 80
103227 81
103244 82
103279 83
103464 84
103465 85
104021 84
105008 85
105196 84
106024 85
106638 84
107554 85
108968 84
109244 83
109248 82
109270 83
109529 82
109566 81
109948 82
110040 83
110426 84
110569 83
110576 82
110644 83
110990 84
111002 83
111938 84
111950 83
111952 82
111956 82
112283 81
112688 80
112695 79
112696 78
112699 77
112778 78
112781 77
112790 76
112791 75
112795 74
112796 73
112892 74
112896 73
112906 72
113045 73
113130 72
113131 73
113133 74
113142 73
113150 72
113223 71
113238 71
113238 72
113240 71
113243 70
113318 69
113320 70
113437 69
113437 70
113446 71
113449 70
113534 69
113551 68
113554 69
113556 70
113560 69
113561 70
113575 69
113603 70
113624 71
113670 72
113676 71
113677 70
113736 71
113787 72
113826 71
113831 72
113890 73
113895 72
113898 71
113904 70
113908 71
113910 70
113931 69
113931 70
113959 71
114017 72
114034 73
114034 72
114037 73
114038 74
114054 73
114057 72
114087 73
114106 72
114109 71
114129 72
114219 73
114253 72
114276 73
114313 74
114331 73
114401 74
114405 73
114406 72
114420 71
114443 72
114447 71
114451 70
114504 71
114517 72
114519 73
114567 74
114570 75
114602 76
114629 77
114675 78
114738 79
114851 80
114862 81
114997 80
115038 81
115049 80
115055 79
115055 78
115058 77
115110 76
115170 77
115253 78
115279 77
115289 76
115290 77
115291 76
115360 77
115366 76
115615 77
115659 76
115666 77
115673 76
115678 75
115681 74
115702 75
115851 76
115860 75
115867 74
115868 73
115873 72
115899 71
115921 72
115930 71
115930 70
116043 69
116061 70
116076 69
116162 70
116230 71
116233 72
116239 71
116244 70
116250 69
116298 70
116318 71
116330 70
116330 69
116341 68
116341 67
116341 66
116341 67
116373 66
116379 67
116393 68
116463 69
116481 70
116536 71
116583 70
116589 71
116593 72
116653 73
116656 72
116659 71
116663 70
116665 69
116669 68
116669 67
116670 68
116682 67
116749 68
116786 69
116787 68
116788 67
116790 68
116793 67
116793 67
116816 66
116816 67
116820 68
116820 67
116824 66
116824 65
116853 64
116886 65
116892 64
116892 64
116900 63
116901 62
116902 62
116904 62
116904 61
116905 61
116952 62
116962 63
116970 62
117034 61
117095 62
117117 61
117139 62
117146 61
117148 60
117150 61
117154 62
117162 61
117162 60
117166 61
117250 62
117252 61
117259 62
117262 63
117264 62
117274 63
117275 63
117290 64
117294 63
117297 62
117301 61
117313 62
117325 61
117351 62
117395 63
117402 62
117406 61
117407 62
117409 61
117416 60
117442 61
117444 62
117509 63
117510 63
117513 62
117524 61
117530 60
117530 59
117530 58
117532 57
117534 58
117543 58
117556 59
117564 58
117577 59
117579 58
117601 59
117638 60
117644 61
117650 61
117651 60
117652 61
117653 61
117656 60
117664 59
117666 58
117706 59
117709 58
117716 57
117722 56
117754 57
117776 58
117795 59
117796 58
117816 59
117887 60
117940 61
117960 62
117963 61
117968 60
117976 61
118030 62
118038 61
118038 60
118038 59
118038 58
118039 59
118042 58
118046 59
118051 60
118054 59
118056 59
118058 60
118088 61
118101 60
118104 59
118112 60
118141 59
118143 60
118146 59
118154 58
118154 59
118160 60
118164 59
118165 58
118173 59
118201 60
118220 61
118231 62
118248 63
118289 64
118295 65
118310 66
118354 67
118362 68
118390 69
118403 70
118430 71
118430 72
118470 73
118478 72
118504 73
118519 74
118558 73
118618 72
118618 71
118623 72
118623 71
118718 72
118725 73
118735 74
118735 73
118736 74
118740 73
118773 72
118784 71
118786 71
118790 70
118817 71
118837 72
118846 71
118854 72
118888 73
118940 74
119086 75
119146 76
119198 77
119202 76
119258 77
119263 76
119263 75
119263 74
119266 73
119268 72
119270 71
119275 70
119306 71
119353 72
119355 73
119452 74
119473 73
119502 72
119504 73
119505 72
119507 71
119514 70
119522 69
119534 70
119569 71
119631 72
119632 71
119647 70
119648 69
119649 68
119682 69
119684 70
119690 69
119693 68
119695 67
119696 67
119700 66
119706 65
119743 66
119744 67
119830 66
119838 65
119850 64
119919 65
119923 64
119935 65
120053 64
120064 63
120071 64
120071 65
120082 66
120088 66
120098 67
120106 66
120107 67
120146 68
120154 67
120164 66
120167 65
120168 64
120172 65
120176 64
120177 65
120179 66
120218 67
120220 68
120221 67
120226 68
120228 67
120268 68
120312 67
120380 68
120382 69
120390 68
120390 67
120390 67
120450 68
120458 67
120458 66
120468 65
120476 66
120478 65
120511 66
120516 65
120524 64
120534 65
120574 66
120574 67
120582 67
120618 68
120629 69
120637 68
120637 67
120638 66
120641 65
120642 66
120646 65
120758 66
120762 65
120813 66
120814 65
120830 64
120833 65
120834 66
120834 67
120838 66
120841 65
120845 64
120848 63
120870 64
120871 63
120874 62
120877 63
120890 62
120928 63
120930 64
120964 65
120967 66
120974 65
121013 64
121058 65
121067 64
121074 63
121138 64
121146 63
121178 64
121206 63
121237 62
121274 63
121274 64
121297 65
121318 66
121350 67
121364 66
121372 67
121434 68
121438 69
121455 68
121482 69
121510 70
121514 71
121525 70
121578 71
121585 72
121586 71
121586 70
121588 69
121596 68
121619 69
121631 68
121661 69
121699 70
121717 69
121770 70
121826 71
121904 70
121905 69
121905 70
121906 69
121962 70
121979 71
121980 70
121990 69
122002 70
122002 71
122007 72
122049 73
122056 72
122056 71
122062 70
122063 71
122069 70
122083 71
122133 70
122135 71
122139 72
122157 73
122190 74
122193 75
122194 74
122231 75
122237 76
122268 77
122302 78
122378 77
122482 78
122538 79
122544 78
122550 77
122579 78
122620 79
122653 78
122656 79
122658 78
122681 77
122754 78
122850 79
122903 80
123051 81
123058 82
123122 81
123139 82
123405 83
123412 82
123811 83
124322 84
124440 83
124614 84
124629 85
125490 86
126842 85
127087 84
127527 85
127628 86
127645 85
127662 84
127858 83
127886 82
128286 81
128399 80
128400 79
128506 80
128601 81
128668 80
128690 81
128822 80
128850 79
128854 80
128873 81
128904 80
128984 79
129101 80
129162 81
129179 80
129276 81
129485 82
129493 83
129657 82
129669 83
129873 84
129944 85
130247 86
130905 85
131255 86
134258 85
135270 86
135463 85
135749 86
136088 85
136190 84
136238 83
136272 82
136286 81
136322 80
136401 79
136629 80
136701 81
136907 82
137017 83
137038 84
137050 85
137547 86
141289 85
141674 84
142286 85
142373 86
142933 85
143600 84
143618 85
143678 84
143683 83
143740 82
143818 81
144139 82
144221 83
144377 84
144614 85
144781 86
145647 85
146202 84
146315 85
146696 86
148602 85
148717 84
149090 83
149096 84
149342 85
150008 86
150310 85
150634 86
151026 85
151100 84
151158 83
151236 82
151245 81
151262 80
151484 81
151720 82
151952 83
152161 84
152248 85
152348 86
152414 85
152762 86
153138 85
153614 84
154028 85
154363 86
154982 85
155402 86
156129 85
156506 84
156796 83
156814 84
157311 85
157564 84
157686 85
157994 86
158436 85
158522 84
158576 83
158653 82
159141 83
159452 84
159679 85
159751 86
160027 85
160329 86
161025 85
162587 86
162708 85
163169 86
163232 85
163774 86
163848 85
163919 84
164405 85
164779 86
165389 85
165846 84
165928 83
165978 82
166070 81
166282 82
166643 83
166722 84
166834 85
166997 86
168202 85
168452 84
168489 85
168916 84
168979 85
169998 86
170321 85
170941 86
171335 85
171949 84
172427 85
172491 86
173272 85
173396 84
173487 83
173891 82
174033 83
174599 84
174658 85
174903 86
175530 85
175863 84
176024 85
176102 86
176147 85
176428 84
176592 83
176810 84
177069 85
177197 86
177630 85
177760 84
178293 83
178525 84
178702 83
178751 82
178937 83
179064 84
179120 85
179371 86
180681 85
180894 84
180904 83
181160 84
181244 85
181636 86
181663 85
181684 84
181687 83
182069 84
182273 85
182536 84
182575 85
183124 86
183274 85
184629 86
185042 85
185983 86
186167 85
186847 86
187451 85
187849 86
188203 85
188312 84
188321 83
188719 84
189079 83
189098 82
189302 83
189363 84
189782 85
189883 86
189983 85
190037 84
190686 83
190816 84
190881 83
191097 84
191788 85
192216 86
192454 85
193583 84
193777 85
194455 86
195613 85
195730 84
196366 83
196431 84
196457 85
196495 84
196844 83
197091 84
197385 85
197391 84
197443 83
197837 84
197888 85
197909 86
198113 85
198298 84
198320 85
