60002 74
60029 73
60232 74
60245 73
60247 72
60247 72
60389 73
60406 73
60462 74
60506 73
60538 74
60574 75
60713 76
60792 77
60834 78
60851 79
61301 78
61325 77
61471 76
61476 77
61585 77
61776 78
61783 78
61789 78
61792 78
61922 77
61934 76
62117 77
62235 78
62249 78
62392 79
62407 78
62411 77
62413 78
62486 79
62698 80
62702 81
62757 82
62762 81
63064 82
63079 81
63149 80
63284 81
63572 80
63638 81
63738 82
63891 83
64296 82
64393 81
64496 82
64513 81
64694 82
65076 81
65401 82
65443 83
65497 84
65709 83
65765 82
65845 81
65900 80
66321 81
66444 82
66480 83
66490 82
66553 83
66683 82
66851 81
66859 80
66937 81
67118 80
67285 81
67373 82
67448 81
67497 82
67504 81
67774 82
67784 81
67854 82
67958 83
67965 82
68278 83
68339 83
68347 84
68790 83
68928 84
68938 84
69177 85
69351 84
69698 85
70022 84
70179 83
70783 82
70802 81
70865 82
70894 83
70984 82
71006 83
71086 84
71471 85
71741 84
71929 83
72228 84
72475 85
72498 84
72733 85
72850 84
73120 85
73185 86
73237 85
73261 84
73321 83
73521 82
73735 83
73946 84
73950 85
74037 84
74229 85
74248 84
74573 85
74597 86
75011 85
75517 84
75807 85
76208 84
76625 83
76746 84
76751 83
76764 82
76768 81
77017 82
77100 83
77305 84
77543 83
77563 84
78105 85
78211 86
78242 85
78411 84
78530 83
79310 84
79345 83
79534 84
79750 85
80041 86
80610 85
80741 84
80761 83
81029 84
81474 85
81565 86
81654 85
82179 86
83627 85
84424 84
84805 85
85156 86
85653 85
86570 84
86721 85
86761 84
87494 85
87605 86
88146 85
88736 86
88781 85
89076 84
89750 85
89791 86
90825 85
91045 84
91103 83
91353 84
91358 85
91608 84
91841 83
92260 84
92270 85
93065 84
93307 85
93793 84
94037 83
94085 84
94177 83
94334 84
94513 85
94981 86
94989 85
94990 84
94990 83
94990 82
94990 81
95000 80
95159 81
95477 82
95485 81
95486 80
95489 79
95597 80
95642 81
95643 80
95738 81
95853 80
95854 79
95873 80
95881 79
95882 78
96025 79
96026 80
96117 79
96149 80
96157 79
96229 80
96237 79
96239 78
96240 77
96340 76
96372 77
96376 76
96397 77
96445 76
96447 77
96482 76
96573 77
96582 76
96583 77
96690 78
96710 79
96718 78
96733 79
96746 78
96754 79
96821 80
96848 81
96881 80
96905 81
96917 82
96925 81
96933 80
96953 79
96985 80
97021 79
97124 80
97184 81
97200 80
97359 81
97383 82
97385 83
97469 82
97483 83
97494 82
97497 83
97504 82
97508 81
97510 80
97706 81
97762 82
97790 83
97876 84
97883 83
97885 82
97892 83
98406 84
98447 83
98451 82
98583 83
98588 82
98590 81
98596 80
98597 79
98599 78
98600 77
98745 78
98785 77
98795 78
98881 77
98945 78
98948 77
99009 78
99021 77
99021 76
99025 75
99026 74
99093 75
99099 74
99131 75
99221 76
99227 75
99340 76
99351 75
99353 74
99353 73
99408 74
99449 75
99451 74
99457 73
99458 72
99505 73
99561 72
99755 73
99775 74
99788 73
99796 72
99799 73
99801 74
99813 73
99820 72
99865 73
99915 74
99944 75
99950 76
99982 77
100015 78
100153 77
100157 76
100161 75
100168 76
100275 77
100388 78
100473 79
100490 80
100616 81
100704 82
100783 83
100848 84
100917 85
101080 86
101733 85
102496 86
102507 85
102512 84
102905 85
103022 84
103165 85
103177 84
103188 83
103286 82
103400 83
103411 82
103415 81
103419 80
103722 79
103837 80
103903 81
103950 82
103952 83
104003 84
104174 83
104199 84
104718 85
105049 84
105061 85
105924 86
106453 85
106657 84
106708 85
106759 84
106797 83
107173 84
107210 83
107229 82
107375 81
107402 80
107547 81
107751 82
107817 83
107821 82
107826 81
107924 80
108042 81
108155 82
108206 83
108352 84
108464 83
108737 84
108919 85
108973 86
109525 85
109604 86
111398 85
111590 84
112518 85
112574 86
112870 85
113093 86
113864 85
114179 84
114219 83
114338 82
114626 81
114641 80
114688 81
114792 80
114934 81
114948 82
115126 83
115194 84
115373 85
115431 84
115964 85
116399 84
116482 85
117084 86
118332 85
118333 84
118871 83
118874 84
119006 83
119562 84
119602 85
119766 86
121275 85
121598 84
121641 83
121679 82
122042 81
122209 80
122221 81
122426 82
122547 83
122550 84
122750 85
122775 84
123037 85
123135 84
123376 83
123507 84
123612 85
124034 84
124562 85
124858 86
125684 85
125850 84
126089 85
126290 84
126362 85
126422 84
126448 85
127028 84
127210 85
127650 86
128513 85
128686 84
129002 83
129288 84
129321 83
129516 84
129626 83
129945 84
130195 83
130277 84
130517 85
130637 84
130736 85
130787 84
130812 85
131683 84
131903 85
132346 86
133134 85
134137 86
136113 85
136214 84
136421 83
136808 82
137043 81
137249 82
137293 83
137300 84
137440 85
137825 84
137835 83
137906 82
138047 81
138109 82
138127 83
138374 82
138600 83
138711 84
138856 83
138942 84
138948 85
139098 84
139347 83
139563 82
139621 83
139742 82
139810 81
139930 82
139996 83
140078 84
140366 85
140552 84
140574 85
140578 84
140705 85
141093 86
142202 85
142450 84
142798 85
143245 86
144460 85
145447 86
145465 85
145672 86
146226 85
146264 84
146606 83
146615 84
146886 83
146951 84
147162 83
147163 84
147338 85
148162 84
148368 85
148519 84
148893 85
149075 86
149851 85
149986 84
149986 83
150062 84
150446 85
150626 86
151114 85
151531 84
151877 83
151897 84
151918 85
152872 84
153071 85
153301 86
153978 85
154297 84
154826 85
154983 86
155579 85
156980 86
157690 85
158142 84
158194 83
158326 84
158810 85
158895 86
158948 85
159294 84
159367 83
159394 84
160074 85
160294 84
160722 85
161104 86
161714 85
162586 86
162736 85
162997 84
163039 85
163267 84
163347 85
163808 86
164598 85
165718 86
166370 85
166704 86
166711 85
166890 84
167363 85
167400 84
167751 85
167986 84
168020 85
168606 86
170415 85
171227 86
172095 85
172222 84
172406 85
172461 86
172989 85
173233 84
173721 85
173902 86
174047 85
174301 84
174318 85
174414 84
174771 83
175392 82
175656 83
175688 84
175743 85
176012 86
177531 85
177833 84
178119 85
178486 86
178828 85
179289 86
179511 85
179883 84
180019 83
180179 84
180620 83
180645 82
180699 83
181012 84
181225 85
181521 86
181692 85
181712 84
181911 83
182361 84
182770 85
182814 84
182956 85
183402 86
185538 85
186250 84
186302 85
186632 86
186927 85
187571 84
187839 85
188024 84
188583 85
188792 84
188867 85
189094 86
189124 85
189250 84
189328 83
189759 84
190140 85
190220 84
190558 85
191095 86
191403 85
191876 84
192433 85
193195 84
193281 85
194086 86
194343 85
194371 84
194752 85
194831 86
194987 85
195788 84
196027 85
196164 86
196745 85
196769 84
197306 83
197643 82
197779 83
197785 84
197929 85
