60227 86
60442 85
60951 84
61132 83
61477 84
61697 83
61861 84
61898 83
61988 82
62041 81
62262 82
62526 83
62801 82
62806 83
62894 84
63164 83
63167 84
63251 85
63317 84
63563 83
63601 82
63897 81
63955 80
64129 81
64184 82
64200 81
64254 82
64407 83
64933 84
64974 85
64980 84
65170 85
65681 86
66429 85
66855 84
66989 83
67029 84
67705 85
67791 84
67870 83
67935 84
68380 85
68715 86
69124 85
69410 84
69480 83
69721 82
69903 83
69926 84
70033 85
70294 86
70590 85
70734 84
71004 83
71270 82
71373 81
71434 82
71609 83
71816 84
72026 85
72160 86
72455 85
73846 84
73921 85
75011 84
75186 85
75282 84
75600 85
75951 86
76902 85
77724 84
77730 83
77746 84
77908 83
78129 84
78151 83
78210 84
78305 83
78750 84
78776 83
78807 84
78819 83
79041 84
79186 85
79205 84
79492 85
79777 86
79866 85
80488 86
81262 85
81406 86
82693 85
83729 86
84309 85
84507 84
84643 85
84997 84
85081 85
85141 84
85144 83
85204 84
85568 83
85847 84
86070 83
86194 82
86242 83
86356 84
86507 85
86974 86
87278 85
87611 84
88294 85
88678 84
88935 85
89770 86
90105 85
90777 84
91109 85
91731 84
91732 85
92082 86
92552 85
92563 84
92623 83
93228 84
93248 85
93612 84
93843 85
94568 84
94586 83
94919 84
94997 85
95033 84
95282 83
95508 84
95525 85
96334 86
96450 85
96834 84
97142 85
97533 84
97762 85
98181 84
98457 85
98593 84
98594 83
98594 82
98601 81
98707 82
98994 81
98999 82
99002 81
99002 80
99002 79
99006 78
99006 77
99154 76
99199 77
99203 76
99213 75
99214 74
99262 75
99266 74
99349 73
99484 74
99556 75
99580 76
99601 77
99613 76
99630 75
99635 74
99641 73
99643 72
99693 71
99696 72
99700 71
99709 72
99712 71
99717 72
99734 71
99782 72
99794 71
99839 72
99911 73
99928 72
99929 71
99937 72
99960 73
99966 72
100023 71
100026 70
100027 71
100033 70
100080 69
100105 70
100120 69
100125 68
100138 69
100202 70
100245 71
100250 70
100278 71
100321 72
100331 73
100383 74
100392 73
100405 74
100418 75
100430 76
100550 77
100560 76
100619 77
100620 78
100632 77
100635 76
100635 75
100647 76
100649 75
100815 74
100861 73
100867 72
100872 71
100872 71
100876 72
100917 71
100918 72
100922 71
100926 70
100936 71
100948 70
100958 71
100963 70
101093 71
101099 70
101108 71
101110 72
101145 73
101152 72
101156 73
101223 74
101254 75
101264 74
101297 75
101306 74
101306 73
101410 72
101416 73
101423 72
101425 71
101468 70
101579 71
101650 72
101658 71
101678 70
101678 69
101679 70
101679 71
101688 72
101690 71
101698 70
101708 69
101710 68
101738 69
101742 68
101742 69
101746 68
101746 67
101786 68
101870 69
101879 68
101879 68
101879 67
101879 66
101879 66
101908 67
101925 68
101931 67
102010 68
102016 67
102050 66
102052 65
102061 66
102125 67
102144 68
102145 67
102145 66
102150 65
102153 64
102254 65
102268 64
102275 63
102283 64
102290 63
102311 64
102319 65
102358 66
102376 67
102398 68
102406 67
102438 68
102438 67
102452 68
102461 67
102471 68
102584 69
102614 70
102625 69
102634 68
102654 69
102656 68
102662 67
102686 68
102694 69
102702 68
102734 69
102735 70
102745 69
102753 68
102754 69
102762 68
102762 67
102816 68
102817 69
102846 70
102854 69
102854 68
102872 69
102874 70
102883 70
102883 70
102883 69
102926 70
103010 71
103023 70
103034 69
103035 70
103038 71
103054 72
103191 73
103255 74
103261 75
103278 76
103288 75
103289 74
103328 75
103410 76
103434 77
103446 78
103450 79
103518 80
103545 79
103568 80
103570 79
103698 80
103778 81
103910 82
103914 83
104012 82
104015 81
104018 80
104019 79
104026 80
104118 81
104177 82
104192 81
104292 82
104317 83
104625 84
104861 85
104878 84
104934 85
104954 84
105026 83
105073 82
105074 81
105454 82
105576 83
105577 82
105578 83
105584 82
105998 83
105998 84
106055 85
106206 86
106378 85
106543 84
106682 83
106762 82
106910 81
107164 82
107206 83
107216 82
107335 83
107490 82
107532 81
107636 82
107644 81
107646 82
107691 83
107729 84
107979 85
108206 84
108320 83
108408 82
108711 83
108797 84
108906 85
109058 84
109204 85
109504 84
109646 83
109674 82
109917 81
110046 82
110100 81
110266 80
110284 81
110302 82
110312 81
110314 82
110418 81
110486 80
110504 81
110520 80
110786 79
110911 80
110997 81
111082 82
111178 83
111244 82
111270 83
111358 84
111550 85
111577 86
112064 85
112287 86
112612 85
113073 86
113876 85
114110 84
114465 83
114627 82
114672 83
114927 84
114978 85
115018 84
115050 85
115087 84
115448 85
115500 86
115542 85
115825 84
116293 85
116296 84
116296 83
116296 82
116296 81
116302 80
116478 81
116484 80
116574 81
116614 80
116866 81
116902 82
116954 81
116971 80
117003 81
117010 80
117010 79
117122 80
117190 81
117230 82
117246 83
117254 82
117254 82
117254 81
117257 80
117262 79
117305 80
117329 79
117337 78
117425 79
117632 78
117687 77
117794 78
117890 79
117895 80
117918 81
117927 80
117927 79
117927 78
117937 77
118122 78
118218 79
118372 78
118404 79
118510 80
118542 79
118557 80
118586 79
118606 80
118628 79
118643 80
118650 79
118770 80
118777 81
118780 80
118783 79
118793 80
118976 81
118990 82
119022 83
119281 84
119400 85
119494 86
119502 85
119543 84
119552 83
119670 82
119774 83
119867 82
119995 81
120155 80
120158 79
120161 78
120162 77
120243 78
120330 79
120331 78
120332 77
120333 76
120341 75
120403 76
120412 75
120418 74
120440 75
120443 74
120575 75
120586 74
120617 73
120663 74
120706 73
120807 72
120882 73
120884 72
120885 71
120889 72
120908 71
120943 72
121030 73
121043 72
121044 71
121044 70
121049 69
121076 70
121086 69
121159 70
121187 71
121190 72
121208 71
121240 72
121245 73
121256 72
121262 71
121270 72
121278 71
121279 70
121279 69
121280 68
121280 69
121320 70
121324 69
121330 70
121411 71
121413 72
121417 73
121422 72
121426 73
121517 74
121523 73
121523 72
121526 71
121531 70
121574 71
121598 72
121701 73
121741 74
121764 75
121774 74
121788 75
121806 74
121825 73
121826 74
121835 75
121841 74
121871 73
121906 72
121913 73
121940 74
121944 75
121951 74
121954 75
121961 74
121962 73
121968 74
122011 75
122035 76
122142 75
122174 76
122180 75
122267 76
122305 75
122379 76
122534 75
122556 76
122566 77
122596 78
122599 79
122623 80
122643 79
122663 80
122688 79
122693 78
122768 79
122779 80
122781 79
122789 80
122971 79
122976 80
123011 81
123020 82
123091 83
123424 84
123530 85
123554 84
123560 85
123874 84
124318 85
124494 86
124790 85
124790 84
125217 83
125606 84
125646 83
125647 84
125654 83
125656 82
125658 81
125882 82
125911 83
126235 84
126254 85
126423 84
126430 85
127048 84
127219 85
127846 84
128022 83
128051 84
128095 83
128215 82
128331 81
128511 80
128598 79
128607 78
128856 77
128857 78
128881 77
128930 78
128949 79
129211 80
129211 81
129233 82
129279 83
129313 82
129371 83
129492 84
129566 85
129657 84
129959 83
130219 84
130549 85
130787 86
131494 85
132342 84
132895 85
132930 84
133070 83
133503 84
133530 85
133596 84
133886 85
133978 86
134005 85
134849 86
134918 85
135268 86
135271 85
135671 84
136002 85
136010 84
136068 85
136076 84
136258 83
136307 82
136361 81
136775 82
136778 83
136783 84
136950 85
137260 84
137317 83
137407 84
137415 83
137419 82
137420 81
137472 80
137827 81
137960 82
138262 83
138347 84
138371 85
138407 86
139153 85
139991 84
140124 85
140382 86
141135 85
141427 84
141766 85
141782 84
142064 85
142383 86
142390 85
142392 84
142398 83
142398 82
142404 81
142515 80
142739 81
142746 80
142747 79
142747 79
142747 78
142747 77
142747 76
142755 76
142757 76
142797 75
142860 76
142872 75
142930 76
142940 77
142994 78
142999 77
143000 76
143018 77
143026 77
143030 76
143034 75
143076 74
143077 73
143203 74
143203 75
143210 74
143211 73
143214 72
143243 71
143317 70
143369 69
143397 70
143402 71
143405 72
143406 73
143407 72
143415 71
143416 70
143416 69
143416 68
143423 68
143423 68
143423 67
143423 67
143423 66
143493 67
143555 68
143566 67
143576 67
143584 66
143650 67
143678 68
143690 67
143724 68
143728 69
143728 68
143728 68
143729 67
143730 66
143735 65
143735 64
143743 63
143775 64
143783 64
143783 63
143783 63
143783 62
143783 62
143789 61
143790 61
143829 62
143846 63
144003 62
144035 63
144070 64
144079 65
144087 65
144087 64
144087 63
144109 64
144114 65
144115 64
144116 63
144123 62
144123 61
144126 62
144135 62
144190 63
144194 62
144197 61
144202 62
144208 63
144338 64
144339 65
144350 66
144354 67
144367 68
144367 69
144367 70
144375 70
144375 69
144375 68
144380 67
144381 66
144383 65
144385 66
144388 65
144491 64
144491 64
144505 63
144507 64
144511 63
144559 64
144579 65
144580 66
144587 65
144590 64
144598 65
144601 66
144615 65
144615 64
144634 65
144642 64
144643 63
144652 64
144661 65
144666 64
144671 65
144671 64
144671 63
144680 64
144682 65
144685 64
144687 63
144691 64
144698 63
144747 62
144818 63
144827 62
144899 63
144908 64
144908 63
144910 63
144920 62
144920 63
144931 63
144949 62
144956 63
144971 62
144978 62
144986 61
144993 60
145099 61
145103 62
145128 63
145131 62
145132 63
145135 62
145137 61
145140 61
145140 60
145143 60
145161 61
145171 62
145228 63
145238 62
145239 63
145243 64
145246 63
145270 64
145289 65
145290 65
145301 64
145306 63
145308 64
145324 65
145331 64
145334 63
145339 62
145343 62
145366 63
145388 64
145400 65
145404 64
145404 63
145404 64
145408 63
145413 62
145444 61
145457 62
145463 61
145466 61
145477 62
145497 61
145511 60
145513 61
145555 62
145571 63
145671 64
145713 63
145720 64
145721 65
145729 66
145734 67
145736 68
145742 68
145748 68
145763 69
145775 70
145784 71
145789 72
145816 73
145853 74
145875 75
145901 74
145923 75
145945 75
145945 75
145948 76
145949 76
145951 76
145952 75
145952 74
145956 73
145956 72
145957 71
145959 70
145959 71
145976 70
145978 69
145984 68
145986 67
146021 68
146110 68
146161 67
146190 68
146211 67
146293 66
146299 67
146301 66
146303 67
146303 66
146337 67
146340 68
146341 67
146349 67
146408 68
146420 67
146425 66
146474 67
146480 66
146484 66
146530 67
146531 68
146538 67
146540 66
146541 67
146548 68
146548 67
146572 66
146609 67
146660 66
146667 67
146679 66
146685 65
146694 66
146747 67
146756 68
146762 69
146764 68
146767 67
146767 66
146834 67
146856 66
146857 67
146885 68
146907 69
146919 68
146976 69
147006 70
147010 71
147015 71
147016 70
147016 69
147041 68
147065 68
147071 67
147072 68
147081 69
147101 70
147123 71
147131 70
147147 70
147149 69
147153 68
147163 69
147172 70
147179 71
147205 72
147270 71
147288 72
147290 73
147292 74
147306 73
147306 72
147382 71
147440 72
147467 73
147475 72
147477 73
147500 74
147509 73
147589 74
147594 73
147594 74
147615 75
147673 74
147700 75
147756 74
147758 75
147763 74
147764 73
147764 72
147764 71
147833 72
147912 73
147921 72
147935 71
147939 72
147991 73
148053 74
148063 74
148063 73
148082 74
148165 75
148257 76
148264 75
148269 74
148274 75
148294 76
148301 77
148310 76
148310 75
148363 76
148372 75
148430 74
148430 75
148432 74
148433 75
148437 74
148484 75
148494 76
148501 77
148535 78
148544 77
148544 76
148544 75
148615 76
148619 75
148619 74
148619 73
148623 74
148631 74
148631 73
148632 72
148703 73
148742 74
148751 73
148753 72
148756 71
148791 72
148891 73
148899 72
148899 71
148899 70
149010 69
149058 70
149067 71
149118 72
149122 73
149123 74
149131 73
149136 72
149146 71
149156 70
149203 71
149211 70
149211 69
149211 68
149216 69
149220 70
149224 69
149235 68
149299 69
149315 70
149323 69
149323 68
149329 67
149329 66
149359 67
149371 68
149379 67
149435 68
149443 67
149547 68
149551 67
149553 66
149557 65
149567 66
149587 67
149595 66
149595 66
149607 67
149617 66
149626 65
149627 64
149627 63
149662 62
149699 63
149711 64
149719 63
149726 62
149731 61
149777 62
149902 63
149914 64
149916 63
149916 62
149918 61
149919 60
149925 59
149926 60
149955 61
150000 62
150039 63
150054 64
150126 65
150127 66
150129 65
150134 64
150136 63
150136 62
150137 61
150149 60
150156 61
150157 62
150162 61
150163 60
150165 59
150168 60
150172 60
150185 59
150220 60
150234 59
150236 58
150247 59
150248 60
150257 59
150291 60
150318 61
150356 60
150361 61
150365 60
150367 61
150383 62
150391 63
150404 62
150421 63
150431 64
150471 65
150476 66
150491 67
150522 68
150531 67
150567 68
150575 67
150576 66
150579 65
150585 66
150585 65
150586 64
150587 63
150608 64
150631 65
150634 66
150643 65
150663 64
150673 65
150751 66
150755 67
150781 68
150871 67
150917 66
150945 67
150950 66
150950 67
151017 68
151022 69
151029 68
151047 69
151054 68
151059 69
151079 68
151080 69
151086 68
151095 67
151095 68
151103 69
151107 68
151137 69
151142 70
151196 71
151240 72
151246 73
151253 72
151255 71
151260 70
151375 71
151394 72
151399 71
151403 70
151410 71
151442 72
151467 73
151483 74
151508 73
151512 72
151522 73
151546 74
151550 75
151622 76
151690 75
151708 76
151732 75
151746 76
151754 77
151758 76
151775 75
151786 76
151799 77
151818 78
151821 77
151824 76
151829 75
151834 74
151837 73
151875 74
151904 75
151970 76
151982 77
151984 76
152030 77
152120 78
152125 77
152191 76
152195 77
152220 78
152231 77
152330 78
152387 79
152402 80
152406 81
152439 80
152496 79
152633 80
152757 81
152829 82
152911 83
152936 82
153000 81
153010 80
153052 81
153066 80
153072 79
153076 78
153076 77
153126 78
153296 79
153405 80
153433 81
153438 80
153441 79
153480 80
153534 81
153534 80
153541 79
153648 80
153665 79
153775 80
153857 79
153858 80
153865 79
153868 78
153870 77
153870 78
153871 77
154074 78
154107 79
154158 80
154222 79
154231 78
154354 79
154377 80
154431 81
154551 80
154557 81
154627 80
154627 79
154629 80
154665 81
154751 82
154805 83
154962 82
154963 83
154971 82
154971 81
154971 80
154971 79
154974 78
155009 77
155155 78
155218 77
155218 76
155220 75
155224 76
155299 77
155307 76
155307 75
155307 74
155307 73
155393 74
155398 73
155405 72
155406 71
155407 70
155431 71
155596 70
155597 69
155652 68
155679 69
155690 70
155693 69
155702 68
155775 69
155775 70
155783 69
155791 70
155795 69
155795 68
155813 67
155821 68
155875 69
155899 68
155921 69
156001 68
156003 69
156023 70
156042 71
156045 72
156048 71
156048 70
156050 69
156051 68
156091 69
156123 70
156131 69
156131 68
156131 67
156202 68
156207 68
156233 67
156280 68
156283 69
156301 70
156345 71
156379 72
156463 73
156467 72
156506 73
156544 74
156551 73
156553 72
156557 72
156576 73
156592 74
156667 75
156683 76
156691 75
156694 76
156737 77
156860 78
156872 77
156879 76
156949 76
156958 75
156971 76
156996 75
156998 75
157039 76
157046 75
157058 74
157099 75
157112 74
157114 75
157126 75
157127 75
157129 74
157129 73
157129 72
157129 71
157135 72
157135 71
157191 72
157204 71
157245 72
157276 71
157307 70
157331 71
157332 72
157338 71
157383 72
157497 71
157499 70
157521 69
157531 70
157540 69
157543 68
157628 67
157629 68
157632 69
157634 68
157636 68
157640 67
157648 68
157682 67
157700 68
157700 67
157702 66
157704 66
157708 66
157709 65
157710 64
157728 63
157779 64
157786 64
157788 63
157799 62
157800 63
157814 62
157820 61
157823 60
157871 61
157942 62
157943 62
157947 62
157948 62
157949 63
157951 62
157955 62
157957 63
157965 62
157975 63
158003 62
158008 63
158028 62
158036 62
158043 63
158044 62
158049 61
158050 60
158117 61
158121 60
158123 60
158136 61
158249 62
158264 61
158271 62
158290 63
158307 64
158320 63
158325 64
158327 65
158334 64
158337 63
158341 64
158428 65
158466 66
158502 65
158523 66
158540 67
158548 66
158557 67
158559 66
158561 67
158567 66
158567 67
158574 66
158582 65
158589 64
158592 65
158600 66
158632 67
158634 68
158640 67
158649 66
158654 66
158655 66
158657 65
158659 64
158659 63
158664 62
158664 62
158682 63
158697 62
158711 63
158716 64
158739 63
158802 64
158805 63
158814 62
158816 61
158817 60
158867 61
158910 62
158968 61
158977 62
158978 61
158980 62
159021 63
159037 64
159042 63
159042 62
159043 61
159044 62
159045 61
159052 60
159091 61
159092 62
159116 61
159149 62
159151 61
159166 62
159175 63
159181 64
159186 63
159187 62
159217 63
159220 62
159233 63
159246 64
159252 65
159265 66
159266 65
159270 66
159276 67
159289 68
159293 67
159299 66
159300 67
159300 67
159302 66
159305 65
159305 66
159308 65
159313 64
159315 63
159317 62
159327 61
159328 60
159329 59
159357 60
159376 61
159385 60
159388 59
159393 58
159399 57
159428 56
159448 55
159503 54
159504 55
159514 56
159519 55
159520 55
159523 56
159563 57
159618 58
159618 59
159711 60
159711 61
159722 61
159739 62
159749 61
159753 60
159807 61
159817 62
159817 61
159824 62
159887 61
159905 62
159909 63
159912 64
159913 63
159917 63
159918 62
159923 61
159928 60
159929 59
159937 60
159975 59
159980 60
159989 61
159992 62
160013 63
160079 64
160081 65
160083 65
160084 64
160087 63
160091 62
160093 61
160094 61
160098 61
160126 62
160128 63
160169 64
160194 65
160221 66
160223 67
160241 68
160283 69
160291 68
160303 67
160327 68
160343 67
160374 66
160374 67
160374 67
160376 66
160381 65
160381 64
160382 63
160385 62
160386 61
160411 62
160427 61
160455 62
160458 63
160476 64
160487 65
160500 64
160580 65
160649 64
160682 65
160689 64
160690 63
160701 62
160703 63
160709 62
160747 63
160752 62
160752 62
160756 61
160762 60
160763 59
160764 58
160765 57
160783 58
160787 57
160845 58
160899 59
160909 60
160909 59
160909 60
160909 59
160910 58
160911 57
160911 56
160911 55
160911 54
160911 53
160915 52
160955 53
160955 52
160978 53
161010 54
161013 53
161015 52
161026 51
161035 50
161055 51
161061 50
161068 51
161068 50
161080 51
161101 52
161131 53
161145 52
161146 53
161156 53
161156 52
161157 53
161161 52
161199 53
161202 54
161208 53
161208 53
161243 54
161265 53
161298 54
161299 55
161307 54
161307 53
161307 52
161307 53
161312 52
161326 53
161335 54
161336 55
161336 54
161345 53
161345 52
161370 53
161393 54
161403 55
161415 55
161443 56
161457 57
161462 58
161463 59
161465 60
161465 61
161466 60
161471 61
161479 61
161479 60
161479 60
161484 59
161484 58
161484 57
161501 58
161509 57
161513 58
161527 59
161533 60
161536 59
161539 58
161559 59
161576 60
161586 61
161597 62
161614 62
161635 61
161646 62
161651 63
161655 62
161659 62
161659 62
161659 61
161681 62
161803 63
161806 64
161810 65
161811 64
161813 65
161815 64
161826 63
161838 62
161840 61
161852 60
161859 61
161896 62
161922 63
161950 62
161951 61
161965 62
162035 63
162093 64
162099 65
162108 66
162147 67
162199 68
162214 69
162267 68
162271 69
162277 68
162295 69
162316 68
162319 67
162339 68
162341 67
162362 68
162373 67
162402 68
162434 69
162435 70
162443 69
162448 68
162459 68
162459 69
162475 70
162491 71
162505 72
162513 71
162585 72
162586 72
162601 71
162655 72
162689 71
162735 72
162746 71
162775 70
162786 71
162795 72
162807 72
162824 71
162831 70
162840 69
162883 68
162889 69
162898 70
162900 69
162907 68
162908 69
162915 68
162915 67
162915 66
162915 65
162919 64
162969 64
162969 65
162983 66
163006 65
163142 66
163148 67
163150 66
163151 65
163152 66
163153 65
163155 65
163159 64
163201 65
163207 66
163217 67
163219 66
163261 65
163262 64
163314 65
163319 66
163332 67
163349 68
163411 69
163420 70
163420 69
163420 68
163423 68
163454 69
163468 68
163476 67
163483 68
163501 69
163509 70
163511 69
163511 68
163515 69
163527 68
163672 67
163692 68
163697 69
163703 70
163721 69
163734 70
163823 71
163894 70
163895 69
163898 68
163898 67
163900 68
163914 67
163914 68
163928 69
163930 70
163999 71
164007 70
164007 69
164007 68
164025 69
164031 70
164043 69
164083 70
164095 71
164103 71
164103 70
164110 69
164111 69
164120 70
164121 70
164122 69
164181 70
164221 71
164411 72
164423 73
164424 74
164440 74
164479 75
164479 76
164492 75
164492 74
164495 75
164503 74
164531 73
164643 74
164675 75
164689 74
164721 75
164723 75
164723 74
164743 75
164769 76
164807 76
164816 75
164848 74
164875 74
164919 75
164942 74
164987 75
165031 76
165031 77
165078 78
165084 77
165091 76
165096 75
165099 76
165127 77
165139 78
165188 77
165195 78
165198 78
165204 78
165415 79
165475 80
165485 79
165485 79
165514 78
165553 78
165555 78
165556 78
165739 77
165835 77
165865 77
165897 78
165953 79
165959 78
165961 79
166171 80
166202 81
166237 82
166257 83
166264 82
166266 81
166327 80
166390 81
166399 80
166488 81
166623 80
166701 79
166717 80
166718 79
166719 78
166719 77
166720 76
166725 77
166741 78
166744 77
166756 76
166792 77
166802 76
166803 75
166804 75
166806 74
166806 73
166806 72
166808 72
166837 73
166856 72
166867 73
166884 72
166895 71
166896 70
167041 69
167065 68
167100 69
167103 68
167105 67
167109 67
167117 66
167141 67
167146 66
167240 67
167295 68
167295 67
167346 68
167370 69
167475 68
167490 69
167490 68
167498 69
167502 68
167504 67
167504 66
167507 65
167509 66
167514 67
167515 66
167522 65
167522 64
167525 64
167567 64
167568 64
167568 63
167570 63
167570 63
167570 64
167571 63
167573 62
167573 61
167573 61
167595 62
167628 63
167643 63
167670 62
167674 63
167695 62
167719 63
167749 62
167758 61
167762 62
167835 63
167839 64
167845 63
167848 62
167848 61
167848 60
167848 59
167850 58
167852 59
167853 59
167854 60
167868 59
167868 59
167885 58
167927 57
167927 56
167931 55
167931 56
167936 55
167972 56
167979 55
167982 54
167998 54
168004 55
168014 54
168015 55
168067 56
168080 57
168080 58
168099 59
168106 58
168132 59
168140 60
168140 61
168140 62
168143 63
168147 62
168187 63
168194 64
168204 65
168234 65
168252 66
168281 65
168282 66
168287 67
168350 68
168369 67
168376 68
168380 67
168391 68
168397 67
168406 66
168424 67
168427 66
168439 67
168443 66
168445 65
168499 64
168520 65
168523 66
168524 67
168531 66
168536 65
168542 64
168597 63
168604 64
168608 65
168611 64
168612 63
168615 64
168615 63
168621 62
168635 63
168642 62
168652 63
168655 62
168655 61
168655 60
168667 59
168690 60
168711 61
168722 61
168727 60
168727 59
168730 60
168731 61
168731 62
168733 61
168752 62
168759 61
168759 60
168787 61
168801 60
168822 61
168939 60
168953 61
168961 62
168964 63
168967 62
168972 61
168987 60
168989 59
169007 60
169013 61
169016 62
169097 61
169101 60
169112 59
169122 58
169124 57
169139 56
169144 55
169183 56
169191 55
169197 56
169202 55
169234 56
169235 55
169235 55
169255 56
169282 57
169295 58
169303 57
169319 58
169327 58
169327 58
169327 58
169337 57
169363 58
169387 59
169388 58
169397 58
169404 59
169412 60
169419 61
169424 62
169430 61
169439 60
169476 61
169483 60
169483 59
169523 60
169529 61
169544 60
169544 59
169544 59
169544 58
169545 57
169545 56
169545 55
169545 56
169555 57
169572 58
169607 59
169607 59
169609 60
169623 61
169636 62
169636 61
169657 62
169659 61
169660 60
169660 59
169664 58
169668 57
169670 56
169721 55
169759 56
169798 55
169811 56
169819 55
169856 56
169859 57
169863 57
169863 56
169863 55
169896 56
169924 57
169927 58
169945 57
169953 56
169954 55
169959 56
169970 57
169979 58
169981 57
169987 56
169994 55
170011 56
170014 55
170014 56
170037 57
170069 58
170072 57
170084 56
170121 57
170124 58
170125 57
170125 56
170128 57
170129 58
170130 58
170136 58
170136 57
170146 56
170150 55
170191 55
170191 54
170211 55
170243 56
170243 57
170251 56
170379 57
170379 58
170387 57
170389 58
170395 57
170395 57
170408 56
170411 56
170414 55
170415 56
170431 57
170487 58
170496 59
170498 58
170501 57
170503 56
170505 57
170511 58
170519 57
170519 56
170519 55
170534 56
170542 56
170545 57
170631 58
170634 57
170669 58
170680 59
170683 58
170694 59
170703 60
170714 61
170716 60
170724 61
170745 62
170761 63
170809 64
170814 63
170825 64
170834 65
170846 66
170857 65
170895 66
170927 67
170928 66
170938 65
170939 64
170939 63
170967 64
170975 63
170979 64
170979 65
171007 66
171010 67
171051 68
171060 69
171064 68
171065 67
171076 68
171098 69
171131 70
171193 71
171193 70
171200 71
171255 72
171296 71
171313 70
171407 71
171422 72
171446 73
171451 73
171452 72
171503 73
171509 72
171527 73
171623 72
171627 71
171632 70
171664 71
171670 70
171734 71
171748 72
171803 71
171809 70
171816 71
171828 72
171830 73
171836 74
171843 75
171934 74
172049 73
172125 74
172143 73
172170 74
172173 74
172177 75
172207 74
172212 73
172214 72
172252 73
172275 74
172283 73
172283 72
172287 71
172415 72
172423 71
172423 70
172423 69
172423 68
172423 67
172452 67
172463 66
172478 67
172552 66
172576 67
172596 66
172597 67
172599 68
172607 67
172612 68
172613 67
172630 66
172793 65
172803 66
172816 65
172823 64
172859 65
172933 66
172957 67
172987 68
172998 69
173005 70
173006 69
173010 68
173051 69
173052 70
173059 70
173059 69
173059 68
173059 68
173059 68
173153 69
173160 68
173182 67
173199 68
173199 67
173238 68
173243 69
173247 69
173254 70
173256 69
173256 68
173256 67
173259 66
173260 65
173268 64
173275 65
173287 64
173287 63
173287 62
173355 63
173371 62
173409 63
173433 62
173511 63
173551 64
173570 63
173576 62
173577 61
173579 62
173630 61
173643 62
173684 63
173698 64
173704 63
173707 62
173709 61
173727 62
173735 61
173739 62
173741 63
173745 63
173747 62
173747 62
173750 62
173752 62
173756 61
173775 61
173782 62
173799 61
173800 60
173801 59
173807 60
173815 59
173817 58
173863 59
173889 60
173914 61
173954 62
173999 63
174007 62
174007 61
174067 62
174073 61
174112 62
174113 61
174114 60
174115 59
174133 60
174150 61
174154 62
174196 63
174207 62
174215 63
174222 62
174232 63
174247 64
174265 63
174273 62
174289 61
174292 62
174303 63
174303 64
174329 65
174331 66
174341 65
174341 64
174367 63
174376 64
174403 65
174411 66
174450 67
174490 68
174500 67
174511 68
174526 69
174526 70
174539 69
174548 70
174553 71
174578 70
174582 69
174593 70
174600 70
174628 69
174644 70
174658 71
174663 72
174676 73
174683 72
174687 73
174742 74
174755 75
174823 76
174859 75
174948 76
174966 77
174971 76
174974 75
174976 74
174976 75
174983 74
174988 75
175024 74
175032 75
175133 76
175137 75
175175 76
175192 75
175192 76
175203 75
175203 74
175203 73
175247 74
175268 73
175280 74
175324 73
175357 74
175362 73
175515 74
175562 75
175606 76
175620 77
175624 76
175672 77
175683 76
175805 77
175820 78
175820 79
175945 80
175945 80
175994 79
175999 80
176049 81
176053 80
176057 79
176059 80
176327 81
176330 80
176431 81
176579 82
176774 83
176864 82
176864 83
176870 82
177029 83
177040 82
177142 83
177183 84
177204 85
177208 84
177211 83
177213 82
177214 81
177341 82
177354 81
177373 82
177390 81
177396 80
177440 79
177481 80
177699 81
178045 82
178181 83
178319 82
178417 83
178449 82
178473 83
178474 82
178476 81
178670 82
178677 81
178677 80
178685 79
178708 80
178712 79
178717 78
178722 77
178727 76
178727 75
178728 74
178728 73
178728 72
178731 71
178735 72
178753 71
178855 72
178856 72
178857 71
178891 72
178897 73
178907 72
178912 71
178916 70
178929 69
178967 70
179138 71
179143 70
179147 69
179148 68
179173 69
179210 70
179219 69
179248 70
179270 71
179277 70
179285 71
179288 70
179293 69
179305 68
179310 69
179314 68
179319 69
179322 68
179339 69
179362 70
179373 69
179380 70
179417 69
179448 70
179512 71
179599 72
179612 73
179619 72
179619 71
179619 70
179623 69
179640 70
179707 71
179758 72
179763 73
179791 74
179799 73
179822 72
179824 71
179832 72
179834 73
179846 74
179861 75
179867 74
179868 75
179964 74
180042 75
180047 76
180065 75
180065 74
180069 73
180175 74
180288 75
180292 76
180292 77
180295 76
180303 75
180347 76
180383 77
180419 78
180531 79
180533 78
180571 79
180574 80
180583 79
180767 80
180786 79
180787 78
180787 77
180787 76
180787 75
180798 76
180802 75
180915 74
180961 73
180975 74
180979 73
180984 72
180984 71
180996 72
181062 73
181145 72
181186 73
181207 74
181215 74
181332 75
181339 74
181371 75
181384 76
181455 77
181455 78
181471 79
181487 78
181567 79
181584 78
181603 79
181756 78
181765 79
181811 80
181831 79
181911 80
181963 81
182078 82
182123 81
182167 82
182229 81
182426 82
182431 81
182432 80
182443 81
182483 82
182619 81
182807 82
182877 83
183064 84
183212 85
183329 86
183336 85
183339 84
183705 85
183926 86
184316 85
184982 84
185304 85
185459 84
185515 83
185683 84
185737 83
185928 84
185955 83
186176 84
186269 83
186392 84
186401 85
186431 84
186725 83
186894 82
187020 81
187052 82
187075 81
187221 82
187330 83
187355 84
187419 83
187486 82
187557 81
187593 82
187616 83
187743 84
187805 85
187875 84
188021 83
188307 84
188387 85
188388 84
188415 83
188433 84
188503 83
188751 82
188829 83
188943 82
189053 81
189213 82
189239 83
189361 84
189639 85
189888 86
190688 85
191082 84
191560 85
191819 86
192695 85
192961 84
193596 83
193646 84
193675 83
193731 84
193901 83
193960 82
194472 83
194565 84
194638 83
194727 82
194856 83
195052 84
195061 85
195427 84
195506 83
195570 84
195673 83
195895 82
195919 81
195943 82
196160 83
196367 84
196507 83
196569 82
196655 83
196953 82
197160 83
197170 84
197429 85
197478 86
