60107 86
60448 85
60477 84
60795 85
60927 84
61033 83
61367 82
61403 81
61500 82
61548 81
61602 80
61625 79
61771 80
61785 81
61877 82
61930 81
62217 82
62322 83
62446 84
62629 85
62807 86
63034 85
63153 84
63815 85
63981 84
64146 83
64442 84
64530 83
64554 84
64577 85
65723 86
67859 85
67884 84
68186 85
68751 86
68841 85
69007 84
69036 83
69077 82
69651 83
69761 84
69851 85
69993 86
70472 85
70570 84
71045 85
71175 86
71384 85
71571 84
72004 85
72480 86
72975 85
73243 86
74927 85
75051 84
75270 83
75307 82
75370 83
75716 84
75907 85
76024 86
76123 85
76263 84
76464 83
76635 84
76882 85
77609 84
77643 85
77908 84
78020 83
78260 84
78264 83
78269 82
78271 81
78278 80
78561 81
78724 82
78773 83
78802 82
78842 83
78896 84
78982 83
79098 82
79179 81
79304 82
79316 83
79470 82
79471 81
79510 80
79582 81
79623 82
79633 81
79640 80
79641 79
79816 80
79994 79
80003 80
80309 81
80388 82
80407 83
80420 82
80425 81
80439 82
80475 81
80637 82
80744 83
80793 82
80798 81
80800 80
80855 81
80859 80
80861 79
80870 78
80905 79
80929 78
81057 79
81061 78
81164 79
81173 78
81252 79
81258 78
81260 77
81261 76
81261 75
81267 74
81267 73
81268 72
81269 71
81369 72
81388 73
81392 72
81396 71
81469 72
81475 71
81560 72
81578 73
81635 74
81761 75
81772 74
81856 75
81880 76
81882 77
81882 76
81884 75
81888 74
81888 73
81900 72
81921 73
81960 72
81970 73
81980 74
81981 73
82082 74
82112 75
82121 74
82145 75
82167 74
82169 75
82239 76
82249 75
82267 74
82298 75
82329 76
82334 75
82343 74
82377 75
82415 76
82426 77
82427 76
82428 75
82428 74
82428 73
82428 72
82456 73
82509 72
82531 71
82548 70
82549 71
82553 70
82556 69
82558 70
82560 69
82570 68
82635 69
82680 70
82694 71
82695 70
82748 71
82788 72
82808 73
82914 72
82922 73
82935 74
82943 73
82945 74
82956 73
83020 74
83031 75
83047 76
83086 77
83136 78
83138 77
83191 76
83211 77
83238 78
83239 79
83249 78
83252 79
83267 80
83272 79
83275 78
83312 79
83400 80
83643 79
83644 78
83651 79
83794 78
83795 77
83798 78
83805 77
83901 78
83911 79
83919 78
83939 79
83947 78
83948 77
83948 76
83969 75
83979 76
83995 77
84103 78
84106 77
84107 76
84111 75
84112 76
84120 75
84221 76
84288 75
84295 76
84296 75
84298 76
84311 75
84370 74
84399 73
84411 72
84459 73
84489 72
84504 73
84543 74
84548 75
84553 74
84612 75
84695 76
84712 77
84756 76
84765 77
84804 78
84810 77
84815 78
84817 77
84861 76
84876 77
84927 78
85026 79
85032 78
85035 77
85036 76
85039 75
85055 76
85081 76
85081 77
85173 78
85204 77
85225 78
85509 79
85545 80
85561 81
85563 80
85567 79
85571 78
85572 77
85588 76
85599 77
85603 76
85609 77
85636 76
85676 77
85836 78
85884 77
85983 78
86009 79
86019 78
86047 79
86107 80
86125 79
86132 78
86154 79
86157 78
86177 79
86177 80
86351 81
86397 80
86431 81
86442 80
86443 79
86447 78
86451 77
86631 76
86671 77
86777 78
86784 77
86791 76
86793 77
86817 78
86818 79
86893 80
86893 79
86898 78
86899 77
86901 76
86904 75
86905 76
86979 77
87154 76
87160 75
87185 76
87190 77
87195 76
87201 75
87202 74
87204 73
87204 72
87211 71
87219 70
87237 71
87238 70
87250 71
87304 72
87366 71
87427 72
87468 73
87470 72
87475 71
87475 70
87514 71
87601 72
87637 73
87643 72
87730 73
87731 72
87847 73
87851 72
87865 71
87950 72
87953 71
88005 70
88013 71
88013 70
88022 71
88031 72
88036 73
88094 74
88099 73
88144 74
88145 73
88146 72
88146 71
88147 70
88147 69
88150 68
88152 67
88287 68
88392 69
88516 68
88547 69
88574 70
88590 69
88591 68
88624 69
88634 68
88669 69
88701 69
88718 70
88718 69
88723 68
88726 69
88737 70
88741 71
88756 70
88761 69
88761 68
88767 67
88771 66
88783 67
88787 68
88793 67
88794 66
88796 65
88796 64
88805 65
88821 65
88833 66
88953 67
88983 68
88988 69
88996 68
89003 67
89005 66
89005 66
89007 65
89008 64
89008 64
89012 63
89025 64
89038 63
89085 64
89087 64
89094 63
89096 64
89101 64
89115 65
89165 64
89172 63
89197 62
89215 63
89220 63
89222 64
89228 63
89228 63
89228 62
89231 62
89232 61
89243 62
89326 63
89348 64
89366 63
89368 62
89371 62
89374 62
89374 62
89376 63
89407 62
89408 61
89408 62
89459 63
89464 64
89471 63
89475 62
89476 61
89478 62
89491 63
89492 63
89498 63
89500 63
89501 62
89504 61
89535 60
89559 61
89575 62
89579 63
89595 63
89602 63
89680 64
89693 63
89741 64
89749 63
89755 62
89799 63
89806 64
89833 65
89842 66
89849 67
89853 68
89862 67
89866 66
89867 65
89867 64
89867 63
89872 62
89875 63
89876 62
89887 61
89939 62
89947 62
89948 61
89948 60
89951 59
89960 58
89974 57
89975 56
89976 56
89977 56
89977 57
89978 57
89980 56
89982 55
90025 55
90035 56
90056 55
90058 55
90058 56
90067 55
90115 54
90120 55
90127 54
90128 54
90147 55
90153 56
90164 55
90233 56
90273 57
90322 58
90335 57
90342 56
90343 57
90353 58
90360 59
90389 60
90399 59
90400 58
90403 58
90407 58
90411 59
90435 60
90461 61
90471 62
90481 61
90483 60
90484 59
90486 60
90487 59
90490 59
90494 59
90496 58
90498 57
90499 58
90501 58
90504 57
90528 56
90551 55
90552 54
90564 55
90565 54
90566 53
90574 52
90611 53
90618 54
90627 54
90627 53
90630 52
90634 51
90672 52
90678 53
90696 54
90720 55
90728 55
90728 55
90728 54
90728 53
90728 52
90728 52
90737 51
90749 52
90758 51
90759 50
90774 49
90779 50
90788 49
90788 48
90803 49
90821 50
90825 51
90837 50
90868 51
90871 52
90899 53
90911 52
90945 53
90993 54
90996 53
91000 52
91005 52
91005 53
91011 53
91011 53
91022 54
91035 55
91043 54
91070 55
91071 54
91072 55
91079 56
91080 57
91099 56
91117 57
91138 56
91140 57
91140 58
91150 59
91155 58
91160 57
91163 58
91172 59
91175 59
91176 60
91179 59
91182 59
91184 58
91185 57
91185 57
91224 56
91227 55
91284 56
91293 55
91303 56
91328 57
91332 58
91334 58
91334 57
91342 58
91395 59
91409 60
91450 60
91451 61
91483 62
91490 63
91491 62
91516 63
91522 64
91546 65
91549 66
91550 65
91557 64
91562 63
91588 64
91599 64
91622 65
91667 66
91683 67
91711 68
91715 67
91722 68
91723 69
91739 70
91739 69
91746 68
91758 69
91772 68
91778 67
91781 68
91789 69
91807 70
91823 69
91824 68
91826 69
91832 70
91832 69
91833 68
91851 69
91870 70
91900 69
91911 68
91921 69
91929 70
91943 71
92027 72
92031 72
92097 73
92112 72
92112 71
92257 72
92287 73
92317 74
92319 73
92328 72
92328 71
92361 72
92367 71
92372 70
92374 69
92376 68
92383 69
92390 70
92400 71
92410 70
92412 69
92413 68
92438 69
92492 70
92505 69
92581 70
92583 71
92591 70
92593 69
92601 68
92607 67
92647 68
92672 69
92673 70
92742 69
92794 70
92806 69
92856 70
92868 69
92868 68
92868 67
92868 66
92868 65
92890 66
92898 65
92983 66
93000 65
93010 66
93012 65
93036 66
93043 67
93045 66
93056 65
93063 66
93093 67
93100 68
93114 69
93134 70
93260 71
93300 72
93357 73
93363 72
93379 73
93389 72
93423 72
93448 73
93461 74
93472 73
93472 72
93485 73
93500 72
93520 73
93535 74
93540 73
93540 72
93540 71
93548 72
93548 71
93548 72
93548 71
93629 72
93636 71
93642 70
93644 69
93648 68
93689 69
93703 68
93713 69
93788 68
93848 69
93930 70
93932 71
93961 72
93988 73
93988 74
94015 73
94056 74
94056 75
94063 74
94064 75
94074 74
94076 73
94219 74
94227 73
94233 74
94234 73
94237 74
94241 73
94249 72
94249 71
94257 70
94266 71
94274 70
94276 71
94352 70
94356 71
94384 72
94413 73
94561 74
94603 73
94656 72
94680 71
94680 72
94735 73
94737 72
94747 71
94779 70
94808 71
94819 70
94822 71
94828 70
94829 69
94830 68
94875 69
94877 68
94881 67
94882 66
94885 65
95005 66
95011 65
95011 64
95015 63
95084 64
95142 65
95148 66
95151 65
95156 66
95157 65
95161 64
95165 63
95188 62
95188 61
95200 60
95273 61
95280 62
95281 61
95322 62
95327 63
95328 64
95354 63
95364 64
95375 63
95395 62
95406 63
95453 64
95461 65
95463 65
95464 66
95467 67
95473 66
95476 65
95531 64
95535 65
95590 66
95605 67
95632 66
95666 67
95676 68
95686 69
95691 68
95747 69
95771 70
95784 71
95796 70
95796 69
95796 68
95832 67
95848 68
95880 69
95892 68
95892 67
95920 66
96008 67
96011 68
96029 69
96064 70
96116 71
96139 72
96205 73
96217 72
96221 73
96233 74
96245 73
96280 74
96432 75
96437 74
96461 75
96466 74
96484 75
96497 74
96497 73
96497 72
96499 71
96501 70
96508 69
96512 70
96524 69
96598 70
96600 69
96602 68
96606 67
96608 68
96610 67
96620 66
96638 65
96711 66
96724 65
96772 66
96792 67
96814 66
96876 65
96993 66
96995 67
96995 68
97004 67
97007 68
97009 67
97011 66
97011 65
97012 64
97013 63
97014 62
97040 63
97041 62
97059 63
97172 64
97200 65
97209 64
97216 63
97221 62
97240 63
97243 64
97275 65
97299 66
97308 67
97328 68
97334 69
97341 68
97344 67
97377 68
97379 67
97380 68
97424 69
97482 70
97483 69
97550 70
97554 69
97558 68
97650 69
97665 68
97665 69
97678 70
97720 71
97720 72
97763 71
97770 70
97774 71
97818 72
97829 73
97890 74
97897 73
97918 74
97920 75
97952 76
97977 77
97981 78
98062 79
98300 80
98302 80
98407 81
98423 82
98461 83
98468 82
98523 81
98590 82
98608 83
98799 84
98976 85
98984 84
98986 83
99143 84
99588 85
99926 86
102012 85
102782 84
102919 85
102938 84
103075 83
103245 82
103275 81
103337 82
103339 83
103593 84
103674 83
103835 84
103888 85
103894 84
103898 83
103908 82
103920 81
103955 80
104131 79
104154 78
104205 77
104229 78
104328 79
104448 80
104460 79
104472 80
104516 81
104519 80
104603 79
104628 80
104628 81
104647 80
104705 81
104786 80
104807 81
104880 80
105000 81
105077 82
105346 83
105479 84
105581 85
106009 84
106253 85
106438 86
109414 85
110202 84
110401 85
110812 84
111380 83
111397 84
111418 83
111434 82
111622 81
111688 82
111705 81
111775 80
111800 81
111873 80
111919 81
111930 80
111959 81
112036 80
112053 79
112132 80
112213 79
112262 80
112290 79
112300 78
112341 79
112501 80
112530 81
112535 82
112572 83
112618 84
112799 85
112943 84
113061 83
113435 84
113628 85
113938 86
115185 85
115186 84
115187 83
115188 82
115195 81
115562 82
115648 81
115710 82
115744 83
115943 82
115943 81
115946 80
115950 79
115952 78
115952 77
116068 78
116081 77
116084 76
116172 76
116175 77
116182 77
116185 77
116396 78
116404 77
116405 78
116407 77
116408 76
116548 75
116556 76
116557 76
116638 77
116653 78
116662 77
116662 77
116663 77
116667 76
116691 77
116705 78
116832 77
116833 77
116835 78
116845 77
116900 78
116916 77
116968 78
116975 77
116983 76
117081 77
117141 78
117157 77
117215 78
117216 77
117294 76
117296 75
117354 74
117400 74
117404 75
117472 76
117477 77
117479 76
117482 75
117660 76
117666 77
117721 78
117736 77
117790 78
117806 77
117840 78
117857 77
117883 78
117969 79
117985 78
118031 77
118060 78
118231 77
118233 76
118234 75
118270 74
118278 75
118341 76
118346 75
118352 74
118473 75
118483 76
118484 75
118489 74
118491 73
118501 74
118590 75
118620 76
118637 77
118695 78
118710 77
118710 76
118813 77
118814 76
118870 77
119002 78
119016 79
119025 78
119030 79
119033 78
119228 77
119228 76
119251 77
119252 76
119291 75
119368 76
119376 75
119513 74
119551 73
119558 74
119558 73
119559 72
119561 72
119565 71
119566 70
119612 71
119639 72
119652 73
119655 72
119661 71
119693 72
119696 71
119768 72
119781 71
119869 70
119872 71
119882 70
119886 71
120004 72
120018 71
120020 70
120069 71
120076 72
120080 73
120088 72
120088 71
120088 70
120088 69
120170 68
120172 67
120172 68
120178 67
120185 66
120228 67
120233 66
120241 67
120248 66
120270 67
120288 68
120298 69
120327 70
120395 71
120424 72
120432 71
120496 72
120521 73
120528 72
120528 71
120548 72
120553 73
120596 72
120656 71
120661 70
120662 69
120664 70
120684 71
120684 72
120692 71
120692 70
120724 71
120767 72
120806 73
120820 74
120830 73
120840 74
120868 75
120875 74
120883 73
120885 74
120944 75
120968 74
120968 73
121035 74
121045 75
121064 76
121104 77
121112 76
121124 77
121229 78
121236 77
121236 76
121288 77
121330 78
121339 79
121497 80
121576 81
121592 82
121680 83
121872 84
121879 83
121920 84
122049 85
122342 84
122579 85
123084 84
123306 83
123376 84
123769 85
123911 86
123945 85
124005 84
124012 83
124015 82
124022 81
124023 80
124122 79
124344 78
124432 77
124485 78
124502 77
124585 78
124597 78
124671 77
124692 78
124740 77
124834 78
124859 79
124975 78
124976 78
124977 77
124979 77
124982 77
124982 78
125155 77
125244 78
125407 79
125454 80
125457 79
125462 78
125465 77
125465 76
125466 77
125467 76
125521 77
125523 76
125526 75
125529 75
125531 74
125534 74
125537 74
125540 75
125551 74
125652 74
125658 73
125659 72
125661 71
125771 72
125776 72
125779 71
125840 72
125846 71
125849 71
125849 71
125850 72
125852 71
125852 70
125853 70
125859 69
125876 70
125990 71
126044 70
126079 71
126084 72
126090 71
126121 72
126162 73
126169 72
126171 72
126179 71
126279 70
126282 71
126285 70
126300 70
126329 71
126330 72
126355 73
126384 73
126389 74
126391 75
126521 76
126524 77
126536 76
126549 75
126607 76
126610 75
126620 76
126628 75
126631 74
126636 73
126639 72
126712 73
126723 72
126801 71
126802 72
126822 73
126833 72
126836 73
126838 72
126838 71
126839 70
126899 69
126921 70
126944 69
126950 70
126953 69
126958 68
126964 67
126980 66
127089 65
127105 66
127237 67
127246 68
127300 69
127327 70
127345 71
127389 70
127392 71
127393 72
127396 71
127398 70
127446 71
127447 72
127491 73
127500 74
127506 75
127516 74
127526 73
127546 74
127551 75
127553 76
127553 77
127558 76
127596 77
127666 76
127677 77
127685 76
127700 75
127723 76
127751 75
127756 76
127764 75
127888 75
127905 76
127939 77
127943 76
127972 77
127980 76
128019 77
128031 77
128039 76
128040 75
128045 74
128047 73
128049 72
128236 71
128260 72
128261 73
128268 72
128319 71
128322 70
128326 69
128333 70
128336 69
128337 68
128340 67
128340 66
128344 67
128356 66
128401 67
128416 68
128430 68
128522 69
128565 70
128576 69
128583 68
128589 69
128640 70
128699 71
128719 72
128725 71
128729 72
128733 73
128740 72
128740 71
128741 70
128748 69
128750 68
128835 69
128840 70
128892 71
128908 72
128957 73
128969 72
128969 71
129056 72
129095 73
129096 72
129096 71
129096 70
129146 71
129151 70
129152 69
129212 70
129230 69
129233 70
129272 69
129278 70
129288 69
129298 70
129330 71
129353 70
129356 71
129358 70
129376 71
129472 72
129479 73
129480 72
129480 71
129480 70
129500 71
129508 70
129539 71
129540 72
129540 73
129548 73
129548 73
129548 72
129549 71
129554 70
129557 69
129578 68
129637 69
129729 70
129760 71
129866 72
129868 73
129876 72
129880 71
129901 72
129918 71
129992 72
130020 71
130022 70
130026 69
130060 70
130070 71
130076 72
130157 73
130184 74
130256 75
130263 76
130265 77
130348 78
130352 79
130377 80
130388 79
130441 80
130448 81
130524 80
130535 81
130538 80
130550 79
130624 80
130719 81
130793 82
130992 81
131013 80
131014 79
131118 80
131240 81
131256 82
131377 81
131411 82
131426 81
131429 80
131430 79
131439 80
131490 81
131504 82
131637 83
131907 84
131967 85
132206 86
132376 85
132695 84
132972 85
133269 86
133273 85
133302 84
133684 83
133767 82
133846 81
133942 80
134019 79
134044 80
134082 81
134098 82
134261 83
134302 82
134401 83
134421 82
134431 81
134461 82
134504 81
134546 82
134609 81
134670 82
134707 83
135080 82
135142 83
135142 82
135149 81
135180 80
135340 81
135377 82
135394 81
135836 82
135840 83
136104 84
136160 85
137329 84
137567 83
137758 84
138204 85
138453 84
138691 85
138799 84
139182 85
139224 86
139235 85
139431 84
139777 85
140161 84
140388 85
140720 84
141004 85
141166 86
141724 85
141831 84
141915 85
142020 84
142800 83
142850 84
143088 85
143808 86
144011 85
144175 84
144423 83
144542 84
144570 83
144790 82
144808 83
145036 82
145127 83
145284 84
145618 85
145924 86
146047 85
146492 86
147304 85
147402 84
147912 85
148138 84
148516 85
149093 86
149307 85
149432 84
150228 83
150262 84
150867 85
150912 84
151060 85
151407 84
151565 85
151834 84
151854 85
152019 84
152213 83
152388 84
152508 83
152608 84
152731 85
152870 86
153580 85
153882 86
154773 85
155298 86
155540 85
156197 84
156701 85
156860 84
157343 85
157465 86
157644 85
157673 84
158293 85
158557 86
159168 85
159261 84
159294 83
159452 82
159620 81
159898 82
160170 83
160332 84
160439 85
160448 86
160658 85
160930 84
161251 83
161695 84
161741 85
162142 86
162353 85
162570 84
162648 83
162648 82
162823 83
162845 82
162845 81
162854 80
162957 79
163223 80
163235 79
163235 78
163242 77
163278 78
163322 79
163349 80
163401 81
163405 80
163409 81
163577 82
163665 83
163670 82
163785 83
163982 82
164011 83
164066 82
164066 81
164071 80
164302 79
164302 80
164353 81
164365 80
164681 79
164718 80
164798 81
164835 80
164850 81
164922 80
164923 81
164959 80
164968 81
164985 80
164994 79
165040 78
165061 77
165086 78
165289 79
165290 78
165348 79
165472 80
165478 81
165665 80
165724 81
165728 80
165730 79
165738 78
165886 79
166016 78
166022 79
166047 80
166057 79
166089 78
166100 79
166193 80
166206 81
166210 80
166211 79
166329 80
166338 81
166354 80
166354 79
166399 78
166455 79
166557 80
166674 79
166677 80
166701 81
166751 82
166762 81
166779 80
166864 81
166869 80
167043 79
167049 78
167179 79
167198 80
167201 79
167236 78
167359 79
167367 80
167379 79
167387 78
167451 77
167463 78
167581 77
167581 76
167586 77
167594 78
167681 79
167737 80
167744 81
167969 80
168017 81
168021 80
168021 79
168025 78
168097 79
168304 80
168350 81
168357 80
168421 79
168426 78
168426 79
168427 78
168429 77
168431 76
168433 75
168497 76
168517 75
168517 74
168517 73
168605 74
168613 73
168613 72
168613 71
168613 70
168621 71
168757 72
168790 71
168803 72
168824 71
168824 70
168861 69
168885 68
168890 67
168891 66
168893 67
168901 66
169057 67
169057 68
169078 67
169093 68
169093 69
169094 68
169095 67
169097 68
169101 69
169106 68
169112 69
169113 70
169121 69
169137 68
169169 69
169175 68
169181 69
169253 70
169261 69
169292 70
169293 71
169335 72
169382 73
169382 72
169383 71
169389 72
169493 73
169512 74
169513 73
169522 72
169637 73
169744 74
169750 73
169751 72
169754 71
169777 72
169812 73
169822 72
169825 73
169826 74
169827 73
169845 74
169848 75
169849 74
169854 73
169917 72
169926 71
169933 72
169933 73
169934 72
169993 73
170048 72
170066 73
170254 74
170269 74
170269 73
170269 72
170280 73
170336 74
170386 75
170419 76
170506 77
170531 78
170599 79
170617 78
170626 79
170873 80
170921 81
170921 82
170929 81
170930 80
170930 81
170932 80
170963 81
170963 80
170963 79
170963 78
170963 77
170963 76
171084 77
171237 78
171245 77
171319 76
171337 77
171345 77
171345 76
171345 75
171349 74
171349 73
171356 72
171364 73
171421 74
171541 75
171558 74
171572 75
171580 74
171583 73
171586 72
171620 71
171681 70
171705 71
171717 72
171801 71
171801 70
171801 71
171841 70
171844 71
171850 71
171869 72
171869 73
171913 74
171921 74
171921 73
171921 73
171929 74
171938 73
171938 72
171946 71
172093 70
172115 71
172121 72
172217 73
172246 72
172248 73
172267 72
172268 73
172276 72
172325 71
172341 72
172381 73
172431 74
172511 73
172526 74
172538 73
172545 74
172617 75
172620 76
172629 77
172641 78
172657 77
172657 76
172737 77
172745 76
172745 75
172769 76
172776 75
172787 74
172788 73
172800 72
172806 71
172818 72
172870 71
172969 72
173074 73
173074 72
173093 73
173101 72
173144 71
173245 72
173252 73
173255 72
173256 71
173261 70
173264 69
173267 68
173324 69
173330 70
173341 71
173341 72
173353 71
173353 70
173357 69
173413 70
173472 71
173481 72
173488 71
173494 70
173644 71
173652 72
173727 73
173761 74
173771 73
173890 74
173891 75
173962 76
173972 75
174009 76
174033 75
174036 74
174036 75
174039 74
174040 73
174047 72
174062 71
174069 72
174081 71
174141 72
174179 73
174204 74
174217 73
174226 72
174307 73
174317 74
174325 73
174328 72
174384 71
174530 72
174530 71
174534 70
174537 69
174583 70
174586 71
174697 70
174701 71
174711 72
174785 73
174792 72
174793 71
174793 70
174793 69
174793 68
174793 67
174921 68
174929 67
174970 68
174973 69
174984 68
174984 67
174987 66
175016 67
175038 68
175057 69
175066 68
175074 67
175077 66
175078 65
175080 66
175154 67
175160 66
175160 65
175162 66
175162 67
175209 68
175217 67
175217 66
175217 65
175228 66
175285 67
175292 68
175299 68
175305 69
175305 68
175345 69
175349 68
175354 67
175389 68
175397 67
175401 68
175418 67
175464 66
175464 67
175472 67
175622 68
175674 67
175677 66
175679 67
175685 66
175720 67
175727 66
175735 65
175738 64
175745 65
175747 64
175752 65
175753 64
175753 63
175769 62
175773 63
175843 63
175848 62
175857 63
175868 62
175869 63
175873 62
175893 61
175895 62
175905 63
175907 64
176020 65
176021 66
176037 65
176037 64
176037 63
176057 62
176077 63
176101 64
176105 65
176129 66
176143 65
176150 64
176191 65
176224 66
176224 67
176242 68
176243 67
176292 68
176297 69
176312 70
176324 69
176406 70
176410 69
176430 70
176433 71
176478 72
176500 72
176529 73
176560 74
176563 75
176605 74
176643 75
176653 76
176777 75
176795 76
176847 75
176871 76
176944 77
176959 76
176960 77
176961 76
176985 77
177075 78
177089 79
177160 78
177183 79
177188 78
177189 79
177344 78
177350 79
177359 78
177367 77
177389 78
177459 77
177464 76
177467 75
177526 76
177531 77
177534 76
177534 75
177537 74
177538 73
177541 72
177565 71
177624 70
177760 71
177767 72
177779 71
177821 72
177835 71
177900 72
177902 71
177910 70
178094 71
178105 72
178145 73
178149 74
178155 75
178170 76
178209 77
178211 78
178214 77
178216 76
178216 77
178222 76
178223 75
178224 74
178236 75
178275 74
178365 75
178366 74
178378 73
178379 74
178381 73
178413 74
178445 75
178519 74
178532 75
178546 76
178581 75
178582 74
178584 73
178596 72
178683 73
178698 72
178751 71
178811 72
178851 73
178853 74
178972 73
178973 74
178994 75
179003 76
179067 75
179076 74
179090 75
179096 74
179126 75
179157 76
179172 77
179219 78
179219 77
179236 76
179269 75
179271 76
179272 75
179275 75
179286 76
179353 77
179363 76
179392 77
179418 78
179429 77
179466 78
179476 77
179490 78
179538 77
179649 76
179824 77
179859 76
179920 77
179922 78
179937 79
179973 80
179973 79
180018 80
180144 79
180145 80
180286 81
180289 80
180294 79
180425 78
180434 79
180510 80
180547 79
180657 78
180716 79
180815 80
180882 81
180889 80
180931 81
180987 80
180987 79
180987 80
180989 79
180996 78
181101 79
181249 78
181266 77
181266 78
181515 79
181634 78
181635 77
181638 78
181680 79
181680 80
181685 79
181709 80
181742 79
181801 80
181926 79
181972 80
182286 81
182303 82
182353 83
182552 82
182580 83
182686 82
182852 81
182854 80
182855 81
182862 80
183059 81
183090 80
183217 81
183295 80
183429 79
183432 78
183466 79
183507 80
183514 81
183518 80
183536 81
183545 80
183554 79
183646 78
183709 79
183742 80
183756 81
183879 80
184144 79
184159 80
184247 81
184435 82
184447 81
184451 80
184459 79
184478 80
184501 79
184547 80
184554 79
184657 78
184820 77
184837 78
184843 77
184852 76
184853 75
184872 76
184991 77
185002 76
185060 77
185122 78
185131 77
185308 78
185358 79
185384 80
185390 79
185395 78
185395 77
185396 76
185397 75
185414 76
185610 77
185673 76
185679 75
185699 76
185711 75
185713 74
185717 73
185717 72
185751 73
185788 74
185792 73
185793 74
185805 73
185921 74
185937 75
185943 76
185985 77
186035 78
186162 77
186167 78
186462 77
186465 78
186474 79
186478 78
186481 77
186484 76
186488 75
186490 74
186545 75
186561 74
186572 75
186576 74
186589 75
186597 74
186604 73
186731 74
186844 73
186846 74
186857 75
186865 74
186866 73
186869 72
186871 71
186876 72
186879 71
186882 70
187005 71
187013 70
187098 71
187116 70
187221 69
187229 68
187231 67
187258 68
187300 69
187315 68
187317 69
187331 68
187370 69
187391 70
187394 71
187450 72
187451 73
187455 74
187457 75
187465 74
187465 73
187619 74
187720 75
187745 76
187753 75
187753 74
187765 73
187772 74
187773 75
187786 74
187790 73
187806 74
187810 73
187815 72
187817 71
187821 70
187904 71
187929 72
187949 73
187957 72
187957 71
187993 72
188004 71
188033 72
188052 71
188089 72
188096 73
188115 74
188183 75
188211 76
188303 77
188337 78
188339 77
188379 78
188380 79
188424 80
188473 81
188481 80
188489 79
188493 78
188533 78
188594 79
188597 80
188605 79
188605 78
188713 79
188831 80
188853 81
188882 82
188891 81
188920 82
188921 81
188936 80
189049 81
189065 80
189221 79
189345 78
189529 79
189537 78
189537 77
189538 76
189557 77
189565 76
189637 77
189665 78
189721 79
189729 78
189751 79
189844 80
189977 79
190009 80
190065 81
190079 82
190173 81
190229 82
190512 81
190601 82
190665 83
190671 82
190673 81
190674 80
190682 81
190713 82
191041 81
191041 80
191133 81
191424 82
191433 83
191436 82
191441 81
191494 80
191498 81
191625 82
191633 81
191845 82
191853 81
191853 80
191853 79
191870 78
192181 77
192181 76
192181 75
192182 74
192189 73
192189 74
192219 75
192220 76
192229 77
192323 78
192325 77
192332 76
192381 77
192389 76
192422 75
192477 76
192487 77
192629 78
192633 77
192633 76
192637 75
192647 74
192653 75
192690 74
192692 73
192698 72
192901 73
192985 74
193033 75
193041 74
193041 75
193093 76
193109 77
193184 78
193205 79
193217 78
193347 79
193350 78
193404 77
193409 78
193455 79
193464 78
193503 77
193551 78
193566 79
193732 78
193736 77
193740 78
193756 77
193788 76
193877 75
193931 74
193965 73
193966 74
193966 73
193989 74
193993 73
193998 72
193999 72
194009 71
194052 72
194151 73
194231 72
194260 73
194312 74
194318 73
194329 74
194337 75
194453 76
194454 77
194525 78
194632 79
194647 80
194647 81
194651 82
194805 81
194807 80
194809 81
194813 80
194898 79
195027 78
195052 79
195058 78
195062 77
195094 76
195103 77
195126 78
195138 79
195153 78
195177 79
195236 80
195247 79
195425 78
195427 77
195456 78
195473 77
195488 78
195491 77
195549 76
195559 75
195623 74
195647 75
195677 76
195693 77
195762 78
195778 79
195791 78
195798 77
195818 76
195858 77
195894 78
195957 79
195966 78
195969 77
196088 78
196095 79
196279 80
196348 81
196351 80
196371 81
196379 80
196396 81
196541 82
196549 81
196652 82
196715 81
196730 82
196889 83
197056 82
197057 81
197059 82
197067 81
197070 80
197085 79
197090 78
197118 79
197169 78
197178 77
197226 78
197371 79
197413 78
197414 77
197419 76
197523 75
197554 74
197621 75
197628 76
197655 77
197685 76
197697 77
197717 76
197736 77
197745 76
197758 76
197784 77
198016 78
198074 77
198113 78
198117 77
198119 76
198180 75
198268 76
198277 77
198379 78
198382 79
198390 78
198390 77
198396 76
198397 75
198421 76
