0 0
0 1
11 2
43 3
46 3
52 3
55 4
61 5
63 5
64 5
64 5
69 6
75 7
117 8
118 8
192 9
193 10
199 10
199 10
200 10
204 11
253 12
254 13
255 14
267 14
268 14
307 15
318 15
318 16
324 17
326 17
340 17
375 17
379 18
399 19
411 20
418 20
429 20
430 21
455 22
467 23
512 24
523 24
549 25
572 24
579 24
602 25
611 24
636 24
643 25
645 26
651 26
651 26
665 26
680 27
690 28
691 28
691 28
693 29
701 29
702 30
703 31
707 32
713 33
721 34
722 34
726 34
733 33
748 34
755 34
819 35
827 35
829 35
830 34
868 35
987 36
991 37
1001 37
1027 38
1028 39
1032 38
1059 39
1079 40
1101 39
1174 40
1192 41
1256 42
1259 42
1264 43
1270 42
1292 43
1315 44
1335 43
1335 42
1335 41
1336 41
1337 42
1342 41
1344 40
1347 40
1372 40
1440 41
1440 42
1447 42
1461 43
1518 44
1533 43
1534 44
1566 43
1587 44
1627 43
1627 43
1656 44
1689 45
1699 46
1707 45
1708 44
1716 43
1732 44
1743 44
1744 44
1755 45
1861 46
1865 45
1967 44
1999 45
2007 44
2143 45
2151 45
2179 46
2185 47
2207 48
2207 48
2212 47
2248 48
2250 48
2263 49
2265 49
2269 50
2303 51
2312 52
2323 51
2375 52
2379 51
2383 50
2383 49
2387 48
2422 49
2424 49
2425 50
2454 51
2455 52
2455 52
2455 51
2569 50
2579 51
2581 51
2599 52
2607 51
2607 51
2607 51
2607 51
2611 50
2620 49
2668 50
2684 49
2687 50
2755 51
2795 50
2798 49
2800 48
2852 47
2875 48
2887 47
2887 46
2887 45
2896 46
2907 46
2908 47
2913 46
2916 46
2930 46
2934 47
2935 47
2969 48
2969 47
2970 46
3003 47
3011 48
3132 49
3149 48
3152 47
3153 46
3178 47
3178 48
3179 47
3179 47
3179 46
3183 45
3184 44
3184 45
3194 44
3220 45
3247 46
3251 45
3255 44
3284 45
3352 46
3392 46
3427 47
3452 46
3470 47
3476 47
3478 47
3485 47
3491 48
3491 49
3509 48
3515 49
3540 50
3543 51
3596 51
3599 52
3607 51
3620 52
3621 53
3621 54
3628 55
3636 56
3667 57
3675 56
3678 57
3680 57
3694 58
3704 59
3712 59
3716 58
3721 57
3727 58
3769 57
3770 58
3795 59
3835 60
3847 61
3867 60
3896 61
3898 60
3898 59
3919 60
3923 61
3931 62
3940 62
3942 62
3943 62
3948 63
3956 63
3957 62
3966 63
3975 62
3975 61
3975 60
3976 59
3979 58
3995 59
4039 60
4055 59
4113 58
4135 59
4203 60
4267 59
4271 60
4280 61
4289 62
4291 61
4306 62
4317 62
4395 63
4397 64
4423 65
4451 66
4476 65
4491 66
4491 67
4499 66
4499 65
4499 65
4499 66
4503 66
4503 67
4509 66
4516 66
4519 67
4527 66
4559 67
4572 68
4580 69
4588 70
4591 69
4620 69
4623 68
4625 69
4626 68
4628 67
4649 66
4710 67
4800 68
4809 67
4845 68
4854 67
4858 66
4860 65
4867 64
4942 63
4998 62
5007 61
5008 62
5020 61
5035 62
5038 62
5040 61
5047 60
5094 61
5103 62
5111 63
5118 62
5119 61
5123 62
5124 63
5180 64
5196 63
5201 64
5244 65
5254 64
5275 65
5329 66
5379 65
5404 66
5405 65
5414 66
5425 65
5465 66
5475 67
5476 68
5481 67
5484 66
5493 65
5497 64
5499 63
5503 62
5504 63
5504 64
5511 63
5513 62
5514 61
5539 62
5566 63
5586 64
5591 65
5603 64
5605 63
5610 62
5614 63
5640 64
5656 65
5695 65
5705 66
5739 67
5789 66
5819 67
5865 68
5899 67
5907 68
5944 69
5946 70
5949 69
5953 68
5956 69
5986 70
6021 71
6040 72
6040 71
6086 72
6088 73
6091 72
6096 71
6098 70
6106 69
6151 70
6167 69
6189 68
6199 69
6235 70
6294 70
6299 71
6303 70
6304 69
6309 68
6311 67
6318 66
6335 67
6343 68
6351 67
6352 66
6363 65
6406 64
6468 63
6474 62
6480 63
6498 62
6516 63
6521 64
6563 63
6630 62
6632 63
6700 64
6713 65
6714 66
6724 65
6733 65
6749 66
6820 67
6881 68
6895 69
6934 70
6937 71
6941 70
6942 69
6945 70
6952 69
6955 68
7026 69
7027 70
7135 71
7146 72
7152 73
7154 74
7155 73
7163 73
7171 72
7182 72
7191 71
7213 72
7281 73
7293 73
7327 72
7338 73
7351 73
7401 72
7417 73
7431 72
7467 71
7514 72
7518 71
7582 70
7584 69
7585 70
7595 70
7648 69
7668 70
7676 69
7719 69
7726 68
7726 67
7754 68
7757 68
7762 67
7764 66
7779 65
7787 64
7871 65
7901 66
7915 65
7915 64
7949 65
7951 66
7977 67
8030 66
8087 67
8102 66
8107 65
8129 64
8221 65
8251 66
8257 67
8288 68
8299 69
8378 68
8381 69
8385 70
8403 71
8425 72
8435 73
8465 74
8510 75
8540 74
8543 75
8601 76
8602 77
8608 78
8611 77
8623 76
8672 77
8751 78
8810 79
8818 78
8819 79
8819 78
8819 79
8821 80
8904 81
8917 80
9089 81
9121 80
9190 79
9192 78
9197 77
9238 78
9270 79
9296 80
9347 81
9458 82
9559 81
9603 82
9614 81
9790 80
9947 79
9976 78
9977 77
10087 78
10131 79
10152 79
10157 80
10207 79
10210 78
10211 79
10214 78
10581 79
10595 80
10631 80
10635 81
10645 80
10776 81
10778 82
10866 81
10868 82
10874 81
10874 80
10878 80
11120 81
11135 80
11190 81
11244 80
11311 79
11362 80
11366 79
11371 80
11378 79
11378 78
11511 79
11619 78
11623 77
11723 76
11725 77
11915 78
11970 79
12015 80
12033 81
12034 82
12044 81
12094 80
12099 79
12100 78
12125 79
12151 78
12199 79
12202 78
12210 78
12212 78
12287 77
12295 78
12303 79
12339 78
12405 79
12577 80
12597 79
12667 80
12675 79
12678 78
12683 77
12687 76
12703 77
12713 78
12717 77
12784 76
12808 75
12922 76
13028 75
13074 76
13086 77
13092 78
13097 77
13101 76
13103 77
13222 78
13238 77
13242 78
13267 77
13308 78
13323 78
13391 79
13464 78
13580 79
13588 80
13591 79
13601 78
13631 77
13757 76
13828 75
13856 76
13905 77
13918 76
13920 77
13920 76
13959 77
13962 76
13966 75
13976 74
14030 75
14131 76
14145 75
14156 74
14164 75
14166 74
14173 73
14241 74
14255 73
14259 72
14261 71
14269 70
14292 71
14301 70
14382 71
14443 72
14468 71
14476 72
14483 71
14492 72
14496 71
14620 72
14684 73
14719 74
14766 75
14774 76
14783 75
14783 74
14787 73
14788 74
14792 73
14795 72
14795 71
14796 70
14815 71
14822 70
14834 70
14834 71
14842 70
14844 71
14859 72
14863 71
14949 72
15080 73
15095 72
15104 71
15104 70
15171 69
15183 70
15218 69
15318 68
15363 69
15377 70
15379 71
15414 72
15439 73
15439 72
15450 71
15485 72
15501 73
15512 74
15542 75
15581 76
15588 76
15595 77
15623 78
15629 79
15671 80
15676 79
15714 78
15727 79
15755 80
15883 79
15965 78
16013 79
16246 80
16253 79
16258 78
16391 79
16405 78
16507 79
16543 80
16551 79
16555 78
16642 79
16683 80
16751 81
16767 82
16966 83
16971 84
16978 85
16979 84
17059 83
17059 82
17063 81
17177 82
17185 81
17227 80
17247 81
17327 82
17335 81
17335 80
17335 79
17336 78
17365 77
17411 76
17411 77
17419 76
17419 75
17491 76
17535 77
17727 78
17734 77
17741 76
17802 75
17835 76
17843 75
18027 76
18043 77
18049 78
18055 77
18056 76
18061 75
18061 74
18064 75
18071 74
18107 73
18247 74
18263 75
18282 76
18316 77
18402 78
18427 79
18427 80
18486 81
18535 82
18571 83
18582 82
18624 81
18645 82
18746 83
18948 84
19117 85
19284 84
19524 83
19563 82
19602 83
19699 82
19776 81
19963 82
19971 83
19991 82
20067 81
20145 82
20237 83
20471 84
20578 83
20719 84
20962 83
21103 84
21293 85
21666 84
21909 83
22236 82
22297 83
22383 84
22490 83
22684 82
22799 81
22812 80
23103 81
23160 80
23238 81
23352 82
23451 81
23532 82
23703 83
23737 82
23753 83
23943 84
24244 85
24309 84
24437 85
24627 86
24653 85
24751 84
25347 85
25481 86
26264 85
26742 86
27399 85
28011 86
28031 85
28138 84
29015 85
29087 84
29205 85
29327 84
29664 83
29915 84
30059 85
30142 84
30145 83
30146 82
30223 81
30225 80
30317 81
30383 82
30390 81
30571 80
30955 81
31107 82
31116 83
31159 82
31291 83
31492 84
31511 85
31803 86
33687 85
34547 86
36365 85
36492 84
36745 83
36762 84
36826 85
37499 84
37562 83
37634 82
37635 81
37971 82
38161 81
38199 82
38273 83
38406 84
38740 83
38798 84
38882 83
39068 84
39072 83
39179 82
39423 83
39647 84
39788 85
39871 84
39895 85
40467 86
40696 85
41094 84
41156 83
41333 84
41792 85
42059 86
42449 85
42599 84
42663 85
43564 86
44163 85
44332 84
44565 83
44810 84
44979 83
45045 82
45045 81
45107 82
45118 83
45691 82
45953 83
46046 84
46256 85
46304 84
46376 85
46710 84
47004 85
47710 86
47751 85
48368 84
48517 83
48568 82
48692 83
48771 84
49085 85
50106 84
50146 85
50471 84
51068 85
51093 86
52397 85
52471 84
52472 83
52548 82
53093 83
53224 84
53360 85
53365 86
53428 85
53710 84
53837 83
54060 84
54114 83
54765 84
54825 85
55213 86
55923 85
55980 84
56465 85
57127 86
57525 85
58289 86
58704 85
59019 84
59197 85
59561 86
59814 85
59881 84
60305 83
60496 82
60769 81
60846 80
60973 81
61013 82
61100 81
61115 80
61188 81
61228 80
61342 81
61497 80
61608 81
61732 80
61818 81
61878 82
62040 83
62067 84
62149 85
62390 86
62777 85
63318 86
63333 85
63714 86
64079 85
64811 86
64943 85
65691 86
66605 85
66930 84
67179 85
67231 84
67291 83
67743 84
67881 85
67909 84
68264 83
68520 82
68649 81
68743 82
68753 83
68932 84
69084 85
69159 84
69698 85
70201 84
70291 85
70371 84
70784 85
70902 86
71104 85
71295 86
71501 85
72345 84
72648 85
73109 86
73473 85
74049 84
74050 85
74518 84
74520 85
74649 84
74785 83
75027 84
75136 85
75284 84
75380 85
75657 84
75666 83
75921 84
76055 83
76167 84
76220 83
76557 84
76786 85
76980 86
77192 85
77415 86
77570 85
78307 84
78637 85
78865 86
79290 85
79354 86
79763 85
80735 86
81929 85
82065 84
82151 83
82215 82
82614 83
82655 82
82704 81
82988 82
83020 83
83132 82
83314 83
83402 84
83477 83
83636 82
83930 83
84007 84
84383 85
84619 84
84694 83
84768 84
84779 83
84980 82
85379 83
85479 84
85482 83
85483 82
85671 83
85719 82
85861 81
86035 80
86087 81
86106 80
86108 79
86149 80
86293 81
86649 82
86658 81
86660 80
86664 79
86669 78
86669 79
86688 80
86775 81
86832 82
86968 81
87010 82
87048 81
87066 80
87189 81
87433 82
87439 83
87446 84
87632 83
87766 84
87775 83
87812 82
87943 81
88035 82
88144 81
88147 80
88150 79
88216 80
88287 81
88483 82
88498 81
88664 80
88674 79
88792 78
88794 79
88795 78
88799 77
88799 76
88804 75
88986 76
89038 77
89062 78
89077 77
89078 76
89078 75
89084 74
89089 73
89092 72
89095 71
89152 72
89212 73
89356 74
89356 75
89362 75
89364 74
89366 73
89369 73
89370 72
89370 72
89371 71
89412 72
89585 73
89588 74
89595 73
89596 72
89598 71
89602 71
89603 71
89604 71
89608 71
89609 71
89641 71
89642 72
89642 72
89643 72
89656 72
89672 71
89697 72
89716 73
89720 73
89728 72
89735 72
89739 71
89752 72
89755 71
89757 71
89762 71
89911 70
89936 71
89948 72
89955 71
89962 72
89970 71
90029 72
90050 71
90054 70
90161 71
90184 72
90207 73
90284 74
90284 73
90289 73
90304 74
90391 75
90401 76
90408 75
90494 74
90577 73
90586 74
90588 73
90589 74
90597 75
90597 74
90598 73
90600 73
90601 72
90605 71
90605 70
90605 69
90605 69
90607 68
90608 68
90609 68
90612 67
90644 68
90668 68
90691 69
90706 68
90707 69
90714 68
90716 67
90755 68
90847 69
90852 69
90927 70
90930 69
90931 68
90957 69
91010 70
91014 71
91015 72
91020 71
91025 70
91026 69
91027 68
91034 68
91048 67
91070 66
91082 67
91117 68
91174 69
91186 69
91186 68
91187 67
91195 66
91223 65
91225 65
91241 66
91242 66
91255 66
91257 65
91262 64
91262 63
91287 64
91341 63
91346 64
91352 64
91392 63
91400 63
91401 63
91405 64
91407 64
91414 63
91414 63
91415 64
91422 63
91423 64
91472 65
91488 64
91488 63
91521 64
91532 65
91553 64
91556 63
91563 62
91567 61
91593 62
91610 61
91616 60
91622 60
91656 61
91660 60
91672 61
91694 62
91711 63
91723 64
91727 63
91735 62
91780 62
91782 63
91783 62
91786 61
91792 61
91855 62
91859 63
91865 62
91866 61
91883 62
91903 61
91923 62
92027 62
92072 63
92078 62
92083 63
92084 64
92086 65
92089 64
92089 63
92089 63
92090 62
92090 61
92092 62
92092 61
92094 62
92111 63
92120 62
92176 63
92184 62
92184 61
92203 62
92224 61
92231 62
92260 63
92270 64
92286 63
92296 64
92311 65
92313 64
92317 63
92355 64
92361 63
92404 64
92407 65
92424 66
92435 65
92436 64
92439 63
92445 62
92471 61
92535 62
92536 63
92560 62
92561 61
92573 62
92633 63
92644 64
92656 65
92664 64
92664 63
92664 62
92665 61
92666 60
92683 61
92712 62
92716 63
92720 62
92727 63
92735 62
92784 63
92789 62
92794 62
92796 61
92824 62
92831 61
92836 62
92837 63
92839 64
92841 64
92844 63
92847 64
92847 63
92864 64
92884 65
92937 66
92948 65
92949 66
93011 65
93021 64
93023 65
93025 66
93029 65
93037 66
93040 67
93040 68
93050 67
93085 66
93117 67
93144 66
93160 67
93164 68
93246 69
93257 68
93272 69
93279 68
93284 67
93285 66
93330 65
93344 66
93384 67
93394 68
93396 67
93404 66
93408 67
93412 66
93413 65
93420 64
93433 65
93496 66
93516 67
93524 66
93531 65
93556 66
93616 65
93620 66
93632 67
93648 67
93649 68
93650 69
93651 68
93719 67
93721 68
93725 67
93726 66
93727 65
93728 64
93759 63
93761 64
93775 63
93777 64
93787 63
93787 62
93788 63
93793 62
93793 61
93799 62
93801 62
93820 61
93880 60
93884 59
93887 60
93993 61
94014 62
94034 61
94059 62
94097 63
94097 64
94100 65
94103 64
94143 65
94151 64
94151 63
94155 64
94161 63
94162 62
94163 61
94165 62
94167 61
94172 62
94183 63
94190 62
94191 63
94192 63
94197 62
94198 63
94201 62
94207 61
94209 60
94218 59
94279 60
94280 61
94294 60
94297 59
94309 58
94311 59
94314 60
94328 59
94401 59
94464 58
94464 57
94488 58
94525 57
94528 56
94532 55
94533 54
94535 55
94549 54
94553 55
94555 56
94581 57
94590 58
94616 59
94619 58
94628 57
94662 56
94668 57
94676 56
94704 57
94713 56
94720 57
94728 56
94728 55
94728 54
94729 54
94729 53
94736 54
94737 53
94741 52
94776 53
94780 54
94806 55
94812 56
94818 57
94820 58
94822 57
94822 58
94823 57
94836 58
94844 57
94844 58
94867 59
94868 60
94871 59
94872 58
94912 59
94920 58
94931 59
94932 60
94950 61
94965 60
94968 59
94976 58
94977 59
94987 58
95074 59
95079 60
95084 60
95089 59
95116 60
95122 59
95123 58
95129 57
95132 56
95134 55
95138 56
95138 55
95143 55
95156 56
95168 55
95226 56
95233 56
95234 56
95236 57
95260 58
95264 58
95264 57
95265 56
95268 57
95268 56
95271 57
95327 58
95344 59
95400 58
95400 59
95432 60
95454 61
95454 60
95454 59
95454 58
95455 58
95472 59
95495 59
95496 60
95496 61
95551 62
95563 61
95571 62
95573 61
95581 60
95584 61
95612 62
95621 61
95624 62
95632 61
95632 60
95654 61
95692 62
95710 63
95714 62
95724 63
95724 62
95731 61
95732 60
95732 61
95734 62
95745 63
95748 64
95762 63
95768 64
95775 65
95779 65
95788 64
95799 63
95803 64
95811 63
95928 64
95928 65
95936 64
95938 65
95954 66
95981 67
95982 68
95985 67
95987 66
95991 65
96001 66
96080 67
96132 66
96147 67
96169 66
96228 67
96228 68
96236 69
96257 70
96257 71
96267 70
96324 71
96328 70
96337 69
96362 70
96366 71
96445 70
96451 71
96453 70
96461 71
96462 70
96463 69
96525 68
96567 69
96570 68
96570 67
96571 66
96575 65
96592 64
96599 65
96600 66
96619 65
96628 66
96629 65
96629 64
96695 65
96717 66
96749 67
96796 68
96797 69
96801 68
96807 69
96815 69
96910 70
96912 71
96928 70
96931 69
97048 68
97049 67
97057 68
97058 69
97068 68
97125 67
97126 68
97132 67
97135 68
97140 67
97172 68
97187 67
97188 66
97204 67
97211 68
97244 69
97249 68
97275 67
97320 68
97346 69
97347 68
97355 69
97356 68
97368 69
97380 68
97440 69
97448 68
97448 67
97481 66
97488 67
97490 66
97497 65
97528 64
97529 65
97531 66
97537 65
97599 66
97600 67
97600 68
97619 69
97663 68
97663 67
97667 68
97670 67
97671 66
97672 65
97672 64
97673 63
97728 64
97733 65
97746 66
97764 65
97811 66
97856 65
97896 66
97905 67
97908 66
97908 65
97913 64
97920 65
97923 66
97928 65
97928 64
97929 63
98000 64
98015 63
98017 62
98018 61
98023 62
98027 61
98028 62
98046 61
98054 62
98061 61
98070 60
98071 59
98071 58
98085 59
98086 60
98136 61
98140 62
98152 61
98168 62
98181 61
98188 62
98188 61
98188 60
98198 59
98211 60
98214 61
98226 62
98229 63
98248 64
98260 63
98273 64
98288 65
98292 64
98368 65
98374 64
98378 63
98408 62
98436 63
98440 64
98452 63
98453 62
98453 61
98456 60
98468 59
98469 58
98509 59
98512 58
98553 59
98555 58
98556 57
98556 56
98564 55
98580 56
98588 55
98593 56
98595 56
98628 57
98648 58
98652 59
98656 58
98684 59
98704 60
98709 59
98786 58
98804 59
98836 60
98840 61
98842 62
98843 61
98848 60
98852 59
98856 60
98861 59
98879 60
98949 59
98963 60
98969 59
98970 59
98977 59
99016 58
99020 59
99041 60
99047 59
99051 58
99059 59
99144 60
99153 61
99173 62
99211 62
99216 61
99217 62
99218 63
99218 63
99219 62
99223 61
99224 62
99224 63
99239 64
99241 63
99253 64
99259 65
99268 66
99312 67
99313 68
99334 69
99337 70
99342 71
99404 70
99479 71
99484 72
99554 71
99566 72
99567 71
99571 70
99572 71
99590 72
99629 73
99633 74
99644 73
99704 74
99716 75
99719 76
99720 75
99745 76
99758 75
99769 74
99776 75
99823 76
99827 77
99839 76
99868 77
99872 76
99946 75
99948 74
99950 73
99968 72
100053 73
100141 72
100145 71
100240 72
100247 73
100251 72
100263 71
100399 72
100493 73
100502 74
100603 75
100615 74
100615 73
100692 73
100693 72
100696 73
100725 74
100729 75
100733 74
100792 75
100809 76
100870 75
100872 74
100872 75
100948 76
100983 77
100984 76
100992 75
100997 76
101050 77
101160 76
101162 77
101176 76
101176 75
101244 74
101356 75
101364 74
101441 73
101443 74
101450 73
101492 72
101492 73
101495 72
101497 71
101498 70
101501 69
101538 70
101596 71
101597 72
101604 71
101661 72
101661 71
101673 72
101680 71
101690 70
101693 70
101693 69
101721 70
101724 69
101728 68
101842 67
101871 68
101873 69
101876 68
101911 69
101913 68
102002 69
102005 70
102006 69
102014 68
102037 69
102040 68
102040 67
102041 66
102054 65
102067 66
102098 65
102112 66
102151 67
102179 66
102179 65
102190 66
102217 67
102347 68
102356 68
102420 69
102437 68
102437 69
102472 70
102478 71
102480 70
102480 69
102481 68
102484 69
102523 68
102529 69
102529 68
102573 69
102573 68
102592 69
102600 68
102609 69
102635 70
102648 71
102664 70
102692 71
102732 72
102751 73
102775 72
102784 71
102804 72
102817 73
102840 72
102841 73
102879 74
102942 73
102957 74
102972 74
102984 75
102987 74
102996 75
102998 76
103005 75
103080 76
103131 77
103135 78
103136 79
103141 78
103144 77
103144 76
103148 75
103192 75
103232 74
103236 73
103260 74
103340 73
103345 73
103345 72
103487 73
103495 74
103528 75
103536 74
103536 73
103560 72
103600 73
103608 72
103705 73
103712 72
103718 71
103719 70
103723 69
103761 70
103761 71
103781 72
103849 73
103851 72
103862 71
103928 72
103980 73
104004 72
104005 71
104034 72
104184 71
104192 70
104267 71
104270 70
104278 71
104297 72
104299 71
104303 70
104325 71
104365 72
104375 71
104386 72
104392 73
104404 74
104406 75
104460 76
104520 77
104600 78
104628 79
104657 80
104664 81
104740 82
104747 81
104784 80
104831 79
104884 80
104889 79
104896 78
104896 77
104896 77
104964 78
104980 77
105011 78
105036 79
105272 80
105335 79
105341 78
105342 77
105346 76
105352 77
105413 78
105489 77
105515 78
105572 79
105691 80
105694 79
105696 78
105701 77
105705 76
105740 77
105883 76
105885 75
105885 76
105888 75
105904 76
105973 77
106028 78
106077 79
106154 79
106188 80
106194 81
106302 82
106328 81
106425 82
106430 81
106435 80
106442 79
106500 80
106536 81
106546 81
106553 80
106556 80
106601 81
106604 82
106662 83
106935 82
107241 83
107248 82
107249 81
107250 80
107296 80
107363 79
107427 80
107651 81
107677 82
107695 82
107742 83
107750 82
107791 83
107793 82
107802 81
108018 80
108120 80
108126 79
108169 78
108211 79
108269 80
108327 81
108538 82
108638 83
108703 84
108706 83
108707 82
108811 83
109016 82
109046 83
109100 82
109140 81
109154 80
109170 79
109174 78
109245 77
109272 76
109359 77
109424 76
109464 75
109488 76
109520 77
109538 78
109596 79
109690 78
109925 79
109929 80
109935 81
110104 82
110145 83
110209 82
110311 83
110359 84
110396 85
110922 84
111035 85
111100 84
111308 83
111508 82
111648 81
111724 82
111747 83
111954 84
112108 85
112392 84
112480 85
113160 84
113236 85
113294 84
113349 85
114079 84
114170 85
114398 86
115723 85
115831 84
116249 83
116504 84
116564 83
116575 82
116587 81
116593 80
116690 81
116807 82
116852 81
116880 80
117202 81
117277 82
117281 83
117303 82
117375 81
117630 80
117658 81
117960 82
117966 81
118113 82
118179 83
118188 84
118189 85
118329 86
118337 85
118490 84
118688 83
118699 82
118728 83
119194 84
119197 85
119624 86
120698 85
121144 86
123571 85
123986 84
123995 83
124264 82
124406 81
124430 82
124481 81
124679 82
124830 81
124878 82
124931 83
124933 84
125052 83
125388 84
125483 85
125497 86
125752 85
126121 84
126205 83
126290 82
126747 83
126816 84
127124 85
127437 86
127454 85
128119 84
128489 85
128931 86
130828 85
130832 84
131386 85
131397 84
131413 83
131675 82
131963 83
132113 84
132237 83
132585 82
132600 83
132808 82
132815 83
133078 84
133271 83
133415 82
133415 83
133631 82
133634 81
133860 82
134115 83
134115 84
134477 85
134619 86
135034 85
135039 84
135055 83
135129 82
135540 81
135619 82
135752 81
135754 80
135755 80
135756 79
135757 80
135757 79
135764 78
135844 79
135854 78
135862 77
135863 76
135867 75
135891 74
135894 75
135894 75
135895 75
135897 75
135898 75
135899 75
135900 74
135902 74
135908 74
136152 73
136156 74
136165 74
136167 73
136234 74
136338 75
136346 74
136359 73
136359 74
136368 73
136373 72
136374 71
136405 72
136421 73
136470 74
136481 74
136552 75
136560 74
136563 75
136579 76
136590 75
136617 76
136679 77
136687 77
136695 76
136899 77
136920 76
136983 77
136988 78
136989 77
136996 76
137012 77
137105 78
137340 79
137359 78
137365 77
137446 78
137480 79
137523 80
137578 81
137597 80
137599 79
137735 78
137737 77
137740 76
137752 75
137755 74
137763 73
137764 74
137764 73
137776 72
137982 73
137994 74
137996 73
138000 72
138000 71
138002 70
138004 69
138065 70
138071 70
138075 71
138075 70
138139 71
138152 70
138186 71
138200 72
138203 71
138213 72
138268 73
138310 74
138337 73
138338 72
138338 71
138339 70
138341 69
138345 68
138348 67
138349 66
138362 67
138391 68
138445 67
138448 68
138461 69
138475 68
138561 69
138572 70
138572 71
138573 70
138613 71
138731 70
138749 69
138750 70
138767 71
138820 72
138839 71
138892 72
138918 73
138934 72
138938 71
138939 70
138941 69
138942 69
138945 68
138949 67
138951 66
138954 66
138962 67
138967 66
138969 65
138970 64
138978 63
138980 62
138980 63
138988 62
139014 63
139022 62
139022 61
139030 62
139039 63
139044 62
139074 61
139077 60
139077 59
139081 59
139123 58
139125 57
139129 58
139207 59
139214 58
139215 58
139218 58
139220 57
139226 57
139255 58
139447 57
139464 58
139468 59
139481 58
139482 57
139497 58
139502 59
139505 59
139506 60
139512 61
139514 60
139538 61
139543 62
139544 61
139546 61
139548 60
139550 59
139618 60
139618 59
139620 60
139635 59
139649 60
139651 61
139658 60
139658 59
139658 58
139658 57
139658 56
139684 55
139705 56
139716 57
139721 56
139722 57
139729 56
139757 57
139769 56
139783 57
139785 58
139820 59
139825 60
139842 61
139863 62
139871 61
139877 60
139888 59
139889 60
139894 59
139894 59
139895 58
139897 58
139897 57
139899 57
139900 57
139900 56
139904 55
139908 54
139908 54
139955 55
139964 54
139973 55
139982 56
139993 57
140014 58
140022 59
140031 60
140033 59
140113 60
140120 59
140125 58
140150 59
140157 60
140162 61
140162 60
140162 59
140169 58
140173 57
140177 58
140181 57
140189 56
140201 57
140205 56
140217 57
140231 58
140241 59
140251 60
140252 59
140254 58
140254 59
140255 60
140260 61
140261 60
140261 59
140273 58
140333 59
140341 60
140347 59
140349 59
140355 58
140356 59
140360 58
140365 59
140366 60
140376 59
140380 60
140380 59
140451 60
140468 61
140475 60
140486 60
140497 61
140503 62
140505 61
140512 60
140514 59
140515 58
140538 59
140545 60
140565 61
140621 62
140637 61
140637 60
140637 59
140637 58
140637 57
140637 57
140647 58
140665 59
140673 58
140677 59
140693 60
140717 59
140717 59
140717 59
140717 59
140737 60
140769 59
140770 60
140773 60
140809 61
140817 60
140817 59
140857 60
140857 61
140857 61
140877 61
140877 61
140877 60
140877 60
140877 60
140897 59
140898 60
140904 61
140914 60
140921 61
140957 62
140970 61
140971 60
140973 59
140974 58
140983 59
140987 58
140991 57
140991 56
141017 55
141023 56
141064 57
141067 58
141103 59
141109 58
141109 59
141121 60
141128 59
141157 60
141166 61
141178 60
141215 59
141231 60
141233 59
141233 58
141236 57
141242 58
141245 59
141249 58
141251 57
141251 56
141287 55
141305 56
141321 57
141325 58
141329 58
141329 58
141329 58
141329 57
141330 56
141330 56
141332 55
141334 54
141336 53
141338 52
141365 51
141381 52
141392 51
141396 50
141433 51
141447 50
141449 51
141457 50
141457 50
141457 49
141457 49
141464 50
141469 49
141469 48
141475 48
141482 49
141493 48
141524 47
141528 48
141537 47
141543 48
141557 49
141557 50
141580 51
141650 52
141653 52
141653 52
141660 51
141712 52
141721 53
141754 54
141766 55
141772 54
141773 55
141781 56
141816 57
141826 58
141870 59
141873 60
141915 61
141939 62
141947 61
141951 60
141985 61
141993 61
141993 60
141993 59
141997 60
142030 61
142033 62
142065 63
142077 64
142089 63
142097 64
142127 65
142137 66
142143 67
142145 66
142152 65
142157 64
142167 63
142173 64
142177 65
142182 64
142185 63
142186 62
142187 63
142187 62
142192 62
142197 61
142229 62
142293 63
142365 63
142394 64
142397 65
142423 66
142437 67
142452 66
142458 67
142466 68
142474 67
142474 66
142475 65
142476 64
142478 65
142479 64
142480 64
142484 64
142486 64
142489 63
142511 62
142521 61
142521 60
142577 61
142585 60
142607 61
142619 60
142619 59
142622 60
142630 59
142648 60
142650 61
142653 61
142654 62
142663 61
142669 60
142669 59
142680 58
142681 59
142682 58
142753 59
142777 60
142783 59
142793 60
142801 59
142805 58
142806 57
142806 58
142808 57
142814 56
142917 57
142984 56
142990 56
142990 57
143002 56
143041 57
143049 57
143049 58
143049 57
143056 56
143066 57
143077 58
143080 57
143084 58
143085 59
143097 60
143128 61
143133 61
143137 61
143137 62
143186 63
143189 62
143190 61
143194 60
143196 59
143202 60
143204 61
143209 62
143209 61
143211 60
143247 61
143270 60
143271 60
143272 61
143272 60
143274 59
143279 59
143279 58
143279 58
143284 57
143288 58
143312 59
143353 59
143362 60
143364 59
143379 60
143385 61
143387 60
143394 59
143396 59
143399 58
143414 59
143429 60
143448 61
143456 60
143481 61
143502 62
143511 61
143511 61
143513 62
143520 61
143525 62
143535 63
143535 62
143585 61
143597 62
143614 63
143623 62
143625 61
143643 62
143777 61
143782 62
143795 63
143802 62
143809 63
143810 64
143829 63
143829 62
143834 61
143834 60
143834 59
143835 59
143835 58
143835 57
143839 57
143842 57
143880 58
143883 57
143891 58
143907 57
143929 58
143956 59
143992 60
143998 59
144045 60
144061 59
144061 58
144068 59
144076 58
144085 59
144091 58
144132 59
144164 60
144175 59
144180 60
144218 61
144260 62
144275 61
144280 60
144281 60
144287 61
144297 60
144309 59
144323 60
144330 61
144334 62
144347 61
144357 62
144365 61
144388 62
144481 61
144483 62
144499 63
144584 64
144589 65
144589 66
144592 67
144608 66
144609 65
144609 64
144609 65
144609 64
144619 65
144634 66
144645 67
144649 68
144653 67
144653 66
144653 65
144654 64
144660 63
144668 64
144677 64
144677 65
144701 66
144720 65
144725 64
144728 63
144741 64
144745 65
144753 66
144757 67
144761 66
144806 67
144855 68
144905 69
144917 70
144961 71
145029 72
145065 73
145141 74
145153 75
145162 74
145177 73
145179 73
145219 74
145260 75
145265 76
145279 77
145316 78
145317 77
145356 76
145376 76
145409 75
145420 76
145465 77
145477 76
145569 77
145574 76
145577 77
145581 76
145595 77
145633 76
145663 77
145668 76
145745 77
145785 78
145878 79
145880 78
145898 77
145986 78
146144 79
146320 80
146418 81
146439 80
146441 79
146442 78
146443 77
146457 78
146570 79
146578 78
146582 79
146584 78
146587 77
146589 76
146597 77
146662 78
146681 77
146683 76
146710 77
146763 78
146779 77
146782 76
146951 77
146952 76
147083 77
147087 76
147092 75
147140 74
147173 75
147176 74
147192 75
147212 76
147271 77
147272 78
147280 79
147283 78
147287 79
147508 80
147525 81
147691 82
147702 83
147706 82
147710 81
147711 80
147711 79
147712 78
147717 77
147717 76
147829 75
147830 74
147928 75
147944 74
147950 75
148028 74
148053 75
148075 74
148078 73
148081 72
148085 71
148115 72
148140 71
148141 72
148142 73
148143 74
148352 75
148354 76
148368 75
148404 76
148491 77
148505 76
148525 75
148566 74
148570 75
148585 76
148696 77
148712 76
148718 77
148733 76
148795 75
148820 76
148833 77
148889 78
148971 79
149094 80
149108 81
149254 82
149258 83
149501 84
149509 83
149509 82
149509 81
149719 80
149749 81
149778 82
149792 81
149792 80
149793 79
149804 78
149830 79
149882 78
149889 77
150001 78
150004 77
150125 76
150258 75
150285 76
150293 75
150293 74
150293 73
150370 74
150393 73
150396 74
150406 73
150447 72
150447 73
150504 74
150515 73
150578 72
150595 73
150608 72
150609 73
150665 72
150718 71
150719 72
150729 71
150745 70
150745 69
150745 70
150836 71
150906 72
150908 73
150914 72
150914 71
150957 70
150997 71
151010 72
151032 73
151052 74
151097 75
151125 76
151125 77
151141 76
151149 77
151174 78
151209 79
151217 78
151217 77
151217 76
151341 77
151370 78
151411 77
151489 76
151513 77
151551 78
151585 77
151633 78
151719 77
151729 78
151743 77
151845 78
151845 77
151853 76
151905 77
151961 78
152111 79
152220 80
152228 79
152228 78
152234 77
152236 76
152238 75
152243 74
152289 75
152292 76
152301 75
152305 76
152331 77
152345 76
152444 77
152459 76
152545 77
152546 76
152681 77
152684 76
152684 77
152752 78
152763 77
152763 76
152765 75
152851 74
152935 75
153049 76
153063 77
153065 76
153078 75
153079 74
153098 75
153101 74
153200 75
153204 74
153206 75
153208 74
153211 73
153214 72
153215 71
153221 70
153225 71
153276 72
153293 73
153301 74
153352 75
153375 76
153479 75
153481 76
153488 75
153575 74
153584 73
153681 72
153684 73
153736 74
153774 75
153787 74
153818 73
153829 74
153839 73
153866 72
153866 73
153877 72
153953 73
153998 74
154016 73
154041 74
154042 75
154049 76
154084 77
154158 76
154187 77
154301 78
154338 79
154355 78
154357 77
154395 78
154430 79
154436 80
154453 79
154477 80
154486 79
154535 80
154721 81
154723 82
154754 81
154769 80
154787 79
154804 78
154857 79
154898 80
154905 79
154908 78
154909 77
154909 76
154910 75
154947 76
154958 75
154961 74
155044 73
155048 74
155064 73
155152 74
155197 73
155200 74
155200 75
155215 74
155248 75
155281 76
155337 77
155449 76
155449 77
155468 78
155514 79
155559 78
155565 77
155566 78
155569 77
155582 78
155753 79
155777 80
155822 79
155965 78
156013 77
156031 78
156033 79
156037 78
156041 77
156041 76
156045 75
156052 74
156053 73
156099 74
156131 75
156166 76
156409 75
156414 74
156416 73
156441 74
156443 75
156448 74
156455 73
156506 74
156524 75
156525 74
156529 73
156713 72
156714 73
156721 72
156735 73
156761 74
156769 73
156769 72
156769 71
156769 70
156828 71
156892 70
156912 71
156960 72
157051 73
157061 72
157076 73
157093 74
157097 73
157097 72
157106 71
157118 72
157133 73
157133 72
157141 71
157141 70
157162 71
157164 70
157213 71
157221 70
157221 71
157234 70
157269 69
157308 70
157320 69
157331 68
157357 69
157378 70
157458 71
157529 72
157581 71
157585 72
157602 71
157602 71
157602 70
157602 70
157603 69
157603 68
157669 67
157670 68
157679 67
157680 66
157695 67
157749 68
157749 69
157753 70
157755 69
157755 68
157757 67
157761 66
157785 67
157794 67
157794 66
157794 65
157813 66
157901 67
157925 68
157932 69
157952 70
157977 71
157985 70
157985 69
157997 68
158009 67
158042 66
158044 65
158061 66
158078 67
158105 68
158112 69
158115 70
158127 69
158134 68
158141 69
158233 70
158245 71
158252 70
158252 71
158253 70
158256 69
158262 68
158264 67
158268 68
158278 67
158361 68
158369 67
158369 66
158369 65
158445 66
158445 67
158472 68
158479 67
158485 68
158521 67
158530 66
158547 65
158609 66
158609 67
158616 66
158618 66
158619 66
158622 66
158626 65
158628 65
158635 64
158665 65
158678 64
158693 65
158706 65
158729 64
158731 65
158740 64
158740 63
158743 64
158745 64
158746 63
158746 63
158746 64
158748 65
158749 66
158764 65
158772 66
158785 65
158789 64
158849 63
158850 64
158857 65
158865 64
158871 63
158993 64
159037 65
159044 64
159084 65
159122 64
159123 64
159134 63
159135 64
159167 65
159187 64
159192 63
159230 64
159237 65
159259 64
159281 63
159312 64
159316 65
159337 66
159352 67
159353 66
159362 65
159363 64
159377 65
159382 66
159393 65
159394 64
159395 65
159397 64
159428 63
159430 64
159461 65
159461 66
159501 67
159505 68
159551 67
159553 68
159553 69
159555 68
159557 67
159560 66
159566 65
159587 66
159619 65
159624 66
159677 67
159691 66
159694 67
159730 66
159743 67
159754 66
159760 67
159807 68
159873 69
159888 70
159894 70
159896 71
160000 72
160030 73
160044 74
160045 75
160072 76
160101 75
160105 76
160107 75
160109 74
160111 73
160112 72
160153 73
160264 74
160267 73
160324 74
160333 73
160365 74
160365 75
160380 74
160387 74
160396 75
160409 74
160477 75
160480 76
160484 75
160605 76
160728 77
160741 76
160766 75
160792 74
160824 75
160842 74
160857 73
160860 74
160930 75
160952 74
160967 75
161015 76
161072 75
161072 76
161078 75
161080 75
161082 74
161099 75
161105 74
161130 75
161219 74
161271 75
161271 74
161272 73
161273 72
161309 71
161312 70
161317 71
161357 70
161386 71
161412 72
161414 71
161415 70
161416 70
161424 69
161426 70
161433 69
161436 68
161446 68
161464 69
161491 70
161502 69
161506 68
161508 69
161568 70
161576 71
161718 70
161720 69
161722 70
161732 69
161735 70
161854 71
161867 72
161878 73
161955 74
161973 73
162037 74
162044 73
162089 72
162089 71
162111 72
162113 71
162117 70
162119 69
162130 70
162145 71
162273 72
162283 71
162290 70
162296 71
162339 72
162346 73
162353 73
162393 74
162409 73
162435 74
162450 73
162466 74
162470 73
162475 72
162483 73
162484 73
162490 72
162610 73
162612 74
162629 73
162679 74
162680 75
162689 74
162690 75
162738 76
162743 75
162748 74
162753 73
162757 72
162805 73
162813 72
162880 71
162896 72
162909 71
162910 72
162913 71
162963 72
163008 71
163027 72
163040 71
163043 70
163045 69
163060 68
163061 67
163061 66
163063 65
163064 66
163066 65
163071 64
163071 63
163077 64
163086 65
163087 64
163092 63
163149 64
163191 65
163193 64
163206 63
163207 62
163210 61
163240 60
163245 61
163246 60
163247 59
163252 60
163253 59
163257 59
163258 58
163262 57
163264 56
163269 55
163270 55
163271 54
163313 55
163377 56
163384 55
163396 56
163398 57
163418 58
163454 59
163469 60
163480 61
163485 61
163489 60
163490 60
163548 61
163615 60
163629 61
163641 62
163647 63
163667 64
163669 65
163686 66
163692 67
163708 68
163772 69
163783 68
163787 67
163788 66
163791 65
163813 64
163813 63
163814 64
163854 65
163866 66
163904 67
163953 68
164004 69
164017 68
164025 69
164033 68
164033 67
164033 66
164084 65
164088 66
164094 65
164118 66
164148 67
164193 68
164248 69
164253 70
164258 71
164259 72
164259 71
164299 72
164301 73
164307 72
164314 73
164341 74
164349 73
164349 72
164349 71
164349 70
164350 69
164353 68
164353 67
164356 68
164360 67
164368 66
164449 65
164449 66
164459 65
164461 64
164462 65
164463 66
164465 67
164487 68
164508 69
164512 68
164521 67
164522 66
164632 67
164657 68
164673 69
164719 70
164728 69
164753 70
164757 69
164764 70
164775 71
164893 72
164905 71
164909 70
164909 71
164952 72
164959 73
165008 74
165012 75
165019 76
165069 77
165077 76
165101 75
165112 74
165113 73
165114 72
165117 73
165117 72
165132 71
165181 72
165183 73
165317 74
165339 75
165353 76
165361 75
165361 74
165361 73
165412 74
165497 75
165501 74
165509 75
165517 74
165550 73
165551 72
165556 73
165560 72
165572 73
165573 74
165591 73
165678 74
165691 73
165693 72
165729 73
165737 72
165751 73
165833 74
165868 75
165889 76
165894 75
165929 74
165945 75
165973 76
165991 77
166013 78
166023 77
166053 76
166088 77
166130 76
166197 77
166225 76
166266 77
166273 76
166276 77
166281 78
166289 78
166289 77
166289 76
166293 77
166306 76
166636 75
166656 74
166670 75
166702 76
166800 77
166821 78
166829 77
166829 76
166829 75
166842 74
166865 75
167017 74
167041 75
167041 76
167049 75
167117 76
167129 77
167137 78
167137 79
167224 80
167261 81
167317 82
167421 81
167421 80
167461 79
167469 80
167474 79
167484 78
167494 77
167500 78
167502 77
167502 76
167503 75
167641 74
167757 73
167757 72
167783 73
167797 74
167805 73
167808 74
167865 73
167885 74
167889 73
167891 72
167892 71
167933 72
167996 73
168010 72
168121 71
168133 70
168164 71
168169 71
168169 70
168172 69
168181 70
168197 69
168200 70
168209 71
168296 72
168307 71
168321 72
168333 71
168333 71
168337 72
168361 73
168393 74
168429 75
168431 76
168437 75
168441 76
168444 75
168448 74
168449 73
168487 72
168554 71
168555 70
168556 71
168637 72
168643 71
168646 70
168646 69
168646 68
168647 68
168647 67
168710 66
168717 67
168809 68
168817 69
168842 70
168848 69
168851 68
168861 67
168894 68
168932 67
168937 68
168955 67
169013 66
169021 65
169027 66
169030 65
169121 66
169132 67
169145 68
169153 67
169153 66
169171 67
169185 68
169185 69
169191 68
169241 69
169249 68
169249 67
169259 68
169265 69
169268 70
169271 69
169275 68
169280 67
169315 66
169329 67
169358 68
169375 67
169381 66
169382 65
169382 66
169422 67
169461 68
169469 67
169469 66
169498 65
169498 64
169498 63
169498 62
169556 61
169556 60
169557 61
169574 60
169575 59
169598 60
169601 61
169665 62
169677 61
169677 62
169681 61
169687 60
169690 59
169715 60
169718 61
169721 60
169721 61
169757 60
169769 61
169817 62
169832 63
169849 64
169858 65
169888 66
169901 67
169913 68
169941 69
169957 68
170029 67
170031 67
170033 68
170034 68
170035 67
170035 68
170049 69
170093 68
170128 69
170133 70
170173 71
170189 72
170189 73
170213 74
170216 73
170226 74
170232 75
170258 74
170267 73
170270 74
170270 73
170275 73
170277 72
170280 71
170283 70
170335 71
170345 70
170410 69
170420 70
170438 69
170441 68
170501 67
170501 66
170505 67
170510 66
170510 65
170530 66
170633 67
170645 68
170650 69
170652 68
170662 67
170665 66
170686 67
170687 68
170692 67
170696 68
170701 68
170725 69
170736 68
170756 69
170785 68
170797 67
170805 68
170809 69
170895 70
170971 69
170972 68
170989 67
171029 66
171067 65
171077 66
171080 65
171126 66
171149 67
171150 68
171204 69
171205 70
171217 69
171241 70
171250 71
171253 70
171254 69
171257 70
171258 70
171265 69
171267 70
171269 69
171329 70
171450 71
171463 72
171512 71
171567 72
171576 73
171584 72
171608 71
171616 70
171649 71
171704 72
171710 71
171716 72
171725 73
171731 74
171753 75
171765 76
171830 75
171849 76
171862 75
171864 74
171869 74
171879 75
171887 75
171933 76
171959 77
171964 76
172010 75
172017 76
172030 77
172032 76
172103 77
172219 76
172233 75
172235 74
172340 75
172371 76
172373 77
172386 76
172393 77
172396 76
172402 75
172427 76
172436 77
172441 76
172444 77
172568 78
172582 77
172585 76
172853 77
172860 76
172871 77
172892 76
172894 77
172918 76
172965 77
173147 78
173158 79
173167 80
173169 79
173170 78
173304 79
173361 80
173366 81
173369 82
173376 83
173381 82
173552 81
173609 82
173633 83
173808 84
173818 83
173819 82
173939 83
174010 84
174321 83
174506 84
174509 83
174513 82
174518 81
174519 80
174568 81
174891 80
174948 81
174953 80
174965 81
175017 80
175018 81
175111 80
175228 81
175456 82
175465 83
175653 84
175670 85
175732 84
176163 85
176174 84
176582 83
176592 84
176868 83
177017 82
177034 83
177038 82
177040 81
177048 80
177048 79
177213 78
177321 79
177410 80
177414 81
177493 82
177499 83
177732 84
177734 83
177738 84
177742 83
177815 82
177911 81
177959 82
178073 83
178081 82
178166 83
178379 84
178383 83
178385 82
178394 81
178400 82
178442 81
178450 82
178653 81
178717 82
178765 81
178803 80
178898 81
178949 82
179032 83
179053 84
179099 85
179524 86
180667 85
180685 84
181193 85
181592 84
181793 85
182134 86
183111 85
183720 84
184147 85
184291 84
184311 83
184325 82
184341 83
184872 82
184948 83
185103 84
185141 85
185237 84
185302 85
185600 84
185824 83
185861 82
185873 83
186047 84
186096 83
186230 82
186488 81
186673 82
187032 83
187307 84
187313 85
187586 86
188102 85
188865 86
189149 85
189459 84
190231 85
190439 84
190523 83
190721 82
190757 83
191293 84
191324 85
191611 84
191698 83
191728 82
191741 81
191814 82
192176 83
192277 82
192325 83
192659 82
192806 83
192954 84
192970 83
193002 82
193129 83
193265 82
193280 83
193374 84
193640 83
193954 82
194072 83
194077 84
194342 85
194666 84
194825 85
194828 84
194848 83
194852 82
194893 83
195469 84
195481 85
195806 86
195992 85
195996 84
196374 85
196681 86
196867 85
197081 84
197084 83
197568 84
197924 85
197935 84
198167 85
198747 84
198749 83
198749 82
199083 83
199092 82
199095 81
199095 80
199102 79
199120 78
199145 77
199159 78
199194 79
199423 80
199445 81
199458 80
199459 79
199465 78
199538 77
199575 78
199649 79
199828 78
199831 79
199837 78
199848 77
199899 76
199939 76
199974 77
199976 76
199978 75
199980 74
199982 75
199987 74
199989 74
200009 75
200017 74
