0 0
0 0
0 0
8 0
30 1
37 2
89 3
93 4
104 4
105 5
108 5
137 6
145 7
153 8
161 8
174 8
175 8
175 7
188 8
189 8
200 8
234 9
333 10
337 11
341 11
342 11
343 11
344 10
345 10
401 11
410 11
421 12
429 11
430 10
430 11
430 11
481 12
481 13
520 13
521 14
530 14
533 14
537 14
550 15
565 16
583 17
587 16
587 15
588 15
590 15
591 16
591 16
592 15
598 14
602 14
648 15
661 16
682 17
693 17
700 18
703 18
707 18
711 17
720 18
723 18
728 18
745 19
798 19
801 19
813 20
819 20
825 21
852 22
863 23
878 24
922 24
930 25
957 24
958 24
959 23
967 23
977 24
1013 24
1017 25
1028 26
1029 25
1037 25
1058 26
1060 27
1061 28
1070 28
1076 29
1098 30
1101 31
1106 31
1117 32
1119 33
1122 33
1146 34
1157 35
1164 34
1165 35
1190 36
1212 37
1214 37
1218 37
1237 38
1268 39
1312 40
1321 41
1330 42
1333 43
1340 44
1352 44
1370 45
1372 44
1373 44
1378 44
1381 43
1383 42
1384 42
1386 41
1387 41
1407 42
1421 43
1448 43
1453 44
1455 45
1461 44
1501 45
1511 46
1517 45
1522 44
1533 45
1593 46
1597 45
1610 46
1631 47
1645 48
1675 49
1713 50
1723 49
1745 50
1759 51
1885 51
1888 50
1893 50
2004 49
2008 50
2012 49
2018 49
2046 50
2050 51
2052 52
2056 51
2062 51
2097 52
2105 53
2212 54
2223 53
2285 54
2299 55
2306 56
2308 57
2311 56
2318 57
2393 58
2430 59
2540 60
2623 61
2659 60
2677 60
2681 60
2707 60
2755 61
2775 60
2778 59
2805 60
2837 61
2979 62
3002 61
3004 60
3006 61
3017 60
3018 59
3067 60
3079 61
3081 60
3138 60
3139 61
3143 60
3185 59
3191 60
3197 59
3424 60
3429 59
3436 60
3443 59
3475 59
3497 60
3520 60
3533 61
3550 62
3564 61
3598 60
3605 61
3620 62
3626 62
3628 62
3634 63
3681 62
3684 63
3726 64
3785 65
3789 64
3800 65
3881 64
3913 63
3919 64
3923 65
3932 64
3935 63
3936 62
3938 61
3952 62
3966 61
3975 60
4010 60
4018 61
4021 60
4026 59
4028 58
4032 58
4048 59
4101 59
4102 58
4102 58
4194 59
4267 60
4275 59
4283 58
4306 57
4311 56
4341 57
4347 57
4358 57
4400 56
4408 57
4434 56
4459 55
4463 56
4470 56
4480 55
4553 56
4590 57
4593 58
4599 57
4604 56
4614 57
4618 58
4623 59
4627 60
4649 59
4650 58
4656 57
4657 58
4679 59
4725 60
4743 60
4780 61
4783 62
4789 63
4790 62
4792 61
4796 60
4797 59
4801 59
4853 60
4862 60
4862 59
4862 58
4869 57
4875 58
4917 59
4923 58
4932 59
4952 60
5007 61
5025 60
5048 61
5094 62
5094 62
5100 63
5103 63
5107 62
5114 61
5125 62
5126 63
5150 62
5156 61
5161 60
5165 59
5166 58
5197 59
5199 58
5254 59
5294 60
5321 61
5352 62
5362 63
5369 64
5389 63
5390 64
5404 65
5410 66
5413 65
5417 66
5421 65
5425 64
5426 64
5426 63
5426 62
5477 63
5480 62
5481 61
5486 60
5541 61
5548 60
5553 61
5569 62
5574 61
5577 60
5578 59
5580 58
5591 58
5592 59
5594 58
5631 59
5677 60
5682 61
5705 62
5708 63
5756 64
5770 65
5775 65
5779 64
5783 63
5860 64
5929 65
5946 64
5946 63
5953 64
5967 63
5968 62
6010 61
6041 62
6050 61
6054 60
6106 61
6110 60
6110 59
6115 58
6120 57
6121 57
6122 57
6122 57
6123 56
6137 56
6157 57
6165 58
6165 58
6165 59
6178 59
6185 58
6185 59
6193 58
6225 59
6253 60
6259 61
6261 60
6281 61
6289 60
6329 59
6376 60
6416 61
6425 60
6441 61
6448 60
6454 59
6455 58
6459 59
6459 58
6462 57
6518 56
6524 57
6539 56
6540 57
6548 58
6583 59
6589 58
6606 59
6609 58
6614 57
6643 58
6681 59
6715 60
6715 61
6715 62
6720 63
6723 62
6758 63
6761 62
6799 61
6807 60
6818 59
6842 60
6846 59
6860 60
6861 59
6862 60
6863 59
6864 58
6869 59
6871 58
6871 57
6872 56
6873 55
6879 56
6917 55
6928 54
6941 55
6963 56
7028 57
7045 58
7053 58
7063 59
7071 60
7073 61
7074 61
7077 62
7078 61
7088 60
7093 61
7123 62
7126 61
7126 60
7140 61
7169 60
7197 61
7217 60
7232 59
7235 58
7235 59
7240 58
7241 57
7248 56
7249 55
7250 54
7254 53
7283 54
7315 55
7331 54
7331 53
7333 54
7338 53
7341 52
7343 53
7344 53
7361 54
7365 53
7390 54
7394 53
7427 54
7475 55
7476 56
7484 57
7487 56
7490 55
7492 54
7504 53
7530 54
7540 55
7542 56
7552 57
7556 58
7566 57
7568 58
7580 59
7583 59
7613 58
7615 57
7620 56
7632 55
7635 56
7672 57
7691 58
7694 59
7695 60
7702 59
7702 58
7707 57
7745 58
7755 59
7779 60
7823 61
7862 62
7874 63
7920 64
7923 65
7935 66
7938 65
7946 65
7963 66
7967 65
7993 64
8022 65
8025 66
8028 67
8033 66
8036 65
8041 66
8046 65
8046 65
8048 64
8048 63
8082 64
8092 63
8092 64
8093 65
8100 64
8129 63
8143 64
8143 65
8143 64
8144 65
8150 64
8177 65
8188 66
8193 66
8252 67
8285 68
8292 67
8322 66
8370 67
8370 66
8377 65
8408 64
8434 65
8461 64
8476 65
8496 64
8496 65
8521 64
8544 65
8573 66
8590 67
8638 68
8683 69
8690 68
8701 67
8750 68
8783 69
8786 68
8786 67
8786 68
8793 69
8801 68
8804 67
8805 66
8844 67
8858 66
8863 66
8864 67
8871 68
8897 69
9026 70
9033 70
9034 69
9035 70
9039 70
9039 70
9045 71
9073 70
9107 71
9138 72
9149 71
9207 72
9281 71
9286 72
9289 73
9370 74
9405 73
9453 74
9480 75
9486 76
9524 75
9562 76
9563 76
9618 77
9742 78
9750 77
9750 76
9822 77
9831 78
9831 77
9845 76
9850 77
9851 76
9858 77
9899 76
9914 75
9922 76
9922 77
9930 76
9933 77
9941 76
10002 77
10029 78
10039 77
10047 76
10047 75
10049 74
10250 75
10301 74
10307 75
10346 76
10366 75
10414 76
10424 77
10656 76
10691 77
10716 78
10779 77
10852 78
10853 77
10856 76
10865 77
10892 78
10909 77
11016 78
11100 79
11110 78
11122 77
11123 76
11192 77
11261 78
11350 79
11350 80
11381 79
11453 78
11572 79
11585 78
11698 79
11702 78
11766 77
11802 78
11823 77
11835 76
11849 75
11852 74
11855 73
11888 72
11893 73
11943 72
11984 71
12009 72
12023 73
12099 72
12132 71
12138 72
12202 73
12238 74
12269 75
12310 76
12340 77
12352 76
12365 77
12438 78
12489 79
12528 80
12576 79
12673 80
12695 79
12717 80
12790 81
12858 82
12866 81
12974 80
13001 81
13037 82
13080 81
13098 80
13098 79
13100 78
13195 79
13272 78
13276 79
13490 80
13574 81
13621 80
13654 79
13670 80
13677 79
13745 78
13792 79
13930 80
13961 81
14007 80
14102 79
14143 78
14148 79
14218 78
14488 77
14512 78
14599 79
14612 80
14658 81
14758 80
14844 81
14875 82
14984 83
15119 84
15159 83
15159 82
15162 81
15474 80
15490 79
15503 78
15574 77
15597 76
15617 77
15617 76
15681 75
15695 74
15793 75
15881 74
15882 73
15904 74
15923 75
15988 76
16061 75
16061 74
16130 73
16173 74
16235 75
16236 76
16260 77
16279 78
16290 79
16297 80
16399 79
16406 78
16416 77
16421 76
16509 75
16518 74
16526 75
16541 76
16624 77
16687 78
16694 77
16758 76
16806 75
16806 74
16815 73
16914 72
16922 73
16936 74
16938 75
16958 74
17006 75
17041 76
17057 77
17111 76
17112 75
17170 76
17170 77
17223 78
17234 79
17241 78
17305 79
17306 80
17366 79
17430 80
17448 79
17453 80
17454 79
17582 78
17588 79
17622 80
17760 81
17821 80
17822 79
17822 78
17918 77
18045 76
18130 77
18170 78
18197 77
18297 78
18315 77
18390 78
18406 79
18442 78
18443 79
18443 80
18479 79
18582 78
18588 77
18598 78
18663 79
18739 80
18763 81
18839 80
18871 79
18874 78
18882 79
19084 80
19118 81
19182 80
19199 79
19213 78
19222 79
19306 78
19330 77
19361 78
19402 77
19512 78
19584 77
19597 78
19604 79
19728 80
19766 79
19778 80
19802 81
19922 82
19962 81
19977 80
19998 81
20052 82
20114 81
20218 80
20299 81
20390 80
20436 81
20519 82
20550 81
20571 80
20598 79
20599 78
20626 77
20666 76
20698 77
20708 78
20735 77
20747 78
20807 79
20886 78
21044 79
21148 80
21163 79
21196 78
21289 77
21358 78
21376 77
21386 78
21406 77
21427 76
21482 77
21482 78
21490 79
21539 80
21626 79
21646 80
21666 81
21699 80
21734 79
21756 78
21778 77
21883 78
21894 79
21906 78
22009 77
22128 78
22134 79
22151 78
22157 79
22185 78
22287 77
22362 78
22377 79
22458 80
22579 79
22595 80
22701 79
22738 78
22890 77
22895 76
22909 75
22924 74
22978 75
23015 74
23060 75
23084 76
23087 75
23098 76
23168 77
23378 78
23381 77
23502 78
23515 79
23563 80
23590 79
23622 80
23683 79
23691 80
23720 79
23720 80
23758 79
23823 78
23928 77
23939 78
24082 79
24103 80
24126 79
24180 80
24222 79
24240 80
24246 81
24270 82
24310 81
24317 80
24330 79
24374 78
24489 79
24523 80
24539 81
24742 80
24790 81
24819 82
24862 83
24871 82
24886 83
24899 82
25027 83
25114 82
25122 81
25138 80
25138 79
25146 78
25218 79
25233 80
25341 79
25382 80
25402 79
25409 80
25467 79
25518 78
25578 79
25615 78
25632 79
25719 78
25766 79
25854 78
25891 77
25992 76
26006 77
26009 78
26172 79
26176 80
26206 81
26338 80
26417 79
26427 80
26464 81
26472 80
26550 81
26599 80
26599 79
26603 78
26619 77
26634 76
26640 77
26644 78
26724 77
26798 78
26861 77
26882 78
27013 79
27075 78
27176 79
27194 80
27331 81
27335 82
27577 83
27598 82
27606 83
27611 82
27640 83
27711 84
27751 83
27835 82
27970 81
28038 80
28046 81
28114 82
28116 81
28178 80
28244 79
28321 78
28374 79
28455 80
28466 81
28594 82
28602 81
28639 82
28785 83
28833 82
28931 81
28938 82
28946 81
29022 82
29118 81
29142 82
29178 81
29197 82
29251 81
29302 80
29323 79
29324 78
29327 79
29461 78
29558 79
29597 78
29632 79
29693 80
29713 79
29802 80
29927 81
29973 80
30024 81
30074 82
30274 83
30306 82
30318 83
30433 82
30484 83
30603 84
30624 83
30664 82
30786 81
30792 80
30800 81
30827 80
30912 81
30934 80
31094 81
31105 80
31208 81
31441 80
31458 79
31464 78
31542 77
31542 76
31618 77
31645 78
31663 79
31732 80
31744 81
31821 82
31939 81
31958 82
32010 81
32081 82
32176 81
32273 82
32321 81
32509 82
32530 81
32539 80
32544 79
32546 80
32874 79
32902 78
32902 77
32910 78
32967 77
32994 76
33004 77
33028 76
33033 75
33046 76
33078 75
33144 76
33245 77
33283 76
33302 75
33307 74
33348 75
33354 76
33399 77
33486 78
33552 77
33642 76
33662 77
33690 78
34014 77
34114 78
34119 79
34143 78
34172 79
34182 80
34195 81
34340 80
34350 81
34380 82
34416 81
34473 80
34478 81
34515 82
34534 81
34572 82
34650 81
34666 82
34692 81
34707 80
34806 79
34932 78
34946 77
35049 78
35061 79
35100 80
35101 79
35104 78
35105 77
35109 76
35139 75
35200 76
35250 75
35422 76
35503 77
35511 76
35512 75
35541 76
35650 75
35689 76
35698 77
35704 76
35727 75
35762 76
35850 75
35852 76
35858 75
35886 74
35894 73
35965 74
35967 75
36013 74
36016 75
36024 74
36102 75
36192 76
36224 75
36228 74
36228 75
36252 76
36256 75
36316 76
36326 77
36342 78
36373 79
36437 78
36527 79
36530 78
36585 77
36599 76
36607 77
36659 78
36678 79
36732 78
36742 77
36762 78
36908 79
36908 78
36912 77
36919 76
36920 75
36922 74
36949 73
36959 74
37024 73
37031 74
37056 75
37069 74
37081 73
37081 72
37151 73
37159 72
37160 71
37162 70
37163 70
37172 69
37230 70
37323 71
37329 70
37330 69
37332 70
37346 69
37358 68
37444 67
37450 66
37517 67
37526 66
37528 67
37554 68
37556 67
37561 68
37568 67
37659 68
37680 67
37703 68
37717 69
37719 70
37761 71
37773 70
37869 71
37873 70
37878 71
37880 70
37928 71
37938 72
37978 71
37978 70
37980 71
37982 72
38003 73
38011 72
38031 71
38050 72
38094 73
38141 74
38151 73
38160 72
38160 71
38164 70
38169 69
38175 70
38178 71
38178 72
38179 71
38183 72
38186 71
38190 72
38191 72
38193 71
38196 70
38196 69
38198 68
38198 67
38198 66
38225 67
38286 68
38301 67
38302 66
38319 67
38326 68
38334 67
38346 66
38353 65
38354 66
38400 65
38469 66
38490 67
38531 66
38559 65
38629 64
38640 63
38684 64
38695 63
38696 64
38707 63
38707 62
38707 61
38770 62
38785 63
38789 62
38806 63
38893 64
38917 65
38936 66
38937 65
38958 66
38958 65
38961 64
38961 65
38964 64
38968 63
38974 64
38986 65
38998 64
39060 65
39078 65
39096 66
39106 65
39130 66
39138 67
39157 66
39163 65
39165 66
39166 67
39168 66
39171 67
39174 66
39174 66
39179 67
39202 68
39206 69
39210 69
39210 68
39218 68
39226 67
39254 66
39254 65
39255 66
39308 67
39318 68
39334 67
39337 68
39364 69
39454 70
39454 71
39461 72
39465 71
39544 70
39586 71
39586 70
39587 69
39589 68
39630 69
39726 70
39755 71
39760 72
39772 71
39796 72
39799 73
39821 74
39843 75
39893 76
39903 77
39950 76
39954 75
39954 74
39958 75
39974 74
39978 73
39978 73
40102 72
40176 73
40178 72
40178 73
40181 72
40223 73
40225 74
40234 75
40241 74
40242 73
40275 74
40286 75
40342 76
40345 77
40370 78
40371 77
40375 76
40378 75
40437 76
40554 75
40559 74
40559 73
40567 72
40630 73
40703 74
40726 73
40794 74
40847 73
40899 72
40902 73
40911 72
40922 71
40946 72
40974 73
40981 72
40991 71
41006 70
41036 71
41072 72
41081 73
41082 72
41137 73
41150 74
41186 75
41217 74
41218 73
41293 74
41314 75
41358 76
41360 77
41408 78
41417 77
41516 78
41547 77
41550 78
41595 79
41618 78
41643 79
41702 80
41952 79
41961 80
42011 79
42037 80
42039 79
42043 78
42049 79
42064 78
42082 79
42171 80
42175 79
42175 79
42187 78
42188 77
42216 76
42239 77
42245 76
42248 75
42253 74
42260 73
42300 72
42366 73
42373 74
42406 75
42412 74
42413 73
42420 72
42425 71
42477 72
42478 71
42555 72
42616 73
42646 74
42690 75
42748 76
42776 75
42827 76
42846 75
42853 74
42854 73
42864 72
42871 71
42878 70
42904 71
42913 72
42918 71
42961 72
42985 73
43004 74
43020 73
43043 74
43053 75
43056 74
43060 73
43060 72
43078 71
43093 72
43105 71
43107 70
43112 70
43114 69
43122 68
43275 67
43287 68
43354 69
43379 70
43394 71
43439 70
43447 69
43477 68
43492 69
43494 68
43500 68
43507 69
43515 68
43550 67
43562 68
43644 67
43681 68
43692 69
43698 68
43699 69
43718 70
43767 71
43774 70
43778 69
43781 69
43784 68
43795 68
43805 69
43825 68
43828 69
43862 68
43862 67
43877 66
43888 67
43901 68
43914 67
43952 68
43960 67
44012 68
44015 67
44026 66
44081 67
44082 67
44085 66
44086 65
44089 65
44092 64
44093 63
44096 62
44102 63
44120 64
44126 63
44146 64
44177 65
44234 64
44242 63
44280 64
44287 65
44297 64
44305 63
44321 62
44331 61
44333 62
44334 61
44336 60
44385 61
44386 60
44398 59
44398 58
44433 59
44434 60
44452 61
44518 62
44525 61
44565 60
44566 59
44569 60
44573 59
44573 59
44583 60
44586 61
44606 60
44606 59
44626 60
44635 61
44672 62
44692 61
44706 62
44723 63
44774 64
44809 65
44831 66
44833 67
44842 66
44845 67
44846 68
44847 67
44868 66
44873 67
44875 66
44947 67
44955 68
44956 69
44985 68
44995 69
45000 68
45037 69
45048 68
45052 69
45054 68
45054 67
45058 66
45064 65
45153 64
45163 65
45211 64
45211 63
45212 62
45213 61
45216 61
45221 60
45222 60
45223 59
45258 60
45288 61
45313 62
45314 63
45314 64
45319 63
45329 62
45346 63
45350 62
45350 61
45350 60
45352 61
45369 60
45370 61
45377 60
45378 59
45386 58
45403 57
45405 58
45452 59
45456 58
45457 59
45461 58
45462 59
45471 58
45519 59
45520 59
45523 58
45539 57
45555 56
45571 57
45572 56
45572 57
45590 58
45701 59
45701 58
45701 59
45737 60
45744 59
45744 58
45744 57
45747 58
45759 59
45766 60
45767 59
45767 58
45777 57
45811 58
45829 57
45837 56
45954 57
45955 56
45960 57
45962 56
45964 55
45966 54
45971 55
45972 54
45983 55
45987 54
45988 55
45989 54
46008 53
46008 53
46009 53
46012 53
46013 54
46018 53
46018 52
46018 51
46020 50
46023 50
46062 49
46074 48
46089 49
46094 50
46102 49
46106 48
46125 47
46148 46
46185 45
46188 46
46190 45
46196 46
46201 47
46205 48
46209 47
46209 47
46210 46
46212 45
46213 46
46246 47
46254 46
46254 45
46254 44
46257 45
46264 44
46265 43
46269 44
46289 45
46330 46
46331 46
46331 47
46338 47
46384 48
46410 49
46411 50
46422 49
46424 50
46429 49
46435 50
46448 51
46454 50
46464 49
46465 49
46468 48
46468 49
46474 48
46475 47
46476 46
46478 47
46487 48
46523 49
46524 50
46525 49
46532 50
46537 49
46561 50
46570 49
46573 50
46573 49
46577 50
46590 51
46594 50
46598 50
46602 49
46602 48
46608 49
46615 50
46619 49
46631 50
46645 51
46646 52
46663 51
46670 52
46703 53
46708 54
46718 55
46725 55
46729 56
46731 55
46734 54
46738 55
46777 56
46794 57
46798 58
46806 57
46806 56
46806 55
46807 54
46838 53
46849 54
46861 55
46864 54
46892 55
46895 54
46916 55
46918 56
46949 57
46950 58
46964 57
46970 58
46973 59
46984 60
47020 61
47020 60
47030 61
47070 62
47084 63
47092 62
47092 62
47098 63
47099 62
47104 61
47114 62
47124 61
47128 60
47178 61
47182 62
47190 61
47219 62
47219 62
47220 61
47223 61
47225 60
47234 61
47250 62
47251 63
47280 64
47304 65
47304 66
47319 67
47319 68
47361 67
47366 66
47366 65
47370 64
47374 65
47374 66
47395 67
47406 66
47427 67
47463 68
47466 67
47540 68
47560 69
47590 68
47690 69
47715 70
47726 69
47728 70
47741 71
47750 70
47750 69
47754 68
47785 69
47794 70
47814 69
47863 70
47883 71
47890 70
47903 71
47911 72
47911 73
47918 72
47934 73
47954 72
47976 71
47978 72
47994 73
47998 72
48003 72
48003 72
48003 71
48004 70
48033 71
48046 70
48110 71
48118 70
48118 70
48119 69
48119 68
48142 69
48198 68
48220 67
48225 68
48236 67
48243 68
48250 67
48257 66
48300 67
48302 68
48322 69
48327 68
48370 67
48370 67
48426 67
48430 66
48430 66
48431 67
48435 66
48590 67
48598 66
48610 67
48610 68
48626 67
48627 66
48633 65
48634 66
48637 65
48638 64
48640 63
48650 62
48650 63
48664 64
48682 65
48687 65
48687 64
48687 64
48702 64
48706 65
48718 64
48718 63
48797 62
48802 63
48810 62
48812 61
48816 60
48834 61
48893 62
48905 63
48937 64
48943 64
48970 65
49058 64
49075 65
49105 66
49147 67
49148 66
49149 65
49163 66
49215 67
49218 68
49218 69
49225 68
49226 67
49226 66
49230 65
49258 66
49289 65
49296 66
49315 67
49323 68
49346 67
49350 68
49382 69
49393 68
49394 69
49422 70
49430 70
49430 69
49430 69
49434 70
49438 69
49462 70
49462 71
49470 70
49484 71
49488 72
49494 71
49497 70
49500 71
49610 72
49622 71
49654 72
49678 71
49722 72
49733 73
49738 72
49767 73
49847 74
49853 73
49859 72
49865 71
49866 70
49869 69
49914 70
49919 71
49930 70
49930 69
49942 70
49945 69
50052 70
50094 71
50133 72
50147 73
50147 72
50150 71
50170 70
50178 71
50182 72
50186 71
50186 70
50193 71
50197 70
50253 69
50311 70
50313 69
50322 68
50322 67
50327 67
50332 67
50332 66
50337 65
50360 64
50363 65
50373 66
50375 65
50389 64
50406 63
50406 62
50406 61
50513 62
50516 63
50517 62
50526 61
50598 62
50601 61
50608 60
50627 59
50629 58
50633 59
50654 60
50654 59
50655 60
50655 61
50655 62
50686 63
50694 62
50714 63
50719 62
50742 63
50755 64
50761 65
50819 66
50831 65
50835 66
50863 67
50877 68
50878 69
50925 70
50931 69
50934 68
50937 67
50938 68
50962 69
50985 70
51029 71
51039 72
51122 73
51124 72
51126 73
51128 72
51155 71
51157 72
51160 71
51167 70
51171 69
51219 70
51222 71
51222 72
51224 73
51308 74
51313 75
51315 76
51323 75
51325 74
51346 75
51357 76
51459 75
51504 76
51515 75
51520 76
51555 75
51558 76
51597 75
51680 76
51685 77
51695 76
51717 77
51730 76
51733 75
51734 74
51775 73
51918 74
51968 75
51978 74
52024 75
52056 76
52095 77
52102 76
52203 77
52215 76
52280 77
52357 78
52365 77
52374 78
52374 77
52382 76
52382 75
52399 76
52422 75
52422 74
52447 75
52450 76
52461 75
52467 74
52499 75
52587 76
52633 77
52909 76
52938 77
52978 78
52986 77
52986 76
52986 75
52994 74
53002 73
53012 72
53017 73
53146 74
53150 73
53170 74
53297 75
53313 76
53320 75
53458 76
53476 75
53503 76
53506 75
53519 74
53534 73
53554 72
53635 73
53650 74
53692 75
53695 74
53762 75
53770 74
53770 74
53771 73
53771 72
53778 71
53814 72
53830 73
53860 74
53870 75
53877 76
53878 75
53886 74
53927 75
53954 76
53962 76
53962 75
53962 74
54022 75
54072 74
54076 75
54085 74
54110 73
54146 74
54205 73
54226 74
54328 75
54350 76
54350 77
54362 76
54362 75
54362 74
54418 75
54425 74
54495 75
54497 74
54583 73
54586 74
54586 75
54634 74
54635 75
54640 74
54712 75
54770 74
54778 75
54826 76
54853 75
54880 74
54895 73
54897 72
54983 73
55009 74
55078 75
55086 76
55185 77
55319 78
55346 77
55352 78
55362 77
55380 78
55390 77
55436 78
55478 79
55521 80
55547 79
55564 80
55573 79
55590 78
55662 79
55759 80
55804 81
55806 82
55910 81
55970 82
56157 81
56181 82
56306 81
56314 80
56316 79
56354 80
56590 79
56635 80
56686 79
56707 80
56774 79
56802 78
56857 79
56897 78
56941 79
57050 78
57050 77
57051 76
57057 77
57064 78
57211 77
57219 78
57234 79
57234 80
57313 79
57346 80
57418 81
57483 82
57567 83
57771 84
57775 83
57778 82
57810 83
57818 82
57834 81
57894 82
57918 81
57926 80
58062 79
58094 78
58123 77
58336 76
58359 75
58380 76
58383 77
58390 78
58511 79
58583 80
58613 79
58641 78
58689 77
58820 78
58832 79
58834 78
58882 79
58906 80
58938 81
58938 82
58980 83
59082 82
59103 83
59144 82
59161 81
59264 80
59281 79
59324 78
59409 77
59418 78
59479 79
59505 80
59758 81
59863 80
60014 79
60025 78
60029 79
60030 80
60131 81
60134 82
60204 81
60270 82
60351 81
60431 80
60435 81
60482 80
60514 79
60602 78
60620 77
60661 78
60741 77
60758 76
60848 77
60942 78
61003 77
61009 76
61019 75
61094 76
61126 75
61148 76
61160 77
61244 78
61410 79
61449 80
61494 79
61527 78
61551 77
61558 78
61656 79
61705 78
61710 77
61758 76
61786 75
61822 76
61834 75
61856 76
61860 77
61930 76
61974 77
61979 78
62017 79
62068 78
62092 77
62207 76
62299 77
62300 78
62335 77
62347 78
62358 79
62402 80
62421 81
62466 82
62534 83
62654 82
62704 81
62785 82
62798 81
62853 80
62971 81
62984 80
62986 79
62993 78
63010 77
63067 78
63126 79
63185 78
63627 79
63656 80
63722 79
63731 78
63733 77
63745 78
63746 79
63778 80
63867 81
63867 82
63901 81
63978 80
63981 81
64096 80
64114 81
64190 80
64225 79
64307 78
64370 79
64466 78
64495 79
64511 78
64561 77
64655 78
64726 77
64759 76
64876 75
64877 76
64911 77
65027 78
65150 79
65196 80
65235 79
65325 78
65362 79
65386 80
65395 81
65506 80
65539 79
65606 78
65626 79
65860 80
65933 79
65946 78
65947 77
65970 76
65978 77
65984 76
66015 77
66073 78
66094 79
66094 80
66155 79
66184 78
66310 79
66317 78
66346 77
66394 76
66394 77
66410 78
66430 77
66478 78
66506 79
66586 80
66609 79
66688 78
66694 79
66696 78
66764 77
66866 76
66879 75
66890 76
66970 77
66974 78
67014 77
67102 78
67128 77
67142 78
67145 79
67174 80
67227 79
67229 80
67396 81
67430 80
67440 79
67441 78
67486 77
67488 76
67519 77
67614 76
67647 77
67660 76
67672 77
67672 78
67686 79
67750 78
67806 77
67806 78
67819 77
67820 78
67825 77
67828 76
67831 75
67836 74
67836 73
67840 73
67851 73
67936 72
67968 71
67999 72
68012 71
68025 72
68035 71
68037 70
68037 69
68062 70
68095 71
68098 72
68110 71
68113 70
68147 69
68170 68
68236 69
68240 68
68242 69
68248 68
68249 68
68249 69
68254 68
68254 67
68268 68
68287 69
68356 70
68366 69
68404 68
68434 69
68466 70
68550 71
68674 72
68680 73
68694 72
68700 73
68706 73
68706 72
68707 71
68733 72
68754 73
68776 72
68789 73
68927 74
68930 73
68954 74
69035 73
69087 74
69123 75
69167 76
69177 75
69178 76
69184 75
69214 74
69242 75
69252 76
69284 77
69307 78
69310 77
69337 76
69350 75
69360 76
69365 75
69390 76
69400 75
69402 76
69433 77
69472 78
69508 79
69515 80
69526 79
69530 78
69531 77
69655 76
69682 75
69683 74
69725 73
69738 72
69762 71
69810 72
69815 71
69818 70
69822 69
69837 68
69846 67
69869 68
69898 67
69958 68
69994 69
70048 68
70057 67
70160 68
70170 69
70170 70
70194 70
70201 71
70202 70
70203 69
70203 68
70212 69
70227 70
70264 71
70288 70
70289 69
70291 68
70341 69
70342 70
70342 69
70344 68
70350 67
70356 66
70394 67
70410 68
70421 69
70422 68
70486 69
70509 68
70620 67
70676 68
70684 69
70742 70
70746 71
70831 72
70835 71
70835 70
70882 71
70898 72
70899 73
70907 74
70923 75
70926 74
70926 75
70929 74
70932 73
70957 72
70958 73
70961 74
70977 75
70979 74
70980 75
71115 76
71116 75
71118 74
71124 73
71131 72
71149 71
71151 72
71155 71
71166 70
71166 69
71182 70
71215 69
71254 70
71328 71
71345 70
71346 71
71352 70
71359 69
71359 70
71386 71
71452 72
71469 71
71482 72
71489 71
71504 72
71518 73
71566 74
71608 75
71631 74
71672 73
71712 74
71720 75
71720 76
71724 75
71727 74
71806 75
71821 74
71831 75
71866 76
71953 75
71956 76
71960 77
72010 76
72031 75
72060 76
72079 77
72100 76
72105 75
72191 76
72348 77
72358 76
72393 75
72439 74
72441 75
72441 74
72464 73
72469 72
72487 71
72507 72
72517 71
72554 72
72561 71
72599 72
72686 71
72689 72
72757 73
72759 74
72812 75
72824 76
72829 75
72902 76
72930 77
72941 78
72952 77
72952 76
72955 75
72955 74
72957 74
72957 73
72986 74
73018 73
73031 74
73040 73
73053 74
73075 75
73091 76
73099 77
73126 76
73141 75
73185 76
73250 75
73271 76
73280 75
73282 74
73306 73
73317 72
73324 71
73342 72
73391 71
73528 70
73530 71
73532 70
73541 69
73576 70
73583 71
73586 70
73605 69
73617 70
73621 69
73643 70
73667 71
73738 72
73814 73
73818 72
73858 73
73891 74
73959 75
73962 76
73969 75
73973 74
74023 75
74068 76
74082 77
74114 76
74115 75
74115 74
74130 73
74191 74
74210 75
74246 76
74309 75
74314 76
74322 75
74369 76
74376 75
74422 76
74495 77
74518 76
74518 76
74530 75
74531 74
74590 73
74648 74
74718 75
74786 76
74815 75
74829 74
74834 75
74842 74
74842 74
74861 75
74862 76
74902 77
75002 76
75088 77
75151 76
75205 77
75312 78
75319 79
75322 78
75338 77
75344 76
75398 75
75418 74
75420 73
75454 74
75455 75
75459 74
75464 74
75478 75
75534 76
75544 76
75589 77
75678 78
75751 79
75809 80
75850 81
75852 82
75885 81
75914 80
75948 79
76038 78
76057 77
76102 78
76107 77
76169 76
76182 77
76200 78
76201 77
76202 76
76204 75
76207 74
76208 73
76213 72
76214 71
76215 70
76326 69
76371 68
76374 69
76383 68
76384 67
76384 66
76407 67
76434 66
76438 65
76443 66
76454 67
76469 66
76470 65
76472 64
76480 63
76482 64
76483 63
76498 64
76510 63
76584 62
76596 63
76674 64
76679 65
76708 64
76709 63
76709 64
76712 65
76746 64
76818 63
76839 64
76840 65
76845 66
76847 65
76947 64
76950 65
76961 66
77010 67
77023 66
77062 67
77063 68
77084 69
77087 70
77089 69
77095 70
77151 70
77154 71
77157 70
77169 71
77219 72
77229 72
77280 73
77283 72
77294 73
77314 74
77357 75
77358 76
77365 75
77391 74
77404 75
77430 76
77539 75
77602 76
77602 77
77690 78
77725 79
77726 78
77733 77
77737 78
77742 79
77899 80
77919 81
77977 80
78028 79
78033 80
78034 79
78041 78
78092 77
78102 76
78128 77
78139 78
78226 79
78231 78
78232 77
78232 76
78275 75
78291 74
78354 73
78359 74
78397 73
78411 74
78512 75
78521 76
78527 75
78598 76
78620 77
78655 78
78740 79
78746 78
78749 77
78805 78
78907 77
78907 76
78918 75
78991 74
78991 73
78994 74
79072 75
79078 74
79100 75
79102 74
79135 73
79151 72
79154 73
79162 73
79192 74
79266 75
79327 76
79335 75
79363 76
79386 75
79435 76
79451 75
79523 74
79527 75
79536 74
79560 73
79567 74
79575 74
79579 75
79683 76
79689 75
79692 74
79693 75
79694 76
79697 75
79700 74
79703 73
79747 74
79747 73
79786 74
79853 75
79882 74
79924 75
79929 74
79939 73
79946 72
79947 71
79947 70
79947 69
79950 68
79954 67
79956 66
80035 67
80042 66
80073 67
80078 66
80098 67
80102 66
80167 65
80177 66
80192 65
80199 64
80261 65
80271 64
80284 63
80289 63
80292 64
80296 65
80327 64
80366 65
80375 66
80404 67
80447 66
80447 65
80449 66
80456 67
80511 68
80544 67
80546 66
80558 67
80559 68
80564 67
80565 66
80567 66
80603 67
80630 66
80639 67
80644 66
80714 67
80735 68
80735 69
80739 68
80740 67
80743 67
80743 66
80743 65
80745 66
80836 67
80864 66
80884 67
80887 68
80915 69
80942 70
80979 71
81004 70
81038 71
81057 72
81114 71
81120 70
81147 71
81155 70
81161 71
81211 70
81258 71
81282 72
81283 73
81295 72
81306 71
81352 70
81353 69
81363 70
81363 69
81371 70
81373 71
81374 72
81473 73
81489 72
81518 73
81566 74
81598 73
81628 74
81683 75
81699 76
81703 75
81751 76
81756 77
81763 76
81765 75
81788 74
81803 75
81815 76
81873 77
82052 76
82071 77
82111 78
82115 77
82139 78
82158 77
82181 78
82330 79
82339 78
82349 79
82391 78
82514 79
82560 80
82562 79
82607 80
82607 79
82613 78
82653 77
82661 76
82780 77
82799 78
82892 79
82919 80
82976 81
82977 80
83069 81
83103 82
83123 83
83166 84
83250 85
83512 84
83523 83
83629 82
83638 81
83735 80
83735 79
83735 78
83735 77
83748 76
83757 75
83947 76
83977 75
84001 76
84001 75
84034 74
84065 73
84146 72
84234 73
84331 72
84342 71
84369 72
84385 73
84391 72
84393 71
84394 72
84396 71
84401 70
84435 69
84479 68
84491 67
84531 66
84551 67
84557 66
84558 65
84595 66
84619 67
84625 68
84627 67
84635 68
84643 69
84663 70
84671 71
84703 72
84719 73
84794 72
84830 73
84847 72
84894 73
84988 74
84990 73
84995 72
85008 72
85019 73
85047 73
85055 72
85116 73
85143 74
85149 75
85160 76
85166 77
85219 76
85219 75
85236 76
85299 77
85303 76
85306 75
85315 76
85320 75
85415 76
85419 77
85437 77
85438 76
85442 75
85444 75
85445 74
85447 74
85540 73
85553 74
85558 73
85673 72
85689 71
85743 72
85762 71
85785 70
85803 71
85817 70
85874 69
85895 70
85913 71
85915 72
85937 73
85945 72
85954 73
85966 72
85975 71
85975 70
85976 69
85984 70
85992 71
86042 72
86068 73
86099 72
86128 73
86141 72
86147 73
86229 74
86243 73
86248 72
86259 73
86309 74
86310 75
86315 76
86334 75
86336 74
86339 73
86405 74
86418 73
86495 72
86511 71
86544 72
86655 71
86657 72
86660 73
86673 74
86678 73
86685 72
86702 72
86709 73
86734 74
86766 75
86792 74
86948 73
86969 74
86980 75
87011 76
87044 76
87048 75
87064 74
87083 75
87130 76
87182 77
87202 78
87222 77
87232 76
87263 77
87357 76
87403 77
87443 76
87443 75
87443 74
87443 73
87506 74
87518 74
87519 73
87521 72
87531 71
87533 70
87534 69
87637 70
87641 69
87645 68
87649 67
87740 66
87745 67
87746 66
87747 65
87747 64
87759 63
87794 64
87807 65
87807 64
87814 63
87816 64
87829 63
87829 62
87832 61
87854 60
87882 59
87916 60
87919 59
87923 58
87929 57
87964 56
87966 57
88007 58
88011 59
88012 58
88014 57
88027 56
88066 57
88105 58
88117 59
88119 59
88187 60
88200 61
88202 60
88207 61
88216 62
88239 63
88240 64
88254 65
88265 66
88276 65
88323 64
88330 65
88335 64
88369 65
88449 66
88456 67
88478 66
88483 65
88503 66
88503 67
88511 67
88511 66
88511 65
88520 64
88523 63
88591 64
88634 65
88639 66
88640 67
88688 68
88717 69
88723 70
88728 69
88748 68
88762 69
88766 70
88804 71
88809 70
88824 69
88852 70
88859 71
88864 72
88870 73
88875 72
88885 71
88927 70
88964 71
88966 72
88967 73
88971 74
88983 73
88986 72
88998 73
89003 74
89011 73
89012 72
89025 73
89028 72
89029 71
89055 72
89104 71
89129 70
89138 69
89160 70
89249 69
89299 68
89299 69
89303 70
89315 71
89318 72
89361 71
89385 70
89392 69
89416 68
89416 69
89418 68
89428 67
89428 68
89428 67
89429 66
89430 65
89435 66
89443 65
89443 64
89443 64
89447 63
89447 62
89449 63
89455 64
89459 63
89459 64
89468 63
89479 64
89503 63
89585 64
89586 65
89588 64
89598 64
89636 63
89655 64
89678 65
89699 66
89707 65
89707 64
89715 63
89755 64
89795 65
89811 65
89815 65
89823 64
89839 63
89843 64
89851 63
89890 64
89899 63
89903 62
89909 61
89955 62
89957 63
89959 62
89973 61
90006 60
90011 61
90021 60
90026 59
90038 58
90039 59
90047 58
90051 57
90055 56
90075 55
90079 56
90086 55
90088 54
90097 53
90098 54
90104 53
90108 54
90136 55
90160 54
90161 53
90191 54
90207 53
90209 54
90220 55
90232 54
90238 53
90267 52
90272 53
90281 54
90293 53
90320 54
90367 55
90406 56
90409 57
90410 58
90427 57
90463 58
90479 59
90491 60
90494 59
90499 58
90499 59
90508 58
90508 57
90521 56
90536 57
90551 56
90560 57
90561 58
90562 59
90570 58
90602 59
90603 60
90622 61
90625 62
90633 61
90643 62
90664 63
90669 64
90693 65
90696 66
90698 65
90699 66
90728 67
90793 68
90801 67
90802 68
90803 67
90805 68
90809 67
90812 66
90812 65
90813 64
90818 65
90830 64
90831 63
90836 64
90839 65
90880 66
90893 65
90894 64
90934 63
90952 62
90971 63
90985 64
91024 65
91031 66
91035 67
91035 66
91043 65
91064 66
91068 65
91083 66
91091 65
91106 66
91159 65
91160 65
91179 66
91228 67
91258 68
91258 67
91259 66
91260 65
91262 64
91278 65
91319 66
91365 65
91400 66
91414 67
91422 66
91450 67
91474 66
91475 65
91475 64
91482 65
91495 66
91495 67
91542 66
91601 67
91626 68
91639 69
91653 68
91661 68
91685 69
91705 70
91722 71
91724 72
91739 73
91795 74
91799 75
91806 74
91806 73
91818 72
91866 71
91880 72
91898 73
91939 72
91971 71
91971 70
91974 71
92002 70
92008 69
92010 68
92035 69
92039 68
92040 69
92064 69
92067 68
92090 67
92132 66
92144 67
92155 68
92201 69
92280 70
92303 71
92318 70
92326 71
92355 70
92355 71
92364 72
92375 73
92411 72
92412 73
92424 72
92503 73
92529 73
92531 72
92531 71
92531 70
92531 70
92535 71
92544 72
92638 73
92696 72
92702 71
92707 70
92732 71
92743 72
92787 73
92795 72
92834 73
92839 74
92911 75
93019 76
93019 77
93027 76
93027 75
93027 74
93032 75
93035 76
93163 75
93167 74
93211 75
93219 74
93244 75
93300 76
93363 77
93371 76
93399 75
93423 74
93431 75
93431 76
93611 77
93630 76
93656 75
93707 76
93730 75
93731 76
93873 77
93900 76
93908 75
93927 76
93939 77
94039 76
94103 77
94174 76
94266 77
94369 78
94383 77
94391 78
94447 79
94473 80
94610 79
94631 78
94636 77
94767 76
94769 75
94773 76
94896 77
94992 78
95020 79
95063 80
95100 79
95136 80
95267 81
95291 80
95330 79
95332 78
95335 79
95396 78
95400 77
95452 78
95464 79
95556 78
95595 77
95785 76
95844 75
95848 76
95931 75
95966 76
95998 75
96033 76
96053 77
96146 78
96186 79
96198 80
96223 79
96249 80
96317 81
96391 82
96400 81
96487 80
96570 81
96595 80
96595 79
96595 78
96598 77
96644 78
96656 79
96704 78
96797 79
96812 78
96823 79
96823 78
96876 77
96979 76
97002 75
97091 74
97255 73
97291 74
97339 73
97351 72
97357 73
97363 72
97369 71
97431 72
97435 71
97435 70
97463 69
97466 70
97505 71
97576 72
97579 73
97579 74
97604 75
97611 74
97619 75
97675 76
97675 77
97705 78
97739 77
97786 78
97789 77
97824 78
97849 77
97867 78
97896 79
98006 80
98091 79
98092 78
98195 79
98225 80
98383 79
98431 80
98451 79
98528 78
98534 79
98559 78
98635 79
98654 78
98712 79
98792 78
98808 77
98832 76
98920 77
99035 76
99042 75
99052 76
99075 77
99092 78
99111 77
99237 78
99268 77
99302 78
99305 79
99321 78
99491 79
99496 80
99511 79
99553 78
99573 79
99586 80
99596 81
99629 80
99656 81
99683 80
99684 79
99716 78
99899 79
99973 80
99979 79
100050 80
100053 81
100078 82
100107 81
100187 82
100210 83
100367 84
100387 83
100414 82
100467 81
100589 80
100677 79
100733 80
100819 81
100859 82
100862 81
100963 80
100972 79
100978 78
101039 79
101047 78
101056 77
101085 76
101125 77
101135 76
101143 75
101143 74
101171 73
101251 74
101259 75
101330 74
101344 75
101420 76
101455 75
101489 76
101536 77
101566 76
101724 77
101727 78
101727 79
101732 80
101785 79
101799 78
101910 79
102015 80
102025 79
102090 80
102226 79
102236 80
102307 79
102359 80
102367 79
102421 80
102475 81
102538 80
102571 81
102578 80
102598 79
102632 78
102673 79
102724 80
102739 79
102797 80
102980 79
102996 78
103076 79
103108 78
103166 79
103215 78
103285 77
103317 78
103343 77
103356 76
103428 77
103446 76
103454 77
103681 76
103708 77
103738 78
103809 77
103839 78
103869 79
103875 78
103967 79
103999 78
104032 79
104052 78
104113 79
104124 78
104203 77
104211 78
104231 77
104239 78
104247 77
104286 76
104347 77
104363 78
104525 79
104533 80
104549 79
104615 78
104657 79
104671 78
104699 79
104747 80
104756 79
104772 80
104791 79
104941 78
105007 79
105033 78
105044 77
105056 76
105099 77
105155 76
105244 77
105283 78
105379 79
105446 80
105494 79
105504 78
105555 79
105711 80
105733 79
105746 80
105793 81
105807 80
105819 81
105906 80
105915 81
105939 80
106040 79
106081 78
106173 79
106177 78
106243 77
106338 78
106342 79
106443 78
106479 79
106483 78
106497 79
106514 80
106557 81
106590 80
106675 79
106699 80
106704 81
106729 82
106734 83
106813 82
106819 81
106923 80
107036 81
107070 80
107075 79
107447 78
107456 79
107519 80
107591 81
107619 82
107671 83
107739 84
107754 83
107755 84
107786 83
107836 82
107838 83
108007 82
108024 81
108040 82
108116 81
108159 80
108349 79
108405 78
108438 79
108465 78
108568 79
108579 80
108779 79
108780 80
108793 79
108795 80
108870 81
108870 80
108871 79
108879 80
108906 79
108934 80
108963 81
109132 80
109177 81
109186 82
109203 81
109215 80
109229 79
109281 78
109324 79
109391 80
109517 79
109540 80
109593 81
109653 80
109693 79
109833 80
109949 79
110019 80
110064 81
110074 82
110158 83
110162 82
110230 81
110303 80
110349 81
110357 82
110390 81
110483 82
110529 81
110575 80
110623 81
110631 80
110664 81
110864 82
111007 83
111064 82
111067 81
111104 80
111155 79
111160 80
111323 81
111465 80
111523 79
111545 80
111547 79
111567 80
111643 79
111692 80
111715 79
111737 78
111819 79
111831 80
111835 79
112023 80
112102 81
112107 82
112173 81
112213 80
112219 79
112311 80
112557 79
112570 78
112582 79
112599 80
112603 79
112677 78
112698 79
112772 80
112784 79
112827 78
112839 79
112867 80
112909 79
112912 78
112932 77
113023 76
113091 75
113095 74
113144 75
113211 74
113314 73
113360 72
113401 71
113413 72
113429 73
113462 72
113468 73
113515 72
113515 71
113515 70
113524 69
113619 70
113630 71
113654 70
113720 71
113720 72
113724 73
113853 74
113866 73
113887 72
113903 73
113931 74
113966 75
113967 74
113974 75
114011 74
114017 75
114099 76
114171 77
114198 76
114243 77
114249 76
114251 77
114339 76
114357 77
114359 78
114417 79
114455 80
114455 81
114515 80
114635 81
114815 80
114868 81
114991 82
115042 83
115093 82
115143 83
115231 82
115231 81
115258 80
115340 79
115435 80
115648 79
115653 78
115660 77
115697 78
115698 79
115764 78
115840 79
115845 80
115882 79
115936 80
115990 79
116054 80
116127 79
116151 78
116261 79
116290 80
116312 81
116384 80
116391 81
116411 82
116492 81
116534 82
116538 81
116695 82
116729 81
116767 80
116916 79
116918 78
116995 79
117049 80
117112 79
117200 78
117202 77
117207 76
117223 75
117223 74
117254 75
117300 76
117359 75
117511 74
117570 73
117576 74
117591 73
117627 74
117682 75
117711 76
117764 77
117786 76
117799 75
117835 74
117903 75
117917 76
117987 77
117999 78
117999 79
118022 78
118023 77
118044 76
118057 77
118155 76
118175 77
118180 78
118244 77
118298 78
118361 79
118439 80
118503 79
118527 78
118555 77
118629 76
118691 75
118726 74
118758 75
118769 74
118797 73
118812 72
118870 73
118897 74
118911 75
118931 76
118931 77
118931 78
118953 77
119054 76
119219 77
119263 78
119325 79
119354 78
119363 77
119371 76
119412 77
119464 78
119487 79
119572 80
119590 79
119785 80
119878 79
119907 80
119915 79
119917 80
119943 81
119991 82
120100 83
120102 82
120200 81
120255 80
120307 81
120436 82
120658 83
120668 84
120874 83
120913 82
120931 81
120931 80
120947 81
120952 80
121067 79
121091 80
121188 79
121219 78
121299 77
121303 78
121352 79
121458 80
121611 81
121731 80
121739 79
121848 78
121883 79
121927 80
121929 79
121939 78
121948 79
121952 78
122119 79
122174 80
122187 81
122219 80
122283 81
122332 80
122338 79
122515 78
122515 77
122522 78
122531 79
122555 78
122606 77
122654 78
122664 77
122692 78
122725 79
122767 78
122826 79
122871 78
122929 79
123003 78
123061 77
123071 76
123071 75
123141 76
123210 75
123254 76
123279 75
123299 74
123414 73
123435 74
123445 75
123500 76
123598 77
123623 76
123640 77
123779 78
123795 79
123819 78
123819 79
123835 80
123866 81
123906 80
123908 79
123955 78
124055 79
124127 80
124190 81
124257 82
124267 81
124355 82
124386 83
124587 82
124623 81
124639 80
124639 79
124662 78
124726 79
124765 78
124876 77
124895 76
124904 77
124988 78
125007 77
125007 76
125043 77
125192 78
125194 79
125243 78
125244 79
125331 80
125343 81
125370 82
125533 81
125631 80
125637 79
125637 78
125647 79
125659 78
125663 79
125731 80
125752 79
125882 80
125887 79
126051 78
126105 77
126219 76
126225 77
126264 76
126331 77
126375 76
126433 77
126447 78
126464 77
126464 76
126469 75
126528 76
126531 75
126555 76
126616 77
126623 78
126767 77
126863 76
126868 77
126915 76
126922 75
126981 76
127007 75
127022 76
127073 77
127170 78
127185 79
127267 80
127309 81
127332 80
127369 79
127559 80
127571 81
127594 82
127616 83
127616 82
127672 81
127696 80
127729 79
127883 80
127900 79
127980 78
127991 79
128164 80
128269 81
128367 82
128372 81
128430 80
128587 79
128618 80
128715 79
128715 78
128716 77
128754 78
128759 79
128795 80
129135 81
129159 82
129256 83
129366 82
129389 81
129411 80
129459 79
129483 78
129538 79
129539 78
129591 79
129615 80
129754 79
129767 78
129809 77
129923 78
129939 79
129951 78
129973 77
130087 76
130119 75
130121 76
130177 77
130178 76
130230 75
130247 76
130257 75
130275 76
130322 75
130324 76
130445 77
130485 78
130528 77
130571 76
130585 75
130687 76
130699 77
130716 76
130847 77
130915 78
130979 79
131017 78
131069 79
131155 80
131193 81
131205 82
131251 83
131263 84
131304 85
131309 86
131339 85
131372 84
131399 83
131403 82
131406 81
131455 82
131529 81
131654 80
131693 79
131944 78
132011 79
132066 78
132073 79
132136 78
132209 79
132210 80
132229 81
132278 82
132298 81
132330 82
132391 83
132423 82
132423 81
132424 80
132725 81
132755 82
132939 83
133007 84
133073 83
133116 84
133191 83
133224 82
133255 81
133333 82
133457 81
133483 80
133667 79
133683 78
133685 79
133757 80
133782 79
133831 78
133932 77
133950 76
133959 75
133971 74
133975 73
134063 74
134079 75
134098 74
134243 75
134258 74
134272 73
134292 72
134352 73
134363 74
134424 73
134482 74
134580 75
134590 76
134594 77
134643 78
134736 79
134752 80
134831 81
134890 82
134919 81
135073 80
135102 79
135115 80
135115 79
135198 80
135238 79
135373 78
135390 77
135396 78
135413 79
135575 80
135690 81
135739 82
135756 83
135775 82
135793 83
135993 82
136050 83
136075 84
136131 83
136231 82
136412 83
136444 82
136463 81
136550 82
136551 83
136700 84
136867 85
136933 84
136954 83
137047 84
137119 83
137136 82
137235 83
137339 82
137392 81
137443 82
137445 81
137493 80
137536 79
137544 80
137598 79
137669 78
137669 77
137672 76
137727 77
137821 78
137822 77
137833 76
137842 77
137927 78
137969 77
137971 76
137998 75
138107 76
138133 75
138146 76
138205 77
138255 78
138290 79
138311 78
138313 79
138355 78
138454 77
138470 78
138496 77
138513 78
138558 79
138571 80
138593 81
138629 82
138654 81
138715 80
138770 81
138788 82
138790 81
138803 82
138823 81
138889 82
138896 81
138899 82
138947 81
139002 80
139103 79
139147 80
139405 81
139480 82
139571 83
139584 84
139981 85
140011 86
140115 85
140127 84
140157 83
140211 82
140230 81
140499 80
140690 79
140711 80
140780 79
140848 80
140920 81
140944 82
141095 83
141101 82
141144 81
141161 80
141179 81
141217 82
141294 81
141302 80
141334 79
141348 78
141383 77
141400 78
141454 77
141560 78
141623 77
141631 76
141664 75
141718 76
141721 75
141743 76
141763 75
141842 74
141879 75
141928 76
141934 77
141956 76
141983 75
142033 76
142044 77
142159 76
142160 77
142203 76
142224 77
142228 78
142274 79
142323 80
142375 81
142490 80
142551 81
142564 82
142636 83
142639 82
142655 81
142679 80
142690 79
142759 80
142816 79
142867 78
142919 79
142963 80
143167 81
143175 80
143184 81
143336 82
143346 83
143561 82
143626 83
143828 82
143876 81
143920 80
143921 79
143940 78
144215 79
144221 80
144321 81
144325 82
144379 83
144398 82
144427 81
144625 82
144723 83
145005 82
145015 81
145023 82
145043 81
145045 80
145049 79
145153 78
145174 79
145203 80
145271 79
145290 78
145371 77
145374 76
145443 75
145539 74
145550 73
145578 74
145650 75
145663 74
145668 75
145688 76
145696 75
145776 74
145839 73
145880 72
145908 71
145911 72
145918 73
145920 74
145956 75
146000 74
146039 75
146039 76
146147 75
146190 76
146191 77
146238 76
146266 77
146316 78
146328 79
146328 80
146381 81
146394 82
146475 81
146513 80
146579 79
146580 78
146721 77
146835 78
146883 77
146939 78
147046 77
147119 78
147191 79
147246 80
147466 81
147470 82
147551 83
147605 84
147628 83
147628 82
147650 81
147684 82
147706 81
147715 82
148072 83
148137 82
148139 81
148151 82
148242 81
148253 80
148334 81
148490 82
148499 83
148709 82
148754 81
148879 80
148885 79
149010 78
149067 77
149085 76
149116 75
149124 74
149144 75
149239 76
149248 75
149259 74
149261 73
149281 74
149292 75
149372 74
149396 73
149437 72
149453 73
149478 72
149496 73
149522 74
149614 75
149615 74
149679 75
149732 76
149801 77
149847 78
149889 79
149993 80
150008 81
150024 82
150099 81
150109 80
150160 81
150178 80
150226 79
150236 80
150277 79
150277 78
150306 79
150423 80
150441 79
150490 80
150592 79
150603 78
150675 79
150676 78
150755 79
150832 80
150835 81
150870 82
151052 83
151065 84
151188 85
151326 86
151337 85
151337 84
151359 83
151425 82
151614 83
151680 84
151840 83
151848 82
151957 81
152046 80
152096 81
152261 82
152364 81
152429 80
152465 79
152548 80
152592 79
152594 78
152715 79
152720 78
152776 77
152795 76
152819 75
152839 74
152846 75
152879 76
152951 75
152952 74
152968 73
152986 72
153080 71
153100 72
153104 71
153192 72
153195 71
153222 72
153239 73
153273 74
153309 75
153359 76
153365 77
153377 78
153405 79
153482 80
153560 79
153592 80
153724 81
153748 82
153880 83
153939 82
153960 81
153981 82
153991 81
154097 82
154300 81
154481 82
154502 83
154565 84
154639 83
154672 82
154828 83
154844 84
154945 83
155040 82
155040 81
155117 80
155129 79
155240 80
155304 79
155557 78
155562 79
155660 78
155685 79
155708 80
155746 79
155752 78
155764 79
155784 78
155789 79
155968 80
156104 81
156132 80
156177 79
156303 78
156406 79
156487 78
156506 77
156522 76
156528 75
156539 74
156653 75
156660 74
156724 75
156729 76
156751 75
156764 74
156781 74
156789 73
156820 72
156831 73
156896 72
156897 71
156897 70
156899 69
156901 70
156955 71
157108 72
157174 73
157177 74
157180 75
157186 76
157194 75
157268 74
157277 75
157340 76
157340 77
157374 78
157433 79
157485 80
157512 79
157556 78
157557 77
157569 76
157569 75
157575 74
157674 73
157705 72
157728 73
157758 74
157780 75
157787 76
157804 75
157856 76
157859 75
157885 74
157949 73
157954 72
157954 73
157957 72
158002 73
158006 74
158008 73
158067 74
158084 75
158126 74
158133 75
158169 74
158174 75
158175 74
158178 73
158208 74
158227 75
158301 76
158302 77
158304 76
158309 75
158309 74
158309 73
158310 73
158359 72
158380 71
158428 72
158435 73
158553 74
158681 73
158691 74
158693 73
158694 74
158697 73
158700 72
158707 71
158748 70
158748 69
158771 70
158773 69
158781 68
158790 69
158792 70
158798 71
158805 72
158832 71
158877 72
158927 73
159059 74
159060 73
159072 74
159100 73
159107 74
159111 73
159145 72
159150 73
159172 72
159176 71
159178 70
159182 69
159188 68
159197 67
159200 66
159268 65
159268 65
159272 66
159288 67
159307 68
159322 67
159323 68
159376 69
159378 68
159388 69
159395 70
159396 69
159396 68
159396 67
159492 66
159532 67
159588 68
159604 69
159611 68
159614 69
159617 69
159617 68
159618 68
159622 67
159630 66
159631 67
159635 66
159636 66
159638 65
159640 65
159642 64
159646 63
159688 64
159703 63
159712 64
159720 64
159721 65
159728 64
159744 65
159836 64
159902 63
159907 62
159908 62
159917 63
159918 62
159920 61
159920 62
159921 62
159996 63
160001 63
160004 63
160008 62
160069 63
160088 62
160140 63
160148 62
160160 63
160168 64
160174 63
160180 62
160236 63
160241 62
160241 61
160253 62
160254 61
160297 62
160350 63
160352 64
160368 63
160373 63
160389 64
160392 63
160403 64
160412 65
160437 66
160442 67
160445 66
160454 65
160455 64
160456 63
160497 62
160525 61
160557 61
160568 62
160574 62
160575 61
160576 62
160580 63
160580 62
160581 61
160584 60
160585 59
160588 58
160588 57
160608 58
160609 59
160624 60
160632 59
160636 58
160647 57
160651 56
160668 57
160716 58
160724 57
160724 56
160724 55
160724 54
160726 54
160728 55
160731 55
160733 55
160735 55
160776 56
160780 55
160789 55
160790 55
160800 56
160804 56
160826 57
160833 58
160836 59
160837 58
160840 57
160844 56
160845 55
160860 56
160875 57
160882 57
160883 57
160884 56
160885 57
160892 57
160948 58
160955 57
160956 56
160960 55
160968 54
160968 53
161004 52
161008 51
161020 52
161021 53
161037 52
161044 53
161047 52
161053 51
161060 52
161061 53
161132 54
161185 55
161216 56
161228 55
161228 54
161238 54
161263 54
161264 55
161273 56
161281 57
161325 56
161326 55
161326 54
161330 55
161337 56
161351 57
161361 56
161406 57
161418 58
161419 59
161431 60
161437 59
161472 60
161477 61
161482 60
161496 61
161500 62
161500 63
161525 64
161528 65
161534 64
161534 63
161538 64
161547 65
161569 66
161570 66
161572 65
161573 64
161578 63
161588 62
161593 62
161596 63
161597 62
161597 62
161600 61
161604 60
161627 61
161640 62
161656 63
161658 64
161670 63
161671 62
161674 61
161675 60
161677 59
161703 60
161708 60
161719 61
161728 60
161730 61
161731 60
161772 61
161780 62
161787 63
161801 63
161803 62
161848 61
161852 60
161868 61
161876 61
161883 60
161890 61
161905 60
161950 61
162009 62
162015 61
162021 60
162022 59
162031 59
162037 58
162039 57
162042 58
162065 59
162074 60
162096 59
162100 58
162120 59
162147 60
162148 59
162168 58
162173 59
162185 60
162185 61
162187 62
162207 63
162247 64
162248 65
162256 65
162258 66
162262 67
162262 67
162264 66
162265 65
162269 64
162270 63
162273 62
162344 63
162345 62
162346 61
162347 60
162348 61
162439 62
162439 63
162440 62
162445 61
162448 60
162450 60
162450 60
162451 61
162452 61
162453 60
162455 59
162485 60
162486 61
162493 61
162496 61
162500 60
162501 61
162504 61
162551 62
162557 61
162572 60
162641 61
162642 62
162643 61
162644 60
162646 59
162655 59
162655 60
162658 61
162663 61
162690 62
162709 61
162714 60
162744 61
162756 60
162756 61
162765 60
162796 61
162812 60
162812 61
162824 62
162842 63
162854 62
162860 62
162860 61
162861 62
162896 61
162899 62
162933 63
162941 64
162965 65
162983 66
162985 65
162989 64
162993 63
162997 62
163025 62
163026 61
163029 60
163045 61
163058 62
163080 63
163120 62
163120 61
163137 60
163140 61
163196 60
163213 61
163220 62
163230 61
163231 61
163232 60
163232 60
163234 59
163236 58
163236 58
163239 57
163255 58
163264 59
163272 59
163272 58
163275 59
163279 60
163280 59
163290 58
163292 57
163386 58
163387 57
163393 56
163408 57
163442 58
163456 59
163481 60
163487 59
163488 60
163489 61
163491 60
163492 60
163492 60
163495 59
163495 58
163504 59
163512 58
163590 59
163596 58
163599 57
163602 56
163605 55
163605 54
163635 55
163651 54
163656 55
163672 56
163676 55
163676 54
163676 53
163717 54
163762 53
163764 54
163778 55
163782 54
163785 54
163785 55
163790 56
163796 56
163797 55
163797 54
163800 53
163818 54
163828 55
163828 56
163887 57
163947 58
163995 57
164012 58
164020 59
164027 60
164044 61
164048 61
164048 62
164066 63
164074 64
164077 65
164084 64
164089 63
164097 62
164112 63
164116 63
164120 63
164120 62
164125 61
164131 62
164145 61
164150 62
164169 63
164174 62
164252 63
164255 64
164256 65
164256 64
164260 63
164260 64
164264 63
164266 62
164268 61
164271 61
164316 62
164327 61
164332 60
164333 61
164344 62
164461 63
164462 62
164488 61
164496 62
164508 61
164508 60
164544 61
164549 60
164550 61
164551 61
164553 60
164556 59
164673 60
164686 59
164730 60
164732 61
164746 60
164752 60
164768 59
164799 60
164800 59
164804 60
164807 59
164824 60
164836 61
164837 62
164842 63
164844 62
164862 63
164880 64
164887 65
164889 64
164889 63
164889 62
164889 61
164920 62
164924 63
164926 62
164926 61
164928 62
164941 62
164968 63
164969 64
165044 65
165049 64
165058 63
165059 62
165096 63
165105 62
165115 63
165129 62
165129 61
165132 62
165169 61
165176 60
165221 61
165224 62
165232 61
165232 60
165240 60
165264 61
165272 60
165276 61
165320 62
165324 63
165326 62
165328 61
165328 60
165333 59
165337 60
165340 60
165348 59
165348 58
165348 57
165348 56
165360 57
165372 58
165379 57
165383 58
165434 57
165460 58
165462 59
165464 60
165469 59
165469 59
165472 58
165472 57
165476 56
165479 57
165480 57
165482 56
165490 55
165492 54
165501 55
165508 56
165536 57
165552 58
165559 57
165561 58
165582 57
165586 56
165616 57
165616 58
165623 59
165662 59
165662 60
165666 59
165676 58
165681 57
165704 58
165749 59
165751 58
165752 59
165754 60
165798 59
165840 58
165840 57
165868 58
165884 59
165904 60
165915 61
165922 60
165952 61
165958 62
165960 61
165964 62
165968 61
165982 62
165986 61
165993 60
166004 59
166018 60
166024 60
166029 61
166036 60
166037 61
166060 62
166080 63
166095 64
166096 65
166104 64
166126 65
166173 66
166184 67
166192 68
166200 67
166204 68
166212 67
166213 66
166214 65
166216 64
166229 65
166236 64
166236 63
166244 63
166244 63
166256 64
166303 65
166331 64
166371 65
166412 64
166417 63
166424 62
166424 61
166433 60
166462 60
166465 61
166469 62
166481 62
166578 61
166604 60
166612 59
166620 58
166620 59
166621 60
166629 61
166636 60
166718 61
166718 62
166737 63
166748 64
166756 64
166756 63
166756 63
166756 62
166760 61
166768 62
166819 63
166830 62
166884 63
166892 62
166903 63
166911 64
166912 63
166917 64
166920 63
166921 64
166931 63
167020 64
167038 65
167076 66
167118 67
167124 68
167128 67
167148 68
167150 69
167212 70
167261 71
167287 70
167323 71
167329 72
167345 71
167348 72
167360 71
167367 70
167368 69
167390 70
167401 69
167402 68
167404 69
167446 70
167463 71
167480 72
167494 71
167500 70
167504 71
167504 72
167512 71
167512 70
167512 69
167517 68
167520 67
167572 68
167588 69
167590 68
167596 67
167596 68
167626 69
167643 68
167663 69
167704 68
167705 67
167710 66
167740 67
167749 66
167749 65
167816 64
167825 63
167869 62
167896 61
167946 62
167953 63
167984 64
168001 63
168002 64
168004 65
168012 64
168012 65
168084 66
168087 67
168088 66
168088 65
168092 64
168097 63
168101 62
168108 63
168115 62
168155 63
168164 64
168167 65
168168 64
168180 63
168180 62
168204 63
168216 63
168220 64
168220 65
168260 66
168276 67
168288 66
168326 67
168334 66
168344 67
168344 68
168360 67
168402 66
168412 65
168418 66
168464 67
168470 66
168474 65
168474 66
168502 67
168556 66
168591 67
168602 66
168607 67
168623 66
168627 65
168639 66
168647 65
168648 66
168653 65
168654 64
168724 65
168752 66
168762 65
168766 64
168772 63
168796 64
168812 63
168831 62
168832 63
168872 64
168884 65
168912 64
168927 65
168928 66
168929 67
168935 66
168937 66
168969 67
168972 68
168972 67
168977 67
168986 66
168990 65
168999 66
169047 65
169051 66
169058 65
169137 64
169137 63
169155 64
169159 63
169178 64
169193 65
169229 66
169244 67
169285 68
169316 69
169341 69
169365 68
169397 69
169420 68
169465 69
169485 70
169496 71
169553 70
169629 71
169632 71
169636 71
169638 70
169639 69
169640 69
169643 69
169648 70
169727 71
169776 72
169803 71
169804 70
169806 71
169810 70
169814 69
169828 70
169858 71
169877 72
169882 71
169882 72
169882 71
169884 70
169888 69
169966 70
169968 69
169999 68
170002 69
170013 68
170018 68
170057 69
170178 70
170188 71
170191 72
170195 71
170200 70
170205 69
170233 70
170264 69
170332 70
170334 70
170346 70
170419 71
170420 70
170430 69
170430 68
170450 69
170454 70
170483 69
170502 70
170504 71
170509 72
170511 71
170516 71
170593 70
170593 69
170659 70
170669 71
170679 70
170680 71
170682 70
170685 70
170688 69
170693 68
170725 69
170796 69
170802 70
170849 70
170850 71
170851 70
170855 69
170862 70
170879 71
170924 72
170926 71
170929 71
170930 70
170931 70
170935 70
170983 71
170998 72
171011 73
171024 74
171038 75
171039 74
171053 73
171103 72
171112 71
171174 70
171174 69
171176 70
171179 69
171181 68
171182 67
171184 66
171191 67
171229 66
171233 67
171244 66
171251 65
171255 64
171260 65
171262 65
171308 66
171385 65
171506 64
171508 65
171514 64
171576 63
171588 62
171592 61
171611 62
171628 63
171672 62
171692 63
171696 64
171704 63
171712 62
171713 61
171746 62
171752 61
171753 62
171760 62
171770 63
171795 64
171832 65
171880 66
171917 67
172011 67
172015 68
172018 67
172019 66
172019 65
172023 66
172044 65
172055 66
172065 65
172067 66
172070 65
172072 66
172084 65
172139 66
172141 67
172200 68
172228 69
172236 68
172267 67
172273 68
172275 69
172281 68
172282 67
172283 66
172294 67
172304 66
172332 65
172349 66
172351 67
172359 68
172360 67
172370 66
172372 65
172381 64
172408 65
172444 66
172452 67
172453 67
172493 66
172494 65
172500 66
172504 67
172504 66
172533 67
172544 68
172627 69
172628 70
172660 69
172743 70
172745 69
172747 68
172800 69
172804 68
172819 67
172829 68
172829 69
172835 70
172838 70
172839 69
172840 69
172842 70
172842 69
172843 70
172844 69
172847 68
172848 67
172848 66
172869 67
172878 66
172879 65
172883 64
172913 65
172924 66
172932 66
172932 65
173079 66
173084 66
173105 67
173119 68
173120 67
173120 66
173121 65
173123 64
173138 63
173141 62
173143 62
173153 63
173189 64
173204 65
173213 64
173213 65
173292 64
173332 65
173345 66
173352 65
173352 64
173354 63
173356 62
173356 61
173357 60
173357 59
173363 58
173366 57
173383 56
173387 56
173387 57
173388 56
173394 56
173421 57
173469 58
173474 59
173475 60
173490 59
173525 60
173535 61
173576 60
173576 59
173577 58
173579 59
173580 58
173635 59
173636 58
173675 59
173676 60
173681 59
173687 58
173687 59
173689 58
173691 57
173793 58
173796 57
173796 56
173796 55
173800 56
173804 55
173804 54
173810 53
173833 54
173837 55
173837 56
173841 55
173851 54
173888 53
173888 54
173909 53
173911 54
173915 53
173915 52
173920 51
173936 50
173948 49
173955 50
173978 51
173992 52
174006 51
174012 50
174021 51
174028 52
174052 51
174059 50
174065 49
174072 50
174081 49
174081 48
174096 47
174101 48
174105 49
174112 50
174119 49
174128 50
174138 51
174142 50
174178 49
174184 50
174185 51
174188 52
174191 51
174197 51
174197 51
174197 50
174197 50
174199 49
174199 50
174200 51
174225 52
174226 51
174227 50
174228 51
174228 50
174233 51
174248 50
174285 51
174303 50
174319 51
174320 50
174321 51
174325 50
174330 49
174375 50
174380 51
174388 50
174420 50
174420 51
174440 50
174440 49
174440 48
174445 49
174449 50
174451 50
174457 49
174458 50
174473 51
174475 52
174484 51
174494 52
174512 51
174518 52
174518 53
174533 54
174533 55
174600 54
174603 55
174608 56
174624 57
174642 58
174733 57
174733 58
174733 59
174737 60
174739 61
174740 62
174747 61
174777 62
174792 63
174800 62
174800 61
174802 62
174804 63
174808 62
174879 63
174880 62
174882 61
174884 60
174895 59
174901 58
174944 59
174952 59
174952 58
174982 59
174983 60
174998 61
174999 60
175003 61
175009 62
175033 63
175051 62
175080 63
175088 62
175135 63
175155 62
175156 62
175163 63
175182 64
175193 63
175200 63
175205 64
175218 63
175244 64
175260 65
175282 66
175283 67
175359 68
175362 67
175368 68
175372 67
175384 66
175394 67
175396 68
175402 67
175410 66
175411 65
175413 64
175414 63
175433 64
175452 65
175496 64
175527 65
175620 66
175687 67
175700 66
175748 65
175767 64
175768 65
175773 64
175777 63
175777 62
175807 63
175864 64
175870 65
175900 66
175905 66
175910 65
175932 66
175932 67
175933 68
175962 69
175989 70
176005 71
176039 72
176059 73
176094 74
176096 75
176109 74
176109 73
176110 72
176112 73
176113 72
176153 73
176175 72
176177 73
176182 74
176195 73
176196 72
176203 71
176273 70
176280 69
176291 70
176296 69
176302 68
176303 69
176317 68
176330 67
176401 68
176416 67
176443 68
176461 69
176464 68
176487 67
176492 68
176520 69
176528 68
176541 69
176554 68
176560 67
176598 68
176608 67
176613 66
176620 67
176622 68
176675 67
176827 68
176839 69
176840 70
176848 70
176886 71
177002 70
177002 70
177003 71
177009 70
177010 69
177042 70
177067 71
177148 72
177155 73
177176 72
177177 73
177184 74
177191 73
177192 72
177200 73
177235 74
177277 75
177281 76
177289 75
177332 74
177333 75
177360 76
177361 75
177363 74
177367 75
177370 74
177403 75
177415 74
177416 73
177422 72
177451 73
177452 72
177478 73
177488 74
177497 73
177497 72
177516 71
177595 70
177601 69
177612 68
177681 69
177740 70
177744 69
177744 68
177760 69
177764 70
177776 69
177785 70
177798 71
177810 70
177859 69
177924 70
177925 69
177934 68
177935 67
177937 66
177954 65
178024 66
178036 67
178050 68
178061 67
178061 66
178080 65
178084 66
178092 67
178179 68
178181 67
178182 68
178187 69
178194 68
178221 69
178225 68
178227 67
178236 66
178260 65
178301 64
178350 65
178352 66
178352 67
178360 66
178360 65
178369 66
178384 67
178386 66
178401 65
178496 66
178498 65
178499 64
178505 63
178506 62
178511 62
178512 61
178512 61
178513 60
178516 61
178544 62
178556 63
178558 64
178587 65
178589 66
178600 65
178635 66
178638 67
178650 68
178650 69
178657 68
178658 67
178665 66
178685 67
178704 68
178718 67
178785 66
178787 65
178818 66
178953 67
178975 66
178976 67
178983 67
178984 68
178987 67
179017 66
179040 67
179063 66
179064 65
179067 66
179093 67
179106 66
179108 67
179150 68
179160 67
179224 66
179226 65
179227 64
179230 63
179232 64
179254 65
179278 66
179288 65
179328 66
179356 67
179365 68
179398 69
179401 70
179407 69
179420 70
179433 69
179455 70
179494 71
179500 72
179528 73
179529 74
179535 73
179538 72
179582 73
179624 72
179630 73
179685 74
179696 73
179696 72
179731 71
179748 72
179755 73
179756 72
179762 71
179765 70
179784 71
179785 70
179792 70
179792 69
179835 70
179845 70
179929 71
179933 72
179976 71
180000 72
180012 73
180012 72
180020 71
180040 72
180105 71
180111 70
180112 71
180150 72
180160 71
180168 72
180168 73
180182 72
180357 73
180416 74
180449 75
180502 76
180511 77
180526 78
180617 79
180621 80
180666 79
180721 80
180735 79
180737 78
180759 77
180769 78
180783 77
180786 76
180792 75
180916 74
180948 75
180975 76
180993 75
181043 76
181256 75
181277 74
181309 75
181311 76
181316 75
181321 74
181324 73
181327 72
181360 73
181360 74
181388 75
181443 76
181458 77
181461 76
181466 75
181467 76
181469 75
181473 74
181702 73
181720 74
181721 75
181728 74
181763 75
181804 76
181821 75
181825 74
181825 73
181897 72
181940 73
181948 72
181948 71
181948 70
181952 69
181979 70
182034 71
182048 72
182096 71
182119 72
182189 71
182243 71
182280 72
182287 73
182293 72
182296 73
182300 72
182301 71
182301 70
182347 69
182404 70
182406 71
182414 70
182420 69
182421 68
182432 69
182432 70
182447 69
182473 70
182483 69
182489 68
182528 69
182628 70
182676 69
182692 70
182714 69
182717 68
182730 69
182740 70
182744 69
182746 68
182751 69
182756 68
182764 69
182765 69
182766 69
182770 68
182940 69
182945 70
182953 71
182968 72
182984 73
182992 72
183000 73
183033 74
183048 73
183114 72
183128 72
183133 71
183234 72
183239 71
183279 72
183279 71
183287 70
183290 69
183325 68
183340 69
183360 70
183384 71
183447 72
183448 73
183463 74
183519 75
183545 76
183553 75
183600 74
183625 75
183633 74
183636 73
183653 74
183820 75
183828 76
183828 77
183920 78
183924 77
183925 77
183927 76
183935 75
183938 74
183949 73
183998 74
184022 74
184054 75
184102 76
184192 75
184207 76
184217 77
184253 78
184295 77
184299 76
184309 75
184403 76
184418 75
184418 74
184426 73
184429 72
184431 73
184433 74
184484 75
184576 74
184580 73
184585 74
184596 73
184660 74
184671 75
184705 76
184707 75
184717 74
184799 73
184811 72
184865 73
184869 72
184904 73
184905 74
184939 75
184980 74
185004 75
185011 74
185038 73
185042 74
185048 73
185130 74
185133 74
185135 73
185158 72
185160 71
185241 72
185277 73
185309 72
185313 73
185336 72
185360 73
185369 72
185370 71
185371 70
185408 69
185460 70
185464 69
185464 68
185468 69
185509 68
185512 67
185522 66
185551 67
185661 68
185671 67
185672 68
185688 69
185747 68
185748 67
185756 68
185786 69
185795 69
185798 69
185810 70
185819 71
185882 72
185889 73
185920 74
185989 75
185990 76
186023 77
186084 78
186084 77
186136 77
186136 76
186136 75
186140 76
186178 75
186179 74
186180 73
186180 74
186209 75
186279 76
186324 75
186353 74
186415 73
186444 74
186446 73
186447 74
186456 75
186460 74
186502 73
186525 74
186579 75
186596 76
186605 75
186605 74
186605 73
186784 74
186785 75
186785 74
186785 75
186801 74
186804 73
186825 72
186831 73
186831 72
186840 73
186868 74
186972 73
187020 74
187028 73
187048 74
187117 75
187132 76
187140 75
187140 74
187218 73
187220 73
187228 74
187233 75
187236 74
187308 75
187326 76
187343 75
187357 74
187389 73
187476 74
187513 73
187547 74
187652 75
187656 76
187660 77
187737 78
187748 79
187756 78
187789 79
187795 78
187866 79
187989 78
188016 77
188083 76
188091 77
188107 76
188108 75
188117 74
188121 75
188124 74
188131 73
188132 72
188157 73
188160 74
188462 73
188466 72
188504 73
188509 72
188510 73
188554 74
188564 75
188564 74
188567 73
188569 72
188592 71
188611 72
188657 73
188714 74
188729 73
188796 74
188804 73
188812 73
188812 72
188875 71
188970 72
188972 73
188980 72
188980 72
188984 71
188988 70
188992 70
188992 69
189039 70
189111 69
189126 70
189133 71
189156 70
189220 71
189225 70
189233 69
189253 70
189259 69
189266 68
189290 67
189354 68
189357 69
189368 70
189370 70
189484 71
189556 72
189597 73
189597 74
189628 73
189720 72
189720 71
189721 70
189743 71
189750 72
189806 73
189810 72
189812 73
189813 74
189818 75
189825 74
189867 73
189903 74
189912 75
189915 74
189921 73
189932 72
189937 71
189959 72
190005 73
190008 72
190008 71
190008 70
190013 69
190036 70
190048 71
190053 70
190084 69
190085 68
190086 69
190097 68
190144 67
190153 68
190160 69
190164 70
190172 70
190175 69
190176 68
190176 67
190205 66
190244 67
190312 68
190330 69
190343 68
190369 69
190369 68
190376 67
190398 68
190399 67
190416 66
190495 67
190497 66
190499 65
190499 64
190505 63
190572 62
190581 61
190623 62
190640 63
190652 63
190666 64
190708 65
190724 66
190736 65
190741 64
190768 65
190769 66
190848 67
190857 66
190902 67
190916 68
190928 69
190972 70
190981 71
190992 70
190996 69
191000 68
191000 69
191000 68
191027 69
191070 70
191086 71
191098 72
191101 73
191113 72
191121 71
191129 70
191131 71
191234 72
191245 73
191260 74
191342 75
191367 76
191374 75
191375 74
191375 73
191377 72
191384 72
191388 71
191388 72
191397 71
191441 72
191464 73
191506 74
191527 73
191589 74
191614 75
191711 76
191720 75
191740 76
191754 75
191759 74
191759 73
191788 74
191849 73
191889 72
191964 73
191973 74
192033 75
192046 76
192056 76
192059 75
192164 76
192172 77
192178 76
192220 77
192236 76
192236 75
192309 76
192343 77
192358 78
192478 79
192495 78
192498 77
192529 78
192537 77
192538 77
192539 76
192600 75
192602 75
192646 76
192658 77
192695 76
192733 75
192794 76
192839 75
192865 74
192870 73
192905 72
192907 71
192933 72
192943 71
192996 70
193067 71
193109 72
193111 73
193112 74
193112 75
193129 74
193133 73
193135 72
193182 73
193195 74
193287 75
193301 76
193304 75
193317 76
193332 77
193344 76
193486 75
193508 76
193526 75
193533 76
193716 77
193780 76
193780 75
193822 76
193822 75
193825 74
193837 75
193860 74
193860 73
193861 73
193863 74
193882 75
193883 76
193903 75
193908 74
193938 73
193985 72
194001 71
194067 72
194185 73
194188 72
194196 73
194208 74
194211 75
194230 74
194233 73
194233 72
194233 71
194272 72
194273 71
194308 72
194320 71
194351 72
194364 73
194388 74
194424 73
194472 72
194487 73
194520 72
194523 73
194558 72
194558 71
194581 72
194610 71
194692 72
194698 71
194788 72
194800 73
194806 72
194823 71
194829 72
194856 73
194872 74
195024 75
195061 76
195070 77
195079 76
195128 77
195131 76
195147 77
195162 78
195178 77
195194 76
195198 75
195204 74
195239 75
195260 76
195311 75
195382 76
195384 75
195392 74
195393 73
195394 72
195409 71
195484 71
195486 72
195490 73
195496 73
195497 72
195505 71
195523 71
195571 72
195587 71
195696 72
195790 73
195791 72
195800 71
195842 72
195930 73
195935 72
196038 73
196053 74
196060 75
196078 76
196087 75
196102 74
196127 73
196208 74
196230 75
196241 74
196243 75
196246 76
196250 75
196251 74
196302 75
196304 75
196317 76
196372 77
196456 76
196560 77
196629 78
196631 79
196697 80
196702 81
196704 80
196743 81
196754 80
196763 81
196808 82
197015 81
197068 80
197071 79
197076 78
197080 77
197102 78
197320 77
197370 78
197396 79
197492 78
197573 79
197584 78
197681 79
197866 80
197872 79
197890 78
197891 77
197922 78
197929 77
197933 76
197935 75
197952 74
197952 73
197961 72
198008 71
198009 72
198030 71
198041 70
198096 71
198116 70
198132 69
198140 70
198141 71
198142 70
198145 71
198180 70
198208 71
198305 72
198306 73
198423 74
198440 75
198475 74
198530 75
198573 76
198600 75
198602 76
198603 77
198620 78
198840 77
198882 76
198892 75
198900 74
198909 74
198940 73
199016 72
199059 73
199101 74
199117 75
199136 74
199144 75
199184 76
199215 75
199280 74
199322 75
199328 76
199328 77
199376 76
199387 75
199388 76
199446 77
199493 78
199524 79
199596 80
199601 81
199693 82
199707 81
199780 80
199787 79
199812 78
199836 77
199836 78
199844 77
199993 76
200088 77
200153 78
200165 77
200182 76
200295 77
200342 76
