0 0
0 0
23 1
25 1
37 1
39 1
53 1
58 2
61 3
69 3
69 3
70 3
73 4
98 5
107 6
122 6
123 7
123 7
123 7
163 7
190 8
195 9
203 10
206 10
209 11
212 12
218 12
229 13
231 13
257 13
282 14
312 15
321 16
323 17
328 17
329 17
346 18
350 19
388 20
394 21
403 21
414 22
419 23
419 24
421 25
424 25
437 24
441 25
446 26
449 26
451 27
453 28
455 29
485 29
504 29
563 29
567 28
578 28
583 28
589 27
589 27
589 27
590 27
591 28
593 29
619 30
649 31
650 32
654 31
656 30
657 30
658 30
661 31
665 31
674 31
674 31
675 31
675 31
675 31
679 32
707 33
733 34
733 35
740 36
742 37
744 38
745 39
768 39
794 38
829 39
830 40
831 41
881 42
893 41
893 40
894 40
916 39
917 38
922 39
959 38
962 37
963 38
965 39
976 40
978 41
981 42
1077 43
1086 44
1101 45
1109 45
1114 45
1141 44
1225 45
1226 46
1233 45
1247 46
1252 47
1301 46
1309 47
1323 46
1369 47
1369 48
1371 49
1413 48
1417 49
1465 50
1467 49
1487 50
1488 51
1500 50
1507 50
1509 49
1514 50
1520 49
1529 50
1534 49
1538 48
1581 49
1591 50
1597 51
1637 52
1638 53
1654 54
1655 55
1732 56
1749 57
1757 56
1768 55
1801 56
1817 55
1865 54
1941 55
1942 56
1949 57
1969 58
1976 59
1989 58
2005 57
2016 58
2016 59
2113 58
2122 59
2125 58
2133 59
2181 58
2221 57
2278 58
2310 59
2333 60
2353 61
2373 60
2446 61
2460 62
2470 61
2501 62
2511 61
2517 62
2598 61
2633 60
2693 59
2766 58
2794 58
2825 57
2870 56
2897 56
2901 55
2928 55
2957 56
2958 56
2985 57
2985 58
2993 59
2994 58
3121 59
3149 58
3161 59
3177 58
3178 58
3178 59
3180 58
3195 57
3258 56
3282 55
3285 54
3288 53
3378 54
3393 55
3395 56
3397 57
3403 58
3407 59
3410 60
3414 61
3416 60
3430 59
3439 58
3441 58
3442 59
3517 60
3527 61
3528 62
3534 61
3552 60
3553 59
3567 58
3570 57
3574 56
3637 55
3648 54
3669 55
3670 56
3693 55
3699 54
3737 55
3764 54
3773 53
3781 52
3797 53
3801 52
3813 51
3826 52
3842 51
3857 50
3886 51
3902 52
3912 53
3966 52
3967 53
3978 52
3995 53
3998 54
4020 55
4021 54
4025 53
4038 52
4040 53
4044 52
4049 51
4073 50
4127 51
4132 52
4153 53
4170 54
4191 53
4195 52
4210 53
4222 52
4273 53
4281 52
4281 51
4292 50
4297 49
4298 50
4306 51
4316 50
4341 49
4417 50
4417 51
4428 52
4432 53
4441 52
4442 51
4481 50
4510 51
4513 50
4515 51
4516 52
4519 53
4521 54
4549 55
4569 54
4592 53
4593 52
4632 51
4637 50
4656 51
4657 52
4661 51
4689 50
4717 51
4721 50
4730 49
4740 50
4753 51
4753 52
4757 53
4895 52
4946 51
4946 50
4950 49
4953 48
4964 49
4969 50
4974 49
4976 50
4997 51
5013 52
5042 51
5071 50
5077 49
5101 50
5133 51
5151 52
5165 53
5169 54
5173 53
5177 52
5188 51
5189 50
5195 51
5219 50
5255 49
5277 48
5318 49
5333 48
5374 49
5378 50
5407 51
5436 52
5441 53
5448 52
5453 53
5464 54
5505 55
5514 54
5525 55
5536 56
5544 55
5553 56
5569 57
5604 58
5605 59
5610 60
5611 61
5641 60
5648 61
5649 62
5650 63
5688 64
5784 65
5787 64
5795 63
5800 64
5805 63
5812 62
5814 63
5893 64
5900 63
5951 64
5990 63
6002 62
6073 63
6083 62
6087 61
6089 62
6101 63
6129 64
6178 63
6195 64
6196 63
6251 64
6253 65
6284 66
6289 65
6328 65
6354 64
6356 65
6417 66
6417 67
6489 66
6530 65
6533 64
6550 63
6592 64
6657 63
6709 62
6710 63
6738 64
6758 65
6776 66
6781 65
6784 66
6855 65
6890 64
6918 63
6935 64
6958 63
6976 64
7074 63
7148 64
7253 65
7259 64
7266 65
7420 66
7421 67
7426 66
7441 65
7458 64
7460 65
7467 64
7481 65
7521 64
7538 65
7567 64
7595 63
7604 62
7626 63
7627 64
7667 65
7673 64
7685 63
7693 64
7720 63
7750 64
7799 63
7801 62
7857 63
7913 64
7939 65
7989 64
8011 63
8016 62
8025 63
8030 62
8058 61
8063 62
8066 61
8073 62
8085 61
8114 60
8133 61
8140 62
8168 61
8169 60
8181 59
8189 58
8199 59
8248 58
8283 59
8325 60
8328 59
8332 58
8336 57
8345 56
8380 55
8386 54
8399 53
8424 54
8468 55
8474 56
8485 55
8540 54
8548 53
8564 52
8605 51
8642 50
8663 49
8664 50
8670 49
8675 48
8701 47
8709 48
8710 49
8715 50
8741 51
8743 50
8746 49
8749 50
8824 49
8897 50
8926 51
8930 50
8936 49
8960 50
8983 51
9020 50
9045 49
9053 50
9054 51
9059 50
9064 51
9072 52
9117 51
9152 50
9157 49
9161 50
9173 49
9189 50
9190 51
9216 52
9226 53
9235 54
9237 55
9241 56
9245 57
9249 58
9250 59
9253 60
9264 59
9265 58
9285 59
9319 58
9330 57
9351 58
9459 59
9465 60
9486 59
9493 60
9578 61
9584 62
9609 61
9625 60
9653 59
9662 60
9663 59
9669 58
9685 59
9693 58
9715 59
9722 60
9724 59
9729 58
9742 59
9742 60
9774 59
9777 58
9782 59
9798 58
9801 57
9808 56
9812 55
9827 56
9830 55
9839 56
9849 57
9922 56
9925 57
9926 56
9945 57
9953 56
10020 55
10030 54
10057 55
10077 54
10089 53
10097 54
10165 55
10172 56
10235 55
10248 54
10261 55
10272 54
10274 55
10277 56
10297 57
10309 58
10317 59
10330 60
10363 59
10374 60
10385 61
10418 60
10422 59
10469 60
10475 59
10516 60
10522 59
10550 60
10577 61
10578 62
10593 63
10601 62
10603 63
10615 62
10617 61
10646 60
10658 61
10732 60
10738 59
10746 60
10749 59
10750 58
10845 57
10853 58
10905 59
10976 60
11017 61
11037 60
11099 61
11107 60
11115 61
11172 62
11172 61
11205 62
11225 61
11233 60
11249 61
11250 62
11259 63
11341 62
11370 63
11373 64
11494 63
11537 64
11539 65
11602 66
11606 67
11613 68
11705 67
11711 66
11719 65
11773 64
11775 63
11785 64
11822 63
11825 64
11849 63
11882 62
11885 61
11896 60
11951 59
11958 58
11973 57
11984 58
11985 57
11993 58
11999 57
12005 56
12025 55
12031 56
12037 55
12041 54
12055 53
12086 54
12092 53
12108 52
12132 51
12142 52
12179 51
12179 52
12224 51
12237 52
12242 53
12259 54
12260 53
12267 52
12269 51
12284 50
12315 49
12336 50
12373 49
12379 48
12405 49
12417 50
12442 51
12442 52
12473 51
12474 50
12483 51
12483 51
12485 52
12522 53
12526 54
12649 55
12657 54
12690 55
12691 56
12742 57
12743 56
12745 57
12745 58
12754 59
12781 58
12784 57
12785 56
12788 55
12801 56
12842 57
12854 56
12885 57
12905 58
12913 59
12926 58
12928 59
12943 60
12950 61
12999 60
13005 59
13010 60
13022 61
13070 62
13088 63
13127 62
13157 63
13181 62
13214 63
13221 62
13224 63
13270 64
13273 65
13302 64
13323 65
13415 66
13425 67
13429 68
13445 69
13476 68
13509 67
13529 66
13541 67
13551 68
13593 67
13594 66
13649 65
13722 66
13744 65
13780 64
13839 63
13866 62
13885 63
13891 62
13915 63
13926 62
13939 63
13941 64
13942 65
13975 64
13988 63
14086 62
14089 61
14094 60
14115 59
14120 60
14167 59
14250 58
14286 57
14333 56
14359 57
14361 56
14374 55
14380 56
14400 55
14433 56
14446 55
14465 56
14465 57
14477 58
14507 57
14518 58
14538 57
14542 56
14556 57
14592 58
14593 57
14692 58
14705 57
14733 56
14753 57
14764 58
14822 59
14822 60
14826 61
14878 62
14896 61
14897 62
14898 61
14899 62
14906 63
14915 64
14935 63
14946 64
14968 63
15002 64
15006 63
15040 64
15098 65
15110 64
15112 63
15133 64
15167 65
15169 64
15185 65
15186 66
15266 65
15346 66
15351 67
15353 66
15370 67
15429 68
15433 67
15434 66
15464 67
15484 66
15489 65
15508 66
15511 67
15513 66
15537 65
15542 64
15566 63
15568 62
15577 63
15603 62
15652 61
15663 60
15676 61
15677 62
15709 61
15717 60
15741 61
15747 60
15773 59
15775 58
15821 57
15821 56
15827 55
15828 56
15837 57
15843 56
15885 55
15886 54
15887 53
15889 52
15893 53
15906 54
15908 55
15941 54
15965 53
15971 52
15973 51
15975 50
15977 49
16008 48
16034 49
16041 50
16056 51
16089 50
16107 49
16132 48
16173 47
16192 46
16198 47
16217 46
16249 47
16256 46
16300 47
16304 48
16353 47
16369 48
16385 49
16385 50
16391 51
16402 52
16447 53
16472 54
16494 55
16501 56
16502 55
16508 56
16523 57
16540 56
16573 55
16592 56
16609 55
16622 56
16666 57
16667 58
16709 57
16714 56
16718 57
16745 58
16769 59
16776 58
16782 59
16798 58
16799 57
16838 58
16885 59
16898 60
16901 61
16929 62
16957 61
16961 62
16962 63
17012 62
17026 63
17061 62
17073 63
17082 64
17129 65
17189 64
17217 63
17244 62
17350 63
17353 62
17354 63
17369 62
17378 61
17397 60
17401 59
17430 60
17432 61
17432 62
17441 63
17473 62
17491 61
17492 62
17493 61
17500 60
17501 61
17505 60
17510 59
17584 58
17612 59
17616 58
17618 59
17670 58
17673 57
17717 56
17788 57
17798 58
17825 59
17844 58
17863 57
17876 58
17943 57
17953 58
17961 57
17985 56
17998 55
18038 54
18046 53
18054 54
18072 55
18077 56
18101 57
18103 58
18124 57
18154 56
18166 55
18183 56
18214 57
18302 58
18304 59
18308 58
18309 59
18310 60
18313 59
18313 60
18322 61
18322 62
18369 61
18370 60
18400 61
18403 62
18441 61
18505 60
18530 61
18578 60
18596 61
18637 62
18641 63
18641 64
18651 65
18657 64
18715 65
18718 64
18718 63
18724 62
18741 61
18743 60
18779 61
18828 62
18831 63
18831 62
18906 61
18914 62
18920 63
18929 62
19013 61
19035 62
19039 61
19090 60
19102 59
19162 60
19204 61
19251 62
19252 63
19254 62
19255 61
19270 62
19277 61
19315 60
19394 61
19394 62
19412 63
19440 64
19443 65
19443 66
19443 65
19467 64
19477 63
19482 62
19527 61
19581 60
19589 61
19592 60
19599 61
19602 60
19623 59
19624 58
19626 59
19646 58
19649 57
19653 58
19677 57
19683 56
19686 55
19705 54
19735 55
19775 54
19793 55
19799 54
19815 53
19844 52
19865 53
19889 52
19902 53
19908 54
19914 55
19925 54
19937 53
19977 54
19997 53
20009 54
20011 55
20034 54
20044 53
20047 52
20065 53
20079 54
20085 53
20161 54
20190 55
20190 56
20190 57
20203 58
20209 57
20256 58
20277 57
20296 58
20302 59
20333 58
20406 57
20418 56
20418 57
20418 58
20420 59
20450 60
20451 61
20460 60
20473 61
20474 62
20489 63
20526 62
20546 63
20579 64
20627 65
20635 64
20668 63
20679 62
20682 61
20694 62
20720 63
20721 64
20810 65
20906 66
20914 65
20953 64
20965 65
20969 66
21002 67
21027 68
21040 67
21049 66
21062 65
21081 66
21090 65
21106 66
21147 65
21166 64
21222 65
21282 64
21285 63
21314 62
21320 63
21356 62
21374 61
21381 62
21405 61
21426 62
21427 61
21429 60
21478 59
21502 58
21567 59
21589 58
21598 59
21617 60
21646 61
21655 60
21658 59
21717 58
21720 59
21723 60
21736 59
21739 60
21748 59
21767 60
21813 61
21831 60
21892 61
21893 60
21910 59
21919 58
21950 59
21957 58
21971 59
21989 60
22034 61
22055 60
22078 59
22088 60
22134 59
22142 60
22152 61
22153 60
22211 59
22237 60
22238 61
22243 62
22247 63
22305 64
22313 63
22346 64
22369 65
22373 66
22398 67
22435 68
22441 69
22446 70
22464 69
22500 68
22526 69
22533 70
22546 69
22551 70
22572 69
22668 68
22682 67
22750 68
22753 67
22773 66
22786 65
22795 64
22797 63
22835 64
22906 63
22914 64
22918 63
22985 62
22992 63
23011 62
23018 61
23054 60
23062 59
23074 58
23099 59
23181 58
23182 57
23190 56
23266 57
23266 58
23292 59
23310 60
23320 61
23335 62
23345 63
23354 62
23383 61
23387 60
23390 59
23394 58
23406 59
23464 60
23485 59
23507 58
23516 59
23520 60
23525 59
23526 60
23542 61
23562 60
23564 59
23582 60
23582 61
23605 60
23605 59
23649 58
23695 57
23714 56
23726 55
23729 56
23753 55
23782 54
23867 55
23901 56
23918 55
23982 56
24014 57
24018 58
24029 57
24042 56
24060 57
24090 58
24095 59
24127 58
24134 59
24158 60
24166 61
24185 60
24212 59
24225 58
24238 57
24270 58
24270 59
24278 60
24279 61
24281 60
24307 59
24326 60
24333 61
24358 62
24362 63
24366 64
24369 65
24376 64
24407 63
24414 62
24460 61
24492 60
24500 61
24518 62
24538 61
24545 62
24553 63
24555 64
24577 63
24654 64
24662 63
24678 62
24690 61
24722 60
24778 59
24812 58
24826 57
24850 58
24883 57
24920 56
24926 55
24929 56
24935 55
24959 54
25001 53
25014 52
25050 53
25066 54
25078 53
25089 54
25094 55
25107 54
25126 53
25130 52
25158 53
25181 54
25218 55
25218 56
25218 57
25235 58
25248 57
25284 56
25290 55
25301 54
25311 55
25339 56
25373 55
25379 56
25380 55
25407 56
25410 57
25420 56
25440 57
25463 58
25473 59
25477 58
25490 59
25514 60
25522 61
25555 62
25558 61
25571 62
25605 61
25607 60
25650 59
25662 58
25678 57
25780 58
25830 57
25847 58
25860 59
25861 60
25908 59
25910 58
25930 59
25943 60
25969 59
25978 60
25990 60
26005 59
26042 60
26064 61
26091 62
26098 63
26105 64
26118 63
26127 62
26202 61
26234 60
26242 61
26244 62
26245 63
26246 64
26249 63
26250 64
26266 63
26280 62
26282 61
26342 62
26367 63
26393 64
26437 65
26437 66
26438 67
26468 66
26480 67
26484 68
26488 69
26524 68
26546 69
26547 68
26548 67
26548 68
26558 67
26639 68
26640 67
26655 68
26658 69
26703 70
26711 69
26723 68
26727 67
26770 68
26778 67
26782 66
26802 65
26805 64
26808 63
26817 64
26822 65
26879 66
26885 65
26898 64
26929 63
26942 62
27015 63
27020 62
27022 61
27023 60
27060 59
27072 58
27085 57
27097 56
27099 55
27102 56
27108 55
27114 56
27118 57
27147 56
27233 57
27303 58
27327 57
27336 56
27341 55
27428 56
27442 57
27454 58
27462 57
27482 58
27498 59
27499 60
27521 61
27523 62
27532 63
27533 64
27550 63
27578 64
27594 65
27598 66
27601 67
27626 66
27640 67
27676 66
27702 65
27724 66
27727 67
27798 68
27798 69
27804 68
27894 69
27901 68
27952 67
27962 66
27970 65
27983 66
27990 67
28014 68
28022 67
28121 66
28133 65
28155 66
28173 65
28181 66
28181 65
28181 66
28186 65
28197 64
28198 63
28253 64
28335 65
28402 66
28406 67
28410 66
28422 65
28425 64
28433 63
28456 62
28485 61
28487 62
28562 61
28587 60
28594 61
28649 62
28653 61
28679 62
28701 61
28726 60
28803 61
28803 60
28805 59
28836 58
28839 59
28855 58
28878 57
28935 58
28957 57
29020 58
29078 57
29098 58
29102 57
29104 56
29120 57
29187 58
29226 59
29226 60
29232 61
29234 62
29234 61
29242 62
29282 61
29308 62
29322 63
29352 62
29359 63
29369 62
29373 63
29398 62
29406 61
29407 62
29445 63
29482 63
29482 62
29482 61
29482 60
29482 59
29483 58
29486 59
29530 60
29559 61
29562 60
29633 61
29658 60
29662 59
29713 58
29718 57
29728 56
29763 57
29830 56
29846 55
29853 56
29870 55
29872 56
29881 57
29912 58
29934 59
29943 59
29943 59
29943 58
29943 57
29943 56
29944 55
29944 54
29944 54
29953 55
29954 54
29956 55
29966 55
29967 55
29970 54
29971 53
29988 52
30012 53
30018 52
30041 51
30058 50
30070 51
30078 51
30135 52
30149 51
30160 52
30235 51
30236 50
30257 51
30261 52
30262 53
30277 52
30312 51
30315 51
30315 50
30318 50
30320 49
30321 49
30334 49
30345 50
30351 49
30355 48
30358 49
30411 48
30425 47
30426 48
30431 49
30434 49
30439 49
30441 48
30446 48
30446 47
30448 48
30450 48
30450 47
30453 46
30453 45
30453 44
30463 43
30466 44
30485 45
30491 44
30500 43
30505 43
30508 43
30512 42
30515 43
30523 44
30525 45
30530 44
30565 43
30646 44
30646 43
30652 44
30653 44
30654 45
30654 44
30654 43
30654 43
30654 43
30655 44
30655 43
30656 42
30656 41
30656 41
30673 40
30673 39
30690 39
30690 38
30690 37
30690 37
30690 36
30690 35
30691 35
30691 35
30691 35
30742 36
30748 35
30752 35
30754 34
30755 35
30755 36
30759 36
30794 36
30794 36
30795 35
30796 35
30796 35
30796 35
30797 35
30798 36
30798 36
30802 36
30803 36
30804 35
30814 34
30827 33
30838 34
30846 34
30851 35
30861 34
30867 35
30876 35
30880 36
30889 35
30895 35
30897 35
30906 36
30906 35
30929 35
30986 36
30990 35
30990 34
30990 34
30995 34
30995 34
30995 33
30995 32
30995 32
30998 32
31032 33
31043 33
31043 32
31043 31
31043 30
31046 30
31050 30
31051 30
31052 30
31052 29
31054 29
31057 30
31065 30
31076 31
31086 30
31097 31
31106 32
31120 33
31122 34
31132 34
31132 35
31138 35
31138 35
31138 35
31138 35
31145 36
31148 36
31162 35
31164 34
31169 33
31188 34
31230 35
31233 34
31238 33
31241 34
31245 35
31246 36
31246 35
31248 36
31249 37
31252 36
31254 35
31286 36
31314 37
31318 36
31319 37
31319 37
31327 38
31329 37
31329 36
31338 37
31341 36
31345 35
31371 34
31415 35
31420 36
31423 35
31424 35
31426 36
31429 35
31430 34
31437 33
31459 34
31471 33
31472 32
31486 31
31498 32
31508 32
31512 33
31513 32
31513 33
31522 34
31522 35
31563 36
31575 36
31578 35
31578 36
31607 35
31630 35
31630 36
31632 37
31641 38
31652 39
31729 38
31735 39
31742 40
31742 41
31746 42
31748 41
31758 40
31760 40
31784 41
31786 42
31802 43
31810 42
31810 43
31812 44
31822 45
31823 44
31833 43
31874 44
31875 45
31881 44
31886 43
31886 42
31887 42
31889 41
31889 40
31890 39
31894 38
31897 37
31910 38
31928 39
31934 40
31939 39
31949 40
31954 41
31960 41
31961 40
31962 39
31962 38
31962 37
31962 36
31987 35
31991 34
31992 34
31993 35
31996 34
31997 34
31998 34
32021 35
32022 36
32022 37
32022 38
32023 39
32024 40
32030 39
32045 40
32053 41
32082 42
32089 42
32090 42
32091 42
32092 42
32093 43
32094 43
32098 42
32103 42
32110 43
32116 42
32117 41
32118 40
32119 40
32119 39
32120 39
32120 38
32121 38
32122 37
32123 36
32124 35
32125 34
32126 34
32131 33
32141 34
32151 34
32152 34
32176 35
32177 36
32181 35
32182 35
32184 34
32198 34
32209 35
32212 34
32213 35
32216 35
32217 36
32269 37
32282 37
32285 37
32288 37
32288 37
32289 36
32330 35
32330 34
32330 33
32333 34
32335 33
32350 34
32378 35
32386 34
32386 33
32402 32
32405 33
32405 33
32412 34
32413 33
32414 32
32415 32
32416 32
32417 31
32419 32
32420 32
32421 31
32421 31
32426 32
32428 31
32430 30
32432 30
32491 30
32491 29
32494 29
32494 28
32494 29
32494 29
32495 29
32495 29
32495 29
32495 28
32495 28
32496 29
32497 28
32498 28
32498 27
32499 26
32499 25
32500 24
32502 23
32502 23
32502 22
32503 21
32503 20
32504 20
32505 20
32507 19
32508 18
32509 18
32511 17
32511 16
32514 17
32519 17
32527 18
32548 19
32558 20
32565 21
32586 22
32604 21
32606 20
32606 21
32611 22
32614 21
32623 22
32634 23
32636 22
32642 22
32646 23
32647 24
32659 24
32686 25
32702 24
32703 25
32709 25
32714 26
32714 27
32722 26
32722 26
32722 25
32722 24
32726 25
32730 26
32741 27
32742 28
32778 28
32796 29
32807 30
32809 31
32810 32
32810 31
32813 32
32822 31
32825 30
32826 29
32834 29
32841 30
32842 31
32852 31
32866 31
32866 31
32869 31
32873 31
32878 32
32882 33
32889 32
32892 31
32899 30
32920 31
32932 32
32950 31
32950 32
32955 33
32956 33
32958 33
32958 32
32961 31
32962 31
32962 32
32965 32
32966 33
32970 32
32974 32
32997 33
33003 33
33012 32
33081 32
33084 31
33092 31
33111 32
33112 31
33117 30
33139 29
33139 30
33139 31
33139 30
33139 31
33139 31
33140 32
33140 33
33140 34
33140 35
33140 36
33140 37
33140 38
33140 37
33144 38
33144 38
33193 37
33195 38
33195 38
33210 39
33212 38
33212 37
33216 37
33217 37
33223 37
33224 36
33225 36
33258 37
33260 38
33264 37
33266 36
33266 35
33266 34
33278 34
33278 35
33279 34
33280 35
33283 36
33287 37
33289 36
33290 37
33294 38
33295 39
33296 38
33347 37
33347 38
33353 37
33362 36
33362 35
33362 35
33362 35
33364 34
33390 34
33423 35
33431 35
33434 35
33438 36
33440 36
33466 37
33470 38
33490 39
33493 40
33493 39
33501 40
33512 39
33513 38
33521 39
33524 40
33555 39
33558 40
33558 41
33564 42
33564 43
33570 42
33570 43
33585 42
33586 43
33614 44
33626 45
33637 44
33650 43
33652 44
33655 45
33658 46
33666 47
33667 46
33672 45
33680 46
33725 47
33748 48
33793 49
33814 50
33900 49
33903 50
33908 51
33915 50
33918 51
33942 50
33986 51
34014 52
34023 51
34033 50
34042 51
34042 50
34042 49
34047 50
34055 49
34062 49
34062 48
34063 47
34073 47
34074 48
34074 48
34074 47
34074 47
34074 47
34074 47
34074 47
34074 47
34074 48
34078 47
34090 46
34090 45
34122 46
34133 47
34135 48
34137 47
34140 48
34141 49
34146 50
34149 51
34174 52
34177 53
34182 53
34182 52
34182 51
34190 52
34191 51
34191 51
34192 50
34192 51
34229 52
34239 53
34242 52
34242 51
34243 50
34243 49
34244 48
34246 48
34246 48
34246 49
34249 49
34251 50
34251 49
34253 50
34254 49
34254 48
34254 47
34255 46
34266 47
34274 48
34313 49
34379 50
34454 51
34472 52
34486 53
34490 52
34493 53
34494 53
34494 53
34494 53
34494 53
34494 52
34498 51
34498 51
34525 52
34528 53
34549 52
34559 51
34568 50
34570 49
34571 49
34577 48
34579 47
34580 46
34580 45
34582 46
34585 45
34590 45
34590 45
34590 44
34590 44
34638 45
34642 45
34710 46
34728 45
34744 45
34747 46
34748 47
34758 48
34785 49
34798 50
34870 51
34870 52
34877 51
34913 52
34943 53
34944 54
34945 53
34945 54
34945 53
34947 52
34952 53
34953 52
34954 51
34955 50
34955 49
34958 50
34959 49
34963 48
34963 47
34964 47
34964 47
34968 46
34970 45
34972 44
34972 43
34978 44
34983 45
34986 44
34990 43
34995 42
34995 41
34997 40
35002 39
35004 39
35058 40
35061 39
35063 40
35063 41
35074 42
35080 41
35082 40
35098 40
35110 41
35116 42
35146 43
35158 44
35175 45
35182 44
35185 45
35186 44
35193 45
35196 44
35197 43
35254 44
35257 45
35315 46
35324 45
35328 44
35329 45
35333 44
35334 43
35334 42
35338 41
35340 40
35341 39
35362 38
35365 37
35377 38
35402 39
35434 38
35477 39
35477 40
35514 41
35514 42
35520 42
35523 43
35525 42
35528 41
35529 41
35530 40
35532 40
35532 39
35534 38
35535 37
35536 38
35554 37
35554 36
35558 37
35565 36
35565 35
35567 34
35571 33
35584 34
35606 33
35613 32
35615 33
35618 34
35620 35
35627 35
35628 35
35629 34
35631 33
35638 32
35643 32
35644 32
35646 31
35646 31
35650 32
35652 31
35653 30
35663 31
35678 30
35704 31
35704 31
35707 30
35711 29
35722 30
35729 30
35730 29
35732 28
35734 29
35741 29
35756 30
35765 31
35775 32
35782 33
35785 33
35788 33
35788 34
35790 34
35794 33
35796 33
35859 34
35863 35
35867 36
35871 37
35881 38
35882 37
35891 38
35893 38
35898 38
35902 38
35904 38
35930 39
35931 40
35940 39
35943 40
35943 41
35945 42
35946 42
35947 41
35947 41
35947 41
35952 40
35954 39
35957 40
35976 39
35979 40
36033 41
36034 42
36046 41
36049 42
36069 42
36075 43
36082 42
36094 43
36103 42
36103 43
36136 44
36141 45
36161 46
36174 47
36201 48
36206 48
36206 47
36207 46
36208 45
36210 46
36210 46
36221 45
36226 44
36253 43
36253 42
36258 43
36264 42
36268 41
36271 41
36273 41
36273 40
36274 39
36274 39
36275 39
36278 39
36284 39
36284 39
36285 39
36299 40
36328 41
36333 40
36337 39
36344 38
36345 37
36348 36
36349 37
36350 36
36353 36
36356 35
36406 36
36410 37
36420 38
36422 37
36422 36
36423 36
36424 37
36427 37
36427 36
36427 35
36435 34
36435 33
36438 32
36446 33
36448 34
36454 33
36454 32
36494 32
36495 33
36499 33
36504 32
36505 32
36534 31
36545 32
36550 33
36556 34
36582 35
36585 34
36586 33
36587 32
36589 32
36590 32
36590 31
36590 31
36590 31
36590 30
36601 30
36611 30
36639 31
36646 32
36649 33
36693 34
36694 35
36722 36
36726 37
36732 38
36734 39
36734 40
36735 41
36745 42
36745 43
36786 44
36788 45
36798 44
36798 44
36798 43
36798 42
36799 41
36805 40
36806 41
36821 40
36822 39
36822 40
36826 40
36827 40
36830 41
36831 40
36834 40
36835 39
36835 40
36837 40
36838 39
36839 39
36839 38
36839 37
36839 36
36839 35
36839 35
36840 34
36840 33
36843 33
36843 32
36845 32
36846 32
36848 31
36850 30
36851 29
36852 28
36853 27
36853 27
36854 26
36854 26
36855 27
36858 26
36872 27
36890 28
36894 27
36900 26
36921 27
36922 28
36932 28
36934 28
36934 27
36938 28
36939 28
36940 27
36942 27
36942 26
36956 25
36957 24
36962 25
36968 26
36968 26
36972 25
37006 26
37023 27
37026 27
37028 28
37029 28
37030 28
37031 28
37074 29
37123 30
37134 31
37154 32
37162 32
37170 33
37176 33
37177 33
37177 34
37178 34
37180 34
37180 34
37180 34
37182 33
37186 32
37186 31
37188 31
37188 31
37188 31
37190 30
37190 29
37192 29
37192 30
37195 31
37203 30
37207 29
37207 28
37207 28
37214 27
37238 28
37258 29
37262 30
37278 29
37346 28
37354 29
37362 30
37362 31
37378 32
37407 33
37459 34
37462 35
37477 36
37478 35
37479 35
37482 36
37484 37
37486 36
37488 36
37490 36
37491 35
37491 34
37491 33
37506 32
37546 33
37552 34
37561 35
37563 34
37582 35
37582 36
37582 37
37587 38
37593 39
37603 40
37626 41
37645 42
37659 43
37662 44
37669 43
37674 42
37687 43
37688 44
37695 45
37698 46
37699 45
37701 45
37702 44
37708 45
37713 46
37719 45
37723 44
37723 43
37728 42
37735 43
37735 42
37758 43
37768 44
37786 45
37802 46
37809 47
37809 48
37812 48
37813 48
37818 47
37818 46
37830 47
37882 48
37882 49
37886 50
37886 51
37892 51
37895 50
37900 49
37913 50
37919 49
37920 48
37926 47
38018 48
38019 47
38019 48
38033 49
38042 48
38068 49
38078 49
38087 48
38087 47
38092 46
38094 46
38102 45
38102 44
38116 43
38124 44
38143 45
38152 46
38158 47
38158 48
38165 47
38166 46
38175 45
38180 46
38184 47
38191 48
38195 49
38196 48
38199 47
38206 46
38206 45
38208 45
38238 46
38251 45
38251 44
38261 43
38280 44
38287 45
38290 44
38302 45
38302 44
38302 44
38304 43
38305 42
38308 42
38310 42
38311 41
38316 40
38317 40
38317 39
38318 38
38322 39
38323 40
38328 39
38339 40
38393 41
38440 41
38459 40
38462 41
38498 42
38508 43
38514 44
38553 45
38558 46
38599 47
38603 48
38605 49
38606 49
38608 50
38618 49
38637 50
38644 51
38648 52
38650 52
38651 51
38651 51
38653 50
38662 49
38673 48
38673 47
38685 46
38688 45
38688 44
38751 45
38790 46
38798 45
38798 44
38798 43
38798 43
38799 43
38799 43
38812 42
38818 43
38826 44
38923 45
38928 45
38961 46
38962 47
38985 46
38989 45
38998 46
39003 45
39003 45
39006 45
39006 44
39008 45
39036 46
39037 47
39067 48
39076 48
39085 47
39086 46
39087 45
39088 44
39098 45
39106 46
39114 45
39114 45
39135 46
39155 47
39161 48
39189 49
39198 49
39198 48
39198 47
39200 46
39210 45
39244 46
39266 45
39271 46
39337 47
39340 47
39342 47
39345 46
39360 47
39366 48
39368 47
39394 48
39402 47
39447 48
39448 49
39456 48
39467 47
39468 46
39470 47
39486 48
39498 47
39499 48
39499 47
39505 46
39506 47
39506 48
39508 47
39509 46
39510 45
39511 44
39514 43
39517 42
39518 43
39522 44
39525 43
39552 42
39560 41
39602 42
39612 43
39632 44
39634 45
39645 44
39646 43
39654 44
39655 43
39662 42
39670 43
39685 42
39696 43
39723 44
39723 45
39737 44
39737 43
39738 44
39738 45
39738 45
39740 44
39744 43
39744 42
39746 41
39778 42
39783 43
39790 42
39793 41
39796 42
39799 41
39822 40
39853 41
39865 40
39880 41
39882 40
39886 39
39886 38
39910 37
39912 38
39918 39
39958 40
39962 41
39963 42
39970 41
39995 42
40034 43
40037 43
40037 43
40037 42
40038 42
40038 42
40042 41
40049 40
40052 39
40066 40
40082 41
40093 42
40118 43
40158 42
40158 41
40167 42
40170 43
40170 44
40189 45
40192 44
40206 45
40249 46
40262 47
40270 46
40270 45
40270 45
40274 46
40283 46
40286 47
40299 46
40324 47
40328 48
40340 49
40346 48
40356 49
40375 50
40376 49
40382 50
40390 51
40407 50
40409 49
40423 48
40429 47
40435 46
40438 45
40438 46
40438 45
40440 44
40445 43
40457 44
40494 45
40502 44
40504 45
40506 46
40556 47
40559 48
40571 48
40571 47
40572 48
40572 47
40575 48
40579 47
40580 46
40585 45
40615 46
40625 47
40628 46
40629 47
40630 46
40639 45
40674 46
40677 47
40694 48
40707 47
40758 48
40759 49
40770 50
40775 49
40777 48
40804 47
40808 46
40819 45
40820 44
40820 43
40821 44
40822 43
40823 43
40825 42
40826 41
40827 41
40827 40
40827 39
40827 38
40831 37
40854 38
40855 39
40881 40
40895 39
40899 40
40906 41
40906 42
40907 43
40950 43
40954 44
40961 45
40962 46
40971 47
40981 47
40983 46
41008 47
41028 47
41028 48
41031 49
41037 48
41086 49
41086 50
41098 51
41142 51
41146 52
41150 52
41150 52
41150 51
41158 50
41180 51
41185 52
41190 51
41190 50
41190 49
41190 49
41192 50
41199 49
41232 50
41255 51
41327 50
41327 49
41339 48
41413 49
41439 50
41454 51
41460 52
41470 53
41474 52
41475 51
41478 52
41478 51
41480 52
41482 51
41482 50
41484 51
41484 50
41486 49
41487 48
41522 49
41525 50
41535 51
41538 50
41539 51
41542 52
41550 51
41550 50
41550 49
41550 48
41610 49
41615 48
41618 47
41618 48
41621 49
41624 48
41626 47
41635 48
41638 49
41639 48
41648 49
41648 48
41653 47
41690 48
41702 47
41711 48
41714 49
41721 50
41723 51
41734 50
41743 49
41759 48
41794 49
41854 50
41862 51
41867 52
41939 51
41941 52
41942 53
41942 54
41949 55
41957 54
41987 55
42006 56
42006 57
42036 58
42075 59
42095 58
42103 59
42118 60
42128 59
42130 60
42136 59
42173 58
42184 59
42186 60
42238 61
42244 60
42297 61
42322 62
42327 63
42335 64
42351 63
42406 64
42414 63
42425 64
42442 63
42461 64
42528 65
42530 66
42570 67
42682 68
42697 69
42710 70
42714 69
42719 68
42719 67
42763 68
42770 69
42785 70
42790 71
42849 72
42886 73
42914 74
42953 75
42993 74
43168 73
43214 72
43314 72
43331 71
43484 72
43488 71
43490 70
43491 69
43496 68
43499 67
43500 66
43528 67
43547 66
43624 66
43625 65
43628 66
43704 67
43766 68
43863 67
43868 68
43897 67
43897 66
43898 67
43900 66
43900 65
43903 64
43910 63
43954 62
43962 61
44008 62
44009 63
44030 62
44058 63
44068 62
44098 63
44101 63
44102 63
44107 62
44107 61
44107 61
44107 60
44107 59
44108 58
44108 57
44108 56
44108 55
44109 55
44111 55
44112 54
44182 53
44182 52
44216 51
44218 50
44218 50
44222 49
44277 50
44291 49
44302 50
44310 49
44312 48
44312 47
44331 48
44376 48
44378 47
44380 46
44382 46
44387 46
44387 45
44389 44
44393 43
44393 44
44398 45
44401 44
44401 43
44404 43
44407 42
44409 41
44410 40
44426 41
44428 40
44434 40
44435 39
44443 38
44499 39
44516 39
44518 39
44519 40
44521 39
44521 39
44522 40
44524 41
44530 40
44531 39
44531 39
44532 39
44534 39
44534 39
44542 40
44550 39
44551 38
44554 38
44556 37
44562 38
44581 37
44612 36
44663 35
44682 36
44696 37
44701 37
44701 37
44702 36
44709 36
44709 36
44710 36
44710 35
44712 35
44713 35
44713 35
44714 36
44715 36
44715 36
44719 37
44722 36
44722 35
44722 34
44722 33
44722 32
44723 32
44723 33
44726 34
44743 34
44766 33
44770 34
44785 35
44803 34
44810 35
44815 34
44815 33
44815 32
44817 32
44817 32
44823 32
44850 33
44856 34
44922 35
44924 34
44925 34
44928 35
44928 35
44934 35
44935 34
44936 35
44936 36
44945 36
44950 36
44955 37
44958 36
44958 35
44960 36
44961 35
44964 35
44974 36
44982 37
44982 38
44985 37
44989 36
44990 37
44993 36
44994 35
44994 35
45003 34
45004 33
45004 32
45012 33
45033 34
45054 35
45059 36
45068 37
45096 38
45153 39
45178 40
45189 41
45194 42
45194 42
45198 41
45202 41
45202 40
45202 39
45202 38
45204 37
45210 36
45217 37
45227 36
45228 37
45230 37
45234 36
45236 36
45237 35
45238 34
45240 33
45245 33
45245 32
45246 32
45249 32
45255 31
45256 30
45259 29
45278 30
45286 29
45286 28
45286 28
45325 29
45329 29
45329 28
45332 29
45334 30
45378 31
45386 30
45386 29
45386 28
45391 28
45398 29
45423 30
45424 29
45430 30
45431 29
45450 30
45469 29
45474 30
45476 31
45477 32
45482 33
45483 33
45483 33
45483 33
45483 34
45489 34
45491 34
45491 33
45494 33
45497 32
45500 33
45500 33
45534 34
45576 33
45604 34
45609 34
45611 35
45612 35
45614 35
45615 34
45620 34
45621 34
45622 35
45622 35
45629 36
45651 37
45659 36
45680 37
45685 38
45702 39
45717 40
45727 41
45742 40
45768 39
45788 40
45810 41
45814 42
45814 43
45818 44
45821 43
45822 42
45823 41
45823 40
45823 40
45823 40
45823 39
45823 38
45830 39
45831 39
45858 38
45879 39
45884 40
45898 39
45905 39
45906 38
45906 39
45912 39
45926 40
45945 41
45961 42
45963 41
45965 41
45966 41
45967 40
45968 40
45971 39
46000 40
46002 39
46112 40
46113 41
46130 42
46134 43
46138 42
46138 41
46141 42
46143 42
46145 41
46151 41
46152 40
46156 39
46156 38
46158 39
46170 38
46178 37
46182 38
46199 39
46254 40
46255 39
46266 39
46268 40
46270 41
46270 40
46272 39
46278 39
46278 39
46278 38
46278 38
46278 37
46287 36
46305 35
46328 36
46330 35
46331 36
46332 35
46333 36
46335 35
46335 34
46336 33
46339 32
46339 33
46342 32
46346 31
46350 32
46353 31
46378 32
46390 33
46399 33
46399 33
46399 33
46399 33
46406 33
46406 32
46406 32
46406 31
46406 30
46407 30
46407 30
46407 30
46442 31
46450 30
46456 31
46456 31
46457 31
46458 31
46458 31
46459 32
46460 31
46462 32
46462 32
46462 31
46462 31
46464 30
46466 29
46467 28
46467 28
46468 27
46468 27
46468 26
46470 25
46495 26
46505 27
46508 27
46509 28
46514 27
46516 26
46518 25
46524 24
46542 25
46559 26
46565 27
46568 28
46569 27
46582 28
46586 29
46595 28
46599 27
46599 26
46599 26
46600 27
46600 27
46605 28
46616 28
46617 28
46618 28
46619 28
46620 27
46621 26
46622 26
46622 26
46622 27
46623 27
46623 26
46625 27
46627 26
46631 25
46632 24
46636 24
46638 24
46638 24
46655 25
46678 25
46678 25
46678 25
46678 25
46681 24
46681 23
46683 24
46689 24
46691 24
46703 25
46727 26
46733 27
46734 26
46738 27
46741 28
46743 27
46743 28
46750 28
46750 28
46750 28
46756 27
46756 28
46774 29
46792 30
46801 29
46813 30
46886 29
46889 30
46897 31
46899 32
46907 31
46909 31
46944 32
46946 33
46950 34
46954 35
46957 36
46958 35
46969 36
46970 35
46986 35
46987 35
46989 35
46989 35
46998 35
46999 35
47002 35
47026 36
47027 37
47030 38
47030 39
47034 38
47034 38
47034 37
47034 37
47034 36
47035 36
47035 36
47035 35
47035 35
47037 35
47037 35
47040 35
47042 34
47042 33
47043 32
47044 31
47045 31
47045 30
47046 29
47049 28
47050 28
47082 29
47130 30
47132 31
47150 32
47150 33
47152 34
47154 33
47214 34
47219 35
47222 36
47270 36
47270 36
47270 36
47273 37
47273 38
47281 38
47282 38
47288 39
47300 38
47306 37
47335 38
47338 38
47338 38
47338 38
47338 37
47339 36
47339 36
47339 35
47342 35
47347 36
47353 35
47363 36
47365 37
47368 38
47371 39
47383 38
47413 39
47416 40
47426 41
47466 42
47466 43
47472 44
47475 43
47482 44
47486 43
47509 44
47531 45
47535 46
47577 47
47582 48
47590 49
47618 50
47625 49
47646 50
47654 50
47654 50
47654 49
47654 48
47659 49
47661 48
47661 47
47674 48
47690 49
47710 50
47745 51
47754 52
47765 53
47767 52
47785 51
47796 50
47797 49
47797 50
47798 51
47804 50
47806 51
47806 50
47806 49
47813 48
47839 47
47849 46
47855 47
47858 48
47861 47
47862 47
47870 47
47906 48
47917 49
47918 48
47926 49
47930 48
47934 49
47942 48
47954 47
47987 46
48000 47
48001 48
48060 49
48086 50
48131 51
48134 50
48169 51
48171 52
48181 53
48182 54
48182 54
48186 55
48193 54
48194 54
48201 53
48201 52
48204 51
48242 50
48250 51
48252 50
48259 49
48259 50
48292 51
48292 52
48332 53
48337 54
48338 55
48342 54
48346 55
48346 56
48346 57
48347 56
48347 55
48352 54
48356 53
48362 54
48387 53
48387 54
48387 55
48388 56
48388 55
48388 54
48388 53
48389 52
48391 51
48393 50
48398 49
48415 48
48419 49
48427 48
48435 47
48452 48
48470 49
48477 50
48514 51
48560 52
48602 51
48614 52
48622 53
48645 54
48649 55
48670 54
48676 55
48678 56
48679 57
48757 56
48759 55
48766 54
48794 53
48796 52
48800 51
48810 52
48822 51
48828 50
48831 49
48834 50
48841 51
48850 50
48854 51
48865 50
48940 51
48943 50
48949 51
48972 50
48992 49
49008 48
49057 49
49060 50
49069 51
49069 52
49072 53
49160 54
49163 55
49167 56
49186 57
49198 58
49198 59
49246 60
49272 61
49275 62
49282 63
49335 64
49336 65
49378 66
49462 67
49464 68
49465 69
49465 70
49465 71
49473 72
49500 73
49538 72
49546 73
49554 74
49599 75
49609 74
49632 73
49657 74
49665 75
49704 74
49708 73
49786 72
49786 73
49835 72
49851 73
49898 74
49924 73
49926 72
49957 71
49957 70
50172 71
50228 72
50350 71
50371 70
50452 69
50462 70
50620 71
50626 72
50646 71
50666 70
50757 69
50804 70
50818 69
50930 68
50933 67
50973 66
50993 67
50994 66
51031 65
51033 64
51035 63
51038 64
51039 65
51045 66
51073 65
51086 64
51103 63
51114 62
51114 61
51130 60
51130 59
51135 58
51155 59
51172 58
51183 59
51204 60
51211 61
51286 62
51298 61
51318 60
51346 59
51374 58
51402 57
51430 56
51441 55
51464 56
51467 57
51470 58
51498 57
51500 56
51516 55
51533 56
51546 55
51574 54
51592 53
51622 52
51668 51
51668 52
51670 53
51673 54
51690 53
51702 52
51711 53
51725 54
51754 55
51757 56
51792 55
51806 56
51822 57
51882 56
51895 55
51929 54
51958 55
51964 56
51964 57
51978 56
51983 55
51996 54
52003 53
52015 54
52025 55
52031 54
52070 55
52095 54
52122 53
52126 52
52139 53
52146 54
52178 55
52189 56
52190 57
52204 56
52225 55
52237 54
52240 53
52327 52
52358 53
52368 54
52396 55
52398 56
52407 57
52413 58
52422 59
52466 60
52475 59
52476 58
52508 59
52523 58
52527 57
52542 56
52553 55
52554 54
52556 55
52563 54
52590 55
52590 56
52595 57
52595 58
52598 57
52603 58
52618 57
52658 58
52714 59
52718 58
52722 57
52727 58
52728 57
52731 58
52732 57
52734 58
52740 59
52747 60
52750 61
52754 62
52805 63
52811 62
52849 61
52942 60
52947 61
52984 62
53064 63
53096 64
53129 63
53150 62
53161 61
53192 62
53223 63
53235 64
53262 65
53262 66
53268 67
53269 68
53297 67
53306 66
53332 67
53344 66
53358 65
53359 66
53371 67
53408 66
53414 67
53498 68
53511 69
53528 70
53530 69
53531 68
53548 69
53556 68
53653 67
53666 68
53676 67
53701 66
53715 65
53736 66
53738 67
53771 66
53782 67
53798 68
53874 67
53911 68
53915 69
54022 70
54095 69
54136 70
54158 71
54161 70
54168 69
54210 68
54234 67
54302 66
54311 67
54341 66
54383 65
54385 64
54385 65
54424 64
54477 63
54495 64
54514 65
54543 66
54554 65
54588 64
54642 63
54643 62
54650 63
54651 62
54676 63
54678 62
54702 63
54714 64
54725 63
54798 62
54804 61
54822 60
54822 59
54832 58
54835 57
54838 56
54838 55
54859 54
54865 55
54876 56
54878 55
54881 54
54998 55
55035 54
55050 55
55070 54
55082 53
55098 52
55130 53
55166 54
55166 53
55177 54
55198 53
55204 52
55217 51
55242 52
55242 53
55260 52
55268 53
55275 54
55300 55
55304 56
55323 57
55370 56
55378 57
55380 56
55386 57
55411 56
55440 57
55443 56
55459 57
55464 58
55464 59
55502 60
55505 61
55514 62
55559 63
55559 64
55584 65
55590 64
55593 63
55597 64
55641 63
55662 62
55693 61
55694 62
55696 63
55742 62
55770 61
55814 60
55825 59
55833 58
55924 59
55934 58
55985 57
55998 58
56004 59
56008 58
56045 57
56078 58
56078 59
56080 60
56082 61
56087 60
56090 61
56091 62
56105 61
56110 62
56117 61
56154 60
56205 61
56215 60
56215 61
56216 62
56218 63
56261 62
56262 61
56299 60
56306 59
56319 60
56325 59
56365 58
56374 59
56397 60
56408 61
56410 62
56410 63
56421 64
56435 63
56457 62
56463 63
56494 62
56503 61
56508 60
56512 59
56538 58
56546 59
56553 58
56554 57
56565 58
56567 57
56626 56
56667 55
56682 56
56692 57
56700 58
56714 59
56718 60
56750 59
56760 58
56771 57
56795 58
56846 59
56853 60
56862 59
56871 60
56875 59
56890 60
56900 61
56910 60
56959 61
56962 62
56966 61
57012 62
57013 61
57034 60
57056 59
57102 58
57112 59
57125 58
57134 59
57138 60
57143 61
57149 60
57183 61
57235 60
57282 59
57296 58
57304 57
57306 56
57309 55
57318 56
57357 55
57375 56
57410 55
57424 54
57433 53
57473 52
57494 53
57497 52
57541 51
57542 50
57559 49
57567 48
57572 49
57614 50
57622 51
57622 52
57646 51
57656 52
57714 53
57730 54
57740 55
57778 56
57793 57
57795 56
57812 55
57822 56
57823 55
57829 56
57855 55
57869 54
57876 55
57876 56
57886 55
57931 56
57974 57
57982 56
57991 57
58003 58
58082 59
58120 58
58131 57
58169 56
58170 57
58186 56
58207 55
58226 56
58230 55
58230 56
58249 57
58258 56
58308 57
58317 56
58356 55
58416 56
58426 57
58429 56
58478 55
58491 56
58498 57
58533 58
58536 59
58542 58
58558 57
58573 58
58583 59
58633 60
58634 61
58638 60
58643 59
58668 58
58687 59
58699 60
58760 61
58767 62
58780 63
58883 64
58911 65
58914 64
58915 63
58917 64
58951 63
58970 62
58973 61
58988 62
59030 63
59033 64
59057 65
59082 64
59094 63
59144 64
59202 63
59210 64
59219 65
59241 66
59249 67
59462 66
59466 65
59470 66
59488 67
59566 66
59566 67
59577 66
59590 65
59602 64
59624 63
59630 62
59668 63
59690 64
59691 63
59744 64
59767 65
59786 66
59788 65
59813 66
59836 65
59854 66
59879 65
59884 64
59971 63
59999 62
60006 63
60014 62
60038 63
60041 64
60121 63
60138 64
60170 65
60175 64
60206 63
60249 62
60253 61
60254 62
60267 63
60289 64
60296 63
60313 62
60367 61
60412 62
60425 61
60427 60
60434 61
60466 60
60476 61
60484 62
60519 63
60556 64
60564 63
60565 64
60567 65
60632 66
60635 65
60641 64
60649 65
60692 66
60726 65
60730 64
60731 63
60794 62
60808 61
60823 62
60826 63
60829 64
60830 65
60879 64
60890 63
60934 62
60940 61
60945 60
60950 61
60954 62
60986 61
61041 60
61047 59
61061 60
61064 61
61068 60
61075 59
61078 58
61110 57
61140 56
61164 57
61178 58
61186 59
61193 58
61207 57
61223 56
61230 55
61232 54
61254 55
61257 56
61272 57
61277 56
61302 55
61364 54
61380 53
61385 52
61393 51
61406 52
61406 53
61429 52
61448 53
61467 52
61531 53
61534 54
61541 55
61552 54
61568 53
61572 52
61578 51
61589 52
61593 51
61636 50
61648 51
61670 52
61693 53
61699 54
61699 55
61702 54
61784 53
61829 54
61841 55
61843 56
61852 55
61862 56
61862 57
61895 56
61907 55
61942 56
61952 57
61955 58
61958 59
61962 60
61963 59
61968 60
61977 59
62030 58
62044 57
62058 56
62114 55
62146 56
62149 57
62157 56
62184 55
62208 54
62228 53
62250 52
62250 53
62263 52
62294 51
62342 52
62354 53
62369 52
62374 51
62408 52
62409 53
62410 54
62422 55
62425 54
62425 55
62449 56
62461 57
62472 58
62484 57
62516 58
62537 59
62579 58
62591 59
62627 58
62644 59
62664 58
62668 59
62678 58
62686 57
62692 58
62693 59
62720 58
62758 57
62810 58
62813 59
62835 60
62862 61
62878 62
62887 63
62920 62
62928 63
62983 62
63013 61
63022 60
63044 61
63048 62
63052 63
63089 62
63121 63
63142 64
63176 63
63259 62
63260 63
63270 64
63322 63
63326 64
63327 63
63330 64
63335 63
63341 64
63350 63
63356 64
63358 65
63406 64
63469 65
63471 66
63473 65
63522 64
63530 63
63576 62
63582 63
63587 62
63587 61
63590 62
63597 63
63604 64
63678 63
63700 62
63702 61
63706 60
63718 61
63723 62
63726 61
63748 62
63754 61
63763 60
63763 61
63798 62
63810 63
63877 64
63888 65
63913 64
63946 65
63947 64
63985 65
64034 64
64054 63
64056 62
64057 61
64115 62
64125 63
64143 64
64146 65
64147 64
64154 65
64167 66
64189 67
64191 66
64199 65
64230 64
64250 65
64324 64
64372 65
64450 64
64462 63
64481 62
64488 61
64497 60
64543 59
64558 58
64564 57
64565 58
64570 59
64604 60
64604 59
64614 58
64667 57
64677 56
64678 57
64702 58
64742 59
64742 60
64742 61
64758 62
64766 61
64773 60
64812 59
64814 58
64847 57
64861 56
64862 57
64911 56
64947 57
64970 56
64979 55
64983 56
64986 57
64997 56
65004 55
65080 54
65085 55
65085 56
65094 55
65100 54
65120 53
65130 54
65137 55
65156 54
65162 53
65166 52
65169 53
65169 54
65183 53
65188 52
65200 53
65205 54
65209 53
65330 52
65344 53
65364 52
65374 53
65377 54
65382 53
65410 52
65418 53
65458 54
65470 55
65483 56
65525 55
65531 56
65567 55
65569 54
65580 55
65593 56
65593 57
65594 56
65615 57
65616 58
65656 59
65677 58
65678 59
65726 58
65752 57
65762 58
65774 59
65778 60
65784 61
65787 62
65791 63
65799 64
65799 65
65804 64
65816 63
65822 62
65860 63
65870 64
65952 65
65958 64
65958 63
65983 62
65984 61
66003 60
66010 59
66020 60
66101 59
66108 58
66122 59
66138 60
66140 61
66150 60
66154 59
66230 58
66235 59
66242 58
66244 59
66250 58
66253 59
66254 60
66258 59
66263 58
66268 59
66278 58
66281 57
66308 56
66365 57
66398 56
66405 57
66414 58
66418 57
66446 58
66453 59
66483 58
66518 57
66539 56
66547 55
66567 56
66592 57
66595 58
66596 59
66622 58
66646 57
66661 58
66694 59
66700 58
66754 57
66782 58
66802 59
66830 58
66854 57
66918 58
66928 59
66944 60
67000 59
67023 60
67035 59
67037 60
67039 61
67049 62
67050 63
67058 62
67058 61
67064 62
67138 61
67149 60
67166 59
67173 60
67214 59
67217 60
67222 61
67266 62
67273 61
67286 60
67322 59
67366 60
67392 61
67397 60
67412 59
67412 58
67417 59
67421 58
67423 59
67448 58
67453 59
67454 60
67455 61
67457 60
67468 59
67490 60
67492 59
67507 60
67549 61
67574 62
67653 63
67654 64
67657 63
67778 64
67800 65
67801 66
67806 65
67812 64
67832 65
67837 66
67842 65
67854 64
67856 65
67862 64
67936 65
67944 66
67950 65
67950 64
67963 63
67964 62
68028 61
68050 62
68084 61
68145 62
68170 61
68185 60
68258 61
68279 62
68282 61
68304 62
68310 61
68322 60
68324 59
68326 60
68334 59
68342 58
68391 59
68414 58
68494 57
68506 58
68517 57
68545 58
68557 57
68589 58
68603 59
68624 60
68712 61
68726 62
68726 63
68733 64
68738 65
68738 66
68761 65
68776 66
68786 65
68797 64
68802 63
68806 64
68871 63
68918 64
68923 63
68971 62
69012 61
69042 62
69074 61
69118 60
69122 59
69125 58
69150 59
69154 60
69162 59
69282 60
69311 61
69331 62
69338 61
69360 62
69386 63
69414 64
69435 65
69471 64
69485 63
69490 62
69493 61
69536 62
69544 63
69545 64
69562 65
69586 66
69586 65
69590 66
69594 65
69614 64
69621 65
69627 66
69651 65
69666 64
69684 65
69686 66
69696 67
69734 66
69744 65
69749 64
69800 63
69816 62
69820 61
69868 60
69878 61
69887 60
69922 61
69922 62
69967 63
69975 62
69987 61
70012 62
70035 61
70035 62
70051 61
70052 60
70088 59
70094 58
70122 59
70129 58
70137 57
70142 58
70149 57
70174 56
70181 57
70189 58
70190 57
70198 56
70199 55
70208 56
70210 57
70230 56
70262 55
70277 54
70373 53
70377 54
70390 55
70420 54
70464 53
70470 54
70516 55
70519 56
70546 55
70557 54
70558 53
70627 54
70628 55
70655 56
70675 57
70687 58
70710 57
70760 56
70763 55
70766 54
70774 55
70830 54
70842 53
70862 52
70870 53
70874 52
70879 53
70894 54
70907 55
70922 56
70922 57
70923 56
70926 57
70933 56
70958 55
70998 54
71036 55
71056 56
71072 57
71089 58
71151 57
71176 56
71188 55
71190 54
71198 55
71198 56
71204 55
71266 56
71327 57
71341 58
71344 59
71344 60
71348 61
71350 62
71414 61
71430 62
71430 63
71430 64
71430 65
71433 66
71510 65
71535 66
71562 65
71583 64
71615 63
71634 62
71658 61
71709 60
71726 61
71738 62
71782 61
71816 60
71838 61
71841 62
71844 61
71847 60
71876 59
71876 58
71915 59
71923 58
71927 59
71974 60
71983 61
72026 60
72048 59
72080 60
72083 59
72086 60
72090 59
72102 60
72117 61
72123 60
72130 59
72149 58
72192 59
72214 60
72236 59
72240 60
72244 61
72250 60
72257 61
72261 60
72462 61
72472 60
72486 61
72496 60
72519 59
72542 60
72544 61
72558 62
72558 63
72583 62
72598 63
72605 64
72618 63
72626 62
72626 63
72640 64
72641 65
72648 64
72673 65
72690 66
72694 67
72725 66
72742 65
72749 64
72761 65
72775 64
72838 63
72849 62
72854 61
72883 60
72892 59
72898 60
72912 61
72997 62
73006 61
73060 62
73063 63
73069 62
73072 61
73076 62
73077 63
73078 64
73084 63
73122 64
73166 65
73167 66
73202 65
73222 64
73239 63
73295 64
73307 63
73317 62
73353 63
73364 64
73392 65
73393 64
73458 63
73470 62
73471 61
73505 60
73507 61
73516 60
73523 61
73597 60
73601 61
73602 60
73636 59
73641 60
73698 61
73713 62
73716 61
73739 60
73747 61
73754 62
73811 61
73843 60
73865 59
73914 60
73916 61
73918 62
73918 63
73921 64
73923 65
73927 66
73950 65
73950 64
73993 65
74000 64
74005 63
74032 64
74039 65
74046 64
74064 63
74084 62
74178 61
74194 60
74255 61
74266 60
74273 61
74274 62
74284 61
74288 60
74327 61
74350 60
74350 59
74355 60
74370 59
74375 60
74414 59
74418 58
74468 57
74470 56
74498 55
74506 56
74532 55
74553 54
74568 53
74585 54
74590 55
74623 54
74627 53
74658 52
74664 51
74670 52
74678 51
74680 52
74682 53
74737 52
74765 53
74798 54
74850 55
74853 54
74889 53
74925 52
74936 53
74961 54
74974 55
74986 56
74987 57
75001 56
75006 55
75065 56
75126 57
75128 58
75128 59
75137 60
75166 61
75226 60
75245 61
75259 62
75267 63
75290 64
75317 65
75323 64
75339 63
75366 62
75381 63
75398 64
75403 65
75406 64
75423 63
75427 64
75466 65
75466 66
75531 67
75539 66
75542 65
75555 66
75558 67
75572 66
75638 67
75638 66
75700 65
75758 64
75768 63
75770 64
75842 63
75842 62
75848 63
75894 64
75896 63
75901 64
75906 65
75910 64
75941 63
75967 62
75969 61
75973 62
76018 63
76019 62
76029 63
76080 62
76082 63
76182 64
76184 65
76211 64
76242 63
76270 62
76283 63
76310 62
76357 63
76364 64
76372 63
76374 64
76382 63
76389 64
76399 63
76423 62
76436 63
76460 62
76496 63
76498 64
76506 65
76508 66
76540 67
76547 66
76565 67
76571 68
76582 67
76602 66
76668 65
76674 66
76690 67
76700 68
76757 69
76759 68
76769 69
76778 68
76794 67
76801 66
76820 65
76833 66
76911 65
76918 64
76943 65
76952 64
76989 65
76998 64
77001 65
77012 64
77016 63
77052 62
77096 61
77158 62
77182 63
77199 62
77210 63
77210 62
77211 61
77298 60
77312 59
77320 60
77338 61
77390 60
77402 59
77410 58
77434 59
77436 60
77441 59
77474 58
77474 57
77490 56
77556 55
77576 54
77609 55
77613 56
77633 57
77639 58
77649 59
77670 58
77671 57
77701 56
77718 57
77720 58
77725 57
77727 56
77730 57
77776 58
77782 59
77795 58
77795 59
77830 58
77864 57
77888 56
77910 57
77956 58
77965 59
77968 60
77980 59
77990 58
78005 59
78027 58
78056 57
78082 56
78083 57
78085 58
78105 59
78106 60
78107 61
78135 60
78150 59
78178 58
78195 57
78226 56
78241 57
78247 58
78253 59
78254 58
78259 57
78260 58
78262 59
78274 58
78386 57
78386 56
78410 55
78411 54
78427 53
78444 54
78453 53
78486 52
78514 53
78532 54
78540 55
78554 54
78570 53
78586 54
78592 55
78648 56
78651 57
78686 56
78691 57
78693 56
78720 57
78727 56
78732 57
78734 58
78745 57
78762 58
78782 59
78787 58
78788 59
78800 58
78809 59
78836 58
78846 57
78934 56
78953 57
78998 58
79036 59
79048 60
79096 61
79107 60
79120 59
79175 60
79181 59
79182 60
79203 61
79219 60
79231 61
79235 62
79237 61
79327 62
79343 63
79346 62
79378 61
79419 60
79419 59
79420 60
79479 61
79489 62
79495 63
79508 62
79537 61
79626 62
79626 63
79627 64
79647 63
79668 62
79691 63
79705 62
79731 61
79745 62
79746 63
79748 64
79752 63
79797 64
79815 65
79818 66
79869 65
79886 66
79888 65
79901 66
79951 65
79973 64
79997 65
80027 64
80044 65
80056 66
80080 65
80149 64
80154 63
80155 62
80210 61
80235 62
80251 61
80255 62
80257 63
80278 62
80310 61
80321 60
80378 61
80391 60
80420 61
80451 62
80501 61
80537 60
80563 61
80563 60
80634 61
80642 62
80649 63
80650 64
80652 65
80655 66
80684 67
80722 68
80762 67
80765 68
80770 67
80779 68
80792 69
80826 68
80850 67
80862 66
80866 67
80908 68
80938 67
80947 66
80983 65
81020 64
81022 63
81024 62
81046 61
81050 60
81051 61
81062 60
81063 59
81090 60
81098 59
81102 58
81104 59
81111 58
81122 59
81123 60
81139 59
81150 58
81169 57
81187 56
81205 57
81208 58
81214 57
81216 58
81251 57
81305 56
81451 57
81486 56
81498 55
81501 56
81513 55
81522 56
81547 55
81589 54
81598 53
81614 52
81630 51
81630 52
81631 53
81650 54
81651 53
81656 54
81658 55
81702 54
81731 55
81743 56
81745 57
81758 56
81779 57
81784 58
81789 57
81794 56
81813 55
81870 54
81873 53
81877 54
81886 53
81898 52
81926 53
81927 54
81969 53
81981 54
81990 55
81993 56
82002 57
82036 58
82036 59
82050 58
82078 57
82094 56
82125 55
82130 56
82132 57
82137 58
82138 59
82149 58
82160 57
82179 58
82182 59
82206 60
82264 59
82298 58
82328 59
82331 60
82399 61
82402 62
82414 61
82419 62
82426 63
82433 62
82450 61
82474 60
82533 59
82535 58
82544 57
82587 56
82587 57
82599 56
82600 55
82662 56
82674 55
82690 56
82694 55
82782 54
82789 55
82790 56
82796 55
82798 56
82807 57
82808 58
82812 59
82814 60
82896 61
82897 62
82904 63
82911 64
82930 63
82941 62
82960 61
83031 62
83046 63
83046 64
83047 65
83050 66
83052 67
83094 66
83120 65
83167 64
83181 65
83192 66
83209 67
83255 68
83264 67
83284 66
83320 65
83321 64
83334 65
83340 66
83355 65
83383 64
83397 63
83411 62
83414 61
83422 60
83446 61
83448 62
83467 61
83483 62
83485 61
83494 60
83537 59
83539 58
83655 59
83663 58
83666 59
83695 60
83733 59
83737 58
83752 57
83786 58
83788 57
83795 56
83874 55
83930 54
83945 53
83946 52
83950 53
83966 54
83978 55
83999 54
84014 53
84020 54
84022 55
84030 54
84067 53
84101 52
84108 53
84114 54
84117 55
84138 54
84184 55
84224 56
84225 57
84227 58
84266 59
84281 60
84285 61
84304 62
84343 61
84350 62
84352 63
84353 64
84357 65
84357 66
84361 67
84382 68
84418 69
84434 68
84465 67
84467 66
84489 67
84513 66
84522 65
84552 64
84597 65
84600 64
84610 65
84646 64
84684 63
84691 62
84713 61
84737 60
84756 59
84759 58
84766 57
84774 58
84782 59
84782 58
84789 59
84805 58
84830 57
84850 56
84859 55
84897 54
84909 55
84939 56
84944 55
85050 56
85055 57
85093 58
85109 59
85167 58
85171 59
85182 58
85194 57
85241 58
85252 59
85304 58
85310 59
85330 58
85331 57
85332 58
85355 59
85356 60
85357 59
85366 60
85412 59
85455 58
85469 59
85511 58
85543 59
85584 60
85590 59
85590 58
85595 57
85622 56
85630 55
85662 54
85681 55
85685 56
85693 57
85703 56
85738 57
85760 56
85770 55
85787 56
85805 57
85825 56
85848 55
85871 54
85881 53
85890 54
85908 55
85914 56
85917 55
85931 54
85978 55
85996 56
85998 57
86018 56
86030 55
86076 56
86076 57
86110 58
86121 59
86154 58
86156 59
86167 60
86235 61
86242 60
86271 59
86286 60
86290 61
86292 62
86322 61
86327 62
86398 63
86399 64
86449 63
86464 64
86470 63
86472 64
86472 63
86476 64
86499 65
86510 66
86518 67
86519 68
86528 67
86537 66
86566 65
86666 64
86686 63
86689 62
86701 61
86704 60
86711 59
86711 60
86812 61
86814 60
86863 61
86876 60
86882 59
86922 58
86925 59
86936 60
86945 61
86987 62
86990 61
87000 60
87018 61
87028 60
87039 59
87040 60
87096 59
87103 58
87110 59
87140 58
87154 59
87194 60
87199 61
87225 60
87228 59
87238 60
87254 59
87258 58
87265 59
87307 58
87315 59
87318 60
87347 61
87419 62
87425 63
87457 62
87479 61
87496 60
87500 61
87558 60
87564 61
87670 60
87686 59
87722 58
87737 57
87811 56
87840 57
87847 58
87855 59
87866 60
87886 59
87887 58
87971 57
87989 58
87990 59
87991 60
88008 61
88052 62
88064 61
88071 62
88073 63
88077 62
88078 63
88081 64
88117 63
88125 64
88166 63
88171 64
88175 63
88175 62
88211 63
88228 62
88277 63
88291 64
88339 65
88366 64
88399 63
88406 62
88449 61
88462 60
88462 61
88472 62
88498 63
88519 62
88523 61
88527 60
88532 59
88539 58
88568 57
88572 56
88601 55
88622 54
88636 55
88639 56
88717 55
88719 56
88729 55
88730 56
88744 56
88747 55
88747 54
88747 54
88747 53
88750 53
88750 53
88750 52
88752 52
88752 51
88752 50
88754 49
88755 49
88755 48
88759 47
88759 48
88759 49
88762 49
88766 48
88767 47
88771 48
88772 49
88841 50
88857 49
88860 49
88860 49
88865 49
88866 48
88866 47
88867 46
88868 45
88869 44
88908 43
88931 44
88934 45
88963 46
88964 45
88965 44
88967 45
88968 46
88972 45
88986 46
89000 45
89001 44
89005 44
89025 45
89027 44
89054 43
89065 42
89070 41
89071 42
89075 41
89079 41
89079 40
89082 40
89084 41
89090 41
89092 41
89093 40
89094 39
89099 39
89114 38
89124 37
89133 38
89136 39
89188 40
89191 39
89193 40
89247 39
89277 40
89278 41
89282 40
89285 39
89288 39
89294 39
89307 40
89310 41
89314 40
89327 39
89329 40
89331 39
89333 38
89334 38
89342 37
89342 36
89343 35
89343 36
89346 35
89357 36
89367 37
89379 36
89381 37
89383 37
89383 36
89384 35
89387 34
89387 33
89395 33
89398 32
89434 33
89454 34
89457 34
89465 35
89469 35
89484 34
89486 34
89486 33
89486 32
89487 33
89489 33
89490 33
89491 33
89491 33
89492 33
89493 32
89495 32
89495 32
89495 32
89496 32
89526 31
89528 30
89529 30
89529 31
89537 30
89539 30
89546 29
89577 30
89644 31
89656 31
89660 32
89664 33
89679 32
89712 33
89719 34
89724 35
89725 34
89727 33
89735 32
89736 31
89749 32
89750 33
89766 33
89792 34
89795 35
89799 34
89799 34
89799 34
89799 33
89799 32
89799 31
89799 30
89803 29
89815 30
89819 29
89819 28
89819 29
89826 28
89827 29
89827 28
89827 29
89827 28
89827 28
89827 29
89827 29
89828 29
89830 28
89831 29
89832 28
89833 27
89834 26
89835 25
89841 24
89841 23
89843 23
89853 24
89898 23
89899 23
89899 22
89903 23
89905 23
89910 23
89911 23
89914 22
89920 22
89920 22
89921 21
89921 20
89922 20
89923 20
89929 21
89936 21
89977 21
89979 22
89980 22
89980 21
89982 21
89982 20
89984 21
89990 22
89994 22
89995 23
89995 22
89999 22
90002 21
90003 20
90004 21
90004 21
90005 21
90007 20
90017 21
90023 22
90029 23
90030 24
90035 24
90036 23
90051 22
90054 22
90055 22
90059 23
90059 24
90067 23
90070 23
90071 23
90074 24
90075 25
90076 25
90078 24
90079 24
90080 23
90080 22
90080 21
90084 21
90084 21
90084 21
90084 21
90084 21
90084 21
90084 20
90085 21
90090 20
90096 20
90100 20
90112 19
90132 20
90149 21
90158 21
90158 20
90170 19
90170 20
90190 19
90209 20
90221 19
90233 20
90241 20
90241 21
90243 20
90246 20
90249 19
90250 18
90250 18
90251 17
90254 17
90276 18
90283 18
90284 17
90292 18
90295 19
90297 18
90301 18
90305 18
90307 18
90334 19
90335 20
90338 21
90338 21
90339 22
90340 23
90342 23
90343 24
90349 25
90354 24
90397 25
90399 26
90406 27
90413 28
90413 28
90415 29
90416 28
90419 27
90419 27
90419 27
90422 27
90424 26
90428 26
90447 25
90450 25
90451 25
90459 25
90460 25
90461 25
90461 24
90463 23
90464 24
90466 24
90467 23
90467 22
90469 22
90470 22
90471 23
90472 23
90472 23
90473 23
90473 23
90473 23
90474 23
90474 23
90476 23
90477 24
90486 23
90486 22
90487 23
90493 24
90495 24
90495 24
90495 23
90496 23
90500 22
90540 23
90559 22
90559 23
90591 24
90599 24
90607 25
90613 25
90625 25
90626 24
90627 23
90629 22
90630 22
90631 21
90631 22
90637 21
90638 21
90638 20
90638 20
90639 19
90643 19
90644 18
90659 19
90660 20
90669 19
90678 20
90679 21
90684 22
90759 23
90765 24
90769 25
90781 25
90788 24
90790 23
90811 24
90815 25
90816 26
90820 25
90823 26
90823 27
90832 27
90867 28
90876 29
90878 30
90899 31
90907 32
90911 33
90919 33
90919 33
90919 33
90919 32
90919 32
90924 31
90924 30
90924 29
90924 29
90925 30
90931 30
90933 31
90943 31
90943 30
90944 31
90949 31
90950 30
90966 31
90984 32
90996 31
91004 32
91006 32
91009 31
91013 32
91014 33
91015 34
91043 35
91052 36
91060 35
91060 34
91061 33
91063 33
91063 32
91063 32
91063 32
91063 32
91063 31
91063 31
91065 30
91070 29
91075 30
91076 31
91081 32
91084 31
91084 30
91091 30
91111 31
91124 32
91157 33
91206 34
91206 35
91211 36
91214 37
91217 38
91221 39
91223 38
91223 38
91224 39
91248 40
91259 41
91268 41
91268 41
91268 41
91268 41
91268 40
91268 40
91268 40
91268 39
91269 39
91269 39
91269 39
91274 39
91289 38
91318 39
91323 40
91327 39
91334 38
91335 37
91337 36
91338 35
91338 34
91338 33
91339 34
91371 35
91371 34
91379 34
91407 35
91455 36
91463 35
91464 36
91464 35
91467 36
91467 37
91475 37
91476 36
91480 37
91480 38
91482 39
91483 38
91484 38
91490 38
91491 38
91495 37
91503 38
91505 38
91510 39
91520 39
91520 38
91520 38
91520 38
91520 38
91520 38
91520 38
91520 38
91521 37
91521 37
91521 37
91521 37
91521 36
91523 36
91526 36
91529 36
91530 36
91532 37
91537 36
91540 35
91544 34
91584 35
91619 34
91641 35
91648 36
91651 37
91665 36
91681 35
91687 36
91689 35
91715 36
91728 37
91728 38
91730 39
91754 40
91763 39
91769 40
91779 39
91782 38
91791 39
91792 38
91800 39
91802 40
91856 39
91875 40
91902 39
91905 40
91906 41
91939 42
91945 41
91949 40
91954 39
91966 40
91966 41
91969 42
91973 41
91974 42
91986 43
92019 44
92019 45
92021 46
92024 45
92028 46
92032 47
92045 46
92046 45
92047 44
92052 44
92063 43
92095 44
92097 45
92109 44
92110 44
92111 45
92126 46
92126 46
92133 47
92134 48
92144 49
92144 50
92183 51
92183 52
92191 52
92191 51
92213 52
92228 53
92233 54
92239 55
92241 54
92242 53
92244 52
92247 53
92254 53
92255 52
92263 51
92267 52
92269 51
92279 50
92293 51
92301 50
92301 50
92303 49
92307 49
92319 50
92326 50
92338 51
92347 52
92351 51
92415 52
92415 53
92415 54
92416 54
92419 53
92426 54
92427 53
92454 54
92483 55
92493 54
92505 53
92509 54
92510 55
92519 54
92519 54
92539 55
92544 54
92550 53
92554 52
92558 51
92559 52
92559 53
92565 52
92567 51
92571 50
92571 49
92575 50
92578 49
92579 48
92583 49
92585 49
92587 49
92591 48
92591 47
92603 46
92687 45
92694 45
92695 44
92699 43
92699 42
92700 43
92706 42
92735 43
92794 43
92795 42
92796 41
92796 40
92799 41
92801 41
92802 41
92802 40
92802 40
92805 39
92807 38
92810 37
92810 38
92815 39
92835 38
92843 39
92844 40
92852 40
92854 39
92855 38
92857 39
92861 39
92862 38
92863 37
92865 37
92868 37
92873 37
92874 37
92875 37
92876 37
92895 38
92895 39
92897 40
92903 40
92909 39
92970 40
92985 41
92986 40
92987 39
92987 38
92993 37
92993 38
93013 37
93025 38
93044 39
93054 38
93088 39
93092 39
93103 40
93103 41
93120 40
93121 39
93125 40
93128 41
93130 40
93132 39
93132 38
93142 38
93176 39
93180 38
93199 39
93207 39
93211 40
93264 41
93267 40
93271 41
93273 40
93284 39
93288 40
93318 41
93321 42
93322 42
93324 41
93331 42
93335 43
93335 44
93336 45
93350 46
93359 47
93363 46
93384 47
93386 48
93416 47
93448 48
93451 47
93457 48
93460 49
93464 50
93470 49
93475 50
93510 51
93560 52
93569 53
93574 52
93582 53
93588 54
93595 54
93611 55
93617 56
93642 57
93660 58
93677 59
93697 60
93753 59
93760 60
93766 61
93828 60
93837 61
93845 60
93852 59
93853 58
93857 59
93861 58
93865 57
93869 58
93877 57
93879 58
93879 57
93880 56
93894 55
93897 56
93945 57
93953 58
93963 59
94018 58
94035 59
94055 60
94072 61
94114 60
94150 61
94162 62
94171 63
94175 62
94187 61
94259 60
94353 61
94354 62
94367 63
94372 64
94375 63
94387 62
94392 63
94401 64
94420 65
94420 66
94445 65
94457 66
94489 67
94605 68
94703 69
94850 70
94855 69
94877 70
94880 71
94885 72
94886 73
95027 74
95054 75
95057 74
95156 73
95237 72
95269 73
95277 72
95279 71
95294 70
95297 71
95363 70
95374 69
95395 68
95415 67
95419 66
95432 65
95432 64
95432 63
95434 62
95442 61
95677 62
95699 63
95711 64
95711 65
95724 66
95751 65
95759 64
95760 63
95768 62
95785 61
95881 62
95916 63
95927 62
95951 63
96027 64
96040 65
96054 66
96106 67
96112 66
96117 67
96195 68
96202 69
96203 68
96227 67
96250 66
96296 65
96307 64
96343 65
96371 66
96385 67
96419 66
96442 65
96459 64
96502 63
96508 64
96518 65
96530 64
96531 63
96551 64
96555 63
96555 62
96555 61
96559 60
96591 59
96605 58
96607 57
96619 58
96619 59
96667 58
96681 57
96682 56
96690 55
96691 56
96692 55
96697 54
96705 53
96728 52
96760 51
96795 52
96795 53
96798 54
96851 55
96871 54
96880 53
96887 52
96936 53
96937 54
96947 55
96969 54
96992 53
97000 54
97007 53
97049 52
97053 51
97077 50
97114 51
97139 52
97141 53
97149 52
97155 53
97163 52
97215 53
97240 52
97242 51
97259 52
97271 53
97277 54
97283 53
97296 52
97316 51
97319 52
97355 51
97367 52
97374 53
97388 54
97400 55
97437 56
97455 57
97481 58
97484 57
97491 56
97494 55
97543 54
97551 55
97608 56
97628 57
97635 58
97635 59
97653 58
97654 57
97663 56
97699 57
97699 58
97701 59
97703 60
97703 61
97839 60
97844 59
97861 58
97867 59
97881 60
97905 59
97924 58
97928 57
97928 58
97930 59
97931 60
97944 59
98027 58
98053 59
98074 60
98081 61
98083 60
98107 59
98111 58
98113 57
98127 58
98156 59
98172 58
98191 57
98195 56
98224 57
98225 58
98258 59
98263 58
98276 59
98312 58
98317 59
98354 60
98367 59
98383 58
98383 57
98390 56
98457 57
98462 58
98465 59
98465 60
98467 59
98472 58
98479 57
98534 56
98535 55
98615 54
98656 55
98658 56
98764 57
98770 58
98771 57
98802 56
98805 57
98830 58
98887 59
98888 58
98899 59
98899 60
98941 61
98959 60
98964 61
98979 62
98988 63
99047 62
99052 61
99068 62
99070 61
99082 60
99087 61
99099 60
99110 59
99134 60
99151 59
99167 58
99167 57
99188 58
99194 57
99207 56
99218 57
99274 56
99295 57
99307 58
99323 59
99329 58
99350 59
99359 58
99360 59
99376 60
99391 61
99402 60
99449 61
99478 62
99492 61
99533 60
99583 61
99609 62
99631 61
99633 62
99668 61
99675 60
99679 61
99791 62
99831 61
99847 62
99880 61
99886 62
99924 63
99965 62
100023 63
100023 64
100034 65
100095 66
100138 65
100146 66
100147 67
100154 66
100167 65
100170 66
100175 67
100221 68
100276 69
100340 68
100359 69
100363 68
100372 69
100389 68
100409 67
100451 68
100451 69
100455 70
100471 69
100474 68
100478 67
100507 66
100515 65
100527 64
100539 63
100551 64
100575 63
100603 62
100627 63
100632 64
100632 65
100638 64
100666 65
100680 66
100730 65
100760 64
100768 63
100774 62
100862 61
100935 60
100962 59
101018 58
101029 57
101043 58
101045 59
101048 60
101059 59
101095 60
101103 59
101136 60
101137 59
101143 60
101147 61
101246 60
101257 61
101295 60
101305 59
101343 60
101355 61
101383 62
101386 63
101394 64
101396 65
101423 66
101423 67
101428 66
101450 67
101493 66
101548 67
101555 68
101569 67
101577 66
101594 65
101597 64
101621 63
101629 62
101650 61
101652 62
101652 63
101669 64
101678 65
101684 66
101685 65
101690 64
101703 65
101748 64
101759 63
101840 62
101871 61
101873 60
101876 59
101879 58
101883 57
101920 56
101943 57
101955 56
101968 57
101995 56
101995 55
101997 54
102006 53
102072 54
102085 55
102098 54
102100 55
102100 56
102103 55
102159 54
102163 53
102173 54
102204 53
102247 54
102271 53
102274 54
102275 53
102279 54
102292 53
102319 54
102334 53
102356 52
102360 53
102371 54
102430 53
102469 54
102497 55
102500 54
102539 55
102546 56
102551 57
102554 58
102585 59
102587 58
102599 59
102605 60
102635 59
102667 58
102693 59
102696 58
102698 59
102707 60
102731 61
102735 60
102766 61
102772 60
102800 59
102808 58
102810 57
102815 58
102816 59
102820 58
102833 57
102839 56
102859 55
102859 56
102879 57
102895 58
102895 57
102902 56
102902 55
102935 56
102935 57
102937 58
102940 59
102945 60
102975 59
103000 58
103002 59
103051 58
103071 59
103076 58
103087 59
103091 58
103095 57
103096 56
103142 57
103154 58
103180 59
103207 58
103245 57
103254 58
103264 57
103279 58
103332 59
103336 60
103353 59
103354 58
103355 57
103355 56
103375 55
103395 54
103417 55
103431 54
103454 53
103595 54
103669 55
103675 56
103726 55
103727 54
103731 55
103739 56
103759 57
103764 58
103837 59
103864 60
103867 61
103873 62
103908 63
103948 62
103959 61
103967 62
103974 63
104027 64
104059 65
104075 66
104083 65
104098 64
104121 63
104143 64
104202 63
104207 62
104221 63
104227 64
104227 65
104316 64
104317 63
104319 62
104324 63
104362 64
104362 65
104390 66
104390 67
104398 66
104431 67
104488 66
104531 65
104545 66
104549 65
104554 66
104623 65
104633 66
104643 65
104648 66
104705 67
104730 66
104764 67
104770 66
104862 65
104872 66
104888 67
104919 66
104940 67
104952 68
104981 67
104995 66
105003 67
105015 66
105020 65
105051 66
105051 67
105051 68
105057 67
105102 68
105140 67
105149 68
105278 67
105291 66
105357 65
105369 64
105374 65
105375 66
105384 65
105401 64
105403 63
105412 62
105427 61
105437 60
105444 59
105461 58
105483 57
105498 58
105543 59
105558 60
105578 59
105600 58
105625 57
105635 56
105639 57
105645 56
105650 57
105681 58
105687 57
105691 56
105754 55
105771 54
105772 53
105783 52
105840 51
105852 50
105858 49
105874 50
105875 51
105902 52
105907 51
105913 52
105972 53
105975 52
106004 53
106006 54
106037 53
106048 52
106058 51
106080 50
106081 51
106088 52
106127 51
106152 52
106207 51
106259 52
106266 53
106266 54
106284 53
106302 54
106303 55
106312 56
106373 55
106463 56
106463 57
106468 58
106478 59
106513 58
106521 59
106525 58
106525 57
106529 56
106536 57
106559 58
106559 59
106562 58
106575 59
106591 58
106595 57
106595 56
106596 55
106599 56
106603 57
106651 56
106651 55
106662 54
106685 53
106737 54
106744 53
106748 52
106754 53
106807 54
106829 53
106892 54
106895 53
106899 52
106903 53
106911 52
106920 53
106955 54
106962 55
106968 56
106971 57
106972 58
106981 57
107027 58
107074 57
107077 56
107079 57
107083 56
107084 55
107101 56
107103 55
107103 54
107122 55
107135 54
107145 55
107156 54
107163 55
107171 56
107191 57
107209 56
107227 55
107276 56
107306 57
107339 56
107411 57
107424 56
107427 57
107428 56
107429 55
107497 54
107499 53
107562 54
107563 55
107577 56
107579 57
107590 58
107660 59
107665 60
107674 59
107674 58
107678 57
107695 56
107707 55
107807 54
107820 55
107823 56
107851 57
107855 58
107881 59
107927 58
107942 59
107970 60
107975 61
107980 62
108040 63
108043 62
108050 61
108055 62
108073 61
108102 60
108128 61
108146 62
108155 63
108157 62
108179 61
108201 60
108218 59
108238 58
108243 57
108267 58
108314 59
108344 58
108351 57
108358 58
108363 57
108365 56
108374 57
108427 58
108443 59
108444 58
108448 59
108489 58
108571 57
108578 58
108579 59
108587 60
108616 61
108684 60
108691 61
108693 62
108695 63
108723 62
108744 63
108808 62
108883 63
108884 64
108885 65
108889 66
108896 67
108908 68
108926 69
108929 70
108998 69
109010 68
109010 67
109121 68
109135 67
109151 66
109169 65
109183 66
109184 67
109192 68
109205 67
109210 68
109240 69
109240 70
109260 69
109301 70
109305 69
109311 68
109315 67
109324 66
109340 65
109394 64
109399 65
109399 66
109400 67
109402 66
109407 65
109408 64
109411 63
109422 62
109451 61
109464 60
109476 59
109550 58
109572 57
109677 58
109685 57
109699 56
109740 55
109747 54
109757 55
109796 56
109818 55
109823 54
109835 53
109835 52
109844 51
109891 50
109911 51
109938 52
109975 53
109978 54
110029 55
110040 56
110062 55
110081 56
110129 55
110249 54
110250 55
110274 56
110279 57
110306 56
110307 55
110315 54
110319 55
110343 54
110359 53
110415 52
110419 53
110446 54
110447 55
110461 56
110473 57
110480 56
110487 57
110507 56
110517 57
110517 58
110525 57
110534 56
110571 57
110598 58
110671 57
110687 56
110693 55
110701 56
110707 57
110710 58
110733 59
110755 58
110762 59
110786 58
110789 59
110790 58
110792 57
110793 58
110842 57
110858 58
110864 57
110884 56
110929 55
110937 56
110941 57
110941 58
110963 57
110966 56
110982 57
111003 56
111011 57
111056 56
111063 57
111063 58
111063 59
111090 58
111091 59
111097 58
111176 57
111183 58
111184 59
111228 58
111243 59
111294 58
111311 59
111316 60
111318 59
111369 60
111415 59
111456 58
111503 59
111503 60
111511 59
111531 60
111531 61
111570 62
111577 61
111580 62
111581 61
111586 62
111606 61
111611 60
111624 59
111651 58
111668 57
111739 58
111748 57
111757 56
111762 55
111764 56
111765 57
111791 58
111836 59
111863 60
111868 59
111874 58
111900 57
111939 56
111943 57
111948 58
111950 59
111955 60
111964 59
111979 58
111991 57
111997 58
111997 59
111999 60
112022 59
112041 60
112059 59
112074 58
112081 59
112082 58
112099 57
112108 58
112131 57
112143 56
112175 57
112190 56
112280 55
112306 54
112346 53
112358 54
112385 53
112397 54
112405 55
112409 56
112409 57
112440 56
112451 57
112477 56
112496 57
112498 58
112504 59
112510 60
112625 61
112643 62
112706 61
112713 62
112755 63
112760 62
112808 63
112809 64
112823 65
112951 66
112968 67
112973 66
112990 67
113003 66
113023 65
113050 64
113071 65
113079 64
113119 63
113120 64
113122 63
113131 62
113135 63
113164 62
113171 61
113173 60
113190 59
113191 58
113267 59
113273 60
113294 61
113309 60
113333 59
113399 60
113411 59
113413 60
113426 59
113450 58
113459 57
113477 58
113498 59
113514 60
113543 59
113543 58
113550 59
113554 58
113561 57
113577 58
113579 59
113585 60
113618 61
113630 60
113634 61
113679 62
113761 63
113779 64
113892 63
113896 64
113907 65
113992 66
113999 65
114021 64
114023 63
114051 64
114064 63
114071 64
114091 63
114096 62
114110 63
114117 64
114147 63
114183 64
114194 65
114195 66
114213 65
114231 64
114242 63
114259 62
114283 61
114305 60
114305 59
114324 60
114392 61
114399 60
114463 59
114483 60
114485 61
114492 62
114500 61
114545 60
114577 59
114579 60
114579 61
114588 62
114600 61
114636 62
114640 63
114643 64
114671 63
114691 64
114693 65
114707 64
114713 65
114771 64
114772 65
114811 66
114827 67
114831 66
114832 65
114847 64
114863 65
114931 64
114937 63
114942 62
114953 61
115015 60
115020 61
115022 62
115041 61
115055 60
115057 59
115082 58
115168 57
115171 56
115192 57
115231 56
115256 55
115267 56
115279 57
115292 58
115304 57
115337 58
115363 59
115371 58
115383 57
115391 56
115400 55
115415 54
115415 55
115416 56
115424 57
115426 56
115451 55
115452 54
115487 53
115492 52
115500 51
115527 52
115541 53
115560 52
115615 51
115631 52
115651 53
115651 54
115654 55
115656 54
115663 55
115687 54
115706 53
115706 54
115713 55
115720 54
115739 53
115740 54
115763 55
115797 54
115803 55
115807 54
115811 53
115815 54
115821 53
115834 54
115839 55
115843 56
115853 55
115931 54
115946 53
115955 54
115963 55
116021 54
116022 55
116037 56
116054 57
116058 58
116069 57
116085 56
116089 57
116151 58
116151 57
116163 58
116169 59
116169 58
116187 57
116265 58
116310 57
116358 58
116379 59
116414 58
116438 59
116443 60
116445 59
116462 60
116472 61
116489 62
116558 61
116598 62
116599 63
116654 64
116675 63
116722 64
116727 65
116727 66
116743 67
116748 68
116756 67
116759 66
116760 65
116798 64
116831 65
116840 64
116848 65
116879 64
116890 65
116918 66
116931 67
116932 66
116943 65
116973 66
116981 67
117014 66
117060 65
117114 66
117123 65
117126 66
117127 65
117131 64
117154 63
117178 62
117246 63
117318 64
117320 63
117348 62
117359 61
117366 62
117421 61
117448 60
117455 61
117459 60
117536 61
117551 62
117555 61
117623 62
117639 61
117646 62
117753 61
117782 62
117799 61
117803 60
117809 61
117827 60
117835 61
117875 62
117883 61
117891 62
117911 63
117911 62
117911 61
117925 60
117942 61
117981 60
117991 59
118035 58
118039 59
118062 58
118068 57
118111 58
118111 59
118140 58
118183 57
118191 58
118203 59
118207 60
118209 59
118219 60
118295 61
118299 62
118300 61
118307 60
118338 59
118379 60
118397 61
118453 60
118523 61
118540 60
118562 61
118571 60
118573 59
118605 58
118630 57
118639 56
118651 55
118663 54
118667 53
118684 52
118767 51
118775 50
118775 49
118788 50
118790 49
118800 48
118817 49
118856 48
118885 49
118885 50
118885 51
118885 52
118886 53
118900 52
118917 53
118919 54
118939 53
119063 54
119071 55
119072 56
119075 57
119077 58
119079 57
119084 58
119084 59
119121 60
119172 61
119175 60
119179 61
119180 62
119187 61
119193 62
119195 63
119211 62
119213 61
119228 60
119234 59
119235 60
119237 61
119271 62
119298 61
119301 60
119324 59
119330 58
119376 59
119387 60
119387 61
119443 62
119444 61
119451 60
119455 61
119476 60
119486 59
119490 58
119498 59
119502 58
119510 57
119530 56
119538 55
119642 54
119655 53
119664 54
119671 55
119675 56
119702 57
119702 56
119707 57
119746 56
119757 57
119772 58
119782 59
119793 60
119819 61
119831 60
119832 59
119847 58
119874 59
119879 60
119896 59
119908 58
119912 59
119919 60
119945 59
119978 60
120025 59
120030 60
120056 59
120067 58
120116 57
120136 56
120148 57
120208 58
120209 59
120214 60
120214 61
120220 62
120239 63
120245 64
120259 63
120307 62
120311 63
120315 64
120319 65
120348 66
120356 65
120360 66
120399 65
120459 66
120529 67
120535 68
120539 69
120548 68
120619 67
120646 66
120655 65
120662 64
120675 65
120684 64
120692 65
120706 64
120721 63
120723 62
120817 63
120824 62
120828 63
120828 64
120859 63
120860 62
120865 61
120869 62
120873 61
120883 62
120929 63
120932 62
120945 63
120947 62
121029 61
121038 60
121043 59
121131 60
121131 61
121139 62
121173 61
121210 62
121219 61
121250 62
121250 61
121252 62
121255 63
121274 62
121289 61
121297 62
121323 63
121342 62
121377 63
121404 64
121434 65
121447 66
121490 67
121505 66
121507 65
121547 64
121548 65
121592 66
121665 65
121679 64
121703 63
121703 64
121706 65
121775 64
121811 63
121828 62
121831 63
121854 62
121858 63
121878 62
121887 63
121895 62
121905 63
121910 64
121917 63
121923 62
121925 61
122008 60
122048 59
122068 58
122080 59
122081 60
122086 61
122089 62
122107 63
122125 62
122133 63
122164 62
122233 63
122237 64
122279 63
122294 64
122296 65
122301 66
122339 67
122341 66
122359 65
122374 64
122393 63
122407 64
122440 63
122452 62
122491 63
122495 62
122509 61
122539 60
122564 61
122593 60
122597 59
122612 58
122622 57
122643 58
122654 59
122706 58
122709 59
122711 60
122713 61
122747 60
122788 59
122819 60
122839 59
122873 58
122879 57
122887 58
122887 59
122887 60
122935 59
122942 60
122959 61
122969 60
122972 59
122979 58
122996 59
123078 60
123088 59
123112 58
123126 59
123137 60
123145 61
123199 62
123204 63
123204 62
123220 63
123235 62
123240 63
123267 62
123272 63
123304 64
123306 63
123314 62
123319 61
123344 60
123363 59
123367 60
123373 59
123375 58
123445 57
123466 56
123488 55
123525 54
123535 55
123535 56
123541 57
123545 58
123559 59
123630 58
123643 59
123650 60
123656 59
123702 58
123708 57
123710 56
123745 55
123792 56
123796 57
123852 58
123858 59
123863 60
123872 59
124022 58
124050 57
124063 56
124077 55
124080 54
124095 55
124095 56
124107 55
124131 56
124144 57
124188 58
124205 59
124283 60
124287 61
124296 62
124298 63
124315 64
124319 63
124342 64
124361 63
124387 62
124410 63
124415 64
124427 63
124427 62
124457 61
124458 60
124469 61
124487 60
124547 59
124571 58
124575 57
124623 56
124628 57
124650 58
124655 59
124658 60
124672 59
124739 60
124772 61
124822 60
124849 59
124854 60
124867 59
124935 60
124944 59
124946 58
124955 57
124975 58
124986 57
124993 56
125015 57
125033 56
125057 57
125078 56
125100 57
125117 58
125125 59
125125 58
125161 59
125162 60
125165 59
125179 60
125220 61
125311 60
125334 61
125335 62
125339 61
125339 60
125341 61
125350 62
125360 63
125451 64
125502 65
125588 64
125613 65
125616 66
125619 65
125625 64
125653 63
125657 62
125657 63
125661 62
125664 63
125695 62
125747 63
125785 62
125797 61
125814 62
125815 63
125855 64
125866 65
125874 66
125885 65
125887 64
125887 63
125907 64
125909 63
125912 62
125970 61
125971 60
126051 61
126059 62
126103 63
126158 64
126195 63
126200 64
126212 65
126223 66
126239 67
126247 66
126261 65
126275 64
126277 63
126291 62
126322 61
126338 60
126344 59
126363 60
126371 59
126408 58
126415 57
126431 56
126436 55
126439 54
126439 53
126455 52
126469 53
126475 52
126488 53
126496 54
126528 55
126528 56
126587 55
126595 56
126623 55
126649 56
126651 57
126651 58
126651 59
126657 60
126678 59
126699 58
126749 59
126753 60
126758 61
126815 62
126821 61
126914 62
126927 63
126927 64
126930 63
126942 64
126991 65
126992 66
126995 67
126998 68
127013 67
127025 66
127037 67
127039 66
127044 67
127069 66
127070 65
127075 66
127111 65
127135 64
127142 63
127151 62
127168 63
127178 62
127182 63
127183 62
127189 61
127199 62
127223 61
127249 60
127275 59
127343 60
127354 59
127368 58
127376 59
127379 60
127383 59
127386 60
127413 59
127421 60
127438 59
127439 58
127446 57
127477 58
127484 57
127492 56
127562 55
127571 56
127582 57
127612 56
127635 55
127635 54
127636 55
127666 54
127685 55
127756 56
127767 55
127774 56
127776 57
127788 56
127804 57
127816 58
127816 59
127819 58
127821 59
127892 58
127902 57
127902 56
127928 57
127959 56
127984 57
127984 58
127984 57
127989 58
128016 57
128092 56
128096 57
128106 58
128110 59
128111 58
128118 59
128119 60
128139 59
128145 60
128149 59
128168 58
128181 59
128213 58
128230 57
128236 58
128240 59
128242 60
128244 61
128248 60
128250 59
128276 58
128283 59
128285 58
128334 59
128367 60
128376 61
128435 62
128443 61
128448 62
128483 61
128564 60
128569 59
128580 60
128587 61
128624 60
128653 59
128656 58
128666 57
128666 58
128683 59
128686 58
128704 57
128707 58
128720 57
128743 56
128763 57
128788 58
128789 59
128792 60
128794 61
128803 62
128804 61
128859 62
128864 63
128867 64
128913 63
128956 62
128983 63
129003 62
129004 61
129005 62
129047 61
129072 62
129087 61
129183 60
129184 59
129191 60
129219 61
129233 60
129273 61
129291 60
129307 59
129309 60
129315 61
129339 60
129363 59
129365 58
129366 57
129373 56
129381 55
129409 56
129451 57
129456 58
129457 57
129458 58
129472 57
129527 56
129583 57
129585 58
129603 57
129611 56
129617 55
129623 54
129627 55
129643 56
129679 55
129711 56
129784 57
129791 56
129795 57
129796 58
129818 59
129846 60
129891 61
129893 62
129899 63
129919 64
129922 63
129967 62
129998 61
130009 60
130022 59
130035 58
130035 57
130070 58
130082 59
130122 60
130133 59
130135 60
130138 59
130140 58
130172 57
130172 56
130227 55
130233 56
130247 57
130259 56
130295 55
130300 56
130311 57
130313 56
130319 57
130339 56
130361 57
130387 58
130387 57
130453 58
130456 59
130500 58
130551 59
130592 60
130609 61
130638 62
130663 61
130672 62
130685 63
130687 64
130698 65
130727 66
130731 67
130743 68
130758 67
130774 68
130802 67
130839 68
130887 69
130887 68
130890 67
130927 66
130950 65
131003 66
131034 67
131062 66
131080 65
131111 64
131132 63
131142 64
131143 63
131144 62
131147 61
131153 62
131163 61
131178 60
131217 61
131221 62
131223 63
131236 64
131247 65
131301 64
131334 65
131362 66
131367 65
131372 66
131403 67
131417 66
131423 65
131464 66
131475 65
131479 64
131612 63
131645 62
131660 63
131682 62
131683 61
131710 60
131751 59
131771 60
131775 59
131789 58
131815 59
131819 58
131824 59
131878 60
131901 59
131912 58
131951 59
131989 60
131995 59
131998 58
132029 59
132099 60
132197 61
132197 62
132234 63
132256 64
132276 63
132286 64
132295 65
132346 66
132366 65
132406 64
132415 63
132432 64
132443 65
132446 64
132554 65
132559 64
132577 65
132611 64
132700 63
132731 64
132763 63
132784 64
132787 65
132790 66
132804 67
132835 66
132851 65
132899 66
132939 65
133008 64
133036 65
133041 66
133049 67
133063 68
133108 67
133111 66
133121 65
133124 64
133124 63
133124 62
133143 61
133162 62
133168 61
133183 60
133243 61
133251 60
133263 59
133277 58
133311 59
133329 60
133331 61
133336 62
133343 61
133354 60
133358 61
133399 60
133432 61
133433 62
133493 63
133531 62
133563 61
133566 60
133597 61
133598 62
133638 61
133639 62
133721 63
133745 62
133748 61
133760 60
133763 61
133763 62
133772 61
133775 60
133797 59
133837 60
133844 59
133847 60
133847 61
133857 60
133876 61
133885 62
133885 63
133885 62
133892 61
133897 60
133927 59
133967 60
133968 59
134035 60
134043 61
134069 60
134071 59
134141 58
134144 57
134163 58
134199 57
134202 58
134226 57
134230 56
134300 57
134301 56
134315 55
134339 56
134358 57
134360 58
134362 57
134365 58
134366 59
134375 60
134375 59
134391 58
134418 57
134463 58
134464 59
134516 58
134539 57
134547 58
134589 59
134605 60
134623 59
134635 58
134683 59
134685 58
134807 59
134819 60
134825 61
134851 60
134854 59
134855 58
134855 59
134856 58
134869 57
134870 56
134883 55
134946 56
134953 57
134958 58
134991 59
135010 58
135023 57
135044 56
135067 57
135075 56
135082 57
135083 58
135094 59
135115 58
135149 57
135153 58
135159 57
135187 56
135219 57
135231 58
135251 59
135251 60
135252 61
135252 62
135252 63
135252 62
135254 63
135258 64
135258 63
135281 62
135295 61
135355 62
135366 61
135370 60
135372 59
135372 60
135382 61
135391 60
135392 59
135409 60
135418 59
135453 58
135463 57
135487 56
135494 55
135495 56
135515 55
135542 56
135573 55
135575 56
135598 55
135631 56
135639 55
135658 54
135659 55
135667 54
135667 53
135678 52
135690 51
135703 50
135705 49
135728 48
135759 47
135767 48
135768 49
135784 50
135794 51
135801 52
135909 53
135917 54
136014 55
136020 56
136075 55
136083 56
136114 55
136149 56
136206 57
136207 58
136210 59
136215 60
136221 61
136225 62
136240 61
136263 62
136312 63
136377 64
136384 65
136415 66
136439 67
136467 68
136485 67
136559 66
136570 67
136619 68
136620 69
136632 70
136732 69
136775 68
136867 69
136869 68
136875 67
136877 68
136905 67
136910 66
136963 67
136995 66
137016 65
137058 66
137060 65
137072 64
137109 65
137112 66
137193 65
137206 66
137223 67
137263 68
137275 69
137275 70
137340 71
137344 70
137351 69
137399 70
137410 71
137418 72
137443 73
137461 72
137495 71
137502 72
137503 73
137509 72
137519 73
137525 72
137539 73
137547 72
137550 71
137576 72
137583 71
137587 70
137613 69
137654 68
137673 67
137738 66
137741 65
137779 64
137820 63
137840 64
137853 65
137869 64
137874 63
137896 62
137909 63
137909 64
137957 65
137958 64
137971 63
138016 62
138020 63
138045 64
138046 65
138067 64
138083 65
138087 64
138139 63
138202 64
138219 63
138239 64
138295 65
138301 66
138371 65
138383 64
138383 63
138390 64
138427 63
138442 62
138451 61
138467 60
138486 61
138501 62
138521 61
138523 60
138549 61
138555 60
138570 59
138576 58
138602 57
138602 56
138603 55
138633 56
138637 57
138664 56
138704 57
138743 56
138788 55
138791 56
138791 57
138835 56
138848 55
138863 54
138873 55
138879 54
138881 53
138891 52
138904 51
138925 52
138925 53
138929 54
139038 53
139040 52
139063 53
139078 54
139083 53
139087 54
139097 53
139107 52
139107 51
139135 52
139139 51
139142 52
139172 53
139173 54
139215 53
139255 54
139255 55
139255 56
139283 55
139303 56
139307 55
139311 56
139335 57
139339 58
139393 59
139398 58
139400 57
139409 56
139415 55
139427 54
139444 53
139483 52
139495 53
139515 54
139543 55
139548 56
139551 57
139556 58
139557 59
139563 58
139566 57
139616 58
139698 57
139708 58
139722 59
139730 60
139735 61
139766 62
139769 61
139776 60
139821 59
139822 60
139836 61
139839 62
139842 63
139944 64
139948 65
139953 64
139955 65
139962 64
139963 65
139965 64
139967 63
139968 64
139979 65
140059 64
140067 65
140071 66
140115 65
140173 66
140204 67
140219 66
140220 65
140299 66
140343 67
140351 66
140363 65
140384 66
140413 65
140445 64
140482 65
140491 66
140586 67
140649 66
140655 67
140658 66
140704 65
140739 66
140743 65
140745 66
140765 65
140935 66
141015 67
141019 68
141027 69
141031 70
141031 69
141059 68
141061 67
141083 66
141158 65
141242 64
141243 63
141247 64
141270 65
141278 64
141282 65
141287 66
141295 65
141302 64
141337 65
141369 64
141403 65
141411 64
141411 63
141412 63
141412 63
141415 62
141415 61
141415 60
141415 60
141415 59
141416 59
141416 58
141416 57
141417 56
141417 55
141417 55
141417 54
141417 53
141417 52
141465 51
141477 50
141478 51
141491 50
141582 51
141608 52
141610 51
141661 52
141672 53
141685 52
141693 51
141759 50
141783 51
141787 52
141787 51
141788 50
141789 49
141796 50
141823 51
141831 51
141831 50
141832 50
141832 49
141832 49
141835 49
141878 50
141880 51
141905 50
141911 51
141911 50
141911 50
141914 49
141916 50
141916 49
141919 48
141924 47
141925 46
141925 45
141930 45
141932 44
141932 44
141934 44
141942 43
141947 44
141967 44
141968 44
141968 44
141968 44
141970 44
141973 44
141989 45
142037 44
142062 45
142098 46
142110 47
142111 48
142119 49
142131 50
142139 49
142152 48
142155 47
142157 46
142180 45
142206 44
142207 45
142213 44
142214 45
142227 44
142228 44
142235 44
142235 45
142239 46
142242 46
142250 45
142251 46
142255 45
142258 45
142260 45
142261 44
142285 43
142290 42
142314 41
142344 42
142346 41
142355 42
142375 43
142376 42
142387 41
142392 42
142395 42
142407 41
142483 42
142493 41
142511 42
142514 43
142515 44
142518 43
142518 43
142520 43
142524 43
142524 44
142527 43
142528 43
142530 42
142530 42
142531 42
142531 42
142539 43
142555 44
142559 44
142562 45
142566 44
142566 43
142568 44
142571 44
142571 43
142575 42
142578 42
142585 42
142625 43
142635 43
142635 44
142637 43
142640 43
142641 44
142641 44
142641 43
142642 43
142642 42
142642 42
142642 43
142643 43
142644 42
142645 42
142646 42
142646 41
142647 41
142647 40
142655 39
142655 39
142656 38
142663 39
142671 38
142676 39
142678 39
142679 39
142685 39
142688 39
142690 39
142690 38
142692 38
142693 38
142695 38
142697 38
142735 39
142743 40
142745 40
142747 41
142752 42
142752 42
142773 43
142794 44
142817 45
142827 44
142827 43
142828 42
142828 41
142828 40
142828 39
142828 39
142828 38
142828 37
142833 37
142835 37
142836 37
142836 37
142840 37
142951 38
142963 39
142976 40
142980 41
142984 40
142986 39
142989 39
142998 40
143001 39
143002 39
143009 38
143019 39
143021 40
143035 41
143041 41
143047 42
143060 43
143075 42
143083 41
143091 42
143095 41
143100 41
143102 40
143105 39
143110 38
143115 37
143187 38
143192 37
143198 36
143199 35
143199 35
143202 36
143205 35
143206 34
143213 35
143219 34
143221 33
143223 33
143224 33
143225 33
143227 33
143229 33
143229 32
143230 32
143231 31
143231 31
143231 31
143232 31
143240 32
143247 31
143247 30
143248 30
143269 31
143270 32
143270 31
143271 31
143277 30
143278 29
143278 28
143278 28
143278 28
143278 28
143279 27
143279 27
143279 27
143283 26
143286 27
143286 27
143290 28
143290 27
143294 28
143298 29
143299 30
143307 29
143308 28
143308 28
143308 27
143309 27
143309 27
143309 27
143309 26
143309 26
143309 25
143309 25
143309 25
143314 24
143315 23
143316 22
143317 23
143319 22
143320 22
143324 21
143325 20
143325 19
143326 18
143333 17
143358 17
143360 18
143360 18
143362 18
143365 18
143367 18
143368 18
143370 18
143370 18
143372 18
143373 17
143376 18
143381 19
143384 18
143412 19
143425 18
143426 17
143433 17
143458 18
143469 18
143501 19
143509 20
143523 21
143569 22
143615 23
143623 23
143633 22
143635 21
143646 22
143656 21
143666 22
143679 21
143679 20
143680 20
143680 20
143680 20
143686 21
143696 21
143716 21
143719 22
143722 22
143723 23
143725 23
143727 23
143730 23
143740 24
143747 25
143751 26
143759 26
143759 25
143760 25
143760 25
143763 24
143771 24
143772 24
143775 25
143780 24
143780 23
143781 23
143781 24
143791 23
143800 22
143818 21
143820 21
143822 20
143823 21
143823 20
143827 20
143833 21
143835 20
143837 20
143839 19
143843 19
143866 20
143892 21
143895 21
143898 21
143898 22
143900 22
143900 23
143900 23
143903 24
143904 23
143906 23
143906 22
143906 21
143907 21
143907 21
143908 20
143910 21
143910 21
143914 22
143915 22
143931 23
143942 24
143943 25
143958 25
143959 26
143972 27
143979 26
143981 26
143981 25
144011 26
144015 27
144049 27
144055 26
144057 27
144058 28
144058 27
144063 27
144063 26
144064 25
144065 26
144067 25
144073 24
144079 25
144085 24
144088 24
144089 23
144089 22
144094 22
144098 22
144103 21
144105 21
144108 22
144108 22
144109 22
144121 23
144135 24
144157 24
144161 25
144162 26
144167 27
144174 28
144175 29
144182 30
144188 30
144194 31
144194 30
144195 29
144200 29
144219 30
144219 31
144231 32
144231 33
144232 34
144235 34
144236 34
144239 34
144239 35
144241 35
144243 36
144247 37
144248 38
144249 38
144259 37
144264 36
144283 37
144286 38
144305 39
144308 38
144309 38
144312 37
144313 36
144314 36
144314 35
144315 34
144316 33
144355 32
144377 33
144393 34
144402 33
144404 33
144404 33
144414 33
144440 34
144442 35
144455 34
144455 33
144456 32
144467 33
144468 34
144480 35
144487 34
144498 33
144529 34
144551 33
144551 33
144553 32
144562 33
144564 34
144571 35
144574 36
144575 37
144577 38
144580 37
144589 36
144592 37
144600 37
144605 38
144605 38
144620 37
144623 36
144626 37
144627 36
144636 35
144645 34
144647 35
144655 35
144659 35
144675 36
144675 35
144675 34
144676 34
144676 33
144679 32
144687 33
144711 34
144715 33
144715 32
144723 31
144723 30
144749 31
144761 32
144763 33
144791 34
144791 35
144794 36
144794 37
144800 37
144800 36
144827 37
144857 38
144866 37
144866 38
144874 38
144882 39
144885 40
144887 41
144892 40
144892 41
144906 40
144916 41
144916 42
144925 43
144932 44
144932 45
144935 46
144975 47
144995 48
145000 49
145011 50
145056 49
145064 48
145065 49
145080 50
145086 49
145086 48
145086 47
145086 46
145088 46
145089 45
145091 46
145092 46
145093 46
145093 45
145094 45
145094 46
145096 45
145096 45
145100 44
145103 43
145104 43
145108 42
145129 43
145130 43
145135 42
145135 41
145138 41
145173 42
145187 43
145203 44
145215 45
145217 44
145220 45
145240 44
145272 43
145277 44
145291 43
145302 43
145313 44
145317 43
145333 42
145349 41
145366 42
145391 43
145402 44
145419 45
145419 46
145423 47
145428 48
145430 48
145431 47
145433 47
145438 47
145438 47
145441 46
145443 46
145443 46
145446 45
145457 44
145475 45
145500 46
145501 47
145502 48
145510 49
145512 50
145515 50
145517 49
145522 48
145559 49
145567 48
145568 49
145572 48
145612 49
145619 50
145651 51
145660 52
145710 53
145714 53
145719 52
145721 52
145728 51
145729 52
145730 51
145735 50
145744 49
145744 48
145776 49
145777 50
145785 49
145787 48
145787 47
145788 47
145790 46
145791 46
145792 45
145799 45
145799 46
145800 45
145807 46
145827 45
145827 44
145844 45
145896 46
145898 45
145899 46
145899 46
145899 47
145904 46
145908 45
145927 46
145950 47
146009 48
146017 49
146021 50
146051 51
146096 52
146107 53
146115 52
146135 51
146144 50
146144 51
146146 51
146148 50
146149 49
146152 48
146153 47
146158 46
146170 45
146183 44
146184 43
146193 44
146201 45
146228 46
146231 47
146267 46
146268 46
146268 45
146268 45
146272 46
146283 45
146287 44
146292 43
146307 42
146315 43
146323 42
146328 43
146355 44
146360 45
146399 46
146462 45
146465 44
146472 43
146477 42
146477 43
146478 44
146490 45
146497 44
146500 45
146522 46
146524 47
146535 48
146542 49
146547 48
146551 49
146552 48
146552 47
146552 48
146557 47
146559 46
146560 47
146566 46
146569 45
146587 46
146613 45
146640 44
146646 45
146662 46
146662 47
146671 46
146702 47
146754 48
146757 49
146763 48
146768 47
146770 46
146771 47
146776 46
146779 47
146870 46
146880 47
146880 48
146883 47
146888 46
146888 45
146900 46
146927 46
146928 46
146928 47
146959 48
146962 49
146967 48
146971 49
146986 50
147006 51
147015 52
147016 53
147022 52
147023 53
147023 52
147030 51
147032 52
147035 51
147036 50
147036 49
147044 48
147055 49
147095 50
147095 51
147103 51
147116 52
147120 53
147140 52
147179 51
147179 52
147189 53
147204 54
147242 55
147261 56
147272 57
147283 56
147343 57
147344 58
147344 59
147412 60
147431 59
147439 60
147444 61
147445 62
147495 63
147515 64
147521 65
147525 66
147528 67
147530 66
147559 65
147586 66
147612 65
147639 66
147639 67
147646 66
147654 67
147655 66
147687 67
147739 68
147740 69
147763 68
147775 67
147803 66
147812 67
147875 66
147877 65
147948 66
147963 67
147964 68
147987 69
148050 70
148080 71
148089 72
148222 73
148232 72
148243 71
148421 70
148470 71
148471 72
148472 73
148482 74
148580 73
148591 74
148647 75
148671 74
148827 75
148845 74
148852 73
148855 72
148865 71
148891 70
148911 69
148931 68
148936 69
149010 68
149021 67
149052 66
149089 67
149148 66
149151 67
149161 66
149223 65
149254 66
149261 67
149267 68
149276 67
149284 66
149284 65
149285 64
149354 63
149377 62
149383 61
149384 60
149392 61
149399 60
149484 61
149489 62
149527 61
149531 60
149569 59
149580 58
149607 57
149639 56
149650 57
149684 58
149705 57
149708 56
149718 57
149731 56
149735 57
149738 56
149759 57
149784 56
149807 57
149811 56
149820 55
149867 54
149872 55
149880 56
149893 55
149901 54
149922 55
149981 56
149982 57
149987 56
150005 57
150007 58
150010 59
150027 58
150028 57
150037 58
150082 59
150087 60
150119 61
150147 62
150148 63
150150 62
150190 61
150207 60
150218 61
150234 60
150235 59
150264 58
150279 59
150281 60
150290 59
150322 60
150331 59
150363 60
150394 61
150439 62
150442 63
150460 62
150473 63
150490 62
150523 61
150528 60
150538 61
150603 60
150617 59
150617 58
150619 57
150644 56
150657 55
150659 54
150675 53
150679 54
150707 55
150714 56
150737 57
150749 58
150757 57
150763 58
150795 57
150797 58
150799 57
150803 56
150823 55
150840 56
150895 55
150906 54
150915 55
150927 56
150944 55
151041 56
151081 57
151088 58
151093 59
151144 58
151166 57
151172 56
151193 55
151229 56
151275 57
151291 56
151341 57
151352 58
151382 57
151382 56
151382 57
151392 58
151424 59
151463 60
151464 61
151487 60
151513 59
151530 60
151579 59
151580 60
151607 59
151615 60
151620 59
151621 58
151622 59
151628 60
151649 59
151684 60
151686 61
151691 60
151751 61
151764 62
151778 63
151779 64
151781 65
151790 66
151807 67
151808 68
151939 67
151977 68
152047 67
152095 68
152103 67
152103 66
152103 65
152106 66
152128 65
152132 64
152180 65
152188 64
152208 63
152241 64
152275 65
152307 64
152343 65
152373 66
152382 67
152406 68
152415 69
152419 68
152444 67
152512 66
152553 65
152563 64
152567 63
152573 62
152575 63
152647 62
152663 61
152727 62
152787 61
152814 62
152823 63
152835 64
152870 63
152879 64
152936 63
152992 62
152997 63
152999 64
153011 63
153081 62
153083 61
153083 62
153088 63
153110 64
153143 63
153252 62
153255 61
153279 62
153328 61
153331 62
153331 63
153334 62
153344 63
153348 62
153387 63
153395 64
153397 63
153411 62
153417 63
153424 64
153427 65
153437 64
153446 63
153459 62
153475 61
153483 62
153484 63
153507 62
153509 63
153539 64
153548 63
153644 62
153693 61
153702 62
153707 61
153734 62
153747 63
153812 64
153852 65
153860 66
153861 67
153870 66
153887 65
153899 64
153938 65
153945 64
153991 63
153993 62
154039 61
154057 60
154077 61
154096 60
154099 61
154100 62
154103 63
154127 64
154145 65
154178 64
154233 63
154295 62
154327 61
154327 60
154368 59
154395 58
154428 59
154428 60
154455 61
154455 62
154465 61
154471 62
154511 63
154512 62
154515 61
154567 60
154598 59
154610 58
154612 59
154615 60
154616 61
154629 60
154675 61
154695 60
154725 61
154730 62
154799 63
154822 64
154830 65
154923 66
154955 65
154956 64
154958 65
154965 64
155011 65
155017 66
155028 65
155069 64
155081 63
155109 62
155132 63
155212 64
155213 63
155216 64
155219 65
155222 66
155227 67
155270 66
155273 65
155283 64
155287 63
155288 62
155317 61
155329 62
155355 61
155358 60
155391 61
155394 62
155404 63
155411 62
155473 63
155490 64
155492 65
155507 64
155515 65
155590 64
155623 65
155659 66
155659 65
155687 64
155715 63
155735 64
155791 65
155795 64
155797 65
155812 64
155815 63
155836 62
155886 61
155886 62
155896 63
155907 62
155908 61
155934 60
155943 59
155948 58
155987 59
156029 58
156063 59
156066 58
156071 57
156095 56
156111 55
156120 56
156175 57
156181 58
156199 59
156262 58
156263 57
156275 56
156276 55
156310 56
156329 55
156352 56
156352 57
156414 58
156416 57
156420 58
156485 59
156506 58
156522 59
156524 58
156544 59
156544 60
156544 61
156544 62
156578 61
156663 62
156684 61
156754 62
156755 61
156757 62
156763 61
156764 62
156769 61
156780 62
156845 63
156862 62
156882 63
156883 64
156884 65
156888 66
156935 65
156944 66
156953 65
156953 64
156959 63
156984 64
157035 65
157047 64
157065 63
157090 62
157103 63
157103 64
157103 63
157104 64
157115 63
157142 62
157154 61
157163 62
157177 61
157184 60
157189 61
157200 60
157226 59
157251 58
157253 57
157257 58
157381 59
157408 58
157408 57
157412 58
157416 59
157426 58
157436 57
157510 58
157532 59
157556 58
157574 57
157650 58
157673 59
157699 60
157700 59
157733 60
157754 61
157761 62
157772 61
157800 60
157807 61
157862 62
157890 61
157909 60
157938 59
157939 60
157954 59
157988 60
157999 61
158068 60
158078 59
158088 58
158090 57
158104 56
158123 57
158138 56
158157 55
158166 56
158202 57
158216 56
158225 55
158232 56
158272 57
158274 56
158287 57
158288 58
158296 57
158385 58
158423 57
158431 58
158488 59
158566 60
158571 59
158572 60
158600 61
158603 62
158671 63
158671 64
158672 65
158687 64
158734 63
158746 62
158765 63
158772 64
158775 63
158784 64
158798 63
158818 62
158839 63
158852 64
158860 63
158912 62
158919 63
158921 64
158933 65
159027 64
159042 65
159050 64
159066 63
159080 64
159083 65
159091 64
159097 65
159136 64
159151 65
159196 66
159216 65
159234 66
159327 65
159399 64
159400 65
159410 64
159429 65
159444 66
159476 65
159516 66
159543 65
159557 64
159574 63
159588 62
159590 61
159595 62
159610 61
159647 60
159649 61
159650 62
159658 63
159688 64
159692 65
159693 64
159696 63
159712 62
159763 61
159765 60
159792 59
159802 58
159821 57
159828 56
159845 57
159871 58
159925 59
159929 60
159931 61
159933 62
159990 61
159992 62
160044 63
160069 62
160095 61
160100 62
160136 61
160198 62
160206 61
160232 60
160303 59
160316 58
160331 57
160374 58
160376 59
160376 60
160434 61
160455 60
160466 61
160486 60
160500 59
160520 58
160527 59
160542 58
160630 57
160650 58
160672 57
160681 56
160684 55
160684 54
160708 53
160718 54
160720 55
