0 0
0 1
59 2
133 3
221 3
285 3
295 4
441 5
447 6
534 7
582 7
776 7
784 7
810 8
810 9
931 10
931 10
954 10
981 11
1063 12
1117 12
1186 12
1213 13
1302 13
1404 13
1486 13
1494 12
1546 12
1578 13
1636 14
1654 14
1765 15
1798 16
1826 17
1882 18
1906 19
1964 20
1984 20
2121 21
2196 22
2286 22
2301 22
2339 22
2340 22
2354 22
2634 22
2659 23
2668 23
2700 22
2766 22
2767 22
2781 21
2791 21
2800 22
2806 22
2845 23
2847 23
2900 22
2970 22
3009 22
3100 23
3102 24
3114 23
3128 24
3182 25
3204 24
3282 25
3297 25
3339 24
3377 24
3486 25
3562 26
3578 25
3636 26
3666 27
3670 28
3679 29
3721 30
3754 30
3763 31
3802 32
3919 33
3934 34
3942 34
3942 33
3950 32
3955 33
3955 33
4085 34
4093 33
4114 33
4135 32
4173 33
4175 33
4178 32
4178 33
4183 33
4201 33
4290 32
4300 33
4311 34
4314 33
4351 34
4453 33
4484 32
4570 33
4593 32
4603 33
4606 33
4626 32
4694 33
4714 33
4726 34
4781 35
4797 36
4817 35
4828 36
4926 37
4947 37
4949 36
4989 37
5011 38
5082 37
5082 36
5082 35
5114 34
5258 33
5264 32
5266 33
5275 32
5325 33
5369 34
5378 35
5386 34
5387 34
5387 34
5388 35
5396 35
5406 36
5414 35
5423 36
5455 37
5456 36
5463 36
5468 37
5474 38
5482 38
5512 39
5519 40
5574 41
5648 41
5674 40
5686 40
5777 39
5806 40
5818 41
5818 42
5826 41
5826 40
5834 39
5837 38
5886 39
5902 38
5902 39
5919 38
5936 39
5971 40
5984 41
6033 40
6047 39
6063 38
6118 39
6174 40
6202 41
6253 42
6255 41
6263 41
6265 40
6268 39
6268 40
6285 41
6286 41
6368 41
6381 40
6391 41
6406 40
6414 40
6434 41
6450 42
6533 43
6541 44
6561 45
6607 44
6679 43
6750 44
6756 43
6767 43
6773 44
6776 44
6778 45
6813 46
6830 46
6846 47
6855 46
6857 47
6859 47
6861 47
6863 46
6880 46
6967 47
6972 48
6987 49
7053 50
7054 51
7063 52
7085 52
7163 53
7179 52
7194 51
7195 50
7198 49
7292 50
7302 49
7323 50
7345 51
7375 51
7376 51
7381 52
7410 53
7434 54
7448 55
7450 56
7453 55
7528 56
7547 57
7704 58
7705 57
7706 56
7714 56
7779 55
7787 56
7794 57
7798 56
7810 56
7886 55
7901 55
7912 56
7914 57
7932 58
7942 57
7963 58
7980 59
8006 58
8022 57
8024 58
8109 59
8138 60
8166 60
8247 61
8276 62
8344 61
8352 62
8360 61
8382 60
8383 61
8387 61
8389 60
8393 59
8393 59
8421 60
8423 59
8445 58
8479 59
8515 60
8552 61
8563 62
8563 62
8566 62
8570 61
8604 61
8643 62
8703 63
8762 62
8769 63
8790 62
8850 63
8852 64
8869 65
8874 66
8882 66
8886 65
8935 66
9046 67
9057 68
9066 68
9107 69
9108 70
9174 69
9194 70
9209 71
9222 72
9230 71
9230 70
9231 69
9266 69
9283 69
9298 70
9332 71
9339 70
9363 71
9455 70
9482 71
9546 70
9550 71
9677 70
9677 69
9681 68
9682 67
9696 68
9756 69
9757 68
9786 69
9822 68
9868 69
9874 68
9910 69
9926 70
9967 71
10074 72
10111 73
10260 73
10261 73
10266 74
10287 73
10322 74
10330 73
10407 72
10442 73
10519 74
10554 75
10587 76
10707 77
10713 78
10880 79
10883 78
10938 79
10966 80
11046 79
11086 78
11106 79
11111 78
11267 77
11505 78
11509 77
11514 78
11520 77
11544 76
11721 75
11727 74
11730 73
11730 72
11749 71
11766 72
11766 71
11831 70
11846 71
11905 72
11969 73
11991 72
11992 71
12054 72
12129 71
12164 72
12197 71
12236 72
12290 73
12421 74
12428 75
12449 76
12452 77
12470 76
12483 77
12510 76
12512 75
12626 74
12634 73
12658 74
12669 75
12691 76
12724 75
12813 76
12882 75
12938 74
12939 73
12978 72
12986 73
13024 74
13069 73
13074 72
13074 73
13149 74
13155 75
13363 74
13373 73
13457 72
13552 73
13590 74
13630 75
13691 76
13715 77
13742 78
13846 77
13850 78
13953 79
14010 78
14066 77
14116 76
14183 77
14281 76
14291 75
14297 74
14318 75
14349 76
14387 75
14498 76
14578 77
14586 76
14626 77
14663 78
14683 79
14754 78
14795 77
14847 78
14941 77
14998 76
15071 77
15127 78
15172 79
15228 78
15362 79
15438 78
15439 77
15443 76
15455 77
15460 76
15481 77
15763 76
15764 75
15810 76
15834 75
15898 76
15976 75
16080 76
16113 75
16130 76
16136 77
16214 76
16288 75
16338 74
16338 75
16383 76
16385 77
16435 76
16534 77
16592 78
16622 77
16627 78
16646 77
16684 76
16722 75
16724 74
16798 73
16817 74
16934 73
16990 72
17059 73
17077 72
17083 71
17138 72
17154 71
17162 72
17212 73
17258 74
17297 73
17323 74
17459 73
17470 74
17475 75
17543 74
17555 73
17575 74
17600 73
17626 74
17630 75
17641 76
17648 77
17674 78
17758 77
17813 76
17825 75
17826 74
17853 75
17871 76
17970 77
18000 76
18114 75
18122 76
18132 77
18248 78
18285 79
18402 78
18498 77
18543 76
18573 77
18767 78
18870 77
18937 76
18946 77
18973 78
18987 79
19146 78
19147 77
19171 76
19398 77
19520 76
19530 77
19539 78
19555 77
19579 76
19865 77
19918 76
19937 77
20003 78
20041 77
20070 78
20145 77
20152 76
20171 75
20222 76
20250 77
20317 76
20321 75
20354 74
20380 73
20579 72
20597 71
20597 70
20644 69
20647 68
20664 67
20674 68
20710 67
20735 66
20778 65
20794 64
20811 65
20870 66
20894 67
20907 66
20920 67
20921 68
20922 69
20967 70
21034 71
21044 72
21138 71
21155 72
21199 73
21220 74
21233 75
21252 74
21254 75
21258 74
21337 73
21349 74
21355 75
21362 76
21427 77
21466 76
21500 75
21565 74
21581 73
21654 74
21687 75
21706 74
21718 75
21739 76
21791 77
21878 76
21918 75
22136 76
22158 77
22186 78
22254 77
22269 78
22298 79
22377 80
22446 79
22467 80
22567 79
22850 78
22854 77
22858 78
22866 77
22939 78
23119 79
23131 80
23136 79
23258 80
23262 79
23286 78
23343 79
23410 80
23622 79
23726 80
23745 79
23773 78
23995 77
24030 76
24087 77
24129 78
24246 79
24282 78
24293 77
24294 76
24333 77
24380 76
24393 77
24400 76
24418 75
24439 74
24481 75
24489 74
24504 73
24523 72
24524 73
24582 72
24659 71
24664 70
24820 71
24851 70
24854 69
24857 70
24882 71
24919 72
24973 73
25002 74
25028 75
25042 74
25086 75
25090 74
25122 73
25126 74
25147 73
25208 74
25217 73
25220 74
25275 73
25283 74
25324 73
25327 74
25346 75
25452 74
25482 75
25584 74
25598 73
25620 72
25634 71
25647 72
25753 73
25790 74
25870 75
25894 76
25918 77
25965 76
25979 77
26033 78
26086 77
26125 78
26280 77
26281 78
26281 77
26287 76
26288 75
26288 74
26289 73
26397 74
26500 75
26552 76
26687 77
26730 78
26754 77
26785 76
26809 77
26829 76
26882 77
26993 76
27062 77
27206 76
27362 77
27418 78
27470 79
27476 78
27487 79
27518 80
27836 79
27886 80
27895 81
27905 80
28089 79
28109 78
28151 77
28191 78
28295 79
28373 78
28426 77
28551 76
28556 75
28561 74
28563 73
28648 74
28722 75
28831 74
28866 73
29102 72
29110 73
29122 74
29197 73
29213 74
29235 75
29301 74
29345 73
29446 72
29532 73
29622 72
29651 73
29668 74
29675 73
29676 72
29733 71
29780 72
29787 71
29811 70
29822 71
29906 72
29951 71
29995 70
29997 69
30075 68
30083 69
30087 70
30108 71
30112 72
30200 73
30201 74
30206 75
30343 76
30434 77
30437 76
30462 75
30494 76
30496 75
30502 74
30536 75
30538 74
30562 75
30700 74
30732 75
30734 76
30803 75
30906 76
30914 75
31000 76
31004 77
31026 77
31032 76
31037 75
31082 74
31162 73
31179 72
31257 73
31260 72
31376 73
31381 72
31381 71
31382 70
31435 69
31481 68
31504 69
31538 70
31547 69
31554 70
31557 71
31595 72
31633 71
31683 70
31685 71
31785 72
31798 71
31864 72
31912 73
31920 74
31926 73
31929 72
32018 73
32024 74
32026 73
32075 74
32083 75
32178 76
32260 75
32265 74
32311 75
32354 76
32362 77
32397 76
32419 77
32463 78
32464 77
32467 76
32467 76
32609 77
32663 78
32675 77
32710 78
32713 77
32796 76
32821 75
32848 76
32853 75
32857 74
33005 73
33037 74
33043 73
33056 72
33066 73
33121 74
33217 73
33226 72
33346 73
33362 72
33364 71
33419 70
33428 69
33454 68
33456 69
33473 68
33492 67
33498 66
33510 67
33630 68
33671 69
33703 68
33705 67
33727 68
33747 69
33774 70
33779 69
33782 68
33782 69
33782 68
33807 69
33819 68
33838 67
33892 66
33898 67
33958 66
33965 65
33967 64
33967 63
33968 64
33968 64
33973 63
33973 62
34008 62
34018 61
34020 62
34036 63
34036 62
34069 63
34071 62
34071 61
34153 60
34158 61
34160 60
34165 61
34171 60
34203 61
34233 62
34259 61
34270 62
34311 63
34318 64
34319 63
34320 62
34324 61
34326 62
34328 61
34350 62
34356 61
34375 62
34409 61
34422 62
34443 63
34450 62
34451 61
34462 60
34526 59
34545 58
34604 59
34608 60
34609 60
34618 59
34618 60
34620 59
34622 60
34622 59
34632 60
34640 61
34640 62
34640 63
34650 62
34655 61
34658 62
34668 63
34681 62
34693 61
34693 60
34696 59
34701 60
34761 60
34770 61
34835 62
34871 63
34925 64
34930 65
34983 66
34990 65
34992 66
34997 65
35001 64
35001 63
35007 62
35060 61
35071 60
35075 59
35091 58
35152 59
35158 60
35164 61
35172 60
35178 59
35198 60
35198 61
35204 60
35218 61
35235 60
35235 59
35235 59
35235 58
35237 59
35240 60
35248 59
35250 60
35258 61
35284 62
35298 63
35300 62
35367 61
35375 60
35383 61
35394 62
35399 63
35407 62
35409 61
35410 60
35411 59
35415 58
35432 57
35453 58
35474 59
35479 60
35522 59
35529 58
35544 59
35577 58
35589 59
35606 60
35609 59
35610 58
35610 57
35612 56
35613 55
35613 54
35614 53
35618 53
35621 52
35625 52
35638 53
35649 54
35652 54
35655 55
35658 55
35663 54
35670 55
35751 56
35762 55
35785 56
35788 55
35818 56
35833 55
35839 54
35897 55
35901 55
35901 55
35931 56
35947 57
35951 56
35972 57
35998 56
35998 56
35999 57
36011 58
36034 59
36039 60
36046 59
36047 58
36047 57
36047 56
36047 55
36049 54
36053 53
36062 54
36104 54
36106 55
36106 56
36123 57
36140 58
36152 59
36170 60
36175 61
36183 60
36183 59
36187 58
36196 57
36198 58
36226 59
36230 59
36232 59
36238 60
36238 60
36245 59
36248 60
36256 61
36278 60
36299 61
36371 62
36445 63
36457 62
36481 61
36481 60
36485 60
36486 59
36487 60
36487 59
36491 60
36492 59
36492 58
36493 57
36518 56
36519 57
36535 58
36540 59
36542 58
36555 57
36555 56
36596 57
36603 58
36615 59
36618 60
36671 61
36693 62
36697 61
36699 60
36714 59
36716 60
36735 61
36741 60
36800 59
36825 60
36835 61
36854 60
36875 61
36880 62
36883 61
36885 62
36911 63
36912 62
36915 61
36959 62
36968 63
36970 62
36977 63
36989 62
36999 63
37007 62
37009 61
37010 60
37039 61
37048 62
37069 61
37073 62
37080 61
37082 62
37082 61
37082 60
37088 61
37090 60
37092 59
37101 58
37111 59
37194 60
37206 59
37208 60
37219 61
37235 62
37236 61
37240 60
37241 59
37251 59
37272 60
37278 60
37278 59
37280 58
37280 58
37318 59
37341 58
37343 57
37362 58
37369 57
37371 58
37371 58
37377 59
37377 60
37380 60
37390 59
37439 60
37445 59
37457 58
37477 59
37515 60
37575 59
37601 59
37601 58
37605 59
37606 59
37608 60
37609 60
37620 59
37662 60
37663 61
37666 62
37669 61
37671 61
37675 60
37678 59
37681 59
37703 60
37722 61
37725 62
37726 61
37728 62
37786 63
37829 62
37831 61
37858 62
37875 63
37876 62
37884 63
37885 62
37888 63
37890 62
37970 63
37993 64
38001 65
38002 64
38007 63
38011 62
38018 63
38027 62
38031 61
38034 60
38043 59
38051 58
38066 57
38069 58
38075 57
38141 58
38144 57
38145 56
38165 55
38228 56
38239 57
38241 57
38245 56
38263 55
38288 56
38297 56
38303 55
38315 56
38328 57
38369 56
38386 57
38391 58
38400 58
38401 57
38404 57
38406 57
38407 58
38409 57
38411 57
38429 58
38459 59
38459 60
38467 59
38499 60
38553 61
38576 61
38578 60
38579 61
38586 60
38589 59
38590 60
38602 59
38603 58
38603 57
38607 58
38609 59
38624 58
38630 57
38630 56
38637 57
38639 58
38647 57
38647 57
38647 56
38647 55
38691 54
38707 55
38717 56
38722 57
38727 56
38734 57
38782 58
38805 59
38828 60
38841 61
38903 62
38920 61
38926 62
38967 63
38988 64
38990 63
39001 62
39008 61
39010 62
39021 63
39023 64
39028 63
39051 64
39067 64
39076 65
39086 66
39095 65
39104 66
39116 65
39126 64
39187 65
39190 66
39203 67
39299 68
39310 67
39331 66
39355 67
39363 66
39363 65
39363 64
39381 63
39383 64
39419 65
39448 66
39455 67
39461 68
39472 67
39523 68
39531 67
39543 66
39547 67
39566 68
39576 67
39579 66
39581 65
39595 66
39605 67
39618 68
39624 67
39699 66
39700 65
39728 66
39750 67
39771 68
39779 67
39779 66
39779 66
39786 67
39792 66
39795 65
39796 65
39799 64
39800 63
39802 62
39804 62
39843 63
39885 62
39923 63
39942 64
39948 63
39954 64
39957 63
39958 64
40012 65
40018 66
40020 66
40027 67
40027 66
40032 66
40032 65
40032 64
40032 63
40032 62
40036 61
40037 60
40067 61
40083 60
40090 59
40107 60
40141 59
40175 60
40183 59
40251 60
40259 60
40275 61
40277 62
40283 63
40283 62
40289 61
40291 60
40292 59
40294 58
40297 57
40322 56
40349 57
40359 56
40363 55
40372 56
40382 57
40384 56
40388 55
40400 54
40401 55
40416 56
40418 55
40431 54
40432 53
40455 54
40487 55
40487 54
40496 55
40511 56
40519 56
40519 56
40519 56
40538 57
40551 56
40551 55
40551 54
40553 53
40586 54
40638 55
40639 55
40666 56
40705 57
40737 58
40763 59
40773 58
40799 59
40811 59
40811 59
40819 58
40867 58
40883 59
40886 60
40893 61
40897 61
40909 62
40931 63
40935 64
40950 63
40954 62
40983 63
40991 63
41009 64
41015 65
41025 64
41037 63
41092 63
41095 62
41132 63
41143 64
41144 63
41151 62
41151 61
41151 60
41158 61
41187 62
41215 63
41215 64
41215 65
41215 66
41219 65
41219 64
41226 63
41232 62
41232 61
41243 62
41283 63
41295 62
41296 61
41346 62
41351 63
41370 64
41379 65
41387 64
41395 65
41398 64
41451 65
41459 65
41471 66
41482 65
41487 64
41491 65
41527 64
41527 63
41555 64
41563 64
41565 65
41567 64
41567 63
41575 62
41575 61
41577 60
41600 59
41644 60
41654 61
41673 62
41712 63
41721 62
41735 61
41769 62
41776 63
41790 64
41803 65
41815 66
41828 65
41835 64
41835 63
41835 62
41840 61
41855 62
41864 61
41881 62
41896 61
41899 62
41938 61
41939 62
41951 61
41988 62
41999 63
42009 64
42015 63
42021 62
42022 61
42025 62
42034 63
42043 62
42044 61
42046 62
42048 61
42049 60
42052 59
42056 58
42076 59
42091 60
42167 61
42225 60
42241 61
42311 60
42319 59
42336 60
42347 61
42356 62
42359 63
42377 62
42390 61
42392 60
42395 61
42410 60
42419 60
42422 59
42426 58
42444 59
42447 60
42453 59
42474 58
42475 59
42475 60
42480 61
42482 60
42493 60
42493 59
42495 58
42498 57
42499 58
42503 57
42504 56
42504 56
42505 57
42511 56
42515 56
42517 56
42660 57
42665 58
42677 57
42691 56
42707 57
42734 58
42734 59
42742 60
42745 61
42751 62
42760 61
42789 62
42867 63
42881 62
42915 63
42922 62
42923 61
42923 60
42931 59
42932 58
42944 59
42955 60
42962 61
42972 62
42983 63
43030 64
43047 65
43047 64
43072 65
43079 66
43079 65
43081 64
43085 63
43088 64
43090 63
43092 62
43094 61
43099 60
43105 60
43118 59
43141 60
43156 59
43160 58
43164 57
43172 58
43183 59
43195 58
43197 59
43203 58
43203 57
43217 58
43219 59
43231 58
43235 59
43265 60
43273 61
43289 62
43309 63
43323 62
43324 61
43325 60
43334 61
43361 62
43375 63
43379 62
43382 61
43426 62
43465 63
43468 64
43479 65
43517 66
43533 65
43549 64
43564 63
43564 62
43571 63
43571 62
43576 63
43577 64
43585 63
43592 62
43595 63
43605 62
43622 63
43651 64
43663 63
43687 62
43696 63
43713 62
43717 61
43733 62
43748 63
43770 64
43778 65
43791 66
43815 67
43823 66
43823 65
43823 64
43823 63
43838 64
43853 63
43870 64
43898 63
43932 64
43936 63
43945 62
43954 61
43963 60
43973 61
44007 62
44015 63
44017 64
44023 65
44032 64
44036 63
44036 62
44047 63
44068 63
44071 64
44072 65
44075 64
44099 65
44119 66
44127 65
44127 64
44134 65
44155 64
44175 65
44218 66
44227 67
44235 66
44283 67
44283 66
44284 65
44287 66
44362 67
44395 66
44405 65
44410 66
44552 67
44561 68
44568 69
44569 68
44571 69
44571 70
44575 71
44578 70
44681 71
44696 70
44706 69
44707 70
44723 71
44791 72
44803 71
44809 72
44865 73
44866 74
44873 73
44875 74
44880 73
44895 72
44899 73
44934 74
44944 75
44999 76
45175 75
45192 76
45350 77
45357 78
45367 79
45402 80
45405 81
45472 82
45508 83
45517 84
45539 83
45557 84
45631 85
45701 84
45735 83
45931 84
45986 83
46107 82
46209 81
46243 80
46251 79
46272 80
46291 81
46391 80
46439 80
46439 79
46500 78
46542 77
46573 76
46601 77
46872 76
46878 77
46887 76
46910 77
46914 76
46923 75
47005 76
47019 75
47029 74
47067 75
47073 74
47106 73
47133 73
47227 74
47232 74
47235 73
47235 72
47235 71
47267 72
47275 72
47278 73
47280 73
47280 72
47297 71
47311 70
47331 71
47348 72
47350 73
47433 72
47439 71
47455 72
47463 72
47463 71
47463 70
47464 69
47464 68
47603 69
47619 69
47631 68
47682 69
47710 70
47732 71
47735 70
47739 70
47739 69
47742 69
47752 70
47812 69
47827 68
47858 67
47871 68
47873 67
47875 66
47923 67
47931 67
47947 68
47964 67
48044 68
48044 69
48137 68
48141 67
48212 68
48212 69
48212 70
48247 69
48263 70
48271 71
48274 72
48275 71
48275 70
48275 69
48279 70
48287 69
48315 70
48324 71
48431 72
48443 73
48452 72
48462 71
48491 72
48502 73
48526 74
48569 73
48570 72
48575 71
48607 72
48622 71
48622 70
48622 69
48625 68
48632 69
48643 70
48691 69
48783 68
48787 69
48876 70
48923 71
48934 70
48992 71
49082 72
49143 73
49171 74
49229 75
49234 74
49236 73
49242 72
49243 71
49247 70
49260 69
49273 70
49283 71
49286 72
49349 73
49391 74
49399 75
49419 76
49452 77
49473 78
49476 79
49555 80
49740 79
49761 80
49911 81
49950 82
49959 81
49960 80
49968 79
50001 78
50039 79
50043 78
50054 77
50058 78
50059 77
50069 76
50086 75
50293 76
50307 75
50318 76
50376 77
50393 76
50401 75
50407 76
50484 77
50564 78
50572 77
50632 76
50680 77
50755 78
50762 77
50768 76
50776 75
50815 74
50881 75
50886 76
50911 75
50913 76
50918 75
50941 74
50943 73
50950 73
50999 74
51007 73
51007 73
51038 74
51059 73
51142 72
51205 71
51210 72
51221 73
51224 72
51237 72
51280 71
51285 72
51303 73
51308 72
51431 71
51530 70
51559 71
51563 72
51587 73
51614 74
51617 73
51677 72
51690 71
51691 72
51704 71
51722 72
51754 73
51799 72
51800 71
51801 72
51803 71
51804 70
51804 69
51819 70
51821 69
51840 68
51861 69
51863 68
51889 67
51890 68
51911 67
51959 68
51979 68
51985 67
51991 66
51995 67
51995 68
52006 69
52008 69
52009 68
52010 69
52014 68
52021 67
52036 66
52064 65
52195 66
52205 65
52206 65
52206 64
52208 63
52209 62
52210 61
52242 62
52267 61
52311 60
52331 61
52365 60
52370 61
52379 60
52379 59
52381 60
52391 59
52393 58
52397 59
52439 60
52452 61
52455 62
52487 61
52505 62
52549 63
52549 64
52555 63
52564 64
52599 65
52645 64
52648 65
52665 66
52666 67
52680 66
52681 65
52702 66
52710 65
52714 66
52724 66
52736 66
52762 67
52766 68
52769 67
52790 68
52858 69
52929 70
52969 71
52995 70
53027 71
53053 70
53079 71
53091 72
53112 73
53127 74
53159 75
53193 76
53208 77
53234 76
53280 77
53299 76
53301 75
53304 76
53305 75
53307 74
53315 73
53316 74
53324 75
53410 76
53413 75
53417 74
53418 73
53421 74
53422 73
53464 72
53544 73
53551 74
53568 75
53689 76
53759 77
53763 78
53863 77
53865 78
53883 79
53892 78
53958 79
54016 78
54021 77
54031 78
54083 79
54158 78
54175 79
54279 80
54334 81
54343 80
54391 79
54609 80
54658 81
54735 82
54748 83
54767 82
54802 83
54821 82
54827 83
54948 84
54948 85
54975 84
55070 83
55139 82
55302 81
55324 80
55369 79
55379 80
55485 81
55507 80
55508 79
55511 78
55639 79
55803 80
55826 81
55831 82
55987 81
55987 80
56033 81
56045 80
56123 79
56139 78
56156 77
56159 76
56195 75
56251 74
56271 75
56274 74
56276 73
56288 72
56339 73
56353 72
56354 71
56426 70
56443 69
56487 68
56562 69
56575 70
56651 71
56676 70
56683 71
56696 72
56722 71
56755 72
56831 73
56902 72
56915 73
56952 74
57095 75
57106 74
57134 75
57141 76
57149 75
57187 76
57191 77
57191 78
57203 79
57205 78
57212 79
57222 80
57248 79
57356 80
57361 79
57423 80
57629 81
57718 80
57856 79
57857 78
57866 79
57983 80
58068 81
58097 82
58098 81
58122 82
58460 83
58475 82
58591 83
58620 84
58715 85
58783 84
58847 83
58959 82
59023 81
59071 82
59215 81
59215 80
59216 79
59222 78
59366 77
59499 78
59519 77
59548 78
59663 79
59684 78
59698 77
59803 78
59875 77
59917 76
59923 77
59954 78
59960 77
59979 78
59987 77
59993 76
60027 77
60039 76
60058 75
60093 74
60151 73
60196 72
60265 73
60280 72
60307 73
60323 74
60353 75
60362 76
60365 75
60386 74
60428 73
60495 74
60555 75
60613 76
60619 75
60819 74
60840 75
60939 76
60950 75
61042 76
61091 77
61096 78
61106 77
61122 76
61151 75
61170 76
61231 77
61249 78
61271 79
61311 80
61372 79
61376 78
61430 77
61484 78
61502 79
61527 80
61744 81
61796 82
62006 81
62009 80
62011 79
62031 78
62093 79
62183 78
62216 79
62260 80
62285 81
62555 80
62561 81
62569 80
62673 79
62683 80
62696 81
62734 80
62836 81
62923 80
62923 79
62924 78
62931 77
62931 78
62965 77
62988 78
63029 77
63061 76
63295 75
63302 76
63329 77
63363 78
63397 77
63433 78
63516 77
63562 78
63565 79
63580 80
63647 81
63669 80
63774 79
63812 78
63851 79
63899 78
63905 79
63906 78
63939 77
63966 78
63982 77
63984 76
64034 77
64093 76
64118 75
64133 74
64139 73
64190 72
64243 71
64288 70
64291 71
64324 70
64328 69
64455 70
64516 71
64516 70
64583 71
64602 72
64607 73
64619 74
64667 73
64671 74
64682 75
64702 76
64763 77
64778 78
64815 77
64846 76
64903 77
64976 78
64976 79
64991 80
65059 81
65138 82
65258 81
65314 80
65315 79
65342 80
65372 81
65382 82
65383 81
65517 80
65529 79
65569 78
65575 77
65628 78
65715 77
65720 76
65747 77
65786 78
65892 77
65892 76
65911 77
65951 78
66000 79
66022 80
66067 79
66224 80
66323 81
66363 82
66370 81
66405 82
66427 83
66445 82
66459 83
66531 84
66630 83
66631 82
66631 81
66632 80
66639 79
66743 78
66771 77
66791 78
67003 77
67109 76
67201 77
67285 78
67355 79
67365 80
67378 79
67379 80
67396 81
67592 82
67616 81
67647 80
67693 81
67807 82
67839 81
67845 80
67845 79
67848 78
67908 77
67943 78
68031 79
68109 80
68163 81
68229 80
68263 81
68291 80
68301 79
68370 78
68469 79
68525 78
68639 79
68711 80
68750 81
68899 82
69030 81
69038 80
69178 81
69248 80
69359 81
69412 82
69416 83
69421 82
69430 81
69430 80
69454 81
69487 80
69498 81
69603 80
69848 81
69956 80
70084 79
70172 78
70183 79
70195 80
70235 79
70263 80
70273 81
70311 80
70339 79
70339 78
70340 77
70348 76
70401 77
70470 78
70481 77
70499 78
70711 77
70711 76
70731 77
70806 76
70884 77
70921 78
70929 79
71047 80
71087 79
71103 80
71208 81
71295 82
71325 81
71355 80
71379 81
71491 82
71547 81
71548 80
71733 79
71770 78
71804 79
71863 78
71940 77
71942 76
71994 77
72058 78
72073 77
72118 78
72135 79
72180 78
72195 77
72216 78
72228 77
72234 76
72503 77
72513 78
72527 77
72543 78
72610 79
72629 80
72689 79
72721 80
72722 81
72729 80
72755 79
72896 80
72951 79
73080 80
73127 79
73165 78
73168 79
73196 80
73201 81
73285 82
73307 81
73364 80
73425 79
73540 80
73545 81
73619 82
73797 81
73868 80
73920 81
73966 82
74047 81
74048 82
74048 81
74056 80
74192 79
74233 80
74335 79
74398 80
74505 81
74603 82
74796 81
74929 82
74988 83
75035 82
75059 83
75065 82
75071 81
75159 80
75159 79
75207 80
75264 79
75267 78
75415 79
75443 78
75465 79
75489 78
75531 77
75555 76
75627 77
75640 76
75683 75
75688 76
75731 77
75899 76
75901 75
75903 74
75928 73
75937 74
76059 75
76074 76
76100 75
76141 76
76155 77
76244 76
76272 75
76292 74
76307 75
76367 74
76382 73
76444 72
76446 73
76487 74
76532 75
76585 76
76594 77
76670 76
76680 77
76683 78
76709 77
76848 76
76875 75
76877 76
76915 77
76941 78
76991 79
77035 80
77116 79
77167 80
77269 79
77284 78
77295 79
77320 78
77324 79
77434 80
77527 79
77627 80
77634 79
77755 78
77756 77
77765 76
77830 77
77911 78
77927 79
77987 78
77997 79
78043 78
78223 77
78252 76
78254 77
78318 78
78320 79
78328 78
78345 79
78443 80
78505 79
78599 80
78644 81
78656 82
78667 83
78915 84
78939 85
79034 84
79261 83
79460 84
79559 85
79599 84
79601 83
79612 82
79624 81
79635 80
79637 79
79708 78
79979 77
79993 78
80016 77
80080 76
80144 75
80219 76
80233 77
80291 78
80351 77
80373 76
80388 77
80398 76
80481 77
80484 78
80554 77
80583 76
80618 75
80675 76
80723 75
80723 74
80739 75
80761 76
80820 75
80860 76
80979 75
80989 76
81002 77
81005 76
81024 75
81043 76
81080 77
81135 76
81203 75
81251 76
81259 75
81307 76
81369 75
81429 76
81463 75
81464 74
81474 73
81653 72
81657 73
81675 74
81690 75
81719 76
81751 75
81757 76
81807 77
81843 78
82053 79
82103 80
82123 79
82157 80
82200 81
82211 82
82214 81
82347 82
82439 81
82624 82
82635 83
82787 84
82968 83
83055 82
83171 83
83283 84
83302 83
83303 82
83319 81
83337 80
83621 81
83623 80
83675 81
83687 80
83699 81
83793 80
83827 81
83934 80
83939 79
84071 78
84076 77
84097 76
84107 77
84116 78
84136 79
84162 80
84253 79
84291 78
84371 77
84427 76
84468 77
84524 76
84574 77
84705 78
84782 79
84826 80
84839 81
85067 82
85075 81
85088 80
85107 81
85121 80
85171 79
85172 78
85182 77
85226 76
85241 77
85292 78
85430 79
85456 80
85586 79
85604 80
85612 81
85720 82
85831 81
85841 82
85891 83
85923 82
86103 81
86121 82
86301 81
86302 82
86467 83
86519 82
86598 81
86674 80
86690 79
86759 78
86763 79
86910 80
87023 79
87045 80
87050 79
87071 80
87115 81
87132 80
87188 81
87219 82
87490 81
87565 82
87631 81
87675 82
87779 81
87887 80
87964 79
87990 80
87990 81
87999 80
88002 79
88059 80
88135 79
88200 78
88244 77
88279 78
88331 77
88370 76
88391 77
88446 78
88498 77
88555 78
88735 79
88736 80
88783 79
88879 78
88891 77
88899 78
88912 79
88918 78
88922 79
89007 80
89227 81
89268 82
89365 83
89407 84
89416 85
89607 84
89632 83
89639 82
89683 83
89867 82
89874 81
90003 82
90033 83
90069 82
90231 81
90370 82
90411 81
90460 82
90491 83
90551 82
90563 81
90651 80
90722 81
90725 80
90730 79
90731 78
90802 79
90835 78
90888 77
90941 76
90967 75
90970 74
90995 75
91034 74
91080 75
91109 76
91203 75
91312 74
91345 73
91418 74
91427 75
91487 74
91507 75
91523 76
91535 77
91550 78
91563 79
91621 80
91631 79
91652 80
91675 79
91707 78
91767 79
91783 80
91843 79
91908 78
91987 79
92035 78
92079 77
92148 76
92153 77
92200 76
92415 77
92454 78
92491 77
92506 78
92541 79
92544 80
92606 79
92620 80
92655 79
92689 80
92708 79
92733 80
92758 79
92827 80
92939 81
92975 80
93112 79
93130 78
93155 79
93169 80
93210 79
93224 80
93264 79
93315 78
93319 79
93338 80
93342 79
93390 80
93391 81
93416 80
93516 79
93567 80
93575 79
93577 78
93583 79
93671 78
93689 77
93719 78
93857 79
93942 78
93947 77
93978 78
94051 79
94085 80
94121 79
94255 80
94262 81
94274 80
94372 81
94388 82
94538 81
94567 82
94597 81
94683 80
94731 79
94791 78
94815 79
94839 78
94890 79
94927 80
94962 79
94967 80
95043 79
95102 78
95156 79
95167 78
95170 77
95183 76
95189 76
95195 75
95201 76
95207 75
95282 76
95321 77
95329 78
95338 77
95381 78
95386 77
95395 78
95415 77
95569 78
95612 77
95615 78
95635 77
95654 76
95733 75
95745 76
95759 75
95760 74
95765 73
95768 74
95835 75
95866 76
95875 77
95883 78
95997 79
96004 79
96009 79
96013 78
96119 77
96124 76
96200 75
96230 76
96231 77
96236 78
96467 77
96539 76
96576 77
96577 78
96584 77
96588 78
96603 79
96651 78
96672 77
96677 78
96772 77
96775 78
96833 77
96931 78
96936 79
96953 78
96976 77
96999 78
97010 79
97061 78
97225 77
97405 78
97420 79
97421 78
97426 77
97432 76
97438 77
97454 78
97510 79
97522 80
97632 81
97636 80
97637 79
97637 78
97638 77
97646 76
97648 75
97655 74
97767 75
97799 74
97969 73
97988 74
98004 75
98019 74
98048 73
98049 72
98050 73
98051 74
98107 75
98175 76
98199 77
98208 76
98317 77
98380 76
98450 75
98451 76
98451 75
98473 74
98474 73
98478 72
98478 73
98481 72
98483 71
98485 70
98486 69
98540 70
98560 71
98579 72
98593 73
98595 72
98612 73
98651 72
98669 71
98691 70
98703 71
98735 70
98737 71
98740 70
98743 69
98743 68
98746 68
98827 69
98915 68
98916 67
98942 68
98971 67
99001 68
99018 69
99027 70
99035 70
99056 71
99070 70
99080 69
99082 68
99113 67
99116 66
99163 65
99201 66
99207 66
99236 67
99239 68
99248 67
99261 68
99271 67
99276 67
99282 68
99289 67
99308 68
99315 69
99318 68
99320 67
99344 66
99418 67
99432 68
99484 69
99519 70
99577 71
99580 70
99582 71
99586 70
99591 71
99591 70
99606 71
99608 71
99612 70
99613 69
99639 70
99663 69
99685 70
99690 69
99747 70
99751 71
99826 70
99830 71
99849 70
99862 69
99862 68
99863 69
99867 68
99935 67
99952 68
99967 67
99978 68
99987 67
99995 68
100036 67
100038 68
100043 67
100059 68
100069 69
100080 68
100081 67
100081 66
100081 65
100081 64
100131 65
100140 66
100179 65
100200 66
100215 67
100239 68
100245 69
100249 68
100323 69
100388 68
100388 69
100414 70
100424 71
100455 70
100521 71
100549 72
100579 73
100595 73
100599 74
100625 75
100635 74
100647 73
100679 74
100684 75
100690 76
100693 75
100694 74
100705 73
100716 72
100719 73
100731 74
100752 73
100809 74
100815 75
100821 76
100823 75
100824 74
100824 73
100824 72
100824 72
100828 71
100882 72
101007 73
101015 72
101162 73
101163 74
101171 73
101279 74
101287 73
101336 74
101344 73
101345 72
101345 71
101345 70
101345 69
101345 68
101345 67
101346 66
101351 66
101363 67
101368 68
101371 68
101381 67
101461 66
101516 67
101532 66
101537 65
101564 66
101567 67
101583 68
101639 69
101682 70
101708 69
101728 70
101738 69
101739 68
101740 68
101745 67
101746 67
101780 68
101788 69
101791 70
101808 69
101809 70
101809 69
101883 70
101891 69
101905 70
101907 69
101933 68
101952 69
101975 68
101976 67
101976 66
101990 65
102001 66
102025 65
102087 66
102096 65
102098 64
102098 63
102099 62
102105 63
102109 62
102115 63
102116 62
102121 61
102121 60
102183 59
102211 60
102271 61
102309 62
102316 61
102323 62
102335 63
102384 64
102391 65
102392 66
102454 67
102466 66
102470 65
102471 66
102481 65
102496 66
102510 65
102511 66
102521 65
102531 64
102555 65
102567 66
102572 65
102576 66
102631 67
102647 66
102648 65
102653 65
102657 65
102661 65
102665 66
102674 65
102708 66
102711 65
102762 64
102772 65
102775 66
102785 65
102787 64
102792 63
102793 64
102799 64
102803 65
102853 64
102855 64
102865 63
102874 62
102958 63
102969 63
102999 64
102999 63
103017 64
103023 65
103032 64
103035 65
103044 66
103088 67
103170 66
103170 67
103171 66
103175 66
103232 67
103240 68
103251 69
103280 70
103283 69
103296 68
103299 69
103304 68
103342 67
103342 68
103343 69
103354 68
103381 67
103395 66
103407 67
103411 66
103455 66
103480 65
103481 66
103482 65
103486 64
103490 63
103513 64
103570 65
103571 66
103623 65
103627 64
103630 63
103652 62
103680 61
103691 62
103699 61
103700 60
103731 61
103748 60
103766 61
103775 62
103780 63
103782 62
103782 62
103785 61
103795 60
103797 59
103798 60
103800 59
103809 58
103809 59
103818 59
103824 60
103917 61
103919 62
103927 61
103965 60
103967 61
103993 62
104027 63
104034 64
104035 65
104035 65
104036 64
104036 64
104036 63
104036 62
104092 63
104103 64
104132 65
104159 66
104163 66
104166 66
104168 67
104168 66
104189 67
104226 66
104226 65
104226 66
104232 65
104261 66
104262 67
104262 66
104276 67
104299 66
104350 65
104378 66
104392 67
104397 66
104408 66
104408 66
104432 67
104433 66
104437 65
104438 64
104471 65
104481 66
104551 65
104554 66
104557 65
104560 66
104572 65
104642 64
104644 65
104688 66
104700 67
104703 68
104712 67
104744 68
104752 67
104752 66
104780 65
104796 66
104804 67
104812 66
104814 65
104815 64
104820 64
104821 65
104826 64
104868 65
104876 64
104876 63
104946 64
104958 65
104959 65
104960 65
104963 64
104967 63
104986 64
104992 65
105001 64
105019 65
105023 64
105036 65
105116 66
105154 67
105171 66
105209 67
105228 68
105252 69
105288 70
105294 71
105294 70
105295 69
105296 68
105296 67
105301 67
105333 67
105338 67
105340 67
105456 68
105456 69
105459 70
105473 71
105488 70
105489 71
105580 72
105616 73
105664 74
105665 73
105666 72
105673 73
105676 74
105692 73
105694 73
105695 72
105695 72
105780 71
105784 71
105784 70
105853 69
105864 68
105871 67
105872 66
105931 67
106024 68
106029 69
106040 68
106046 67
106053 66
106067 67
106127 68
106132 67
106141 68
106153 69
106156 68
106249 69
106256 68
106260 67
106263 67
106268 66
106272 67
106279 66
106280 65
106315 66
106330 65
106340 66
106354 65
106359 66
106359 65
106364 66
106392 67
106399 68
106400 67
106402 66
106419 65
106426 66
106430 65
106439 65
106464 64
106491 63
106492 64
106493 64
106502 63
106526 62
106542 63
106584 64
106590 65
106603 64
106609 63
106610 62
106628 63
106637 64
106659 63
106664 63
106665 64
106672 63
106693 64
106702 65
106705 66
106710 65
106776 64
106782 63
106817 64
106832 65
106866 64
106868 63
106870 62
106873 61
106896 62
106911 61
106950 62
106983 63
106987 62
107000 63
107005 62
107020 61
107032 60
107052 61
107060 60
107074 59
107075 60
107084 59
107086 58
107112 59
107121 58
107166 59
107171 60
107184 61
107201 60
107201 61
107208 60
107300 61
107300 62
107308 61
107308 60
107324 61
107348 62
107362 61
107363 62
107367 62
107369 61
107412 62
107422 63
107436 64
107438 63
107463 62
107464 63
107502 64
107541 65
107544 66
107611 67
107629 66
107632 65
107633 66
107636 65
107639 64
107656 65
107656 66
107664 65
107670 66
107684 65
107687 66
107688 65
107702 64
107711 65
107716 64
107718 63
107720 64
107735 63
107737 63
107738 62
107739 61
107768 62
107788 61
107795 60
107801 59
107804 58
107820 59
107828 58
107830 58
107836 59
107844 60
107910 61
107931 62
107995 63
107996 62
108000 63
108016 64
108087 65
108098 64
108148 65
108152 64
108152 63
108166 62
108168 61
108170 60
108206 59
108230 58
108257 59
108273 60
108279 61
108285 60
108292 61
108301 60
108305 61
108355 62
108365 61
108371 62
108373 63
108374 62
108375 61
108379 61
108384 62
108386 63
108400 62
108413 63
108420 62
108424 63
108428 63
108475 64
108484 63
108496 64
108516 63
108578 62
108579 61
108581 62
108592 63
108592 62
108606 61
108607 60
108610 59
108611 60
108611 60
108611 59
108612 58
108616 57
108618 56
108619 55
108622 54
108622 55
108651 56
108661 57
108661 56
108665 55
108735 56
108755 57
108758 58
108774 59
108781 58
108787 59
108800 58
108801 57
108889 56
108916 57
108924 56
108928 57
108936 56
108968 57
108986 58
108995 57
108996 58
109080 59
109083 60
109088 61
109097 62
109109 61
109148 62
109148 63
109154 64
109164 63
109168 62
109180 63
109186 64
109188 63
109217 64
109243 65
109248 64
109249 63
109254 62
109261 61
109261 60
109266 59
109267 58
109272 59
109277 58
109279 58
109297 57
109340 58
109346 57
109371 58
109413 59
109420 58
109425 59
109435 58
109467 59
109470 60
109485 61
109488 60
109498 59
109510 59
109517 60
109519 60
109519 59
109521 58
109528 57
109553 58
109562 57
109564 58
109579 57
109592 58
109608 57
109614 58
109646 59
109676 60
109676 60
109680 59
109680 58
109680 57
109684 58
109692 57
109699 58
109710 57
109718 56
109724 55
109724 54
109725 55
109736 54
109817 55
109872 56
109912 57
109930 56
109945 57
109948 58
109976 59
110012 60
110016 61
110020 60
110056 59
110063 60
110084 59
110116 60
110125 61
110137 62
110156 63
110157 64
110167 65
110179 66
110181 65
110183 64
110184 63
110185 62
110188 62
110190 61
110193 62
110193 61
110200 60
110200 59
110201 58
110208 59
110231 60
110248 61
110265 62
110276 61
110294 62
110300 61
110303 60
110310 59
110312 58
110312 57
110315 56
110339 57
110348 58
110367 58
110392 57
110392 56
110392 55
110421 56
110432 55
110451 54
110452 55
110454 56
110491 57
110494 56
110508 57
110532 56
110532 55
110533 56
110584 55
110587 54
110592 55
110596 54
110643 53
110648 52
110654 53
110660 54
110664 55
110668 56
110687 55
110725 54
110726 55
110732 56
110754 57
110758 58
110765 59
110767 59
110768 58
110779 59
110786 58
110789 59
110795 58
110812 59
110824 58
110853 59
110857 60
110883 61
110902 60
110904 59
110908 58
110929 59
110944 60
110965 61
110980 60
111032 61
111044 62
111086 63
111091 62
111091 62
111091 61
111139 60
111141 59
111151 60
111155 59
111184 60
111192 61
111208 62
111208 63
111208 64
111212 65
111220 64
111222 65
111245 66
111272 67
111287 68
111288 68
111309 68
111309 67
111311 68
111326 67
111384 66
111442 67
111473 68
111505 69
111532 70
111597 71
111600 70
111606 69
111621 70
111621 69
111629 68
111645 69
111680 70
111695 69
111720 70
111728 69
111728 68
111730 69
111732 68
111742 67
111743 68
111748 67
111780 67
111793 68
111812 69
111836 70
111838 71
111912 71
111923 70
111924 71
111942 72
111942 71
111960 70
111960 69
111985 68
111986 67
112036 68
112036 69
112044 68
112044 67
112044 66
112061 65
112062 66
112080 67
112096 66
112112 67
112204 68
112208 67
112216 66
112216 65
112238 66
112265 67
112268 66
112288 65
112290 66
112291 65
112396 66
112396 67
112396 68
112431 69
112444 70
112448 69
112449 68
112449 67
112464 68
112469 67
112471 66
112472 65
112475 64
112475 64
112479 63
112490 64
112495 65
112545 66
112616 65
112624 66
112624 67
112630 66
112644 67
112699 68
112705 67
112748 68
112836 69
112869 68
112900 69
112908 68
112928 69
112940 70
112956 71
112968 72
112992 73
112999 72
113016 71
113021 72
113024 73
113028 72
113043 71
113072 70
113183 69
113193 68
113195 69
113200 68
113219 69
113223 70
113234 71
113243 70
113256 69
113291 68
113291 67
113301 68
113303 67
113304 66
113320 67
113330 68
113380 69
113393 70
113480 69
113488 70
113532 71
113537 72
113539 73
113540 72
113546 71
113594 72
113602 71
113607 70
113610 69
113615 68
113660 69
113679 68
113721 69
113730 68
113730 67
113731 66
113732 65
113741 66
113741 65
113767 66
113820 67
113862 68
113878 67
113891 68
113891 67
113979 66
113984 67
113985 66
114035 65
114076 64
114076 65
114076 66
114082 65
114090 64
114096 64
114098 64
114099 65
114105 64
114108 63
114119 64
114159 65
114161 66
114166 67
114176 66
114287 67
114291 68
114300 67
114309 66
114323 67
114332 68
114404 69
114413 68
114414 67
114418 66
114442 65
114485 64
114488 64
114490 65
114493 64
114513 65
114519 66
114573 67
114620 68
114662 69
114672 70
114674 71
114675 70
114678 69
114687 70
114703 69
114704 68
114717 67
114733 68
114774 67
114776 66
114797 67
114824 68
114836 69
114842 68
114844 69
114898 70
114903 71
114916 70
114928 69
115014 70
115022 69
115033 70
115044 70
115044 69
115044 70
115049 69
115055 70
115068 69
115068 68
115099 69
115104 70
115115 70
115166 71
115179 70
115184 69
115188 68
115192 69
115226 68
115286 67
115318 68
115320 69
115329 68
115329 67
115329 66
115329 65
115336 66
115354 67
115358 66
115360 65
115363 64
115368 63
115434 62
115477 63
115482 62
115486 61
115493 61
115545 62
115553 61
115576 62
115705 63
115714 64
115725 65
115726 64
115729 65
115748 66
115750 65
115756 64
115756 63
115770 64
115778 63
115780 62
115782 62
115784 61
115789 61
115795 61
115795 61
115815 62
115860 63
115864 64
115884 65
115888 66
115896 65
115900 64
115940 65
115956 64
115990 65
115998 64
115999 63
116005 62
116008 62
116024 63
116032 63
116067 64
116078 65
116078 65
116098 66
116119 65
116119 66
116126 65
116188 66
116194 65
116198 64
116204 65
116244 66
116256 67
116263 66
116263 65
116276 66
116284 65
116287 66
116298 65
116300 66
116320 65
116320 64
116339 65
116374 66
116380 67
116405 68
116442 69
116443 70
116452 70
116452 70
116504 71
116525 70
116572 69
116628 70
116638 69
116668 70
116685 71
116714 72
116714 73
116800 74
116808 74
116808 73
116808 72
116808 71
116826 72
116835 73
116839 72
116839 73
116844 72
116849 71
116850 70
116858 69
116859 68
116860 67
116868 68
116900 69
116905 68
116973 67
117003 68
117004 67
117036 68
117066 69
117084 70
117086 69
117115 70
117135 71
117232 70
117233 71
117428 72
117462 73
117478 74
117484 73
117503 74
117528 75
117582 76
117590 77
117603 76
117610 75
117627 76
117640 77
117667 76
117737 77
117756 76
117762 75
117763 74
117764 75
117776 74
117792 73
117827 72
117867 73
117872 73
117930 74
117944 73
117973 72
118008 73
118016 72
118016 71
118016 70
118016 69
118038 68
118101 69
118192 70
118199 69
118212 70
118216 70
118220 69
118228 70
118230 69
118256 70
118284 69
118342 68
118342 69
118369 70
118388 69
118392 70
118392 71
118492 72
118573 73
118588 73
118622 74
118694 75
118703 74
118765 75
118772 74
118772 73
118804 72
118820 73
118844 74
118851 73
118852 72
118861 71
118867 72
118882 73
118896 72
118908 71
118912 72
118941 71
118960 70
118960 69
118960 68
118960 67
118960 66
118962 65
119010 66
119060 67
119069 67
119097 68
119104 67
119108 68
119144 67
119268 68
119274 67
119276 66
119276 66
119276 66
119312 65
119316 64
119318 63
119336 64
119368 65
119368 64
119437 65
119443 64
119450 63
119464 62
119482 63
119520 64
119528 63
119535 64
119577 65
119596 66
119603 65
119604 66
119635 65
119652 66
119707 67
119737 66
119748 67
119748 68
119753 69
119757 70
119774 69
119778 69
119780 68
119781 67
119785 67
119792 68
119799 69
119801 68
119812 67
119812 66
119812 65
119825 66
119834 65
119841 64
119843 63
119853 64
119854 65
119900 66
119900 65
119965 64
119986 65
119988 66
119989 67
119991 66
119996 67
120021 68
120238 69
120295 70
120352 71
120357 72
120360 71
120405 70
120420 71
120433 72
120441 71
120441 71
120441 72
120441 71
120441 70
120464 71
120506 71
120582 72
120586 73
120588 74
120589 75
120613 76
120615 75
120625 74
120625 73
120654 74
120656 74
120696 75
120696 74
120736 73
120755 72
120765 73
120778 72
120815 71
120933 72
120942 71
120999 72
121004 71
121007 70
121017 70
121017 69
121018 68
121024 69
121107 70
121123 71
121133 72
121136 73
121197 74
121244 75
121280 74
121294 75
121322 74
121349 73
121380 74
121430 73
121432 74
121439 73
121447 74
121479 73
121574 72
121582 71
121593 72
121628 73
121657 72
121664 71
121674 70
121679 71
121700 72
121704 73
121724 74
121821 75
121829 76
121848 77
121892 78
121907 77
121908 77
121915 76
121938 75
121945 74
121986 74
121990 73
122001 74
122048 73
122072 74
122117 73
122119 74
122123 73
122155 74
122161 73
122194 72
122199 71
122234 72
122240 73
122246 72
122249 71
122276 72
122291 71
122300 70
122306 69
122306 68
122343 69
122448 70
122449 69
122452 70
122583 71
122607 72
122608 71
122610 70
122636 71
122652 70
122671 71
122678 72
122741 73
122748 72
122764 71
122851 72
122864 71
122888 72
122920 73
122957 72
122974 73
122975 74
122981 73
122987 74
122990 73
122994 72
123024 71
123149 72
123200 73
123212 74
123245 75
123248 74
123249 73
123254 72
123275 73
123317 74
123332 75
123337 74
123422 75
123484 76
123533 77
123539 76
123545 75
123547 74
123564 75
123577 74
123589 73
123601 73
123712 72
123748 73
123752 72
123754 71
123754 70
123815 71
123818 72
123823 72
123864 71
123869 70
123884 71
123885 72
123891 71
123893 70
123901 71
123909 71
123909 70
123917 69
123920 68
123955 67
124030 68
124038 67
124040 67
124046 67
124057 68
124060 67
124060 68
124072 68
124077 67
124097 66
124120 65
124120 64
124124 63
124137 62
124140 61
124140 62
124148 63
124152 63
124153 62
124153 61
124154 60
124159 60
124159 59
124161 59
124162 58
124162 58
124163 58
124164 57
124240 58
124292 59
124334 60
124344 59
124353 60
124356 59
124358 60
124360 60
124363 60
124366 59
124420 60
124430 59
124433 58
124438 57
124440 56
124512 57
124584 58
124612 59
124615 60
124624 59
124624 60
124703 61
124706 62
124722 61
124726 60
124730 61
124742 62
124747 61
124756 62
124777 62
124783 63
124857 64
124861 65
124882 64
124883 63
124885 62
124906 63
124907 64
124937 65
124975 66
124988 65
124989 64
124993 63
124996 64
124997 65
125007 64
125007 65
125007 64
125014 63
125044 64
125051 65
125053 66
125058 65
125058 66
125062 65
125063 65
125070 66
125070 65
125076 66
125079 65
125082 64
125149 65
125153 64
125159 65
125159 64
125164 63
125171 62
125172 63
125172 64
125236 63
125264 64
125265 63
125265 62
125268 61
125272 60
125279 59
125292 60
125329 61
125367 62
125395 63
125410 62
125424 63
125424 63
125451 64
125476 65
125520 66
125536 65
125554 66
125568 67
125587 67
125595 68
125604 69
125610 70
125643 69
125680 68
125685 69
125756 68
125774 69
125804 70
125810 69
125841 70
125841 71
125842 70
125844 69
125847 68
125860 67
125872 68
125898 69
125914 70
125920 69
125933 70
125936 69
125954 70
126024 71
126036 72
126041 73
126050 74
126083 75
126104 76
126104 75
126105 74
126109 73
126111 74
126148 75
126178 76
126190 77
126195 76
126204 75
126298 76
126362 75
126363 74
126363 75
126366 74
126395 75
126398 75
126439 76
126454 77
126456 76
126532 75
126532 74
126532 73
126532 72
126582 71
126591 72
126592 73
126592 74
126594 75
126597 74
126604 73
126637 74
126723 75
126732 74
126734 73
126740 74
126771 73
126778 74
126838 75
126888 74
126904 75
126912 74
126912 74
126916 75
126922 76
126932 75
126976 74
127003 73
127083 74
127088 73
127176 74
127232 75
127240 74
127257 75
127266 74
127266 73
127268 72
127288 73
127296 72
127319 73
127405 72
127520 73
127520 74
127528 73
127528 72
127532 71
127532 71
127544 72
127574 71
127576 72
127584 71
127584 70
127592 69
127596 68
127597 67
127602 66
127616 67
127634 68
127636 69
127704 68
127710 69
127836 70
127846 69
127861 68
127872 69
127873 68
127874 67
127881 66
127881 65
127938 64
127952 63
127952 62
128002 63
128004 64
128004 65
128015 64
128019 64
128026 63
128030 62
128034 61
128038 60
128084 61
128093 62
128176 63
128193 62
128196 63
128199 62
128201 61
128204 61
128204 60
128204 59
128216 58
128219 57
128257 58
128285 59
128301 60
128304 61
128306 60
128328 60
128330 59
128348 58
128359 59
128384 60
128412 61
128420 60
128455 61
128507 62
128524 63
128531 64
128532 63
128532 63
128577 63
128577 62
128577 62
128601 63
128648 62
128702 63
128715 62
128718 63
128725 62
128740 63
128746 62
128758 61
128759 60
128776 59
128804 58
128816 59
128835 60
128837 60
128844 59
128880 60
128888 59
128888 58
128918 59
128924 60
128944 60
128984 61
129041 62
129042 63
129051 62
129060 63
129067 64
129077 65
129078 65
129088 64
129137 63
129149 62
129156 63
129163 62
129164 61
129174 62
129212 63
129236 64
129245 63
129245 62
129248 63
129248 64
129252 65
129253 64
129254 64
129255 63
129285 64
129290 63
129292 63
129303 64
129395 65
129418 66
129456 67
129497 68
129527 69
129533 68
129537 69
129590 70
129598 69
129618 68
129661 67
129666 66
129672 67
129684 66
129692 65
129693 66
129769 67
129770 68
129778 67
129780 68
129782 67
129792 66
129802 65
129879 66
129880 65
129929 66
129967 67
129970 66
129974 65
129991 64
129994 65
130008 66
130022 65
130027 66
130060 67
130064 68
130072 67
130072 67
130072 66
130077 65
130178 66
130211 67
130226 66
130257 67
130260 68
130262 69
130323 70
130347 71
130364 72
130385 73
130403 74
130440 73
130467 74
130481 73
130517 74
130520 73
130572 74
130580 75
130588 74
130600 73
130620 74
130624 73
130628 72
130659 73
130696 74
130711 74
130748 75
130761 74
130780 75
130781 76
130812 77
130868 76
130993 75
131060 76
131068 75
131076 76
131117 77
131121 78
131128 77
131128 76
131128 75
131128 76
131157 77
131216 78
131224 77
131296 78
131336 79
131344 78
131536 77
131540 78
131551 77
131556 78
131558 77
131564 76
131564 76
131568 77
131596 78
131632 77
131678 78
131765 77
131776 78
131790 77
131890 76
131933 77
131940 78
131948 77
131948 76
131948 76
131994 75
132027 74
132067 75
132129 74
132137 73
132188 74
132199 73
132224 72
132244 73
132420 74
132424 75
132532 76
132550 77
132592 76
132597 77
132600 78
132620 77
132623 78
132627 77
132696 78
132704 77
132715 78
132735 77
132782 76
132800 75
132868 74
132900 75
132911 74
132961 73
133002 72
133051 73
133052 74
133068 74
133070 74
133076 73
133079 72
133080 71
133131 70
133141 69
133153 68
133232 69
133240 68
133240 67
133240 66
133244 67
133254 68
133270 69
133276 70
133298 69
133302 68
133331 67
133341 66
133404 67
133423 68
133437 69
133452 70
133452 71
133460 70
133484 71
133488 72
133499 71
133533 72
133608 71
133671 70
133672 69
133684 70
133738 71
133748 70
133754 69
133758 68
133760 69
133832 68
133911 69
133920 70
133921 71
133932 72
133940 73
133947 72
133948 71
133948 70
133948 69
133948 68
133949 68
133965 67
134060 68
134068 69
134094 70
134104 71
134117 72
134119 71
134120 70
134132 69
134165 70
134182 71
134274 70
134357 71
134370 72
134392 73
134394 72
134395 73
134484 73
134484 72
134496 71
134551 72
134570 73
134580 74
134584 75
134588 74
134588 73
134588 72
134593 71
134612 72
134620 71
134657 72
134709 73
134726 72
134780 73
134807 72
134847 71
134881 72
134912 73
134915 72
134916 73
134928 74
134943 75
134964 74
134966 73
134996 74
135001 75
135004 74
135004 73
135016 72
135094 73
135100 72
135105 71
135136 72
135136 73
135165 74
135232 75
135232 76
135267 77
135379 76
135379 77
135420 78
135480 79
135488 80
135494 81
135517 80
135635 81
135672 82
135772 83
135777 82
135780 81
135781 80
135782 79
135844 78
135884 77
135886 76
135888 77
136014 78
136110 77
136131 78
136139 77
136144 76
136146 75
136148 74
136152 75
136155 74
136155 73
136162 72
136321 73
136335 72
136339 71
136344 72
136344 71
136346 72
136355 71
136496 72
136594 73
136627 72
136722 73
136723 72
136760 73
136840 72
136911 73
136920 72
136959 73
136967 74
136970 73
136983 74
136989 75
137006 76
137008 77
137052 78
137114 79
137176 80
137191 81
137243 80
137281 81
137301 80
137339 79
137347 78
137349 77
137352 76
137360 77
137439 76
137445 75
137486 74
137492 75
137500 74
137501 74
137502 73
137505 74
137508 73
137509 73
137510 72
137510 71
137511 71
137514 71
137515 70
137518 69
137622 70
137633 70
137636 70
137668 69
137748 70
137773 71
137778 70
137781 71
137782 70
137784 71
137785 70
137788 69
137788 68
137791 67
137793 66
137836 65
137904 66
137925 65
137927 64
137956 63
137970 62
137972 63
137978 64
138012 63
138049 64
138057 63
138062 62
138083 61
138098 62
138099 61
138099 60
138104 60
138107 60
138107 59
138108 58
138109 57
138129 58
138137 59
138164 60
138167 61
138169 60
138176 61
138176 62
138190 61
138193 62
138206 61
138208 60
138215 59
138232 58
138238 59
138289 60
138345 61
138346 61
138346 62
138346 63
138348 63
138352 62
138354 62
138378 63
138427 64
138438 65
138439 65
138448 64
138457 64
138492 65
138500 66
138503 66
138504 65
138506 64
138508 64
138509 63
138511 62
138534 63
138561 64
138585 65
138652 66
138696 67
138700 66
138703 65
138744 66
138777 67
138782 68
138784 67
138788 66
138790 67
138793 66
138836 65
138857 66
138863 67
138876 66
138884 65
138915 64
138952 63
139000 62
139016 63
139021 64
139027 63
139029 62
139039 61
139040 62
139051 61
139052 62
139068 61
139068 60
139071 61
139078 62
139079 62
139108 63
139117 62
139127 61
139130 60
139130 59
139134 60
139154 61
139208 60
139209 61
139210 60
139228 59
139250 60
139268 59
139296 58
139299 59
139301 60
139308 59
139312 60
139312 59
139353 58
139357 59
139392 60
139403 61
139418 60
139420 61
139452 60
139464 61
139499 60
139499 59
139500 60
139502 59
139505 58
139509 57
139516 58
139523 59
139567 60
139592 59
139637 58
139643 59
139650 59
139651 58
139670 59
139765 60
139806 61
139808 60
139808 59
139808 60
139820 61
139824 60
139832 59
139833 60
139835 59
139843 60
139844 61
139846 60
139856 59
139897 60
139900 59
139902 60
139947 59
140013 60
140016 59
140020 58
140041 59
140048 60
140056 59
140056 58
140056 57
140069 58
140070 59
140071 60
140084 59
140091 58
140096 59
140100 60
140117 61
140118 62
140148 63
140151 64
140180 63
140281 64
140285 63
140345 64
140356 65
140368 65
140373 66
140399 67
140460 68
140462 69
140462 70
140465 69
140470 68
140474 67
140495 68
140528 69
140569 70
140580 69
140582 70
140587 69
140619 70
140671 69
140680 70
140706 71
140712 70
140719 69
140719 70
140724 69
140743 70
140764 71
140771 72
140779 73
140789 72
140795 73
140812 72
140825 71
140860 72
140869 73
140880 74
140904 73
140944 74
140958 73
140991 74
141000 73
141051 74
141059 73
141059 72
141060 71
141112 72
141116 71
141116 70
141120 70
141120 69
141121 68
141124 67
141124 66
141124 65
141129 64
141132 63
141208 64
141216 65
141224 64
141224 63
141286 64
141352 65
141360 66
141360 65
141360 65
141368 64
141399 65
141429 64
141430 63
141436 64
141507 65
141509 64
141530 65
141534 64
141552 65
141594 66
141596 65
141596 65
141599 66
141627 65
141636 64
141636 65
141648 66
141656 65
141662 64
141664 65
141741 66
141764 67
141764 68
141766 67
141768 68
141769 67
141774 66
141778 65
141779 64
141781 63
141805 64
141813 65
141816 64
141817 63
141817 63
141820 62
141821 61
141827 60
141834 61
141837 60
141839 59
141840 60
141845 59
141846 58
141847 59
141875 60
141909 61
141917 60
141918 59
141926 58
141929 59
142004 60
142040 61
142048 60
142048 59
142059 59
142060 58
142068 57
142099 58
142104 57
142138 56
142146 56
142151 55
142152 54
142167 55
142177 54
142177 54
142180 54
142180 54
142180 54
142202 55
142220 56
142232 57
142239 58
142240 57
142243 57
142283 58
142284 59
142288 58
142336 57
142359 58
142370 59
142376 58
142376 57
142377 56
142379 56
142380 57
142385 56
142410 57
142414 56
142417 57
142419 56
142432 57
142465 58
142518 59
142521 60
142526 61
142534 60
142555 61
142587 60
142596 60
142647 59
142681 60
142689 61
142689 61
142737 62
142740 61
142745 60
142756 61
142756 62
142764 62
142768 63
142768 64
142772 63
142776 62
142787 61
142817 62
142830 61
142836 62
142842 61
142844 61
142848 60
142852 61
142887 62
142898 63
142913 62
142924 63
142927 64
142935 63
142958 64
142962 63
142963 64
142964 63
142973 62
142975 61
142982 60
143014 61
143016 62
143037 63
143044 64
143094 65
143100 66
143105 66
143118 65
143128 64
143144 65
143149 66
143150 65
143153 65
143154 65
143155 65
143156 66
143159 66
143166 65
143169 66
143173 67
143220 68
143300 69
143313 70
143326 69
143396 70
143423 69
143426 70
143431 69
143432 68
143435 69
143436 70
143448 69
143512 68
143543 69
143553 68
143557 69
143564 68
143582 69
143596 68
143610 67
143696 66
143723 67
143727 68
143755 69
143794 68
143798 69
143816 68
143818 69
143818 68
143819 67
143828 66
143828 65
143835 66
143860 65
143866 66
143872 65
143872 64
143872 63
143872 62
143924 63
143957 64
143973 65
143977 64
143984 64
143984 63
143988 63
144023 64
144023 63
144058 64
144066 63
144093 64
144095 64
144105 65
144105 66
144122 65
144125 64
144147 65
144147 66
144151 65
144174 66
144189 65
144195 66
144217 67
144314 68
144343 69
144344 70
144347 69
144348 70
144406 71
144420 70
144427 69
144470 68
144481 68
144486 68
144487 67
144495 68
144533 67
144557 68
144562 67
144564 66
144597 67
144605 66
144615 67
144633 66
144640 67
144652 68
144662 69
144686 70
144752 71
144754 70
144758 69
144760 70
144812 71
144831 70
144860 69
144933 70
144935 70
144937 71
144944 70
144960 69
144965 68
145010 69
145029 68
145072 69
145074 70
145078 69
145088 68
145089 67
145090 68
145134 67
145206 68
145213 67
145248 68
145253 67
145253 68
145255 67
145288 66
145313 67
145337 68
145389 69
145390 68
145390 68
145396 67
145397 66
145415 67
145426 66
145453 66
145464 67
145521 68
145532 67
145532 68
145535 67
145595 68
145597 68
145602 69
145624 70
145723 69
145728 68
145789 69
145796 70
145812 71
145826 72
145838 73
145851 74
145854 75
145858 76
145859 76
145864 75
145865 74
146002 75
146057 76
146138 77
146152 76
146153 75
146153 76
146188 77
146223 78
146223 77
146272 78
146292 77
146312 78
146326 79
146408 78
146422 79
146535 78
146537 77
146552 76
146584 77
146661 78
146664 78
146702 77
146765 78
146772 77
146780 78
146781 77
146784 76
146784 75
146789 74
146833 73
146862 74
146928 73
146952 74
146952 73
146958 72
146958 71
146964 70
146965 70
146989 71
147032 72
147037 71
147139 70
147260 71
147277 72
147280 73
147292 72
147292 71
147292 70
147372 70
147373 71
147397 70
147397 69
147401 68
147401 67
147418 68
147419 69
147421 68
147458 69
147472 70
147472 69
147525 70
147531 69
147563 70
147566 71
147659 70
147668 69
147717 68
147718 67
147729 66
147730 67
147756 66
147764 67
147858 66
147872 67
147894 66
147940 65
147952 66
147966 65
147972 66
147985 67
148053 68
148137 69
148138 70
148183 71
148187 70
148189 69
148191 70
148201 69
148202 68
148211 69
148220 70
148286 69
148289 70
148312 71
148316 72
148330 71
148330 70
148364 69
148383 70
148388 71
148409 72
148412 73
148450 72
148537 73
148544 72
148551 73
148562 74
148599 75
148600 76
148606 75
148628 74
148660 75
148699 74
148714 75
148746 76
148811 77
148811 78
148819 77
148876 76
148887 77
148897 76
148899 75
148908 74
148908 73
148913 74
148956 73
148986 72
149006 71
149060 72
149066 72
149072 73
149079 72
149086 73
149099 74
149105 75
149113 74
149115 75
149122 74
149329 75
149337 74
149343 73
149344 72
149346 71
149347 70
149436 69
149443 68
149448 69
149464 70
149466 69
149483 70
149540 71
149545 72
149631 73
149640 74
149652 73
149715 72
149731 73
149788 74
149788 75
149821 76
149839 77
149842 76
149844 75
149860 76
149888 75
149889 74
149901 75
149970 76
149982 77
149987 76
150004 75
150020 74
150036 75
150043 74
150116 73
150213 72
150233 71
150234 72
150234 71
150235 70
150235 69
150247 68
150252 69
150254 68
150254 67
150258 68
150261 67
150304 68
150320 69
150322 69
150333 69
150339 69
150341 69
150352 68
150364 67
150378 66
150387 65
150479 66
150481 67
150486 66
150489 65
150494 66
150496 65
150507 64
150512 65
150545 64
150581 63
150582 64
150680 65
150700 65
150704 64
150706 64
150708 63
150728 64
150753 65
150755 66
150763 65
150764 64
150830 63
150831 62
150836 63
150857 64
150878 63
150878 63
150883 64
150902 65
150908 64
150925 63
150943 64
150944 65
150946 64
150965 65
150971 64
150975 65
150985 64
150987 65
150987 66
151016 65
151024 64
151026 65
151041 66
151042 66
151048 67
151048 66
151051 65
151062 66
151080 67
151085 66
151112 65
151126 64
151130 65
151144 66
151160 67
151173 66
151173 65
151178 64
151179 65
151186 64
151196 65
151328 66
151371 67
151373 66
151384 67
151417 66
151514 67
151521 66
151521 65
151521 66
151526 67
151536 67
151538 66
151540 66
151540 65
151544 64
151549 65
151549 64
151563 63
151563 64
151580 65
151584 66
151624 67
151657 68
151657 69
151659 68
151668 69
151672 68
151674 67
151713 66
151735 67
151746 66
151749 65
151758 64
151835 65
151843 64
151850 65
151855 66
151904 67
151908 66
151937 67
151940 68
151941 69
151972 70
151977 69
151984 70
152096 71
152104 72
152160 73
152165 74
152172 73
152172 72
152176 71
152190 72
152213 71
152256 72
152277 73
152300 74
152328 75
152334 74
152347 73
152360 72
152367 71
152389 70
152453 71
152460 70
152491 71
152501 70
152502 71
152519 72
152546 71
152552 70
152583 69
152620 70
152696 71
152724 72
152768 73
152774 74
152776 73
152881 74
152888 75
152930 76
152935 77
152944 76
153000 77
153040 78
153056 77
153081 78
153088 77
153095 76
153098 75
153122 76
153135 77
153145 76
153152 75
153152 74
153157 73
153165 74
153204 75
153260 76
153261 75
153391 76
153397 75
153437 76
153516 75
153524 74
153525 73
153527 74
153536 75
153592 76
153604 75
153604 74
153634 75
153640 74
153660 75
153842 76
153851 75
153851 74
153910 73
153920 74
153928 73
153931 74
153985 75
153989 74
153991 73
154042 72
154076 71
154240 72
154244 71
154249 72
154261 71
154264 72
154304 71
154304 72
154344 73
154387 74
154451 75
154459 74
154470 75
154479 76
154495 77
154496 78
154520 77
154521 78
154541 77
154598 76
154611 75
154612 74
154674 75
154765 74
154828 73
154849 74
154880 75
154915 76
154923 77
154942 76
154948 77
155045 78
155128 79
155192 78
155272 77
155423 78
155489 77
155527 78
155530 79
155568 80
155594 79
155644 78
155680 79
155768 78
155769 79
155773 80
155819 79
155844 80
155891 79
155904 78
155957 79
156006 78
156096 77
156110 76
156232 75
156249 76
156281 77
156405 76
156523 77
156533 78
156576 77
156670 78
156748 79
156902 78
156912 79
156914 80
157004 79
157099 80
157121 81
157162 80
157166 79
157210 78
157324 79
157332 78
157396 79
157398 80
157403 81
157455 80
157456 79
157541 78
157541 77
157551 76
157560 77
157568 76
157592 75
157593 74
157601 75
157655 76
157780 77
157824 76
157833 77
157969 76
157970 75
158013 76
158015 77
158027 78
158060 77
158089 76
158098 75
158163 76
158176 77
158188 76
158212 77
158230 78
158284 77
158284 76
158336 75
158346 74
158464 75
158491 76
158547 75
158555 76
158589 77
158606 76
158712 77
158739 76
158790 77
158880 76
158934 77
158977 76
159047 77
159068 78
159087 79
159169 80
159179 81
159305 80
159329 79
159371 80
159484 81
159559 80
159572 79
159715 78
159741 79
159831 78
159848 77
159857 76
159876 75
159975 76
160060 75
160069 76
160072 77
160114 76
160241 77
160256 76
160285 75
160316 76
160340 75
160352 76
160372 77
160442 76
160546 77
160617 78
160694 77
160715 76
160776 77
160814 78
160864 77
160869 76
160884 77
160925 76
160929 75
160957 74
161004 75
161033 76
161121 77
161158 76
161164 75
161167 76
161225 77
161244 76
161259 75
161368 74
161388 75
161395 76
161419 77
161472 78
161504 79
161617 78
161635 79
161673 78
161732 79
161739 78
161739 79
161752 80
161769 81
161838 80
161952 81
161955 80
161981 79
161988 78
162041 77
162054 76
162132 77
162249 76
162314 75
162316 76
162340 75
162436 76
162500 77
162683 76
162726 77
162728 76
162729 75
162748 76
162776 77
162787 78
162804 79
162825 80
162832 81
162964 82
163016 81
163038 80
163174 81
163409 82
163437 83
163462 84
163502 83
163558 84
163558 83
163746 82
163819 83
163840 82
163892 81
163956 80
163977 79
164012 80
164076 79
164148 78
164224 77
164315 76
164354 77
164373 78
164391 77
164425 76
164571 75
164576 76
164657 77
164667 76
164677 75
164697 76
164723 75
164728 76
164854 75
164872 74
164877 75
164889 74
164952 73
164967 72
165044 73
165052 72
165087 73
165091 74
165113 75
165154 76
165190 77
165360 78
165398 79
165446 80
165481 81
165495 80
165508 81
165547 80
165687 79
165696 78
165727 79
165762 78
165827 77
165878 78
165887 79
165931 78
166023 77
166072 78
166133 77
166196 78
166301 77
166388 76
166410 77
166436 76
166437 75
166464 76
166557 77
166608 78
166711 77
166712 76
166748 75
166755 76
166764 77
166900 78
166943 77
167060 78
167105 79
167156 80
167157 81
167193 82
167223 83
167247 84
167268 83
167268 82
167308 81
167373 82
167395 83
167523 82
167548 81
167685 80
167686 79
167778 80
167785 79
167886 78
167932 77
168052 78
168104 77
168132 78
168199 79
168243 78
168378 77
168380 78
168394 77
168416 76
168431 77
168432 78
168436 77
168458 78
168504 79
168557 78
168578 79
168598 78
168659 77
168736 78
168744 77
168784 76
168787 77
168900 78
169001 79
169025 78
169204 79
169254 80
169256 79
169378 80
169468 79
169487 80
169538 81
169558 82
169645 83
169692 82
169731 81
169797 82
169897 81
170020 80
170052 79
170068 80
170093 79
170144 78
170151 79
170167 80
170241 81
170423 80
170467 81
170525 80
170756 81
170891 80
170936 81
170937 82
170976 81
171004 80
171005 81
171114 82
171150 81
171159 80
171201 79
171257 78
171389 79
171394 80
171394 79
171397 78
171398 77
171402 78
171492 77
171542 76
171591 75
171735 74
171761 75
171763 76
171772 77
171832 76
171853 75
171934 76
172055 75
172073 76
172088 77
172089 76
172099 77
172099 76
172117 77
172134 76
172242 77
172260 76
172307 75
172342 76
172382 75
172418 76
172467 77
172485 78
172490 79
172492 78
172613 77
172704 78
172705 79
172729 78
172733 77
172784 78
172788 79
172816 80
172956 81
172965 80
172981 81
173116 80
173173 79
173231 80
173402 81
173404 80
173424 79
173507 80
173522 81
173544 82
173605 81
173618 82
173729 81
173853 80
174013 81
174081 82
174134 81
174201 82
174272 83
174398 84
174429 85
174553 84
174594 83
174660 82
174798 83
174868 82
174896 81
174917 82
174965 81
175103 80
175110 79
175111 78
175204 77
175218 78
175248 79
175389 80
175441 81
175533 82
175579 81
175637 82
175643 83
175711 82
175721 81
175766 80
175848 79
175893 80
175933 79
176036 80
176089 79
176108 80
176120 79
176178 80
176241 79
176303 78
176472 77
176473 76
176491 77
176550 78
176566 79
176632 80
176645 81
176689 82
176717 83
176734 82
176769 81
176854 82
177040 83
177063 82
177109 81
177133 80
177194 81
177222 80
177313 79
177429 80
177437 79
177497 80
177561 79
177585 80
177625 79
177714 78
177748 77
177817 78
177845 77
177998 76
178007 77
178033 78
178049 79
178099 80
178133 81
178166 80
178221 79
178379 78
178393 79
178596 78
178597 77
178625 78
178653 79
178673 78
178688 77
178801 78
178805 79
178808 78
178808 77
178812 76
178842 77
178999 78
179188 79
179199 80
179229 81
179282 80
179288 79
179305 80
179429 79
179472 80
179505 81
179561 80
179725 81
179813 80
179814 79
179908 80
180018 79
180101 78
180179 79
180181 78
180190 79
180242 78
180244 79
180357 80
180425 81
180437 80
180546 81
180557 80
180622 81
180749 80
180751 81
180769 80
180850 81
180857 80
180866 81
180916 82
180928 83
180932 82
180937 81
181138 80
181145 79
181146 80
181261 81
181336 82
181473 81
181490 82
181540 81
181568 80
181589 79
181597 78
181640 79
181692 78
181696 79
181728 78
181796 77
181862 76
181929 75
181929 74
181933 75
181938 76
181967 75
181989 76
182058 75
182082 74
182125 75
182189 74
182307 73
182321 74
182352 75
182365 76
182389 77
182418 78
182441 79
182445 80
182520 79
182521 78
182581 77
182587 78
182629 77
182629 78
182634 77
182641 76
182726 77
182734 78
182929 79
182982 78
182993 77
183017 76
183213 77
183221 78
183224 79
183230 80
183237 81
183259 80
183637 81
183685 80
183690 81
183694 82
183700 81
183705 82
183718 81
183724 80
183753 79
183753 78
183790 77
183796 78
183861 77
184021 78
184085 77
184085 76
184091 75
184095 74
184098 73
184140 72
184194 73
184199 72
184221 71
184403 72
184426 73
184426 74
184494 73
184533 74
184545 75
184585 76
184594 75
184625 76
184627 75
184637 74
184638 75
184646 74
184653 75
184669 76
184669 75
184669 74
184676 73
184681 72
184709 73
184790 74
184851 73
184865 72
184865 73
185030 72
185030 71
185030 70
185089 71
185094 72
185129 73
185152 74
185207 73
185210 74
185237 73
185338 74
185349 75
185354 76
185381 77
185405 76
185405 75
185509 75
185509 74
185558 75
185558 76
185565 75
185565 74
185584 73
185650 74
185667 73
185669 72
185680 71
185704 72
185714 73
185773 72
185777 71
185982 72
185997 73
186017 72
186045 73
186065 74
186094 75
186173 76
186173 77
186192 76
186226 77
186234 76
186255 77
186275 78
186285 77
186287 76
186287 75
186290 74
186296 73
186297 74
186313 75
186325 74
186349 73
186395 72
186396 73
186409 74
186549 73
186554 73
186622 74
186633 75
186641 74
186641 73
186641 72
186651 71
186653 71
186665 71
186678 72
186692 71
186697 70
186781 71
186842 72
186853 71
186919 70
186921 69
186927 70
187013 69
187013 68
187083 69
187198 70
187204 69
187205 69
187205 68
187209 69
187215 68
187217 67
187217 66
187329 67
187333 66
187361 67
187381 68
187397 67
187397 66
187398 67
187419 66
187432 65
187457 66
187493 67
187502 66
187508 67
187553 68
187558 69
187562 68
187564 67
187566 66
187577 65
187621 66
187621 67
187626 68
187634 67
187641 66
187644 67
187646 66
187717 67
187725 66
187730 67
187739 66
187746 67
187779 68
187785 69
187802 70
187849 71
187926 72
187933 71
187945 70
188041 71
188050 70
188051 69
188076 70
188101 71
188101 72
188107 73
188147 72
188182 73
188207 74
188225 75
188231 76
188263 77
188282 78
188329 77
188344 78
188377 79
188431 78
188433 79
188441 78
188441 77
188449 76
188460 75
188478 74
188513 75
188548 74
188665 75
188671 74
188723 75
188747 74
188765 73
188767 74
188770 73
188788 72
188789 73
188795 74
188854 75
188878 75
188880 76
188884 75
188890 74
188896 73
188905 74
189041 75
189138 76
189225 77
189231 76
189231 77
189232 76
189232 75
189232 76
189237 75
189293 74
189293 75
189295 74
189445 73
189511 72
189514 73
189555 72
189610 71
189625 72
189634 71
189638 70
189638 69
189643 68
189644 67
189646 66
189659 67
189674 67
189686 67
189705 68
189711 67
189737 68
189797 69
189894 68
189925 67
189947 68
189994 69
189997 68
189998 67
189998 66
190002 65
190009 64
190016 65
190023 64
190124 65
190129 64
190142 63
190156 64
190157 64
190160 65
190163 64
190171 63
190183 64
190192 63
190194 64
190195 65
190195 64
190199 65
190200 65
190204 65
190208 64
190260 65
190273 64
190311 63
190311 64
190354 65
190357 64
190359 63
190367 62
190382 63
190402 62
190500 61
190508 62
190525 61
190569 60
190571 60
190571 59
190574 60
190576 59
190578 60
190580 59
190592 59
190605 60
190609 59
190681 60
190692 59
190710 60
190725 61
190734 62
190744 63
190745 62
190747 63
190799 64
190829 65
190882 66
190884 65
190894 66
190895 67
190940 68
190947 69
190963 70
190972 71
191012 70
191012 71
191026 72
191028 71
191054 70
191061 69
191099 68
191129 67
191137 66
191145 67
191158 66
191213 67
191217 66
191230 67
191253 66
191269 65
191280 64
191284 64
191303 65
191328 64
191330 63
191331 62
191334 62
191334 61
191336 60
191342 61
191376 60
191407 59
191439 60
191445 61
191452 60
191458 60
191462 60
191464 59
191465 60
191465 61
191466 60
191467 59
191473 60
191544 61
191568 62
191571 63
191591 62
191599 61
191600 62
191644 61
191698 60
191729 61
191762 60
191769 59
191812 60
191824 59
191826 58
191865 59
191889 60
191945 61
191949 60
192015 61
192015 62
192021 61
192023 60
192026 61
192028 60
192030 59
192032 58
192047 59
192134 60
192137 61
192144 62
192197 63
192219 64
192221 64
192226 65
192232 64
192234 64
192235 63
192235 64
192235 64
192237 63
192237 62
192238 61
192238 60
192240 59
192243 60
192244 59
192261 58
192312 59
192324 59
192334 60
192347 59
192348 60
192364 61
192365 60
192366 59
192366 60
192366 59
192371 60
192390 59
192402 60
192410 61
192428 61
192441 60
192449 59
192450 58
192457 59
192474 60
192477 59
192477 58
192479 57
192484 58
192531 59
192566 60
192593 61
192609 60
192611 59
192663 58
192668 59
192683 59
192683 59
192686 59
192699 60
192708 61
192717 61
192722 60
192729 61
192729 60
192732 60
192757 61
192759 62
192777 61
192778 61
192778 60
192782 61
192813 62
192820 61
192820 60
192829 61
192872 62
192884 61
192891 60
192893 59
192895 59
192904 58
192905 59
192929 58
192971 59
192981 58
193080 59
193080 60
193088 59
193089 58
193094 57
193138 56
193153 57
193167 58
193169 59
193205 60
193207 60
193215 59
193257 58
193268 59
193278 60
193279 59
193301 58
193312 59
193339 60
193370 61
193377 62
193384 63
193391 64
193400 65
193400 64
193404 65
193404 64
193405 65
193409 64
193413 65
193415 66
193417 65
193422 64
193426 65
193429 66
193440 66
193442 65
193444 64
193447 63
193503 64
193509 63
193592 62
193596 61
193597 62
193598 61
193602 62
193605 63
193618 62
193622 63
193632 64
193637 65
193654 64
193655 65
193656 64
193669 63
193669 62
193698 63
193702 62
193717 61
193718 60
193740 61
193745 62
193757 61
193760 62
193775 63
193798 62
193810 61
193830 62
193837 63
193838 62
193842 61
193842 60
193890 61
193904 60
193914 61
193955 62
193957 63
193958 64
193963 65
193965 66
193966 65
193975 66
193978 65
194011 66
194014 67
194063 68
194077 67
194100 68
194110 69
194118 68
194118 67
194125 66
194125 66
194172 67
194196 68
194202 67
194325 66
194403 67
194419 66
194426 67
194453 66
194465 67
194471 68
194473 68
194517 69
194530 68
194530 67
194530 66
194530 66
194558 67
194571 68
194578 69
194578 69
194584 68
194597 69
194625 70
194633 71
194641 70
194711 69
194713 70
194746 69
194751 70
194752 69
194757 70
194764 71
194778 70
194781 69
194783 68
194783 67
194809 66
194856 65
194859 66
194869 65
194870 66
194889 65
194897 64
194901 63
194947 62
194949 61
194953 62
194977 63
194978 64
194985 65
195013 66
195061 67
195073 66
195073 65
195087 64
195175 65
195189 66
195192 67
195194 68
195198 67
195198 66
195200 66
195289 67
195298 66
195298 65
195298 64
195298 64
195298 64
195302 63
195309 62
195316 63
195319 64
195337 65
195355 66
195358 67
195359 68
195368 67
195371 66
195416 65
195416 64
195419 65
195427 64
195434 65
195441 66
195445 65
195449 64
195547 65
195556 66
195573 66
195580 67
195585 68
195604 67
195605 68
195667 69
195712 70
195721 71
195729 70
195740 70
195754 69
195861 70
195881 69
195913 70
195921 69
195933 70
195941 69
195961 70
195970 71
195974 70
196041 71
196063 70
196069 71
196080 72
196081 73
196089 72
196103 71
196107 70
196110 69
196115 68
196121 69
196121 70
196129 69
196129 68
196130 69
196140 68
196189 69
196189 70
196211 71
196248 70
196251 69
196253 70
196257 69
196287 70
196289 71
196293 70
196294 71
196296 70
196297 69
196301 68
196308 67
196310 66
196328 67
196337 66
196349 65
196349 64
196354 65
196455 66
196463 65
196485 64
196498 63
196507 64
196525 63
196529 62
196535 61
196535 60
196536 59
196546 60
196566 59
196568 60
196569 59
196709 58
196741 59
196750 60
196777 61
196795 62
196796 62
196801 61
196827 62
196839 61
196841 60
196843 59
196847 58
196868 59
196881 60
196889 59
196889 58
196889 57
196891 56
196942 57
196947 58
196953 57
196958 58
196960 57
196971 58
196972 57
196999 58
197002 59
197007 60
197029 61
197061 60
197068 61
197076 62
197121 61
197156 60
197157 61
197161 62
197187 63
197189 64
197230 63
197271 62
197293 61
197300 62
197303 61
197308 60
197310 59
197317 60
197330 61
197331 62
197337 62
197339 61
197346 60
197385 61
197413 62
197414 63
197420 64
197424 65
197431 64
197476 65
197497 66
197498 67
197511 66
197512 67
197518 66
197521 67
197537 68
197538 69
197585 70
197595 71
197597 70
197597 70
197598 71
197601 70
197602 69
197602 68
197606 67
197611 66
197611 65
197612 66
197642 67
197680 68
197697 69
197699 68
197699 67
197701 66
197703 65
197704 64
197705 63
197712 64
197733 65
197782 66
197836 67
197880 68
197921 69
197929 70
198003 71
198027 72
198042 73
198066 72
198077 71
198078 70
198089 71
198096 72
198121 71
198159 70
198161 71
198196 72
198207 71
198209 70
198240 71
198272 72
198288 73
198378 72
198419 73
198424 72
198426 72
198427 73
198480 72
198482 73
198483 74
198494 75
198495 76
198495 75
198504 74
198507 73
198572 74
198572 73
198581 72
198582 71
198585 72
198585 71
198591 72
198622 71
198714 70
198730 71
198792 70
198802 69
198855 70
198880 71
198908 70
199005 71
199042 70
199053 71
199063 72
199085 73
199093 74
199147 73
199147 74
199148 73
199194 74
199321 75
199334 76
199422 77
199427 78
199430 79
199437 78
199438 77
199440 76
199443 75
199449 74
199455 75
199456 76
