0 0
0 0
59 1
105 1
135 1
146 1
147 1
235 2
264 2
311 2
369 3
397 3
490 4
519 4
588 4
734 4
734 4
739 4
751 4
758 5
803 6
804 7
814 8
818 9
829 9
842 9
897 9
964 10
979 11
998 11
1021 11
1045 12
1115 13
1136 14
1143 15
1160 15
1160 15
1211 16
1227 17
1240 18
1284 19
1289 20
1303 20
1370 21
1399 22
1418 22
1435 23
1549 24
1707 25
1712 25
1983 26
1985 25
1992 25
2003 25
2005 26
2040 27
2041 28
2043 28
2096 28
2126 28
2147 29
2154 29
2165 29
2269 30
2314 31
2479 32
2485 33
2523 33
2532 33
2537 33
2591 33
2641 33
2728 33
2730 34
2739 35
2791 36
2839 36
2883 35
2977 36
3101 35
3116 35
3133 36
3179 37
3227 37
3284 36
3306 37
3413 38
3419 37
3436 38
3469 39
3533 40
3558 41
3637 40
3640 39
3659 40
3777 40
3795 41
3844 40
3848 41
3855 40
3855 39
3983 39
4056 40
4131 39
4193 38
4227 37
4227 36
4254 35
4351 36
4432 37
4460 36
4547 37
4584 36
4618 37
4619 38
4641 37
4684 38
4695 37
4736 38
4755 39
4777 40
4823 41
4833 40
4834 39
4857 38
4857 37
4942 38
5020 39
5118 38
5133 39
5268 40
5293 41
5303 42
5327 41
5351 42
5415 43
5434 42
5517 43
5583 44
5695 44
5711 43
5747 44
5787 45
5805 44
5866 43
5870 42
5991 43
6056 43
6067 42
6102 43
6183 44
6231 43
6232 44
6239 43
6280 44
6354 43
6431 44
6541 45
6547 44
6562 45
6664 46
6671 45
6777 46
6846 47
6981 46
7200 46
7227 47
7247 48
7287 49
7348 48
7563 47
7572 46
7610 45
7690 46
7907 45
7922 46
7932 47
7935 46
7936 45
7973 44
7984 45
8085 46
8130 45
8167 46
8168 45
8169 44
8251 44
8299 44
8335 43
8389 44
8403 43
8423 44
8435 45
8537 44
8569 43
8570 42
8584 43
8708 44
8781 45
8815 46
8835 45
8939 46
8997 47
8999 48
9005 49
9031 49
9058 50
9067 51
9237 50
9302 51
9417 50
9419 49
9419 48
9440 49
9457 48
9513 47
9576 46
9577 45
9687 46
9779 46
9786 45
9809 44
9811 45
9883 45
9897 46
9939 45
9946 44
9972 45
9973 46
10048 47
10052 46
10180 47
10335 48
10373 49
10380 48
10480 49
10531 48
10595 49
10688 48
10783 49
10783 50
10821 51
10829 52
10901 52
10962 53
11053 52
11097 51
11175 52
11239 53
11250 54
11271 53
11281 52
11308 53
11315 52
11383 51
11422 52
11579 53
11616 52
11643 51
11644 50
11652 49
11764 48
11812 49
11827 50
11847 49
11871 48
11878 47
12020 48
12027 48
12049 47
12062 48
12117 49
12220 50
12256 49
12281 48
12332 49
12348 50
12383 49
12387 50
12458 49
12472 50
12515 51
12534 50
12543 51
12623 52
12678 53
12735 54
12860 55
12871 56
12989 57
13159 58
13281 57
13288 56
13333 55
13360 54
13396 53
13647 52
13653 51
13717 52
13723 51
13743 50
13787 49
13855 48
13920 47
13933 48
14040 49
14085 50
14130 50
14175 51
14191 52
14203 53
14231 52
14257 53
14291 53
14394 52
14407 53
14410 54
14479 55
14528 56
14528 57
14638 58
14768 57
14769 56
14791 55
14804 54
14901 54
14954 53
14979 52
14990 51
15055 52
15135 53
15172 54
15234 55
15247 56
15253 55
15305 56
15351 55
15353 54
15396 55
15427 56
15549 55
15574 54
15587 53
15608 54
15735 53
15746 52
15786 53
15828 54
15840 55
15841 56
15870 57
15895 58
15994 57
16022 56
16107 55
16183 56
16187 55
16249 54
16256 55
16447 56
16475 55
16488 56
16534 57
16658 58
16663 59
16691 60
16839 59
16940 60
16984 59
17173 60
17222 60
17242 60
17430 61
17472 60
17535 59
17587 58
17764 59
17889 58
17933 57
17940 56
17985 55
18082 56
18101 55
18277 56
18363 57
18477 58
18511 57
18610 56
18627 57
18667 58
18669 57
18687 56
18718 57
18795 56
18825 57
18976 58
19022 59
19036 60
19063 59
19221 58
19251 57
19277 56
19292 55
19296 54
19327 55
19338 56
19348 55
19355 56
19432 57
19459 56
19519 57
19627 58
19644 57
19778 58
19807 59
19816 58
19970 59
19996 58
20040 57
20059 57
20092 56
20151 57
20183 56
20203 57
20231 56
20251 55
20262 56
20378 55
20499 54
20564 55
20643 56
20664 57
20695 56
20727 57
20756 58
20761 59
20882 58
20933 57
20933 58
20937 57
20958 58
20972 57
20978 56
21015 57
21167 58
21172 58
21179 57
21243 56
21253 57
21256 58
21411 59
21450 60
21563 61
21611 60
21649 59
21681 58
21681 59
21693 60
21732 60
21771 61
21916 62
21966 61
21975 62
22020 63
22167 64
22324 63
22436 62
22463 61
22504 60
22544 59
22556 60
22703 61
22715 62
22903 61
22945 62
23005 61
23062 60
23069 59
23119 60
23137 59
23173 58
23236 59
23267 60
23326 61
23445 62
23594 63
23596 62
23678 63
23746 62
23776 63
23805 62
23809 61
23810 62
23880 61
24015 60
24062 61
24074 62
24088 61
24151 62
24165 61
24252 60
24626 59
24648 58
24665 59
24840 58
24843 59
24915 60
24932 61
24953 62
24975 61
25058 62
25189 63
25190 64
25243 65
25299 66
25357 65
25375 64
25383 65
25441 64
25537 63
25867 64
25883 63
25891 64
26021 63
26063 64
26171 63
26214 62
26229 63
26308 62
26349 63
26611 62
26714 61
26760 60
26870 59
26963 60
27005 59
27043 60
27105 61
27110 62
27125 63
27248 64
27270 65
27449 64
27502 63
27515 62
27591 61
27723 60
27749 59
27909 58
27911 57
27926 58
27928 59
27955 58
27989 57
28012 56
28060 57
28067 58
28267 59
28276 60
28323 61
28358 60
28390 61
28474 60
28498 59
28562 58
28595 59
28627 58
28658 59
28751 60
28851 61
29014 62
29066 61
29073 62
29151 61
29167 60
29234 61
29247 62
29278 63
29345 62
29462 63
29688 62
29702 63
29721 62
29735 61
29847 62
29879 61
29919 60
29922 59
30004 58
30007 57
30027 58
30402 59
30423 58
30438 59
30446 60
30483 59
30543 60
30577 59
30584 58
30629 59
30639 60
30723 61
30831 62
30882 63
31168 62
31203 63
31203 64
31219 65
31221 66
31302 65
31382 66
31431 65
31597 66
31608 65
31667 64
31787 64
31842 63
31905 64
32000 64
32026 65
32069 64
32235 65
32321 64
32323 63
32341 62
32467 63
32542 64
32766 65
32773 64
32774 63
32845 62
32871 61
32884 62
32973 62
33058 61
33087 62
33290 63
33295 64
33307 65
33395 64
33432 63
33441 64
33448 63
33554 64
33557 63
33609 64
33632 65
33656 64
33691 65
33723 64
33732 63
33779 62
33802 63
33813 62
33835 61
34067 62
34132 61
34199 62
34220 61
34229 61
34259 60
34355 61
34386 62
34421 63
34448 64
34456 65
34519 64
34570 65
34623 66
34754 67
34775 68
34815 69
34901 69
35105 68
35139 67
35215 68
35239 67
35267 68
35278 69
35373 68
35455 67
35577 66
35811 67
35838 67
35871 68
35978 69
36034 68
36045 67
36067 68
36119 67
36188 68
36305 69
36483 68
36570 68
36580 69
36685 68
36932 69
36954 70
36984 71
37032 70
37077 71
37115 72
37142 71
37146 70
37155 69
37286 68
37330 67
37364 66
37422 65
37470 66
37488 65
37526 64
37558 65
37617 64
37629 65
37764 64
37800 63
37811 64
37844 63
37844 62
37873 61
37907 62
37927 61
37967 60
37968 59
38014 60
38066 61
38089 60
38110 61
38111 62
38118 63
38262 64
38299 64
38321 65
38321 66
38322 67
38429 68
38475 69
38609 70
38610 69
38688 70
38696 69
38732 70
38737 71
38780 70
38800 71
38801 72
38938 71
39028 72
39031 71
39067 70
39080 69
39195 70
39241 69
39275 68
39305 69
39326 68
39350 69
39421 68
39607 69
39745 68
39763 67
39822 66
39894 67
39924 68
40032 69
40090 70
40103 71
40108 72
40192 71
40362 72
40396 71
40542 72
40580 71
40582 72
40767 73
40860 72
40932 71
40996 70
41049 71
41072 70
41115 71
41552 70
41554 71
41591 70
41676 69
41808 70
41808 71
41864 72
41904 73
42185 72
42316 71
42319 70
42432 69
42483 68
42520 69
42576 70
42610 71
42658 72
42683 71
42712 72
42800 71
42856 70
42900 69
42989 68
43020 69
43046 68
43087 67
43192 68
43413 69
43457 68
43466 67
43520 68
43620 69
43671 70
43772 71
43795 70
43864 71
43884 70
43930 71
44014 72
44092 71
44162 70
44304 71
44425 72
44515 71
44557 70
44586 71
44628 70
44641 69
44706 68
44780 67
44836 67
44916 66
44921 65
44947 64
45018 65
45032 66
45072 67
45108 66
45170 67
45324 68
45396 67
45498 68
45528 69
45612 70
45656 71
45756 72
45768 73
45788 72
45880 71
45939 72
46021 71
46096 70
46116 71
46123 72
46152 71
46245 70
46301 71
46396 70
46400 69
46434 70
46436 71
46564 70
46592 69
46600 68
46603 67
46684 66
46722 65
46800 64
46850 63
46862 62
46877 63
46880 62
46960 63
46982 64
47073 65
47120 66
47152 65
47193 66
47242 67
47421 68
47493 69
47497 68
47593 67
47628 68
47628 69
47654 70
47696 71
47744 71
47784 72
47869 73
47947 72
48011 73
48094 74
48212 75
48282 74
48366 73
48458 74
48488 73
48626 72
48628 71
48664 70
48670 69
48816 68
48968 67
49062 68
49104 67
49172 68
49275 69
49315 68
49328 69
49330 70
49386 71
49476 70
49550 71
49584 70
49612 69
49620 70
49668 71
49683 70
49713 71
49772 72
50044 73
50056 72
50072 73
50144 74
50196 75
50216 74
50272 73
50273 74
50300 73
50319 72
50321 71
50391 70
50447 69
50461 68
50513 67
50559 66
50563 65
50581 66
50588 65
50703 66
50717 67
50863 66
50916 67
50924 68
51088 69
51088 70
51133 71
51135 72
51164 73
51177 72
51199 73
51208 74
51264 73
51301 72
51467 73
51626 72
51645 71
51763 72
51797 73
51832 72
51843 71
51915 72
51946 73
52001 72
52287 71
52335 70
52337 69
52379 68
52386 67
52406 68
52465 69
52473 70
52524 69
52558 70
52639 71
52652 72
52812 71
52916 70
52921 71
53004 70
53133 71
53158 70
53184 69
53292 68
53395 67
53419 68
53532 69
53560 70
53615 69
53634 70
53676 70
53716 71
53728 72
53823 73
53834 74
53845 75
53916 76
53924 75
53938 76
53980 75
54048 74
54097 73
54178 72
54240 73
54296 72
54344 73
54511 72
54575 71
54654 72
54796 73
54814 74
54852 75
54874 75
54879 76
54920 77
54944 76
54944 75
54945 74
54983 73
55010 72
55056 73
55135 72
55155 73
55283 72
55330 71
55342 72
55383 71
55511 72
55517 71
55704 70
55758 71
55805 70
55851 71
55860 70
55958 71
55961 72
55985 71
56031 72
56042 71
56044 70
56091 69
56204 70
56232 69
56302 70
56315 71
56338 72
56520 71
56535 72
56589 73
56625 72
56854 73
56856 74
56892 73
57000 72
57100 73
57106 72
57136 73
57188 74
57228 75
57278 76
57317 75
57606 76
57680 77
57688 76
57748 75
57796 74
57807 75
57893 74
57915 73
57932 72
58048 73
58120 74
58209 73
58286 72
58338 71
58529 72
58577 73
58625 74
58650 73
58653 72
58741 73
58839 72
58854 73
58854 74
58862 73
58949 72
58956 73
58978 72
59038 73
59051 72
59091 71
59219 70
59318 71
59326 70
59331 71
59353 72
59407 71
59496 72
59642 73
59698 72
59749 71
59754 70
59796 69
59808 70
59820 71
59856 70
59873 71
59977 72
60022 71
60122 72
60144 71
60229 70
60229 69
60242 70
60248 71
60270 70
60385 71
60600 70
60632 71
60659 72
60668 73
60766 74
60809 73
60906 74
60908 75
60937 76
61036 75
61116 76
61128 77
61146 76
61184 75
61251 74
61251 73
61255 72
61257 71
61259 70
61360 69
61396 68
61431 69
61432 70
61504 69
61570 70
61574 69
61578 69
61578 68
61593 69
61600 68
61645 67
61685 68
61706 67
61710 67
61717 66
61719 65
61729 64
61820 63
61838 64
61869 65
61880 64
61920 65
61923 64
61927 63
61933 62
61940 61
61941 62
61949 61
61949 60
61955 59
61956 58
61957 58
61961 57
61962 56
61965 55
61997 54
62022 53
62023 54
62028 53
62032 53
62032 52
62033 51
62046 50
62088 51
62103 52
62103 52
62109 52
62111 51
62111 50
62115 50
62204 51
62225 50
62226 51
62228 52
62228 51
62228 50
62237 49
62277 50
62285 51
62312 52
62315 51
62325 52
62356 51
62374 50
62374 50
62378 51
62385 50
62386 50
62386 51
62387 50
62393 49
62457 50
62462 51
62464 52
62482 52
62485 53
62513 54
62544 55
62583 56
62587 56
62595 55
62600 55
62667 56
62669 57
62670 56
62676 57
62680 58
62682 57
62684 57
62688 56
62691 55
62705 56
62708 56
62711 55
62714 56
62720 56
62725 55
62730 54
62730 53
62745 54
62763 55
62772 54
62792 55
62801 55
62805 54
62809 53
62846 52
62847 53
62849 52
62849 52
62850 52
62853 51
62854 50
62857 49
62858 49
62880 50
62882 50
62883 49
62888 49
62943 50
62953 51
62961 51
62993 52
63001 51
63005 50
63056 51
63056 51
63058 52
63074 51
63074 52
63078 53
63089 52
63097 51
63098 52
63099 51
63100 52
63108 51
63116 50
63129 51
63130 50
63137 49
63145 48
63171 49
63173 48
63176 49
63183 49
63184 48
63184 48
63188 48
63191 48
63197 47
63198 46
63235 47
63238 48
63243 47
63244 46
63248 47
63261 48
63268 49
63281 48
63324 49
63335 49
63340 50
63346 51
63399 51
63401 51
63404 52
63407 52
63495 53
63502 52
63510 53
63512 52
63512 51
63553 52
63564 51
63566 52
63571 51
63576 50
63584 51
63597 52
63624 53
63631 52
63669 53
63693 54
63708 54
63708 54
63710 55
63716 55
63717 56
63718 55
63723 54
63734 55
63751 56
63752 57
63759 57
63766 56
63788 57
63796 56
63818 55
63841 56
63852 55
63863 56
63886 57
63914 58
63934 59
63952 60
63958 61
63960 60
63960 59
63960 58
63963 57
64039 56
64060 55
64090 56
64092 57
64116 58
64124 58
64124 58
64124 58
64124 57
64125 56
64137 55
64137 54
64156 55
64160 56
64169 57
64172 56
64176 57
64178 56
64210 57
64224 58
64231 59
64233 58
64233 57
64236 56
64237 55
64243 56
64284 57
64308 58
64316 57
64332 56
64360 57
64376 58
64380 59
64384 60
64443 61
64447 60
64453 59
64492 58
64493 57
64496 58
64496 58
64498 57
64498 56
64501 55
64504 54
64504 54
64507 53
64507 53
64511 52
64512 51
64513 50
64515 51
64525 50
64544 51
64551 52
64552 51
64555 51
64556 50
64559 50
64560 49
64561 49
64562 48
64569 49
64587 50
64604 50
64609 49
64610 48
64612 49
64617 48
64619 48
64650 49
64664 49
64686 50
64687 50
64695 50
64695 50
64700 49
64708 50
64716 50
64720 49
64721 50
64724 49
64724 49
64726 48
64726 47
64730 46
64732 45
64734 44
64741 45
64745 44
64812 45
64819 46
64822 47
64831 48
64843 47
64844 48
64882 49
64906 48
64913 49
64953 50
64967 50
64972 51
64980 52
65028 53
65029 53
65029 53
65030 54
65033 54
65036 54
65037 55
65037 55
65038 54
65041 53
65048 52
65065 53
65079 52
65088 51
65098 50
65101 49
65116 50
65124 50
65132 49
65132 48
65132 47
65134 48
65144 49
65148 48
65149 47
65149 46
65152 45
65174 46
65184 45
65191 46
65198 47
65203 46
65240 47
65248 46
65271 47
65282 48
65319 49
65323 48
65334 47
65334 46
65339 47
65340 48
65348 47
65380 48
65388 48
65390 49
65392 50
65394 49
65404 50
65408 49
65408 50
65413 49
65413 48
65420 47
65420 47
65420 46
65420 46
65421 45
65421 44
65423 45
65425 44
65448 45
65470 46
65471 46
65475 47
65477 46
65484 46
65494 47
65505 46
65514 45
65540 46
65544 47
65548 47
65553 46
65553 45
65553 44
65553 43
65563 42
65575 43
65578 44
65597 43
65624 44
65632 43
65636 42
65644 43
65649 43
65652 43
65656 44
65662 45
65668 46
65677 45
65680 46
65701 47
65705 48
65708 49
65716 48
65724 49
65728 49
65779 50
65785 51
65804 52
65820 53
65836 52
65849 53
65874 52
65887 53
65888 54
65896 53
65907 52
65915 53
65922 54
65956 53
65959 54
65960 53
65960 54
65964 53
65965 52
66033 52
66035 53
66053 54
66101 55
66104 56
66116 55
66116 54
66116 53
66116 52
66117 53
66124 52
66128 51
66129 51
66136 52
66152 53
66174 54
66184 55
66206 56
66212 57
66220 56
66220 56
66220 55
66220 54
66221 53
66234 54
66252 55
66257 54
66263 55
66266 54
66268 53
66270 52
66272 51
66273 52
66295 53
66357 54
66361 55
66370 56
66380 57
66386 56
66388 56
66388 56
66389 55
66392 54
66396 53
66438 53
66458 54
66464 55
66468 54
66470 53
66523 54
66532 55
66537 56
66547 57
66552 58
66558 57
66558 56
66560 57
66576 56
66576 55
66592 54
66592 53
66592 52
66593 53
66593 54
66601 55
66643 54
66655 55
66684 56
66724 57
66732 56
66737 57
66744 57
66744 56
66744 55
66745 56
66755 55
66761 54
66772 55
66790 56
66820 57
66832 58
66836 57
66900 58
66908 59
66909 58
66952 57
66956 58
66957 59
66966 59
66968 59
66988 60
66996 61
67021 62
67048 63
67059 62
67064 63
67074 62
67074 63
67080 64
67085 63
67128 62
67128 61
67129 60
67129 59
67139 60
67139 61
67145 60
67167 61
67177 62
67216 63
67228 64
67260 65
67266 65
67269 64
67271 65
67272 64
67296 65
67312 66
67320 66
67354 66
67363 65
67380 66
67380 67
67388 66
67396 67
67404 67
67428 68
67472 69
67473 70
67483 69
67521 70
67524 71
67524 70
67526 69
67547 68
67616 69
67624 68
67634 69
67636 68
67672 67
67690 66
67760 66
67813 67
67836 66
67844 67
67895 67
67896 68
67932 69
67944 70
67945 71
67952 70
67956 71
67965 70
67967 69
68007 68
68018 69
68020 70
68022 69
68029 68
68031 67
68033 66
68038 67
68056 68
68081 69
68089 70
68099 71
68179 70
68200 69
68203 70
68288 71
68288 72
68308 71
68308 70
68316 69
68344 70
68350 69
68388 68
68388 69
68432 70
68436 69
68508 70
68560 71
68587 70
68591 69
68674 70
68680 71
68701 72
68714 71
68717 70
68719 69
68720 68
68728 69
68746 68
68843 69
68845 68
68858 69
68869 68
68869 67
68871 66
68873 67
68878 68
68882 67
68887 67
68891 66
68896 65
68973 66
68983 67
68990 66
68995 65
69000 64
69004 65
69008 64
69012 63
69042 64
69053 63
69065 64
69070 63
69081 64
69088 64
69140 65
69175 66
69182 65
69185 64
69190 63
69194 62
69215 61
69219 62
69220 63
69248 64
69251 63
69301 62
69325 63
69455 64
69462 63
69465 62
69468 61
69471 62
69472 61
69473 60
69480 59
69509 60
69515 61
69526 62
69534 61
69550 62
69562 61
69573 62
69576 63
69621 64
69624 65
69632 65
69636 66
69643 66
69643 67
69644 67
69645 66
69688 67
69757 68
69767 67
69778 66
69820 67
69820 68
69826 69
69826 68
69866 69
69872 68
69897 69
69965 70
70000 71
70015 72
70020 71
70105 72
70117 73
70173 74
70214 73
70225 74
70247 73
70248 74
70253 73
70254 72
70261 73
70277 74
70288 74
70293 75
70296 74
70298 73
70300 72
70316 73
70320 72
70364 71
70377 70
70408 69
70457 70
70484 71
70485 70
70494 71
70499 72
70500 71
70572 72
70580 73
70634 72
70635 73
70635 74
70654 73
70655 72
70670 73
70676 74
70678 75
70690 74
70746 73
70793 74
70803 73
70837 72
70844 72
70846 71
70849 70
70854 69
70904 70
70937 71
70942 72
70946 71
70949 72
70951 71
71011 70
71019 71
71027 72
71033 73
71037 72
71103 73
71146 72
71150 71
71159 72
71165 71
71331 70
71400 69
71404 69
71405 70
71420 69
71427 69
71450 70
71454 69
71456 68
71456 69
71457 68
71459 67
71461 66
71462 65
71462 64
71464 63
71471 64
71474 65
71485 64
71540 65
71656 66
71660 65
71665 66
71672 66
71676 65
71680 64
71684 63
71684 62
71688 61
71688 60
71690 61
71712 62
71720 61
71731 62
71739 62
71752 62
71791 61
71799 62
71834 61
71846 60
71849 61
71853 60
71854 59
71856 58
71861 57
71912 58
71920 58
71920 57
71920 57
71923 58
71932 59
71938 58
71940 57
71946 56
71946 56
71957 57
71963 56
71965 55
71989 56
71994 55
72004 56
72009 57
72010 56
72012 55
72013 56
72016 55
72086 56
72132 55
72212 56
72224 57
72232 56
72308 55
72323 56
72324 57
72331 56
72336 55
72337 54
72337 53
72344 52
72347 51
72347 50
72349 51
72359 50
72363 51
72375 52
72376 51
72380 52
72384 52
72424 53
72444 54
72461 55
72472 56
72543 57
72545 56
72554 57
72573 58
72580 58
72585 57
72606 57
72606 58
72606 57
72607 58
72607 59
72607 60
72607 60
72607 59
72607 58
72607 59
72607 58
72607 59
72608 58
72608 59
72611 58
72611 59
72611 58
72615 57
72631 58
72640 59
72646 60
72650 59
72665 60
72716 61
72720 60
72724 61
72732 60
72732 60
72736 61
72755 62
72762 61
72776 62
72804 63
72868 62
72871 63
72888 64
72930 63
72972 64
72979 63
72980 64
72981 65
73003 64
73054 65
73064 66
73064 67
73076 66
73094 67
73109 68
73123 69
73128 68
73155 67
73156 66
73156 66
73160 67
73166 66
73175 67
73201 68
73201 69
73220 68
73232 67
73289 68
73296 67
73297 68
73298 67
73299 67
73300 66
73312 67
73322 67
73337 66
73340 67
73348 66
73366 67
73376 67
73380 68
73386 68
73421 69
73464 69
73468 70
73503 71
73553 71
73554 70
73558 70
73599 69
73600 70
73602 69
73607 68
73641 69
73744 68
73775 69
73793 70
73816 71
73824 71
73824 71
73854 72
73910 73
73936 72
73963 71
73963 72
73966 71
73967 72
73970 71
73973 70
73978 69
73979 68
73990 69
74019 68
74048 69
74054 68
74124 69
74192 68
74196 67
74196 66
74286 67
74364 68
74372 69
74408 70
74412 69
74412 68
74412 67
74412 66
74468 67
74474 68
74491 69
74500 68
74504 68
74519 69
74520 70
74524 69
74536 68
74545 69
74545 70
74565 69
74566 70
74570 69
74600 70
74670 71
74671 72
74692 71
74709 70
74765 71
74765 72
74776 73
74784 72
74784 71
74784 70
74792 71
74832 72
74859 73
74860 72
74866 71
74872 70
74874 69
74896 68
74936 67
74946 68
74956 69
74988 70
75024 71
75061 72
75065 72
75066 71
75073 71
75078 71
75120 72
75120 73
75128 72
75128 71
75176 72
75212 71
75244 72
75271 71
75283 70
75343 71
75377 72
75414 73
75417 74
75424 75
75432 74
75434 73
75435 72
75473 73
75518 72
75519 73
75520 72
75520 71
75521 70
75532 71
75532 70
75550 69
75556 68
75569 69
75608 68
75650 69
75660 68
75712 69
75733 68
75733 69
75735 68
75737 69
75748 68
75759 67
75763 68
75768 67
75780 68
75849 67
75864 68
75892 69
75895 68
75910 69
75923 68
75924 69
75969 68
75976 67
75978 66
75979 67
76023 66
76027 65
76031 64
76054 65
76071 66
76107 67
76117 68
76180 67
76292 66
76319 67
76345 68
76359 69
76388 70
76389 69
76399 69
76401 68
76424 69
76433 70
76497 71
76507 72
76508 73
76512 74
76520 75
76524 74
76524 73
76534 72
76597 73
76599 74
76602 73
76604 73
76608 72
76621 73
76629 74
76632 75
76834 76
76889 75
76890 74
76894 73
76937 72
76945 73
76963 72
76968 71
76973 70
76984 71
77028 72
77041 73
77129 74
77129 75
77137 74
77142 73
77150 73
77150 72
77155 71
77155 70
77179 71
77190 70
77271 70
77271 71
77277 70
77277 71
77278 72
77301 72
77302 71
77306 70
77307 69
77308 68
77381 69
77514 70
77538 69
77600 70
77660 71
77665 72
77668 71
77681 70
77755 69
77759 70
77759 69
77797 70
77806 69
77817 70
77842 71
77842 72
77851 71
77890 72
77893 73
77970 74
78026 73
78026 72
78087 73
78089 74
78158 75
78173 76
78199 77
78226 78
78255 77
78256 76
78476 75
78479 76
78481 75
78500 74
78509 75
78518 76
78547 77
78553 78
78588 77
78596 76
78621 75
78626 74
78628 73
78632 72
78638 71
78664 72
78710 73
78836 72
78836 71
78844 70
78876 69
78921 68
78931 67
78980 68
79000 67
79020 68
79046 69
79047 70
79122 71
79131 72
79133 71
79136 72
79136 73
79140 72
79210 73
79249 74
79252 75
79364 76
79369 77
79420 78
79483 79
79487 78
79488 79
79516 80
79528 81
79556 82
79584 83
79585 84
79677 83
79700 84
79754 83
79779 82
79785 81
80124 82
80279 83
80319 84
80520 85
80588 84
80663 83
80663 82
80680 83
80951 82
81023 81
81026 80
81072 79
81230 80
81269 81
81379 82
81388 81
81427 82
81505 81
81508 80
81566 79
81569 78
81581 77
81588 76
81648 75
81744 74
81783 75
81792 76
81800 75
81823 76
81844 77
81865 76
81881 75
81944 76
81961 77
82124 78
82130 79
82184 78
82199 79
82266 80
82316 81
82341 80
82428 81
82472 80
82480 79
82547 78
82584 77
82598 78
82618 79
82768 80
82769 81
82816 80
82830 79
82844 78
82888 79
82916 78
82926 79
83090 78
83167 79
83250 80
83281 79
83416 80
83424 81
83445 82
83469 81
83475 80
83485 79
83560 78
83560 77
83599 76
83620 77
83759 78
83828 79
83835 78
83853 79
83917 80
84105 81
84167 82
84301 81
84373 80
84404 81
84469 82
84477 83
84552 84
84600 83
84657 82
84727 83
84739 82
84771 81
84835 82
84940 83
85027 82
85074 81
85159 80
85193 79
85217 80
85288 79
85316 78
85316 77
85322 76
85417 77
85437 76
85445 75
85447 74
85568 75
85579 74
85755 75
85833 74
85843 73
85858 74
85892 73
85898 72
85968 73
86086 74
86104 75
86132 76
86146 77
86228 78
86228 79
86230 78
86258 79
86344 80
86349 81
86353 82
86392 83
86400 82
86463 81
86475 80
86602 79
86635 78
86660 79
86717 80
86744 79
86794 80
86797 79
86800 78
86804 77
86805 76
86848 77
86944 78
86949 77
86956 78
86970 77
86976 76
86986 75
87006 74
87161 75
87180 74
87188 73
87189 74
87207 75
87268 74
87304 73
87377 74
87386 73
87388 72
87396 71
87400 71
87439 72
87500 71
87624 72
87665 73
87684 74
87702 73
87706 74
87766 75
87829 76
87839 75
87884 76
87887 77
87896 76
88001 77
88003 78
88004 79
88017 78
88018 77
88029 76
88068 77
88168 78
88180 77
88201 78
88237 77
88353 78
88363 77
88365 78
88411 77
88419 78
88428 79
88437 78
88439 77
88450 76
88496 77
88652 76
88743 75
88760 76
88768 75
88805 74
88859 73
88868 74
88869 74
88876 75
88899 76
88976 77
88980 78
88986 77
88993 76
88994 75
89028 74
89028 73
89037 72
89140 73
89173 74
89182 73
89203 74
89294 75
89296 74
89313 75
89358 76
89404 75
89416 76
89447 77
89470 78
89525 79
89612 78
89624 79
89668 78
89676 79
89766 80
89865 81
89892 82
89920 81
89921 80
89927 79
89944 80
90176 79
90225 78
90305 77
90336 78
90360 79
90384 78
90464 77
90494 78
90503 77
90504 78
90623 79
90675 80
90675 79
90719 78
90748 79
90763 80
90769 79
90845 80
90853 79
90854 78
90860 77
90866 76
90891 75
90972 74
91109 75
91210 76
91225 75
91244 76
91260 75
91261 75
91263 76
91267 75
91267 74
91268 73
91273 72
91279 72
91285 71
91288 72
91288 71
91313 72
91344 71
91454 70
91459 69
91459 68
91586 69
91591 70
91601 71
91632 70
91680 71
91701 70
91728 71
91739 70
91740 71
91741 70
91747 69
91749 69
91786 70
91824 69
91831 70
91888 71
91905 70
91919 71
91928 72
91937 73
91947 74
91970 75
91990 74
91993 73
91997 72
92010 73
92042 74
92053 73
92054 72
92058 71
92187 72
92274 73
92285 74
92317 75
92328 74
92328 73
92334 72
92343 73
92353 72
92375 71
92414 70
92415 69
92428 68
92430 69
92478 70
92547 71
92591 70
92611 71
92634 72
92636 71
92688 72
92691 71
92695 72
92711 71
92752 72
92760 71
92760 70
92761 69
92763 70
92800 69
92830 70
92854 71
92864 70
92865 69
92917 70
92981 71
92992 72
93037 71
93047 70
93078 71
93104 72
93152 73
93204 72
93217 73
93243 74
93243 73
93293 74
93309 75
93347 76
93401 77
93408 78
93416 78
93416 77
93442 76
93464 77
93565 78
93589 79
93598 78
93605 77
93648 76
93696 77
93706 78
93784 79
93810 80
93869 81
93872 80
93875 79
93881 78
93916 79
93924 78
93986 77
94088 76
94130 77
94159 78
94301 79
94349 78
94404 79
94416 80
94436 79
94458 78
94492 79
94505 78
94599 79
94600 80
94605 79
94684 78
94716 79
94788 78
94824 79
94980 78
94980 77
94981 76
94981 76
94981 75
94985 74
94988 73
94996 72
95001 73
95051 72
95052 71
95056 70
95157 69
95233 68
95291 69
95320 68
95356 69
95360 70
95370 71
95388 70
95412 71
95436 72
95444 71
95444 71
95460 70
95508 71
95528 70
95536 71
95544 70
95544 70
95545 70
95556 69
95588 70
95596 69
95620 70
95622 69
95660 70
95664 69
95672 68
95684 69
95687 70
95689 69
95705 68
95706 67
95743 68
95767 69
95792 68
95794 67
95837 66
95852 67
95864 68
95888 68
95891 67
95920 68
95928 68
95936 69
95960 70
95972 69
95980 68
95980 68
95987 67
95996 68
96039 67
96043 68
96056 69
96064 68
96064 68
96082 69
96124 68
96126 69
96140 70
96164 69
96185 70
96310 71
96319 72
96343 73
96352 74
96355 73
96365 72
96392 73
96412 74
96417 73
96422 72
96440 73
96463 72
96466 71
96563 72
96579 71
96654 70
96719 71
96723 70
96740 71
96748 70
96750 69
96767 68
96768 67
96770 66
96784 67
96812 68
96850 69
96852 68
96911 67
96923 66
96928 67
96962 68
97008 69
97019 68
97019 67
97032 68
97088 69
97111 70
97118 71
97152 72
97167 71
97168 70
97176 69
97208 70
97208 69
97210 68
97212 69
97228 70
97233 71
97276 72
97278 73
97289 73
97291 72
97324 73
97339 74
97408 73
97416 74
97453 75
97470 76
97471 75
97560 74
97575 75
97583 74
97593 74
97598 73
97598 72
97603 71
97653 72
97752 71
97806 70
97822 71
97847 72
97856 73
97864 74
97895 75
97901 74
97911 73
97916 72
97916 73
98119 74
98150 75
98152 74
98156 73
98157 72
98172 73
98200 72
98205 71
98218 70
98251 69
98264 70
98279 69
98293 70
98341 71
98346 70
98346 69
98347 68
98347 69
98348 69
98350 68
98353 67
98354 66
98358 65
98361 66
98411 67
98426 66
98458 67
98521 68
98523 69
98576 70
98584 69
98590 68
98633 69
98634 69
98636 68
98637 67
98665 67
98666 68
98666 67
98776 68
98816 69
98821 68
98823 67
98844 68
98855 67
98858 67
98860 68
98860 67
98863 66
98864 65
98892 66
98946 65
98971 66
98976 65
98979 64
98981 63
98983 64
98984 63
98985 64
99016 63
99075 64
99095 65
99154 66
99157 67
99160 68
99174 69
99175 68
99202 67
99244 66
99267 67
99286 66
99288 65
99289 64
99293 65
99300 64
99338 65
99338 66
99441 67
99464 68
99468 69
99488 70
99536 71
99596 70
99600 69
99643 70
99652 71
99658 70
99686 69
99699 68
99745 67
99756 66
99761 67
99763 66
99768 65
99833 64
99840 63
99879 64
99888 65
99896 66
99904 66
99905 66
99905 66
99939 67
99944 66
99951 65
99951 64
99966 65
99986 64
100004 63
100005 64
100005 65
100008 66
100067 67
100128 66
100129 65
100129 64
100175 65
100207 64
100285 65
100292 65
100292 64
100293 63
100338 62
100348 61
100376 62
100377 63
100380 62
100382 63
100383 62
100384 63
100384 62
100384 61
100416 62
100490 61
100512 62
100524 62
100549 63
100561 64
100596 65
100644 66
100660 65
100664 66
100672 67
100763 66
100766 67
100771 66
100774 65
100776 65
100799 64
100802 63
100802 62
100803 63
100804 64
100808 63
100849 64
100883 63
100886 62
100892 62
100921 63
100932 64
100951 65
100960 66
100977 65
101004 66
101028 67
101052 68
101060 67
101064 68
101072 67
101073 66
101073 65
101080 66
101088 65
101089 64
101125 63
101148 62
101188 62
101209 63
101272 64
101281 63
101316 64
101323 65
101356 66
101386 67
101405 66
101430 67
101436 68
101439 69
101451 68
101475 69
101534 70
101534 69
101534 68
101535 67
101535 66
101536 65
101540 64
101546 63
101550 64
101555 65
101556 64
101564 63
101572 64
101572 63
101589 62
101594 61
101598 62
101599 62
101601 61
101603 60
101611 59
101616 60
101624 59
101624 58
101634 59
101655 60
101669 59
101684 60
101773 59
101773 59
101791 60
101792 59
101793 60
101793 61
101803 60
101806 59
101812 60
101815 59
101829 58
101898 57
101900 56
101901 55
101901 56
101916 57
101917 57
101918 58
101922 58
101924 57
101928 57
101935 58
101943 57
101944 58
101945 57
101945 58
101945 57
101953 56
101978 57
102012 56
102021 55
102040 56
102060 57
102072 58
102077 57
102080 56
102108 55
102108 56
102122 55
102140 56
102155 57
102156 56
102208 57
102209 58
102245 58
102246 59
102263 60
102272 61
102320 62
102322 63
102332 64
102340 63
102341 62
102341 62
102345 63
102358 62
102395 63
102455 64
102480 63
102482 64
102560 65
102569 65
102569 65
102569 64
102581 65
102589 64
102590 63
102590 62
102616 61
102617 62
102619 61
102623 60
102626 61
102633 62
102641 61
102661 62
102664 63
102665 64
102666 65
102692 66
102713 67
102730 66
102737 65
102739 64
102796 63
102817 64
102839 63
102840 64
102842 63
102842 64
102848 63
102849 62
102849 61
102880 62
102888 61
102898 62
102903 61
102918 61
102919 62
102930 61
102965 62
102965 63
102965 64
102972 63
102992 64
103004 65
103009 66
103012 65
103013 64
103080 63
103088 64
103094 65
103095 64
103100 63
103110 62
103126 63
103157 64
103163 65
103200 66
103224 67
103259 68
103268 69
103270 68
103279 67
103286 66
103287 65
103295 66
103297 65
103307 66
103308 67
103316 67
103325 66
103331 67
103335 66
103338 65
103340 64
103342 63
103392 64
103438 63
103477 64
103510 65
103542 66
103549 67
103556 68
103567 67
103568 68
103634 67
103638 68
103640 67
103652 66
103695 65
103696 64
103707 65
103708 66
103708 65
103720 66
103721 67
103746 68
103816 69
103845 70
103897 71
103901 72
103923 73
104046 74
104050 73
104113 74
104204 75
104225 76
104276 75
104278 76
104280 77
104284 78
104300 79
104338 80
104426 79
104461 80
104519 81
104524 80
104525 81
104552 80
104580 79
104587 80
104590 79
104594 80
104666 79
104797 78
104829 79
104868 78
104888 79
104960 78
104961 77
104972 76
104979 75
105055 76
105082 77
105099 76
105303 77
105385 78
105430 79
105465 78
105486 77
105489 78
105512 77
105650 78
105655 77
105664 76
105724 77
105788 78
105863 79
105870 80
105924 79
106045 78
106050 77
106053 78
106078 77
106103 78
106165 79
106181 78
106182 79
106183 78
106186 77
106187 76
106382 75
106388 76
106409 77
106411 76
106416 75
106480 76
106503 75
106599 76
106605 76
106639 77
106692 76
106709 75
106714 76
106722 77
106728 78
106732 79
106830 80
106912 79
106918 78
106980 77
106990 76
107002 77
107015 78
107137 79
107160 78
107251 78
107371 77
107372 78
107392 79
107426 80
107427 81
107435 80
107463 81
107564 82
107587 81
107601 82
107602 81
107603 80
107606 79
107613 78
107652 77
107779 78
107782 77
107782 76
107834 75
107834 74
107835 75
107840 76
107973 76
108001 77
108005 77
108082 78
108094 77
108119 76
108152 77
108196 76
108217 77
108240 78
108301 77
108428 78
108471 77
108472 76
108532 77
108535 78
108633 77
108644 76
108653 77
108668 78
108672 77
108797 76
108799 77
108832 76
108834 75
108877 74
108880 75
108884 74
108892 73
109008 74
109041 73
109057 74
109116 75
109222 76
109322 77
109358 76
109413 75
109421 76
109453 77
109490 78
109546 77
109555 78
109568 79
109632 78
109645 79
109720 80
109757 81
109759 80
109763 79
109785 78
109878 77
109951 78
109954 79
109956 80
110055 79
110119 80
110183 81
110238 80
110238 79
110263 80
110310 81
110336 80
110412 79
110476 78
110496 77
110699 78
110718 77
110718 76
110752 77
110811 78
110889 79
110894 78
110909 77
110909 76
110909 75
110909 74
110909 73
110914 74
110919 73
110996 74
111099 75
111133 76
111252 75
111260 76
111303 77
111328 76
111357 77
111361 76
111476 77
111481 78
111482 79
111527 78
111666 77
111712 78
111752 79
111796 80
111822 79
111850 80
111867 79
111906 78
111981 77
112012 76
112056 77
112100 78
112180 77
112203 78
112238 79
112250 80
112269 81
112275 80
112284 79
112289 78
112362 79
112373 78
112384 77
112397 78
112408 77
112415 76
112447 77
112649 76
112687 77
112697 76
112697 76
112703 77
112805 76
112861 75
112873 74
112879 75
112887 74
112989 75
113004 76
113017 75
113026 76
113077 75
113161 76
113204 77
113298 78
113320 77
113358 78
113434 77
113437 78
113445 79
113510 80
113511 81
113513 82
113523 81
113530 81
113572 82
113576 81
113635 82
113646 81
113648 80
113648 79
113783 80
113817 79
113817 78
113817 77
113817 76
113819 75
113865 76
113869 75
113943 74
113944 75
113951 76
113956 75
113957 74
113963 73
113963 72
113971 71
114015 70
114041 71
114064 70
114116 71
114226 72
114241 71
114269 70
114302 69
114320 68
114321 67
114326 66
114342 67
114362 68
114401 69
114405 68
114405 67
114405 66
114410 65
114425 64
114425 63
114477 62
114492 63
114502 62
114502 61
114504 60
114505 59
114508 58
114509 58
114509 57
114517 57
114565 58
114569 57
114569 57
114571 58
114577 57
114588 56
114593 57
114645 58
114653 57
114721 58
114759 58
114760 59
114766 60
114767 59
114794 58
114797 59
114817 60
114821 61
114831 60
114832 59
114843 58
114873 57
114874 57
114875 58
114883 59
114917 60
114939 61
114949 62
114949 63
114949 64
114987 63
114989 64
114990 63
114995 62
114997 61
114998 62
114999 61
115002 62
115030 63
115037 62
115085 63
115105 62
115132 61
115132 62
115177 63
115209 64
115209 65
115209 64
115214 65
115219 64
115221 63
115284 64
115284 65
115289 64
115292 64
115292 64
115302 63
115322 64
115336 63
115373 64
115381 63
115394 62
115394 63
115396 64
115397 63
115401 62
115408 61
115417 62
115425 61
115485 62
115517 61
115521 60
115522 61
115525 60
115572 59
115573 60
115638 61
115643 62
115649 61
115652 61
115654 60
115656 59
115659 60
115695 61
115703 62
115705 61
115755 60
115769 61
115802 62
115807 63
115830 64
115831 65
115838 64
115839 65
115841 64
115845 63
115845 63
115852 62
115853 61
115869 62
115882 63
115884 64
115887 63
115893 62
115899 63
115923 63
115926 62
115959 63
115984 64
115993 63
116005 64
116022 63
116038 62
116041 61
116060 62
116062 63
116070 64
116072 63
116097 64
116098 65
116103 64
116105 63
116161 64
116188 65
116198 66
116205 65
116230 66
116251 67
116268 68
116272 69
116275 68
116335 69
116335 68
116338 69
116344 68
116345 68
116403 69
116405 68
116481 67
116482 68
116492 69
116525 68
116537 67
116562 68
116563 69
116563 70
116567 70
116572 69
116592 70
116596 71
116663 70
116691 71
116718 70
116737 71
116742 72
116747 73
116751 72
116752 71
116756 70
116757 69
116758 68
116759 67
116764 66
116901 67
116905 66
116913 67
116930 68
116933 69
116938 68
116944 67
116945 66
116947 65
116961 66
116971 67
116973 66
116979 67
117002 68
117030 67
117046 68
117052 67
117081 66
117097 67
117098 66
117108 66
117117 67
117123 66
117124 65
117125 65
117135 64
117141 65
117185 66
117225 66
117226 67
117279 68
117315 69
117318 68
117332 67
117337 66
117359 67
117361 66
117465 65
117477 65
117506 66
117545 67
117555 66
117562 65
117564 64
117625 65
117625 66
117626 67
117629 66
117633 65
117633 64
117633 63
117633 62
117646 61
117647 60
117649 61
117655 60
117753 61
117766 60
117767 61
117794 60
117794 61
117796 60
117798 61
117817 61
117817 60
117819 59
117819 58
117820 57
117823 56
117824 55
117857 55
117857 54
117858 53
117863 53
117867 53
117873 54
117880 53
117887 53
117887 53
117889 53
117930 54
117944 53
117952 52
117973 53
117986 54
118001 53
118015 54
118019 53
118019 52
118068 53
118137 54
118164 53
118168 54
118177 53
118182 52
118191 51
118193 52
118225 51
118228 50
118229 51
118230 52
118237 51
118237 50
118241 51
118251 50
118257 49
118267 50
118271 51
118289 52
118299 53
118309 54
118311 55
118316 54
118351 55
118354 54
118363 55
118373 56
118380 57
118455 58
118456 57
118460 58
118461 57
118462 57
118464 56
118464 57
118464 56
118464 57
118467 56
118468 55
118468 56
118469 55
118479 55
118489 56
118500 57
118531 58
118537 57
118538 56
118542 55
118545 56
118569 57
118623 58
118627 59
118630 58
118631 57
118632 57
118636 57
118637 57
118637 56
118643 55
118649 55
118653 56
118660 55
118661 54
118661 53
118681 54
118684 55
118689 54
118689 53
118735 54
118743 55
118764 56
118764 57
118765 58
118811 59
118817 60
118821 59
118822 58
118822 57
118845 58
118869 57
118878 58
118890 57
118892 58
118897 57
118907 58
118910 57
118927 56
118928 57
118929 58
118930 57
118941 57
119033 56
119033 55
119082 56
119117 57
119135 56
119141 55
119177 55
119178 54
119190 55
119201 54
119210 54
119211 55
119230 56
119245 57
119249 58
119255 57
119260 56
119290 57
119297 58
119313 59
119313 60
119354 61
119355 62
119368 61
119369 62
119387 63
119395 64
119396 65
119402 64
119417 65
119443 66
119458 65
119477 66
119477 67
119506 68
119510 69
119520 70
119540 71
119569 70
119629 71
119629 72
119630 71
119639 70
119642 70
119651 71
119673 70
119673 69
119705 70
119753 71
119768 71
119769 71
119826 72
119890 71
119896 70
119937 71
119945 70
119945 69
119945 68
119950 68
119950 67
119991 68
120003 67
120014 66
120045 65
120051 66
120055 65
120062 66
120070 65
120070 66
120093 65
120106 64
120138 65
120147 64
120150 63
120171 64
120254 65
120269 66
120272 67
120275 66
120277 67
120290 67
120342 68
120405 69
120409 70
120413 69
120413 68
120413 67
120417 67
120417 66
120417 67
120463 66
120514 67
120518 68
120549 69
120585 70
120603 71
120613 72
120616 71
120632 70
120661 69
120663 68
120754 69
120784 70
120785 71
120791 70
120798 70
120842 71
120865 72
120873 71
120873 70
120881 69
120882 68
120889 69
120890 68
120891 67
120893 68
120895 67
120901 67
120952 66
120954 67
120969 66
120997 67
121005 67
121005 68
121010 67
121015 66
121097 67
121117 66
121118 66
121125 66
121149 67
121161 68
121169 67
121169 66
121169 65
121169 64
121201 65
121228 66
121237 65
121245 65
121245 64
121267 63
121269 64
121333 65
121345 66
121353 66
121364 67
121365 66
121376 65
121380 64
121389 63
121393 63
121489 63
121493 62
121493 61
121537 62
121540 63
121557 64
121577 65
121581 65
121581 65
121585 64
121585 63
121587 62
121594 63
121595 64
121599 65
121604 66
121657 67
121665 67
121665 67
121665 67
121673 66
121700 67
121709 66
121727 65
121733 66
121744 67
121760 66
121763 67
121769 66
121772 67
121788 68
121790 67
121854 66
121867 65
121910 64
121917 65
121922 64
121922 63
121939 62
121953 61
121966 62
121979 61
121980 60
122001 61
122037 60
122037 61
122093 62
122101 61
122105 62
122112 61
122117 60
122125 61
122157 62
122166 61
122166 60
122184 61
122188 60
122190 59
122192 60
122192 60
122198 59
122200 58
122209 59
122277 60
122284 61
122285 61
122287 60
122336 59
122342 58
122345 59
122353 59
122372 60
122373 59
122396 60
122399 60
122407 59
122412 60
122416 59
122420 60
122421 59
122453 60
122472 61
122479 60
122505 61
122513 61
122541 60
122569 59
122573 59
122574 60
122576 60
122579 59
122581 58
122581 57
122602 58
122605 59
122613 58
122613 57
122647 58
122654 58
122659 59
122728 60
122740 59
122749 58
122749 59
122780 60
122781 60
122782 61
122789 60
122790 59
122798 60
122802 59
122803 59
122810 58
122825 59
122830 60
122841 59
122865 60
122869 61
122873 61
122875 60
122881 61
122899 62
122902 61
122920 60
122962 61
123021 62
123026 63
123029 62
123029 63
123041 62
123041 61
123041 61
123041 60
123052 61
123058 62
123065 61
123067 60
123067 61
123068 60
123209 61
123220 62
123222 63
123257 63
123258 64
123259 63
123260 62
123260 61
123260 60
123263 59
123265 58
123277 59
123289 58
123293 59
123301 58
123302 59
123310 60
123344 61
123361 62
123462 63
123467 62
123477 61
123481 60
123482 61
123485 62
123487 61
123536 62
123552 63
123553 64
123560 65
123562 64
123566 65
123587 66
123629 65
123638 66
123697 67
123722 68
123730 67
123785 68
123788 69
123829 70
123841 71
123879 72
123898 73
123905 72
123918 71
123925 72
123927 71
123932 70
123938 69
123953 70
123972 69
124004 70
124007 70
124012 71
124012 72
124021 73
124024 74
124027 74
124029 73
124037 72
124096 73
124178 74
124210 73
124229 74
124262 73
124262 74
124263 74
124264 73
124266 72
124268 72
124271 72
124272 72
124280 71
124309 70
124372 69
124375 69
124378 68
124380 67
124399 68
124401 67
124401 66
124436 67
124455 68
124555 69
124560 68
124562 67
124581 66
124606 67
124612 66
124678 67
124686 66
124687 65
124705 66
124708 67
124718 66
124718 65
124727 66
124736 65
124739 65
124750 66
124768 65
124769 64
124790 65
124857 66
124861 67
124868 66
124915 67
124927 68
124981 69
124991 70
124994 71
125009 72
125022 71
125090 70
125150 71
125162 72
125173 73
125174 74
125181 73
125181 72
125251 71
125252 72
125265 73
125292 74
125297 75
125306 74
125344 75
125345 74
125357 75
125360 74
125363 73
125365 74
125394 75
125427 74
125547 75
125549 74
125557 73
125565 72
125615 73
125631 72
125632 72
125681 73
125682 72
125749 73
125785 72
125792 73
125795 72
125847 73
125881 74
125889 75
125915 76
125997 77
126008 76
126025 77
126046 76
126058 75
126097 76
126110 77
126116 76
126122 77
126145 78
126190 77
126251 76
126259 75
126308 74
126429 75
126433 74
126473 73
126523 74
126532 74
126579 75
126626 74
126682 75
126752 76
126798 75
126806 74
126865 75
126873 74
126902 75
126939 76
127019 77
127030 76
127066 77
127071 78
127179 79
127241 78
127241 77
127243 78
127245 77
127248 78
127251 77
127257 76
127444 77
127448 76
127456 75
127461 74
127461 75
127629 74
127698 75
127785 76
127793 75
127793 74
127793 73
127793 72
127802 73
127808 74
127822 73
127865 74
127881 75
127889 74
127889 73
127920 74
127985 73
127985 72
127989 73
127993 74
128001 73
128005 72
128017 73
128036 72
128045 73
128045 74
128053 73
128066 72
128073 71
128121 70
128128 69
128226 68
128242 67
128252 66
128305 67
128310 66
128376 65
128377 66
128401 67
128411 66
128412 67
128417 68
128426 67
128426 66
128426 65
128428 64
128428 63
128429 64
128450 63
128457 64
128466 65
128472 64
128485 65
128542 66
128546 67
128647 68
128647 69
128673 70
128741 69
128750 68
128751 67
128790 68
128801 69
128806 68
128829 67
128835 68
128854 67
128854 68
128862 67
128910 68
128953 69
128966 68
128968 69
128981 70
129005 71
129076 72
129084 71
129086 72
129092 71
129149 72
129154 71
129213 72
129221 71
129221 70
129221 69
129221 68
129237 69
129252 70
129252 69
129276 68
129315 69
129319 70
129334 71
129404 72
129433 73
129466 74
129470 73
129607 74
129647 75
129673 76
129682 75
129689 74
129691 75
129709 76
129717 75
129717 74
129717 73
129729 72
129733 71
129750 70
129873 71
129881 70
129881 69
129881 68
129885 69
129937 70
129962 69
129977 68
130055 67
130057 66
130059 65
130065 64
130069 63
130081 64
130093 65
130118 66
130118 67
130119 68
130125 67
130166 66
130212 65
130225 64
130234 65
130235 64
130240 65
130248 64
130250 63
130262 62
130289 61
130298 62
130332 61
130369 62
130467 63
130517 64
130531 65
130534 66
130534 67
130535 68
130541 67
130549 66
130550 65
130574 66
130578 65
130586 64
130606 63
130615 62
130657 63
130665 62
130719 63
130726 64
130750 65
130760 66
130771 65
130818 66
130822 65
130849 66
130853 67
130862 66
130866 65
130888 66
130917 67
130924 67
130984 68
130995 67
130998 68
131004 67
131041 68
131063 69
131125 70
131151 69
131152 68
131170 69
131172 68
131221 69
131232 70
131245 70
131250 69
131258 70
131260 69
131264 68
131266 69
131266 68
131276 67
131276 66
131329 67
131332 68
131335 67
131355 66
131369 67
131419 68
131425 69
131454 70
131456 69
131458 68
131486 69
131489 68
131507 69
131560 70
131724 71
131729 70
131743 69
131754 70
131787 69
131813 68
131817 69
131820 68
131838 69
131838 70
131841 71
131854 70
131888 71
131897 70
131897 71
131902 70
131905 71
131920 70
131939 71
131941 70
131954 69
131958 68
131978 69
132044 68
132048 69
132051 68
132066 67
132067 68
132069 67
132071 66
132072 65
132076 64
132079 64
132091 63
132124 64
132147 63
132166 64
132233 65
132268 66
132273 65
132332 66
132338 67
132349 68
132360 69
132364 70
132371 69
132395 70
132523 71
132578 71
132578 72
132586 72
132590 73
132629 74
132637 73
132641 72
132645 73
132648 72
132654 71
132660 70
132665 71
132693 72
132706 71
132728 70
132728 71
132769 72
132770 71
132777 70
132779 69
132865 70
132879 71
132950 71
132951 72
132952 71
132957 70
132958 70
132960 69
132973 68
133015 69
133040 70
133047 69
133047 68
133050 67
133051 66
133051 65
133052 64
133056 65
133059 64
133065 63
133072 64
133161 63
133183 64
133190 63
133196 64
133197 65
133197 64
133292 65
133388 64
133389 65
133413 64
133413 65
133419 64
133432 63
133457 64
133512 65
133541 66
133549 67
133575 68
133577 69
133583 70
133604 71
133624 72
133637 71
133638 70
133640 71
133699 72
133699 73
133722 74
133750 75
133750 76
133751 75
133786 76
133787 76
133792 75
133793 74
133794 73
133795 72
133850 73
133922 74
133954 75
133985 76
133995 75
134097 76
134098 75
134165 74
134166 73
134226 74
134228 75
134242 76
134292 75
134369 74
134420 75
134423 76
134470 75
134499 74
134502 75
134515 74
134565 73
134575 74
134581 73
134581 72
134584 73
134666 74
134673 73
134679 72
134710 71
134713 70
134714 69
134741 68
134768 67
134809 66
134850 67
134861 68
134869 67
134896 66
134926 65
134928 64
134929 65
134930 66
134937 65
134937 64
134937 63
134937 62
134950 63
134977 64
134977 63
134979 64
134980 63
134991 62
135007 63
135059 64
135074 63
135118 64
135165 65
135233 66
135237 67
135245 66
135263 67
135280 68
135304 67
135324 66
135421 67
135425 68
135429 67
135435 66
135437 65
135451 64
135470 65
135475 66
135483 67
135489 68
135491 67
135493 67
135493 67
135497 66
135500 65
135520 66
135527 65
135533 64
135570 65
135584 64
135613 63
135614 62
135620 61
135625 62
135626 63
135628 64
135629 65
135637 65
135649 64
135684 65
135693 64
135701 65
135712 64
135719 63
135730 62
135741 63
135770 62
135772 63
135776 63
135779 62
135781 62
135789 61
135804 60
135845 61
135882 62
135897 62
135980 61
135981 61
135983 60
135984 59
135985 60
136009 61
136025 61
136026 62
136028 61
136057 62
136094 63
136107 64
136118 65
136170 66
136172 65
136180 64
136184 65
136235 64
136236 65
136266 66
136276 65
136286 66
136288 67
136289 68
136297 69
136298 68
136446 69
136453 70
136463 69
136465 68
136473 69
136475 68
136483 67
136492 66
136492 67
136502 66
136503 67
136503 66
136504 65
136505 65
136507 64
136577 63
136618 64
136691 65
136696 66
136705 67
136713 68
136717 67
136732 68
136733 69
136753 68
136753 67
136769 68
136770 67
136772 66
136774 65
136801 64
136824 63
136825 64
136833 63
136833 64
136833 63
136837 64
136871 65
136872 66
136886 65
136942 64
136950 65
136962 64
136964 64
136968 63
136969 62
137020 63
137024 63
137027 64
137030 63
137079 62
137129 63
137137 62
137138 62
137144 63
137157 64
137215 63
137238 64
137268 65
137294 65
137296 64
137297 63
137298 64
137301 65
137301 66
137305 65
137306 64
137309 63
137312 64
137313 63
137313 64
137326 65
137327 65
137369 66
137377 65
137419 66
137493 65
137494 66
137513 67
137573 68
137583 69
137591 68
137612 69
137621 70
137677 69
137813 70
137826 69
137842 69
137847 70
137848 69
137851 68
137867 69
137869 70
137872 69
137875 68
137938 68
137945 67
137949 67
137953 68
137993 69
138049 68
138049 67
138049 66
138053 65
138106 66
138111 67
138113 68
138117 68
138165 69
138192 70
138194 69
138225 68
138236 69
138237 68
138293 69
138324 70
138325 70
138336 71
138347 72
138353 71
138365 72
138399 73
138439 72
138440 73
138485 72
138499 73
138549 74
138561 73
138618 72
138654 71
138660 70
138661 71
138713 72
138717 71
138722 70
138724 71
138727 70
138741 69
138741 68
138745 67
138749 66
138756 67
138764 66
138783 67
138794 68
138795 68
138800 67
138800 66
138803 65
138805 64
138806 64
138810 63
138849 62
138893 63
138917 62
139028 63
139045 64
139060 65
139061 64
139112 63
139139 64
139150 63
139154 64
139162 63
139164 62
139165 61
139166 60
139193 61
139243 62
139248 63
139253 64
139266 63
139266 62
139266 63
139266 62
139277 62
139282 61
139369 62
139436 63
139452 64
139485 65
139488 66
139494 65
139494 64
139495 63
139497 64
139499 63
139505 62
139535 61
139543 61
139547 61
139550 62
139550 62
139550 62
139565 63
139567 64
139576 63
139578 62
139584 61
139593 62
139601 61
139601 60
139645 59
139645 58
139662 59
139705 60
139707 61
139714 60
139717 59
139799 60
139813 61
139827 62
139832 61
139882 62
139912 61
139917 62
139925 61
139950 62
139954 63
139965 64
139965 63
139966 62
139967 62
139977 63
139977 62
139991 63
139994 62
139999 63
139999 62
140004 63
140028 62
140035 63
140087 64
140102 65
140116 66
140117 67
140136 68
140142 69
140151 68
140196 67
140197 68
140226 69
140232 70
140289 69
140293 70
140296 71
140311 72
140343 71
140350 70
140394 71
140394 72
140402 73
140407 74
140413 75
140425 74
140426 75
140444 76
140570 77
140583 76
140613 77
140614 78
140619 77
140628 76
140630 75
140648 74
140700 73
140724 74
140747 75
140747 74
140870 75
140901 76
140913 77
140921 76
140921 75
140921 74
140987 73
140988 72
141022 71
141036 72
141113 71
141145 72
141157 71
141157 70
141182 69
141183 70
141217 71
141225 70
141225 69
141273 70
141281 71
141282 70
141314 69
141335 70
141347 71
141385 70
141640 71
141669 72
141685 71
141749 72
141777 73
141805 74
141831 75
141880 74
141929 75
141957 76
142009 75
142011 76
142015 77
142036 76
142109 77
142149 78
142161 79
142171 80
142297 81
142313 80
142346 81
142415 80
142473 79
142532 80
142546 81
142566 80
142738 81
142772 80
142865 79
142869 78
142889 79
143013 80
143107 81
143133 80
143153 81
143211 82
143278 81
143339 80
143420 79
143530 80
143567 81
143626 80
143706 81
143757 82
143783 81
143881 82
143985 81
143992 82
144047 83
144106 84
144184 83
144235 82
144243 83
144263 82
144456 81
144461 80
144535 79
144693 78
144706 77
144765 76
144809 77
144841 76
144852 75
144898 76
144978 75
144985 74
145008 73
145085 72
145105 71
145179 72
145217 71
145218 72
145248 71
145249 72
145253 73
145285 72
145285 71
145313 72
145316 73
145320 74
145353 73
145363 74
145377 75
145445 76
145520 77
145561 76
145561 75
145566 76
145581 77
145637 78
145663 79
145677 80
145705 81
145850 82
145906 81
145909 82
145918 81
145957 80
146084 79
146093 80
146109 79
146223 80
146262 79
146275 78
146325 79
146339 80
146368 81
146375 80
146479 79
146501 80
146578 79
146722 80
146817 81
146855 80
146880 81
146882 82
147052 81
147076 82
147250 81
147339 82
147486 81
147508 82
147612 83
147689 82
147694 81
147806 80
147814 79
147887 78
147946 79
147947 78
148009 79
148069 78
148169 77
148197 76
148269 77
148279 76
148289 77
148300 78
148331 77
148355 78
148357 79
148395 80
148408 81
148431 80
148618 79
148675 80
148677 79
148761 80
148769 79
148788 78
148789 77
148808 76
148876 77
148949 76
148951 77
148972 76
148987 75
149015 76
149058 75
149153 76
149193 77
149250 78
149261 79
149275 80
149308 79
149373 80
149546 79
149651 78
149678 79
149709 78
149734 77
149761 76
149790 77
149810 78
149817 79
149872 80
149893 81
149984 80
150225 81
150286 80
150322 81
150333 82
150389 83
150421 82
150428 81
150563 80
150568 79
150652 80
150765 79
150906 78
150969 77
150969 76
150990 77
151160 78
151205 77
151247 76
151301 77
151375 78
151385 79
151403 78
151424 79
151459 80
151521 79
151541 80
151561 79
151590 80
151631 79
151653 80
151658 79
151713 78
151777 79
151804 80
151881 79
151908 78
151916 77
151992 78
152028 77
152034 76
152037 77
152123 78
152137 77
152189 78
152306 79
152336 78
152378 79
152385 78
152406 79
152566 80
152729 79
152741 80
152748 81
152763 80
152778 79
152876 80
152888 79
152941 80
152973 81
152987 80
153047 81
153155 80
153256 81
153349 80
153350 79
153417 78
153455 77
153469 76
153474 75
153481 76
153493 77
153601 78
153693 77
153694 78
153809 79
153860 80
153890 79
153905 80
153995 79
154018 80
154109 81
154136 80
154218 81
154240 80
154306 79
154375 78
154385 77
154493 78
154494 79
154542 78
154758 79
154765 78
154838 79
154894 80
154908 79
154911 78
154934 77
154973 78
155011 79
155038 80
155044 81
155063 80
155112 79
155135 80
155353 79
155387 80
155395 81
155464 82
155546 81
155559 82
155618 81
155709 80
155737 79
155836 78
155888 79
155889 78
155975 79
156035 80
156054 81
156088 80
156093 79
156129 80
156136 79
156377 80
156381 79
156437 78
156487 77
156501 78
156597 77
156652 76
156776 77
156789 78
156812 79
156821 80
156972 79
157093 80
157108 81
157110 80
157125 79
157287 78
157297 79
157321 80
157329 79
157377 80
157417 81
157489 82
157657 81
157703 80
157813 79
157913 80
157956 79
158017 78
158019 79
158160 80
158214 81
158370 82
158418 81
158497 80
158516 79
158517 80
158581 79
158611 78
158630 77
158687 78
158722 79
158770 78
158805 79
158821 78
158926 79
158996 78
159064 77
159072 78
159081 79
159121 80
159202 81
159455 80
159457 79
159457 78
159501 79
159502 80
159585 81
159657 80
159676 79
159763 78
159780 77
159964 78
159973 79
160052 80
160088 79
160197 78
160249 79
160274 80
160285 81
160298 82
160306 81
160353 80
160449 79
160593 80
160677 79
160689 80
160734 81
160824 80
160961 81
160970 80
161037 79
161040 80
161044 81
161141 82
161189 81
161366 80
161401 81
161412 80
161517 79
161552 80
161573 79
161713 78
161717 79
161728 78
161735 77
161851 78
161909 79
162225 80
162306 81
162333 80
162476 79
162478 80
162530 79
162536 78
162576 79
162580 80
162619 81
162667 82
162749 83
162776 82
163240 83
163262 84
163299 85
163461 86
163509 85
163533 84
163684 85
163786 84
163787 83
163907 82
164157 81
164169 80
164303 79
164346 78
164377 79
164383 78
164421 79
164573 80
164655 81
164665 80
164671 79
164734 80
164781 81
164821 80
164934 81
165029 80
165059 79
165120 78
165156 77
165191 78
165281 77
165317 78
165369 79
165401 78
165404 79
165438 78
165546 77
165548 76
165586 75
165625 74
165693 75
165744 76
165827 75
165840 76
165863 77
165877 78
165905 79
165945 80
165964 81
166057 82
166116 81
166182 80
166239 79
166255 78
166294 79
166317 80
166367 81
166462 82
166487 81
166602 80
166971 81
167018 82
167021 83
167025 82
167121 83
167204 84
167214 85
167229 84
167493 83
167525 82
167601 81
167693 82
167773 83
167861 82
167861 81
167955 80
168001 79
168020 78
168081 77
168089 76
168090 75
168179 76
168221 75
168233 74
168243 75
168369 74
168378 73
168386 72
168401 73
168423 74
168495 75
168504 76
168512 77
168529 78
168625 79
168636 78
168693 77
168721 78
168747 79
168768 78
168829 77
168901 78
168929 79
168943 80
168975 79
169111 78
169149 77
169173 78
169181 77
169181 76
169243 75
169333 74
169351 75
169453 76
169464 77
169532 76
169547 77
169593 76
169612 77
169625 78
169633 79
169889 78
169942 79
169948 78
169985 79
169986 80
170009 79
170120 80
170161 81
170185 80
170189 81
170214 80
170234 81
170309 80
170493 81
170509 82
170761 81
170942 80
170979 81
171041 82
171074 83
171201 82
171311 81
171397 82
171443 83
171447 82
171569 81
171570 80
171596 81
171633 82
171639 81
171781 82
171789 81
171941 80
171976 79
172057 80
172117 79
172140 78
172145 77
172161 76
172164 77
172277 78
172343 77
172409 78
172427 79
172469 80
172530 79
172538 78
172593 79
172645 78
172683 77
172767 78
172874 77
172882 78
172905 77
172914 76
172925 77
172983 78
173024 79
173053 78
173075 77
173216 76
173246 75
173282 76
173421 77
173448 78
173527 79
173595 78
173633 79
173638 80
173655 79
173657 78
173712 77
173778 76
173845 77
173926 76
173958 75
173965 76
174013 75
174078 76
174122 77
174139 78
174203 79
174231 80
174244 81
174516 82
174574 83
174574 84
174579 83
174642 84
174741 83
174785 84
174909 83
175119 84
175277 83
175278 82
175541 81
175553 80
175637 79
175649 78
175733 77
175737 76
175793 77
175809 78
175812 77
175869 76
176035 75
176074 76
176082 77
176169 76
176193 77
176240 76
176244 75
176246 74
176338 75
176390 76
176392 75
176445 74
176453 75
176482 76
176503 77
176509 78
176533 79
176608 78
176612 77
176615 78
176618 77
176623 76
176633 77
176640 78
176676 79
176761 78
176776 77
176810 78
176877 79
176919 78
176959 79
177189 80
177244 81
177302 80
177329 81
177350 80
177361 79
177373 80
177431 79
177546 80
177561 79
177568 80
177570 81
177620 82
177637 81
177726 80
177955 81
178039 82
178234 81
178276 80
178379 81
178418 82
178466 81
178469 82
178512 83
178514 84
178614 83
178642 84
178905 83
178985 82
179357 81
179393 82
179405 83
179466 82
179485 81
179497 80
179509 81
179523 80
179577 79
179578 78
179597 79
179637 80
179702 79
179714 78
179730 77
179912 78
179946 77
179947 76
179951 75
179955 74
179981 75
180022 76
180099 75
180105 76
180121 77
180154 76
180218 77
180237 76
180285 77
180316 76
180322 75
180488 76
180542 77
180556 78
180567 79
180575 80
180613 81
180641 82
180666 83
180667 84
180679 85
180686 84
180864 85
181000 84
181059 83
181064 82
181067 81
181134 80
181163 81
181192 80
181248 79
181319 78
181332 77
181590 78
181613 77
181731 78
181810 79
181858 80
181870 81
181908 82
181954 81
181989 80
182104 79
182174 78
182205 79
182260 80
182322 79
182354 80
182390 81
182694 80
182708 81
182855 82
183080 83
183235 82
183243 81
183286 80
183286 79
183392 80
183422 79
183430 80
183438 79
183466 78
183514 79
183530 78
183614 77
183639 76
183658 75
183662 74
183663 73
183667 72
183713 71
183784 72
183808 71
183843 70
183855 71
183866 70
183870 71
183922 72
183960 71
183964 72
184001 73
184029 72
184047 73
184142 74
184181 75
184269 76
184321 77
184350 78
184350 79
184359 80
184398 79
184454 80
184570 81
184662 82
184700 81
184768 80
184786 81
184890 82
184946 81
184949 80
185014 79
185159 80
185171 79
185186 80
185234 79
185384 78
185393 79
185439 78
185466 77
185472 78
185476 79
185687 78
185748 79
185771 80
185831 79
185856 80
185862 81
185870 82
185878 83
186034 82
186156 83
186298 82
186417 81
186698 82
186740 83
186942 82
186958 83
186978 84
186982 85
186994 84
187053 85
187127 84
187128 83
187142 82
187142 81
187142 80
187179 79
187202 78
187311 77
187339 76
187371 75
187372 74
187372 73
187398 74
187514 73
187516 72
187555 71
187562 72
187570 71
187653 72
187663 71
187713 72
187714 73
187726 74
187726 73
187750 72
187754 73
187822 74
187913 75
187977 76
188106 75
188145 76
188168 77
188184 78
188250 79
188258 78
188267 79
188358 80
188399 81
188416 80
188419 81
188440 80
188444 79
188477 78
188549 79
188550 78
188617 79
188699 78
188868 77
188882 76
188969 77
189002 78
189054 77
189062 78
189074 79
189153 78
189238 79
189242 80
189287 81
189326 80
189400 79
189487 80
189530 79
189602 80
189632 81
189738 80
189934 81
189950 82
190005 81
190174 82
190216 83
190291 84
190396 83
190537 82
190622 81
190638 82
190680 81
190685 80
190750 81
190838 80
190850 79
190850 78
190850 77
190883 78
190892 77
190997 76
191022 77
191080 76
191083 75
191129 76
191214 77
191221 78
191222 77
191224 76
191242 77
191250 76
191278 75
191365 76
191429 75
191442 74
191497 75
191506 76
191525 75
191529 76
191573 77
191611 76
191676 75
191722 76
191733 77
191831 76
191850 77
191964 76
191966 75
191979 74
191998 75
192065 76
192079 77
192110 78
192110 79
192117 78
192118 79
192165 78
192186 77
192244 76
192249 77
192252 76
192373 75
192385 76
192394 77
192487 76
192576 75
192577 76
192594 75
192594 76
192625 75
192726 76
192754 77
192866 76
192883 75
192888 74
192914 75
192932 76
193054 77
193114 76
193158 77
193184 78
193263 79
193294 78
193302 79
193414 78
193446 77
193453 76
193459 77
193502 78
193536 79
193564 78
193598 77
193838 78
193878 79
193988 80
193993 81
194046 82
194209 81
194290 82
194330 83
194353 82
194364 81
194379 80
194386 79
194558 78
194558 77
194589 76
194628 77
194663 78
194760 77
194777 76
194850 75
194889 76
194894 77
194930 76
194932 75
194962 74
194974 75
195018 76
195091 75
195118 76
195122 75
195128 76
195148 75
195151 74
195173 75
195297 76
195302 75
195322 76
195350 77
195375 78
195385 77
195414 78
195425 79
195520 78
195541 77
195546 76
195546 77
195641 78
195649 77
195658 76
195670 75
195746 76
195833 75
195874 74
195916 73
195919 72
195926 73
195927 72
195929 71
195938 70
195976 71
196014 70
196035 71
196065 72
196082 71
196158 72
196158 73
196228 72
196253 73
196260 74
196285 75
196285 76
196322 77
196350 78
196390 79
196564 78
196579 79
196620 78
196690 79
196735 80
196812 79
196883 78
196887 79
196925 80
196948 79
196967 80
197007 79
197038 78
197154 77
197163 76
197296 77
197354 78
197374 77
197391 76
197529 77
197529 78
197682 79
197808 80
197854 81
197874 82
197949 83
197993 84
197998 85
198074 84
198090 83
198092 82
198266 81
198266 80
198290 81
198302 80
198334 79
198640 78
198674 77
198695 78
198722 77
198742 78
198850 79
198851 78
198858 77
198890 78
198974 79
199006 78
199050 77
199094 76
199102 75
199158 76
199204 75
199233 74
199253 73
199338 72
199378 71
199413 72
199468 73
199468 72
199484 73
199522 74
199522 75
199536 76
199594 77
199623 76
199634 75
199636 74
199662 75
199673 76
199674 77
199677 78
199723 77
199765 76
199773 77
199811 78
199837 77
199867 76
199943 77
199951 76
