0 0
0 0
26 1
68 2
70 3
71 4
73 5
74 6
76 7
107 8
125 8
131 8
139 9
145 9
145 9
192 10
192 11
238 11
283 12
284 12
287 13
312 14
317 15
323 16
333 16
416 17
420 18
452 18
481 18
484 19
492 18
503 17
514 17
516 18
525 18
529 18
596 18
627 17
636 18
644 19
666 20
677 20
726 19
735 19
755 20
756 21
830 21
856 21
874 20
892 21
896 22
921 22
927 22
929 22
967 22
971 22
1077 22
1079 22
1100 22
1103 23
1107 23
1108 24
1116 25
1116 26
1124 27
1127 28
1174 27
1180 27
1203 26
1216 26
1244 26
1264 25
1293 26
1319 27
1338 28
1344 29
1399 29
1399 30
1405 29
1430 29
1436 29
1449 30
1457 31
1466 32
1511 33
1566 33
1580 34
1620 35
1622 36
1641 35
1643 35
1647 36
1664 35
1788 36
1798 36
1800 37
1804 38
1867 39
1903 40
1908 41
1921 42
1979 43
1991 44
2030 45
2048 44
2107 44
2110 45
2142 46
2226 47
2283 46
2306 47
2308 48
2315 48
2333 48
2340 47
2345 46
2417 47
2418 48
2423 49
2431 50
2447 51
2464 50
2466 51
2516 51
2520 51
2583 52
2591 52
2618 52
2651 53
2654 52
2715 52
2726 52
2751 51
2831 50
2837 49
2854 50
2863 50
2892 49
2902 48
2903 49
2907 49
2907 50
2911 51
2912 52
2920 53
2975 52
3014 51
3039 50
3040 49
3071 49
3129 49
3130 50
3146 51
3150 52
3150 53
3164 53
3193 52
3246 52
3305 51
3313 52
3334 51
3379 52
3406 51
3407 52
3412 52
3414 51
3427 50
3443 49
3523 48
3529 47
3531 48
3551 47
3556 48
3565 47
3572 46
3625 47
3643 46
3667 47
3687 46
3703 45
3707 46
3771 45
3800 44
3800 45
3800 46
3800 47
3817 48
3831 47
3836 46
3861 47
3887 48
3901 47
3919 48
3920 47
3946 46
3975 47
3996 46
4034 47
4035 48
4038 49
4063 48
4112 49
4201 50
4203 51
4222 50
4259 49
4262 50
4280 51
4289 50
4294 49
4307 50
4312 51
4330 52
4337 51
4345 52
4367 53
4373 52
4443 51
4447 50
4496 51
4513 50
4552 49
4588 50
4601 51
4625 50
4626 51
4628 52
4635 51
4671 52
4680 51
4686 52
4689 53
4692 52
4703 51
4760 52
4771 51
4787 50
4797 49
4817 50
4819 49
4837 50
4883 51
4938 50
4963 49
4971 50
4982 51
5006 50
5012 51
5028 52
5046 51
5097 52
5106 53
5111 54
5120 53
5147 54
5150 55
5183 54
5206 53
5213 54
5217 55
5254 56
5275 55
5315 56
5360 57
5361 56
5382 57
5522 56
5564 55
5575 56
5591 57
5610 58
5611 59
5639 60
5651 59
5659 60
5666 61
5752 60
5767 61
5839 62
5900 63
6012 62
6023 61
6047 60
6048 59
6051 58
6071 59
6098 60
6104 61
6145 62
6167 63
6170 62
6177 61
6262 60
6265 59
6280 58
6308 59
6310 58
6327 57
6327 57
6327 57
6327 56
6339 55
6351 54
6390 55
6420 54
6438 54
6439 55
6461 56
6463 55
6503 54
6549 53
6558 52
6563 53
6608 52
6619 53
6629 54
6640 53
6655 52
6720 51
6723 50
6748 49
6780 48
6808 47
6859 48
6883 49
6883 48
6891 47
6891 46
6891 45
6893 44
6896 43
6900 44
6905 43
6908 44
6927 45
6944 44
6946 45
6968 44
6975 45
7007 46
7027 47
7029 46
7046 45
7048 44
7083 45
7084 46
7091 47
7096 46
7112 45
7118 44
7122 43
7135 42
7172 41
7199 42
7265 43
7267 44
7275 44
7275 44
7275 43
7275 43
7276 42
7276 42
7276 41
7276 40
7276 39
7277 39
7277 39
7277 40
7278 40
7281 40
7283 41
7283 41
7311 42
7317 43
7326 42
7346 43
7391 44
7391 45
7391 46
7393 47
7398 48
7398 49
7399 48
7426 47
7428 46
7430 47
7438 46
7491 45
7496 44
7533 43
7536 42
7540 43
7545 44
7589 44
7590 45
7595 44
7596 45
7600 46
7606 47
7606 46
7607 46
7608 46
7610 45
7617 44
7619 45
7626 44
7662 43
7663 42
7664 42
7665 41
7665 42
7667 41
7670 40
7673 40
7680 40
7681 39
7691 38
7697 37
7716 38
7724 37
7727 38
7775 39
7775 40
7778 41
7783 41
7783 41
7783 40
7788 40
7795 39
7795 38
7796 37
7819 38
7819 39
7824 40
7894 40
7898 41
7898 41
7900 40
7936 41
7947 42
7964 43
7970 42
7972 41
7983 42
7984 43
7991 42
7994 41
7996 42
8005 41
8014 40
8035 41
8036 42
8049 43
8051 44
8058 43
8058 43
8070 43
8071 43
8087 42
8087 43
8087 44
8088 43
8094 42
8094 41
8094 40
8098 40
8103 41
8107 42
8115 41
8127 40
8170 41
8176 42
8187 43
8195 42
8203 43
8208 44
8220 43
8226 44
8269 45
8271 46
8279 47
8284 47
8286 47
8339 48
8345 47
8350 46
8351 46
8380 47
8400 48
8419 47
8431 46
8431 45
8438 46
8470 47
8481 46
8485 47
8488 48
8507 49
8507 50
8521 50
8585 51
8600 52
8601 53
8611 54
8615 54
8622 53
8623 52
8626 53
8627 54
8634 54
8664 55
8668 56
8676 55
8685 56
8690 57
8752 56
8763 57
8775 56
8816 56
8817 55
8819 56
8822 55
8840 56
8880 57
8881 56
8887 57
8888 58
8911 57
8966 58
8967 57
8967 58
8970 59
8970 60
8972 59
8976 58
8994 57
8994 58
9031 57
9046 56
9078 57
9095 58
9095 59
9098 60
9119 59
9160 60
9203 59
9218 58
9245 59
9246 58
9267 57
9273 58
9275 59
9345 58
9346 59
9355 58
9363 57
9363 57
9382 56
9397 55
9400 54
9406 55
9464 54
9477 55
9479 56
9479 57
9517 58
9524 57
9543 56
9631 57
9643 58
9683 59
9694 60
9735 59
9746 58
9755 59
9757 60
9762 60
9763 59
9798 60
9827 61
9862 62
9935 63
9939 64
10025 65
10042 66
10044 67
10071 68
10080 69
10090 68
10164 69
10206 70
10207 71
10215 72
10218 71
10224 70
10289 69
10361 70
10381 69
10423 68
10433 67
10435 68
10445 69
10455 70
10486 69
10512 70
10575 71
10615 70
10636 69
10659 70
10665 69
10751 68
10752 67
10791 66
10837 65
10864 64
10876 63
10901 64
10903 65
10933 64
10995 63
11011 62
11051 61
11073 60
11087 59
11111 60
11135 59
11196 60
11283 59
11320 60
11330 59
11346 60
11355 59
11360 58
11415 59
11422 60
11436 59
11460 58
11487 57
11511 58
11513 59
11525 58
11527 59
11533 60
11573 59
11586 60
11597 61
11597 62
11604 61
11616 60
11659 59
11665 58
11675 59
11693 58
11702 57
11721 56
11725 55
11729 56
11742 55
11746 54
11756 55
11759 56
11759 57
11766 58
11788 59
11816 58
11830 59
11843 60
11849 61
11875 60
11891 59
11936 60
11963 59
12007 60
12023 59
12027 58
12027 57
12030 58
12041 57
12053 56
12075 57
12088 56
12091 57
12103 56
12114 55
12169 56
12177 57
12180 56
12191 55
12202 54
12211 55
12251 56
12284 55
12348 56
12351 57
12357 56
12359 55
12362 56
12402 57
12426 58
12468 57
12479 56
12483 55
12485 56
12486 55
12515 56
12543 55
12552 54
12561 53
12570 52
12575 51
12595 52
12595 53
12619 54
12643 53
12690 52
12698 53
12698 54
12773 55
12776 56
12777 57
12783 58
12784 59
12854 58
12861 57
12863 58
12863 59
12871 58
12903 57
12942 56
12974 57
12979 58
13003 57
13026 58
13038 59
13052 60
13055 61
13056 60
13059 59
13075 60
13083 59
13099 58
13103 57
13117 58
13119 59
13190 60
13194 61
13199 62
13199 63
13204 64
13207 63
13238 62
13255 63
13279 62
13301 61
13308 60
13331 59
13343 58
13350 59
13356 58
13378 57
13416 56
13436 55
13471 54
13507 55
13508 56
13515 57
13528 58
13541 57
13585 58
13585 59
13624 58
13676 59
13723 60
13772 61
13799 60
13847 61
13874 60
13912 61
13921 60
13922 59
13923 60
13955 61
13956 62
13977 61
14000 62
14001 63
14004 64
14010 65
14010 64
14073 65
14106 64
14115 65
14124 64
14139 63
14147 64
14147 65
14147 66
14160 65
14161 66
14249 65
14257 66
14283 67
14283 68
14289 67
14289 66
14330 67
14344 66
14391 67
14412 68
14430 69
14440 70
14443 69
14447 68
14453 67
14481 66
14487 67
14541 68
14558 69
14567 68
14567 67
14568 66
14568 65
14580 64
14583 63
14585 64
14594 63
14626 64
14675 63
14691 62
14723 63
14731 62
14731 61
14789 60
14843 59
14855 58
14968 57
14998 58
15011 59
15015 60
15031 61
15034 62
15059 61
15063 60
15099 61
15132 62
15133 63
15164 64
15171 65
15234 66
15235 65
15242 66
15262 65
15335 64
15409 65
15421 66
15430 65
15439 66
15447 65
15451 64
15470 63
15506 64
15514 63
15547 64
15555 63
15583 62
15593 61
15666 62
15667 61
15715 62
15718 61
15726 62
15728 61
15731 62
15756 63
15759 62
15767 63
15767 64
15784 63
15829 62
15854 63
15879 64
15896 63
15939 62
15949 63
15975 64
15998 63
15999 64
16000 65
16008 64
16040 65
16131 64
16155 63
16195 62
16243 61
16251 60
16275 61
16275 62
16287 61
16305 60
16327 59
16390 60
16393 59
16395 58
16401 57
16417 56
16451 55
16451 56
16462 55
16491 56
16515 55
16523 56
16564 55
16566 54
16592 55
16597 56
16598 55
16604 56
16666 55
16732 56
16783 55
16785 56
16788 57
16825 58
16828 59
16833 60
16838 61
16845 60
16935 59
16936 58
16963 59
16993 60
17004 61
17021 62
17028 61
17040 60
17053 59
17075 60
17076 61
17079 62
17085 61
17113 60
17122 59
17123 58
17127 59
17140 60
17147 59
17191 58
17220 57
17227 56
17277 57
17292 58
17335 57
17373 58
17383 57
17408 56
17415 57
17415 58
17442 59
17464 58
17498 59
17512 58
17520 57
17549 56
17550 57
17552 56
17586 55
17642 54
17654 55
17663 56
17669 57
17670 58
17675 57
17682 56
17710 55
17712 56
17717 55
17746 56
17747 57
17751 58
17753 59
17795 58
17827 59
17854 60
17864 61
17867 62
17875 61
17911 62
17947 61
17961 60
17963 61
17967 62
17982 63
17984 62
17987 61
18018 60
18030 59
18056 58
18089 59
18118 60
18124 59
18140 60
18148 59
18180 58
18191 57
18211 58
18211 59
18213 58
18254 59
18293 58
18363 59
18369 58
18370 59
18371 58
18373 57
18374 58
18386 57
18406 56
18413 55
18434 54
18439 53
18439 52
18439 51
18440 50
18462 51
18475 52
18516 53
18523 52
18527 53
18528 54
18544 55
18577 56
18582 57
18603 56
18603 55
18623 56
18632 55
18692 56
18709 57
18709 58
18763 59
18815 60
18815 61
18819 62
18827 61
18908 62
18923 61
18941 60
18975 59
18993 58
19023 59
19027 58
19033 57
19065 58
19072 59
19147 60
19159 59
19160 60
19239 61
19247 62
19271 63
19271 64
19333 65
19339 66
19361 65
19415 64
19421 65
19459 66
19464 67
19481 66
19511 65
19513 64
19529 63
19539 62
19547 63
19565 64
19582 65
19655 66
19717 65
19733 64
19748 65
19751 66
19752 67
19753 68
19762 69
19764 68
19779 69
19869 70
19879 69
19903 68
19925 67
19937 66
19946 65
19967 64
19971 65
20018 64
20059 63
20083 62
20088 61
20219 62
20223 63
20227 62
20231 63
20234 62
20268 61
20287 60
20317 59
20343 58
20394 59
20419 58
20464 59
20482 58
20533 59
20535 60
20535 61
20546 62
20608 63
20631 64
20646 63
20669 64
20697 65
20769 66
20787 65
20798 64
20798 65
20850 64
20881 63
20890 64
20897 63
20899 62
20899 61
20912 62
20944 61
20955 60
20995 59
20997 60
21067 61
21094 62
21098 61
21098 60
21149 59
21150 60
21156 61
21160 62
21216 61
21278 60
21295 61
21343 60
21345 59
21354 58
21362 57
21393 56
21415 57
21427 58
21468 59
21473 60
21480 61
21543 60
21543 59
21588 60
21590 61
21593 62
21594 61
21599 60
21626 59
21664 60
21672 61
21692 60
21707 59
21729 58
21755 59
21755 60
21760 59
21781 58
21834 59
21840 60
21856 59
21872 58
21915 57
21916 58
21919 59
21927 58
21929 57
21933 58
21933 59
21944 60
21952 59
21958 58
21970 57
22002 56
22014 57
22056 58
22070 59
22106 60
22116 61
22120 60
22126 59
22137 60
22140 59
22147 58
22190 57
22203 56
22222 55
22243 54
22245 55
22247 54
22273 53
22331 54
22351 53
22365 54
22379 53
22404 54
22411 53
22423 52
22427 53
22440 54
22469 53
22540 54
22540 55
22547 56
22556 57
22557 58
22561 59
22601 60
22632 61
22635 62
22635 63
22644 64
22675 63
22703 62
22739 61
22776 60
22843 61
22868 60
22930 59
22939 58
22951 59
22953 60
22954 61
22999 60
23040 61
23050 62
23089 63
23104 64
23111 65
23151 64
23155 65
23186 64
23187 65
23247 64
23249 63
23252 64
23259 63
23264 64
23271 63
23292 64
23343 63
23347 64
23348 65
23355 64
23357 65
23419 66
23457 67
23467 66
23467 67
23472 66
23473 65
23477 64
23532 63
23589 62
23631 61
23635 62
23656 61
23681 60
23686 61
23698 60
23767 59
23795 58
23803 59
23808 58
23814 57
23822 58
23835 57
23849 56
23927 57
23939 56
23945 55
23981 54
24014 53
24020 54
24024 53
24027 54
24047 55
24051 56
24067 55
24112 54
24118 55
24120 56
24125 57
24161 58
24199 59
24227 60
24246 61
24251 62
24256 61
24342 60
24344 59
24355 60
24364 59
24379 60
24483 59
24495 58
24503 59
24556 60
24602 61
24607 60
24710 61
24719 62
24723 63
24727 62
24743 61
24757 62
24771 61
24773 60
24779 61
24803 62
24808 63
24874 62
24875 63
24915 64
24930 63
24943 64
25014 65
25014 66
25021 67
25049 68
25051 69
25052 70
25071 69
25162 70
25173 69
25202 70
25239 69
25345 68
25359 67
25361 68
25416 67
25418 66
25435 67
25484 66
25509 65
25518 64
25537 63
25559 64
25559 65
25573 66
25577 65
25633 64
25634 65
25657 64
25695 63
25713 64
25732 63
25735 62
25740 63
25750 62
25763 61
25779 62
25823 61
25836 62
25840 63
25846 64
25849 63
25874 64
25875 65
25881 64
25881 65
25883 64
25895 63
25939 62
25964 61
25991 60
26000 59
26036 60
26059 59
26074 58
26091 57
26107 58
26111 57
26141 56
26171 55
26196 54
26253 53
26313 54
26322 55
26355 56
26356 55
26372 56
26383 57
26384 58
26413 57
26414 56
26462 55
26466 56
26469 57
26487 58
26507 59
26513 60
26537 61
26559 60
26587 59
26588 60
26608 59
26635 60
26648 61
26697 62
26735 63
26737 64
26739 63
26796 64
26855 63
26859 62
26872 63
26890 64
26902 63
26959 62
26979 61
26983 60
26992 61
26992 60
26995 59
27017 60
27020 59
27043 60
27050 59
27075 58
27079 57
27097 58
27105 59
27177 60
27179 61
27187 62
27188 63
27193 64
27247 65
27257 64
27278 63
27292 64
27343 65
27371 66
27375 65
27424 64
27475 63
27488 64
27490 63
27511 62
27518 61
27590 60
27599 61
27607 62
27618 61
27623 60
27634 59
27657 58
27661 59
27675 60
27699 59
27712 60
27720 61
27734 60
27740 59
27760 58
27771 59
27783 60
27801 59
27839 60
27877 61
27883 60
27898 59
27901 58
27906 57
27990 58
28025 59
28046 58
28056 59
28059 60
28064 61
28085 60
28091 59
28122 60
28187 59
28197 58
28215 59
28239 60
28243 59
28249 60
28249 59
28256 58
28267 59
28276 60
28296 61
28302 62
28317 61
28319 62
28354 63
28451 62
28498 63
28519 64
28566 65
28594 66
28627 65
28634 66
28675 65
28675 66
28679 65
28683 64
28685 65
28688 66
28689 67
28726 66
28772 67
28813 68
28843 69
28870 70
28872 69
28878 68
28959 67
28988 66
29040 65
29063 66
29063 65
29064 64
29079 65
29100 64
29103 63
29115 64
29122 63
29185 64
29209 65
29230 64
29244 63
29295 64
29300 63
29365 62
29443 61
29475 60
29501 59
29503 60
29508 61
29514 62
29549 61
29551 60
29572 59
29651 60
29687 59
29739 58
29747 59
29755 58
29763 59
29783 58
29798 57
29811 56
29857 57
29859 58
29868 59
29879 58
29889 59
29902 60
29912 59
29949 58
29952 59
29953 60
29978 59
30001 60
30014 59
30042 60
30048 59
30090 60
30102 59
30103 60
30112 59
30122 58
30147 59
30151 60
30168 61
30168 60
30197 59
30202 60
30205 61
30213 60
30309 61
30316 60
30327 61
30381 60
30384 61
30413 60
30488 59
30491 60
30501 61
30502 62
30521 63
30525 64
30550 65
30591 64
30598 63
30626 64
30668 63
30715 62
30715 61
30735 62
30748 63
30758 64
30781 63
30794 62
30799 61
30808 62
30811 61
30903 60
30915 61
30923 60
30935 61
30978 60
31011 61
31014 60
31045 59
31048 60
31079 61
31090 60
31140 61
31156 62
31164 63
31183 62
31191 63
31192 64
31204 63
31207 64
31210 65
31234 64
31236 63
31237 62
31239 61
31250 62
31299 63
31332 62
31408 63
31460 64
31478 65
31510 64
31511 65
31527 64
31567 63
31607 62
31607 61
31613 60
31639 59
31652 58
31691 59
31767 60
31771 59
31804 58
31863 59
31883 58
31890 59
31895 58
31947 59
31969 60
32006 59
32007 58
32028 57
32042 58
32049 59
32049 60
32049 61
32050 62
32144 61
32171 60
32179 61
32197 62
32212 63
32219 64
32224 65
32233 66
32291 67
32295 68
32340 67
32380 68
32383 69
32395 70
32404 69
32435 68
32477 67
32480 66
32487 65
32548 66
32589 65
32647 64
32648 65
32663 64
32673 65
32676 66
32722 65
32763 64
32767 63
32792 62
32822 63
32834 62
32837 61
32845 60
32861 61
32871 60
32881 61
32886 62
32888 63
32901 62
32909 63
32952 62
32971 61
32987 62
32990 63
33011 62
33071 63
33078 64
33167 65
33183 64
33185 63
33205 62
33249 61
33269 60
33279 61
33296 62
33300 61
33384 62
33396 61
33447 60
33450 59
33464 60
33502 59
33523 60
33537 61
33559 60
33590 59
33705 60
33726 61
33730 62
33735 61
33743 62
33756 61
33759 62
33783 63
33830 62
33832 61
33837 62
33845 61
33870 62
33879 63
33940 62
33958 61
33964 60
33977 61
34031 62
34047 63
34088 62
34096 61
34143 62
34175 61
34191 60
34194 59
34222 60
34251 61
34272 62
34273 63
34288 64
34332 65
34369 66
34425 67
34460 66
34463 65
34519 64
34537 63
34574 64
34575 63
34586 62
34603 63
34603 64
34609 65
34671 64
34681 65
34732 64
34749 65
34759 66
34764 65
34839 64
34907 63
34909 64
34919 63
34958 62
34959 61
34971 60
35070 59
35090 58
35098 57
35103 56
35113 55
35116 54
35151 55
35163 54
35179 55
35192 56
35197 57
35200 58
35208 57
35220 58
35273 57
35283 56
35289 57
35303 56
35315 55
35316 54
35404 53
35425 54
35440 55
35445 56
35446 55
35472 54
35475 55
35491 54
35514 55
35528 56
35543 57
35552 58
35562 57
35578 56
35589 55
35594 56
35623 57
35651 58
35653 59
35658 60
35699 59
35747 60
35748 61
35748 62
35749 63
35802 62
35823 63
35824 64
35876 65
35879 64
35889 63
35906 62
35918 61
35919 60
35987 61
36003 62
36008 61
36025 60
36025 59
36039 60
36071 59
36098 58
36112 59
36115 58
36193 57
36208 56
36210 57
36226 58
36279 57
36285 56
36312 57
36316 56
36339 57
36340 58
36347 57
36407 58
36449 59
36470 58
36503 59
36521 58
36543 59
36545 60
36555 61
36559 60
36574 59
36607 60
36608 59
36610 58
36619 57
36665 58
36675 57
36691 56
36692 57
36708 58
36719 59
36732 60
36736 61
36740 62
36784 61
36788 60
36802 59
36805 60
36808 59
36838 58
36892 57
36899 56
36903 57
36916 58
36937 59
36955 60
36976 59
36982 58
36989 59
36989 58
36994 59
37001 58
37067 59
37067 58
37074 59
37103 58
37127 57
37131 58
37149 57
37155 56
37157 57
37180 58
37202 57
37255 58
37260 57
37279 56
37295 55
37378 54
37382 55
37383 56
37389 57
37459 56
37467 57
37487 56
37491 57
37501 58
37526 57
37549 56
37551 55
37583 54
37614 55
37651 54
37667 53
37688 52
37693 53
37705 52
37726 53
37739 54
37795 55
37796 56
37879 57
37880 58
37908 59
37916 60
37922 59
37937 60
37945 61
37948 60
37960 61
37970 60
37980 59
37996 60
38119 61
38158 60
38171 59
38184 60
38186 61
38191 62
38281 61
38296 60
38299 59
38311 58
38319 59
38359 60
38377 59
38384 60
38395 59
38418 60
38436 59
38439 60
38487 59
38521 60
38525 61
38526 62
38526 63
38529 64
38532 65
38584 64
38590 65
38627 64
38640 63
38662 64
38691 63
38692 64
38704 65
38772 64
38775 63
38818 62
38839 63
38866 64
38870 65
38896 66
38896 65
38896 66
38947 65
38991 66
38993 65
39002 64
39005 63
39009 62
39018 61
39018 60
39039 59
39050 58
39066 57
39087 56
39108 55
39134 54
39146 55
39194 56
39199 55
39251 56
39280 57
39283 58
39288 57
39307 58
39312 57
39335 58
39358 57
39394 56
39396 57
39401 56
39428 57
39461 58
39466 59
39472 58
39473 57
39539 58
39579 59
39592 58
39613 59
39617 58
39627 59
39627 58
39642 59
39643 60
39674 61
39680 62
39687 63
39691 62
39730 63
39738 62
39741 63
39760 62
39855 63
39860 62
39875 61
39882 62
39948 63
39964 62
39983 61
40009 60
40026 61
40028 60
40041 59
40041 60
40069 61
40113 60
40163 59
40180 58
40198 59
40239 60
40247 59
40275 60
40301 59
40307 60
40318 59
40339 58
40381 57
40381 56
40403 57
40403 58
40411 57
40428 58
40447 59
40451 60
40481 61
40519 60
40542 61
40561 60
40565 61
40612 62
40615 63
40644 62
40707 63
40709 64
40712 65
40717 66
40719 67
40758 66
40803 65
40839 66
40859 67
40869 68
40871 69
40936 68
40937 67
40940 66
40959 65
40975 64
40987 63
41003 62
41034 63
41039 64
41131 65
41139 66
41155 65
41168 64
41224 63
41228 62
41251 63
41258 64
41271 63
41271 64
41298 65
41315 64
41323 65
41359 64
41377 63
41395 64
41535 65
41543 66
41553 65
41647 64
41662 65
41672 64
41684 65
41691 64
41736 65
41747 66
41775 67
41819 68
41845 69
41913 70
41950 71
41983 70
41992 69
42003 68
42017 69
42023 70
42031 69
42031 68
42055 67
42067 68
42127 67
42145 66
42151 65
42178 64
42189 63
42195 62
42198 61
42201 62
42281 61
42364 62
42375 61
42411 62
42448 61
42461 60
42462 59
42490 60
42501 61
42503 62
42509 61
42613 62
42622 61
42640 62
42723 63
42745 62
42754 61
42791 60
42798 59
42799 58
42799 57
42813 56
42819 57
42821 58
42827 57
42838 56
42842 55
42855 56
42864 55
42870 54
42894 55
42915 56
42940 55
42943 56
42947 55
42955 54
42964 55
42973 56
43074 57
43113 56
43138 57
43147 58
43151 59
43164 60
43181 59
43205 58
43225 57
43251 56
43275 57
43275 58
43288 59
43295 58
43323 59
43325 58
43334 57
43366 58
43394 57
43404 58
43414 59
43415 60
43433 59
43448 60
43451 61
43452 62
43588 63
43601 62
43609 61
43639 62
43666 63
43679 62
43698 61
43720 60
43760 59
43762 60
43787 61
43793 62
43821 63
43826 62
43883 61
43903 60
43955 59
43967 58
43973 57
43987 58
43998 59
44043 60
44044 61
44046 62
44055 63
44074 62
44104 61
44166 62
44192 61
44206 62
44210 63
44213 64
44214 63
44227 64
44250 65
44254 66
44295 65
44320 66
44352 65
44399 66
44404 67
44407 66
44471 65
44483 66
44484 67
44491 66
44505 65
44538 64
44573 65
44644 64
44646 65
44655 64
44657 63
44671 62
44683 61
44684 60
44695 59
44702 60
44707 61
44708 60
44719 61
44748 60
44797 61
44821 62
44825 63
44826 64
44867 65
44876 64
44885 65
44905 66
44981 67
44983 66
44999 65
45008 64
45023 63
45031 62
45070 61
45105 60
45123 59
45152 58
45183 59
45267 60
45293 59
45295 60
45332 61
45340 62
45400 63
45448 64
45477 63
45480 62
45499 63
45577 64
45582 65
45607 66
45655 65
45662 66
45711 65
45722 66
45739 65
45751 64
45759 65
45771 64
45847 63
45859 64
45901 65
45902 64
45910 63
45941 62
45958 61
45988 60
45995 61
46032 60
46092 61
46095 60
46103 61
46104 62
46144 63
46161 62
46218 61
46237 62
46240 61
46288 60
46300 59
46338 60
46400 61
46419 62
46419 63
46425 64
46425 63
46431 64
46435 63
46486 64
46488 65
46532 64
46538 63
46561 62
46599 61
46618 60
46623 61
46627 62
46632 61
46647 60
46666 59
46682 58
46686 59
46695 58
46747 59
46770 58
46797 57
46806 56
46849 57
46858 58
46860 59
46888 60
46894 61
46898 62
46905 61
46906 60
46918 59
46931 58
46935 57
46963 58
46967 59
46995 60
47011 59
47023 60
47026 59
47029 60
47030 61
47044 60
47050 59
47116 58
47135 59
47143 58
47146 59
47155 58
47199 59
47301 60
47310 59
47319 58
47331 59
47350 58
47371 57
47398 58
47414 59
47439 58
47442 57
47448 56
47466 55
47507 56
47518 55
47520 56
47589 57
47595 56
47596 57
47599 58
47646 57
47653 58
47666 59
47676 58
47727 59
47729 60
47731 59
47800 58
47827 59
47837 60
47862 61
47875 62
47890 61
47907 62
47974 63
47976 64
47980 65
47982 66
48019 65
48028 66
48047 65
48060 66
48060 65
48073 64
48081 63
48082 64
48128 65
48157 64
48168 63
48175 64
48222 65
48257 64
48278 63
48349 62
48355 63
48356 64
48360 63
48375 62
48383 61
48383 62
48384 63
48388 62
48389 61
48391 60
48426 61
48458 62
48481 61
48508 60
48509 59
48511 58
48539 59
48585 58
48589 59
48635 58
48688 57
48707 56
48731 55
48760 54
48770 53
48787 52
48810 53
48824 54
48834 55
48846 56
48871 55
48884 54
48894 55
48896 54
48916 55
48927 54
48937 53
48976 52
48985 53
48999 54
49007 53
49013 54
49020 55
49031 56
49042 57
49068 58
49077 59
49219 60
49222 61
49232 62
49233 61
49234 62
49239 61
49269 60
49331 61
49388 62
49447 61
49510 62
49520 63
49546 62
49600 61
49603 62
49611 61
49627 60
49672 61
49693 60
49695 59
49729 60
49738 61
49742 60
49748 59
49759 58
49783 59
49788 60
49813 61
49832 60
49834 61
49852 62
49878 63
49886 64
49890 63
49954 62
49995 61
50010 60
50021 61
50023 60
50028 59
50034 58
50063 59
50064 60
50077 61
50087 62
50139 63
50167 64
50172 65
50176 64
50179 65
50214 64
50235 65
50236 66
50274 65
50331 66
50384 65
50415 66
50451 65
50455 64
50465 63
50481 62
50518 61
50519 60
50533 59
50551 60
50568 61
50594 60
50599 59
50619 58
50646 59
50646 58
50695 57
50724 56
50735 57
50737 56
50759 57
50827 58
50834 57
50835 56
50843 57
50849 58
50861 57
50921 56
50950 57
50976 58
50987 57
51003 58
51011 57
51069 56
51071 57
51101 56
51114 57
51134 56
51155 55
51180 56
51230 55
51298 56
51307 57
51319 58
51325 59
51327 60
51329 61
51355 60
51373 59
51416 60
51423 61
51474 60
51483 61
51510 60
51517 59
51530 60
51530 61
51533 62
51539 63
51595 64
51617 65
51704 66
51707 67
51758 66
51783 67
51794 68
51794 67
51871 68
51884 69
51916 68
51933 67
51946 66
51975 65
51979 66
51982 65
51984 64
51995 65
52008 66
52023 67
52034 66
52056 65
52062 64
52111 63
52126 62
52180 63
52196 62
52200 61
52207 60
52215 61
52232 60
52236 61
52246 60
52265 61
52270 60
52304 59
52309 58
52319 57
52333 58
52408 57
52436 58
52439 57
52459 58
52495 57
52530 56
52541 55
52557 56
52559 57
52563 56
52572 57
52592 56
52684 57
52684 58
52685 59
52716 58
52762 59
52847 60
52856 61
52858 62
52860 63
52879 62
52891 63
52917 64
52923 63
52930 64
52964 63
53041 64
53053 65
53067 66
53079 67
53087 66
53101 67
53117 66
53189 67
53196 66
53196 65
53208 64
53211 63
53243 62
53253 63
53270 62
53271 63
53273 62
53274 61
53304 60
53307 59
53314 60
53387 59
53399 58
53400 57
53407 58
53408 59
53412 58
53420 57
53434 58
53491 59
53495 58
53504 59
53506 60
53511 61
53512 62
53521 61
53545 62
53588 63
53608 62
53647 61
53675 60
53713 61
53713 62
53717 63
53730 64
53837 63
53862 64
53889 63
53926 62
53928 63
53946 64
53959 65
53969 64
53995 63
54006 62
54020 61
54034 60
54047 59
54062 60
54071 61
54095 62
54100 63
54143 62
54148 61
54165 60
54185 59
54202 58
54241 57
54263 58
54269 59
54270 60
54302 59
54303 60
54308 59
54335 58
54337 59
54348 58
54419 57
54420 56
54547 57
54562 58
54567 57
54608 56
54646 57
54648 58
54688 59
54696 58
54706 59
54729 58
54731 57
54736 56
54759 55
54766 56
54768 57
54784 58
54786 59
54796 60
54816 59
54820 58
54822 59
54850 60
54864 61
54872 60
54948 61
54976 60
54980 59
54989 60
54990 61
55008 60
55010 59
55021 58
55048 57
55117 58
55148 57
55180 58
55180 59
55194 60
55239 59
55248 58
55262 59
55267 60
55270 61
55308 62
55311 63
55311 62
55316 63
55326 64
55326 63
55334 64
55334 65
55355 66
55436 65
55452 64
55463 65
55480 66
55483 67
55524 68
55591 67
55592 68
55605 69
55645 70
55691 69
55709 68
55729 69
55729 68
55730 67
55743 68
55753 67
55783 66
55787 65
55791 64
55830 63
55868 64
55869 65
55896 64
55907 63
55916 62
55961 63
55975 62
55976 61
55983 60
55988 59
55992 60
55996 61
56030 60
56032 61
56040 60
56040 59
56151 58
56152 59
56176 58
56188 57
56236 56
56252 57
56300 56
56312 57
56402 58
56437 59
56444 60
56462 59
56488 60
56499 61
56515 62
56524 63
56537 64
56608 65
56617 64
56655 63
56692 64
56729 65
56743 66
56756 67
56764 66
56854 67
56895 68
56904 69
56915 70
56917 69
56919 68
56939 67
56949 66
56991 65
57012 64
57058 63
57063 64
57095 65
57098 64
57110 63
57115 62
57116 61
57119 60
57125 59
57151 58
57162 57
57164 58
57164 59
57169 60
57218 59
57284 58
57296 59
57301 58
57328 57
57387 56
57396 57
57397 58
57398 57
57400 56
57404 57
57445 56
57458 57
57503 58
57508 57
57611 58
57623 59
57626 60
57632 59
57632 58
57635 57
57649 58
57677 57
57716 56
57732 57
57748 58
57784 57
57791 58
57799 59
57800 60
57802 61
57802 60
57865 61
57866 60
57870 59
57891 58
57906 57
57916 58
57927 57
57934 58
57939 57
57940 58
57949 57
57968 58
57970 59
57984 58
58008 57
58010 56
58014 55
58018 56
58048 57
58066 56
58082 57
58094 56
58124 57
58146 58
58149 59
58158 60
58193 61
58224 60
58292 59
58294 58
58303 57
58308 56
58311 57
58315 58
58416 59
58445 60
58447 59
58468 58
58533 59
58534 60
58535 59
58544 60
58560 61
58567 60
58570 61
58586 62
58587 63
58592 62
58597 63
58600 64
58602 63
58624 64
58625 63
58653 64
58658 63
58664 62
58696 63
58701 64
58733 63
58756 62
58765 63
58876 64
58924 65
58931 66
58935 65
58971 64
58984 65
58992 64
58995 65
58999 64
59000 63
59000 64
59004 63
59024 64
59054 63
59063 64
59074 63
59116 62
59121 61
59122 60
59129 59
59154 58
59162 59
59184 58
59188 59
59245 60
59252 59
59264 60
59296 59
59362 60
59396 61
59412 62
59416 61
59455 62
59500 61
59532 60
59554 59
59587 60
59624 59
59637 58
59642 59
59679 60
59689 59
59696 58
59716 59
59778 58
59781 57
59823 58
59864 59
59920 60
59924 59
59932 60
59942 59
59991 60
60025 59
60040 60
60045 61
60045 62
60048 63
60068 64
60127 65
60161 64
60184 65
60276 64
60278 65
60304 64
60373 65
60382 66
60392 65
60404 66
60455 65
60464 64
60486 65
60488 64
60520 65
60524 66
60524 67
60541 66
60579 67
60605 68
60616 69
60643 68
60684 67
60697 66
60734 67
60793 66
60796 65
60800 66
60804 67
60818 66
60922 65
60940 64
60957 65
60977 64
60985 63
61034 64
61069 63
61108 62
61108 61
61128 60
61137 59
61140 58
61145 57
61151 58
61161 57
61166 56
61187 57
61190 56
61196 57
61283 58
61304 59
61305 60
61309 61
61310 62
61339 63
61342 64
61368 63
61373 62
61416 63
61420 62
61420 61
61444 60
61500 61
61501 62
61504 63
61510 62
61531 61
61572 60
61576 59
61585 58
61604 59
61628 60
61629 61
61655 60
61663 59
61687 60
61695 59
61723 58
61750 57
61764 56
61771 55
61772 54
61787 55
61792 56
61798 57
61825 58
61826 59
61828 60
61836 59
61840 58
61865 57
61879 56
61882 55
61939 56
61944 55
61950 56
62000 55
62032 54
62076 55
62153 56
62153 55
62176 56
62214 57
62215 58
62216 59
62216 60
62217 59
62222 60
62244 59
62261 58
62264 59
62281 58
62317 57
62322 58
62322 59
62368 58
62368 57
62388 58
62417 57
62465 56
62477 55
62488 56
62490 57
62496 58
62497 59
62558 58
62585 57
62624 58
62692 59
62697 58
62721 59
62726 60
62727 61
62734 62
62771 63
62776 64
62776 65
62781 64
62793 63
62807 62
62808 61
62830 62
62849 61
62852 60
62912 61
62919 62
62936 61
62948 60
62972 59
62988 58
62994 59
63009 60
63015 61
63018 62
63022 61
63050 60
63125 61
63133 60
63147 61
63149 62
63205 63
63240 64
63276 63
63282 64
63284 63
63313 62
63318 63
63320 62
63332 61
63337 62
63337 63
63340 64
63345 65
63349 64
63374 63
63392 64
63405 63
63461 62
63544 63
63556 64
63559 65
63577 64
63611 65
63619 64
63628 65
63646 64
63650 63
63667 64
63668 65
63674 64
63683 63
63698 62
63763 63
63796 62
63797 61
63830 62
63835 63
63842 64
63876 63
63922 64
63981 63
63989 62
63996 63
64000 64
64024 65
64030 66
64035 67
64054 66
64060 65
64070 64
64111 63
64114 64
64116 63
64184 62
64224 61
64256 62
64256 63
64260 64
64260 65
64263 66
64272 65
64325 66
64329 65
64331 64
64335 65
64347 64
64407 63
64428 62
64429 63
64463 64
64497 63
64498 62
64545 63
64565 62
64590 63
64597 64
64598 65
64609 64
64619 63
64692 62
64698 61
64701 60
64703 59
64752 60
64760 59
64788 58
64813 57
64894 56
64896 55
64904 56
64929 55
64943 56
64944 57
64951 58
64964 57
64984 58
64988 57
65027 58
65062 57
65075 56
65094 57
65102 58
65116 57
65122 58
65152 59
65169 58
65184 57
65204 58
65205 59
65226 58
65232 59
65248 60
65266 59
65343 58
65354 59
65368 60
65382 59
65388 58
65412 59
65412 60
65452 61
65452 62
65458 61
65464 62
65472 61
65492 60
65514 59
65526 60
65561 59
65604 58
65632 59
65638 58
65638 57
65638 56
65640 55
65654 54
65662 53
65705 54
65708 53
65712 52
65736 51
65736 52
65740 53
65740 54
65753 55
65754 56
65785 57
65789 58
65816 57
65845 56
65864 57
65913 58
65935 59
65936 60
65937 59
65940 58
65952 57
65978 56
65981 57
66006 56
66041 57
66081 58
66084 59
66122 58
66125 57
66130 58
66130 59
66152 58
66173 59
66174 58
66244 57
66262 58
66263 59
66265 58
66266 57
66326 56
66344 57
66388 58
66388 59
66466 60
66471 59
66472 60
66540 59
66566 58
66588 57
66592 58
66592 57
66598 56
66620 57
66678 58
66755 59
66796 60
66799 61
66803 60
66810 61
66823 62
66828 63
66837 62
66873 63
66874 62
66893 63
66968 62
66969 61
66971 62
66996 61
66996 60
67018 61
67027 62
67040 61
67051 62
67055 61
67058 60
67072 61
67128 62
67187 61
67199 60
67205 59
67208 60
67209 59
67270 60
67280 61
67292 62
67307 63
67311 64
67351 65
67361 64
67379 63
67397 62
67434 61
67448 60
67472 61
67472 62
67490 61
67507 62
67521 63
67622 64
67727 63
67745 64
67765 63
67777 64
67797 63
67812 64
67842 63
67850 62
67896 63
67944 62
67960 61
67976 60
67998 61
68009 62
68013 63
68018 64
68018 65
68020 66
68053 65
68065 66
68067 65
68067 66
68101 67
68136 66
68142 65
68176 66
68177 65
68202 66
68209 67
68216 66
68228 67
68262 66
68269 67
68301 68
68359 67
68410 66
68417 65
68417 66
68445 65
68516 66
68519 67
68523 66
68528 65
68616 64
68625 63
68625 64
68655 63
68656 64
68661 63
68667 62
68702 61
68731 60
68776 59
68788 60
68789 61
68808 60
68824 59
68872 60
68873 59
68881 58
68932 57
68958 58
68984 59
69054 58
69111 59
69138 58
69144 57
69161 58
69167 57
69167 58
69213 59
69228 60
69240 61
69280 60
69286 59
69286 60
69287 61
69292 60
69294 61
69311 62
69313 63
69341 62
69366 61
69373 60
69384 59
69428 58
69431 59
69442 58
69452 57
69453 58
69461 57
69464 58
69469 59
69502 60
69524 59
69565 58
69614 59
69655 58
69659 57
69661 56
69676 55
69688 54
69704 53
69717 54
69748 55
69748 56
69750 55
69756 54
69847 53
69851 52
69862 53
69882 52
69909 51
69916 52
69916 53
69916 54
69916 55
69928 56
69929 57
69932 58
69948 57
70003 56
70043 57
70044 56
70045 55
70058 56
70068 55
70096 54
70131 55
70148 56
70210 57
70216 58
70250 59
70251 58
70290 57
70292 56
70300 57
70320 56
70324 55
70382 56
70384 57
70387 58
70393 59
70393 60
70401 59
70404 58
70404 57
70412 58
70436 59
70449 60
70450 61
70464 62
70472 61
70507 62
70517 61
70536 62
70577 63
70582 64
70590 65
70616 64
70625 65
70649 64
70700 65
70704 64
70792 63
70798 62
70808 63
70823 62
70828 61
70848 62
70856 63
70868 62
70921 61
70923 60
70923 59
70957 60
70989 61
71012 62
71100 61
71109 62
71113 63
71122 64
71128 65
71147 64
71168 65
71217 64
71294 65
71296 66
71297 65
71312 66
71417 67
71434 66
71463 67
71491 66
71496 67
71569 66
71583 67
71597 66
71641 67
71660 68
71668 67
71700 68
71792 67
71794 68
71795 67
71803 66
71808 67
71820 68
71860 69
71877 70
71890 69
71908 70
71915 69
71928 68
71939 67
71946 66
71951 65
72012 66
72154 65
72172 66
72215 67
72244 66
72282 65
72293 66
72316 65
72345 64
72345 65
72351 66
72352 65
72361 64
72409 65
72443 66
72476 67
72480 66
72500 65
72544 64
72566 65
72571 66
72571 65
72588 66
72623 67
72624 66
72684 65
72779 64
72779 63
72794 62
72853 61
72916 62
73012 63
73028 62
73047 61
73074 62
73093 61
73115 60
73127 61
73140 60
73148 59
73163 60
73168 61
73205 62
73232 61
73245 62
73246 61
73249 60
73250 61
73276 60
73300 59
73397 58
73416 59
73421 60
73452 59
73460 60
73463 59
73472 60
73472 61
73491 60
73527 61
73532 61
73532 60
73533 59
73536 58
73538 58
73540 57
73543 57
73545 57
73545 56
73548 55
73548 54
73556 53
73563 54
73585 55
73591 54
73624 55
73644 54
73669 55
73672 54
73699 55
73761 54
73768 53
73778 52
73799 53
73804 54
73808 53
73810 54
73812 54
73812 54
73817 54
73822 53
73822 52
73834 51
73835 52
73837 51
73841 51
73841 51
73861 52
73923 53
73930 52
73930 53
73935 52
73936 51
73938 50
73940 49
73941 49
73943 49
73944 48
73945 49
73946 48
73947 47
73947 46
73948 45
73962 44
73987 43
73997 42
74004 41
74033 42
74073 43
74081 43
74089 43
74095 43
74124 42
74124 41
74141 42
74144 43
74153 42
74153 41
74153 40
74153 40
74157 40
74160 39
74180 39
74186 40
74192 41
74194 40
74200 40
74222 41
74240 42
74243 43
74254 44
74277 43
74317 44
74352 45
74382 46
74392 47
74392 48
74406 49
74432 50
74448 51
74450 52
74461 51
74466 52
74485 53
74488 54
74497 53
74497 52
74497 52
74497 51
74498 50
74498 49
74498 48
74498 48
74498 47
74498 46
74508 45
74508 44
74509 45
74510 44
74512 43
74513 42
74515 41
74516 40
74518 39
74528 40
74531 41
74535 40
74541 41
74543 40
74546 39
74546 38
74548 37
74559 38
74560 39
74567 40
74587 41
74595 42
74609 43
74615 42
74627 43
74642 42
74708 43
74712 44
74716 43
74723 44
74759 45
74761 46
74774 47
74774 48
74816 49
74816 50
74844 51
74850 50
74853 51
74858 50
74862 49
74862 48
74866 47
74890 48
74891 47
74940 48
74959 49
74961 48
74962 47
74969 46
74980 47
74995 48
75004 49
75008 50
75035 51
75038 52
75048 53
75058 52
75092 53
75092 54
75104 55
75132 56
75157 57
75168 58
75182 59
75199 58
75200 59
75200 60
75203 59
75207 58
75235 59
75252 58
75253 57
75260 56
75276 55
75280 54
75317 53
75318 52
75318 51
75319 52
75324 53
75336 52
75350 53
75392 54
75417 53
75418 52
75419 53
75421 54
75438 55
75455 56
75463 55
75472 54
75480 55
75492 56
75507 55
75512 54
75531 53
75551 52
75558 53
75562 54
75580 53
75608 52
75626 53
75628 54
75631 55
75631 56
75640 55
75643 54
75646 54
75676 53
75682 54
75692 55
75696 56
75717 57
75722 58
75732 57
75739 58
75764 59
75792 60
75837 61
75928 62
75956 63
76026 64
76033 65
76045 64
76055 65
76088 64
76108 65
76117 64
76117 63
76120 64
76293 65
76327 66
76327 67
76335 68
76339 69
76416 68
76439 67
76463 66
76464 67
76518 68
76552 69
76572 70
76576 71
76800 70
76806 69
76873 70
76893 69
76967 68
76972 69
77012 70
77039 69
77063 68
77093 67
77143 66
77164 67
77293 68
77298 67
77333 66
77342 65
77355 66
77356 67
77364 68
77420 67
77424 68
77431 69
77452 70
77459 69
77509 70
77597 69
77600 68
77601 69
77674 68
77686 69
77688 70
77696 69
77702 68
77732 67
77746 66
77820 67
77829 66
77859 65
77860 64
77912 63
77935 62
77968 61
77991 62
77993 61
78004 62
78004 63
78007 62
78015 63
78016 64
78016 63
78117 62
78216 61
78227 60
78234 59
78237 60
78240 59
78248 60
78255 59
78256 58
78256 57
78351 56
78352 55
78366 54
78386 55
78412 56
78414 57
78417 58
78436 57
78476 56
78477 55
78493 54
78501 53
78509 54
78514 55
78541 56
78552 57
78560 56
78616 55
78636 56
78644 55
78647 56
78664 55
78688 54
78750 55
78813 56
78819 57
78821 56
78822 57
78828 56
78873 55
78913 54
78936 55
78940 54
78944 55
78948 56
78959 57
78965 56
78999 55
79012 54
79015 53
79037 54
79053 55
79087 56
79109 57
79154 58
79161 57
79163 56
79184 57
79184 58
79191 59
79204 58
79224 57
79257 58
79266 59
79267 58
79272 57
79280 56
79293 55
79303 54
79331 55
79340 54
79346 53
79346 54
79357 53
79368 52
79396 51
79483 52
79500 53
79511 54
79516 55
79533 54
79576 55
79577 56
79601 57
79657 56
79688 55
79722 56
79734 57
79738 58
79749 59
79749 60
79790 59
79796 58
79809 57
79814 58
79816 59
79854 60
79910 61
79918 60
79979 61
79980 62
80031 63
80080 64
80089 63
80132 64
80132 65
80149 64
80156 65
80157 66
80172 67
80181 66
80186 67
80220 66
80256 67
80258 68
80266 69
80268 70
80307 69
80330 70
80393 71
80417 72
80428 71
80498 70
80518 71
80568 72
80568 71
80597 72
80608 73
80680 72
80697 71
80728 70
80748 71
80804 72
80822 73
80836 72
80839 71
80840 70
80912 69
80914 68
81007 67
81016 66
81044 65
81051 64
81056 63
81104 64
81149 63
81159 62
81167 63
81183 62
81216 63
81239 64
81242 65
81256 66
81357 67
81375 66
81389 67
81392 68
81396 69
81436 68
81440 67
81484 66
81567 65
81569 66
81590 65
81596 66
81597 67
81656 66
81669 65
81680 64
81686 63
81688 62
81699 63
81702 62
81718 63
81724 62
81755 63
81773 64
81835 63
81869 62
81890 63
81902 64
81937 63
81942 62
81972 61
81984 62
81991 63
81996 62
82012 63
82016 62
82026 61
82029 60
82069 61
82073 60
82100 59
82156 58
82169 59
82184 58
82195 59
82200 58
82209 59
82212 58
82221 57
82249 56
82279 57
82291 58
82316 57
82349 58
82351 59
82368 58
82387 57
82396 58
82396 59
82397 58
82425 59
82436 58
82463 57
82510 56
82548 57
82567 58
82582 57
82583 56
82600 57
82600 58
82608 57
82634 56
82661 55
82676 54
82717 55
82718 54
82784 55
82801 56
82808 55
82816 54
82821 55
82827 56
82832 57
82833 58
82833 59
82887 60
82889 61
82900 62
82905 61
82912 60
82945 59
82958 60
82972 61
82981 62
82992 61
82996 60
83013 61
83042 60
83059 59
83088 58
83096 57
83109 58
83212 57
83218 58
83219 59
83230 58
83232 59
83320 58
83324 57
83332 58
83337 57
83341 56
83372 55
83391 54
83408 53
83455 54
83498 55
83505 54
83559 53
83576 54
83604 55
83661 56
83669 57
83681 56
83694 55
83713 54
83728 55
83728 56
83740 57
83744 58
83759 57
83771 58
83782 59
83785 60
83788 59
83808 60
83851 61
83863 62
83874 63
83875 62
83899 61
83910 62
83934 63
83936 64
83936 65
83944 64
83964 65
83973 66
83976 67
84049 66
84052 65
84088 66
84091 65
84125 66
84263 65
84272 64
84287 63
84321 64
84349 63
84367 62
84376 63
84386 62
84452 61
84492 60
84560 59
84580 60
84587 61
84600 60
84633 59
84636 60
84636 61
84666 62
84680 63
84729 64
84744 65
84770 64
84793 63
84796 62
84815 63
84837 62
84869 63
84877 64
84892 63
84893 64
84900 65
84963 66
84967 67
85000 68
85006 67
85084 66
85141 65
85153 64
85153 63
85169 64
85172 65
85174 64
85192 63
85200 64
85252 63
85256 62
85290 63
85307 62
85308 63
85308 62
85331 61
85369 60
85383 59
85395 60
85424 59
85464 58
85526 57
85576 56
85636 57
85664 58
85664 59
85664 58
85670 59
85692 60
85726 59
85734 58
85736 57
85780 56
85874 57
85876 58
85882 59
85900 60
85922 61
85963 62
85971 61
85971 60
85974 59
85984 60
86016 59
86095 60
86096 61
86098 60
86101 61
86103 62
86121 63
86132 62
86139 61
86158 60
86193 59
86214 58
86257 59
86259 60
86259 61
86279 62
86300 63
86339 62
86344 61
86351 60
86352 61
86355 60
86371 61
86397 60
86418 61
86437 60
86500 61
86515 62
86533 61
86556 62
86564 61
86568 60
86605 59
86607 60
86618 59
86620 58
86624 57
86636 56
86692 57
86705 56
86730 57
86753 56
86767 57
86783 56
86791 57
86804 56
86812 55
86842 54
86911 55
86916 56
86923 55
86929 54
86956 53
87054 54
87061 53
87071 52
87080 51
87140 50
87184 51
87184 50
87244 51
87253 52
87273 53
87277 54
87281 55
87288 54
87302 55
87305 54
87309 55
87311 56
87311 57
87313 58
87317 59
87328 60
87337 59
87384 58
87389 59
87433 60
87451 61
87456 60
87468 59
87484 58
87493 57
87532 58
87532 57
87575 58
87576 59
87589 60
87591 61
87633 60
87633 59
87647 58
87685 59
87712 60
87736 61
87744 60
87759 59
87772 60
87804 59
87820 60
87822 59
87884 60
87923 61
87932 62
87954 63
87964 64
87972 65
88006 64
88013 63
88020 64
88024 65
88025 64
88048 63
88074 64
88107 63
88127 62
88146 63
88180 64
88213 63
88296 62
88300 63
88312 64
88376 63
88397 64
88421 63
88442 64
88454 63
88455 64
88519 65
88546 66
88548 67
88602 68
88604 67
88632 66
88641 65
88681 64
88717 65
88719 66
88719 65
88757 66
88757 67
88761 68
88781 67
88802 68
88802 69
88872 68
88880 69
88903 70
88912 69
88960 68
88969 69
88987 70
89058 69
89060 68
89076 67
89092 66
89132 65
89216 64
89216 63
89219 62
89239 63
89239 64
89247 63
89253 62
89299 61
89348 62
89416 61
89462 60
89466 59
89483 58
89502 57
89518 56
89560 57
89592 58
89595 57
89600 58
89615 57
89663 58
89664 59
89669 58
89676 59
89711 58
89724 57
89728 58
89733 57
89739 58
89805 59
89842 60
89848 59
89852 60
89857 59
89967 58
89980 57
89990 56
90004 57
90029 56
90030 57
90052 56
90060 57
90064 56
90068 57
90092 56
90102 55
90140 54
90186 55
90226 56
90229 57
90235 58
90251 59
90318 58
90328 57
90328 56
90348 57
90351 58
90359 59
90365 58
90381 57
90383 58
90384 57
90394 56
90406 55
90465 54
90476 55
90488 56
90489 57
90507 58
90510 57
90513 58
90523 57
90532 56
90620 57
90630 58
90641 59
90649 58
90674 57
90682 56
90768 55
90786 54
90788 55
90791 54
90816 55
90829 54
90898 53
90906 54
90924 55
90938 56
90982 55
91014 56
91022 57
91032 58
91032 59
91039 58
91073 59
91083 60
91104 61
91180 60
91200 61
91200 62
91228 61
91229 60
91240 61
91246 60
91287 61
91289 60
91290 61
91293 62
91321 63
91327 62
91335 61
91338 60
91350 61
91379 60
91383 59
91420 60
91428 61
91428 62
91429 61
91432 62
91444 63
91450 62
91452 61
91492 60
91500 61
91533 60
91574 61
91618 62
91637 63
91647 64
91651 65
91660 64
91672 63
91678 64
91736 63
91768 62
91821 61
91833 62
91844 63
91864 62
91864 61
91875 60
91877 59
91902 60
91908 61
91926 62
91962 61
92028 60
92036 61
92036 62
92055 63
92057 64
92080 63
92087 64
92105 63
92148 64
92152 63
92263 64
92271 63
92294 64
92297 65
92309 66
92309 67
92321 66
92323 65
92340 66
92349 65
92392 66
92394 67
92432 66
92469 65
92537 64
92548 63
92549 64
92580 63
92592 62
92602 61
92620 60
92693 59
92733 58
92769 59
92792 60
92827 61
92837 60
92840 59
92847 60
92886 59
92892 58
92930 59
92940 60
92948 59
92948 58
92961 57
93020 56
93068 57
93069 58
93069 59
93074 60
93077 61
93105 60
93164 61
93169 62
93170 63
93204 64
93209 63
93217 62
93219 61
93240 60
93263 61
93271 62
93318 61
93324 60
93356 61
93378 62
93407 63
93414 62
93422 61
93432 60
93464 61
93475 60
93547 59
93548 60
93548 61
93558 60
93578 59
93582 58
93605 59
93624 58
93701 57
93707 56
93710 57
93723 58
93736 59
93752 60
93752 61
93800 60
93801 59
93807 58
93811 57
93843 56
93969 57
93972 58
94017 59
94022 60
94036 59
94041 58
94063 59
94076 58
94095 59
94100 60
94104 59
94111 58
94132 57
94132 56
94160 57
94165 56
94180 57
94185 58
94216 57
94265 56
94289 55
94294 54
94296 53
94327 52
94400 51
94407 50
94457 51
94480 52
94487 51
94488 50
94489 49
94492 50
94500 49
94507 50
94516 51
94519 52
94544 51
94555 50
94576 51
94576 52
94592 53
94602 54
94604 55
94612 56
94708 57
94716 58
94728 59
94728 60
94749 59
94756 60
94758 59
94811 60
94915 61
94939 62
94947 63
94949 64
94958 65
94960 66
94973 67
94976 68
94994 67
95012 68
95021 69
95033 68
95038 67
95062 66
95064 65
95067 66
95078 65
95107 64
95152 65
95174 64
95180 65
95188 64
95193 63
95216 62
95228 61
95230 62
95251 61
95253 62
95356 61
95363 62
95375 63
95378 64
95381 65
95397 64
95417 65
95440 64
95479 65
95483 66
95484 67
95486 66
95500 65
95519 66
95532 65
95547 64
95552 65
95556 64
95560 63
95596 62
95616 61
95633 62
95714 61
95724 60
95736 59
95752 58
95757 59
95779 58
95789 57
95792 56
95887 57
95893 58
95910 57
95936 58
96008 57
96014 58
96048 59
96078 58
96084 57
96108 58
96165 59
96177 60
96177 61
96197 60
96240 61
96252 60
96260 59
96301 58
96319 59
96322 60
96328 61
96333 62
96388 63
96506 62
96510 63
96519 64
96520 63
96529 64
96548 63
96582 62
96582 61
96601 62
96621 63
96670 62
96700 61
96731 60
96732 61
96751 60
96756 59
96770 60
96785 61
96800 62
96831 61
96836 60
96872 61
96897 60
96912 61
96929 60
96937 59
96968 60
96997 59
96998 58
97036 59
97095 58
97109 59
97116 58
97122 57
97133 58
97138 57
97171 58
97172 59
97172 60
97176 61
97179 62
97220 61
97222 62
97235 61
97251 62
97256 63
97268 62
97281 63
97302 62
97365 61
97447 60
97460 61
97509 60
97526 61
97556 62
97562 61
97572 62
97575 63
97586 62
97589 61
97649 60
97662 61
97694 62
97784 63
97784 62
97805 63
97808 64
97824 63
97824 62
97840 61
97872 62
97892 61
97907 60
97941 61
97981 62
98048 63
98048 64
98092 65
98098 64
98100 63
98156 64
98172 63
98188 64
98204 65
98215 64
98222 63
98288 62
98324 63
98330 62
98358 61
98477 62
98504 63
98510 64
98511 65
98540 64
98550 63
98574 62
98595 61
98596 60
98649 61
98656 62
98669 63
98694 64
98712 65
98717 64
98717 65
98756 64
98777 63
98785 62
98842 61
98864 62
98865 63
98868 64
98872 65
98878 64
98883 63
98916 64
98916 65
98916 66
98930 67
98936 66
98938 65
98952 64
98978 63
99007 62
99114 61
99123 60
99124 61
99131 60
99133 61
99176 62
99230 61
99237 60
99248 61
99271 60
99296 59
99324 58
99326 59
99338 60
99339 61
99399 60
99416 61
99416 60
99416 59
99423 58
99448 57
99460 56
99461 57
99472 56
99473 55
99473 54
99514 53
99535 54
99547 55
99552 56
99565 55
99572 54
99596 53
99649 54
99652 53
99690 52
99717 53
99740 54
99803 53
99824 52
99845 53
99850 52
99851 53
99877 52
99940 51
99940 50
99944 51
99945 52
99946 53
99967 52
100013 53
100020 54
100021 55
100025 56
100026 55
100027 56
100034 55
100056 56
100120 55
100137 56
100181 57
100247 58
100268 57
100288 58
100288 59
100323 60
100323 61
100324 62
100341 61
100363 60
100400 61
100400 62
100406 61
100419 60
100420 59
100435 58
100454 59
100456 60
100458 59
100464 60
100493 61
100506 62
100530 61
100543 62
100552 61
100556 60
100576 61
100599 60
100605 59
100610 58
100620 59
100629 60
100630 61
100632 62
100689 63
100695 62
100707 61
100722 60
100736 59
100804 60
100814 59
100835 58
100838 59
100840 60
100846 61
100848 62
100851 63
100860 62
100868 61
100883 60
100924 59
100931 60
100956 59
100978 58
101007 57
101016 58
101026 57
101037 56
101047 55
101072 56
101088 57
101090 58
101160 59
101218 58
101219 57
101232 58
101236 59
101253 60
101297 59
101316 58
101378 59
101397 58
101423 59
101435 60
101437 61
101438 60
101443 59
101451 60
101566 59
101600 58
101636 59
101647 58
101678 59
101684 60
101685 61
101691 60
101694 61
101724 60
101757 61
101758 62
101825 61
101841 62
101854 63
101854 64
101856 65
101857 66
101881 67
101908 68
101918 67
101929 68
101981 69
101984 68
101989 69
102025 68
102076 69
102200 70
102217 69
102220 68
102229 67
102231 68
102236 67
102254 68
102260 67
102271 68
102277 67
102284 66
102288 65
102316 64
102330 63
102362 64
102384 63
102394 64
102396 63
102415 64
102444 65
102449 66
102451 67
102452 68
102458 67
102459 68
102532 67
102627 68
102633 67
102634 66
102636 67
102637 66
102642 67
102644 66
102663 65
102666 66
102666 67
102713 66
102823 65
102832 64
102832 63
102854 62
102857 61
102901 62
102910 61
102911 60
102948 59
102953 60
102966 59
103030 58
103072 57
103091 58
103092 59
103120 60
103142 61
103164 62
103168 61
103180 60
103200 61
103208 60
103211 61
103230 62
103236 63
103237 64
103240 63
103264 62
103264 61
103298 60
103326 59
103350 60
103353 61
103363 62
103368 63
103440 62
103457 61
103460 62
103476 63
103504 64
103545 63
103596 64
103617 63
103637 64
103667 63
103668 62
103683 63
103716 62
103736 63
103760 62
103767 61
103772 60
103792 61
103793 60
103801 61
103845 60
103888 61
103905 62
103952 61
103971 60
103976 59
104048 60
104050 61
104068 62
104103 61
104104 60
104145 59
104147 58
104157 57
104217 58
104259 57
104261 58
104264 59
104269 60
104374 59
104380 60
104380 61
104400 62
104450 61
104466 62
104492 63
104495 62
104498 61
104517 62
104522 61
104544 62
104548 63
104550 64
104556 65
104560 66
104591 65
104655 66
104697 65
104701 64
104721 63
104732 62
104740 61
104840 60
104848 61
104873 60
104932 61
104963 60
104968 59
105012 60
105024 61
105026 60
105029 59
105034 58
105037 57
105054 58
105067 59
105136 60
105142 61
105147 62
105162 61
105227 60
105240 59
105279 58
105326 59
105362 60
105365 61
105389 60
105412 61
105424 62
105452 63
105453 64
105463 63
105499 64
105499 65
105499 66
105500 65
105512 64
105536 65
105556 64
105556 63
105564 64
105564 65
105668 64
105700 65
105724 64
105773 63
105814 64
105832 65
105833 66
105908 67
105928 66
105928 65
105933 64
105961 63
105988 62
106001 63
106024 62
106050 61
106052 62
106054 63
106059 62
106092 61
106124 62
106129 61
106132 62
106137 63
106155 62
106160 61
106199 60
106227 59
106236 58
106264 57
106268 56
106331 57
106355 56
106370 55
106375 54
106393 55
106439 54
106452 55
106465 56
106468 57
106483 58
106541 57
106544 56
106580 57
106580 58
106588 59
106595 58
106613 57
106633 58
106644 57
106646 56
106662 55
106666 54
106669 55
106669 54
106680 53
106695 54
106701 55
106758 54
106789 53
106808 54
106832 53
106848 54
106863 55
106888 54
106896 55
106942 54
106968 53
106980 54
107012 53
107018 52
107048 53
107051 54
107096 53
107098 54
107099 55
107109 54
107156 55
107161 54
107168 55
107176 54
107230 53
107250 54
107251 55
107263 56
107266 55
107295 56
107343 55
107370 54
107381 55
107398 56
107406 57
107410 58
107432 57
107456 58
107486 59
107500 60
107503 59
107521 58
107562 57
107564 56
107644 55
107676 56
107680 57
107703 58
107712 57
107742 58
107759 57
107772 58
107772 59
107848 58
107849 59
107864 58
107872 57
107872 56
107880 55
107918 56
107941 57
107947 56
107951 57
107964 58
107965 59
107982 60
107984 61
107993 62
108007 63
108011 62
108064 63
108081 64
108085 65
108190 66
108191 65
108205 64
108220 63
108256 64
108265 65
108273 66
108288 65
108300 66
108364 67
108372 66
108393 67
108443 66
108460 65
108475 66
108477 67
108477 66
108495 65
108499 64
108511 63
108519 62
108541 63
108542 62
108544 63
108617 64
108641 65
108641 66
108656 65
108671 66
108671 65
108673 64
108733 63
108759 62
108759 61
108776 60
108789 61
108845 62
108908 61
108918 62
108936 61
108974 60
108978 59
108987 58
109008 57
109016 56
109062 57
109133 56
109139 55
109148 56
109149 57
109188 58
109192 59
109272 60
109288 61
109292 60
109342 59
109368 58
109385 57
109408 58
109421 59
109427 60
109440 61
109516 62
109537 63
109547 64
109620 63
109627 64
109673 63
109696 64
109704 63
109718 64
109721 65
109732 64
109787 63
109805 62
109811 61
109812 60
109832 59
109833 60
109833 61
109842 62
109845 63
109879 62
109908 61
109923 60
109933 59
109972 60
110017 61
110020 60
110069 59
110100 58
110107 57
110116 56
110147 57
110165 56
110181 57
110197 58
110198 57
110204 58
110221 59
110227 60
110229 59
110243 60
110259 59
110278 60
110325 61
110343 62
110356 63
110368 62
110371 61
110381 60
110383 59
110400 58
110409 57
110412 58
110438 57
110441 56
110443 55
110464 56
110506 57
110512 58
110530 57
110534 56
110574 57
110584 58
110604 57
110615 58
110657 59
110672 58
110676 57
110676 56
110683 55
110731 56
110748 55
110749 56
110755 55
110785 54
110786 53
110788 54
110799 55
110811 54
110828 53
110878 52
110896 53
110899 54
110933 53
110933 54
110972 53
110993 54
111037 55
111150 56
111156 57
111176 58
111207 57
111230 56
111233 57
111244 58
111258 57
111279 56
111304 57
111336 56
111344 57
111355 56
111375 55
111389 56
111420 55
111436 54
111449 55
111468 54
111474 55
111500 54
111501 55
111564 56
111584 57
111584 56
111584 55
111604 56
111655 57
111660 58
111668 57
111671 58
111683 59
111708 60
111744 61
111752 60
111754 61
111784 62
111789 61
111789 62
111803 63
111810 64
111852 65
111864 66
111872 65
111923 66
111956 65
111960 64
111963 63
111970 62
111988 63
112031 62
112040 61
112058 62
112098 63
112120 62
112147 61
112156 62
112201 61
112217 60
112241 59
112252 60
112282 61
112312 60
112322 61
112327 62
112332 63
112333 64
112372 65
112378 64
112380 65
112394 64
112407 63
112437 62
112455 63
112533 62
112555 61
112561 62
112592 63
112636 64
112638 65
112648 66
112684 65
112721 64
112752 63
112780 62
112805 63
112824 62
112862 61
112873 60
112895 59
112904 58
112905 59
112990 60
113046 59
113068 58
113088 57
113141 58
113152 59
113210 58
113224 59
113225 60
113233 61
113239 60
113312 61
113396 60
113404 61
113410 62
113424 61
113450 62
113451 63
113463 62
113498 61
113504 62
113508 61
113520 60
113576 61
113587 62
113635 61
113664 60
113669 61
113674 62
113712 61
113719 62
113725 63
113746 64
113756 63
113766 62
113808 61
113812 60
113847 61
113856 62
113858 63
113864 64
113865 63
113872 62
113879 61
113889 60
113924 61
113994 62
114059 63
114091 62
114098 61
114115 62
114133 61
114150 60
114163 59
114172 58
114192 57
114194 56
114208 57
114226 58
114236 57
114251 56
114262 55
114268 56
114269 57
114282 58
114284 59
114287 60
114312 59
114314 58
114343 57
114380 58
114381 59
114384 58
114385 59
114409 58
114436 59
114450 58
114460 57
114461 56
114492 55
114496 56
114504 55
114507 54
114528 55
114530 56
114536 57
114542 56
114615 55
114620 54
114652 55
114690 56
114724 57
114765 56
114833 57
114836 58
114840 57
114843 58
114908 57
114909 56
114926 57
114976 56
114988 55
115005 54
115026 53
115045 54
115067 53
115092 54
115100 53
115128 52
115134 53
115159 54
115167 53
115186 52
115224 51
115244 52
115256 53
115282 52
115289 51
115300 52
115301 53
115305 54
115306 55
115306 56
115320 55
115321 54
115340 55
115358 54
115379 55
115409 56
115446 57
115456 56
115498 57
115503 58
115505 59
115515 58
115563 59
115592 60
115617 61
115631 60
115655 61
115658 62
115660 63
115681 62
115689 61
115732 60
115739 61
115793 60
115799 59
115799 58
115822 59
115848 60
115858 61
115861 62
115890 63
115896 64
115907 63
115914 62
115958 61
115988 60
115992 61
115997 60
116045 59
116055 60
116059 61
116060 62
116089 61
116104 60
116116 59
116123 60
116134 59
116146 58
116200 59
116241 60
116259 59
116263 58
116278 59
116301 60
116302 61
116328 60
116333 61
116335 60
116427 59
116480 60
116514 61
116516 62
116521 61
116540 60
116568 59
116610 60
116633 61
116634 62
116648 63
116708 62
116736 61
116755 62
116803 61
116813 60
116823 59
116827 60
116829 61
116844 60
116920 61
116920 62
116927 61
116928 60
116932 61
116933 62
117028 63
117046 64
117132 63
117143 62
117180 63
117192 64
117206 63
117212 64
117232 63
117240 62
117264 63
117317 64
117350 63
117364 62
117370 61
117392 62
117422 63
117434 62
117437 63
117441 62
117453 63
117469 64
117475 63
117512 64
117536 65
117556 64
117559 63
117579 62
117584 61
117619 62
117640 61
117646 60
117649 59
117652 58
117699 59
117709 58
117748 57
117807 56
117818 57
117856 58
117856 57
117864 58
117874 59
117878 58
117918 57
117919 56
117951 55
117961 56
117977 57
117986 56
117988 57
117996 58
118002 57
118020 58
118092 57
118128 58
118181 59
118201 58
118201 57
118201 56
118203 55
118210 56
118236 57
118243 56
118270 57
118273 58
118276 59
118350 58
118381 57
118393 58
118394 57
118401 58
118408 57
118438 58
118494 59
118500 60
118521 59
118525 60
118560 59
118569 60
118608 61
118616 60
118633 61
118656 60
118671 61
118671 60
118697 59
118698 58
118711 59
118714 58
118716 59
118716 60
118728 61
118731 60
118735 59
118774 60
118817 61
118831 62
118836 61
118882 60
118904 59
118911 58
118932 57
118933 56
118937 57
118998 56
119005 57
119026 56
119045 55
119068 54
119104 55
119126 56
119129 55
119130 54
119144 55
119145 56
119145 57
119164 56
119196 57
119269 58
119279 59
119324 60
119331 61
119333 62
119405 63
119409 62
119424 61
119427 62
119447 61
119479 62
119520 61
119528 62
119535 61
119542 62
119620 61
119627 60
119638 59
119686 58
119688 57
119702 56
119708 57
119783 56
119783 55
119788 56
119794 57
119794 58
119824 57
119843 58
119876 59
119902 60
119913 61
119952 60
119957 59
119968 60
119969 61
119976 62
119990 61
119997 62
120017 63
120096 62
120098 61
120126 60
120132 59
120187 58
120189 59
120201 58
120207 57
120214 58
120227 59
120229 60
120233 61
120260 62
120279 61
120305 62
120323 63
120350 62
120351 63
120389 62
120433 63
120469 62
120472 61
120550 62
120552 61
120554 62
120556 61
120635 60
120637 59
120668 60
120682 61
120702 60
120704 59
120712 58
120764 59
120772 58
120780 59
120792 60
120833 61
120862 60
120873 61
120888 62
120890 63
120892 64
120944 65
120945 64
120976 63
120987 62
121059 61
121087 62
121093 61
121096 60
121097 61
121128 60
121137 61
121160 60
121179 61
121200 60
121205 59
121237 60
121288 59
121292 58
121308 57
121320 56
121326 55
121361 54
121361 53
121362 54
121395 55
121396 56
121398 57
121400 58
121429 57
121470 58
121478 59
121534 60
121560 61
121566 60
121570 61
121576 62
121605 63
121608 64
121623 63
121659 62
121661 63
121663 62
121718 63
121752 64
121792 63
121796 64
121800 63
121827 64
121828 63
121897 62
121907 61
121920 60
121926 59
121931 58
121931 57
121944 58
121952 57
121960 58
121985 59
121987 60
121994 61
122042 62
122087 61
122105 60
122127 59
122159 60
122159 61
122192 60
122226 59
122243 60
122260 61
122287 60
122331 61
122338 62
122342 63
122352 62
122395 63
122423 64
122423 65
122432 64
122440 63
122503 62
122542 61
122584 60
122588 61
122597 60
122664 61
122680 60
122707 59
122750 60
122754 59
122757 60
122757 61
122787 60
122795 61
122802 60
122810 61
122848 60
122851 61
122852 62
122894 61
123031 62
123050 63
123093 62
123093 61
123104 62
123123 61
123140 62
123147 63
123172 62
123180 63
123181 64
123188 63
123201 62
123219 61
123236 62
123241 61
123273 60
123300 59
123304 60
123312 59
123325 58
123333 57
123339 56
123358 57
123406 56
123412 57
123442 56
123474 55
123545 54
123563 55
123572 54
123576 55
123580 56
123607 57
123614 58
123615 59
123628 58
123629 59
123634 58
123636 59
123677 58
123681 57
123684 56
123701 55
123801 56
123801 57
123804 58
123890 59
123899 58
123912 57
123941 56
123962 57
123965 58
123970 59
123977 58
123992 59
124009 60
124016 61
124025 62
124053 61
124065 60
124093 59
124174 58
124179 57
124195 58
124207 59
124223 60
124237 61
124237 62
124242 63
124246 64
124248 63
124249 64
124281 65
124366 66
124373 67
124377 66
124390 65
124390 64
124406 63
124412 64
124418 63
124437 62
124442 61
124442 60
124450 61
124458 60
124496 61
124508 62
124513 61
124565 62
124623 61
124656 60
124680 61
124699 60
124713 59
124745 60
124745 61
124756 60
124775 59
124796 58
124800 59
124822 58
124824 57
124837 56
124840 57
124852 58
124863 57
124864 56
124884 57
124891 58
124896 57
124921 56
124943 55
124965 56
124971 57
124994 58
125009 59
125018 60
125022 59
125029 58
125062 57
125082 58
125096 57
125109 56
125137 57
125164 56
125165 55
125170 56
125207 57
125246 58
125252 57
125255 56
125274 55
125281 56
125309 57
125349 58
125392 57
125401 56
125426 57
125444 58
125500 59
125587 60
125597 61
125597 62
125607 61
125614 60
125624 59
125632 58
125637 59
125644 58
125644 57
125656 58
125678 57
125680 58
125715 57
125719 58
125736 59
125763 60
125766 59
125810 60
125816 61
125829 62
125898 63
125913 64
125920 65
125924 66
125946 67
125956 66
125982 65
125991 64
126015 63
126057 62
126067 61
126190 62
126190 63
126216 64
126229 63
126265 62
126295 61
126310 62
126317 61
126339 62
126340 63
126340 62
126344 63
126347 64
126383 63
126389 62
126413 61
126428 60
126442 61
126448 62
126473 63
126523 64
126577 65
126579 66
126629 65
126737 66
126737 67
126744 68
126753 67
126779 68
126783 67
126785 68
126790 67
126817 68
126879 69
126894 68
126909 67
126931 68
126969 69
126974 70
126991 69
127024 68
127038 67
127044 66
127089 65
127094 64
127129 63
127133 64
127137 65
127151 64
127154 63
127188 64
127220 63
127257 64
127257 65
127280 64
127293 63
127306 62
127310 61
127353 62
127361 61
127387 60
127412 59
127467 58
127502 57
127519 56
127596 57
127609 58
127667 59
127675 60
127684 61
127684 62
127695 63
127713 64
127748 63
127802 62
127819 63
127825 64
127834 63
127880 62
127915 63
127926 62
127929 63
127929 64
127953 63
127967 62
127967 63
127974 62
128013 63
128074 64
128088 63
128099 62
128110 61
128130 60
128134 59
128138 60
128159 61
128193 62
128210 61
128211 60
128227 59
128233 60
128237 61
128240 62
128248 61
128251 60
128252 59
128358 60
128360 59
128361 58
128365 57
128365 56
128366 55
128377 54
128414 53
128425 54
128432 55
128475 56
128489 57
128493 58
128534 57
128561 58
128567 57
128582 58
128585 57
128638 56
128641 55
128642 54
128650 55
128678 56
128697 57
128759 56
128789 55
128806 54
128817 53
128817 52
128833 51
128864 52
128893 53
128914 54
128941 53
128960 54
128970 53
128996 54
129019 53
129075 54
129123 55
129128 56
129137 57
129141 58
129155 59
129156 60
129166 61
129208 60
129237 61
129237 62
129241 61
129242 62
129274 63
129310 62
129315 63
129315 62
129405 61
129423 60
129461 59
129477 60
129516 59
129517 60
129524 59
129539 60
129553 61
129554 62
129571 63
129573 64
129586 63
129623 64
129650 65
129685 64
129705 65
129710 64
129714 65
129723 64
129729 63
129765 62
129778 61
129792 60
129798 61
129802 62
129804 63
129824 62
129829 63
129831 64
129843 63
129853 64
129915 65
129971 64
129978 65
129985 64
130010 63
130013 62
130016 63
130039 64
130047 63
130097 64
130114 65
130123 66
130128 65
130194 66
130217 67
130237 68
130258 67
130265 68
130307 67
130328 66
130346 65
130392 64
130441 65
130443 66
130444 67
130522 68
130552 67
130595 66
130597 67
130621 66
130649 67
130652 68
130684 67
130733 68
130742 67
130751 66
130764 67
130773 66
130802 65
130821 64
130824 65
130853 64
130860 63
130865 62
130909 63
130909 64
130912 63
130918 64
130950 63
130970 64
131001 63
131042 62
131050 63
131051 62
131097 61
131152 60
131160 59
131162 58
131165 59
131173 58
131203 59
131210 60
131228 59
131233 60
131292 59
131301 58
131301 57
131348 58
131353 57
131362 56
131517 57
131517 58
131526 59
131569 58
131591 57
131632 58
131633 57
131676 58
131694 59
131710 58
131761 59
131767 60
131772 61
131787 60
131806 61
131814 60
131843 59
131844 60
131853 61
131855 62
131856 63
131861 64
131866 63
131891 62
131937 61
131955 60
131957 59
131962 58
131986 59
131987 60
131989 59
131991 60
131997 61
132058 62
132073 63
132076 62
132093 63
132096 64
132113 63
132147 64
132151 65
132157 66
132189 65
132234 64
132239 63
132269 64
132271 63
132275 64
132279 63
132283 62
132307 61
132332 60
132350 59
132356 58
132363 57
132365 56
132368 57
132370 56
132371 57
132401 56
132413 55
132437 56
132485 55
132512 54
132514 55
132518 56
132532 55
132537 54
132537 53
132537 52
132549 51
132557 52
132569 53
132616 54
132625 55
132679 54
132697 53
132731 52
132738 51
132765 52
132767 53
132777 54
132779 53
132852 54
132857 55
132859 56
132863 55
132926 56
132937 57
132970 58
132973 59
132987 58
132991 57
132995 56
133069 57
133093 58
133093 59
133095 60
133209 59
133217 60
133225 59
133228 58
133233 59
133245 58
133250 59
133317 58
133323 57
133330 58
133357 57
133367 56
133409 57
133435 58
133439 59
133445 58
133451 59
133475 60
133501 59
133501 58
133515 57
133521 58
133526 57
133550 56
133588 55
133611 56
133613 57
133614 58
133641 59
133651 60
133680 59
133689 60
133705 59
133724 58
133735 57
133741 58
133773 57
133834 58
133848 57
133869 56
133875 57
133883 56
133890 57
133910 58
133921 57
133942 58
133945 57
133946 56
133949 55
133964 56
133989 57
133993 58
134008 57
134011 56
134019 55
134046 54
134049 53
134049 52
134057 53
134059 52
134066 53
134116 54
134122 55
134125 56
134128 55
134137 56
134157 57
134160 57
134161 56
134164 55
134166 55
134168 54
134170 53
134172 52
134173 51
134246 52
134305 53
134321 52
134390 53
134394 52
134395 53
134397 54
134400 55
134493 56
134504 57
134504 58
134532 57
134569 56
134584 55
134603 54
134605 55
134605 56
134638 55
134681 54
134696 55
134709 54
134713 55
134716 54
134721 55
134725 54
134726 53
134726 52
134749 51
134824 52
134827 51
134831 51
134837 52
134837 53
134886 54
134886 55
134892 56
134893 57
134896 56
134925 57
134929 56
134934 56
134937 56
134939 55
134966 54
134966 55
134970 56
134989 55
134991 54
135001 53
135024 54
135038 55
135038 54
135046 53
135046 52
135082 51
135125 52
135126 53
135153 54
135156 55
135236 56
135277 57
135283 58
135293 59
135307 60
135312 59
135313 58
135320 58
135329 57
135329 58
135329 57
135329 57
135337 56
135345 57
135363 56
135381 57
135381 58
135383 57
135385 56
135386 55
135386 55
135390 55
135396 54
135399 55
135428 56
135428 55
135479 54
135518 53
135527 54
135549 53
135570 54
135575 55
135594 56
135608 55
135652 56
135657 55
135689 54
135705 55
135705 56
135709 55
135713 54
135713 53
135715 54
135718 53
135751 54
135759 53
135764 54
135769 55
135771 56
135825 57
135917 58
135918 59
135918 58
135919 57
135921 56
135925 57
135928 57
135980 58
135986 58
135987 57
135987 56
135988 55
135990 54
135994 54
136005 53
136021 54
136139 55
136177 54
136180 55
136186 55
136213 56
136217 55
136220 54
136245 53
136245 54
136250 54
136250 53
136289 52
136290 51
136290 50
136313 49
136321 50
136336 51
136344 50
136345 51
136362 50
136405 51
136410 52
136414 51
136414 51
136414 50
136457 51
136462 52
136467 51
136469 50
136470 49
136472 49
136473 50
136474 49
136475 49
136477 48
136480 47
136480 47
136481 46
136485 47
136489 48
136494 47
136494 46
136496 45
136497 45
136497 44
136497 44
136497 44
136508 43
136537 42
136546 43
136553 42
136553 41
136555 42
136564 41
136579 42
136653 43
136661 42
136661 41
136661 41
136661 40
136661 39
136670 40
136677 41
136748 42
136751 43
136755 44
136779 45
136779 46
136825 45
136845 46
136873 47
136905 48
136942 49
136947 50
136957 51
136959 52
136961 53
136969 54
137049 55
137065 56
137070 57
137074 58
137148 59
137148 58
137149 59
137155 60
137156 61
137165 62
137190 63
137201 64
137201 65
137201 66
137210 65
137216 64
137246 65
137308 64
137325 65
137348 66
137359 67
137365 68
137365 69
137374 68
137387 69
137407 68
137477 69
137478 70
137480 71
137481 72
137489 72
137531 73
137533 74
137545 75
137561 76
137567 77
137585 76
137594 75
137607 76
137609 75
137626 76
137704 75
137716 76
137739 75
137742 76
137773 75
137785 74
137792 73
137801 72
137832 73
137843 72
137857 71
137904 70
137929 69
137956 68
137962 69
137983 69
138013 68
138022 67
138049 66
138093 67
138101 66
138101 65
138101 64
138101 63
138101 62
138104 61
138105 60
138106 60
138106 60
138106 59
138106 58
138106 57
138109 56
138114 55
138146 54
138150 53
138151 54
138163 53
138189 54
138194 55
138213 56
138237 57
138242 56
138244 55
138248 55
138260 56
138290 55
138337 56
138341 56
138342 55
138343 54
138346 53
138347 52
138348 51
138351 52
138361 51
138442 50
138491 49
138552 48
138573 47
138596 46
138600 47
138602 48
138608 47
138609 46
138613 45
138619 44
138657 45
138658 44
138668 43
138669 44
138676 43
138682 42
138682 42
138682 41
138682 40
138682 39
138682 38
138682 37
138683 36
138683 35
138686 34
138692 33
138692 33
138696 34
138713 35
138724 34
138724 33
138727 32
138750 31
138755 32
138769 33
138777 33
138793 34
138838 35
138868 34
138900 35
138905 34
138918 35
138947 36
138981 37
138985 38
138993 37
138993 36
139022 37
139040 38
139056 39
139057 40
139057 41
139062 40
139069 39
139069 38
139070 38
139070 37
139070 37
139070 36
139071 35
139073 35
139074 36
139076 35
139077 34
139097 35
139098 36
139100 37
139102 38
139165 39
139170 40
139171 41
139177 42
139189 43
139192 42
139193 43
139195 42
139197 41
139201 42
139213 43
139221 44
139221 45
139224 46
139227 46
139229 46
139232 46
139233 45
139234 44
139235 43
139235 43
139237 43
139242 42
139278 43
139289 44
139294 43
139297 42
139303 42
139304 41
139329 42
139329 43
139357 44
139361 45
139373 46
139373 47
139433 48
139434 47
139446 47
139448 47
139481 48
139486 47
139487 48
139491 49
139493 50
139501 51
139542 52
139552 51
139557 50
139573 49
139599 49
139601 48
139610 47
139630 48
139631 49
139642 48
139651 49
139652 48
139654 49
139670 48
139675 48
139692 47
139701 48
139768 49
139773 50
139778 50
139780 50
139782 50
139782 51
139783 51
139786 52
139787 51
139788 50
139790 50
139790 50
139797 51
139797 50
139802 50
139815 49
139822 49
139822 48
139833 47
139851 48
139880 49
139889 48
139892 47
139900 46
139917 45
139938 46
139940 45
139941 46
139946 47
139957 46
139957 45
139970 45
139973 44
140002 45
140016 46
140020 45
140028 46
140043 47
140045 48
140059 49
140079 48
140100 49
140110 50
140115 51
140119 51
140121 50
140121 49
140121 48
140121 47
140121 46
140121 45
140123 45
140128 45
140140 46
140144 47
140148 46
140161 45
140181 46
140184 46
140185 45
140191 46
140191 45
140197 45
140199 45
140199 44
140200 43
140204 43
140218 44
140228 43
140233 43
140244 44
140246 43
140294 44
140300 43
140301 42
140303 41
140304 41
140370 42
140438 43
140461 42
140462 42
140463 42
140465 43
140466 42
140468 41
140469 41
140472 40
140482 41
140492 42
140492 43
140495 44
140496 43
140503 43
140582 44
140589 43
140589 42
140600 41
140617 42
140624 42
140626 41
140629 40
140630 41
140638 42
140641 41
140645 42
140645 42
140649 41
140652 40
140661 41
140661 42
140676 43
140686 43
140730 44
140744 45
140755 45
140758 46
140761 45
140783 46
140793 45
140813 46
140838 47
140843 47
140858 48
140871 49
140881 50
140893 51
140896 50
140898 51
140900 51
140967 52
140971 51
140974 50
140974 50
140977 51
140978 51
140979 51
140981 50
140982 51
140983 50
140984 50
140985 49
140985 49
140985 48
140985 47
140985 46
140985 45
140990 44
140990 43
140991 42
140994 41
141017 41
141018 40
141023 41
141039 42
141052 41
141064 42
141073 43
141074 42
141075 42
141077 42
141084 42
141134 43
141137 44
141181 45
141185 46
141190 46
141197 45
141197 44
141204 43
141274 44
141283 43
141290 44
141294 44
141300 44
141305 44
141305 45
141306 44
141334 45
141335 45
141338 44
141339 43
141340 42
141341 42
141341 42
141341 42
141342 41
141342 42
141343 42
141344 42
141346 42
141346 41
141346 41
141346 40
141347 40
141347 40
141349 39
141350 38
141354 38
141401 39
141427 40
141429 41
141432 42
141438 43
141447 42
141453 41
141462 42
141466 42
141467 42
141468 42
141468 41
141468 42
141470 41
141471 41
141475 41
141475 40
141476 39
141482 39
141487 39
141490 40
141491 39
141491 38
141501 37
141535 38
141537 39
141541 40
141554 39
141591 40
141637 41
141680 42
141712 41
141713 40
141713 39
141762 40
141768 41
141769 41
141770 40
141775 39
141778 38
141780 37
141783 36
141785 37
141788 36
141789 36
141815 37
141815 38
141828 37
141831 36
141831 37
141844 36
141845 36
141845 36
141845 36
141845 36
141845 36
141847 35
141850 34
141852 34
141891 34
141910 33
141933 34
141934 35
141941 36
141941 35
141942 35
141943 35
141943 34
141943 33
141944 32
141947 32
141948 32
141949 31
141949 30
141949 29
141949 28
141949 27
141950 26
141952 27
141953 28
141954 27
141954 26
141958 26
141958 25
141960 25
141961 24
141961 23
141962 22
141969 22
141970 21
141972 20
141973 19
141975 19
142019 19
142019 20
142021 21
142024 21
142025 21
142026 21
142028 20
142028 19
142029 18
142030 18
142032 17
142032 17
142032 16
142056 17
142063 17
142066 16
142104 17
142112 18
142117 19
142117 20
142134 20
142158 21
142158 22
142158 23
142166 22
142166 22
142166 22
142167 22
142167 22
142169 22
142169 23
142169 23
142170 23
142173 23
142173 23
142173 24
142176 24
142177 24
142178 24
142179 23
142179 23
142180 23
142180 23
142181 24
142186 23
142189 23
142189 23
142189 23
142189 24
142189 23
142189 22
142193 22
142193 22
142197 21
142201 21
142202 21
142203 22
142205 21
142206 20
142207 20
142210 20
142220 20
142239 19
142240 18
142240 19
142241 20
142249 20
142249 19
142249 19
142249 19
142259 19
142263 19
142278 20
142278 20
142280 20
142281 21
142284 21
142288 20
142290 20
142295 21
142296 22
142299 22
142302 21
142302 20
142302 19
142302 19
142302 20
142303 20
142312 20
142313 20
142314 19
142316 19
142319 19
142322 19
142323 19
142327 19
142333 20
142351 21
142357 20
142357 19
142357 18
142404 19
142404 20
142409 20
142414 19
142415 18
142447 19
142452 20
142457 21
142474 22
142481 22
142493 22
142494 21
142495 21
142498 22
142505 22
142506 22
142507 23
142517 24
142517 25
142517 25
142526 26
142541 27
142558 27
142562 27
142565 26
142566 26
142567 26
142590 26
142590 27
142626 28
142633 27
142637 28
142638 29
142640 29
142689 30
142693 31
142695 30
142704 29
142708 29
142708 28
142709 27
142723 28
142725 27
142737 27
142742 28
142760 29
142805 30
142809 31
142813 32
142819 32
142837 31
142840 32
142855 33
142870 34
142888 33
142888 34
142892 33
142893 34
142897 33
142923 34
142937 35
142944 36
142945 36
142945 37
142946 38
142949 39
142957 38
142958 38
142970 37
143033 38
143041 37
143045 38
143057 37
143062 38
143064 37
143068 38
143069 39
143113 39
143113 40
143115 41
143117 42
143122 43
143129 44
143129 44
143131 43
143132 43
143134 44
143137 44
143157 45
143159 46
143164 47
143166 48
143204 49
143237 50
143272 51
143276 52
143290 53
143322 54
143334 55
143349 56
143354 55
143354 56
143358 55
143373 56
143384 57
143388 58
143395 59
143429 60
143448 61
143457 62
143457 63
143471 64
143473 65
143513 66
143535 67
143565 68
143568 67
143600 68
143608 69
143609 70
143625 69
143631 68
143632 69
143664 68
143670 67
143719 68
143726 69
143733 70
143753 69
143759 70
143763 69
143785 70
143817 69
143880 68
143891 69
143903 68
143914 67
143918 68
143930 69
143937 68
144009 67
144021 68
144083 69
144117 70
144152 69
144195 68
144335 69
144345 68
144347 67
144373 68
144507 69
144523 70
144640 71
144644 72
144797 71
144823 72
144930 73
145065 74
145073 73
145188 72
145202 73
145203 74
145248 73
145274 72
145288 71
145491 72
145492 73
145495 74
145499 75
145504 76
145510 77
145569 78
145609 77
145621 76
145646 77
145653 76
145675 75
145675 74
145675 73
145697 72
145717 71
145749 72
145752 73
145860 74
145929 73
145957 74
145957 75
145965 74
145977 73
145998 72
146003 71
146004 70
146005 69
146017 68
146021 67
146035 66
146043 65
146045 64
146100 63
146101 62
146126 61
146131 60
146135 59
146138 58
146140 57
146147 58
146151 57
146157 56
146158 55
146182 54
146185 53
146189 52
146190 51
146197 50
146210 49
146236 48
146237 47
146261 48
146263 49
146272 50
146275 49
146277 48
146316 49
146321 48
146323 47
146369 48
146415 47
146417 46
146431 45
146433 44
146434 43
146453 44
146461 43
146521 44
146529 43
146534 44
146535 45
146535 46
146537 47
146544 48
146553 47
146565 46
146577 47
146578 46
146589 47
146614 46
146618 47
146620 48
146628 49
146638 48
146641 47
146645 48
146655 49
146676 50
146693 49
146710 48
146726 47
146764 46
146764 47
146772 48
146794 49
146806 48
146864 47
146904 46
146908 45
146917 46
146921 47
146922 46
146944 47
146945 48
146957 49
146959 50
146964 49
146974 48
146997 47
146999 48
147009 47
147023 48
147033 49
147042 48
147050 47
147076 46
147077 45
147094 46
147094 47
147095 46
147138 47
147149 48
147188 49
147192 50
147209 51
147214 52
147247 53
147257 54
147258 55
147275 56
147337 57
147338 58
147384 57
147397 58
147401 59
147404 58
147409 57
147409 58
147440 59
147441 60
147453 61
147453 62
147455 61
147458 60
147470 61
147477 62
147495 61
147514 60
147521 61
147521 62
147523 61
147532 60
147542 59
147591 60
147598 61
147602 62
147603 63
147634 62
147643 63
147712 64
147713 65
147750 66
147762 65
147768 64
147781 63
147823 64
147845 63
147857 64
147863 65
147883 64
147915 63
147962 62
147966 61
147975 62
147985 61
147986 62
148035 63
148048 64
148054 63
148056 64
148058 65
148091 64
148093 63
148093 62
148095 63
148181 64
148277 65
148277 66
148277 65
148296 66
148302 65
148390 66
148425 65
148454 66
148460 67
148462 66
148466 67
148542 68
148624 69
148661 70
148666 71
148680 72
148697 71
148808 72
148821 71
148841 72
148849 71
148849 72
148923 73
148937 72
148973 73
148988 72
148996 71
149018 70
149063 69
149155 68
149265 69
149270 70
149316 71
149317 70
149335 69
149337 70
149398 69
149402 70
149510 69
149548 68
149705 69
149733 70
149741 69
149777 68
149781 67
149821 66
149849 65
149871 66
149872 67
149873 66
149916 65
149916 64
149920 63
149952 64
149952 65
149962 66
149965 67
149968 66
149975 65
149979 64
149979 63
149999 62
150000 61
150027 60
150037 61
150045 60
150138 59
150162 60
150189 59
150193 58
150201 59
150233 58
150234 57
150238 56
150253 57
150291 56
150340 55
150343 54
150371 55
150407 56
150417 57
150461 58
150542 59
150550 60
150555 61
150564 62
150565 61
150574 60
150604 61
150613 60
150615 59
150616 58
150625 59
150631 60
150636 59
150653 58
150660 57
150722 56
150745 55
150780 56
150785 55
150789 56
150796 57
150797 58
150832 57
150852 56
150853 55
150873 56
150945 57
150955 58
150960 59
150965 60
150967 61
150989 60
150999 61
151017 60
151053 61
151053 62
151058 63
151061 62
151087 61
151096 62
151101 61
151108 60
151167 59
151201 60
151204 59
151217 60
151217 59
151217 58
151218 59
151218 60
151220 61
151235 60
151254 59
151269 58
151289 57
151325 58
151327 57
151327 58
151339 59
151345 60
151354 59
151369 58
151374 57
151381 58
151391 57
151411 56
151494 57
151501 56
151507 57
151513 56
151540 55
151545 56
151572 57
151604 58
151621 57
151634 56
151641 57
151663 56
151705 55
151708 54
151717 53
151741 54
151757 55
151771 54
151792 53
151800 52
151832 51
151841 50
151848 51
151850 50
151903 49
151905 50
151905 51
151935 52
151945 53
151978 54
151985 55
152018 56
152022 57
152023 56
152028 57
152078 58
152083 57
152139 58
152177 59
152182 60
152185 61
152190 60
152241 61
152264 60
152277 59
152303 60
152310 59
152341 60
152385 61
152425 62
152433 63
152436 64
152441 63
152447 62
152453 63
152465 64
152469 65
152505 66
152530 65
152538 66
152548 67
152557 68
152574 69
152580 68
152599 67
152602 68
152602 69
152665 70
152693 69
152706 68
152720 67
152741 68
152741 69
152743 70
152774 69
152791 68
152822 69
152839 68
152851 69
152919 70
152924 69
152927 68
152952 67
152969 66
152983 65
152993 66
153021 65
153081 64
153178 63
153218 64
153241 65
153297 64
153333 65
153365 66
153443 65
153445 66
153521 67
153523 68
153529 67
153533 66
153558 65
153602 64
153611 63
153626 62
153631 61
153669 60
153688 59
153692 58
153701 59
153701 60
153713 59
153715 58
153736 57
153744 58
153748 59
153770 58
153850 59
153858 60
153858 59
153861 60
153864 61
153873 62
153894 63
153900 64
153901 63
153941 62
153984 63
153991 62
153994 61
154116 62
154123 63
154157 64
154160 65
154165 64
154190 63
154282 64
154287 65
154294 64
154338 63
154340 62
154340 61
154381 60
154389 61
154415 60
154440 61
154469 62
154479 63
154481 62
154505 61
154513 62
154533 61
154560 60
154565 61
154578 60
154579 61
154579 62
154581 63
154645 62
154701 61
154705 62
154710 63
154753 62
154776 61
154776 60
154781 59
154806 58
154821 57
154870 56
154880 55
154907 56
154909 57
154923 58
154945 57
154952 58
154970 59
154977 60
154980 59
154990 58
155001 57
155016 56
155029 57
155050 58
155089 59
155110 58
155111 57
155130 58
155153 57
155157 58
155181 57
155181 58
155201 59
155228 60
155245 61
155245 60
155283 59
155291 60
155339 59
155405 60
155425 59
155430 58
155437 57
155453 56
155458 57
155469 56
155473 57
155475 58
155478 59
155480 58
155500 57
155501 58
155534 57
155543 56
155567 55
155591 54
155602 53
155645 54
155693 55
155701 54
155710 55
155745 56
155752 57
155784 56
155851 55
155852 56
155875 57
155884 58
155885 59
155898 60
155935 59
155954 60
155975 59
156003 60
156008 59
156128 60
156133 61
156145 62
156152 63
156159 62
156183 63
156217 64
156280 63
156305 62
156325 63
156334 64
156353 65
156353 66
156356 67
156361 66
156371 65
156400 66
156408 65
156454 64
156505 63
156508 62
156549 63
156556 64
156557 65
156581 64
156637 63
156640 64
156673 63
156701 62
156701 61
156702 60
156709 61
156736 60
156748 61
156761 60
156785 59
156795 60
156810 59
156825 60
156827 59
156829 58
156833 59
156833 60
156881 59
156893 60
157028 59
157033 58
157050 57
157061 56
157121 57
157122 58
157135 59
157208 60
157226 61
157237 60
157237 59
157254 60
157258 61
157283 62
157321 61
157341 60
157367 61
157374 60
157380 61
157383 60
157401 59
157402 58
157429 57
157449 58
157452 57
157457 58
157506 59
157542 58
157549 59
157556 58
157564 57
157597 58
157601 59
157606 60
157631 59
157649 58
157702 59
157739 58
157744 57
157746 58
157752 57
157759 56
157769 57
157787 58
157787 57
157793 58
157795 59
157796 60
157807 61
157973 62
157981 63
157984 62
158041 63
158043 62
158047 61
158087 62
158087 63
158126 62
158141 61
158143 60
158149 59
158181 60
158181 61
158191 62
158199 61
158205 62
158214 61
158256 60
158278 61
158285 60
158289 61
158301 62
158309 63
158309 62
158329 63
158336 62
158385 63
158421 62
158425 63
158433 62
158467 61
158474 60
158486 59
158491 58
158509 57
158510 56
158528 57
158601 56
158609 55
158630 56
158637 57
158641 56
158641 55
158687 56
158689 57
158698 56
158705 55
158725 54
158783 55
158789 54
158835 53
158868 52
158869 53
158871 52
158877 51
158923 50
158954 51
158981 50
158987 51
158989 52
158993 53
158999 54
159009 55
159042 56
159044 55
159071 56
159080 57
159084 56
159097 57
159102 58
159102 59
159102 60
159112 61
159141 62
159159 61
159161 60
159161 59
159169 60
159182 61
159187 60
159201 61
159248 60
159300 61
159310 60
159321 61
159342 60
159382 59
159420 58
159448 59
159461 60
159496 61
159503 62
159506 61
159521 60
159533 59
159554 60
159581 59
159701 58
159714 59
159719 58
159773 57
159796 58
159841 57
159857 58
159863 59
159913 60
160021 61
160024 62
160033 63
160034 62
160045 63
160050 64
160054 63
160055 64
160066 65
160074 66
160114 67
160115 68
160120 69
160134 68
160134 67
160202 66
160221 67
160261 66
160284 67
160293 68
160327 67
160340 66
160346 67
160362 68
160417 69
160417 70
160445 71
160473 70
160482 69
160521 68
160539 67
160548 66
160563 65
160574 64
160586 63
160628 64
160629 63
160685 62
160693 61
160697 60
160709 61
160717 62
160741 61
160741 60
160759 61
160760 62
160760 61
160771 62
160785 61
160821 60
160914 61
160946 62
160952 63
160961 62
160966 61
161001 60
161083 59
161089 60
161089 61
161098 60
161137 59
161144 60
161165 61
161177 60
161193 61
161241 62
161269 61
161270 60
161281 59
161284 60
161285 61
161289 60
161295 61
161319 60
161325 61
161367 62
161373 63
161379 64
161381 63
161414 62
161477 63
161494 64
161574 65
161622 66
161652 67
161652 66
161709 67
161726 68
161806 69
161813 68
161816 69
161819 68
161825 67
161825 68
161851 67
161853 66
161870 65
161897 66
161981 67
161993 66
161998 65
162000 66
162003 67
162004 66
162019 65
162100 64
162140 63
162141 62
162156 61
162183 60
162195 59
162201 60
162202 59
162212 58
162213 59
162258 58
162268 59
162273 60
162286 61
162333 60
162361 59
162379 60
162416 59
162419 58
162421 57
162456 56
162471 57
162471 56
162493 57
162514 58
162539 59
162547 58
162576 57
162585 56
162585 55
162585 56
162586 57
162599 58
162648 57
162674 58
162719 59
162720 60
162729 59
162745 58
162753 59
162793 60
162793 61
162833 62
162845 61
162868 60
162909 59
162912 60
162918 61
162964 60
162965 59
162974 60
162975 61
163093 60
163106 61
163115 60
163141 59
163173 60
163201 59
163229 58
163241 57
163245 58
163246 59
163250 60
163294 59
163340 58
163342 57
163357 58
163361 57
163389 56
163416 55
163430 54
163543 55
163546 56
163552 57
163553 58
163577 59
163592 60
163595 61
163629 62
163643 63
163643 64
163680 65
163725 66
163844 65
163913 64
163937 65
163939 66
163950 65
164009 64
164022 63
164051 62
164059 61
164157 62
164158 63
164161 64
164163 65
164166 66
164179 65
164187 64
164210 63
164249 64
164258 63
164260 64
164301 63
164311 62
164337 61
164357 62
164415 61
164458 60
164461 59
164477 60
164487 59
164489 58
164501 57
164519 56
164537 57
164539 56
164549 57
164557 58
164570 57
