0 0
0 1
199 2
262 2
263 2
263 2
293 2
357 3
364 3
365 3
366 3
371 4
469 5
486 5
532 6
546 6
547 6
605 7
736 7
785 8
793 8
796 8
797 8
803 8
866 8
915 8
967 8
1003 9
1010 10
1014 10
1016 10
1017 10
1020 11
1027 11
1030 11
1111 12
1153 13
1183 13
1183 13
1250 14
1264 15
1271 15
1323 16
1331 16
1331 16
1405 17
1407 17
1412 17
1417 17
1417 17
1422 17
1443 18
1456 19
1466 20
1472 20
1476 20
1478 20
1479 21
1522 22
1581 23
1583 24
1590 24
1598 23
1599 23
1666 23
1667 23
1718 24
1771 24
1795 25
1799 26
1807 26
1825 27
1836 26
1838 26
1844 26
1888 26
1903 26
1915 27
1933 26
2003 27
2020 28
2022 28
2031 29
2058 29
2081 30
2083 30
2087 30
2159 31
2160 32
2204 32
2219 31
2305 32
2306 33
2335 34
2379 35
2387 35
2389 36
2393 36
2395 36
2395 35
2395 34
2421 35
2468 35
2470 35
2472 35
2472 36
2475 37
2475 38
2477 38
2478 39
2481 39
2491 40
2527 41
2652 42
2655 43
2656 44
2674 45
2683 44
2695 44
2710 45
2711 45
2720 46
2723 46
2724 47
2732 47
2732 47
2736 47
2741 47
2779 48
2797 49
2799 49
2808 50
2843 50
2856 50
2907 50
2921 51
2922 52
2925 51
2927 50
2977 51
2983 52
3011 53
3051 54
3077 55
3081 56
3087 56
3099 55
3104 55
3122 56
3140 57
3142 56
3143 56
3145 56
3149 56
3155 55
3155 55
3179 55
3187 54
3191 55
3193 55
3254 56
3256 57
3267 58
3269 58
3299 59
3307 59
3310 59
3362 60
3378 61
3385 61
3400 62
3437 63
3457 64
3547 65
3587 66
3593 67
3595 66
3595 66
3595 65
3595 64
3599 63
3622 64
3622 63
3710 64
3710 64
3738 65
3748 64
3807 65
3815 65
3875 66
3900 67
3957 68
3967 67
3994 66
4072 67
4080 66
4080 65
4080 64
4080 63
4095 64
4098 65
4098 64
4104 64
4111 63
4126 62
4140 63
4152 63
4191 64
4287 65
4327 66
4337 67
4359 68
4359 69
4367 68
4426 67
4427 66
4449 67
4478 67
4540 66
4540 67
4544 66
4547 67
4551 66
4552 65
4566 64
4566 63
4566 64
4566 65
4591 66
4625 65
4639 64
4647 65
4694 64
4715 65
4723 64
4797 65
4799 66
4803 65
4810 66
4816 65
4816 64
4816 64
4824 63
4825 63
4861 62
4867 63
4925 63
4929 63
4948 62
4954 63
5031 64
5039 64
5076 63
5110 64
5186 63
5193 64
5195 65
5195 66
5203 65
5211 64
5223 65
5255 66
5262 67
5301 68
5342 69
5344 70
5346 71
5347 70
5367 71
5372 70
5374 71
5406 72
5413 73
5418 74
5426 75
5431 75
5445 74
5495 75
5502 74
5503 73
5505 73
5512 72
5514 71
5515 70
5532 71
5536 70
5538 69
5539 68
5549 69
5568 68
5588 69
5602 69
5614 68
5634 69
5640 68
5647 69
5758 70
5763 69
5775 69
5855 70
5895 71
5913 72
5924 71
5978 70
6001 71
6011 70
6011 69
6014 70
6021 69
6023 68
6095 69
6124 70
6140 71
6142 72
6143 73
6163 72
6164 73
6203 74
6262 75
6284 74
6295 73
6340 74
6348 75
6362 74
6365 73
6393 74
6417 75
6564 76
6628 75
6653 76
6655 75
6655 74
6679 75
6714 76
6756 77
6785 78
6869 79
6873 78
6903 79
6909 78
6911 77
7104 78
7127 79
7135 78
7135 77
7135 76
7145 77
7147 76
7150 77
7163 76
7170 75
7173 74
7191 73
7242 72
7275 71
7275 72
7279 71
7279 71
7281 70
7286 69
7286 70
7307 71
7375 72
7475 73
7483 72
7511 73
7524 72
7525 71
7525 70
7583 71
7692 72
7764 73
7764 74
7777 73
7851 72
7851 71
7855 72
7859 73
7863 72
7872 71
7883 72
7891 71
8003 70
8007 71
8065 70
8066 69
8079 70
8119 71
8143 72
8149 71
8151 70
8171 71
8179 70
8263 69
8267 70
8351 71
8354 70
8363 71
8383 72
8397 73
8400 74
8402 75
8455 74
8461 73
8475 74
8508 75
8511 74
8512 75
8555 76
8617 75
8617 74
8632 73
8655 72
8683 73
8719 74
8798 75
8882 76
8961 75
9021 76
9107 77
9107 78
9166 79
9171 78
9175 77
9208 76
9233 77
9243 78
9247 77
9256 76
9262 75
9371 76
9467 75
9504 74
9528 73
9539 74
9547 75
9549 76
9557 77
9564 76
9618 75
9633 76
9722 75
9725 74
9769 73
9852 72
9892 73
9919 74
9943 73
9990 74
10028 75
10040 76
10154 77
10198 78
10217 79
10284 80
10285 81
10345 82
10408 83
10421 84
10422 85
10442 84
10459 83
10547 84
10672 83
10899 82
10955 81
11027 80
11075 79
11169 80
11171 79
11173 80
11215 79
11227 78
11360 79
11373 80
11425 81
11433 82
11568 81
11659 82
11743 83
11887 82
11916 81
11953 80
12063 79
12072 78
12087 79
12155 80
12193 79
12319 80
12326 79
12339 78
12340 77
12351 76
12383 77
12418 76
12511 75
12567 76
12608 77
12612 78
12669 79
12691 80
12810 81
12818 80
12851 79
12894 80
12921 79
12944 80
12949 79
12962 78
12970 77
13004 78
13067 77
13208 76
13213 75
13280 76
13335 75
13336 76
13363 77
13399 76
13428 75
13505 76
13554 75
13555 76
13597 75
13631 76
13734 77
13790 76
13887 77
13896 78
13897 79
13905 80
13938 81
13949 82
14037 83
14041 82
14075 83
14175 84
14317 85
14423 84
14493 83
14627 82
14652 81
14668 80
14748 81
14923 80
15033 81
15121 80
15251 79
15274 78
15327 79
15339 80
15377 79
15425 80
15503 81
15527 80
15621 79
15665 78
15677 77
15695 78
15759 77
15771 76
15771 75
15773 74
15789 73
15855 72
15916 73
15919 74
15973 75
15997 76
16047 75
16054 74
16079 75
16116 74
16163 75
16163 74
16181 75
16217 76
16219 77
16221 78
16275 77
16343 78
16349 79
16368 80
16395 81
16403 80
16434 81
16504 82
16559 81
16564 80
16679 79
16714 78
16727 79
16924 78
16944 79
16961 80
17023 79
17041 78
17257 77
17292 78
17450 79
17499 78
17503 79
17681 78
17697 79
17744 80
17832 81
17941 82
18088 83
18126 84
18148 83
18335 84
18369 85
18381 84
18394 83
18470 82
18481 81
18625 80
18739 79
18833 78
18907 77
18984 76
18999 75
19047 76
19130 77
19159 76
19206 77
19227 78
19278 79
19356 80
19375 79
19479 78
19479 77
19479 76
19491 75
19503 76
19509 77
19697 78
19757 77
19757 78
19767 77
19770 78
19829 77
19829 78
19887 79
19890 78
19952 79
20011 80
20179 79
20187 80
20209 79
20219 78
20262 77
20387 76
20407 77
20427 76
20463 77
20466 78
20472 79
20637 78
20654 79
20731 78
20753 77
20812 78
20943 79
20956 80
20975 79
21004 80
21089 81
21123 82
21377 81
21527 80
21648 81
21654 82
21719 81
21756 82
21776 83
21841 82
21929 83
22078 82
22084 83
22139 82
22142 81
22190 80
22211 79
22231 78
22295 77
22301 78
22319 77
22331 78
22333 77
22438 77
22476 76
22493 77
22525 78
22577 77
22692 76
22817 77
22875 78
23084 77
23091 78
23114 79
23187 78
23187 77
23193 76
23199 77
23210 78
23212 79
23233 80
23355 79
23399 80
23426 81
23434 80
23438 79
23444 78
23448 77
23449 76
23460 75
23542 74
23571 73
23600 72
23642 73
23653 72
23721 73
23781 74
23787 75
23806 74
23887 73
23914 72
23928 71
23958 72
23964 71
23968 70
23988 71
24035 72
24064 73
24135 74
24185 75
24267 76
24274 77
24340 76
24342 77
24342 76
24342 75
24398 76
24410 77
24439 76
24440 75
24464 74
24473 75
24487 74
24490 73
24650 74
24678 73
24740 74
24743 75
24752 74
24758 73
24832 74
24842 75
24946 76
25117 77
25119 76
25119 75
25119 75
25247 76
25257 75
25268 74
25282 75
25289 76
25302 75
25312 76
25324 77
25332 76
25411 77
25413 78
25415 77
25458 78
25540 79
25547 78
25620 79
25676 78
25703 77
25704 76
25704 75
25705 74
25716 73
25718 74
25722 75
25782 74
25784 73
25787 72
25790 71
25790 70
25790 69
25859 70
25871 69
25941 68
25941 69
25962 70
25995 71
25995 72
26003 71
26004 70
26008 69
26008 68
26008 67
26033 66
26075 67
26083 66
26085 65
26086 64
26093 63
26098 62
26163 63
26171 64
26179 63
26180 64
26212 65
26214 66
26269 67
26278 68
26279 67
26301 66
26335 67
26357 66
26363 67
26369 66
26372 67
26374 66
26377 65
26380 66
26385 67
26401 66
26403 67
26451 66
26463 67
26466 68
26502 67
26528 68
26555 69
26563 68
26563 67
26597 68
26615 67
26617 68
26627 69
26631 68
26637 67
26655 68
26725 67
26730 66
26747 67
26791 68
26793 69
26811 68
26816 67
26823 66
26862 67
26894 66
26899 67
26899 68
26911 69
26914 70
26923 71
26939 72
26996 73
27026 74
27039 75
27042 74
27050 75
27051 74
27055 73
27065 72
27109 73
27117 72
27124 71
27147 72
27156 73
27157 72
27161 71
27161 70
27165 70
27213 71
27215 70
27240 71
27267 72
27267 73
27271 74
27330 75
27351 76
27375 75
27449 76
27649 75
27670 76
27670 77
27673 78
27692 77
27695 78
27724 79
27766 80
27795 79
27884 80
27886 79
27915 80
27934 81
27940 80
27943 79
27950 79
28020 80
28046 79
28047 78
28143 79
28275 80
28281 81
28288 81
28298 80
28358 79
28358 78
28363 77
28367 76
28409 75
28553 76
28627 75
28642 74
28652 75
28669 76
28771 77
28775 76
28782 75
28793 76
28841 77
28916 78
28991 77
29019 76
29152 77
29221 78
29231 77
29235 76
29240 75
29259 76
29301 75
29309 76
29339 77
29363 76
29442 77
29443 78
29447 79
29484 78
29485 79
29529 78
29536 79
29643 80
29667 79
29838 78
29843 77
29844 76
29865 75
29899 74
29908 75
29915 74
29952 73
29957 74
29964 73
30035 72
30096 73
30139 74
30163 73
30164 72
30167 73
30184 72
30207 73
30287 72
30319 73
30331 74
30362 75
30375 76
30387 75
30447 76
30468 77
30495 78
30535 77
30552 76
30555 75
30599 74
30625 75
30635 76
30639 75
30639 74
30639 73
30704 74
30771 75
30865 76
30891 75
30900 74
30971 73
30986 74
31129 75
31135 76
31155 75
31267 76
31300 77
31309 78
31363 79
31364 80
31378 81
31421 80
31460 81
31600 82
31640 83
31676 82
31703 81
31727 80
31740 81
31800 82
31855 83
31878 82
31987 81
31994 80
32070 79
32072 78
32076 77
32076 76
32103 75
32311 76
32347 75
32389 76
32411 75
32503 74
32506 73
32540 72
32564 73
32582 74
32611 75
32665 76
32756 75
32802 76
32835 75
32838 76
32850 77
32899 78
32909 77
32933 76
32968 77
33075 78
33201 79
33283 80
33301 79
33307 80
33449 79
33495 78
33524 79
33525 80
33551 79
33584 80
33584 79
33606 78
33607 77
33636 78
33657 77
33807 78
33877 79
33879 78
33909 79
33956 80
33960 79
34054 80
34060 79
34151 80
34160 81
34242 80
34275 81
34328 80
34413 79
34609 78
34616 79
34629 80
34691 81
34760 82
34795 83
34855 82
34856 81
35059 80
35101 81
35315 82
35342 83
35399 84
35459 83
35619 84
35779 83
35781 82
35785 81
35785 80
35789 79
35791 78
35798 77
35871 78
36051 77
36079 76
36079 75
36123 76
36166 75
36297 74
36387 75
36466 74
36509 73
36517 74
36524 73
36544 72
36623 73
36663 72
36663 73
36673 74
36701 75
36703 76
36705 77
36711 78
36757 79
36769 78
36822 77
36868 78
36906 77
36914 76
36928 77
36997 76
37099 77
37198 76
37235 77
37259 76
37287 75
37298 76
37315 75
37317 74
37363 73
37369 72
37374 73
37411 74
37505 73
37515 74
37589 73
37603 72
37623 73
37734 74
37760 73
37803 74
37808 75
37846 76
37855 77
37875 76
37890 77
37900 78
37917 79
37949 78
37960 79
37987 80
38015 79
38055 78
38094 79
38177 80
38241 81
38253 80
38322 79
38324 78
38336 79
38397 80
38429 79
38563 78
38564 77
38570 78
38707 79
38720 80
38730 81
38848 80
38850 81
38864 80
39091 81
39168 82
39175 83
39421 84
39439 85
39492 84
39499 83
39558 82
39572 83
39667 82
39676 83
39759 82
39787 81
39788 80
39836 79
39852 78
40012 79
40177 78
40182 77
40225 76
40233 77
40238 76
40275 77
40287 78
40297 77
40375 76
40496 77
40615 78
40632 77
40638 78
40651 77
40695 76
40718 75
40771 76
40783 77
40853 76
40889 77
40900 76
40939 75
41002 76
41006 75
41061 76
41093 77
41103 76
41132 77
41139 78
41206 79
41261 80
41265 79
41293 78
41308 79
41309 80
41361 79
41415 80
41574 81
41657 80
41723 79
41748 80
41763 79
41819 80
41881 79
41966 80
41976 81
42033 80
42146 79
42272 78
42392 79
42443 80
42558 79
42615 78
42627 77
42632 78
42643 79
42670 80
42764 79
42802 78
42861 79
42925 80
42988 81
43019 82
43067 83
43171 84
43252 83
43267 82
43467 81
43480 80
43496 79
43535 80
43651 81
43711 80
43844 79
43887 78
43904 79
43924 78
43948 77
43987 76
44006 75
44070 76
44083 75
44212 76
44227 77
44303 78
44419 79
44435 80
44530 81
44582 80
44627 81
44679 80
44680 79
44710 78
44710 77
44712 78
44935 77
44970 76
45002 75
45049 76
45072 75
45126 76
45140 77
45222 76
45238 77
45261 78
45299 79
45394 80
45396 79
45431 78
45473 79
45488 78
45614 79
45620 80
45651 81
45742 80
45797 81
45798 82
45848 81
45889 82
45945 81
46024 80
46139 79
46315 80
46391 79
46424 80
46427 81
46488 80
46514 79
46527 78
46586 77
46753 78
46882 79
46888 80
46903 81
46951 82
46963 81
46976 80
47045 81
47123 82
47171 81
47199 80
47263 81
47419 80
47430 81
47557 80
47616 81
47657 80
47695 79
47715 80
47718 79
47756 80
47793 79
48051 80
48183 81
48195 82
48223 83
48368 82
48413 81
48516 80
48675 81
48695 80
48761 79
48804 80
48818 79
48955 80
49079 79
49089 80
49103 79
49105 78
49135 77
49196 76
49382 77
49386 78
49635 79
49643 78
49693 79
49763 78
49829 79
49867 80
49883 81
49899 82
49911 81
50035 82
50037 81
50050 82
50054 81
50061 80
50099 79
50185 78
50199 77
50211 76
50223 75
50228 74
50263 73
50295 72
50367 71
50458 72
50487 73
50495 72
50518 71
50549 72
50564 73
50626 74
50640 75
50658 74
50685 73
50755 74
50755 73
50804 74
50851 75
50864 76
50927 77
50932 78
50966 79
51028 80
51043 79
51051 80
51116 81
51139 80
51167 79
51254 78
51308 77
51359 76
51367 75
51403 74
51423 73
51435 74
51479 75
51491 76
51497 77
51573 78
51614 79
51684 80
51699 81
51724 82
52011 83
52020 84
52027 85
52116 84
52156 83
52226 82
52303 83
52518 82
52683 81
52843 80
52857 79
52905 78
52999 77
53016 78
53038 79
53107 80
53108 79
53146 78
53206 79
53212 78
53404 77
53471 78
53563 79
53606 80
53610 81
53763 80
53812 79
53866 80
53883 79
53939 78
53997 77
53999 76
54058 77
54072 76
54117 77
54300 78
54317 77
54320 78
54370 77
54371 76
54394 75
54431 76
54433 77
54449 76
54529 77
54545 76
54567 77
54688 78
54693 79
54710 78
54751 77
54872 78
54875 77
54888 76
55015 75
55065 74
55145 75
55155 76
55206 77
55247 76
55249 75
55249 76
55253 75
55326 76
55373 75
55533 74
55555 75
55556 76
55564 77
55587 78
55644 79
55653 80
55716 81
55821 82
55867 83
55967 84
56064 83
56079 84
56555 83
56613 82
56623 81
56696 82
56765 83
57114 82
57172 81
57176 80
57179 79
57272 80
57327 81
57377 80
57465 81
57592 82
57594 81
57701 80
57707 79
57778 78
57823 79
57891 80
57899 79
57995 80
58027 79
58050 80
58081 79
58103 78
58110 79
58162 78
58214 79
58302 78
58371 78
58414 79
58416 80
58429 81
58460 80
58584 79
58589 78
58591 79
58664 80
58724 79
58771 78
58870 77
58909 76
58946 75
58955 74
58963 75
58966 74
59063 73
59075 74
59079 73
59084 72
59086 71
59092 70
59099 71
59262 70
59301 71
59312 72
59330 71
59357 72
59386 73
59387 74
59388 75
59403 74
59495 75
59538 76
59539 77
59626 78
59632 77
59681 76
59682 77
59758 76
59767 77
59789 78
59823 79
59827 80
59840 79
59903 80
59911 79
59995 80
60158 81
60200 82
60205 81
60206 80
60209 79
60269 78
60285 77
60285 76
60285 75
60315 75
60316 76
60322 75
60323 74
60324 73
60324 72
60324 71
60330 70
60355 69
60383 70
60392 69
60392 68
60411 69
60478 70
60563 71
60611 72
60634 71
60635 72
60656 73
60671 72
60672 71
60673 72
60680 71
60680 70
60684 69
60744 70
60768 71
60776 70
60776 69
60776 68
60812 67
60834 66
60879 65
60890 64
60896 65
60900 64
60976 65
61018 66
61072 67
61079 68
61079 68
61089 67
61092 66
61095 67
61096 66
61098 66
61114 67
61150 66
61195 67
61211 66
61224 67
61224 68
61261 69
61264 69
61279 70
61352 71
61385 72
61396 73
61424 72
61441 73
61469 72
61498 73
61499 74
61500 75
61515 76
61525 75
61601 74
61602 73
61603 72
61605 71
61605 72
61608 73
61643 72
61704 73
61716 74
61764 75
61869 76
61881 77
61897 78
61916 79
61936 80
61943 79
61944 78
62117 77
62246 76
62252 77
62282 76
62291 75
62317 74
62327 73
62328 74
62343 73
62447 74
62454 75
62619 74
62627 75
62663 74
62701 73
62706 72
62707 71
62771 72
62807 73
62858 74
62955 75
62966 74
62993 75
62994 74
63026 75
63033 74
63034 75
63039 74
63070 75
63172 76
63203 77
63248 78
63264 79
63290 80
63305 79
63313 78
63322 77
63332 78
63346 79
63352 78
63392 79
63609 78
63635 79
63639 78
63642 77
63740 78
63742 77
63815 78
63817 77
63821 76
63859 77
63894 76
64010 75
64021 76
64110 77
64115 76
64148 77
64252 78
64263 79
64267 78
64347 79
64383 78
64388 77
64405 78
64450 79
64456 78
64456 77
64470 78
64473 77
64477 76
64481 75
64530 74
64543 73
64585 72
64588 73
64591 74
64598 73
64600 74
64692 73
64695 74
64697 73
64739 72
64751 73
64828 72
64828 71
64842 72
64871 73
64900 72
64932 73
65036 72
65117 71
65117 70
65119 69
65122 69
65126 70
65127 69
65164 70
65190 71
65229 70
65260 71
65285 70
65286 69
65290 68
65404 67
65412 68
65436 69
65442 68
65444 67
65482 68
65525 69
65551 70
65569 69
65569 70
65595 71
65601 70
65636 71
65662 72
65675 71
65675 72
65677 73
65685 72
65689 71
65689 70
65700 69
65700 68
65790 69
65811 70
65812 71
65843 72
65927 73
65938 72
65940 71
65983 72
65987 73
66036 72
66055 73
66152 74
66159 73
66168 74
66178 75
66193 76
66206 77
66208 78
66241 77
66247 78
66262 79
66310 80
66354 79
66389 78
66448 77
66465 78
66541 79
66724 80
66936 81
67025 82
67032 83
67099 82
67182 83
67240 84
67311 85
67360 84
67421 83
67424 82
67453 81
67591 82
67772 83
67878 82
67880 81
67880 80
68093 79
68235 80
68256 81
68384 80
68405 81
68515 82
68536 81
68576 80
68609 79
68620 78
68724 79
68744 78
68753 77
68761 76
68788 77
68833 76
68834 75
68961 74
68964 73
68966 74
68968 75
68988 74
69155 75
69168 74
69231 75
69260 74
69270 73
69272 74
69276 73
69287 74
69381 73
69433 74
69448 75
69469 76
69495 75
69503 74
69550 73
69648 72
69661 71
69668 72
69725 73
69743 74
69745 73
69864 72
69869 73
69885 74
69894 73
69954 72
70012 73
70056 74
70094 73
70094 72
70100 71
70144 72
70232 73
70251 72
70303 73
70303 74
70339 75
70407 76
70408 77
70420 78
70561 79
70672 80
70679 81
70800 80
70826 81
70865 82
71132 81
71206 82
71258 81
71272 80
71362 79
71383 80
71428 81
71435 82
71436 83
71588 82
71592 81
71829 82
72071 83
72172 84
72200 83
72204 82
72246 81
72284 80
72309 81
72318 80
72332 81
72334 80
72388 81
72416 82
72550 81
72620 80
72702 79
72772 80
72812 81
72856 82
72876 81
72971 82
72984 81
73024 80
73100 79
73196 80
73336 81
73356 80
73382 79
73456 78
73567 77
73568 78
73579 77
73585 76
73588 75
73627 74
73641 73
73644 72
73664 73
73747 72
73760 73
73789 74
73803 73
73804 72
73813 71
73884 72
73904 73
73913 74
73945 75
73960 74
73964 75
73986 76
74002 75
74172 76
74212 77
74214 76
74277 75
74280 76
74281 76
74282 77
74285 76
74287 75
74326 76
74387 75
74393 74
74408 75
74420 76
74421 75
74435 74
74438 75
74464 76
74509 75
74517 74
74541 75
74611 74
74628 75
74640 74
74664 73
74665 72
74669 71
74691 70
74691 69
74692 70
74696 71
74739 72
74780 73
74782 74
74791 75
74840 74
74863 75
74872 74
74872 73
74974 74
74991 75
75080 76
75167 77
75204 78
75207 79
75211 78
75215 77
75219 76
75219 75
75252 74
75278 75
75293 76
75295 75
75296 74
75300 73
75302 72
75304 71
75308 70
75311 71
75380 72
75395 73
75399 74
75414 73
75461 74
75515 73
75516 72
75518 71
75519 72
75522 71
75523 70
75525 69
75529 68
75662 67
75665 67
75669 67
75684 68
75689 69
75693 68
75699 68
75794 69
75796 68
75799 67
75800 66
75818 67
75824 66
75853 67
75859 68
75862 67
75864 66
75867 66
75872 66
75957 67
75960 68
75980 67
75999 68
76010 69
76079 70
76083 69
76127 70
76185 69
76232 68
76233 68
76245 69
76248 68
76254 69
76259 68
76264 68
76265 67
76266 67
76270 66
76272 67
76274 66
76276 67
76364 66
76404 67
76412 66
76412 65
76432 66
76483 67
76492 66
76493 65
76497 66
76497 66
76518 67
76574 68
76580 67
76624 66
76650 67
76660 66
76679 67
76684 66
76687 65
76688 64
76689 65
76712 66
76726 67
76735 66
76741 66
76750 66
76782 65
76784 64
76790 65
76803 66
76813 65
76843 66
76854 67
76904 68
76911 69
76913 68
76916 67
76962 66
76964 67
76964 66
77039 67
77069 68
77073 67
77084 68
77160 69
77162 69
77164 68
77166 69
77166 68
77170 68
77171 67
77175 66
77176 65
77186 66
77203 65
77234 64
77244 64
77257 63
77264 64
77270 63
77298 64
77300 65
77301 64
77304 63
77305 64
77314 63
77335 62
77368 61
77388 62
77391 61
77404 60
77431 61
77438 60
77514 61
77553 60
77578 61
77584 62
77592 61
77592 62
77600 62
77601 61
77644 62
77646 62
77648 63
77652 62
77676 61
77685 62
77732 63
77769 62
77781 61
77808 62
77816 61
77816 60
77820 61
77827 62
77828 61
77848 62
77947 63
77964 62
78053 61
78053 60
78073 61
78080 62
78080 63
78093 64
78102 64
78102 63
78104 62
78105 61
78107 62
78138 63
78173 64
78176 63
78203 64
78204 65
78207 66
78210 65
78210 64
78220 63
78220 62
78220 63
78254 64
78254 65
78265 66
78293 67
78344 68
78353 69
78441 70
78445 69
78527 70
78587 69
78588 69
78592 69
78596 70
78596 71
78604 72
78623 71
78623 70
78630 69
78630 68
78630 69
78688 70
78689 71
78700 72
78736 71
78737 72
78746 71
78796 72
78825 73
78826 74
78855 73
78862 74
78864 75
78872 74
78872 73
78872 72
78872 71
78872 70
78876 69
78904 70
78922 69
78969 68
78988 69
78989 70
79111 71
79164 72
79187 73
79219 74
79230 73
79318 74
79333 74
79366 73
79380 72
79408 73
79428 74
79434 73
79530 74
79543 75
79556 74
79564 73
79575 72
79589 71
79739 72
79747 71
79749 72
79749 71
79773 72
79780 73
79796 72
79875 73
79896 74
79971 75
79975 75
79976 74
80026 75
80033 76
80082 77
80117 76
80132 75
80142 74
80145 73
80149 72
80150 71
80154 70
80159 69
80171 68
80181 69
80242 68
80243 69
80254 70
80255 71
80306 72
80344 71
80348 70
80353 69
80353 68
80355 67
80361 68
80488 67
80496 68
80560 67
80580 68
80612 69
80620 68
80624 69
80628 68
80631 67
80659 66
80701 67
80732 66
80732 65
80735 64
80735 63
80739 64
80740 63
80746 62
80766 63
80816 64
80830 65
80831 64
80831 63
80833 62
80901 61
80926 62
80952 61
80952 60
81013 61
81013 62
81021 63
81055 64
81060 65
81089 64
81100 65
81107 66
81113 67
81156 68
81165 69
81176 68
81241 69
81248 70
81268 71
81273 70
81295 71
81295 72
81298 71
81301 70
81308 69
81308 69
81315 70
81328 71
81427 72
81431 71
81434 70
81443 69
81444 68
81524 69
81573 70
81650 71
81654 72
81656 73
81660 74
81671 73
81688 74
81730 73
81760 74
81769 75
81770 76
81776 77
81784 76
81784 75
81784 74
81786 75
81834 74
81876 73
81880 72
81950 73
81976 74
81990 75
81992 74
82034 73
82037 72
82044 71
82070 70
82112 69
82156 69
82166 68
82169 67
82171 66
82194 67
82194 68
82212 69
82366 68
82373 69
82376 70
82380 69
82386 70
82390 69
82394 70
82394 69
82398 68
82402 67
82409 66
82414 65
82416 66
82431 67
82437 66
82438 65
82440 64
82451 63
82504 64
82526 65
82663 66
82701 65
82735 66
82748 67
82757 66
82757 65
82760 64
82760 63
82760 62
82762 61
82764 62
82765 61
82783 62
82786 61
82789 60
82791 59
82792 60
82792 59
82844 60
82865 61
82868 62
82876 61
82881 62
82884 61
82936 62
82939 62
82941 61
82942 60
82942 59
82943 58
82943 58
82946 58
82948 57
82950 56
82975 57
83016 58
83062 59
83073 60
83107 61
83117 60
83123 59
83125 60
83125 59
83162 59
83162 60
83169 59
83203 60
83250 61
83260 60
83268 59
83289 60
83299 59
83301 59
83301 58
83302 58
83308 58
83310 57
83320 58
83328 57
83332 58
83357 59
83367 59
83373 58
83380 57
83418 58
83420 59
83432 60
83458 59
83459 60
83474 61
83497 60
83532 61
83540 62
83548 61
83552 60
83553 61
83565 62
83569 63
83570 62
83571 61
83578 62
83580 62
83581 61
83584 60
83587 59
83588 58
83599 58
83628 59
83633 60
83656 61
83663 60
83670 59
83700 60
83724 61
83767 60
83779 61
83828 62
83832 63
83868 64
83877 63
83877 62
83877 62
83888 61
83888 60
83892 61
83956 62
83964 61
83964 60
83967 59
83969 58
83973 57
83977 58
83982 57
83999 58
84001 57
84016 58
84016 59
84034 58
84057 57
84091 58
84092 57
84094 56
84112 57
84125 58
84176 59
84180 60
84181 61
84204 62
84291 63
84293 62
84323 63
84328 62
84336 63
84339 62
84380 61
84388 62
84448 63
84448 64
84461 65
84464 64
84467 63
84475 64
84482 63
84525 64
84572 65
84588 66
84599 65
84624 66
84655 67
84657 68
84669 67
84678 66
84692 67
84702 68
84706 69
84733 70
84745 71
84751 70
84763 69
84770 70
84774 69
84777 68
84778 67
84812 68
84820 69
84824 70
84826 71
84868 72
84896 73
84900 72
84903 71
84904 70
84904 69
84904 68
84904 67
84904 66
84907 67
84908 66
84910 65
84911 65
84912 65
84953 66
84976 67
84980 68
84984 69
85088 70
85088 71
85092 70
85096 69
85096 68
85172 69
85193 68
85193 67
85195 66
85201 65
85212 66
85227 65
85245 64
85272 63
85286 64
85293 64
85300 65
85301 66
85309 67
85319 66
85348 67
85364 66
85371 65
85373 64
85411 65
85475 64
85500 65
85530 66
85555 67
85555 68
85597 69
85597 70
85644 69
85672 68
85687 67
85688 66
85692 65
85706 66
85723 67
85727 66
85750 67
85765 68
85766 69
85771 68
85773 67
85774 66
85797 67
85804 66
85805 65
85835 66
85845 67
85848 66
85848 65
85848 66
85849 65
85901 66
85928 67
85931 66
85972 66
85986 65
85991 66
85992 67
86048 68
86048 69
86056 68
86064 69
86098 70
86186 71
86212 72
86220 71
86228 72
86245 71
86281 72
86285 73
86292 72
86297 71
86297 72
86312 71
86392 72
86440 73
86448 74
86533 73
86549 74
86596 75
86604 74
86624 75
86631 76
86644 77
86680 78
86691 77
86728 78
86736 77
86759 76
86789 75
86803 76
86881 75
86882 74
86887 75
86964 74
86966 73
86967 72
86968 73
86969 74
86977 73
86978 72
86978 71
86982 70
86990 69
86996 70
87024 71
87060 70
87064 71
87126 70
87136 69
87168 70
87169 69
87173 69
87268 68
87318 67
87349 68
87359 67
87361 66
87361 67
87368 66
87372 65
87374 64
87429 63
87429 62
87456 63
87457 62
87457 61
87461 61
87464 60
87489 61
87535 62
87567 63
87662 64
87675 65
87677 66
87682 67
87683 68
87691 67
87700 68
87710 69
87764 70
87792 71
87809 70
87834 71
87841 71
87852 72
87928 73
87929 74
87961 73
87995 74
87996 75
88030 76
88069 75
88082 76
88108 77
88109 78
88120 77
88124 76
88130 77
88225 76
88240 75
88329 74
88329 75
88337 74
88380 73
88383 74
88456 75
88460 74
88468 73
88471 73
88474 72
88474 71
88550 72
88554 72
88564 72
88636 73
88636 72
88637 71
88640 70
88646 70
88658 71
88659 72
88672 71
88697 72
88701 73
88768 74
88824 75
88828 74
88964 73
88964 72
89017 73
89085 74
89086 73
89120 72
89123 73
89132 74
89132 73
89206 72
89237 71
89277 72
89285 71
89286 72
89311 73
89372 74
89383 75
89389 76
89392 77
89400 77
89416 76
89503 75
89503 74
89505 74
89507 74
89509 73
89528 72
89579 73
89596 72
89672 73
89843 72
89847 73
89847 72
89852 73
89858 74
89886 73
89886 72
89894 71
89920 72
89929 73
89930 72
89989 73
90002 74
90019 75
90040 74
90092 73
90097 74
90156 75
90165 74
90228 73
90251 74
90253 75
90268 74
90274 73
90288 74
90299 73
90320 72
90388 73
90413 72
90451 71
90456 72
90499 73
90538 74
90540 75
90548 74
90681 75
90736 74
90737 75
90792 76
90832 75
90837 76
90838 75
90842 74
90880 75
90964 76
90998 75
91025 74
91062 73
91076 74
91098 75
91102 74
91105 75
91112 74
91143 73
91143 73
91149 74
91152 73
91158 74
91177 73
91227 72
91232 71
91233 72
91247 71
91275 72
91279 72
91284 71
91285 70
91287 69
91289 69
91320 70
91380 71
91416 70
91419 69
91420 68
91443 69
91459 70
91467 69
91485 68
91512 67
91515 66
91521 65
91525 66
91537 65
91571 66
91654 65
91690 66
91700 65
91723 66
91732 65
91738 64
91743 63
91751 62
91752 61
91765 62
91788 63
91808 64
91832 65
91851 66
91893 65
91901 64
91947 65
91955 66
91956 67
91969 66
91972 65
91992 66
92030 67
92037 66
92040 65
92048 66
92064 65
92072 66
92088 67
92117 68
92121 69
92153 70
92164 69
92166 70
92168 69
92176 68
92176 67
92192 68
92200 67
92212 68
92212 67
92289 68
92309 69
92326 68
92340 69
92348 68
92348 67
92348 66
92374 65
92374 66
92376 65
92402 66
92429 67
92511 68
92550 69
92577 68
92598 67
92601 68
92604 67
92604 66
92607 65
92626 66
92630 65
92637 66
92641 67
92641 66
92648 67
92652 66
92696 67
92704 66
92756 65
92757 66
92770 65
92771 64
92823 65
92836 66
92848 66
92901 67
92930 68
92959 69
92959 70
92966 69
92969 68
93011 69
93040 70
93052 71
93056 70
93091 69
93093 70
93133 69
93161 68
93163 69
93167 70
93176 71
93186 70
93188 69
93188 69
93234 70
93248 71
93249 72
93265 71
93290 72
93372 71
93375 72
93399 71
93424 72
93438 73
93556 72
93564 73
93620 72
93672 73
93712 74
93798 75
93800 74
93813 75
93824 76
93833 76
93833 77
93856 76
93859 77
93860 76
93864 75
94008 76
94079 77
94125 78
94130 79
94140 80
94140 81
94140 82
94148 81
94148 80
94191 81
94229 80
94233 79
94236 78
94273 79
94312 78
94420 79
94447 78
94516 77
94516 78
94668 77
94702 78
94733 79
94852 80
94885 81
94992 82
95036 81
95072 82
95116 83
95161 82
95256 81
95348 82
95531 81
95544 80
95675 81
95686 82
95753 81
95797 82
95829 81
95829 80
95879 81
95887 80
96117 81
96164 80
96232 79
96260 80
96276 79
96412 78
96416 77
96501 76
96508 75
96546 76
96572 75
96604 74
96652 75
96764 74
96768 73
96803 72
96898 73
96909 72
96933 73
96934 72
96968 73
96991 72
97008 73
97052 74
97120 75
97122 76
97136 77
97172 78
97234 79
97337 80
97344 81
97352 82
97364 83
97388 84
97517 83
97600 84
97688 83
97782 84
97803 83
97896 82
97936 81
97942 80
97952 79
98057 80
98085 79
98216 80
98241 79
98324 80
98556 81
98637 80
98637 79
98672 80
98744 79
98787 80
98932 81
98966 80
99040 81
99253 80
99472 79
99542 78
99578 79
99601 78
99623 79
99666 78
99748 77
99767 78
99810 79
99826 80
99872 79
99969 80
100057 79
100085 78
100200 77
100212 76
100248 75
100252 74
100260 75
100269 74
100284 73
100302 72
100312 71
100330 72
100419 73
100455 74
100492 73
100500 74
100503 73
100544 72
100551 73
100552 74
100625 73
100729 74
100732 75
100760 76
100774 77
100812 78
100844 79
100860 78
100892 79
101003 80
101040 79
101209 80
101235 81
101236 80
101293 81
101452 80
101506 79
101512 80
101604 79
101611 80
101624 81
101656 80
101681 81
101793 80
101816 81
101829 80
101950 79
101952 80
102024 79
102229 80
102229 81
102308 82
102343 81
102346 80
102348 81
102354 82
102362 81
102364 80
102446 81
102453 80
102537 81
102681 82
102818 81
102820 82
102884 83
102922 84
103304 83
103376 82
103503 83
103580 82
103580 81
103606 80
103770 79
103799 78
103860 79
103907 78
103952 77
103960 76
103982 75
103992 74
104012 75
104029 76
104061 77
104128 76
104192 77
104218 76
104228 75
104302 74
104326 75
104398 74
104416 73
104436 74
104576 75
104601 76
104692 75
104699 76
104738 77
104748 76
104814 75
104940 74
104949 73
104949 72
104953 71
104954 72
104955 71
104997 72
105000 73
105016 74
105065 75
105074 76
105160 75
105192 76
105194 77
105208 78
105307 77
105352 76
105369 77
105373 78
105379 79
105388 78
105434 77
105449 76
105450 75
105456 76
105502 75
105559 76
105674 77
105697 78
105703 77
105717 76
105728 77
105731 76
105840 77
105863 76
105864 77
105874 76
105875 75
105922 74
105926 75
105944 76
106139 77
106145 76
106224 77
106276 78
106281 77
106288 76
106288 75
106337 76
106407 77
106410 76
106415 77
106426 76
106456 75
106482 76
106527 75
106529 76
106574 77
106616 76
106665 77
106665 76
106675 75
106693 76
106782 77
106853 78
107003 79
107007 78
107010 79
107012 78
107173 79
107247 80
107288 79
107304 78
107330 79
107332 78
107332 77
107336 76
107461 77
107497 76
107531 75
107579 76
107589 77
107610 78
107619 77
107668 76
107700 75
107706 74
107712 73
107897 74
107900 75
107910 74
107918 73
107969 74
107981 73
108007 72
108031 73
108052 74
108084 73
108140 72
108181 73
108200 74
108208 75
108262 74
108310 75
108323 76
108324 75
108331 74
108332 73
108347 72
108348 71
108354 70
108383 71
108384 72
108408 71
108435 72
108456 71
108469 72
108474 73
108499 74
108560 73
108572 74
108656 73
108658 72
108666 73
108666 72
108683 73
108716 72
108724 71
108727 72
108764 73
108831 74
108832 75
108868 76
108942 77
108950 76
108955 75
108956 74
108956 75
108956 76
108962 75
108963 74
108963 73
109004 72
109037 71
109088 70
109096 71
109104 70
109184 69
109221 70
109227 71
109233 72
109243 71
109243 70
109248 69
109252 68
109272 69
109278 70
109288 71
109304 72
109459 71
109474 72
109480 71
109503 72
109520 71
109522 70
109524 71
109527 70
109543 71
109546 72
109548 73
109551 72
109556 71
109556 70
109556 69
109564 68
109612 67
109623 68
109652 67
109669 66
109680 67
109688 66
109699 65
109748 66
109757 65
109773 64
109774 63
109776 64
109777 65
109782 64
109783 65
109784 64
109815 63
109885 64
109929 63
110032 64
110048 65
110059 66
110061 67
110075 66
110076 65
110088 66
110107 67
110114 66
110123 67
110137 66
110167 65
110172 66
110173 67
110200 68
110209 69
110259 70
110263 69
110281 70
110304 71
110310 72
110314 73
110322 74
110344 73
110352 72
110420 73
110435 74
110440 75
110448 74
110460 75
110468 76
110468 75
110468 75
110469 74
110469 74
110515 75
110584 76
110592 75
110592 74
110592 73
110675 72
110690 71
110701 70
110764 71
110768 72
110776 71
110780 70
110785 69
110901 70
110942 71
110972 72
111019 73
111052 74
111091 75
111099 74
111120 75
111176 76
111187 77
111204 78
111216 79
111220 80
111229 79
111232 80
111244 79
111319 78
111436 79
111456 80
111464 79
111465 78
111465 77
111465 76
111466 75
111466 74
111466 73
111466 72
111470 71
111477 70
111510 71
111621 72
111631 71
111633 70
111648 71
111662 72
111662 71
111704 72
111713 71
111713 70
111714 69
111732 68
111756 69
111771 70
111827 69
111876 70
111936 71
111944 72
111946 71
111956 70
112049 71
112082 72
112136 71
112136 70
112168 71
112180 70
112212 71
112220 70
112268 71
112315 72
112316 71
112322 70
112348 71
112361 70
112374 69
112376 70
112381 69
112383 70
112432 71
112440 70
112474 69
112480 70
112511 71
112511 72
112554 73
112556 74
112594 75
112602 74
112618 73
112726 73
112776 74
112776 75
112845 76
112845 77
112912 76
112917 77
112917 78
112927 79
112942 78
112963 77
113012 76
113026 77
113032 76
113152 75
113207 76
113208 77
113239 78
113315 77
113323 76
113324 77
113340 78
113362 79
113364 78
113370 77
113379 76
113403 75
113496 76
113502 75
113503 74
113524 75
113532 74
113532 73
113533 72
113533 71
113533 70
113573 69
113620 68
113626 67
113645 68
113657 67
113658 67
113659 66
113832 67
113852 68
113860 67
113879 66
113880 67
113889 68
113921 69
113921 70
113922 71
113924 70
113948 71
114024 71
114048 72
114105 73
114131 74
114143 73
114145 72
114147 71
114148 70
114151 71
114161 70
114197 71
114257 70
114280 71
114283 70
114284 71
114289 70
114292 69
114353 70
114354 69
114360 70
114368 69
114368 68
114369 68
114374 67
114379 66
114380 65
114432 66
114447 67
114463 66
114464 65
114465 64
114466 63
114512 64
114520 63
114520 62
114521 61
114529 62
114536 61
114541 62
114544 63
114577 64
114614 65
114622 64
114622 63
114630 62
114633 61
114713 62
114721 61
114755 62
114756 61
114772 62
114867 63
114892 62
114896 63
114925 64
114928 65
114929 66
114933 65
114941 66
114947 65
114948 64
114948 63
115039 64
115041 63
115042 62
115063 63
115065 64
115076 63
115089 62
115094 61
115113 60
115116 61
115117 62
115152 62
115162 61
115202 62
115268 63
115330 64
115347 65
115359 64
115368 65
115370 64
115403 65
115404 66
115413 67
115419 68
115424 69
115488 70
115496 69
115498 70
115504 71
115522 72
115524 73
115544 74
115560 75
115603 76
115605 75
115616 75
115616 74
115619 73
115652 74
115655 75
115658 76
115667 75
115687 74
115712 73
115721 72
115736 71
115760 72
115780 71
115847 72
115848 71
115852 70
115855 71
115855 70
115865 70
115866 69
115875 69
115879 70
115901 71
115902 72
115910 71
115913 70
115919 69
116012 70
116092 71
116100 70
116222 71
116241 70
116255 71
116321 72
116321 71
116340 72
116367 73
116382 72
116383 71
116412 72
116415 71
116416 70
116472 69
116476 70
116484 71
116487 70
116491 69
116523 70
116532 71
116593 70
116599 71
116611 70
116695 71
116730 72
116741 71
116742 70
116745 69
116748 68
116760 67
116812 66
116814 67
116816 68
116816 67
116848 68
116851 67
116854 66
116884 67
116899 66
116908 67
116909 68
116922 67
116923 66
116925 67
116930 68
116931 67
116937 66
116944 65
116944 64
116946 63
117012 64
117020 63
117020 62
117021 61
117021 60
117060 61
117064 60
117074 59
117176 60
117177 60
117178 61
117178 60
117180 59
117183 58
117188 58
117190 57
117230 58
117239 57
117241 58
117305 57
117312 56
117324 57
117328 58
117333 59
117337 60
117344 59
117347 59
117350 58
117355 57
117373 58
117384 57
117388 56
117437 57
117448 58
117459 59
117478 59
117479 58
117480 57
117492 58
117515 59
117525 60
117536 60
117548 61
117553 62
117555 61
117556 60
117556 59
117557 58
117557 57
117564 56
117596 55
117600 54
117616 55
117672 56
117717 57
117726 58
117738 59
117775 60
117781 61
117811 62
117822 63
117827 64
117836 65
117855 66
117876 67
117888 66
117892 67
117925 68
117926 69
118032 70
118052 69
118052 70
118053 69
118056 70
118064 70
118084 71
118107 72
118132 73
118188 72
118192 73
118194 74
118211 73
118221 74
118223 73
118236 74
118267 74
118276 73
118285 72
118288 71
118307 70
118372 71
118400 72
118428 73
118438 74
118440 75
118446 76
118449 75
118480 76
118524 77
118601 76
118610 76
118638 75
118642 74
118642 74
118716 75
118729 74
118732 73
118814 72
118840 72
118894 73
118908 74
118960 75
118972 74
118974 75
118976 76
118979 75
119006 74
119017 75
119055 76
119182 77
119184 76
119193 77
119195 76
119197 75
119197 74
119204 73
119326 73
119346 72
119436 71
119445 72
119449 73
119556 73
119565 72
119640 71
119642 72
119656 71
119659 70
119662 69
119664 69
119668 68
119687 67
119688 68
119722 69
119784 70
119823 71
119826 72
119829 71
119831 70
119834 69
119871 69
119875 70
119878 69
119882 68
119885 69
119974 70
119992 69
119995 68
120008 69
120089 70
120089 71
120098 70
120100 69
120101 69
120101 68
120105 67
120106 66
120106 66
120110 66
120196 67
120240 68
120263 69
120269 68
120297 69
120311 68
120324 69
120332 70
120352 69
120405 70
120409 71
120423 72
120481 73
120485 72
120486 71
120486 70
120488 71
120490 70
120490 70
120495 70
120545 71
120592 70
120602 71
120611 72
120619 72
120660 73
120677 74
120680 75
120712 74
120723 73
120763 74
120771 74
120771 73
120773 72
120819 73
120822 74
120834 73
120846 72
120918 71
120931 72
120960 71
120961 70
120998 71
121017 70
121084 69
121084 68
121134 67
121174 68
121228 69
121286 70
121309 71
121361 72
121361 73
121365 72
121372 71
121373 70
121391 71
121421 72
121425 71
121446 70
121448 69
121540 68
121547 67
121549 66
121581 67
121599 66
121604 65
121649 66
121668 67
121683 66
121683 66
121683 65
121731 66
121744 65
121753 66
121756 65
121764 65
121770 65
121771 64
121776 65
121789 64
121790 63
121795 64
121801 64
121811 63
121814 62
121817 63
121824 63
121868 64
121875 65
121900 66
121908 65
121912 64
121913 63
121970 62
121971 61
121978 62
121989 61
121996 62
122048 61
122083 62
122092 63
122116 62
122129 61
122140 62
122156 62
122157 61
122157 60
122157 59
122160 60
122243 61
122253 62
122273 63
122280 62
122285 61
122321 62
122336 62
122336 61
122358 62
122365 61
122388 62
122397 61
122397 60
122398 59
122401 58
122436 58
122437 59
122444 58
122449 58
122467 59
122481 60
122512 61
122517 60
122520 61
122528 60
122528 59
122533 58
122569 57
122572 58
122576 59
122620 60
122624 59
122628 58
122639 59
122650 58
122699 57
122700 58
122708 58
122740 59
122752 60
122767 61
122768 62
122795 63
122801 64
122843 63
122849 62
122854 63
122900 62
122947 62
122948 63
122984 62
122989 63
123000 64
123001 65
123010 66
123028 67
123042 66
123074 67
123078 66
123081 67
123095 66
123100 67
123120 66
123181 67
123192 68
123225 69
123252 70
123271 71
123315 70
123325 69
123328 68
123329 69
123336 70
123351 71
123358 70
123359 69
123367 68
123372 69
123493 70
123512 71
123518 71
123523 70
123530 69
123578 70
123586 69
123595 68
123598 69
123600 68
123625 67
123661 68
123681 67
123682 68
123685 67
123686 66
123688 67
123709 66
123713 67
123732 68
123740 67
123767 68
123794 69
123813 70
123820 69
123822 70
123826 69
123880 70
123908 71
123918 70
123920 71
123925 70
123936 71
123945 70
123945 69
123945 68
123945 67
123945 66
123968 65
123992 66
124000 65
124004 66
124012 65
124073 66
124074 65
124075 64
124080 64
124155 65
124156 66
124164 65
124176 64
124204 65
124207 66
124266 67
124308 68
124344 69
124361 70
124439 71
124444 72
124452 71
124482 72
124491 71
124550 70
124559 69
124563 70
124566 69
124586 70
124596 71
124604 70
124605 70
124605 69
124608 70
124617 69
124651 70
124665 69
124692 70
124716 71
124827 72
124832 71
124937 72
124940 73
124945 72
124949 71
124958 70
124971 69
124998 70
124998 71
125008 72
125145 73
125220 74
125220 73
125296 74
125342 75
125366 76
125432 77
125438 78
125459 79
125468 78
125474 79
125652 80
125658 81
125682 80
125716 79
125725 80
125728 79
125731 78
125738 77
125745 76
125859 77
125870 76
125922 75
125936 74
125953 73
125961 72
125961 73
125996 74
126017 75
126051 76
126058 77
126072 78
126132 79
126202 78
126275 77
126277 76
126313 75
126344 74
126444 75
126448 74
126510 75
126527 74
126527 75
126608 74
126709 75
126711 74
126734 75
126746 74
126806 75
126845 76
126895 77
126903 78
126953 77
126994 78
127021 77
127107 78
127162 79
127170 78
127197 79
127200 78
127301 79
127424 80
127437 81
127508 82
127655 81
127667 80
127684 81
127704 80
127747 81
127748 80
127767 79
127838 80
127849 81
127850 80
127853 79
127920 80
127979 79
128008 78
128085 79
128140 78
128184 77
128209 78
128225 77
128270 76
128384 77
128391 76
128392 75
128404 74
128427 75
128490 76
128497 77
128524 78
128550 79
128597 78
128624 77
128632 78
128780 79
128841 80
128867 79
128967 80
129090 81
129138 80
129160 79
129309 80
129377 79
129380 78
129420 79
129456 80
129488 81
129490 82
129509 81
129542 80
129568 79
129568 78
129620 79
129648 78
129657 77
129727 78
129752 77
129801 76
129813 77
129859 76
129876 75
129878 74
129911 73
130049 72
130060 73
130111 74
130142 75
130149 74
130162 75
130214 76
130275 77
130310 78
130320 79
130364 80
130372 81
130465 80
130465 79
130502 78
130514 77
130568 76
130625 75
130636 74
130656 73
130747 74
130770 75
130925 76
130945 77
130957 78
130969 77
131083 78
131089 79
131330 80
131331 79
131337 78
131351 79
131357 78
131363 77
131413 76
131433 77
131470 76
131477 77
131554 78
131554 77
131556 78
131561 79
131740 78
131757 79
131761 80
131846 81
131850 80
131893 79
132100 80
132101 79
132108 78
132117 77
132134 76
132168 75
132213 74
132233 75
132310 74
132313 75
132332 74
132349 75
132406 76
132553 77
132559 76
132566 77
132576 76
132672 77
132723 78
132765 79
132784 78
132945 79
132961 78
133012 77
133037 78
133068 79
133089 78
133248 79
133251 78
133266 79
133270 78
133289 79
133359 78
133461 77
133470 78
133493 79
133521 78
133569 79
133620 78
133642 77
133661 78
133665 79
133702 78
133705 77
133755 76
133776 75
133787 76
133886 77
134025 78
134168 77
134190 78
134219 79
134237 80
134331 81
134340 82
134343 83
134369 82
134403 81
134440 80
134468 81
134469 80
134498 79
134849 78
134899 79
134958 80
135063 79
135072 80
135129 81
135187 80
135190 79
135375 80
135375 81
135394 82
135541 81
135548 80
135554 81
135559 80
135573 79
135577 78
135602 77
135637 78
135716 79
135791 80
135821 79
135905 78
135927 79
136023 78
136033 77
136048 78
136085 77
136133 78
136284 77
136356 78
136377 79
136381 78
136578 79
136621 80
136721 79
136737 80
136797 79
136885 80
136997 81
136998 80
137020 79
137070 78
137120 77
137203 78
137209 77
137255 78
137294 79
137329 78
137384 79
137407 78
137408 77
137457 76
137460 75
137465 76
137481 75
137524 74
137572 75
137636 74
137695 73
137781 74
137781 73
137858 74
137871 73
137953 72
137956 73
137990 74
138010 75
138038 76
138048 77
138073 76
138090 77
138154 78
138168 77
138235 78
138268 79
138276 78
138301 79
138380 80
138446 79
138539 80
138560 79
138589 80
138665 79
138711 80
138782 81
138786 80
138837 81
138890 80
139137 81
139179 80
139186 79
139195 80
139200 81
139253 80
139289 79
139311 78
139367 79
139517 78
139529 77
139573 76
139651 77
139657 78
139662 79
139663 80
139673 81
139789 80
139911 81
139940 82
139992 81
140073 82
140165 83
140251 82
140268 81
140277 82
140429 81
140459 80
140469 81
140597 82
140685 81
140713 82
140743 81
140766 80
140891 81
140934 82
140977 83
141039 82
141063 83
141108 82
141111 81
141160 82
141166 81
141166 80
141405 79
141467 80
141574 79
141636 80
141693 81
141738 82
141760 83
141798 82
141851 81
141854 80
142059 79
142114 80
142229 79
142318 78
142346 77
142373 76
142424 77
142453 76
142456 77
142487 78
142567 77
142569 78
142593 77
142597 76
142605 75
142698 76
142761 77
142765 78
142883 77
142911 78
142915 79
142963 78
142988 77
143020 76
143073 77
143081 78
143158 79
143361 78
143366 77
143417 76
143473 77
143546 78
143552 79
143593 78
143599 79
143609 78
143658 79
143700 78
143742 77
143784 78
143840 77
143889 78
143966 79
143977 78
144039 79
144041 78
144062 77
144068 76
144087 75
144138 74
144162 75
144317 76
144393 75
144395 76
144477 75
144549 76
144562 77
144562 78
144653 77
144725 78
144725 79
144731 78
144814 77
144826 76
144843 77
144870 78
144961 79
145051 78
145064 79
145115 78
145178 79
145293 78
145317 79
145332 78
145355 77
145357 78
145445 77
145482 78
145496 79
145501 78
145505 79
145557 78
145747 79
145820 80
145832 81
145958 82
145983 81
146029 82
146051 81
146053 80
146231 81
146283 80
146296 79
146309 78
146311 77
146320 78
146345 79
146567 80
146613 79
146673 78
146681 77
146700 78
146730 77
146794 78
146877 79
146884 80
146976 81
146994 82
147121 81
147278 82
147333 83
147357 82
147367 81
147377 82
147439 81
147519 80
147637 81
147687 80
147727 79
147776 78
147846 77
147964 78
148019 79
148036 78
148076 77
148097 76
148132 77
148181 76
148204 75
148227 76
148236 77
148353 78
148443 79
148533 78
148578 79
148645 78
148714 79
148748 80
148921 79
149046 80
149062 79
149089 80
149109 81
149139 80
149215 81
149265 80
149268 79
149351 80
149370 81
149439 82
149526 81
149763 80
149849 81
149997 82
150014 81
150064 80
150129 79
150160 80
150175 81
150303 82
150321 81
150321 80
150354 81
150399 82
150703 81
150733 80
150741 81
150971 80
151009 79
151057 80
151063 81
151065 80
151142 79
151166 80
151264 79
151275 80
151285 81
151335 80
151525 81
151555 80
151630 81
151714 80
151717 81
151721 82
151805 81
151817 80
151909 81
151915 80
151918 79
151919 78
152091 77
152190 78
152236 77
152244 76
152250 77
152285 76
152295 77
152308 78
152353 77
152401 78
152517 79
152565 80
152573 81
152635 82
152697 83
152768 82
152814 83
152842 82
152855 83
152958 82
152979 81
152981 80
153081 79
153177 80
153294 79
153296 78
153314 77
153347 76
153427 77
153468 76
153489 75
153541 76
153595 77
153675 78
153697 79
153715 78
153717 77
153739 78
153761 79
153773 78
153792 79
153823 80
153824 81
153928 80
154029 79
154029 78
154029 77
154060 78
154097 79
154261 78
154305 79
154374 80
154421 81
154431 80
154678 79
154701 78
154769 77
154805 78
154805 79
154841 78
154873 79
154896 78
154897 77
154900 76
154901 75
154903 75
154906 74
154941 75
154993 74
155013 75
155211 76
155233 77
155240 78
155257 77
155337 76
155338 75
155343 76
155343 75
155345 74
155346 73
155352 72
155352 71
155402 70
155427 71
155437 72
155437 73
155438 72
155485 73
155492 72
155495 71
155496 71
155497 70
155498 71
155504 70
155515 69
155519 70
155525 69
155558 68
155630 67
155720 68
155779 69
155819 70
155830 69
155837 70
155887 71
155889 70
155939 69
155951 70
155969 69
156005 70
156019 71
156041 72
156061 71
156067 72
156101 73
156112 74
156166 75
156210 76
156230 75
156245 76
156264 77
156267 76
156448 77
156464 78
156554 77
156568 78
156633 77
156713 78
156778 79
156781 78
156800 79
156910 80
156937 79
156941 78
156945 77
157003 76
157046 77
157056 76
157058 77
157070 76
157078 75
157206 76
157261 77
157267 76
157270 75
157271 74
157299 73
157305 74
157371 73
157429 74
157444 75
157498 74
157577 75
157725 76
157737 75
157737 74
157737 73
157745 72
157749 73
157761 74
157786 73
157817 72
157823 71
157829 72
157862 73
157951 74
158053 73
158055 74
158075 75
158081 76
158090 75
158094 74
158099 73
158157 72
158163 71
158166 70
158205 71
158214 72
158229 73
158246 72
158253 73
158271 74
158294 75
158421 76
158434 75
158476 76
158556 77
158580 78
158584 77
158597 78
158624 79
158629 78
158680 79
158726 78
158819 77
158831 78
158897 79
158951 78
158962 79
158972 78
158973 77
158985 78
158993 77
159039 78
159059 77
159080 78
159098 77
159193 76
159194 75
159207 74
159361 73
159361 72
159361 71
159361 70
159366 71
159402 70
159406 69
159427 68
159427 69
159466 68
159469 67
159477 68
159556 67
159565 66
159615 67
159657 68
159659 67
159665 66
159665 65
159665 64
159724 63
159741 64
159773 63
159793 64
159795 65
159801 64
159847 65
159855 66
159875 67
159883 66
159885 67
159889 68
159890 67
159896 66
159912 65
159921 66
159928 65
159957 66
159962 67
159978 68
160013 69
160029 68
160075 67
160117 67
160137 68
160149 69
160200 70
160265 71
160311 72
160312 73
160320 72
160345 73
160353 72
160353 71
160373 72
160418 71
160426 70
160505 71
160549 72
160563 73
160570 72
160577 73
160633 74
160644 74
160645 75
160676 76
160695 77
160701 78
160712 79
160725 80
160725 79
160731 78
160755 79
160757 78
160765 77
160829 78
160840 77
160846 76
160850 75
160856 74
160926 75
160963 76
161047 77
161055 78
161065 77
161074 76
161079 75
161082 74
161090 73
161091 72
161111 73
161129 74
161131 73
161139 73
161154 73
161169 74
161281 75
161327 76
161331 75
161336 74
161364 75
161422 74
161447 74
161476 73
161506 74
161524 74
161565 75
161603 74
161611 75
161622 75
161670 76
161677 77
161699 76
161726 77
161784 78
161801 77
161878 76
161883 75
161886 76
161929 77
161929 76
161934 75
161982 74
162131 75
162176 76
162207 77
162213 76
162242 77
162246 76
162249 75
162252 74
162301 73
162348 74
162383 75
162414 76
162419 75
162434 74
162504 73
162507 72
162528 71
162586 72
162586 71
162604 72
162613 71
162616 72
162634 72
162671 73
162681 72
162699 73
162798 74
162848 75
162890 74
162891 73
162933 74
162945 75
162957 74
163073 75
163083 74
163089 75
163090 74
163103 75
163165 74
163172 75
163177 76
163181 75
163208 76
163238 77
163249 76
163306 75
163349 76
163425 75
163452 76
163461 77
163465 76
163470 75
163470 74
163569 75
163570 76
163573 76
163573 76
163573 76
163577 75
163585 75
163586 74
163624 75
163683 74
163694 73
163701 72
163713 71
163731 70
163780 69
163809 68
163874 69
163881 68
163885 69
163886 68
163888 67
163909 68
163917 68
163925 69
163943 70
163949 69
163967 70
163987 69
164037 70
164076 71
164101 72
164109 73
164169 74
164177 73
164177 72
164177 71
164180 70
164181 69
164182 68
164186 67
164189 66
164204 67
164213 68
164257 69
164321 70
164389 71
164413 70
164415 71
164428 70
164448 71
164449 72
164455 71
164458 70
164463 69
164469 70
164472 69
164489 70
164513 69
164513 68
164529 69
164653 70
164671 70
164701 69
164714 68
164735 69
164772 68
164784 69
164785 68
164793 69
164821 68
164839 67
164870 68
164952 69
164952 70
164957 69
164962 68
164963 69
164964 68
164969 69
164977 68
164981 69
164989 68
164992 67
165043 68
165048 67
165052 66
165052 65
165052 64
165054 64
165054 63
165191 62
165211 63
165212 64
165218 65
165229 64
165238 63
165305 62
165334 63
165365 64
165373 65
165416 64
165418 65
165422 66
165423 65
165424 64
165424 63
165426 62
165433 63
165449 64
165460 65
165468 66
165472 65
165482 66
165491 65
165546 66
165585 65
165592 66
165598 67
165602 67
165605 68
165662 69
165699 70
165754 71
165756 70
165760 71
165768 70
165772 69
165777 70
165793 71
165795 70
165856 69
165857 70
165885 71
165890 70
165909 71
166044 70
166095 71
166161 72
166173 73
166180 74
166234 75
166258 76
166285 77
166342 78
166362 77
166365 78
166411 79
166421 80
166428 79
166462 80
166573 81
166601 82
166609 81
166660 80
166664 79
166669 80
166675 79
166759 80
166795 79
166809 78
167015 79
167066 78
167080 79
167114 80
167144 79
167206 80
167241 79
167297 78
167438 79
167471 80
167574 81
167595 82
167609 81
167621 80
167625 79
167637 78
167670 79
167733 80
167796 81
167925 80
167941 79
167963 78
167980 77
167981 76
168018 77
168029 78
168083 79
168163 78
168221 79
168309 78
168345 79
168345 80
168444 79
168453 80
168569 79
168635 80
168698 79
168792 78
168845 77
168936 76
168966 77
169000 78
169005 79
169023 78
169024 77
169031 78
169206 79
169235 78
169237 79
169257 78
169282 77
169285 76
169389 77
169393 76
169437 75
169471 74
169477 73
169479 74
169497 75
169513 76
169528 75
169598 76
169617 77
169651 76
169691 75
169732 76
169747 75
169862 74
169887 75
169943 74
170042 75
170047 76
170056 77
170065 76
170078 75
170096 76
170116 77
170184 76
170214 77
170253 78
170329 77
170344 78
170380 77
170431 78
170460 79
170499 80
170547 81
170703 82
170720 81
170879 82
170909 83
170963 84
171003 83
171141 82
171238 81
171270 82
171316 83
171345 82
171345 81
171477 82
171671 83
171717 82
171869 81
171957 82
171998 83
172045 82
172193 83
172207 82
172207 81
172235 80
172279 79
172345 78
172373 77
172405 76
172409 77
172541 76
172553 75
172672 74
172676 73
172726 72
172732 71
172749 72
172753 73
172762 72
172839 73
172961 72
172961 71
172963 72
172980 73
172993 72
173000 73
173027 74
173145 73
173163 74
173171 73
173193 74
173199 73
173205 74
173217 73
173238 72
173338 71
173361 72
173373 73
173394 74
173462 75
173469 76
173514 75
173562 76
173576 75
173608 76
173610 75
173662 74
173692 73
173800 72
173810 71
173879 72
173908 71
173930 72
173958 71
173961 72
174002 73
174040 72
174083 71
174101 72
174119 73
174125 74
174139 75
174173 74
174182 75
174277 76
174294 77
174341 76
174400 77
174419 78
174440 79
174464 78
174506 79
174536 80
174592 81
174741 82
174777 83
174843 82
174868 81
174937 82
174945 81
175020 82
175053 81
175061 80
175117 81
175273 80
175393 81
175425 80
175521 79
175569 80
175577 79
175713 80
175770 79
175775 78
175783 77
175793 76
175841 77
175932 76
176037 77
176040 76
176101 77
176113 76
176133 77
176149 78
176151 77
176173 78
176182 77
176184 78
176190 77
176199 77
176201 76
176329 75
176353 76
176356 77
176363 77
176370 76
176377 75
176378 74
176390 73
176441 72
176509 71
176516 70
176523 71
176540 70
176544 69
176545 68
176546 67
176553 67
176580 68
176590 67
176647 68
176650 67
176664 66
176667 65
176670 64
176711 64
176713 65
176722 64
176737 63
176737 64
176739 63
176740 63
176746 62
176748 61
176784 62
176794 63
176851 64
176853 63
176854 63
176855 62
176857 62
176861 62
176947 61
176971 62
176982 63
176987 64
176997 65
176999 64
177001 65
177046 64
177049 63
177052 64
177059 65
177105 66
177136 67
177151 66
177155 67
177157 66
177158 65
177192 66
177193 65
177193 66
177200 65
177202 64
177204 65
177234 66
177262 67
177287 68
177288 67
177289 68
177295 67
177297 68
177301 69
177314 68
177333 69
177334 70
177361 69
177361 69
177379 68
177379 67
177381 66
177389 65
177390 66
177393 65
177393 66
177458 67
177530 68
177554 69
177560 68
177568 67
177568 68
177572 69
177575 68
177577 67
177587 66
177666 65
177670 66
177706 67
177718 68
177733 67
177751 66
177807 67
177810 68
177815 68
177835 67
177839 68
177842 69
177863 68
177869 69
177898 70
177983 71
177987 70
177989 69
177993 70
178005 71
178100 70
178115 71
178160 72
178177 73
178189 74
178221 73
178226 74
178250 73
178251 72
178253 73
178272 72
178279 73
178464 74
178474 75
178481 74
178494 73
178499 74
178501 75
178509 74
178509 73
178517 74
178535 75
178547 76
178626 77
178681 78
178721 79
178737 80
178741 79
178802 80
178857 79
178859 78
178873 77
179072 78
179076 77
179100 78
179101 77
179181 76
179183 75
179184 74
179188 73
179265 72
179267 71
179268 72
179276 71
179297 72
179305 72
179321 73
179399 74
179406 73
179410 72
179432 73
179490 74
179533 75
179550 76
179669 75
179713 76
179722 77
179725 76
179822 77
179822 76
179832 75
179872 76
179881 77
179977 78
179985 79
179991 80
180000 79
180025 80
180037 79
180072 80
180196 79
180401 80
180410 81
180426 80
180457 79
180461 78
180461 78
180468 77
180486 76
180493 77
180501 76
180501 75
180601 76
180609 75
180671 74
180673 75
180684 74
180685 75
180691 74
180769 73
180873 72
180939 73
180969 72
180977 73
181028 74
181041 75
181068 74
181137 75
181182 76
181262 75
181287 76
181386 77
181408 78
181481 79
181495 78
181519 79
181533 80
181543 79
181557 78
181633 79
181639 78
181654 79
181680 78
181704 79
181766 78
181948 79
181970 78
181971 77
181978 76
182061 75
182099 76
182100 77
182169 78
182279 79
182340 80
182437 79
182438 78
182563 77
182667 76
182673 75
182713 74
182730 75
182747 76
182783 77
182800 76
182805 75
182949 76
183005 77
183135 76
183152 77
183213 78
183230 79
183281 80
183329 79
183344 78
183349 77
183369 76
183372 75
183411 76
183456 77
183462 78
183607 79
183721 80
183885 81
183933 80
183938 81
183942 80
183980 81
184101 80
184138 81
184156 82
184177 81
184296 80
184359 79
184387 78
184483 79
184495 78
184566 79
184628 78
184681 77
184737 78
184745 77
184745 76
184753 77
184754 76
184771 75
184793 76
184806 77
185016 78
185048 77
185054 76
185059 77
185167 76
185177 77
185180 78
185185 77
185307 76
185333 75
185348 74
185388 73
185438 74
185456 75
185470 76
185521 77
185530 78
185644 79
185681 78
185685 77
185759 76
185793 77
185807 76
185817 77
185877 78
185897 77
185937 78
185958 79
185962 80
185970 79
185971 80
186030 81
186145 80
186384 79
186422 78
186437 79
186445 80
186513 79
186544 78
186555 77
186608 78
186683 79
186843 78
187077 77
187080 76
187097 77
187256 76
187260 77
187337 76
187340 77
187361 78
187363 79
187400 80
187649 81
187687 82
187687 83
187817 82
187887 81
187925 80
188054 79
188106 78
188114 79
188193 78
188263 77
188279 76
188330 75
188333 76
188394 75
188405 76
188456 77
188460 78
188465 77
188483 76
188490 75
188501 76
188521 75
188665 76
188688 77
188752 78
188763 77
188791 76
188791 77
188869 78
188876 77
189163 76
189221 77
189253 78
189254 77
189266 78
189299 79
189392 80
189494 81
189530 82
189646 81
189647 80
189648 79
189654 80
189739 79
189853 78
189854 77
189875 78
189929 79
189959 80
189982 81
190138 80
190138 79
190273 80
190282 81
190283 82
190287 81
190292 80
190316 79
190361 80
190373 79
190489 80
190525 79
190552 78
190553 79
190677 78
190746 79
190785 78
190789 77
190796 78
190839 79
190877 80
190929 81
190945 82
190976 81
190982 80
190984 79
191033 78
191045 77
191093 76
191255 75
191318 76
191319 77
191341 78
191358 79
191385 80
191523 81
191530 80
191580 79
191631 78
191649 79
191712 80
191809 79
191877 80
191914 79
191942 80
191972 79
192111 80
192124 81
192173 80
192196 79
192232 78
192357 79
192584 78
192604 79
192633 78
192759 79
192885 80
192900 79
192984 78
193009 79
193017 80
193054 81
193073 82
193185 81
193285 82
193332 83
193366 82
193561 81
193678 82
193796 83
193809 84
194002 83
194033 84
194071 83
194081 82
194147 83
194493 82
194498 81
194680 80
194730 79
194739 80
194753 79
194863 78
194896 79
194926 80
194966 79
195157 80
195185 81
195237 80
195289 79
195365 80
195415 81
195499 82
195509 81
195512 80
195530 79
195564 78
195610 79
195680 78
195757 77
195833 78
195901 79
195902 80
195941 79
195945 78
196032 79
196053 80
196055 81
196149 82
196174 81
196275 82
196345 81
196380 82
196546 81
196548 80
196614 79
196659 78
196700 77
196712 78
196892 77
196898 76
196994 75
197035 76
197063 75
197064 76
197124 75
197171 74
197204 75
197231 76
197265 75
197277 76
197299 77
197344 78
197382 79
197406 80
197442 79
197701 80
197712 81
197769 82
197789 81
197824 82
197974 83
197983 82
198035 81
198202 80
198384 79
198429 80
198461 79
198526 80
198526 81
198652 82
198676 81
198782 82
198833 81
198863 82
198979 83
198998 82
199005 83
199018 82
199121 81
199129 82
199216 81
199275 80
199388 79
199534 78
199643 77
199649 78
199654 77
199689 78
199705 79
199804 80
199842 81
199876 80
199882 81
199914 80
