0 0 0 0
4144 0 1 0.1
4169 0 1 0.2
4191 0 1 0.3
4250 0 1 0.4
4253 0 1 0.5
4257 0 1 0.6
4261 0 2 0.7
4274 0 2 0.8
4276 0 2 0.9
4284 0 2 1
4286 0 3 1.1
4290 0 4 1.2
4292 0 4 1.3
4299 0 4 1.4
4303 1 4 1.5
4305 1 5 1.6
4313 1 4 1.5
4314 1 4 1.5
4328 1 4 1.6
4329 1 4 1.7
4333 1 4 1.8
4336 1 4 1.8
4337 1 4 1.9
4358 1 4 2
4388 1 4 2.1
4395 1 4 2.2
4396 1 4 2.1
4397 1 4 2.2
4398 1 4 2.3
4417 1 4 2.4
4422 1 4 2.5
4429 1 4 2.5
4430 1 4 2.5
4434 1 4 2.6
4438 1 4 2.7
4442 1 4 2.7
4447 1 4 2.8
4450 1 4 2.9
4453 2 4 3
4456 2 4 3
4460 2 4 3
4461 2 4 3
4471 2 4 3.1
4474 2 4 3.2
4475 3 4 3.3
4478 3 4 3.3
4484 3 4 3.4
4486 3 4 3.5
4487 3 5 3.6
4491 3 5 3.7
4492 2 5 3.6
4495 2 4 3.5
4532 2 4 3.6
4540 2 5 3.7
4541 2 5 3.8
4564 2 5 3.9
4571 2 5 3.8
4577 2 5 3.7
4580 2 5 3.6
4581 2 6 3.7
4589 2 6 3.8
4596 2 5 3.7
4604 2 5 3.8
4606 2 5 3.9
4610 2 6 4
4613 2 6 3.9
4616 2 7 4.1
4619 2 6 4
4620 2 6 3.9
4621 2 6 3.9
4624 2 6 3.9
4625 2 6 4
4635 2 6 4.1
4642 2 6 4.1
4645 3 6 4.2
4648 3 6 4.3
4654 3 6 4.5
4655 3 6 4.3
4656 3 5 4.2
4661 3 6 4.2
4662 3 6 4.2
4668 3 5 4.1
4674 3 5 4.2
4680 3 5 4.2
4681 3 5 4.3
4682 3 5 4.2
4683 3 5 4.3
4689 3 5 4.3
4692 4 5 4.4
4695 4 6 4.5
4703 4 7 4.6
4707 4 7 4.7
4710 4 7 4.6
4718 4 7 4.6
4721 4 6 4.5
4722 3 6 4.4
4734 3 6 4.5
4740 3 6 4.4
4742 3 6 4.4
4744 3 6 4.3
4750 3 6 4.4
4758 3 6 4.4
4768 3 7 4.5
4769 3 7 4.6
4772 4 7 4.7
4773 4 7 4.8
4776 4 6 4.7
4780 4 6 4.7
4784 4 6 4.8
4785 4 7 4.9
4786 4 7 5
4792 4 6 4.9
4795 4 6 4.9
4797 4 6 5
4798 4 6 5.1
4804 4 6 5.2
4805 4 6 5.1
4807 4 6 5
4810 4 6 4.9
4811 4 6 4.9
4814 4 6 4.9
4826 4 6 5
4834 4 6 5
4839 4 6 5.2
4846 4 6 5
4853 4 6 5.1
4855 4 6 5.1
4861 4 6 5.1
4863 4 6 5.1
4865 4 6 5.2
4872 4 6 5.2
4873 4 6 5.2
4876 4 6 5.3
4884 4 7 5.5
4886 4 7 5.6
4889 4 7 5.6
4891 4 6 5.6
4896 4 6 5.5
4897 4 7 5.4
4898 4 7 5.4
4899 4 7 5.3
4902 4 7 5.4
4911 4 7 5.4
4912 4 7 5.5
4913 4 7 5.6
4914 5 7 5.7
4916 5 7 5.9
4920 5 7 5.9
4922 5 7 5.9
4923 5 7 6
4924 5 7 6
4926 5 7 6.1
4928 5 7 6.1
4931 5 7 6
4933 5 7 6
4934 5 7 6
4938 5 7 5.9
4954 5 7 6
4958 5 7 6.1
4964 5 8 6.2
4966 5 8 6.1
4967 5 8 6
4969 5 8 6
4972 5 7 5.9
4976 5 7 5.8
4977 5 7 5.9
4979 5 8 6
4989 5 8 6.1
4991 5 8 6.2
4995 5 8 6.1
4997 5 8 6.1
5000 5 8 6.2
5003 5 8 6.2
5025 5 8 6.3
5030 5 9 6.4
5033 5 9 6.5
5034 5 9 6.5
5036 5 9 6.4
5037 5 9 6.5
5043 5 9 6.6
5044 5 9 6.5
5045 5 9 6.6
5049 5 9 6.7
5054 5 9 6.8
5055 5 9 6.8
5062 5 9 6.8
5066 5 9 6.9
5068 5 9 7
5070 5 9 7.1
5074 5 9 7.2
5075 5 9 7.3
5082 5 9 7.3
5083 5 9 7.2
5085 5 9 7.4
5090 5 9 7.5
5091 5 9 7.5
5097 5 9 7.4
5098 5 9 7.3
5099 5 9 7.1
5100 5 9 7.2
5104 5 9 7.3
5105 6 10 7.5
5106 6 10 7.6
5108 6 10 7.7
5112 6 10 7.7
5113 5 10 7.7
5114 5 10 7.8
5119 5 10 7.8
5121 5 10 7.8
5123 6 9 7.7
5126 6 9 7.8
5129 6 9 7.7
5130 6 9 7.8
5131 6 9 7.8
5136 6 9 7.9
5138 6 9 7.9
5139 6 9 7.8
5144 6 9 7.7
5145 6 9 7.4
5148 6 9 7.5
5153 6 9 7.6
5156 6 9 7.6
5160 6 9 7.5
5164 7 9 7.6
5169 7 10 7.7
5171 6 10 7.7
5172 5 10 7.6
5174 6 10 7.8
5175 6 10 7.9
5176 6 10 7.9
5179 6 10 8
5182 6 10 8
5183 6 10 7.9
5184 6 11 8
5190 6 11 7.9
5191 6 11 8
5192 6 10 7.9
5198 6 11 8
5204 6 11 8.1
5205 6 11 8.2
5206 6 10 8.1
5209 6 10 8.1
5211 6 10 8.1
5212 6 10 7.9
5213 6 10 7.8
5214 6 10 7.7
5217 6 10 7.8
5226 6 10 7.7
5231 6 10 7.7
5237 6 10 7.6
5239 6 10 7.6
5248 6 10 7.6
5250 6 10 7.7
5252 6 10 7.8
5253 6 10 7.7
5256 6 10 7.8
5257 6 10 7.7
5259 7 10 7.8
5261 7 10 7.9
5264 7 10 8
5267 6 10 7.9
5270 6 10 7.8
5272 6 10 7.8
5279 6 10 7.9
5280 6 10 8
5283 6 10 8
5286 6 10 8.1
5288 6 10 8
5307 6 10 8.1
5329 6 11 8.3
5330 6 11 8.2
5331 6 11 8.3
5337 6 10 8.3
5338 6 10 8.2
5343 6 10 8.3
5345 6 10 8.3
5348 6 10 8.4
5349 6 11 8.4
5350 6 11 8.4
5353 7 11 8.5
5355 7 11 8.5
5357 7 10 8.4
5362 7 10 8.5
5365 6 10 8.4
5366 6 10 8.4
5369 6 10 8.3
5370 6 10 8.2
5371 6 10 8.1
5374 6 10 8.2
5380 6 10 8.3
5382 6 10 8.1
5394 7 10 8.2
5401 7 10 8.2
5404 7 11 8.3
5411 7 10 8.2
5414 7 10 8.3
5419 7 9 8.1
5425 7 9 8.2
5433 7 9 8.1
5451 7 9 8.2
5458 7 9 8.3
5465 6 9 8.1
5467 5 9 8
5477 5 9 8.1
5479 5 10 8.2
5484 5 10 8.2
5485 5 10 8.1
5487 5 10 8
5492 5 9 7.9
5493 5 9 8
5499 5 10 8.1
5501 5 10 8.1
5508 5 9 8
5515 6 9 8.1
5521 6 10 8.2
5523 5 10 8.2
5531 5 10 8.2
5532 5 10 8.1
5539 5 10 8.1
5541 5 10 8.2
5543 5 10 8.3
5550 5 10 8.3
5551 5 10 8.4
5560 5 10 8.4
5564 5 10 8.5
5570 5 10 8.6
5575 5 11 8.8
5580 5 11 9
5581 7 11 9.2
5583 7 11 9.1
5587 7 10 8.9
5594 8 10 9
5600 7 10 8.9
5601 7 10 9
5603 7 10 9.1
5608 7 10 9
5613 7 10 9.1
5616 8 10 9.2
5617 8 10 9.3
5621 8 10 9.2
5626 8 10 9.1
5636 8 12 9.3
5639 8 12 9.4
5640 8 12 9.5
5645 8 12 9.5
5647 8 12 9.4
5649 8 12 9.5
5652 8 12 9.4
5656 8 12 9.4
5658 8 12 9.5
5662 8 12 9.4
5666 8 12 9.4
5671 8 12 9.5
5672 8 12 9.6
5678 9 12 9.6
5679 9 12 9.6
5680 9 12 9.6
5685 9 12 9.6
5687 8 12 9.5
5694 8 12 9.6
5700 8 12 9.7
5701 8 12 9.6
5703 8 12 9.7
5705 8 13 9.8
5708 8 13 9.7
5711 8 13 9.6
5712 8 13 9.7
5714 8 12 9.6
5719 9 12 9.7
5726 8 12 9.6
5734 9 12 9.7
5741 8 12 9.6
5750 8 12 9.7
5758 8 12 9.6
5759 8 12 9.6
5771 8 12 9.7
5787 8 13 9.8
5788 9 13 10
5793 9 13 10.1
5805 9 13 10
5820 9 13 10.1
5825 9 13 10.2
5828 8 13 10
5834 8 13 9.9
5837 8 13 10.1
5839 8 13 10.2
5843 8 13 10.3
5846 8 13 10.4
5847 8 13 10.3
5849 8 13 10.4
5850 8 13 10.5
5857 8 13 10.4
5864 8 13 10.5
5868 8 13 10.6
5870 8 13 10.7
5878 8 13 10.6
5885 8 13 10.7
5900 9 13 10.8
5908 9 13 10.9
5910 9 13 11
5912 9 13 11.1
5914 10 13 11.2
5917 10 13 11.1
5920 9 13 11
5921 9 13 10.9
5926 10 13 11
5929 10 13 11.1
5933 10 13 11.2
5937 9 13 10.9
5939 9 13 11
5943 9 13 11.1
5947 9 13 11
5951 9 13 10.9
5953 9 13 11
5957 10 13 11.1
5967 10 13 11.2
5973 10 13 11.3
5975 10 13 11.2
5981 10 13 11.1
5990 10 13 11.2
5998 10 13 11.3
6000 10 13 11.4
6006 10 13 11.4
6008 10 13 11.5
6015 10 13 11.4
6029 10 14 11.6
6037 10 14 11.5
6038 9 14 11.4
6047 9 14 11.5
6049 9 14 11.6
6056 9 14 11.5
6062 9 14 11.6
6063 9 14 11.7
6069 9 14 11.8
6076 9 14 11.7
6082 9 14 11.8
6088 9 14 11.7
6089 9 14 11.5
6100 9 14 11.6
6108 9 14 11.5
6115 9 14 11.6
6117 9 14 11.7
6118 9 14 11.8
6121 9 14 11.9
6123 9 14 11.8
6125 9 14 11.7
6129 9 14 11.7
6135 9 14 11.8
6137 9 14 11.7
6139 10 14 11.8
6143 10 14 11.7
6147 10 14 11.9
6157 10 14 12
6158 10 14 12.1
6166 10 14 12
6188 10 14 12.1
6193 10 14 12.2
6218 10 14 12.3
6228 10 14 12.4
6235 10 15 12.5
6240 10 15 12.4
6261 10 15 12.5
6296 10 15 12.6
6303 10 15 12.7
6304 10 15 12.8
6318 10 15 12.9
6325 10 15 12.9
6371 10 16 13
6378 10 16 13.1
6388 12 16 13.3
6409 12 16 13.4
6417 12 16 13.5
6423 12 16 13.7
6425 12 16 13.6
6428 12 16 13.7
6433 12 16 13.8
6435 12 16 13.9
6443 12 16 13.8
6445 12 16 13.7
6455 12 16 13.8
6459 12 16 13.9
6466 12 16 13.8
6485 12 16 13.9
6492 12 16 13.8
6493 11 16 13.7
6496 11 16 13.8
6502 11 16 13.9
6504 11 16 13.8
6512 12 16 13.9
6543 12 16 14
6545 12 16 14.1
6551 12 16 14
6558 12 16 13.9
6584 12 16 14
6592 12 16 14.1
6596 12 16 14.2
6600 12 16 14.1
6651 12 16 14.2
6706 12 16 14.3
6709 12 16 14.2
6716 12 16 14.3
6735 12 16 14.4
6832 12 16 14.5
6834 12 16 14.6
6873 12 16 14.7
6887 12 16 14.8
6959 12 16 14.9
6961 13 16 15
6994 13 16 15.1
7032 13 16 15.2
7039 13 16 15.3
7051 13 16 15.4
7061 14 16 15.5
7100 14 16 15.6
7142 14 16 15.7
7267 15 16 15.8
7275 14 16 15.7
7280 13 16 15.6
7295 14 16 15.7
7394 14 16 15.8
7474 15 16 15.9
7913 16 16 16
7979 15 16 15.9
8500 15 16 15.8
8666 14 16 15.7
8668 14 16 15.6
8802 14 16 15.5
8810 14 16 15.6
8816 13 16 15.5
8946 14 16 15.6
9162 13 16 15.4
9235 13 16 15.5
9289 13 16 15.6
9307 13 16 15.4
9397 13 16 15.2
9457 14 16 15.4
9465 14 16 15.3
9616 14 16 15.4
9621 14 16 15.3
9715 14 16 15.4
9774 14 16 15.5
9786 14 16 15.4
9829 14 16 15.5
9861 14 16 15.6
9937 14 16 15.5
9987 14 16 15.6
10006 15 16 15.7
10214 15 16 15.8
10281 15 16 15.9
10561 16 16 16
16307 15 16 15.9
16801 16 16 16
18033 15 16 15.9
18507 16 16 16
96876 15 16 15.9
97055 16 16 16
245078 15 16 15.9
245572 16 16 16
300000 16 16 16
