4310 1 6 2.9
4310 1 6 3
4320 1 6 3.2
4320 1 6 3.2
4340 1 7 3.6
4340 1 7 3.8
4350 2 7 4
4350 2 7 4.1
4370 2 7 4.5
4370 2 7 4.7
4390 4 8 5.6
4390 4 8 5.7
4410 4 9 6.5
4410 4 9 6.5
4430 5 9 7
4430 5 10 7.1
4470 5 10 8.9
4470 5 10 8.8
4480 5 12 9.1
4480 5 12 9.1
4500 7 12 9.8
4500 7 12 9.9
4510 8 13 10.5
4510 8 13 10.5
4520 8 13 10.9
4520 8 13 11
4530 8 14 11.4
4530 8 14 11.4
4540 9 15 12
4540 10 15 12.1
4550 10 15 12.4
4550 10 15 12.5
4560 10 16 12.9
4560 10 16 12.9
4570 10 16 13.1
4570 10 17 13.3
4580 10 17 13.8
4580 10 17 13.9
4590 10 17 14.1
4590 10 18 14.2
4600 13 17 14.7
4600 13 17 14.7
4610 13 18 15.1
4610 13 18 15.2
4640 13 19 16.2
4640 13 19 16.3
4660 15 20 17.3
4660 15 20 17.2
4670 15 20 17.3
4670 16 21 17.5
4680 15 21 17.9
4680 15 21 17.8
4690 15 23 18.2
4690 15 23 18.3
4710 17 23 18.7
4710 16 23 18.6
4720 17 23 19.1
4720 17 23 19.1
4730 16 23 19
4730 16 23 19.1
4740 16 24 19.6
4740 16 24 19.5
4750 17 25 20.3
4750 17 25 20.5
4760 18 25 20.8
4760 18 25 20.9
4780 18 26 21.9
4780 18 26 21.9
4790 18 27 22.2
4790 19 26 22.2
4800 19 27 22.9
4800 19 27 22.9
4810 20 27 22.8
4810 20 27 22.9
4820 19 29 23.2
4820 19 30 23.2
4830 20 32 24
4830 20 33 24.1
4840 20 30 23.8
4840 20 30 23.9
4850 20 30 23.7
4850 20 30 24
4860 21 30 24.6
4860 21 30 24.6
4920 21 34 26
4920 21 34 26.1
4940 23 36 27
4940 23 36 26.8
4970 21 34 27.5
4970 22 34 27.6
4990 22 34 27.5
4990 22 34 27.6
5000 21 34 28.3
5000 21 34 28.2
5010 22 35 28.9
5010 22 35 29
5030 23 35 29.8
5030 23 35 29.7
5040 24 35 30.5
5040 24 36 30.6
5050 26 37 31.3
5050 25 38 31.3
5060 25 38 31.5
5060 25 38 31.6
5070 26 38 31.4
5070 26 38 31.5
5090 26 40 32.2
5090 26 40 32.1
5100 28 40 32.2
5100 28 40 32.1
5120 25 39 32.2
5120 25 39 32
5130 27 39 32.5
5130 28 39 32.7
5160 25 40 32.8
5160 25 39 32.7
5180 26 41 33.9
5180 26 41 33.7
5190 27 40 34.2
5190 27 40 34.3
5200 27 40 33.9
5200 26 40 33.8
5210 26 41 34.2
5210 26 41 34.3
5220 26 41 33.6
5220 26 40 33.6
5230 26 39 33.7
5230 26 40 33.7
5240 26 39 33.2
5240 26 39 33.3
5250 27 39 33.4
5250 27 39 33.2
5260 28 39 33.8
5260 28 38 33.7
5270 29 39 34.5
5270 29 39 34.4
5280 30 39 34.7
5280 30 39 34.8
5290 30 37 33.6
5290 29 37 33.5
5300 29 38 33.4
5300 29 38 33.3
5310 29 37 32.8
5310 29 37 32.8
5320 29 38 33.3
5320 29 38 33.5
5350 30 38 34
5350 30 38 34.1
5360 31 37 34.1
5360 31 37 34.2
5370 31 37 34.3
5370 31 37 34.2
5380 31 38 34.8
5380 31 38 34.8
5390 32 39 35.1
5390 32 39 34.9
5400 31 40 35.1
5400 31 40 35.3
5410 32 40 35.5
5410 32 40 35.6
5420 33 40 35.8
5420 31 40 35.6
5430 31 40 35.8
5430 31 40 35.9
5450 32 40 36.7
5450 32 40 36.6
5480 33 40 36.9
5480 33 40 37
5490 33 40 37.4
5490 34 40 37.5
5500 34 41 37.9
5500 34 41 37.9
5510 33 42 38.3
5510 33 42 38.3
5520 33 44 38.3
5520 33 44 38.4
5530 33 43 38
5530 33 43 38.1
5540 34 44 38.3
5540 34 44 38.4
5560 34 44 38.3
5560 34 44 38.4
5590 34 44 39.1
5590 34 43 39.1
5600 35 43 39.3
5600 34 43 39.1
5610 34 43 40.1
5610 34 43 40.2
5650 35 46 40.6
5650 35 45 40.2
5660 35 43 39.8
5660 35 43 39.7
5670 36 43 39.7
5670 36 44 39.8
5680 36 45 40.3
5680 36 45 40.4
5690 36 46 40.7
5690 36 46 40.8
5700 36 45 40.7
5700 36 45 40.6
5720 38 45 41.2
5720 38 45 41.3
5740 35 44 40.5
5740 35 45 40.4
5760 36 46 41.3
5760 36 46 41.6
5770 36 46 41.8
5770 36 46 41.8
5790 36 47 42.1
5790 36 47 42
5810 37 47 42.7
5810 37 47 42.7
5830 36 48 43.1
5830 36 48 43
5850 37 48 42.9
5850 37 48 42.8
5880 39 47 43
5880 39 47 43
5890 40 47 43.3
5890 40 47 43.3
5900 40 47 43.8
5900 39 48 43.8
5930 40 49 44.6
5930 40 49 44.7
5950 40 54 44.8
5950 40 54 44.9
5960 41 52 45.4
5960 42 52 45.6
5970 41 53 45.7
5970 41 51 45.5
5980 41 52 46
5980 41 52 45.9
5990 41 52 46.5
5990 42 53 46.6
6000 41 53 46.9
6000 41 54 47
6010 42 55 47
6010 42 54 46.9
6020 42 52 46.5
6020 42 52 46.6
6040 41 53 47.3
6040 41 53 47.3
6060 42 53 47.1
6060 42 53 47.3
6070 43 50 47
6070 43 50 46.9
6090 43 51 47.6
6090 43 51 47.8
6110 44 51 48.1
6110 44 51 48.1
6130 43 51 47.6
6130 43 51 47.5
6160 44 52 47.9
6160 44 52 48
6170 44 54 48.1
6170 44 54 48.1
6180 45 54 48.5
6180 45 54 48.6
6200 44 56 49.3
6200 44 56 49.4
6210 45 55 49.5
6210 47 55 49.7
6220 46 55 49.8
6220 46 55 49.9
6230 46 55 49.9
6230 46 55 50
6260 47 55 50.5
6260 47 55 50.6
6290 48 55 50.3
6290 47 55 50.3
6300 47 55 50.3
6300 47 54 50.2
6310 47 54 50
6310 48 54 50.2
6330 47 56 50.3
6330 47 56 50.4
6360 46 55 51
6360 46 55 50.8
6390 47 55 51.8
6390 47 55 51.8
6400 47 56 51.8
6400 47 56 51.8
6430 47 57 52.5
6430 47 57 52.4
6440 46 58 52.5
6440 46 58 52.6
6450 48 57 52.5
6450 48 57 52.6
6460 48 58 53
6460 48 58 52.9
6470 48 58 53
6470 48 58 52.9
6510 47 59 52.5
6510 47 59 52.5
6530 47 59 53.2
6530 47 59 53.2
6550 47 58 52.3
6550 47 58 52.4
6590 51 57 53.4
6590 51 57 53.5
6600 50 57 53.8
6600 50 57 54
6610 47 58 53.2
6610 46 58 53.1
6620 47 59 53.3
6620 47 59 53.2
6640 46 59 53.7
6640 46 59 53.9
6660 47 59 54.8
6660 47 59 54.8
6670 47 59 55
6670 47 59 54.9
6680 48 60 54.9
6680 48 60 55.4
6690 46 61 55.2
6690 46 61 55.1
6730 48 62 55.5
6730 48 62 55.7
6780 50 63 55.7
6780 50 63 55.8
6790 49 63 55.6
6790 49 63 55.9
6800 49 64 56.3
6800 49 64 56.3
6820 49 64 56.8
6820 49 64 57
6880 48 65 57.5
6880 48 65 57.6
6890 48 65 57.4
6890 48 65 57.5
6940 50 66 57.7
6940 49 66 57.6
6970 49 66 58.3
6970 49 66 58.1
7010 50 69 58.5
7010 50 69 58.6
7030 51 69 58.8
7030 51 69 58.7
7040 49 69 58.2
7040 49 69 58.3
7060 49 69 57.7
7060 49 70 57.8
7070 47 68 57.9
7070 48 68 58
7100 48 66 58.2
7100 48 66 58.1
7120 50 66 58
7120 50 66 58.1
7130 47 66 58.2
7130 47 66 58.1
7140 47 66 58.1
7140 47 66 57.9
7150 47 66 57.9
7150 47 66 57.8
7160 47 66 57.6
7160 47 66 57.7
7170 47 66 58.2
7170 47 66 58.2
7190 48 67 58.1
7190 48 67 57.9
7200 51 65 58.1
7200 50 65 58
7230 49 66 58.5
7230 49 66 58.6
7260 48 66 59.1
7260 48 66 59.2
7290 48 66 59.7
7290 48 66 59.8
7300 49 67 59.9
7300 49 67 59.8
7310 49 67 60.2
7310 49 67 60.1
7320 49 66 60.2
7320 49 66 60.2
7340 50 67 60.2
7340 50 67 60.5
7350 50 67 60.3
7350 50 67 60.4
7360 51 68 60.8
7360 51 68 60.7
7390 52 68 60.8
7390 52 68 60.8
7400 53 68 60.9
7400 53 68 61
7430 53 68 60.7
7430 53 68 60.8
7450 53 68 61
7450 53 68 60.9
7460 53 69 60.9
7460 53 69 61
7470 52 68 60.8
7470 52 68 60.9
7480 52 68 60.7
7480 52 68 60.8
7500 53 69 60.9
7500 52 69 60.8
7520 50 70 61.1
7520 50 70 61.2
7530 51 71 61.5
7530 52 71 61.6
7600 50 71 61.8
7600 50 71 61.7
7670 54 72 62.2
7670 54 72 62.3
7680 52 73 62.4
7680 52 73 62.5
7690 52 72 62.5
7690 52 72 62.7
7710 55 71 62.2
7710 55 71 62.4
7720 54 71 62.3
7720 55 71 62.4
7740 54 72 62.2
7740 56 71 62.3
7750 54 70 61.9
7750 54 70 62.1
7780 55 70 62.3
7780 56 70 62.4
7790 56 70 62.5
7790 56 70 62.6
7820 57 71 62.9
7820 57 71 62.8
7830 57 70 62.7
7830 57 69 62.6
7860 57 69 62.5
7860 57 69 62.6
7890 57 69 63.1
7890 57 69 62.8
7910 57 70 63.3
7910 57 70 63.4
7930 58 71 63.5
7930 58 71 63.7
7970 57 72 63.8
7970 57 72 63.7
7980 57 71 63.8
7980 57 71 63.9
7990 58 71 64.2
7990 57 71 64.1
8050 59 70 64.5
8050 59 70 64.5
8070 58 71 64.5
8070 58 71 64.6
8090 58 71 64.6
8090 58 71 64.5
8110 57 71 64.6
8110 57 71 64.6
8140 59 72 65.1
8140 58 72 64.9
8150 59 72 65
8150 59 72 65
8160 59 72 65.2
8160 60 72 65.3
8170 58 73 65.2
8170 58 73 65.1
8180 58 72 65
8180 58 72 64.9
8190 59 72 65.1
8190 59 72 65.2
8220 59 72 65.6
8220 59 72 65.5
8240 59 74 65.7
8240 59 74 65.4
8280 59 74 65.8
8280 59 74 65.7
8310 59 74 66
8310 59 74 66.2
8330 58 74 65.4
8330 58 74 65.2
8350 58 74 65.4
8350 58 74 65.4
8360 59 74 65.5
8360 59 74 65.5
8390 57 74 64.9
8390 57 74 64.8
8420 57 74 65
8420 57 74 65.1
8450 57 74 65.1
8450 57 74 65.2
8460 57 74 65.2
8460 57 74 65.3
8470 58 75 65.4
8470 57 76 65.5
8500 58 75 65.7
8500 58 75 65.5
8520 59 75 65.8
8520 59 75 65.9
8560 59 75 65.6
8560 59 75 65.5
8580 59 76 65.4
8580 59 76 65.4
8610 60 76 65.4
8610 61 76 65.5
8630 62 76 65.6
8630 62 76 65.7
8660 61 76 65.7
8660 61 76 65.8
8690 62 76 66.1
8690 60 76 65.9
8720 61 76 66.4
8720 61 76 66.3
8730 61 76 66.2
8730 61 76 66.1
8740 61 76 66
8740 61 76 66.1
8820 61 76 67.2
8820 61 76 67.2
8840 62 76 67.2
8840 62 76 67.1
8860 61 76 66.8
8860 62 76 67
8890 62 75 66.7
8890 62 75 66.6
8910 62 75 66.6
8910 62 75 66.5
8960 61 76 66.7
8960 61 76 66.8
8970 61 76 66.8
8970 61 76 66.9
9010 61 76 66.8
9010 62 76 66.9
9030 62 76 66.7
9030 62 76 66.8
9100 62 76 67.2
9100 62 76 67.3
9130 63 76 68
9130 63 76 68
9140 64 76 67.9
9140 61 76 67.6
9160 61 76 67.7
9160 61 76 67.6
9170 61 76 67.6
9170 61 76 67.7
9180 61 76 67.6
9180 61 76 67.6
9230 62 78 67.6
9230 62 78 67.5
9270 64 77 67.8
9270 65 77 68
9300 64 78 67.8
9300 64 77 67.8
9310 64 76 67.9
9310 64 76 68
9330 64 76 68.1
9330 65 76 68.2
9360 65 76 68.5
9360 65 76 68.3
9380 64 76 68.4
9380 64 76 68.2
9410 64 76 68.4
9410 64 76 68.5
9440 63 76 68.1
9440 63 76 67.9
9460 61 76 67.5
9460 58 76 67.2
9500 57 76 67.2
9500 57 76 67.1
9580 59 76 67.9
9580 59 76 67.7
9600 59 76 67.7
9600 59 76 67.8
9610 59 76 67.9
9610 59 76 68
9640 60 77 68.3
9640 60 77 68.3
9660 61 77 68.5
9660 62 77 68.7
9740 62 77 68.6
9740 62 77 68.7
9750 63 77 68.9
9750 62 77 68.8
9760 62 77 68.9
9760 62 77 68.8
9850 62 77 69.5
9850 62 77 69.6
9860 62 77 69.6
9860 62 77 69.7
9870 64 76 69.6
9870 64 77 69.7
9880 61 77 69.6
9880 62 77 69.7
9950 63 77 69.6
9950 63 77 69.5
9970 63 77 69.6
9970 63 77 69.7
9990 64 77 69.4
9990 64 77 69.4
10040 64 77 69.1
10040 65 77 69.2
10060 65 77 69.3
10060 65 77 69.5
10120 64 77 69.8
10120 64 77 69.8
10180 65 77 69.8
10180 65 77 69.9
10190 66 77 70
10190 65 77 69.9
10210 65 76 70
10210 65 76 70.2
10220 65 77 70.1
10220 65 77 70.3
10270 63 76 70
10270 63 76 70.1
10300 63 76 70.1
10300 63 76 70.2
10380 61 76 70
10380 61 76 70.1
10470 63 76 70
10470 65 76 70.3
10520 63 77 70.4
10520 62 77 70.4
10530 62 77 70.3
10530 62 77 70.4
10580 62 77 70.4
10580 63 77 70.5
10610 61 78 70.3
10610 61 78 70.1
10650 59 78 70.2
10650 59 78 70.1
10690 59 77 69.9
10690 61 77 70.2
10700 61 77 70.1
10700 61 77 70.2
10760 62 79 70.9
10760 62 79 70.7
10800 62 79 70.9
10800 63 79 71
10830 62 79 70.8
10830 62 79 70.7
10860 62 78 70.6
10860 62 78 70.8
10870 63 78 71.1
10870 63 78 71.1
10980 64 79 71.4
10980 64 79 71.6
10990 64 79 72.1
10990 64 79 72
11090 65 80 72.4
11090 65 80 72.3
11110 65 80 72.5
11110 64 80 72.4
11120 65 80 72.5
11120 65 80 72.6
11140 63 80 72.1
11140 63 80 72.2
11220 65 80 72.7
11220 65 80 72.8
11340 67 80 73.6
11340 67 80 73.5
11360 67 80 73.5
11360 67 80 73.6
11420 67 80 73.5
11420 67 80 73.6
11450 67 80 73.7
11450 67 81 73.8
11540 69 81 74
11540 69 80 73.9
11570 69 79 74.3
11570 69 79 74.3
11590 69 79 74.1
11590 69 79 74.2
11640 68 79 74.4
11640 68 79 74.3
11700 69 79 74.5
11700 69 79 74.4
11720 68 79 74.4
11720 68 79 74.5
11740 68 79 74.8
11740 68 79 74.7
11790 68 80 74.9
11790 68 80 74.8
11820 67 80 74.7
11820 68 80 74.8
11850 69 80 75.1
11850 69 80 75
11900 69 80 75
11900 68 80 74.9
11910 68 80 75.1
11910 68 80 75
11920 68 80 75.2
11920 68 80 75.2
12010 68 79 75.2
12010 68 79 75.1
12030 68 79 75.1
12030 68 78 75.1
12120 67 78 75
12120 67 78 74.9
12130 67 78 74.9
12130 67 78 74.8
12150 67 78 75
12150 68 78 75.1
12160 68 78 75.1
12160 68 78 75.2
12230 62 79 74.7
12230 62 79 74.6
12270 61 79 74.6
12270 61 79 74.5
12290 62 79 74.6
12290 62 79 74.7
12300 61 79 74.6
12300 60 79 74.5
12370 61 79 74.6
12370 61 79 74.5
12420 61 79 74.7
12420 61 79 74.8
12470 62 78 75.2
12470 62 78 75.3
12590 60 80 75.6
12590 60 80 75.5
12710 59 80 75.3
12710 59 80 75.4
12750 60 80 75.7
12750 60 80 75.8
12820 61 80 76.3
12820 59 80 76.1
12930 60 79 75.7
12930 60 79 75.6
13050 61 80 76
13050 60 80 75.8
13150 61 80 76.4
13150 61 80 76.5
13200 62 80 76.6
13200 62 80 76.7
13250 66 80 77
13250 66 80 77.1
13290 66 80 77
13290 66 80 77.1
13360 66 80 77.2
13360 66 80 77.3
13390 66 80 77.5
13390 66 80 77.4
13440 66 80 77.6
13440 66 81 77.7
13500 67 81 78.1
13500 68 81 78.2
13520 66 81 77.9
13520 66 81 77.8
13540 66 81 77.9
13540 66 81 77.7
13560 68 81 77.8
13560 68 81 77.9
13770 66 81 77.7
13770 67 81 77.8
13890 67 81 77.4
13890 67 81 77.5
13940 65 81 77.2
13940 66 81 77.3
14050 66 79 77.2
14050 66 79 77.1
14080 67 79 77.4
14080 66 79 77.3
14200 66 80 77.2
14200 66 80 77.3
14320 63 81 76.8
14320 64 81 76.9
14400 65 81 76.9
14400 65 81 77
14580 67 81 76.8
14580 67 81 76.9
14620 65 81 76.4
14620 64 81 76.3
14790 62 80 76.2
14790 62 80 76.3
14810 64 80 76.5
14810 64 80 76.7
14990 62 80 76.7
14990 62 80 76.6
15260 60 81 76.7
15260 60 81 76.8
15330 59 81 76.4
15330 58 81 76.3
15590 63 80 76.9
15590 63 80 77
15670 63 80 77
15670 65 80 77.2
15820 62 80 76.8
15820 62 80 76.9
15930 63 80 77
15930 64 80 76.9
15960 63 80 76.8
15960 62 80 76.7
16130 64 81 76.6
16130 64 81 76.7
16390 63 79 76.3
16390 64 79 76.4
16740 61 81 77
16740 61 81 76.9
16800 62 81 77.1
16800 60 81 76.9
16810 60 81 77
16810 60 81 76.9
16820 61 81 77.1
16820 62 81 77.2
16960 62 81 77.5
16960 62 81 77.5
16980 62 81 77.3
16980 62 81 77.4
17040 61 81 77.6
17040 61 81 77.7
17100 59 81 77.7
17100 58 81 77.6
17130 59 81 77.7
17130 59 81 77.6
17170 58 81 77.7
17170 58 81 77.6
17550 63 81 77.6
17550 62 81 77.5
17750 57 81 76.7
17750 57 81 76.6
17790 57 80 76.8
17790 58 80 77
17840 58 80 76.8
17840 57 80 76.7
17930 59 79 76.6
17930 59 79 76.5
18010 60 79 76.5
18010 61 79 76.6
18020 60 79 76.5
18020 60 79 76.6
18120 61 81 76.8
18120 62 81 76.9
18230 60 81 76.8
18230 60 81 76.7
18300 62 81 76.9
18300 62 81 76.8
18360 65 81 77.3
18360 65 81 77.4
18370 66 81 77.4
18370 62 81 77
18490 63 81 77.7
18490 63 81 77.8
18530 66 81 78
18530 66 81 77.9
18580 68 81 78.1
18580 68 81 78.2
18780 67 81 77.7
18780 64 81 77.4
18800 66 81 77.6
18800 65 81 77.5
18890 64 81 77.4
18890 64 81 77.5
18930 62 81 77.3
18930 63 81 77.4
19480 62 79 76.7
19480 63 79 76.8
19590 65 80 77.1
19590 64 80 77
19610 64 80 77
19610 64 80 77.1
19660 63 80 76.8
19660 63 80 76.7
19720 63 80 76.8
19720 62 80 76.7
19810 62 80 76.7
19810 62 80 76.7
19940 63 80 76.9
19940 63 80 77
19960 63 80 77
19960 65 80 77.3
20160 64 81 77.9
20160 66 81 78.1
20170 63 81 77.6
20170 63 81 77.7
20180 63 81 77.7
20180 64 81 77.8
20310 65 81 77.5
20310 65 81 77.4
20530 64 81 77.9
20530 64 81 78
20770 66 81 77.8
20770 66 81 77.9
20950 66 81 77.9
20950 66 81 77.8
20970 67 81 77.9
20970 69 81 78.1
21250 72 81 78.6
21250 72 81 78.7
21320 72 81 78.6
21320 73 81 78.7
21800 73 81 78.6
21800 73 81 78.7
21890 70 81 78.6
21890 71 81 78.7
21980 73 81 78.9
21980 72 81 78.8
22080 72 81 78.8
22080 72 81 78.9
22170 69 81 78.2
22170 69 81 78.1
22230 70 80 78
22230 70 80 77.9
22250 71 80 78.1
22250 71 80 78.2
22350 70 81 78.2
22350 70 81 78.1
22480 69 81 77.9
22480 70 81 77.9
23120 72 81 77.7
23120 72 81 77.8
23230 73 81 78
23230 73 81 77.9
23260 74 81 78.1
23260 74 81 78
23400 74 80 77.9
23400 74 80 77.8
23650 76 81 78.7
23650 76 81 78.8
23840 75 81 78.7
23840 76 81 78.8
23860 75 81 78.6
23860 75 81 78.7
24340 77 81 78.8
24340 77 81 78.7
24480 77 81 78.8
24480 77 81 78.9
24530 78 81 79.2
24530 78 81 79.3
24710 77 81 79
24710 76 81 78.9
24730 76 81 78.8
24730 77 81 78.9
25310 75 80 78.2
25310 75 80 78.3
25330 75 80 78.2
25330 76 80 78.3
25730 77 81 78.7
25730 77 81 78.6
26410 76 81 79.1
26410 76 81 79
26570 76 81 78.9
26570 76 81 78.8
26580 76 81 78.8
26580 76 81 78.7
26690 75 81 79
26690 75 81 78.9
27150 76 81 78.8
27150 75 81 78.7
27280 75 81 78.5
27280 75 81 78.6
27410 75 80 78.1
27410 75 80 78.2
27520 75 80 78.1
27520 75 80 78.2
27590 75 80 78.3
27590 75 80 78.4
27600 75 80 78.4
27600 75 80 78.5
27740 76 81 78.8
27740 76 81 78.9
27960 76 81 79
27960 76 81 79.1
28050 77 81 78.9
28050 78 81 79
28180 77 80 78.9
28180 77 81 79
28240 77 81 79.1
28240 77 81 79.2
28300 76 80 79
28300 76 80 78.9
28310 76 80 78.9
28310 76 80 78.8
28470 77 80 78.9
28470 77 80 78.8
28490 77 80 78.7
28490 77 80 78.8
28640 76 80 78.4
28640 76 80 78.3
28980 76 81 78.7
28980 76 81 78.6
29020 77 81 78.7
29020 78 81 78.8
29100 78 81 79.1
29100 78 81 79.2
29170 78 81 79.2
29170 78 81 79.1
29340 77 81 78.5
29340 77 81 78.4
29570 77 80 78.6
29570 76 80 78.5
29580 76 80 78.4
29580 76 80 78.5
29630 77 81 78.3
29630 77 81 78.4
29870 75 80 77.9
29870 75 80 77.8
29930 75 80 78
29930 75 80 78.1
29980 75 80 78.2
29980 75 80 78.1
30600 75 80 78.5
30600 75 80 78.6
30770 77 80 79.1
30770 77 80 79.2
30930 78 81 79.3
30930 78 81 79.2
31480 78 80 79
31480 77 80 78.9
31550 77 80 78.7
31550 77 80 78.8
31730 77 81 79.1
31730 77 81 79
31860 77 81 79.1
31860 77 80 79
31990 78 80 79.4
31990 78 80 79.3
32080 78 81 79.3
32080 79 81 79.5
32140 79 81 79.5
32140 78 81 79.4
32220 77 81 79.2
32220 77 81 79.3
32310 77 81 79.6
32310 77 81 79.5
32580 77 81 79.6
32580 78 81 79.7
32750 77 81 79.7
32750 77 81 79.6
33110 78 80 79.3
33110 78 81 79.3
33240 77 81 79.4
33240 77 81 79.5
33310 78 81 79.3
33310 77 81 79.2
33530 76 81 79
33530 76 81 78.9
33560 76 81 78.8
33560 76 81 78.7
33610 74 81 78.4
33610 74 81 78.5
34040 76 80 78.3
34040 76 80 78.4
34170 75 80 77.8
34170 75 80 77.9
34240 75 81 77.9
34240 75 81 77.7
34270 75 81 77.5
34270 75 81 77.6
34400 75 80 77.8
34400 76 80 77.9
34520 76 81 78.5
34520 76 81 78.7
34730 77 80 78.8
34730 77 80 78.9
34760 77 80 79
34760 77 81 79.1
34780 77 81 79.1
34780 77 81 79
34850 76 81 78.9
34850 77 81 79
34960 78 81 79.1
34960 78 80 79
35050 78 80 78.8
35050 77 80 78.7
35260 76 81 79.2
35260 76 81 79.4
35280 75 81 79.4
35280 76 81 79.5
35570 77 81 79.4
35570 77 81 79.3
35760 76 81 78.5
35760 76 81 78.6
36310 77 80 79.2
36310 77 81 79.3
36350 77 81 79.3
36350 77 81 79.2
36550 75 81 79
36550 75 80 78.9
36570 74 80 78.5
36570 75 80 78.6
36700 76 81 78.7
36700 76 81 78.8
36900 77 81 79.3
36900 77 81 79.2
37020 77 81 79.4
37020 77 81 79.3
37180 77 81 79.2
37180 77 81 79.3
37240 77 81 78.9
37240 77 81 78.8
37360 77 81 78.8
37360 77 80 78.7
37400 77 80 78.7
37400 77 80 78.6
37540 77 80 78.6
37540 76 80 78.5
37650 76 80 78.2
37650 75 80 78.1
37910 76 81 78.8
37910 76 81 78.7
38110 77 81 78.8
38110 78 81 78.8
38130 78 81 78.9
38130 78 81 79
39270 74 81 78.9
39270 74 81 78.8
39430 76 81 78.7
39430 76 81 78.8
39550 77 80 78.6
39550 77 81 78.7
39760 77 80 78.8
39760 77 80 78.7
39770 77 80 78.6
39770 77 80 78.7
39880 77 81 79
39880 77 81 79.1
39980 77 81 79.3
39980 77 81 79.2
40320 76 81 79
40320 76 81 78.9
40560 75 81 78.6
40560 75 81 78.5
40910 76 81 79.3
40910 76 81 79.2
41170 77 80 79.1
41170 77 80 79
41200 77 80 79.1
41200 77 80 79
41220 77 80 79
41220 77 80 79.1
41390 77 81 78.8
41390 78 81 78.9
41570 77 80 78.8
41570 77 80 78.9
41580 77 80 78.9
41580 77 80 79
41900 78 81 79.3
41900 77 81 79.2
41940 77 81 79.3
41940 77 81 79.3
42050 78 81 79.4
42050 78 81 79.5
42550 76 81 78.6
42550 77 81 78.7
42730 77 81 79.1
42730 77 81 79.2
42760 76 81 79
42760 76 81 79.1
42860 76 81 79.3
42860 77 81 79.4
42880 77 81 79.4
42880 77 81 79.5
42940 77 81 79.2
42940 77 81 79.3
42960 77 81 79.3
42960 77 81 79.2
42990 76 81 79.1
42990 76 81 79.2
43080 76 81 79
43080 77 81 79.2
43250 78 81 79.5
43250 78 81 79.4
43310 78 81 79.4
43310 78 81 79.5
43410 77 81 79.4
43410 77 81 79.5
43800 78 81 79.4
43800 78 81 79.5
44200 77 80 78.1
44200 76 80 78
44640 78 81 79.2
44640 78 81 79.1
44780 77 81 79.5
44780 77 81 79.4
45230 78 81 79.2
45230 78 81 79.3
45340 76 81 79
45340 75 81 78.9
45440 75 81 79
45440 75 81 78.9
45580 75 81 78.7
45580 75 81 78.8
45710 77 81 79.1
45710 76 81 79
46040 78 81 79.6
46040 78 81 79.5
46150 78 81 79.4
46150 77 81 79.3
46260 77 81 79.4
46260 77 81 79.3
46370 77 81 79.1
46370 77 81 79.1
46460 78 81 79.2
46460 78 81 79.1
46500 78 81 79.2
46500 78 81 79.3
46540 78 81 79.4
46540 78 81 79.5
46770 78 81 79.7
46770 78 81 79.8
46850 79 81 80.1
46850 79 81 80.2
46960 79 81 80.2
46960 78 81 80.1
47090 78 81 80
47090 79 81 80.1
47290 78 81 79.7
47290 78 81 79.6
47480 78 81 79.6
47480 78 81 79.7
47960 76 81 79
47960 76 81 78.9
48010 76 80 78.9
48010 76 80 78.8
48020 76 80 78.8
48020 77 80 78.9
48070 77 80 78.9
48070 77 80 78.8
48130 76 81 78.9
48130 76 81 78.8
48410 78 81 79.3
48410 78 81 79.2
48460 78 81 79.4
48460 78 81 79.5
48780 78 81 79.5
48780 78 81 79.6
49050 79 81 79.8
49050 79 81 79.9
49500 79 81 79.9
49500 79 81 79.8
49570 78 81 79.6
49570 78 81 79.5
49740 78 81 79.7
49740 78 81 79.8
49790 78 81 79.7
49790 78 81 79.6
49830 78 81 79.6
49830 78 81 79.5
49850 78 81 79.6
49850 78 81 79.8
50200 77 81 79.4
50200 77 81 79.5
50290 76 81 79.4
50290 76 81 79.3
50460 75 81 79.2
50460 76 81 79.3
50860 76 81 79.5
50860 76 81 79.6
51650 76 81 79.3
51650 77 81 79.4
51880 77 81 79.2
51880 77 81 79.3
52130 77 81 78.9
52130 77 81 79
52140 77 81 79.1
52140 77 81 79
52190 78 81 79.1
52190 78 81 79
52390 78 81 79
52390 78 81 79.1
52580 78 81 79.2
52580 78 81 79.3
52710 78 81 79.5
52710 78 81 79.7
52770 78 81 79.5
52770 78 81 79.4
53590 78 81 79.7
53590 78 81 79.6
53620 79 81 79.8
53620 79 81 79.7
53730 78 81 79.6
53730 78 81 79.4
53860 77 81 79.3
53860 77 81 79.4
53910 77 81 79.4
53910 76 81 79.3
53930 76 81 79.3
53930 77 81 79.4
54480 77 81 79.5
54480 77 81 79.6
54520 77 81 79.2
54520 77 81 79.3
54760 76 81 78.8
54760 76 80 78.7
54780 76 80 78.7
54780 77 80 78.8
55060 77 81 79
55060 77 80 78.9
55530 77 80 78.5
55530 77 80 78.6
55540 77 80 78.6
55540 77 80 78.5
55570 78 80 78.6
55570 77 80 78.5
55800 77 80 78.8
55800 77 81 78.9
56180 76 80 78.9
56180 76 80 78.8
56240 78 80 79
56240 78 80 78.9
56370 77 80 78.7
56370 77 80 78.6
56490 78 80 78.9
56490 78 80 78.8
56620 78 80 78.8
56620 78 80 78.9
56700 77 81 79
56700 78 81 79.1
56750 77 81 79
56750 77 81 79.1
56790 77 81 78.9
56790 77 81 78.8
56820 77 81 78.6
56820 77 81 78.5
57210 77 80 79.1
57210 77 80 79.2
57260 78 80 79.2
57260 78 80 79.3
57280 78 80 79.4
57280 78 81 79.5
57290 78 81 79.5
57290 79 81 79.6
57390 78 81 79.8
57390 78 81 79.7
57780 77 81 79.4
57780 77 81 79.5
57960 78 81 79.7
57960 78 81 79.6
57970 78 81 79.6
57970 78 81 79.5
58070 79 81 79.9
58070 79 81 80
58220 78 81 79.9
58220 78 81 79.8
58270 78 81 79.4
58270 78 81 79.3
58680 77 81 79.4
58680 77 81 79.5
58700 76 81 79.3
58700 76 81 79.4
59010 76 81 79.1
59010 76 81 79.2
59090 77 81 79.3
59090 77 81 79.4
59120 77 81 79.3
59120 77 81 79.2
59250 78 80 79.2
59250 78 81 79.3
59290 77 80 79.2
59290 77 80 79.1
59330 77 80 79
59330 77 80 78.9
59480 78 80 78.9
59480 78 80 79
59880 77 80 78.9
59880 77 80 78.7
59930 77 80 79
59930 77 80 78.9
59940 77 80 78.9
59940 77 80 79
59960 77 80 79
59960 77 81 79.1
60280 78 81 79.4
60280 78 81 79.5
60360 77 81 79.5
60360 77 81 79.3
60380 77 81 79.2
60380 77 81 79.1
60490 76 81 79.4
60490 77 81 79.5
60970 76 81 79.1
60970 76 81 79.2
61040 76 81 79.3
61040 76 81 79.4
61090 75 81 79.2
61090 75 81 79.3
61420 77 81 79.4
61420 77 81 79.2
61570 76 81 78.6
61570 76 81 78.7
61690 76 80 78.5
61690 76 80 78.4
61880 75 81 78.2
61880 75 81 78.3
61970 75 81 78.5
61970 76 81 78.5
62380 75 81 78.6
62380 75 81 78.7
62630 77 81 79.1
62630 77 81 79
62900 78 81 79.6
62900 78 81 79.5
63030 76 81 79.1
63030 76 81 79.2
63300 75 80 78.7
63300 75 80 78.6
63380 75 80 78.6
63380 75 80 78.7
63530 76 80 78.5
63530 76 80 78.4
63690 76 80 78.2
63690 76 80 78.1
63830 74 81 78.4
63830 74 81 78.5
64270 77 81 79.3
64270 77 81 79.4
64450 78 81 79.6
64450 78 81 79.5
64510 78 81 79.6
64510 78 81 79.5
64610 78 81 79.4
64610 78 81 79.5
64860 77 81 79.1
64860 77 81 79
65250 76 81 78.9
65250 76 81 79
65370 76 81 79
65370 76 81 78.9
65420 77 81 78.9
65420 76 81 78.8
65560 76 81 78.6
65560 76 81 78.7
65640 76 81 78.5
65640 75 81 78.5
65800 76 81 78.4
65800 76 81 78.5
65890 76 81 78.5
65890 76 81 78.6
65910 76 80 78.5
65910 76 80 78.6
65980 74 80 78.5
65980 74 80 78.6
66090 74 80 78.1
66090 74 80 78
66770 76 81 78.9
66770 77 81 79
66920 76 80 78.7
66920 76 80 78.6
66930 76 80 78.6
66930 76 80 78.7
67120 76 80 79
67120 76 80 78.9
67140 77 80 79
67140 77 80 78.9
67230 76 80 78.6
67230 76 80 78.5
67340 77 80 78.6
67340 77 80 78.7
67360 77 80 78.7
67360 77 80 78.8
67510 76 81 78.2
67510 76 80 78.1
67840 76 80 78.8
67840 76 80 78.9
67890 76 80 78.9
67890 76 80 79
68170 78 81 79.3
68170 78 81 79.4
68500 79 81 79.6
68500 79 81 79.7
68560 79 81 79.6
68560 79 81 79.5
68740 78 81 79.4
68740 78 81 79.5
68830 76 81 78.9
68830 76 81 79
68850 76 81 78.7
68850 76 81 78.6
68940 75 81 78.5
68940 75 81 78.4
68980 75 81 78.5
68980 75 81 78.4
69090 73 80 77.9
69090 73 80 77.8
69270 74 79 77.6
69270 74 79 77.7
69290 75 79 77.9
69290 75 79 77.8
69510 77 80 78.7
69510 76 80 78.6
69520 76 80 78.7
69520 76 80 78.6
69590 76 81 78.7
69590 76 81 78.8
69660 75 80 78.6
69660 75 80 78.5
69790 75 80 78.1
69790 76 80 78.2
69870 76 79 77.9
69870 76 79 78
69880 76 79 77.9
69880 76 79 77.8
69990 75 79 77.9
69990 75 79 77.8
70210 75 80 78
70210 74 80 77.8
70220 74 80 77.8
70220 74 79 77.7
70230 75 79 77.8
70230 75 79 77.9
70340 75 81 78.4
70340 76 81 78.5
70430 74 81 78.3
70430 74 81 78.2
70460 74 81 78.2
70460 74 80 78.1
70580 74 81 78.6
70580 74 81 78.7
70670 75 81 78.5
70670 75 81 78.6
70820 75 81 78.6
70820 76 81 78.7
70920 76 81 78.9
70920 76 81 78.8
71140 74 81 79.1
71140 73 81 79
71270 72 81 78.9
71270 73 81 79
71700 77 81 79.5
71700 78 81 79.6
72070 78 81 79
72070 78 81 79.1
72130 78 81 79.3
72130 78 81 79.2
72140 78 81 79.3
72140 78 81 79.2
72660 75 81 78.3
72660 75 81 78.4
72790 75 81 78.1
72790 75 81 78.2
73000 76 81 78.5
73000 76 81 78.6
73190 78 81 79.3
73190 78 81 79.4
73210 78 81 79.3
73210 78 81 79.4
73340 77 81 78.9
73340 77 81 79
73400 77 81 78.7
73400 77 81 78.8
73420 77 81 78.8
73420 77 81 78.7
73540 77 81 78.3
73540 77 81 78.4
73710 77 81 79
73710 77 81 79.1
73880 78 81 79.1
73880 78 81 79.2
73890 78 81 79.2
73890 78 81 79.2
74020 78 81 79.1
74020 77 81 79.1
74140 77 81 79.4
74140 77 81 79.3
74330 77 81 79.4
74330 77 81 79.3
74460 77 81 79.3
74460 77 81 79.4
74520 78 81 79.4
74520 78 81 79.3
74900 78 81 79.4
74900 78 81 79.5
74910 78 81 79.5
74910 79 81 79.6
74940 79 81 79.7
74940 79 81 79.6
75170 78 81 79.7
75170 78 81 79.6
75180 78 81 79.6
75180 78 81 79.7
75460 77 81 79
75460 77 81 79.1
75490 77 81 79.1
75490 78 81 79.2
75510 78 81 79.2
75510 78 81 79.3
75550 78 81 79.3
75550 77 81 79.2
75690 77 81 79.2
75690 77 81 79.1
75770 77 81 79
75770 77 81 79.1
75840 77 81 79.1
75840 77 80 79
76070 78 80 78.9
76070 78 80 78.8
76320 77 80 78.6
76320 77 80 78.5
76780 75 81 79.1
76780 75 81 79.2
76840 76 81 79.1
76840 76 80 79
77110 77 81 79.3
77110 77 81 79.2
77200 78 81 79.3
77200 77 81 79.2
77450 77 81 79.1
77450 77 81 79
77620 77 81 79.2
77620 77 81 79.1
77830 78 81 79.7
77830 78 81 79.8
77870 78 81 79.9
77870 78 81 79.8
78020 79 81 79.7
78020 79 81 79.8
78040 79 81 79.8
78040 79 81 79.9
78120 79 81 79.8
78120 79 81 79.7
78160 79 81 79.7
78160 79 81 79.8
78230 79 81 79.7
78230 79 81 79.8
78340 78 81 79.7
78340 78 81 79.6
78490 78 81 79.1
78490 78 81 79.2
79120 77 80 78.9
79120 77 80 78.8
79240 77 81 79.2
79240 76 81 79.1
79340 77 81 79.4
79340 77 81 79.5
79450 78 81 79.4
79450 77 81 79.3
79730 77 81 78.4
79730 77 81 78.3
79940 76 80 78.4
79940 76 80 78.5
79980 78 80 78.9
79980 78 80 79
80050 77 81 78.9
80050 77 81 79
80290 76 81 78.9
80290 76 81 78.8
80390 76 81 78.8
80390 76 81 78.9
80410 77 81 79
80410 77 81 78.9
80520 76 81 79.1
80520 76 81 79
80560 76 81 78.9
80560 77 81 79
81010 77 81 78.7
81010 77 80 78.6
81200 76 80 78.5
81200 76 80 78.6
81360 76 81 78.6
81360 76 81 78.7
81430 76 81 79.1
81430 76 81 79
81690 79 81 79.7
81690 79 81 79.6
81720 79 81 79.5
81720 79 81 79.6
81950 76 81 79.1
81950 76 81 79.2
82020 76 81 79.3
82020 76 81 79.1
82150 75 81 79.1
82150 75 81 79.2
82460 77 81 79
82460 77 81 78.9
82700 77 81 78.9
82700 77 81 79
82960 77 81 79.2
82960 78 81 79.4
83050 78 81 79.3
83050 78 81 79.2
83370 77 81 79.3
83370 77 81 79.4
83470 77 81 79.7
83470 77 81 79.6
83610 77 81 79.5
83610 77 81 79.4
83820 79 81 79.8
83820 78 81 79.7
83880 78 81 79.5
83880 78 81 79.6
83940 78 81 79.7
83940 78 81 79.6
83990 78 81 79.7
83990 78 81 79.8
84190 78 81 79.6
84190 77 81 79.5
84220 77 81 79.6
84220 77 81 79.5
84330 77 81 79.2
84330 77 81 79.1
84380 77 81 79.1
84380 77 81 79
84410 76 80 78.8
84410 76 80 78.7
84870 76 80 78.2
84870 76 80 78.3
85040 78 81 78.9
85040 78 81 79
85060 78 81 79
85060 78 81 78.9
85210 78 81 79.4
85210 78 81 79.5
85330 78 81 79.6
85330 78 81 79.7
85460 77 81 79.7
85460 78 81 79.7
85810 76 81 79.6
85810 76 81 79.5
86140 76 80 78.5
86140 76 80 78.4
86160 76 80 78.2
86160 77 80 78.3
86280 77 80 78.3
86280 77 80 78.4
86360 76 80 78.3
86360 77 80 78.4
86450 76 80 78.3
86450 76 80 78.2
86470 75 80 78.1
86470 76 80 78.2
86830 75 80 78.5
86830 75 80 78.4
87020 77 80 78.7
87020 77 80 78.6
87110 76 81 78.8
87110 77 81 78.9
87310 77 81 79.4
87310 76 81 79.3
87840 77 81 79
87840 77 81 78.9
87880 77 81 78.9
87880 77 81 79
87990 77 80 78.8
87990 77 80 78.9
88130 76 81 78.9
88130 76 81 79
88200 76 80 78.9
88200 76 80 78.8
88280 76 80 78.5
88280 75 80 78.4
88310 76 80 78.4
88310 76 80 78.3
88410 77 80 78.6
88410 77 80 78.7
88420 77 80 78.5
88420 77 80 78.4
88440 77 80 78.5
88440 77 80 78.6
88690 77 81 78.8
88690 77 81 78.9
89050 77 80 79.1
89050 77 80 79.2
89140 78 81 79.7
89140 78 81 79.6
89320 77 81 79.4
89320 77 81 79.3
89490 77 81 79.2
89490 77 81 79.1
89620 77 81 79.1
89620 77 81 79.2
89710 78 81 79.2
89710 77 81 79.1
89760 75 81 79
89760 75 81 78.9
89810 75 81 79
89810 75 81 79.1
89930 75 81 79
89930 75 81 78.9
89950 75 81 78.8
89950 75 81 79
89970 76 81 79.1
89970 76 81 79.2
90410 77 81 78.9
90410 77 81 78.8
90480 76 81 78.6
90480 76 81 78.5
90560 76 81 78.7
90560 76 81 78.6
90610 76 81 78.7
90610 76 81 78.8
90620 76 81 78.7
90620 76 81 78.8
91200 78 81 79.3
91200 78 81 79.5
91500 76 81 78.9
91500 76 81 79
91820 76 81 79.4
91820 76 81 79.3
91920 76 81 79
91920 77 81 79.1
91960 76 81 78.9
91960 76 81 78.8
91990 75 81 78.6
91990 75 81 78.5
92100 75 81 78.4
92100 75 80 78.3
92140 75 80 78.3
92140 75 80 78.4
92180 75 80 78.2
92180 75 80 78.1
92210 75 81 78.2
92210 75 81 78.1
92460 76 81 78.7
92460 76 81 78.6
92600 76 80 78.4
92600 76 80 78.3
92900 76 80 78.6
92900 77 80 78.7
93120 76 81 78.9
93120 76 81 79
93390 76 81 78.3
93390 76 81 78.4
93540 76 81 78.5
93540 76 81 78.6
94250 76 80 78.7
94250 75 80 78.6
94480 77 80 78.7
94480 78 80 78.8
94670 76 79 78.2
94670 76 79 78.3
94760 76 80 78.3
94760 76 80 78.4
94950 76 80 78.3
94950 76 80 78.4
95070 76 80 78.4
95070 76 80 78.5
95150 76 80 78.5
95150 75 80 78.4
95380 78 81 79.3
95380 78 81 79.2
95750 79 81 80
95750 78 81 79.9
95910 78 81 79.8
95910 78 81 79.8
96350 77 80 78.7
96350 78 80 78.8
96500 77 80 79.2
96500 78 80 79.3
96570 78 81 79.7
96570 79 81 79.8
97000 77 81 79.2
97000 77 81 79.1
97020 77 81 79
97020 77 81 79.1
97140 75 81 79.3
97140 75 81 79.2
97160 75 81 79.2
97160 75 81 79.3
97470 77 81 79.4
97470 77 81 79.3
97720 78 81 79.3
97720 78 81 79.4
97880 78 81 79.7
97880 78 81 79.8
97950 78 81 79.7
97950 78 81 79.6
98060 78 81 79.6
98060 77 81 79.5
98170 75 81 79
98170 74 81 78.9
98190 74 81 78.8
98190 74 81 78.9
98280 74 81 78.8
98280 74 81 78.7
98290 75 81 78.8
98290 75 81 78.7
98300 75 81 78.7
98300 75 81 78.6
98410 75 81 78.9
98410 75 81 79
98520 77 81 79.3
98520 77 81 79.2
98890 75 81 79
98890 75 81 79.1
99330 77 81 79
99330 77 81 79.1
99420 78 80 78.8
99420 78 80 78.7
99450 78 80 78.8
99450 78 80 78.9
99560 78 80 78.8
99560 78 80 78.8
99700 77 80 78.7
99700 77 80 78.6
99790 78 80 78.8
99790 78 80 78.7
99830 78 80 78.8
99830 78 80 78.9
100620 76 81 79.2
100620 76 81 79.3
100670 75 81 79
100670 75 81 78.9
100840 76 81 78.6
100840 76 81 78.5
100930 76 81 78.8
100930 76 81 78.7
101070 77 81 78.6
101070 77 81 78.7
101090 77 81 78.9
101090 77 81 79
101270 75 81 78.4
101270 75 81 78.3
101320 73 81 78.1
101320 73 81 78.2
101390 74 81 78
101390 73 81 78
101650 73 81 78
101650 73 81 77.9
101780 74 81 78.4
101780 75 81 78.5
101850 75 81 78.4
101850 75 81 78.2
101940 75 81 78.1
101940 75 81 78.2
102310 75 81 78.8
102310 75 81 78.9
102620 77 81 79.2
102620 77 81 79.1
102650 77 81 79
102650 77 81 78.9
102800 77 81 79
102800 77 81 79.1
102950 77 80 78.8
102950 77 80 78.7
103000 76 80 78.6
103000 76 80 78.5
103120 76 80 78.2
103120 76 81 78.3
103320 76 81 78.7
103320 76 80 78.7
103350 76 80 78.7
103350 77 80 78.8
103420 77 80 78.8
103420 77 80 78.9
103740 78 81 79.3
103740 78 81 79.2
104080 76 81 79.1
104080 76 81 79
104240 76 81 79.1
104240 76 81 79
104260 76 81 78.7
104260 76 81 78.6
104290 76 81 78.8
104290 76 81 78.9
104340 76 81 79
104340 77 81 79.1
104450 76 81 78.9
104450 76 81 79
104540 76 81 78.8
104540 76 81 78.7
104590 76 81 78.7
104590 75 81 78.7
104960 75 81 79
104960 75 81 79
105200 73 81 79.3
105200 74 81 79.4
105530 73 80 78.9
105530 74 80 79
105610 73 81 78.7
105610 73 81 78.6
105680 75 81 78.7
105680 75 81 78.8
105770 75 80 78.2
105770 75 80 78.1
105990 77 80 78.6
105990 77 80 78.7
106010 77 80 78.6
106010 77 80 78.7
106090 76 80 78.7
106090 76 80 78.6
106100 76 80 78.6
106100 77 80 78.7
106600 75 81 79
106600 75 81 78.9
106660 76 81 79
106660 77 81 79.1
106720 77 81 78.9
106720 77 81 78.8
106740 77 81 78.8
106740 77 81 78.7
106970 77 80 78.7
106970 77 80 78.6
107240 77 81 79.3
107240 77 81 79.4
107250 77 81 79.4
107250 77 81 79.5
107350 77 81 79.8
107350 77 81 79.9
107440 76 81 79.8
107440 76 81 79.7
107590 76 81 79.7
107590 76 81 79.6
107630 76 81 79.5
107630 75 81 79.4
108030 74 80 78.1
108030 74 79 78
108270 74 79 77.8
108270 74 79 77.9
108290 75 80 78.3
108290 75 80 78.2
108420 76 80 78.2
108420 76 80 78.3
108490 76 81 78.2
108490 76 81 78.4
108610 78 81 79.1
108610 78 81 79.2
108970 78 81 79.7
108970 78 81 79.8
109130 78 81 79.6
109130 78 81 79.5
109200 78 81 79.3
109200 78 81 79.4
109550 76 81 78.8
109550 76 81 78.9
109970 77 81 79
109970 77 81 78.9
110110 76 81 78.8
110110 76 81 78.9
110440 77 81 79.1
110440 77 81 79
110580 77 80 78.9
110580 77 80 79
110860 78 81 79.7
110860 78 81 79.8
110900 78 81 79.8
110900 77 81 79.7
111090 78 81 79.9
111090 78 81 79.8
111350 76 81 79.2
111350 76 81 79.1
111420 76 81 79.1
111420 75 81 79
111670 77 81 79
111670 77 81 78.8
111970 75 81 78.3
111970 75 81 78.4
112170 75 81 78.9
112170 75 81 78.7
112240 76 81 79
112240 76 81 79.1
112280 76 81 79
112280 76 81 79.1
112310 76 80 78.9
112310 77 80 79
112590 78 81 79.2
112590 78 81 79.1
112730 76 81 78.5
112730 76 81 78.6
112860 76 80 78.8
112860 76 80 78.9
112980 76 80 78.5
112980 75 80 78.4
113000 75 80 78.5
113000 76 80 78.6
113090 76 80 78.7
113090 76 80 78.8
113220 76 80 78.5
113220 76 80 78.6
113450 77 80 78.7
113450 77 80 78.8
113480 78 80 78.8
113480 78 81 78.9
113530 78 81 79.1
113530 78 81 79.2
113650 78 81 79.3
113650 78 81 79.2
113760 78 81 79.2
113760 78 81 79.3
113780 78 81 79.4
113780 78 81 79.5
113980 78 81 79.5
113980 78 81 79.6
114000 78 81 79.6
114000 79 81 79.7
114210 78 81 79.5
114210 78 81 79.5
114450 78 81 79.3
114450 78 81 79.4
114540 77 80 79.1
114540 77 80 79
114750 77 81 78.6
114750 77 81 78.7
115140 76 81 78.9
115140 76 81 79
115340 76 81 79.1
115340 76 81 79.2
115680 76 81 79.4
115680 76 81 79.3
115820 74 81 79
115820 73 81 78.9
115840 73 81 78.9
115840 74 81 79
115850 74 81 78.9
115850 74 81 78.8
115920 74 81 78.7
115920 74 81 78.8
116320 76 81 79.1
116320 77 81 79.2
116400 76 81 79.1
116400 75 81 79
116410 75 81 78.9
116410 75 81 79
116460 74 81 79
116460 74 81 78.9
116630 74 81 78.6
116630 74 81 78.5
116820 77 81 78.8
116820 77 81 78.7
116950 76 81 78.6
116950 76 81 78.7
117020 76 81 79
117020 76 81 79.1
117320 77 80 78.9
117320 77 80 78.8
117400 77 80 78.8
117400 78 80 78.9
117410 78 80 78.9
117410 78 80 78.8
117430 77 80 78.5
117430 77 80 78.4
117450 77 80 78.4
117450 77 80 78.5
117460 77 80 78.5
117460 77 80 78.6
117630 77 81 78.8
117630 77 81 78.7
117660 77 81 78.7
117660 77 81 78.8
117670 77 81 78.8
117670 76 81 78.7
117770 76 81 78.6
117770 76 81 78.7
117880 76 81 78.9
117880 76 81 78.8
118010 75 81 78.4
118010 75 81 78.5
118160 75 81 78.5
118160 75 81 78.6
118210 75 81 78.6
118210 75 81 78.7
118320 76 81 78.8
118320 76 81 78.9
118900 77 81 78.8
118900 77 81 78.9
119010 77 81 79
119010 77 81 79.1
119270 78 81 79.3
119270 78 81 79.4
119360 78 81 79.5
119360 78 81 79.4
119380 77 81 79.3
119380 77 81 79.2
119490 76 81 79.3
119490 76 81 79.4
119500 76 81 79.4
119500 76 81 79.2
119800 76 81 78.8
119800 76 81 78.7
120020 75 81 78.5
120020 75 81 78.4
120270 75 81 79
120270 75 81 79.1
120290 76 81 79.2
120290 76 81 79.1
120380 76 81 78.8
120380 76 81 78.9
120640 77 81 79.2
120640 77 81 79.3
120650 77 81 79.3
120650 76 81 79.2
121190 76 81 78.8
121190 76 81 78.9
121220 77 81 79
121220 78 81 79.1
121230 78 81 79.1
121230 78 81 79.2
121440 78 81 79.4
121440 78 81 79.5
121750 77 80 79.2
121750 77 80 79.1
121810 77 80 79
121810 77 80 78.9
121920 77 80 78.8
121920 77 80 78.8
122360 76 81 79.1
122360 76 81 79
122590 76 80 78.7
122590 76 80 78.6
122800 78 80 79
122800 78 80 79.1
122930 78 80 79.1
122930 78 80 79
123060 76 80 79.1
123060 76 80 79.2
123170 76 81 79.5
123170 76 81 79.6
123220 76 81 79.6
123220 76 81 79.5
123760 77 81 79.6
123760 75 81 79.4
123880 76 81 79.5
123880 76 81 79.6
123890 76 81 79.6
123890 77 81 79.7
123990 77 81 80
123990 77 81 80.1
124070 77 81 79.7
124070 77 81 79.6
124220 77 81 79.5
124220 77 81 79.6
124280 77 81 79.7
124280 77 81 79.8
124520 76 81 79.5
124520 76 81 79.4
124640 77 81 79.6
124640 77 81 79.7
124680 77 81 79.8
124680 77 81 79.7
125120 78 81 79.6
125120 78 81 79.5
125210 77 81 79.2
125210 77 81 79.1
125450 77 81 79
125450 77 81 79.1
125870 77 81 79.1
125870 77 81 79.2
125950 77 80 79
125950 77 81 79.1
126150 77 81 79.3
126150 77 81 79.1
126260 78 81 79.2
126260 78 81 79.1
126350 78 81 78.9
126350 77 81 78.8
126920 77 81 79.6
126920 78 81 79.7
127820 78 80 79.3
127820 78 80 79.2
127880 78 81 79.1
127880 78 81 79.2
127940 77 80 79.1
127940 77 80 79
127990 78 80 79.2
127990 78 81 79.3
128100 78 81 79.1
128100 78 81 79.2
128270 77 81 79.5
128270 77 81 79.4
128710 78 81 79.4
128710 78 81 79.3
128850 78 81 79.3
128850 77 81 79.1
129380 75 80 78
129380 76 80 78.1
129460 74 81 78.1
129460 74 81 78.2
129660 76 80 78.3
129660 76 80 78.2
129680 77 80 78.3
129680 77 80 78.4
130060 78 81 79.5
130060 78 81 79.4
130170 78 81 79.2
130170 78 81 79.3
130290 77 81 78.9
130290 77 81 79
130370 77 80 79
130370 77 80 78.9
130630 77 81 79.1
130630 78 81 79.2
130710 78 81 79.4
130710 78 81 79.5
131100 78 81 79.3
131100 78 81 79.5
131130 78 81 79.5
131130 78 81 79.4
131390 76 80 79
131390 76 80 78.9
131810 77 81 79
131810 77 81 78.9
131870 78 81 79
131870 78 81 78.9
132190 77 81 79.5
132190 77 81 79.6
132200 77 81 79.6
132200 76 81 79.5
132270 76 81 79.7
132270 76 81 79.6
132310 76 81 79.6
132310 76 81 79.5
132330 76 81 79.5
132330 77 81 79.6
132430 77 81 79.3
132430 76 81 79.2
132640 77 81 79.1
132640 77 81 79
132750 76 81 79.2
132750 76 81 79.1
133140 77 81 79.1
133140 77 81 79.2
133230 76 81 78.9
133230 76 81 78.8
133270 77 81 78.4
133270 77 81 78.5
133470 76 81 78.9
133470 76 81 78.8
133580 75 81 78.7
133580 75 81 78.8
133610 77 81 79.1
133610 77 81 79.2
133950 76 81 79
133950 76 81 79.1
134480 78 81 79.7
134480 78 81 79.6
134700 78 81 79.7
134700 78 81 79.6
134950 78 81 79.4
134950 78 81 79.3
135400 75 80 78.3
135400 75 80 78.2
135420 75 80 78.4
135420 75 80 78.3
135550 75 80 78.4
135550 75 80 78.5
135790 77 81 78.6
135790 77 81 78.5
136100 76 81 78.4
136100 76 81 78.2
136140 75 81 78.1
136140 75 81 78.2
136230 75 80 78.2
136230 75 80 78.3
136240 75 80 78.3
136240 75 80 78.4
136250 75 80 78.5
136250 75 80 78.6
136350 75 80 78.4
136350 75 80 78.5
136540 75 81 78.9
136540 75 81 79
136600 75 81 79
136600 76 81 79.1
136620 76 81 79.1
136620 76 81 78.9
136760 77 81 79.4
136760 77 81 79.4
137150 77 81 79.2
137150 77 81 79.1
137370 76 80 78.9
137370 76 81 79
137710 76 80 78.4
137710 76 81 78.5
137820 76 81 78.9
137820 75 81 78.8
137900 75 80 78.8
137900 75 80 78.7
137980 74 80 78.4
137980 74 80 78.5
138180 74 81 78.8
138180 74 81 78.9
138230 73 81 79.1
138230 73 81 79
138290 73 81 78.9
138290 73 81 79
138650 78 81 80
138650 78 81 80.1
138680 78 81 80
138680 78 81 79.9
138830 78 81 79.7
138830 78 81 79.6
138970 78 80 78.8
138970 78 80 78.7
138990 78 80 78.8
138990 78 80 78.7
139190 77 80 78.3
139190 77 79 78.2
139320 76 80 78.3
139320 76 80 78.4
139390 75 81 78.3
139390 75 81 78.2
139560 75 80 78.4
139560 75 80 78.5
139650 75 80 78.4
139650 75 81 78.5
139820 76 81 78.7
139820 76 81 78.9
140150 75 81 79
140150 75 81 79.1
140220 77 81 79.4
140220 77 81 79.5
140570 77 80 78.9
140570 77 80 78.8
140680 76 81 78.7
140680 76 81 78.8
141010 78 80 79.3
141010 78 81 79.4
141270 78 81 79
141270 78 81 79.1
141690 77 81 79.1
141690 77 81 79
141800 78 81 79.1
141800 78 81 79.2
142050 76 81 79.2
142050 76 81 79.3
142330 77 81 79.5
142330 78 81 79.6
142430 77 81 79.4
142430 77 81 79.3
142520 77 81 79.3
142520 77 81 79.5
142560 77 81 79.5
142560 76 81 79.4
143110 78 81 79.2
143110 77 81 79.1
143130 77 81 79.2
143130 78 81 79.3
143230 77 81 79.1
143230 77 81 79.2
143390 75 81 79
143390 75 81 78.9
143440 75 81 78.8
143440 75 81 78.9
143930 76 81 79
143930 76 81 79.1
143940 76 81 79.1
143940 77 81 79.2
143950 78 81 79.3
143950 77 81 79.2
144000 77 81 79.1
144000 77 81 79
144010 77 81 78.9
144010 77 81 78.8
144210 76 81 78.2
144210 75 81 78.1
144470 75 80 78.3
144470 75 80 78.4
144580 75 81 78.2
144580 75 81 78.3
144590 75 81 78.3
144590 75 81 78.2
144640 76 81 78.6
144640 76 81 78.5
144690 76 81 78.5
144690 76 81 78.6
145080 76 81 78.6
145080 76 81 78.7
145170 77 80 79
145170 77 80 79.1
145310 76 80 78.8
145310 76 80 78.9
145370 78 80 79.3
145370 78 81 79.3
145630 77 81 79.4
145630 77 81 79.5
145750 78 81 79.5
145750 78 81 79.6
146110 78 81 79.8
146110 79 81 79.9
146860 77 81 79.3
146860 77 81 79.4
147150 77 80 79
147150 78 80 79.1
147230 77 81 78.8
147230 77 81 78.7
147340 76 81 78.8
147340 76 81 78.7
147350 76 81 78.6
147350 76 81 78.7
147430 76 81 78.9
147430 76 81 78.8
147540 77 80 78.9
147540 77 80 78.8
147560 77 80 78.8
147560 77 80 78.7
147680 76 80 78.7
147680 76 80 78.8
147900 78 81 78.9
147900 78 81 79
147980 77 81 78.7
147980 77 81 78.6
148000 77 81 78.7
148000 77 81 78.8
148060 78 81 79.3
148060 78 81 79.4
148120 77 81 79.1
148120 77 81 79
148250 74 81 78.6
148250 74 81 78.5
148470 76 80 78.7
148470 76 80 78.6
148570 76 80 78.2
148570 77 80 78.3
148590 77 80 78.3
148590 77 80 78.4
149120 77 81 79.2
149120 77 81 79.1
149620 79 81 80.2
149620 79 81 80.3
150410 79 81 79.9
150410 79 81 79.8
150640 78 81 79.7
150640 78 81 79.7
150880 78 81 79.5
150880 78 81 79.6
151050 78 81 79.8
151050 78 81 79.6
151090 78 81 79.8
151090 78 81 79.9
151120 78 81 80
151120 78 81 80.1
151150 79 81 80.2
151150 79 81 80.3
151740 78 81 79.5
151740 78 81 79.6
152800 78 80 79.5
152800 78 80 79.4
152930 78 81 79.2
152930 78 81 79.3
153180 78 81 79.2
153180 78 81 79.3
153300 77 81 79.2
153300 77 81 79.3
153700 78 81 79.3
153700 78 81 79.2
154200 77 80 78.7
154200 76 80 78.6
154330 77 80 78.9
154330 77 80 79.1
154480 77 81 78.9
154480 77 81 78.8
154550 77 81 78.9
154550 77 81 78.9
154640 77 81 79.2
154640 77 81 79.1
155020 78 81 79.5
155020 78 81 79.6
155250 77 81 79.3
155250 78 81 79.4
155560 76 81 78.8
155560 76 81 78.9
155750 75 80 78.7
155750 76 80 78.8
156150 77 81 79.3
156150 77 81 79.2
156170 77 81 79.2
156170 77 81 79.3
156260 77 80 79.3
156260 77 80 79.2
156350 76 80 78.9
156350 76 80 78.8
156400 76 80 78.7
156400 76 81 78.8
156590 76 80 78.7
156590 76 80 78.6
156630 75 80 78.8
156630 77 80 79
156700 78 80 79.1
156700 78 80 79
156750 77 80 78.8
156750 77 80 78.9
157200 75 81 77.6
157200 75 81 77.7
157220 75 81 77.9
157220 76 81 78
157330 77 81 78.4
157330 77 81 78.5
157420 75 81 78
157420 75 81 78.1
157550 77 80 78.3
157550 77 80 78.4
157590 77 80 78.5
157590 77 80 78.6
157740 76 80 78.5
157740 76 80 78.4
157930 77 80 78.7
157930 77 80 78.6
157960 77 80 78.9
157960 77 80 78.8
157980 77 80 78.8
157980 77 80 78.7
158100 77 80 78.9
158100 78 80 79
158200 77 81 79.2
158200 77 81 79.3
158520 78 81 79.1
158520 77 81 79
158580 77 81 78.9
158580 77 81 79
158820 77 81 79.2
158820 77 81 79.3
158920 77 81 78.9
158920 77 81 79
158930 77 81 79
158930 77 81 79.1
159040 78 81 79.4
159040 78 81 79.5
159060 78 81 79.5
159060 78 81 79.6
159110 78 81 79.5
159110 78 81 79.6
159240 78 81 79.4
159240 77 81 79.2
159350 77 80 79.1
159350 76 80 79
159680 78 81 79.6
159680 78 81 79.5
160380 77 81 79.5
160380 76 81 79.4
160510 77 81 79.3
160510 77 81 79.2
160580 77 81 79.1
160580 77 81 79
160730 78 80 78.7
160730 78 80 78.9
160810 77 80 78.8
160810 77 80 78.9
160860 77 80 79
160860 76 80 78.9
160880 76 80 79
160880 76 80 78.9
161100 76 80 78.9
161100 75 80 78.8
161150 74 80 78.7
161150 74 80 78.8
161340 75 81 79.4
161340 76 81 79.5
161500 77 81 79.3
161500 77 81 79.4
161510 77 81 79.4
161510 77 81 79.5
161520 77 81 79.5
161520 77 81 79.3
161780 78 81 79.3
161780 78 81 79.4
161910 78 81 79.4
161910 77 81 79.3
161970 77 81 79.2
161970 77 81 79.1
162450 77 80 78.8
162450 77 80 78.7
162460 77 80 78.8
162460 77 79 78.7
162690 76 80 78.4
162690 76 80 78.3
162880 77 80 78.7
162880 77 80 78.6
162900 77 80 78.6
162900 77 80 78.7
163120 77 81 78.6
163120 77 81 78.7
163170 77 81 78.8
163170 77 81 78.9
163220 77 81 78.6
163220 77 80 78.5
163260 76 80 78.4
163260 76 80 78.5
163360 75 81 78.6
163360 75 81 78.5
163400 76 81 78.7
163400 76 81 78.8
163600 76 81 79
163600 77 81 79.2
163640 76 81 79.1
163640 76 81 79.3
163710 77 81 79.2
163710 77 81 79.1
163800 78 81 79.4
163800 78 81 79.4
164100 78 80 79.4
164100 78 80 79.5
164290 77 80 79.2
164290 77 80 79.1
164360 77 81 78.8
164360 77 81 78.7
164420 77 81 78.7
164420 77 81 78.8
164540 77 81 79
164540 77 81 79.1
164670 77 80 78.8
164670 77 80 78.9
164720 77 80 79
164720 78 80 79.1
165640 76 80 78.8
165640 76 80 78.9
165680 77 80 78.8
165680 77 80 78.9
165770 77 81 78.7
165770 77 81 78.8
165830 77 81 78.7
165830 77 81 78.8
166080 77 81 79
166080 78 81 79.1
166300 76 81 78.7
166300 76 81 78.6
166360 75 81 78.8
166360 75 81 78.9
166700 76 81 78.7
166700 76 81 78.6
166750 77 81 78.8
166750 77 81 78.7
166820 77 80 78.8
166820 78 80 78.9
166930 76 79 78.3
166930 76 79 78.2
167280 76 81 79
167280 77 81 79.1
167300 77 81 79
167300 77 81 79.1
167370 76 81 79
167370 75 81 78.9
167480 75 81 79.3
167480 75 81 79.2
167910 77 81 79.5
167910 76 81 79.4
168060 77 80 79
168060 77 80 78.9
168270 77 80 78.4
168270 77 80 78.5
168700 77 81 78.7
168700 76 81 78.6
168720 76 81 78.6
168720 77 81 78.7
168730 77 81 78.7
168730 77 80 78.6
168900 77 80 79
168900 77 80 79.1
168940 77 80 79.1
168940 77 80 79.2
169090 79 80 79.6
169090 78 80 79.5
169340 78 81 79.5
169340 78 81 79.5
169410 78 81 79.5
169410 78 81 79.4
169730 78 81 79
169730 78 81 78.9
169890 76 81 78.8
169890 76 81 78.9
170060 77 81 79.1
170060 78 81 79.2
170210 78 81 79.2
170210 77 81 79.1
170310 76 81 78.9
170310 76 81 78.7
170580 75 81 78.5
170580 75 81 78.4
170680 74 81 78.2
170680 74 81 78.1
171030 77 80 78.9
171030 77 80 79
171180 78 80 79.2
171180 78 80 79.3
171290 78 81 79.4
171290 78 81 79.3
171730 79 81 79.9
171730 79 81 79.8
171960 78 81 80
171960 78 81 80
172130 78 81 80.2
172130 78 81 80.1
172320 78 81 79.7
172320 78 81 79.8
172500 78 81 79.6
172500 78 81 79.5
172530 78 81 79.4
172530 78 81 79.3
172600 78 81 79.3
172600 77 81 79.2
172850 78 81 79.3
172850 78 81 79.2
173090 78 81 79.4
173090 77 81 79.3
173210 77 81 79.5
173210 77 81 79.4
173220 77 81 79.4
173220 77 81 79.3
173550 75 81 78.8
173550 76 81 78.9
173770 78 81 79.3
173770 78 81 79.4
174160 76 81 78.5
174160 76 81 78.6
174240 76 81 78.6
174240 76 81 78.5
174350 76 81 78.9
174350 77 81 79.1
174620 76 81 78.9
174620 77 81 79
174750 76 81 79.2
174750 77 81 79.3
174970 76 81 79.3
174970 76 81 79.2
175300 78 81 79.6
175300 78 81 79.5
175710 79 80 79.7
175710 79 81 79.8
175780 78 81 80
175780 78 81 80.1
175830 78 81 80
175830 78 81 80.1
176110 78 81 79.6
176110 78 81 79.7
176160 78 81 79.8
176160 78 81 79.7
176440 75 81 79.2
176440 75 81 79.1
176450 75 81 79
176450 76 81 79.1
176530 76 81 78.9
176530 76 81 78.8
176780 78 81 79.1
176780 78 81 79.2
176840 76 81 78.7
176840 76 81 78.6
176970 76 81 78.3
176970 76 81 78.2
177250 72 81 77.5
177250 72 81 77.6
177270 72 81 77.6
177270 73 81 77.7
177360 74 81 77.9
177360 74 81 78
177380 74 81 77.9
177380 76 81 78.1
177590 76 81 78.7
177590 75 81 78.6
177800 76 80 78.3
177800 77 80 78.4
177890 76 80 78.4
177890 75 80 78.3
178030 75 81 78.5
178030 75 81 78.6
178170 76 81 79.1
178170 76 81 79
178280 76 81 79
178280 76 81 79.1
178360 76 81 79.3
178360 76 81 79.2
178480 76 81 79.6
178480 76 81 79.7
178750 78 81 79.8
178750 78 81 80
179180 78 81 79.7
179180 79 81 79.8
179310 78 81 79.8
179310 78 81 79.7
179380 78 81 79.8
179380 77 81 79.7
179400 77 81 79.6
179400 77 81 79.5
179840 78 81 79.4
179840 78 81 79.5
180000 77 81 79
180000 77 81 79.1
180410 76 81 78.6
180410 76 81 78.7
180510 77 81 79
180510 77 81 78.9
180890 77 81 78.6
180890 77 81 78.7
181150 77 80 78.6
181150 77 80 78.7
181210 77 80 79
181210 77 80 78.9
181260 77 81 78.8
181260 77 81 78.7
181460 77 80 78.7
181460 77 80 78.6
181670 77 81 79
181670 77 81 79.1
181680 77 81 79.2
181680 77 81 79.1
181760 78 81 79.1
181760 78 81 79.1
181930 77 80 78.9
181930 77 80 79
182400 77 81 79.6
182400 77 81 79.7
182500 79 81 79.9
182500 78 81 79.8
182580 78 81 80.1
182580 78 81 80
182790 77 81 79.6
182790 77 81 79.5
183060 75 81 79.1
183060 75 81 79.2
183100 75 81 79.2
183100 75 81 79.3
183370 76 81 79.2
183370 76 81 79
183380 76 81 79
183380 75 81 78.9
183400 75 81 78.9
183400 76 81 79
183740 77 81 78.8
183740 77 81 78.9
184130 78 81 79.3
184130 78 81 79.3
184340 78 81 79.6
184340 78 81 79.7
184450 78 81 79.7
184450 78 81 79.6
184470 78 81 79.7
184470 78 81 79.8
184520 77 81 79.5
184520 76 81 79.4
184590 77 81 79.2
184590 77 81 79.1
184670 76 81 79
184670 76 81 78.9
184740 76 81 79.2
184740 76 81 79.1
184750 76 81 79.2
184750 76 81 79.1
184770 76 81 78.9
184770 76 81 78.8
184820 76 81 78.6
184820 77 81 78.7
184910 77 81 78.8
184910 77 81 78.9
185110 77 81 79
185110 77 81 78.9
185160 77 81 79.3
185160 77 81 79.2
185270 77 81 79
185270 77 81 79.1
185560 78 81 79.4
185560 78 81 79.3
185580 78 81 79.5
185580 78 81 79.4
185920 77 80 79.1
185920 77 80 79
186150 78 81 79.4
186150 78 81 79.5
186210 78 81 79.6
186210 79 81 79.7
187050 77 81 79
187050 77 81 78.9
187340 75 81 78.7
187340 75 81 78.8
187420 76 81 78.9
187420 76 81 78.8
187440 76 81 78.8
187440 76 81 78.9
187570 77 81 78.9
187570 77 81 79
187750 77 81 79.3
187750 78 81 79.5
187770 79 81 79.6
187770 79 81 79.7
188110 78 81 79.7
188110 79 81 79.8
188120 79 81 79.8
188120 79 81 79.9
188190 78 81 79.8
188190 78 81 79.7
188560 77 81 79.7
188560 77 81 79.6
188690 77 81 79.6
188690 77 81 79.5
188930 77 81 79.2
188930 77 81 79.1
189170 77 81 79.3
189170 77 81 79.2
189330 77 80 79.1
189330 77 80 79
189440 78 80 78.9
189440 77 80 78.7
189630 77 80 79.2
189630 77 81 79.3
189920 77 81 79.4
189920 76 81 79.3
190200 78 81 79.4
190200 78 81 79.5
190420 76 81 79
190420 76 81 79.1
190490 76 81 79.2
190490 76 81 79.3
190680 75 81 79.4
190680 75 81 79.5
191230 78 80 78.9
191230 78 80 79
191310 78 81 79.6
191310 78 81 79.5
191580 78 81 79.7
191580 78 81 79.8
191680 77 81 79.8
191680 77 81 79.7
191810 78 81 79.6
191810 78 81 79.7
191970 77 81 79.4
191970 78 81 79.5
192040 78 81 79.6
192040 78 81 79.7
192370 78 81 79.4
192370 78 81 79.5
192600 76 81 79
192600 76 81 78.9
192730 76 80 78.3
192730 76 80 78.4
192790 76 80 78.4
192790 76 80 78.3
193030 75 81 78.4
193030 75 81 78.5
193400 74 81 78.7
193400 75 81 78.7
193510 75 81 78.8
193510 76 81 78.9
193520 76 81 78.9
193520 76 81 79
193620 76 81 79.3
193620 77 81 79.4
193680 77 81 79.4
193680 77 81 79.3
193810 77 81 79.1
193810 77 81 79.2
193840 78 81 79.4
193840 78 81 79.3
194080 77 80 79
194080 77 80 78.9
194170 76 81 79
194170 76 81 79.1
194320 76 81 78.9
194320 76 81 78.8
194430 76 81 78.9
194430 76 81 79
194450 77 81 78.9
194450 77 81 79
194540 77 81 79.1
194540 78 81 79.2
194660 78 80 79
194660 78 80 78.9
194850 77 80 78.5
194850 76 80 78.4
194950 76 80 78.7
194950 76 80 78.8
195040 76 80 78.9
195040 76 81 79
195200 76 81 78.9
195200 76 81 79
195220 76 81 79
195220 76 81 78.9
195510 78 81 79.5
195510 77 81 79.3
195570 77 81 79.2
195570 77 81 79.1
195680 77 81 79.1
195680 77 81 79.2
195880 76 81 79
195880 76 81 78.9
195900 76 81 79
195900 76 81 79.1
195990 77 81 79.4
195990 77 81 79.3
196030 78 81 79.3
196030 78 80 79.2
196050 78 80 79
196050 78 80 79.1
196130 78 80 79.1
196130 78 80 79.2
196180 76 81 79.3
196180 76 81 79.4
196470 77 81 79
196470 77 81 78.9
196490 77 81 78.8
196490 77 81 78.9
196710 77 81 78.6
196710 77 81 78.7
196740 76 80 78.4
196740 76 80 78.5
196880 76 80 78.5
196880 76 80 78.4
197130 75 81 78.6
197130 75 81 78.7
197190 75 81 78.7
197190 76 81 78.8
197280 77 81 78.8
197280 77 81 78.7
197320 77 81 78.5
197320 77 81 78.6
197390 77 81 78.6
197390 76 81 78.5
197410 76 81 78.5
197410 76 81 78.4
197620 78 81 79.3
197620 78 81 79.2
197640 78 81 79.2
197640 78 80 79.1
198070 77 80 79
198070 77 81 79.1
198200 76 81 79.1
198200 76 81 79
198300 77 81 78.7
198300 77 81 78.8
198420 77 81 78.9
198420 77 81 79
198440 77 81 79
198440 78 81 79.1
198490 77 81 79
198490 77 81 78.9
198550 77 81 78.9
198550 77 81 78.8
198640 77 81 78.8
198640 77 81 78.9
198660 77 81 78.9
198660 77 81 78.8
198760 78 81 79
198760 78 81 78.9
198770 78 81 78.9
198770 77 81 78.8
198830 77 80 79.1
198830 77 80 79
198860 78 80 79.3
198860 78 80 79.2
199000 78 81 79.2
199000 78 81 79
199080 78 81 79.1
199080 78 81 79
199160 78 81 79.2
199160 78 81 79.3
199360 78 81 79.6
199360 78 81 79.5
199470 78 81 79.6
199470 78 81 79.7
199890 75 81 78.8
199890 75 81 78.9
199910 75 81 78.9
199910 75 81 79
199970 75 81 79
199970 76 81 79
200440 77 81 79.2
200440 77 81 79.1
200810 77 81 79.2
200810 77 81 79.3
200830 77 81 79.3
200830 77 81 79.2
201200 77 81 79.2
201200 78 81 79.3
201310 77 81 79.4
201310 78 81 79.5
201370 77 81 79.4
201370 77 81 79.3
201660 78 81 80
201660 78 81 80.1
201990 78 81 79.8
201990 78 81 79.7
202080 78 81 79.5
202080 78 81 79.6
202340 77 81 79.5
202340 77 81 79.4
202560 75 81 78.8
202560 76 81 78.9
202650 75 81 78.9
202650 75 81 79
202750 75 81 78.8
202750 75 81 78.9
202800 74 81 78.8
202800 74 81 78.9
202870 74 81 78.7
202870 74 81 78.8
203000 75 81 79
203000 75 81 79.1
203310 76 81 79.2
203310 75 81 79.1
203440 76 81 79.4
203440 77 81 79.5
203550 77 81 79.6
203550 77 81 79.5
203600 77 81 79.1
203600 77 81 79.2
203720 77 81 79.1
203720 77 81 79.2
203900 77 81 79
203900 77 81 78.9
203920 77 81 78.8
203920 77 81 78.9
204010 77 81 78.7
204010 77 81 78.6
204150 76 81 78.1
204150 76 80 78
204180 76 80 78.2
204180 76 80 78.1
204730 76 80 78.8
204730 77 80 78.7
204920 77 81 78.8
204920 77 81 78.9
205200 77 81 79.2
205200 77 81 79.3
205340 78 81 79.9
205340 78 81 80
205630 78 81 79.8
205630 78 81 79.7
205750 77 81 79.3
205750 77 81 79.2
205820 77 81 79.2
205820 77 81 79.3
206220 78 81 79.4
206220 77 81 79.3
206260 78 81 79.4
206260 78 81 79.6
206440 76 81 79.5
206440 76 81 79.3
206680 77 80 78.8
206680 77 80 78.9
206880 78 81 79.3
206880 78 81 79.1
206900 78 81 79.1
206900 77 81 79
206910 77 81 79
206910 77 81 79.1
207030 77 81 79.1
207030 77 81 79
207130 77 81 78.8
207130 77 81 78.9
207590 78 80 79.2
207590 78 80 79.1
208100 76 81 79.4
208100 76 81 79.5
208300 76 81 79.5
208300 76 81 79.6
208500 77 81 79.3
208500 77 81 79.2
208600 76 81 79.2
208600 77 81 79.3
208860 77 81 79.9
208860 77 81 79.8
209110 77 81 79.8
209110 77 81 79.7
209470 78 81 79.4
209470 78 81 79.5
209660 78 81 79
209660 78 81 78.9
209670 78 81 78.9
209670 78 81 79
209770 78 81 79.2
209770 78 81 79.3
209990 78 81 79.5
209990 78 81 79.6
210050 78 81 79.5
210050 77 81 79.4
210190 77 81 79.1
210190 77 81 79.2
210670 76 80 78.8
210670 75 80 78.7
210810 75 80 79
210810 75 80 79.2
210870 76 81 79.3
210870 76 81 79.2
211020 77 81 79.5
211020 77 81 79.6
211280 77 81 79.5
211280 78 81 79.6
211480 76 80 78.9
211480 75 80 78.8
211810 77 81 79.1
211810 77 81 79
212290 78 81 80
212290 78 81 79.9
212390 78 81 79.9
212390 78 81 79.8
212640 78 81 79.5
212640 78 81 79.6
212700 77 81 79.3
212700 77 81 79.2
212750 77 81 79.2
212750 77 81 79.1
212760 77 81 79
212760 77 81 78.9
212810 77 81 78.8
212810 77 81 78.7
213120 77 81 78.8
213120 77 81 79
213160 77 81 79.1
213160 77 81 79.2
213250 77 81 79.3
213250 77 81 79.4
213320 78 81 79.4
213320 78 81 79.3
213870 77 80 79.2
213870 77 80 79.1
213980 77 81 79.1
213980 77 81 79
214020 77 81 79.2
214020 77 81 79.1
214150 77 80 79
214150 78 80 79.1
214200 77 80 78.9
214200 77 80 79
214260 77 80 78.7
214260 77 80 78.6
214470 76 80 78.7
214470 76 80 78.6
214730 76 80 78.4
214730 76 80 78.5
214740 76 80 78.5
214740 76 80 78.6
215010 78 81 79.5
215010 78 81 79.6
215020 78 81 79.6
215020 78 81 79.4
215480 77 81 78.8
215480 77 81 78.7
215520 77 81 78.8
215520 77 81 78.9
215590 77 81 78.8
215590 77 81 78.9
215690 76 81 79.4
215690 77 81 79.5
215730 78 81 79.5
215730 78 81 79.4
216040 78 81 79.7
216040 78 81 79.6
216370 78 81 79.5
216370 78 81 79.4
216430 78 81 79.2
216430 78 81 79.1
216540 77 81 78.9
216540 77 81 79
216650 76 81 78.8
216650 76 81 78.7
216730 77 81 79
216730 77 81 79.1
216740 77 81 79.2
216740 77 81 79.1
216750 78 81 79.2
216750 77 81 79.1
216770 77 81 79.1
216770 78 81 79.2
217170 78 80 79
217170 78 80 79.1
217240 78 80 78.9
217240 78 80 79
217590 76 81 79.2
217590 76 81 79.3
217630 75 81 79.1
217630 75 81 79
217770 75 81 78.9
217770 75 81 78.8
217880 76 81 78.7
217880 76 81 78.6
218040 77 80 78.6
218040 77 80 78.7
218070 77 80 78.8
218070 77 80 78.9
218210 76 81 79
218210 76 81 78.9
218230 76 81 78.9
218230 76 81 79
218470 77 81 79.5
218470 76 81 79.4
218560 76 81 79.1
218560 76 81 79.2
218940 78 81 79.3
218940 78 81 79.4
219100 76 81 79.2
219100 76 81 79.1
219350 76 81 78.8
219350 76 81 78.7
219390 76 81 78.7
219390 76 81 78.6
219490 76 81 78.9
219490 75 81 78.8
219590 76 80 78.8
219590 76 80 78.7
219960 77 81 78.7
219960 77 81 78.6
220210 76 80 78.5
220210 76 80 78.6
220320 76 80 78.4
220320 76 80 78.5
220360 76 80 78.5
220360 76 80 78.4
220620 77 81 78.7
220620 77 81 78.8
220660 77 81 79
220660 77 81 79.1
220900 76 81 78.2
220900 77 81 78.3
220990 77 81 78.2
220990 77 81 78.3
221180 77 81 78.4
221180 77 81 78.5
221210 77 81 78.5
221210 77 81 78.6
221380 77 80 78.6
221380 78 80 78.8
221560 78 81 79.6
221560 77 81 79.5
221700 78 81 79.9
221700 78 81 80
221800 77 81 79.9
221800 77 81 79.8
222410 77 81 79.5
222410 77 81 79.6
222450 77 81 79.5
222450 77 81 79.4
223030 75 80 78.6
223030 75 81 78.7
223090 76 81 78.8
223090 76 81 78.9
223190 76 81 79
223190 76 81 79.1
223280 78 80 79.2
223280 77 80 79.1
223590 77 81 79
223590 77 81 78.9
223940 76 81 78.8
223940 76 81 78.9
223960 76 81 79
223960 76 81 78.9
223970 76 81 78.8
223970 75 81 78.7
224310 76 81 79
224310 76 81 78.9
224520 77 81 78.6
224520 77 81 78.7
224540 77 81 78.5
224540 77 81 78.4
224560 77 81 78.4
224560 77 81 78.3
224900 77 81 78.8
224900 77 81 78.9
225090 77 81 78.9
225090 77 81 78.8
225110 77 81 78.7
225110 77 81 78.9
225330 78 81 79.5
225330 78 81 79.6
225340 77 81 79.5
225340 77 81 79.4
225370 77 81 79.4
225370 77 81 79.5
225440 77 81 79.2
225440 77 81 79.3
226120 75 81 78.9
226120 76 81 79
226310 77 81 79.2
226310 77 81 79.3
226600 78 81 79.4
226600 77 81 79.2
226630 77 81 79.2
226630 77 81 79.3
226710 77 81 79.2
226710 77 81 79.3
226730 77 81 79.2
226730 77 81 79.1
226840 77 80 78.7
226840 78 80 78.8
227040 76 80 78.1
227040 76 80 78.3
227430 75 80 78.6
227430 75 80 78.7
227510 75 80 78.9
227510 75 81 79
227590 76 80 79.2
227590 76 80 79.1
227650 77 80 79
227650 76 80 78.9
227760 75 81 78.8
227760 75 81 78.9
228100 76 81 79
228100 76 81 79.1
228900 77 81 78.6
228900 77 80 78.5
228990 77 80 78.6
228990 77 80 78.5
229100 77 80 78.6
229100 77 80 78.5
229130 76 80 78.3
229130 76 80 78.4
229230 76 80 78.2
229230 76 80 78.3
229250 76 80 78.3
229250 75 80 78.2
229380 75 80 78.3
229380 77 80 78.5
229450 77 80 78.6
229450 77 80 78.7
229580 77 80 78.8
229580 76 80 78.7
229730 77 81 79.1
229730 77 81 79.2
229840 76 81 79
229840 76 81 79.1
229990 75 81 78.8
229990 75 81 78.9
230000 75 81 78.9
230000 75 81 78.8
230040 76 81 79
230040 76 81 79.1
230280 76 81 79.2
230280 77 81 79.3
230290 77 81 79.2
230290 77 81 79.3
230520 75 81 79.1
230520 75 81 79.2
230570 74 81 79.3
230570 74 81 79.2
230980 77 81 79.8
230980 77 81 79.7
231380 78 80 79.2
231380 78 80 79.1
231460 77 81 79.2
231460 77 81 79.3
231850 78 81 79.8
231850 79 81 79.9
231900 78 81 79.8
231900 78 81 79.9
231990 78 81 79.6
231990 78 81 79.7
232090 77 81 79.7
232090 77 81 79.6
232570 78 81 79.2
232570 78 81 79.3
232600 77 81 79
232600 78 81 79.1
232770 77 81 79
232770 77 81 79.1
232820 78 81 79.2
232820 78 81 79.3
232920 77 81 78.7
232920 77 81 78.8
233170 75 81 78.7
233170 76 81 78.8
233280 76 81 78.9
233280 76 81 78.8
233310 76 81 78.8
233310 76 81 78.7
233450 74 81 78.7
233450 74 81 78.6
233500 74 81 78.3
233500 74 81 78.5
233720 75 80 78.4
233720 75 80 78.5
233830 76 80 78.7
233830 76 80 78.8
233950 75 80 78.5
233950 75 81 78.6
234030 77 81 78.8
234030 78 81 78.9
234080 78 81 79.1
234080 78 80 79
234710 78 81 79.3
234710 78 81 79.4
234730 78 81 79.5
234730 78 81 79.4
234880 79 81 79.9
234880 79 81 80
235540 78 81 79
235540 78 81 78.9
235560 78 81 78.9
235560 78 81 79
236010 77 81 79.1
236010 77 81 79
236150 77 80 78.6
236150 77 80 78.5
236220 77 80 78.6
236220 77 81 78.7
236310 77 80 78.7
236310 77 80 78.6
236570 77 80 78.6
236570 77 80 78.5
236600 76 80 78.3
236600 76 80 78.4
236680 76 80 78.3
236680 76 80 78.2
236710 76 80 78.3
236710 76 80 78.4
236890 75 80 78
236890 75 80 78.1
236900 75 80 78.2
236900 75 81 78.3
236930 75 81 78.4
236930 75 81 78.3
236960 75 81 78.2
236960 75 81 78.3
237170 75 80 78
237170 76 80 78.1
237180 76 80 78.1
237180 76 80 78.2
237280 75 80 78.2
237280 76 80 78.3
237290 76 80 78.3
237290 76 80 78.5
237730 76 81 78.4
237730 76 81 78.5
237840 76 81 78.8
237840 76 81 78.9
238030 77 81 79
238030 77 81 79.1
238430 78 81 79.9
238430 78 81 80
238520 78 81 80
238520 78 81 79.9
238540 78 81 79.9
238540 78 81 79.8
239000 77 81 80
239000 78 81 80.1
239370 79 81 80
239370 79 81 80.1
239520 78 81 79.8
239520 77 81 79.7
239650 76 81 79.3
239650 77 81 79.4
239700 77 81 79.4
239700 77 81 79.5
239800 76 80 79.1
239800 76 80 79.2
239890 77 80 79.1
239890 77 80 78.9
240010 77 80 78.7
240010 77 80 78.6
240130 76 80 78.4
240130 76 80 78.5
240210 76 80 78.6
240210 76 80 78.5
240220 76 80 78.6
240220 76 80 78.5
240390 74 80 78.2
240390 75 80 78.3
240430 75 80 78.2
240430 75 80 78.3
240460 74 80 78.2
240460 74 80 78.1
241050 76 80 78.6
241050 76 80 78.7
241250 78 81 79.4
241250 78 81 79.2
241300 78 80 78.9
241300 78 80 79.1
241410 78 80 78.9
241410 78 80 78.8
241630 78 81 79.5
241630 78 81 79.6
241890 78 81 79.6
241890 78 81 79.7
242160 77 81 79.7
242160 77 81 79.6
242180 77 81 79.5
242180 77 81 79.6
242550 78 80 79.4
242550 78 81 79.5
242660 79 81 79.5
242660 79 81 79.6
242790 78 81 79.4
242790 78 81 79.5
243630 78 81 79.7
243630 77 81 79.6
243890 79 81 79.9
243890 78 81 79.7
244190 75 81 78.9
244190 75 81 78.8
244260 75 81 78.9
244260 75 81 78.8
244280 76 81 79
244280 76 81 79.1
244480 77 81 79
244480 76 81 78.9
244610 76 79 78.4
244610 76 79 78.3
244740 76 80 78.2
244740 76 80 78.3
244800 76 80 78.6
244800 76 80 78.7
244810 76 80 78.8
244810 76 80 78.9
244830 76 80 79
244830 78 80 79.3
245060 79 81 79.9
245060 78 81 79.8
245140 79 81 79.9
245140 79 81 79.8
245640 75 81 79.1
245640 75 81 79
245730 77 81 79
245730 77 81 79.1
246110 78 81 79.2
246110 78 81 79.3
246410 75 80 78.7
246410 75 80 78.8
246450 75 81 78.7
246450 76 81 78.8
246560 77 81 79
246560 77 81 79.2
246610 77 81 79.2
246610 77 81 79.1
246660 77 81 79
246660 77 81 79.1
246850 76 81 78.9
246850 76 81 79
246870 76 81 79
246870 76 81 78.9
247230 77 81 79.3
247230 77 81 79.4
247570 76 81 79
247570 76 81 78.9
247800 78 80 78.9
247800 78 80 78.8
247820 77 80 78.6
247820 77 80 78.7
248010 76 80 79
248010 76 80 79.1
248250 77 80 78.8
248250 77 80 78.9
248420 77 81 78.6
248420 77 81 78.7
248730 76 80 78.6
248730 76 81 78.7
248740 76 81 78.7
248740 76 81 78.8
248840 75 81 79
248840 75 81 79.1
248950 76 81 79.1
248950 76 81 79
249040 77 81 79.1
249040 77 81 79
249310 77 81 79.6
249310 77 81 79.7
249430 77 81 79.6
249430 77 81 79.7
249520 77 81 79.9
249520 77 81 79.8
249540 77 81 79.7
249540 77 81 79.5
249870 77 80 78.5
249870 77 80 78.4
249880 77 80 78.4
249880 77 80 78.3
250100 76 81 78.5
250100 76 81 78.6
250320 76 81 79.1
250320 77 81 79.2
250980 77 81 79.8
250980 77 81 79.9
250990 77 81 79.8
250990 77 81 79.7
251320 77 81 79.5
251320 78 81 79.6
251380 78 81 79.7
251380 78 81 79.8
251760 77 81 79.2
251760 77 81 79.1
251800 78 81 79.2
251800 78 80 79.1
252070 78 80 79.3
252070 78 80 79.4
252120 78 80 79.4
252120 79 80 79.5
252570 78 81 79.2
252570 78 81 79.1
253270 77 81 79.4
253270 77 81 79.3
253510 77 81 79.1
253510 77 81 79.2
253620 77 80 78.9
253620 77 80 79
253860 77 80 79
253860 77 80 79.1
253950 77 81 78.9
253950 77 81 78.8
254100 78 81 79.2
254100 78 81 79.3
254170 78 81 79.3
254170 78 81 79.2
254190 78 81 79.1
254190 78 81 79
254310 77 81 79.1
254310 77 81 79
254820 75 81 78.6
254820 75 81 78.7
254890 75 81 78.8
254890 75 81 78.9
255270 78 81 79.4
255270 78 81 79.5
255480 77 81 79.2
255480 77 81 79.1
255740 77 81 79.2
255740 77 81 79.3
255800 75 81 79.1
255800 75 81 79.2
255920 76 81 79.4
255920 77 81 79.5
256430 74 81 78.7
256430 74 81 78.6
256620 74 80 78.1
256620 74 80 78
256660 75 80 78
256660 75 80 78.1
256760 76 80 78.2
256760 76 81 78.3
256880 75 81 78.1
256880 75 81 78.2
257060 76 81 78.8
257060 77 81 78.9
257190 76 81 79
257190 76 81 79.1
257300 76 81 79.1
257300 76 81 79.2
257620 77 81 79.8
257620 77 81 79.7
257900 76 81 78.9
257900 76 81 79
258320 74 81 78.7
258320 74 81 78.6
258440 73 81 78.9
258440 74 81 79
258490 74 81 78.8
258490 74 81 78.9
258590 76 81 79.2
258590 76 81 79.3
258790 77 81 79.2
258790 77 81 79.1
258900 77 80 78.7
258900 77 80 78.6
258920 77 80 78.6
258920 76 80 78.4
259000 77 80 78.7
259000 77 80 78.8
259010 77 80 78.8
259010 77 80 78.9
259610 79 81 79.9
259610 79 81 80
259820 79 81 80.2
259820 79 81 80.1
260270 78 81 79.7
260270 78 81 79.6
260370 78 81 79.4
260370 78 81 79.3
260450 78 81 79.5
260450 78 81 79.6
260830 77 81 78.4
260830 77 81 78.3
261320 77 81 79
261320 78 81 79.1
261350 77 81 78.8
261350 77 81 78.7
261440 77 81 78.5
261440 77 81 78.6
261680 76 81 78.3
261680 76 81 78.4
261880 76 81 78.3
261880 76 81 78.2
261890 76 81 78.2
261890 76 81 78.1
262330 78 81 79.1
262330 78 81 79
262730 77 81 79
262730 77 81 79.1
262780 76 81 79
262780 76 81 78.9
262880 77 80 79
262880 77 80 78.9
263210 77 81 79.6
263210 77 81 79.4
263240 77 81 79.3
263240 77 81 79.4
263260 77 81 79.5
263260 77 81 79.6
263530 77 81 79.3
263530 77 81 79.2
263810 77 81 79.5
263810 77 81 79.4
263850 78 81 79.5
263850 78 81 79.6
264160 76 81 79
264160 76 81 79.1
264280 76 81 79.2
264280 76 81 79.1
264630 75 81 79
264630 76 81 79.1
265300 73 81 78.9
265300 73 81 78.8
265580 76 81 78.8
265580 76 81 78.7
265590 76 81 78.7
265590 77 81 78.8
265690 77 81 78.7
265690 76 81 78.6
265800 75 81 78.5
265800 74 81 78.4
265850 73 81 78.3
265850 73 81 78.2
265970 73 81 78.2
265970 73 81 78.1
266000 73 81 78.3
266000 73 81 78.4
266360 76 81 79
266360 76 81 79.1
266420 77 80 79.1
266420 77 80 79
266500 77 81 78.7
266500 77 81 78.8
266570 77 81 78.6
266570 77 81 78.7
266810 76 81 78.8
266810 76 81 78.7
266820 76 81 78.8
266820 76 81 78.6
266890 76 81 78.7
266890 76 81 78.6
267010 76 81 78.2
267010 76 81 78.1
267030 75 81 78
267030 75 81 77.9
267050 75 81 77.9
267050 75 81 78
267190 75 80 78.1
267190 75 80 78.2
267250 75 80 78.3
267250 75 80 78.4
267380 77 80 78.6
267380 77 80 78.7
267750 78 80 79.1
267750 78 80 79.2
267950 78 81 79.4
267950 78 81 79.3
268050 76 81 79.1
268050 76 81 79.2
268060 76 81 79.2
268060 76 81 79.2
268630 77 81 79.3
268630 78 81 79.4
268670 78 81 79.4
268670 78 81 79.4
269000 76 81 79.1
269000 76 81 79
269240 74 81 78.8
269240 74 81 78.7
269420 77 81 79.1
269420 77 81 79
269490 77 81 79.2
269490 77 81 79.1
269540 77 81 79.1
269540 77 81 79
270040 76 81 79.2
270040 76 81 79.1
270210 76 81 79
270210 76 81 78.9
270220 76 81 78.9
270220 77 81 79
270380 78 81 79.4
270380 77 81 79.3
270530 77 81 79.7
270530 77 81 79.8
270600 77 81 79.8
270600 77 81 79.7
270640 77 81 79.5
270640 77 81 79.6
270780 76 81 79.4
270780 76 81 79.3
270950 77 81 79.1
270950 78 81 79.2
270960 78 81 79.2
270960 78 81 79.1
271040 77 81 78.9
271040 77 81 78.8
271060 77 81 78.8
271060 77 81 78.9
271150 77 80 78.8
271150 77 80 78.7
271170 77 80 79
271170 77 80 79.1
271190 77 80 79.1
271190 77 80 79
271540 77 80 78.6
271540 77 80 78.5
271740 74 80 78
271740 74 80 77.9
271850 74 80 78.2
271850 74 81 78.3
272050 76 80 78.5
272050 76 80 78.4
272310 77 80 78.6
272310 78 80 78.7
272490 78 80 78.8
272490 76 80 78.6
272560 76 80 78.4
272560 76 80 78.5
272620 77 81 78.9
272620 77 81 78.8
272770 77 80 78.7
272770 77 80 78.6
272860 77 81 78.8
272860 77 81 78.9
272900 77 81 78.8
272900 77 81 78.9
273000 77 81 79
273000 77 81 78.9
273080 77 81 78.9
273080 76 81 78.8
273090 76 81 78.8
273090 76 81 78.9
273100 76 81 78.8
273100 77 81 78.9
273230 77 81 79
273230 77 81 79.1
273340 77 81 79.1
273340 77 81 79.2
273470 76 81 79.1
273470 76 81 79
273500 77 81 79.1
273500 77 81 79
273900 77 81 78.8
273900 77 81 78.9
273910 78 81 79.1
273910 78 81 79
274040 78 81 79.2
274040 78 81 79.1
274070 78 81 79.2
274070 78 81 79.3
274100 78 81 79.4
274100 78 81 79.5
274170 77 81 79.4
274170 78 81 79.5
274240 78 81 79.4
274240 77 81 79.3
274920 77 81 79.5
274920 77 81 79.4
275420 76 81 78.7
275420 76 81 78.6
275640 76 81 78.4
275640 75 81 78.3
275680 75 81 78.4
275680 75 81 78.5
275790 73 80 78.2
275790 73 81 78.3
275880 75 81 78.7
275880 75 81 78.8
276130 74 79 78.4
276130 74 79 78.5
276270 75 81 78.7
276270 75 81 78.8
276320 75 80 78.7
276320 76 80 78.8
276410 77 80 78.6
276410 77 80 78.5
276430 76 80 78.4
276430 77 80 78.5
276580 76 80 78.3
276580 76 80 78.4
276780 76 81 78.3
276780 76 81 78.2
277090 76 80 78.5
277090 76 80 78.4
277110 76 80 78.4
277110 76 80 78.5
277250 77 81 79.1
277250 77 81 79
277450 77 81 78.9
277450 77 81 78.8
277700 74 81 78.7
277700 74 81 78.6
278030 76 81 79.2
278030 76 81 79.1
278220 78 81 79.5
278220 78 81 79.4
278530 78 80 79.2
278530 78 80 79.1
278730 77 81 79
278730 76 81 78.9
278740 76 81 78.9
278740 76 81 78.8
279500 77 81 79.1
279500 77 81 79
279560 77 81 79.1
279560 77 81 79.2
279670 78 81 79.3
279670 78 81 79.2
279820 77 81 79.1
279820 77 81 79
280110 76 81 78.9
280110 76 81 79
280700 76 80 78.7
280700 75 80 78.6
280990 76 80 78.2
280990 76 80 78.3
281120 77 81 78.8
281120 77 81 78.7
281250 76 81 78.9
281250 77 81 79
281470 78 81 79.5
281470 78 81 79.6
281610 78 81 79.9
281610 78 81 80
281840 79 81 80.1
281840 79 81 80.1
282130 77 81 79.6
282130 77 81 79.5
282200 77 81 79.5
282200 78 81 79.6
282850 79 80 79.6
282850 79 80 79.5
282940 79 80 79.6
282940 79 80 79.5
282980 79 80 79.6
282980 79 80 79.7
283160 78 81 79.8
283160 78 81 79.7
283420 75 81 79.6
283420 76 81 79.8
283570 76 81 79.6
283570 77 81 79.7
283680 77 81 79.6
283680 77 81 79.5
284010 75 81 79.1
284010 75 81 79
284240 77 80 78.7
284240 77 80 78.6
284290 77 80 78.5
284290 77 80 78.4
284450 74 81 78.3
284450 75 81 78.4
284480 76 81 78.5
284480 76 81 78.6
284580 76 81 78.3
284580 76 81 78.2
285010 75 80 78.1
285010 75 80 78.2
285210 75 81 78.5
285210 76 81 78.6
285450 77 81 79.5
285450 77 81 79.6
285460 78 81 79.7
285460 78 81 79.8
285530 78 81 79.5
285530 78 81 79.6
286050 76 81 78.8
286050 76 81 78.7
286160 75 80 78.7
286160 75 80 78.6
286240 77 81 79
286240 76 81 78.9
286300 77 81 78.8
286300 77 81 78.9
286750 77 81 79.6
286750 77 81 79.5
286760 77 81 79.6
286760 78 81 79.7
286870 76 81 79.4
286870 76 81 79.3
286970 77 81 79.5
286970 77 81 79.4
286990 77 81 79.5
286990 77 81 79.4
287300 78 81 79.7
287300 78 81 79.8
287530 78 81 80
287530 78 81 79.9
287570 78 81 80.1
287570 77 81 80
287850 76 81 79.2
287850 76 81 79
288000 77 81 78.9
288000 77 81 78.8
288050 78 81 79.3
288050 78 81 79.4
288130 78 81 79.6
288130 78 81 79.5
288220 77 81 79.4
288220 77 81 79.3
288350 77 81 79.4
288350 77 81 79.5
288570 77 81 78.9
288570 77 81 79
288820 77 81 79.2
288820 77 81 79.1
288850 77 81 79.2
288850 77 81 79.3
289070 77 81 80
289070 77 81 80.1
289160 78 81 80.1
289160 78 81 80
289270 79 81 80.1
289270 78 81 80
289310 78 81 80
289310 78 81 80.1
289400 79 81 79.9
289400 78 81 79.8
289590 77 81 79.1
289590 77 81 79
289970 78 81 79.5
289970 78 81 79.4
290640 78 81 79.6
290640 78 81 79.7
290650 78 81 79.8
290650 78 81 79.7
290770 77 81 79.5
290770 77 81 79.6
290850 78 81 79.9
290850 78 81 79.8
290890 78 81 79.8
290890 78 81 79.9
291210 78 81 79.6
291210 77 81 79.5
291230 79 81 79.7
291230 79 81 79.8
291390 78 81 79.6
291390 78 81 79.7
291500 77 81 79.6
291500 78 81 79.7
291660 77 81 79.6
291660 78 81 79.7
292200 77 80 78.7
292200 77 80 78.6
292360 77 80 78.3
292360 77 81 78.4
292460 76 81 78.8
292460 76 81 78.7
292620 74 81 78.5
292620 73 81 78.4
292640 73 81 78.5
292640 74 81 78.6
292830 75 81 78.8
292830 75 81 78.7
292930 75 81 78.7
292930 75 81 78.8
292940 75 81 78.9
292940 75 81 78.8
293480 76 81 78.6
293480 76 81 78.5
293650 76 80 79.1
293650 76 80 79
293760 77 81 79.4
293760 77 81 79.5
293980 77 80 79
293980 76 81 79
294000 77 81 79.2
294000 77 81 79.3
294330 78 81 79.5
294330 78 81 79.4
294550 78 81 79.5
294550 78 81 79.6
295300 78 81 79.4
295300 78 81 79.3
295320 78 81 79.3
295320 77 81 79.1
295570 75 80 78.8
295570 75 81 78.9
295620 76 81 79
295620 76 81 79.1
295730 77 81 79.6
295730 77 81 79.5
295810 77 81 79.4
295810 77 81 79.3
296370 77 79 78
296370 77 79 78.1
296650 77 80 78.8
296650 77 80 78.9
296910 77 81 78.6
296910 76 81 78.5
297050 76 81 78
297050 75 81 77.9
297380 76 80 78.7
297380 76 80 78.7
297550 78 81 79
297550 78 81 78.9
297820 76 81 79.1
297820 76 81 79
297980 76 81 79.3
297980 76 81 79.2
298100 75 81 78.8
298100 76 81 78.9
298220 74 81 79.1
298220 74 81 79
298410 74 81 78.8
298410 74 81 78.9
298490 77 81 78.9
298490 77 81 79
298500 77 81 79.1
298500 77 81 78.9
298650 77 80 78.7
298650 78 80 78.8
298710 78 80 78.9
298710 78 80 79
298780 78 80 79
298780 78 80 78.9
298820 78 80 78.9
298820 78 80 79
298890 77 80 78.7
298890 77 80 78.6
298910 77 80 78.9
298910 77 80 79
299130 77 80 78.7
299130 77 80 78.6
299330 78 81 78.9
299330 78 81 79
299430 78 81 79.2
299430 78 81 79.3
299500 78 81 79.6
299500 78 81 79.5
299740 77 81 79.5
299740 78 81 79.6
300000 76 81 79.5
300000 76 81 79.5
