0 0 0 0
4167 0 1 0.1
4169 0 2 0.2
4179 0 2 0.3
4181 0 3 0.4
4195 0 3 0.4
4208 0 3 0.5
4223 0 3 0.6
4227 0 3 0.7
4228 0 3 0.8
4234 0 3 0.9
4236 0 3 1
4237 0 3 1.1
4239 0 4 1.2
4240 0 4 1.3
4242 0 4 1.4
4244 0 4 1.5
4249 0 4 1.5
4251 0 4 1.6
4254 0 4 1.7
4255 0 4 1.7
4256 0 5 1.8
4258 0 5 1.9
4261 0 5 2
4265 0 5 2.1
4268 0 5 2.1
4274 0 5 2.2
4276 1 5 2.4
4277 1 5 2.5
4283 1 5 2.6
4293 1 6 2.8
4297 1 6 2.8
4299 1 6 2.8
4305 1 6 2.8
4307 1 6 2.9
4311 1 6 3
4312 1 6 3.1
4316 1 6 3.2
4319 1 6 3.2
4320 1 7 3.4
4323 1 7 3.5
4326 2 6 3.5
4328 2 7 3.7
4332 2 7 3.8
4333 2 7 3.9
4334 2 7 3.9
4338 2 7 3.9
4340 2 7 4
4343 2 7 4.1
4348 3 7 4.2
4349 3 7 4.2
4350 3 7 4.3
4351 2 7 4.2
4353 2 7 4.3
4354 2 7 4.3
4358 2 7 4.4
4361 2 7 4.4
4364 2 7 4.5
4367 2 7 4.6
4369 2 7 4.7
4370 3 7 5
4371 3 7 5.1
4372 3 7 5.2
4373 3 7 5.2
4375 3 7 5.2
4377 3 8 5.3
4378 3 8 5.4
4381 3 8 5.5
4383 3 8 5.5
4387 4 8 5.6
4389 4 8 5.7
4390 4 8 5.8
4391 4 9 5.9
4392 4 9 5.9
4393 4 9 6.1
4397 4 9 6.2
4399 4 9 6.2
4401 4 9 6.3
4403 4 9 6.4
4404 4 9 6.4
4407 4 9 6.4
4408 4 9 6.5
4409 4 9 6.5
4413 4 9 6.6
4416 4 9 6.6
4417 4 10 6.7
4418 5 10 6.8
4419 5 10 6.9
4421 5 10 7
4422 5 10 7.1
4427 5 10 7.2
4428 5 10 7.2
4429 5 10 7.3
4430 5 11 7.4
4431 5 10 7.3
4438 5 10 7.4
4442 5 10 7.5
4444 5 10 7.6
4446 5 11 7.7
4448 5 11 7.6
4451 5 11 7.7
4454 5 11 7.8
4455 5 11 7.8
4456 5 11 7.8
4458 5 11 7.9
4459 5 11 8
4462 5 11 8.2
4463 5 11 8.4
4464 5 11 8.6
4465 5 11 8.7
4466 5 11 8.7
4467 5 12 8.9
4471 5 13 9
4472 5 13 9.1
4476 5 13 9.2
4477 5 13 9.3
4479 5 13 9.4
4481 6 13 9.5
4482 6 13 9.6
4483 6 13 9.5
4484 7 13 9.7
4485 7 13 9.7
4488 7 14 9.8
4491 7 14 9.7
4492 7 14 9.8
4495 7 14 9.8
4497 7 14 9.8
4498 7 14 9.8
4499 7 14 9.7
4500 7 14 9.8
4501 7 14 10
4502 7 14 10.1
4505 7 14 10.2
4506 7 14 10.2
4507 7 14 10.3
4508 7 15 10.4
4509 7 15 10.5
4510 7 14 10.5
4511 7 14 10.6
4512 7 14 10.8
4513 7 14 10.9
4515 8 14 11
4520 8 14 11.1
4521 8 14 11.3
4522 8 15 11.4
4524 8 15 11.5
4526 8 15 11.5
4527 8 15 11.5
4528 8 15 11.4
4532 8 15 11.5
4534 8 15 11.6
4535 9 16 11.7
4537 9 16 11.8
4538 9 16 11.9
4539 9 16 11.8
4540 10 16 11.9
4541 10 16 12.1
4542 10 16 12.1
4545 10 16 12.2
4546 10 16 12.3
4548 10 16 12.3
4550 10 17 12.4
4551 10 17 12.5
4552 10 17 12.6
4554 10 17 12.7
4558 10 17 12.8
4559 10 17 12.8
4560 10 17 12.8
4561 10 17 12.9
4562 10 17 13
4563 10 16 12.9
4564 10 16 13
4565 10 16 12.9
4566 10 16 12.9
4568 10 16 12.9
4569 10 17 13.1
4570 10 18 13.2
4573 10 18 13.4
4574 10 18 13.4
4576 10 18 13.6
4578 10 18 13.6
4580 10 18 13.7
4581 10 18 13.9
4582 10 18 13.9
4583 10 18 13.9
4585 10 18 13.9
4586 10 18 13.9
4587 10 18 14
4588 10 18 14
4589 10 18 14
4590 10 18 14.1
4591 10 18 14.1
4592 10 18 14.1
4593 11 18 14.2
4595 11 18 14.3
4596 11 18 14.4
4597 11 18 14.5
4600 11 18 14.5
4601 11 18 14.6
4602 11 18 14.5
4603 11 18 14.7
4606 11 18 14.8
4607 11 18 14.8
4608 11 18 14.7
4609 11 19 15
4610 11 19 15
4611 11 19 15.1
4612 11 19 15.2
4614 11 19 15.2
4615 11 19 15.2
4616 11 19 15.3
4617 11 19 15.3
4618 11 19 15.4
4619 11 19 15.5
4620 11 19 15.5
4621 11 20 15.6
4622 11 20 15.6
4625 11 20 15.6
4626 11 20 15.7
4627 11 20 15.8
4629 11 20 15.7
4631 11 20 15.7
4632 11 20 15.9
4633 11 20 15.8
4635 11 20 15.9
4636 11 20 15.9
4637 11 20 16
4638 11 20 16
4639 11 20 16
4640 11 21 16.1
4641 11 21 16.1
4642 12 21 16.4
4643 12 21 16.4
4644 12 21 16.5
4645 12 20 16.4
4646 13 20 16.6
4648 13 20 16.7
4649 13 20 16.8
4650 13 20 16.8
4653 13 20 16.7
4654 13 20 16.9
4655 14 20 17
4656 14 20 16.9
4657 14 20 16.9
4658 14 20 16.9
4660 14 20 16.9
4661 14 20 17.1
4662 14 20 17.1
4664 14 20 17.1
4666 14 20 17
4667 14 20 17
4669 14 20 17.2
4670 14 20 17.4
4671 14 20 17.6
4672 14 21 17.7
4673 14 20 17.6
4676 14 20 17.7
4677 14 21 17.9
4680 15 21 18
4681 15 21 18.1
4682 15 21 18.2
4683 15 21 18.2
4684 15 21 18.1
4687 15 21 18.1
4688 14 21 18
4689 14 21 18.1
4691 14 21 18.2
4692 14 21 18.3
4694 14 21 18.2
4697 14 20 18.1
4698 14 20 18
4699 14 20 18.1
4700 14 20 18.1
4701 15 20 18.2
4702 15 20 18.2
4703 15 20 18.1
4706 15 21 18.3
4708 15 21 18.3
4709 16 21 18.5
4710 16 21 18.6
4712 16 21 18.7
4713 16 21 18.9
4714 16 21 18.6
4716 16 22 18.7
4718 16 22 18.8
4720 16 22 18.8
4721 16 22 18.8
4724 16 22 18.7
4725 15 22 18.6
4727 15 22 18.6
4728 15 22 18.7
4729 15 22 18.8
4733 15 22 18.9
4734 15 23 19
4735 16 23 19.1
4737 16 23 19.3
4738 16 23 19.4
4739 15 23 19.3
4740 15 23 19.1
4741 15 23 19.2
4742 15 23 19.3
4743 15 23 19.5
4744 15 23 19.5
4745 15 24 19.6
4746 16 24 19.8
4747 16 24 19.9
4748 16 24 19.9
4749 16 24 20
4750 16 24 20.2
4751 16 25 20.4
4754 16 25 20.6
4756 16 25 20.5
4757 16 26 20.6
4758 17 26 20.7
4759 17 26 20.8
4760 17 26 20.9
4761 17 25 20.9
4763 17 25 20.8
4764 17 25 20.7
4765 17 25 20.8
4766 18 25 21
4767 17 25 21
4769 17 25 20.9
4770 17 25 20.9
4771 17 25 20.9
4772 17 25 21
4773 17 25 21
4775 17 25 21.1
4777 17 25 21
4778 17 26 21.1
4779 18 26 21.3
4780 18 26 21.4
4781 18 26 21.6
4782 18 25 21.6
4784 17 25 21.6
4785 17 25 21.5
4786 17 25 21.5
4787 17 25 21.7
4788 17 25 21.7
4789 18 25 21.8
4791 18 25 22
4793 18 25 22.1
4794 19 25 22.2
4795 19 25 22.3
4796 19 26 22.5
4797 19 26 22.5
4799 20 26 22.6
4800 20 27 22.7
4802 20 27 22.8
4803 20 27 22.8
4804 20 27 22.8
4805 20 27 22.9
4806 20 27 22.9
4807 20 27 22.8
4808 20 27 22.7
4809 20 27 22.7
4810 20 27 22.8
4812 20 27 22.5
4813 19 27 22.6
4814 19 27 22.5
4818 19 27 22.5
4819 19 27 22.6
4820 19 27 22.5
4821 19 27 22.5
4822 19 28 22.6
4823 19 29 22.9
4824 19 29 22.9
4825 19 29 23.1
4826 19 29 23.1
4827 19 29 23.2
4828 19 29 23.2
4829 19 29 23.4
4831 19 29 23.5
4833 19 29 23.4
4835 19 29 23.4
4837 19 29 23.5
4840 19 29 23.3
4841 19 29 23.2
4842 19 29 23.2
4843 19 30 23.2
4844 19 30 23.3
4845 19 30 23.3
4846 19 30 23.3
4847 19 30 23.3
4848 19 30 23.4
4849 19 30 23.5
4850 19 30 23.4
4851 19 30 23.3
4852 19 30 23.5
4853 19 30 23.4
4854 19 30 23.5
4855 19 30 23.7
4856 19 30 23.7
4859 19 30 23.9
4861 19 29 23.8
4862 19 29 23.8
4864 19 30 24.1
4865 20 30 24.2
4866 20 30 24.1
4867 20 30 24.2
4868 20 30 24.2
4870 20 29 24.1
4871 20 29 24.1
4873 20 29 24.1
4874 20 29 24.1
4875 20 29 24.1
4876 20 29 24.1
4877 19 29 24.1
4878 19 29 24.1
4880 19 29 24.2
4881 19 29 24.1
4882 19 29 24.2
4884 19 29 24.2
4886 19 28 24.2
4890 19 28 24
4891 19 28 24
4892 19 28 24
4894 20 28 24.1
4895 20 28 24.3
4898 20 28 24.2
4899 20 28 24.3
4901 20 28 24.3
4903 20 28 24.3
4904 20 28 24.3
4905 20 28 24.3
4907 20 28 24.4
4908 21 28 24.5
4909 21 28 24.4
4910 21 28 24.4
4912 21 28 24.4
4913 21 27 24.2
4914 21 27 24.3
4917 21 27 24.4
4918 21 27 24.5
4919 21 27 24.6
4920 21 27 24.6
4922 21 27 24.6
4923 21 27 24.5
4924 21 27 24.6
4925 21 27 24.7
4926 21 27 24.8
4929 21 28 24.9
4930 21 28 24.9
4931 20 28 24.8
4932 20 28 24.8
4933 21 28 24.9
4934 21 28 24.9
4935 21 28 24.9
4936 21 29 25.1
4937 21 29 25.1
4939 21 29 25.1
4941 21 29 25
4943 21 29 25.4
4944 21 30 25.4
4945 21 30 25.4
4946 21 30 25.2
4947 21 30 25.3
4948 21 30 25.3
4949 21 31 25.3
4950 21 31 25.4
4951 21 31 25.4
4952 21 31 25.5
4953 21 31 25.6
4954 21 31 25.6
4956 22 31 25.7
4957 21 30 25.5
4958 21 30 25.7
4959 21 30 25.8
4960 21 30 25.7
4961 21 31 25.8
4962 22 31 25.9
4964 22 31 25.8
4966 22 31 25.8
4967 22 31 25.8
4968 22 31 25.9
4969 22 30 26
4970 23 30 26.1
4971 23 30 26.1
4972 23 30 26.2
4973 23 30 26
4974 23 30 26
4975 23 30 26
4977 23 30 26
4978 23 30 26
4980 23 30 26.1
4981 23 30 26
4984 22 30 26
4985 22 30 25.9
4986 21 30 25.8
4987 21 30 25.8
4989 21 29 25.7
4990 21 29 25.8
4992 21 29 25.8
4993 21 30 26
4994 21 30 26.2
4995 21 30 26.2
4996 21 30 26.3
4997 21 30 26.2
4998 20 30 26.3
4999 20 30 26
5000 20 30 26
5004 20 30 26
5005 21 30 26.1
5006 21 30 26.2
5007 21 29 26.1
5008 21 30 26.2
5009 21 30 26.3
5010 21 30 26.4
5012 21 30 26.5
5013 21 30 26.6
5014 21 30 26.4
5015 21 30 26.5
5016 20 30 26.5
5017 20 31 26.6
5018 20 31 26.6
5020 20 31 26.7
5021 20 31 26.8
5022 20 31 26.9
5025 20 32 27
5026 20 32 27.3
5027 20 32 27.4
5029 20 32 27.5
5030 20 31 27.3
5031 20 31 27.4
5032 21 31 27.5
5033 21 31 27.6
5034 21 31 27.6
5035 21 32 27.7
5036 21 32 27.8
5037 21 32 27.6
5038 21 32 27.4
5039 21 32 27.4
5040 21 31 27.3
5041 21 31 27.4
5042 21 31 27.4
5043 22 31 27.5
5044 22 31 27.5
5045 22 31 27.5
5046 22 32 27.7
5047 22 33 27.9
5048 22 32 27.9
5050 22 32 27.9
5051 22 32 27.8
5052 22 33 28
5053 22 33 28
5054 22 34 28
5055 22 34 28.1
5056 22 34 28.2
5057 22 34 28.1
5058 22 34 28.2
5059 22 33 28.3
5060 23 34 28.5
5061 24 34 28.6
5062 24 34 28.5
5063 24 34 28.6
5064 24 34 28.7
5065 24 34 28.8
5066 24 34 28.9
5067 24 34 28.9
5068 24 34 28.7
5069 24 35 28.8
5070 24 35 28.8
5071 24 35 28.8
5072 25 35 29.1
5073 25 35 29.1
5074 25 34 29
5076 25 34 28.9
5077 25 34 28.9
5079 25 34 28.9
5080 25 34 28.9
5081 25 33 28.8
5082 25 33 28.7
5083 25 33 28.8
5084 24 33 28.8
5085 24 33 28.8
5086 24 32 28.6
5087 24 32 28.5
5088 24 32 28.5
5089 24 32 28.5
5090 24 32 28.5
5091 24 32 28.4
5092 24 32 28.5
5093 24 32 28.5
5094 24 32 28.5
5095 24 32 28.6
5096 25 32 28.7
5097 25 32 28.7
5099 25 32 28.8
5100 25 32 28.8
5101 25 32 28.7
5103 25 32 29
5104 25 32 29
5105 26 32 29.3
5106 25 32 29
5107 25 32 28.9
5109 25 32 28.9
5111 25 32 28.9
5113 25 32 28.9
5115 25 34 29.1
5116 25 34 29.2
5119 25 34 29.3
5120 25 34 29.2
5121 24 34 29.2
5122 24 34 29.3
5125 24 35 29.4
5126 24 35 29.6
5127 24 35 29.7
5128 23 35 29.6
5130 24 35 29.6
5131 25 35 29.8
5132 25 35 29.8
5133 25 35 29.8
5134 25 35 29.8
5136 25 35 29.7
5137 25 35 29.8
5138 25 34 29.7
5139 25 34 29.6
5140 25 34 29.6
5141 25 33 29.6
5142 25 33 29.7
5144 25 33 29.6
5146 26 34 29.8
5147 26 34 29.6
5148 26 34 29.6
5149 26 34 29.8
5150 26 34 29.9
5151 26 34 30
5153 26 34 30.1
5154 26 34 30
5155 26 34 30.1
5156 26 34 30
5157 26 34 30.1
5158 25 34 30
5160 25 34 30.1
5161 25 34 30.1
5163 25 34 30.1
5164 25 34 30
5165 25 34 30
5166 25 34 29.9
5167 25 34 29.8
5168 25 34 29.9
5169 25 34 29.8
5170 25 34 29.8
5171 25 34 29.9
5172 26 35 29.9
5173 26 35 29.9
5174 25 35 29.8
5175 25 35 29.8
5177 25 36 30
5178 26 36 30
5180 26 36 30
5181 27 36 30.1
5182 27 36 30
5183 27 36 30.1
5185 27 36 30.3
5186 27 35 30.2
5187 26 35 30.2
5189 26 35 30.3
5191 26 35 30.4
5192 27 35 30.5
5193 27 35 30.6
5194 27 35 30.6
5195 27 34 30.5
5199 27 34 30.5
5200 27 34 30.6
5201 27 34 30.8
5202 28 34 30.9
5203 29 34 31
5205 28 34 31.1
5206 28 34 31.2
5207 28 35 31.2
5208 28 35 31.1
5209 28 35 31
5210 28 35 31.1
5211 28 35 31.2
5212 28 34 31.2
5213 28 35 31.2
5214 28 35 31.2
5215 28 35 31.2
5216 28 36 31.3
5217 28 36 31.3
5218 28 36 31.4
5219 28 36 31.5
5220 28 37 31.7
5222 28 37 31.7
5223 26 37 31.5
5224 26 37 31.5
5225 26 36 31.5
5226 26 37 31.5
5227 26 37 31.5
5228 25 37 31.1
5230 25 37 31
5231 25 37 31.1
5232 25 37 31
5233 25 37 31
5234 25 37 30.8
5235 25 37 30.9
5236 25 37 31.1
5238 25 37 31.1
5239 25 37 31
5240 25 37 31.1
5242 25 37 31.1
5243 25 37 31.2
5244 25 37 31.3
5246 25 37 31.4
5247 25 35 31
5248 25 35 31.1
5250 25 35 31.1
5251 26 35 31.2
5252 26 35 31.1
5253 26 35 31.1
5254 26 35 31.2
5255 26 35 31.1
5256 26 35 31.2
5257 26 35 31.1
5258 26 35 31.2
5259 26 35 31.1
5260 26 35 31.2
5261 26 35 31.2
5262 26 35 31.2
5263 26 35 31.3
5264 26 34 31.1
5265 27 34 31.2
5266 27 36 31.3
5267 27 37 31.4
5268 27 37 31.3
5270 27 37 31.3
5271 27 37 31.3
5272 27 38 31.4
5273 27 38 31.6
5274 27 38 31.5
5275 27 38 31.5
5276 27 38 31.6
5277 27 38 31.7
5278 27 38 31.7
5279 27 38 31.8
5280 27 39 32.1
5281 27 39 32
5282 27 39 31.9
5283 27 39 32.2
5284 27 39 32.2
5285 27 39 32.2
5287 27 39 32.2
5288 27 38 32.1
5289 27 37 32
5292 27 37 32
5293 27 36 31.9
5294 27 35 32
5295 27 35 31.9
5300 27 35 32
5301 27 36 32.1
5302 27 36 32.1
5303 27 36 32.2
5304 27 36 32
5305 27 36 32
5306 27 36 32.1
5307 27 36 32.1
5308 27 35 32
5310 28 35 32.2
5311 28 35 32.2
5313 28 35 32.4
5314 28 36 32.6
5315 28 36 32.5
5317 28 36 32.5
5318 28 36 32.6
5319 28 36 32.6
5320 28 36 32.7
5321 28 36 32.8
5322 28 36 32.6
5323 28 36 32.6
5324 28 36 32.5
5326 28 36 32.5
5329 28 36 32.3
5330 28 36 32.2
5331 28 36 32.1
5332 29 36 32.2
5333 29 35 31.9
5334 29 35 32.1
5335 29 35 32.3
5336 29 35 32.2
5338 29 35 32.3
5340 29 35 32.3
5342 29 35 32.4
5345 29 35 32.5
5346 29 35 32.4
5347 29 35 32.6
5348 29 35 32.6
5349 29 35 32.7
5350 29 35 32.7
5351 29 35 32.7
5352 29 36 32.8
5354 29 36 32.8
5355 28 36 32.7
5356 28 36 33
5357 28 36 33
5358 28 36 33.2
5359 28 36 33.3
5360 28 36 33.5
5361 28 36 33.5
5362 28 36 33.5
5363 28 36 33.4
5364 28 36 33.3
5365 28 37 33.4
5366 28 37 33.4
5367 29 37 33.5
5370 29 37 33.6
5371 29 37 33.7
5372 29 37 33.6
5373 29 38 33.8
5374 29 38 34
5375 29 39 34.2
5376 29 39 34.3
5377 29 39 34.3
5380 31 39 34.7
5381 31 39 34.7
5382 31 39 34.9
5383 31 39 35.1
5384 31 39 35.1
5385 31 39 35.2
5386 31 39 35.2
5387 31 39 35.1
5388 31 39 35
5389 31 39 35.1
5390 31 39 35.2
5391 31 40 35.4
5392 31 40 35.5
5393 31 39 35.4
5394 31 39 35.5
5395 31 39 35.4
5397 32 39 35.4
5398 33 39 35.5
5399 33 39 35.6
5401 33 39 35.6
5402 33 38 35.5
5403 33 37 35.3
5404 33 38 35.4
5405 33 38 35.3
5406 33 38 35.4
5407 32 39 35.3
5408 31 39 35.2
5409 31 39 35.3
5410 32 39 35.4
5411 32 39 35.4
5412 32 39 35.3
5413 32 39 35.3
5414 33 39 35.3
5415 33 39 35.4
5416 33 39 35.3
5417 33 39 35.2
5419 33 38 34.9
5420 32 38 34.8
5421 32 38 34.9
5422 32 37 34.9
5423 32 37 35
5424 33 37 35.1
5425 34 37 35.2
5426 34 37 35.3
5427 34 37 35.2
5428 34 37 35.3
5429 34 37 35.3
5430 34 38 35.4
5436 34 38 35.3
5437 33 38 35.5
5438 33 38 35.2
5439 33 38 35.1
5440 33 38 35.1
5441 33 38 35
5443 33 38 35
5445 33 39 35.1
5446 33 39 35.2
5447 33 39 35.3
5451 33 39 35.4
5454 33 39 35.6
5455 33 39 35.8
5457 33 39 35.8
5458 33 39 35.8
5462 33 39 35.8
5463 33 39 35.9
5464 33 39 35.9
5465 31 39 35.7
5466 32 39 35.8
5467 33 39 35.8
5468 33 39 35.9
5469 33 39 35.9
5472 33 38 35.9
5473 33 39 35.9
5474 33 39 36
5475 33 40 36.1
5479 33 40 36
5480 34 40 36.1
5481 34 40 36.3
5482 34 40 36.2
5485 34 40 36.3
5486 34 40 36.5
5487 34 39 36.5
5488 34 39 36.5
5489 34 39 36.4
5490 34 39 36.5
5491 34 39 36.4
5492 34 39 36.3
5493 33 39 36.2
5494 33 40 36.2
5496 33 40 36.1
5497 33 40 36
5498 33 40 35.9
5499 33 41 36
5500 33 41 36
5501 33 41 36
5503 33 41 35.9
5504 33 41 35.8
5506 33 41 35.9
5507 33 41 35.9
5508 33 40 35.8
5509 33 40 36
5510 33 41 36.1
5511 33 41 36.1
5512 33 41 36.2
5513 33 41 36.2
5514 34 41 36.4
5515 34 41 36.3
5516 34 40 36.2
5520 34 40 36.3
5521 34 39 36.3
5523 34 40 36.4
5525 34 40 36.5
5526 34 40 36.6
5527 33 40 36.6
5529 33 40 36.8
5530 32 40 36.5
5535 32 40 36.6
5536 32 40 36.4
5537 33 40 36.4
5538 33 40 36.4
5539 34 40 36.5
5541 34 40 36.5
5542 34 40 36.6
5546 34 40 36.5
5547 34 40 36.6
5551 34 39 36.4
5552 34 40 36.7
5553 35 40 36.9
5556 35 41 37
5557 35 41 37.1
5562 35 41 37.2
5563 35 41 37.1
5565 35 41 37.3
5566 34 41 37.2
5567 34 41 37.3
5568 34 41 37.1
5569 34 41 36.9
5573 34 41 37.1
5574 33 41 37.1
5575 33 41 37
5576 33 41 37.1
5578 33 41 37.2
5579 33 41 37
5580 33 41 37.1
5581 33 41 37
5582 33 41 37.1
5583 33 41 37.1
5584 33 41 37.1
5585 34 41 37.1
5586 34 41 37.2
5587 34 41 37.3
5588 34 41 37.3
5589 34 41 37.4
5590 34 41 37.4
5591 34 41 37.4
5592 34 41 37.6
5593 34 41 37.6
5594 34 41 37.7
5595 35 41 37.7
5599 35 42 37.8
5600 35 42 37.7
5601 35 42 37.7
5602 35 42 37.8
5603 35 42 37.9
5604 35 42 37.8
5605 35 42 37.9
5606 35 44 38.3
5607 34 44 38.3
5608 34 44 38.4
5609 34 44 38.6
5610 34 44 38.5
5613 34 44 38.6
5615 34 44 38.6
5616 35 44 38.8
5617 35 44 38.9
5619 35 44 39
5622 35 44 39
5624 35 44 38.9
5626 35 44 39
5627 35 44 38.9
5629 35 44 39
5630 35 44 39.1
5631 35 44 39.2
5632 35 44 39
5633 35 42 38.8
5634 35 42 38.5
5635 35 42 38.6
5636 36 42 38.7
5638 36 42 38.8
5639 36 42 38.9
5640 36 43 39.1
5641 36 43 39.2
5642 36 44 39.3
5643 36 44 39.3
5644 36 44 39.7
5645 36 45 39.8
5646 36 45 40.1
5647 36 45 40
5648 36 45 40.1
5650 36 45 40.2
5651 36 45 40.3
5652 36 45 40.3
5653 36 45 40.3
5654 36 47 40.4
5657 36 47 40.5
5658 36 47 40.6
5659 35 47 40.5
5661 36 47 40.5
5662 36 47 40.4
5663 36 47 40.5
5664 35 47 40.4
5665 35 47 40.5
5666 35 48 40.4
5667 35 48 40.2
5668 35 48 40
5671 35 48 40.1
5672 35 48 40.1
5673 35 47 40
5674 35 47 40
5675 35 47 40
5677 35 46 40
5678 35 46 40.1
5681 35 45 40
5682 36 44 40
5683 36 44 40
5685 37 44 40.3
5686 37 44 40.2
5688 37 44 40
5689 37 44 40.1
5690 37 44 40.2
5691 37 45 40.4
5692 34 44 40
5693 34 44 40.2
5694 34 44 40.1
5695 34 44 40.2
5697 35 44 40.3
5698 35 44 40.4
5701 35 45 40.5
5703 35 45 40.9
5704 35 46 41
5705 35 46 41
5706 35 46 41
5707 35 46 41.2
5709 35 46 41
5711 35 46 41
5712 35 46 40.9
5713 35 45 40.5
5714 35 45 40.4
5715 35 45 40.5
5716 35 45 40.6
5717 35 45 40.6
5719 35 45 40.5
5720 35 45 40.6
5721 35 45 40.4
5723 35 45 40.5
5724 36 45 40.6
5725 35 45 40.6
5726 35 45 40.7
5728 36 45 40.8
5729 36 45 40.7
5730 36 45 40.6
5731 36 45 40.5
5732 36 45 40.6
5733 35 45 40.4
5734 34 45 40.3
5735 34 45 40.4
5739 34 45 40.5
5740 35 45 40.6
5741 35 45 40.5
5743 35 45 40.5
5744 35 45 40.5
5745 35 45 40.4
5746 35 44 40.4
5747 35 44 40.3
5748 35 45 40.4
5749 35 45 40.5
5750 35 45 40.6
5752 35 45 40.6
5753 36 45 40.5
5754 37 44 40.6
5756 37 44 40.6
5758 37 44 40.6
5760 37 45 40.7
5762 37 47 40.9
5763 37 47 40.9
5765 37 47 41
5766 37 47 41.1
5767 37 47 41.2
5769 37 47 41.3
5770 37 47 41.2
5771 37 48 41.4
5772 37 47 41.5
5773 37 47 41.4
5775 37 47 41.5
5776 37 50 41.8
5777 37 50 41.9
5778 37 50 42
5779 37 50 42
5782 37 50 41.9
5783 37 49 41.8
5785 37 48 41.8
5787 38 48 42
5788 38 48 42.2
5789 38 48 42.1
5791 38 48 42.2
5794 38 48 42
5795 38 48 42.3
5796 38 47 42.2
5797 38 47 42.2
5798 38 48 42.3
5799 38 48 42.1
5800 38 48 42
5801 38 48 42.2
5803 38 47 42.3
5804 38 46 42.2
5805 38 47 42.2
5806 38 47 42.4
5807 38 47 42.4
5808 39 47 42.6
5809 39 48 42.8
5810 39 48 42.8
5812 39 48 42.9
5814 39 48 42.9
5815 39 48 43.1
5816 39 48 43.2
5817 39 48 43.2
5819 39 48 43.3
5820 39 48 43.4
5823 38 48 43.1
5824 38 48 43
5826 38 48 42.9
5827 38 49 43
5828 38 50 43.2
5829 39 50 43.4
5831 39 51 43.3
5833 38 51 43.1
5834 38 50 42.9
5836 38 48 42.7
5837 38 48 42.7
5838 38 48 42.7
5839 38 48 42.6
5842 38 49 42.8
5843 38 49 42.9
5844 38 49 43
5846 38 49 43.1
5849 38 48 43
5850 38 48 43
5851 38 48 43
5853 38 48 43.2
5854 38 48 43.3
5855 39 48 43.3
5858 39 48 43.5
5859 39 48 43.5
5861 39 49 43.6
5863 39 49 43.7
5864 39 49 43.8
5865 39 49 43.4
5866 39 49 43.3
5868 39 49 43.4
5870 39 49 43.5
5871 39 49 43.5
5873 39 49 43.5
5874 39 49 43.6
5875 39 49 43.7
5877 39 50 43.9
5878 39 50 43.8
5880 39 50 43.7
5881 39 50 43.6
5882 39 50 43.7
5883 39 50 43.8
5884 39 50 44
5885 39 51 44
5886 39 50 43.9
5887 39 50 44
5889 39 50 43.9
5890 39 50 43.8
5891 39 50 43.9
5893 39 50 44.1
5895 39 50 43.9
5896 39 50 43.9
5897 39 50 43.9
5898 39 50 44
5900 39 50 44
5901 39 50 44.2
5902 39 50 44.2
5903 39 50 44.2
5904 39 51 44.3
5905 39 51 44.3
5906 39 51 44.4
5908 39 51 44.5
5909 39 51 44.5
5910 39 51 44.6
5911 39 51 44.6
5912 39 51 44.7
5913 39 51 44.8
5914 39 50 44.5
5919 39 50 44.7
5920 39 50 44.5
5921 39 50 44.5
5923 40 50 44.7
5925 40 50 44.9
5926 40 50 44.9
5927 40 50 45
5928 40 50 45
5929 40 50 45
5930 40 50 44.9
5932 40 50 44.8
5933 41 50 44.9
5934 41 50 44.8
5935 41 50 44.9
5936 42 50 45
5939 41 50 44.8
5940 41 50 44.9
5941 41 50 45
5942 41 50 45.1
5943 41 51 45.2
5946 42 51 45.3
5947 42 51 45.4
5948 42 51 45.3
5949 42 51 45.3
5950 42 51 45.5
5951 42 51 45.4
5953 42 51 45.3
5955 42 51 45.4
5956 41 51 45.3
5957 41 51 45.3
5958 41 51 45.2
5959 41 51 45.1
5960 41 51 45.2
5962 41 51 45
5963 41 51 44.9
5964 41 51 45
5966 41 51 45.1
5967 41 51 45.1
5968 41 51 45
5970 41 51 44.9
5971 42 51 45.1
5972 42 51 45
5973 42 51 45.1
5974 42 52 45.2
5975 42 50 45.1
5976 42 52 45.4
5977 42 52 45.3
5978 41 52 45.1
5979 41 52 45.2
5980 41 52 45.3
5981 41 53 45.5
5983 41 52 45.4
5984 42 52 45.5
5985 42 52 45.5
5986 42 52 45.6
5987 42 53 45.6
5988 42 53 45.7
5989 42 53 45.8
5990 42 54 45.9
5992 42 54 46
5993 42 54 46.1
5994 42 54 45.8
5996 41 54 45.7
5997 41 54 45.9
5999 41 53 45.8
6000 41 53 45.8
6001 41 53 45.8
6003 41 51 45.4
6004 41 50 45.2
6005 41 50 45.1
6006 41 50 45.2
6007 41 50 45.2
6009 41 50 45.2
6010 41 50 45.1
6013 42 50 45.3
6014 42 50 45.5
6016 42 50 45.5
6018 42 50 45.5
6019 41 51 45.4
6020 41 51 45.4
6021 41 51 45.5
6022 41 51 45.4
6023 41 52 45.5
6024 42 52 45.6
6025 42 52 45.6
6027 42 52 45.5
6028 42 52 45.6
6029 42 52 45.7
6030 42 52 45.6
6031 42 52 45.7
6032 42 52 45.8
6033 42 52 45.8
6034 41 52 46
6035 41 52 46
6039 41 52 46.1
6040 41 52 46.2
6041 41 52 46.2
6042 41 52 46.3
6043 41 53 46.4
6044 41 53 46.5
6045 41 53 46.4
6046 41 53 46.6
6047 41 53 46.5
6048 41 53 46.5
6051 41 53 46.6
6052 41 53 46.6
6053 41 52 46.5
6055 42 52 46.6
6056 41 53 46.5
6057 41 53 46.5
6059 41 53 46.4
6060 41 54 46.6
6061 41 54 46.5
6062 41 54 46.5
6063 41 54 46.6
6064 40 54 46.5
6065 40 54 46.5
6068 40 54 46.2
6070 40 54 46
6071 40 54 46.2
6075 40 54 46.4
6076 40 53 46.4
6077 40 52 46.3
6078 40 52 46.4
6082 40 51 46.4
6083 40 51 46.3
6086 40 52 46.6
6088 40 52 46.6
6089 40 52 46.6
6090 40 50 46.4
6091 40 50 46.3
6096 40 50 46.3
6097 40 50 46.4
6098 40 51 46.5
6099 40 51 46.4
6100 40 51 46.5
6101 40 51 46.5
6102 40 51 46.6
6103 41 51 46.7
6104 41 51 46.6
6106 41 51 46.6
6108 41 51 46.7
6110 41 51 46.6
6111 41 51 46.7
6113 41 51 46.6
6114 41 51 46.7
6115 41 51 46.6
6116 41 50 46.7
6119 41 50 46.8
6120 41 50 46.7
6121 41 50 46.8
6124 41 50 46.8
6125 41 50 46.7
6126 41 50 46.7
6127 41 50 46.6
6130 41 50 46.4
6131 41 50 46.5
6132 41 51 46.6
6135 41 51 46.7
6136 41 51 46.7
6138 41 51 46.7
6139 41 51 46.8
6140 41 51 46.9
6141 41 50 46.9
6143 41 50 46.8
6145 42 50 47.1
6149 41 50 47.1
6151 39 50 46.9
6154 39 51 47
6158 39 51 47.1
6159 39 51 47
6160 39 52 47
6161 39 52 47
6162 39 52 47.1
6163 40 52 47.3
6166 41 52 47.5
6167 41 52 47.5
6168 41 52 47.4
6169 41 52 47.5
6171 42 52 47.6
6172 42 52 47.6
6173 42 52 47.8
6176 42 52 47.6
6177 42 52 47.5
6180 41 52 47.4
6183 41 52 47.5
6184 41 51 47.5
6185 42 51 47.6
6187 42 51 47.5
6188 42 51 47.3
6189 42 51 47.4
6190 42 51 47
6192 42 51 47
6193 41 53 47.1
6194 41 52 47.1
6195 41 51 47
6200 42 51 47.1
6201 42 51 47.3
6202 42 52 47.5
6205 42 52 47.3
6206 41 52 47.2
6209 41 52 47.3
6211 41 52 47.4
6212 42 52 47.6
6214 42 52 47.7
6215 42 52 47.8
6217 42 52 47.7
6220 43 52 47.8
6222 42 52 47.7
6223 41 52 47.5
6227 41 52 47.4
6228 41 52 47.3
6229 41 52 47.3
6230 41 52 47.2
6231 41 52 47.3
6232 41 52 47.5
6234 41 52 47.7
6235 42 52 47.9
6236 42 52 47.9
6237 42 52 47.8
6239 41 52 47.8
6240 41 52 47.9
6242 41 52 47.8
6247 41 52 47.9
6249 41 53 48
6250 41 53 48.3
6251 41 53 48.2
6252 41 54 48.3
6253 41 54 48.4
6257 41 54 48.5
6259 41 54 48.5
6260 41 54 48.3
6261 41 54 48.2
6262 41 54 48.1
6264 41 54 47.9
6265 41 54 48.1
6266 41 54 48.1
6267 41 54 48.2
6268 41 54 48.3
6269 41 54 48.2
6272 41 54 48.3
6273 41 54 48.4
6274 41 54 48.4
6276 41 54 48.4
6277 41 53 48.2
6278 41 53 48.1
6279 41 53 48.2
6280 41 53 48.1
6281 41 53 48.1
6282 41 53 48.3
6284 41 53 48.2
6285 42 53 48.4
6287 42 53 48.3
6290 42 53 48.5
6292 42 53 48.4
6294 42 53 48.3
6295 42 53 48.4
6297 41 53 48.4
6301 41 53 48.2
6304 41 53 48.1
6306 41 53 48.2
6307 41 53 48.1
6308 41 53 48.2
6309 41 53 48.1
6312 41 53 48.1
6314 41 53 48.1
6315 41 53 48.2
6316 42 53 48.2
6321 42 54 48.3
6322 42 54 48.4
6323 43 54 48.7
6331 43 54 48.8
6332 43 55 48.9
6333 43 55 49
6334 44 55 49.1
6336 44 56 49.2
6337 44 56 49.2
6338 43 56 49.1
6339 43 56 49.2
6340 43 56 49.3
6342 43 56 49.3
6343 43 57 49.4
6344 43 57 49.5
6345 43 57 49.4
6347 43 57 49.5
6349 43 57 49.6
6350 43 57 49.7
6351 44 57 49.7
6357 43 57 49.6
6358 43 57 49.6
6359 43 57 49.6
6361 43 57 49.6
6362 43 57 49.8
6363 43 57 49.9
6364 43 57 49.9
6365 43 56 49.8
6366 43 56 49.7
6367 45 56 49.7
6368 46 56 49.8
6369 45 56 49.7
6370 45 56 49.6
6371 45 55 49.5
6372 45 55 49.4
6373 45 55 49.3
6374 45 56 49.3
6378 43 56 49.1
6379 43 56 49.3
6380 43 56 49.1
6385 43 56 48.9
6386 43 56 48.7
6388 43 56 48.9
6389 43 56 49
6390 42 56 48.9
6391 42 56 49.1
6392 42 55 48.9
6393 42 55 49
6394 41 55 49
6395 40 55 48.9
6397 40 55 48.9
6398 40 55 49
6399 40 55 49.1
6400 40 54 48.9
6401 40 55 48.9
6403 41 55 49
6407 41 55 48.8
6409 41 55 49
6410 41 55 49.1
6411 41 55 49.2
6413 41 55 49.3
6414 41 56 49.6
6415 41 56 49.6
6417 41 56 49.5
6418 41 56 49.3
6419 41 56 49.6
6420 41 56 49.5
6421 42 56 49.6
6424 42 55 49.5
6426 42 55 49.4
6427 42 55 49.3
6428 42 55 49.4
6431 41 55 49.4
6433 41 55 49.4
6434 41 55 49.6
6435 41 55 49.5
6436 41 55 49.6
6437 41 55 49.4
6439 41 55 49.4
6441 41 55 49.3
6442 41 55 49.1
6443 41 55 49.4
6445 41 55 49.5
6446 41 55 49.5
6448 41 55 49.5
6453 41 55 49.5
6454 41 55 49.6
6456 41 55 49.6
6458 41 55 49.6
6459 41 55 49.5
6460 41 57 49.8
6461 41 57 49.7
6462 41 57 49.6
6463 41 57 49.5
6464 41 57 49.6
6465 41 57 49.7
6466 41 57 49.6
6467 41 57 49.5
6468 41 57 49.6
6469 41 57 49.5
6471 41 57 49.3
6473 41 57 49.3
6476 41 57 49.4
6477 41 57 49.5
6478 41 57 49.4
6479 41 57 49.5
6480 41 57 49.6
6481 41 57 49.6
6482 41 58 49.7
6483 41 58 49.8
6488 41 58 49.9
6490 42 58 50
6493 42 58 49.9
6496 42 58 50
6499 42 58 50.1
6500 42 58 50.3
6501 42 58 50.3
6503 42 58 50.3
6504 42 58 50.4
6506 42 58 50.5
6508 42 58 50.8
6509 42 58 50.9
6510 42 57 50.8
6512 41 58 51.1
6513 41 58 50.9
6515 41 58 50.7
6519 42 58 50.8
6520 42 58 50.7
6523 42 58 50.8
6524 42 57 50.7
6525 42 57 50.6
6526 42 57 50.7
6527 42 57 50.6
6528 42 57 50.4
6529 42 57 50.5
6530 42 57 50.6
6532 42 57 50.5
6533 42 57 50.4
6534 42 57 50.5
6535 42 57 50.4
6536 42 57 50.2
6540 42 57 50.2
6541 41 57 50.1
6546 41 57 50.1
6547 41 57 50.2
6549 42 57 50.3
6550 42 57 50.4
6554 42 57 50.2
6557 42 56 50.1
6561 42 56 50.1
6563 42 56 50
6564 42 56 50
6567 42 56 50.1
6568 42 56 50.2
6569 42 56 50.3
6570 42 56 50.5
6571 42 56 50.6
6573 43 56 50.8
6574 43 56 50.7
6575 43 56 50.7
6578 43 56 50.6
6579 43 56 50.7
6582 43 56 50.6
6583 43 57 50.8
6584 43 57 51
6585 43 57 51.1
6586 45 57 51.4
6591 45 57 51.2
6592 45 57 51.1
6595 45 57 51
6596 45 57 51.1
6597 45 57 50.9
6598 46 58 51.1
6600 46 58 51.2
6601 46 58 51
6602 46 58 51.1
6604 46 58 51.2
6605 46 58 51.4
6606 46 58 51.2
6607 46 58 51.1
6608 46 58 51.1
6610 46 58 51.1
6611 46 57 51
6612 46 56 50.9
6613 46 56 50.9
6614 46 56 51
6617 47 56 51.2
6619 47 56 51.1
6621 46 56 51.2
6622 46 56 51.3
6623 46 56 51.3
6624 46 56 51.4
6625 46 55 51.2
6627 47 55 51.5
6628 47 55 51.4
6629 46 55 51.3
6631 46 55 51.3
6632 46 55 51.2
6633 46 56 51.4
6634 46 56 51.5
6637 47 56 51.7
6638 47 56 51.7
6639 47 56 51.6
6642 47 56 51.7
6643 47 56 51.4
6646 46 56 51.3
6647 46 57 51.4
6648 46 57 51.3
6649 46 57 51.3
6650 45 57 51.2
6652 45 57 51.2
6653 45 57 51.3
6655 44 57 51.1
6657 44 57 51.2
6658 44 57 51.4
6660 43 57 51.4
6661 43 57 51.5
6662 43 57 51.7
6664 44 57 51.9
6665 42 57 51.3
6667 42 57 51.4
6668 43 57 51.5
6669 43 57 51.6
6670 43 57 51.7
6674 43 58 51.8
6677 43 58 51.9
6679 44 58 52.1
6680 45 58 52.4
6681 45 58 52.4
6684 45 58 52.4
6686 45 58 52.5
6688 45 58 52.8
6689 45 58 52.9
6691 44 58 52.6
6692 43 58 52.4
6693 43 58 52.3
6695 43 59 52.5
6696 43 59 52.5
6698 43 59 52.4
6701 43 60 52.5
6702 42 60 52.3
6706 42 60 52.4
6707 40 61 52.4
6708 38 59 51.9
6715 38 60 52
6716 38 60 52.1
6718 38 60 52
6720 38 60 52.1
6722 38 60 52.1
6723 38 60 52.2
6724 38 60 52
6728 39 60 52.2
6730 39 60 52.3
6731 39 60 52.1
6733 39 60 52.2
6734 39 60 52.2
6736 39 60 52.3
6738 39 59 52.2
6741 39 59 52.2
6742 39 60 52.3
6745 39 60 52.2
6747 39 60 52.3
6748 39 60 52.2
6751 39 60 52.1
6752 39 60 52.2
6754 39 60 52
6755 37 60 51.7
6756 37 60 51.6
6758 37 60 51.7
6759 37 60 51.8
6763 37 60 52
6767 37 60 52.1
6769 37 60 52.1
6772 37 60 52.3
6774 38 60 52.4
6775 38 60 52.3
6776 38 60 52.4
6780 38 60 52.6
6781 38 60 52.6
6784 38 61 52.8
6789 38 61 53
6794 39 61 53
6796 39 60 52.9
6797 39 60 53
6798 39 60 53.1
6799 39 60 53.1
6800 39 60 53
6801 38 60 52.9
6802 39 60 53
6803 39 61 53.1
6805 39 61 53.1
6807 40 61 53.2
6809 40 61 53.2
6810 41 61 53.4
6812 41 61 53.2
6814 41 61 53.4
6816 40 61 53.3
6817 40 61 53.4
6818 40 61 53.6
6819 41 61 53.7
6821 40 61 53.7
6824 41 61 53.8
6826 41 61 53.9
6828 41 61 54
6829 40 61 53.9
6830 40 61 54
6831 40 61 54
6832 40 61 53.9
6835 38 61 53.9
6836 38 62 54
6837 37 62 53.8
6839 37 62 53.6
6840 37 62 53.5
6842 37 62 53.5
6843 37 62 53.6
6846 37 62 53.7
6847 36 62 53.6
6848 36 62 53.4
6852 37 63 53.7
6853 37 64 53.8
6854 37 64 53.7
6856 37 64 53.8
6858 37 64 53.8
6861 37 64 53.9
6862 37 64 53.9
6863 37 63 53.8
6864 37 63 53.8
6865 37 63 53.9
6866 37 63 53.8
6868 37 63 53.6
6870 37 63 53.4
6871 38 63 53.5
6874 37 63 53.4
6878 37 63 53.4
6879 37 63 53.4
6880 37 62 53
6881 37 61 52.9
6883 37 61 52.9
6884 38 61 53
6889 38 61 52.9
6890 39 61 53
6891 39 62 53.1
6893 39 62 53.1
6894 39 62 53.3
6896 39 62 53.4
6898 39 62 53.5
6902 39 62 53.5
6905 39 62 53.7
6906 39 62 53.7
6910 39 62 53.8
6912 37 62 53.6
6913 38 62 53.7
6916 38 62 53.8
6919 38 62 53.8
6920 38 62 53.9
6921 38 62 54
6922 38 62 54
6923 38 62 54
6925 38 62 54.1
6926 38 62 54.5
6927 38 62 54.9
6928 38 62 55
6929 39 62 55.1
6930 39 62 54.9
6932 39 63 54.9
6933 39 63 54.8
6935 38 64 54.8
6938 38 64 54.9
6941 39 64 55.1
6942 38 64 55.1
6945 38 64 55.2
6946 38 65 55.3
6947 38 65 55.4
6948 38 65 55
6949 38 65 55.1
6950 38 65 55
6951 38 65 55.3
6952 38 65 55.3
6953 38 65 55.2
6954 38 65 54.9
6955 38 64 54.6
6957 37 64 54.6
6959 37 64 54.7
6960 37 65 54.9
6961 37 65 54.8
6962 37 65 54.7
6966 38 65 54.8
6968 38 65 54.9
6969 37 64 54.5
6970 37 64 54.4
6972 37 64 54.4
6973 37 63 54.3
6974 37 63 54.3
6975 38 63 54.4
6976 38 63 54.5
6977 38 63 54.3
6978 38 63 54.4
6979 38 63 54.2
6980 38 63 54.1
6981 38 63 54.1
6982 38 63 54.2
6985 38 63 54.1
6987 38 63 53.8
6988 38 63 53.9
6993 38 63 53.9
6995 38 63 54
6998 37 63 53.9
7000 37 63 53.7
7001 37 63 53.9
7003 38 63 54
7005 38 63 54.1
7009 38 63 54.2
7010 38 63 54.3
7016 38 63 54.2
7018 38 63 54.3
7019 38 63 54.4
7021 38 63 54.3
7022 38 63 54.2
7023 38 63 54.1
7026 38 63 54.1
7027 38 63 54.1
7029 38 63 54
7036 38 63 54.2
7037 38 63 54.2
7040 38 63 54.1
7042 38 63 54.2
7044 39 63 54.2
7046 39 63 54.1
7048 39 63 54.2
7049 37 63 54.2
7050 37 63 54.2
7051 38 63 54.4
7055 38 63 54.5
7059 38 64 54.6
7060 38 64 54.7
7063 38 64 54.8
7064 38 64 54.5
7065 38 64 54.5
7066 37 64 54.4
7067 37 64 54.4
7070 37 64 54.3
7072 37 64 54.4
7073 37 64 54.3
7074 37 64 54.4
7077 37 64 54.3
7078 37 64 54.4
7079 37 64 54.4
7084 37 64 54.4
7085 37 64 54.2
7086 37 63 54.2
7090 37 63 54.3
7092 37 63 54.4
7093 37 63 54.6
7094 38 63 54.6
7095 38 63 54.5
7096 38 63 54.7
7097 38 64 54.8
7099 38 64 54.9
7101 38 64 54.7
7104 38 64 54.8
7106 38 64 54.9
7108 38 64 54.8
7113 38 64 54.8
7114 38 64 55
7115 38 64 55.1
7117 38 64 55.2
7118 39 64 55.2
7120 39 64 55
7121 39 64 55.1
7122 39 64 55.1
7123 40 64 55.2
7124 40 64 55.1
7125 40 64 55.1
7126 40 64 55
7128 40 64 54.9
7129 40 64 55
7130 40 64 54.8
7134 40 64 54.9
7135 40 64 55
7136 40 64 55.1
7137 40 64 55.2
7141 40 64 55.3
7142 40 64 55.1
7143 40 64 55.2
7144 40 64 55.2
7145 38 64 55
7146 39 64 55.2
7147 39 64 55.3
7148 39 64 55.3
7149 39 64 55.2
7151 38 64 55.2
7152 38 64 55
7155 38 64 54.9
7156 38 64 54.7
7157 38 64 54.8
7160 38 64 54.9
7162 39 64 54.9
7163 39 64 54.8
7164 40 64 54.8
7165 40 64 54.8
7168 40 64 54.9
7169 40 64 54.8
7171 40 64 54.9
7172 40 64 55.1
7173 40 65 55.2
7174 40 65 55
7175 40 65 54.9
7177 40 65 54.8
7184 40 65 54.9
7186 39 65 54.9
7190 39 65 55
7192 39 65 55
7194 39 65 55.1
7195 39 65 55
7196 39 65 55.1
7198 39 65 55.2
7200 39 65 55.3
7201 39 65 55.1
7204 39 65 55.2
7206 39 65 55.3
7207 39 65 55.2
7211 39 65 55.1
7212 39 65 55.2
7214 40 65 55.2
7216 40 65 55.3
7220 40 65 55.4
7221 40 65 55.4
7224 40 65 55.3
7225 40 65 55.4
7226 40 65 55.4
7228 40 65 55.7
7229 41 65 55.7
7232 41 65 55.6
7235 41 65 55.5
7236 42 65 55.6
7237 41 65 55.5
7238 41 65 55.6
7240 41 65 55.7
7242 40 65 55.7
7247 40 65 55.8
7254 40 65 55.6
7255 40 65 55.7
7256 40 65 55.7
7257 40 65 55.7
7259 39 65 55.6
7262 39 65 55.7
7264 39 65 55.8
7265 39 65 55.9
7266 39 65 55.9
7268 39 65 55.8
7270 39 65 55.7
7273 39 65 55.6
7274 40 65 55.7
7276 40 66 55.8
7278 40 67 55.9
7283 40 67 55.7
7284 40 67 55.5
7285 40 67 55.7
7289 40 67 55.8
7292 40 67 55.7
7294 40 67 55.6
7295 40 67 55.7
7301 38 67 55.5
7302 38 67 55.7
7304 38 67 55.8
7305 38 67 55.9
7308 38 67 56
7313 38 67 55.9
7316 38 67 55.8
7317 38 67 55.9
7318 38 67 55.8
7319 38 68 56
7320 38 68 55.9
7321 38 68 55.8
7322 38 68 55.9
7323 38 68 56
7324 38 68 56.1
7325 38 68 56
7328 38 68 55.8
7329 38 68 55.7
7330 38 68 55.6
7331 38 69 55.7
7336 38 69 55.8
7338 39 69 56
7339 39 69 56.3
7341 40 69 56.3
7347 40 68 56.1
7348 40 68 56.2
7350 40 68 56.1
7351 40 68 56.3
7352 40 68 56.3
7353 41 68 56.4
7354 41 68 56.5
7357 41 68 56.7
7361 41 69 56.8
7362 41 69 56.8
7363 41 69 56.9
7364 41 69 56.8
7366 40 69 56.8
7367 40 69 56.8
7370 39 69 56.7
7371 39 69 56.8
7372 39 69 56.9
7373 39 69 56.9
7374 39 70 57.1
7375 39 70 56.7
7376 38 70 56.7
7378 39 70 56.8
7380 39 70 56.9
7381 39 70 57
7386 39 70 56.8
7387 39 70 56.7
7390 39 70 56.6
7391 39 70 56.7
7393 40 70 56.8
7394 40 70 56.7
7397 40 70 56.8
7400 40 70 56.5
7401 40 70 56.4
7403 40 70 56.3
7406 39 70 56.2
7408 40 70 56.2
7409 40 70 56
7410 40 70 55.8
7413 40 71 56
7414 40 71 56.1
7415 40 71 56
7416 40 71 55.9
7422 40 71 56
7427 40 72 56.1
7430 40 72 56.2
7431 40 72 56.3
7433 40 72 56.6
7436 41 72 56.7
7441 41 71 56.5
7442 41 71 56.4
7443 41 72 56.6
7448 41 72 56.7
7452 41 72 56.9
7457 41 72 56.9
7459 41 72 56.9
7461 41 72 56.7
7462 41 72 56.7
7465 41 72 56.6
7466 42 72 56.9
7467 42 72 57
7468 42 73 57.1
7471 42 73 57.1
7472 42 72 57
7474 43 72 57.1
7475 43 72 57.2
7476 44 72 57.2
7477 44 72 57.1
7478 44 72 57.2
7480 44 72 57.2
7485 44 72 57.2
7490 43 72 57.1
7492 43 72 57.2
7494 45 72 57.4
7495 44 71 57.2
7497 44 70 57.2
7498 43 71 57.2
7499 42 72 57.2
7501 42 72 57
7502 43 72 57.1
7505 43 72 57.2
7506 43 72 57.3
7508 43 72 57.4
7510 43 72 57.6
7511 43 72 57.7
7512 43 72 57.5
7514 43 72 57.6
7515 43 72 57.8
7517 43 72 57.9
7518 43 70 57.7
7520 43 70 57.7
7521 42 70 57.6
7523 42 70 57.6
7526 42 69 57.5
7527 42 69 57.6
7529 42 69 57.5
7530 42 69 57.6
7531 42 69 57.7
7532 42 69 57.6
7533 42 69 57.5
7534 42 69 57.4
7535 42 69 57.5
7537 42 69 57.4
7539 42 69 57.5
7543 42 69 57.6
7545 42 69 57.7
7550 42 70 57.8
7551 43 70 57.8
7553 43 70 57.9
7556 43 70 57.8
7557 43 70 57.9
7558 43 70 57.8
7559 44 70 57.6
7560 44 70 57.7
7562 45 70 57.7
7565 46 70 57.8
7566 46 70 57.8
7571 46 70 57.9
7572 46 70 57.7
7573 46 70 57.8
7575 46 70 57.9
7578 46 68 57.7
7579 48 68 57.9
7580 48 68 58
7581 48 68 58.1
7583 47 68 58
7584 48 68 58.1
7585 48 68 57.9
7586 47 68 57.8
7588 48 68 57.8
7590 48 68 57.9
7592 48 69 58
7593 47 69 57.7
7594 47 69 57.6
7596 47 69 57.5
7597 47 69 57.4
7598 48 69 57.5
7599 48 69 57.4
7600 48 69 57.6
7602 47 69 57.5
7603 47 69 57.3
7604 47 69 57.4
7607 46 69 57.3
7608 46 69 57.1
7609 46 69 57.1
7612 46 69 57.1
7613 46 69 57.2
7614 47 69 57.5
7616 46 69 57.2
7618 46 69 57.2
7620 46 68 57.1
7623 46 68 56.9
7626 46 68 57
7627 46 68 56.8
7628 46 68 57.1
7629 46 68 57.2
7630 47 68 57.3
7632 47 68 57.4
7633 47 68 57.5
7637 47 68 57.6
7639 46 68 57.5
7640 45 68 57.4
7641 45 68 57.5
7642 45 68 57.4
7645 45 68 57.2
7649 45 68 57.2
7652 45 68 57.3
7653 45 68 57.4
7654 45 68 57.5
7655 45 68 57.5
7656 45 68 57.4
7657 45 68 57.5
7660 45 68 57.6
7661 45 68 57.5
7662 45 68 57.4
7666 45 68 57.5
7676 44 68 57.5
7677 44 68 57.4
7678 44 68 57.2
7680 44 68 57.1
7681 44 68 57.3
7684 44 68 57.3
7685 44 68 57.2
7686 45 68 57.3
7687 45 68 57.4
7688 45 68 57.4
7689 45 68 57
7691 45 68 57.1
7696 45 68 57.2
7697 45 68 57.4
7701 45 69 57.5
7704 45 69 57.5
7707 45 69 57.6
7708 46 69 57.7
7709 46 69 57.7
7711 46 69 57.8
7713 44 69 57.6
7715 44 69 57.6
7719 44 69 57.5
7720 43 69 57.4
7724 43 69 57.3
7725 43 69 57.2
7726 44 69 57.3
7727 44 69 57.4
7728 44 69 57.5
7729 44 69 57.5
7731 44 69 57.7
7732 44 69 57.8
7735 44 69 57.7
7736 43 69 57.7
7737 42 69 57.6
7742 42 69 57.7
7743 42 69 57.6
7748 42 69 57.8
7749 41 69 57.7
7750 41 69 57.8
7751 41 69 57.9
7752 41 69 57.8
7754 42 69 57.9
7755 42 69 57.8
7757 42 69 57.9
7760 42 69 57.9
7762 42 69 58.1
7764 42 69 58.1
7765 42 69 58.2
7766 42 69 58.3
7767 42 69 58.2
7769 43 69 58.3
7771 43 69 58.2
7773 43 69 58.2
7776 43 69 58.1
7778 44 69 58.4
7779 44 69 58.6
7782 41 69 58.3
7783 41 69 58.4
7787 40 69 58.3
7788 40 69 58.3
7789 40 69 58.3
7790 41 69 58.3
7791 41 69 58.2
7796 41 69 58.3
7797 40 69 58.2
7801 40 69 58.2
7804 40 69 58.3
7806 42 69 58.6
7807 42 69 58.4
7808 42 69 58.5
7813 42 69 58.4
7817 43 69 58.5
7818 42 69 58.5
7821 42 69 58.6
7822 42 69 58.4
7826 42 69 58.5
7830 42 69 58.6
7832 42 69 58.5
7833 41 69 58.4
7837 41 69 58.5
7846 41 69 58.3
7847 40 69 58.2
7848 40 69 58
7851 41 69 58.1
7853 41 69 58.3
7854 41 69 58.1
7860 41 69 58.2
7865 41 69 58
7869 41 69 58.1
7870 41 69 58.3
7874 41 69 58.4
7875 40 69 58.3
7877 40 69 58.4
7879 40 69 58.4
7880 40 70 58.5
7882 40 70 58.4
7884 40 70 58.6
7885 40 70 58.7
7886 41 70 58.8
7889 41 70 58.7
7894 41 70 58.9
7895 42 70 59
7896 42 70 59
7897 42 70 58.8
7900 42 70 58.9
7902 42 70 59
7905 43 70 59.1
7906 43 70 59.2
7907 43 68 59
7912 43 68 58.9
7913 43 68 58.8
7914 43 68 58.8
7917 43 68 59
7918 44 68 59
7920 44 68 59.1
7921 44 68 59.1
7922 44 68 59.1
7924 44 68 59
7928 44 68 59
7929 44 68 58.9
7930 44 68 58.8
7932 44 68 58.9
7933 42 68 58.7
7937 42 68 58.8
7939 42 68 58.8
7940 42 68 58.9
7941 41 68 58.8
7942 42 68 58.9
7943 42 68 59.1
7944 42 68 59.2
7945 42 68 59.3
7946 42 68 59.2
7950 42 68 59.1
7952 42 68 58.9
7956 42 68 59
7960 42 68 59
7963 42 68 59.1
7965 42 69 59.2
7966 42 69 59.1
7967 42 69 58.9
7968 42 69 58.6
7969 43 69 58.7
7970 44 69 58.9
7971 44 69 58.6
7972 44 69 58.6
7979 44 69 58.8
7982 44 69 58.8
7983 45 69 58.9
7984 46 69 58.9
7985 46 69 59
7986 46 69 58.8
7987 46 69 58.9
7991 46 69 58.7
7993 46 68 58.6
7994 45 68 58.5
7997 46 68 58.7
7998 46 68 58.8
7999 46 68 59
8000 46 68 59.1
8002 47 68 59.2
8004 47 68 59.3
8005 47 68 59.4
8006 47 68 59.5
8007 47 68 59.6
8013 47 68 59.7
8014 47 68 59.6
8015 47 68 59.5
8018 47 68 59.6
8019 46 68 59.5
8020 46 68 59.6
8021 46 68 59.7
8022 46 68 59.5
8024 46 68 59.7
8025 45 68 59.6
8028 45 68 59.5
8029 46 68 59.6
8032 46 68 59.5
8034 46 68 59.5
8035 46 68 59.3
8036 46 68 59.4
8037 46 68 59.5
8038 46 68 59.6
8039 46 68 59.6
8040 46 68 59.7
8041 46 68 59.6
8048 46 68 59.7
8049 46 68 59.6
8052 46 68 59.5
8053 46 68 59.6
8055 46 68 59.5
8056 44 68 59.3
8061 44 69 59.5
8062 44 70 59.5
8063 44 70 59.4
8066 44 70 59.4
8073 44 70 59.2
8074 45 70 59.3
8075 45 71 59.4
8076 45 71 59.2
8081 45 71 59.4
8084 45 71 59.5
8088 45 71 59.3
8089 45 70 59.2
8091 45 70 59.3
8096 45 70 59.4
8097 46 70 59.5
8100 46 71 59.6
8104 46 71 59.9
8106 47 71 60
8107 48 71 60.2
8108 48 71 60.3
8113 48 71 60.2
8114 48 71 60.3
8118 48 71 60.4
8119 48 71 60
8120 48 71 60.1
8123 48 71 60.3
8124 48 71 60.2
8126 47 71 60.1
8127 47 71 60.1
8129 46 71 60
8131 46 71 59.8
8132 46 71 59.6
8134 46 71 59.7
8135 47 71 60.1
8136 47 71 60.3
8139 48 71 60.4
8142 47 71 60.3
8146 47 71 60.4
8147 47 71 60.3
8148 47 71 60.3
8150 47 71 60.4
8155 47 72 60.5
8157 47 72 60.6
8158 47 72 60.6
8160 47 72 60.7
8162 47 72 60.6
8163 47 72 60.3
8164 47 72 60.2
8165 47 72 60.3
8168 47 73 60.4
8174 48 73 60.5
8176 48 73 60.4
8178 48 73 60.2
8182 48 74 60.3
8185 48 74 60.2
8186 48 74 60.2
8188 48 74 60
8190 49 74 60.1
8193 49 74 60.2
8196 49 73 60.2
8198 48 73 60.1
8199 48 73 60.2
8200 48 73 60.4
8202 49 73 60.5
8203 49 73 60.6
8210 49 71 60.4
8213 49 71 60.5
8214 49 71 60.5
8215 49 71 60.4
8216 49 71 60.5
8217 49 71 60.6
8219 49 71 60.6
8220 50 71 60.6
8223 50 71 60.4
8224 50 71 60.2
8227 50 71 60.2
8228 50 71 60.1
8230 49 71 60
8231 49 71 60
8233 49 71 60.1
8235 49 71 60.2
8239 49 71 60.4
8241 49 71 60.5
8243 48 71 60.4
8244 48 71 60.3
8245 48 71 60.4
8246 48 71 60.5
8251 48 71 60.6
8255 48 71 60.5
8256 48 71 60.3
8258 48 71 60.4
8260 48 71 60.3
8262 48 71 60.2
8264 48 71 60.1
8266 48 71 60.2
8267 48 71 59.9
8269 48 71 60.1
8272 48 71 60
8273 48 71 60.1
8279 48 71 59.9
8282 48 71 60
8286 48 71 59.9
8299 49 71 60.2
8300 49 71 60.3
8302 49 71 60.4
8304 50 71 60.5
8305 50 72 60.6
8306 50 72 60.7
8309 50 72 60.8
8312 51 72 60.9
8314 51 72 61
8315 51 72 60.9
8318 53 72 61.1
8319 52 73 61.1
8323 52 73 61.2
8325 52 73 61.3
8326 52 73 61.1
8328 53 73 61.3
8329 53 73 61.3
8331 52 73 61.2
8332 52 73 61.4
8334 52 72 61.2
8336 52 72 61.2
8337 51 72 61
8338 51 72 61.1
8339 50 72 61
8340 49 72 60.9
8341 48 72 60.8
8347 48 70 60.6
8348 49 70 60.7
8351 49 70 60.5
8355 48 70 60.6
8356 48 70 60.5
8359 48 70 60.4
8366 48 70 60.3
8367 48 70 60.4
8369 48 70 60.5
8370 48 70 60.6
8374 48 72 60.8
8381 48 72 60.9
8382 49 72 61.1
8385 50 72 61.2
8388 50 73 61.3
8389 50 73 61.5
8393 50 73 61.7
8395 50 73 61.6
8396 50 73 61.9
8402 50 71 61.7
8405 50 71 61.8
8406 50 71 61.8
8408 49 71 61.7
8410 49 71 61.8
8411 49 71 61.9
8412 49 71 61.8
8414 50 71 61.9
8417 50 71 61.6
8419 50 71 61.4
8420 50 71 61.5
8421 50 71 61.5
8422 51 70 61.7
8424 51 70 61.6
8428 52 70 61.7
8429 52 70 61.7
8431 52 70 61.6
8434 52 70 61.5
8435 52 70 61.4
8436 52 70 61.5
8437 52 70 61.7
8438 52 70 61.6
8439 52 70 61.7
8441 51 70 61.6
8444 52 70 61.7
8446 52 70 61.8
8447 52 70 61.7
8448 52 70 61.8
8449 51 70 61.7
8450 50 70 61.4
8451 49 70 61.3
8452 49 70 61.4
8453 49 70 61.5
8457 49 70 61.6
8459 49 70 61.7
8460 49 70 61.6
8464 50 70 61.6
8465 50 70 61.8
8468 51 70 61.9
8471 51 70 61.8
8474 51 70 61.9
8475 51 70 61.6
8479 51 70 61.7
8480 51 70 61.6
8481 51 70 61.7
8482 51 70 61.4
8483 51 70 61.5
8485 51 70 61.4
8492 51 70 61.4
8493 51 70 61.3
8497 51 70 61.3
8507 51 70 61.4
8508 51 70 61.2
8509 51 70 61.1
8512 51 70 61.2
8518 52 70 61.3
8519 52 70 61.5
8520 52 70 61.5
8529 52 70 61.6
8533 51 70 61.6
8534 51 70 61.6
8535 50 70 61.6
8538 50 70 61.7
8540 50 70 61.6
8541 50 70 61.7
8542 50 70 61.8
8546 51 70 62
8547 51 70 61.8
8548 51 70 61.9
8552 52 70 62
8554 52 70 61.8
8557 52 70 61.7
8558 52 70 61.9
8561 52 70 62
8562 52 70 62.1
8564 51 70 61.9
8565 50 70 61.8
8566 50 71 61.8
8570 50 71 61.7
8574 50 71 61.8
8576 50 71 61.7
8583 50 71 61.8
8584 50 71 61.9
8586 50 71 61.8
8587 50 71 61.7
8588 51 71 61.9
8589 51 71 61.8
8590 51 71 61.8
8592 51 71 61.7
8595 51 71 61.6
8599 51 71 61.5
8600 51 71 61.6
8611 51 71 61.5
8613 51 71 61.4
8615 51 71 61.6
8616 50 71 61.6
8617 49 71 61.5
8620 50 71 61.6
8623 50 71 61.7
8624 50 72 61.7
8628 50 72 61.5
8630 50 72 61.6
8635 50 73 61.7
8636 50 73 61.8
8642 51 73 61.9
8645 51 73 62.2
8646 51 73 62.1
8647 50 73 62
8650 50 73 61.8
8652 50 73 61.9
8653 50 72 61.8
8656 51 72 62.1
8663 51 71 62.2
8664 51 71 62.4
8666 51 71 62.5
8668 51 71 62.6
8670 51 71 62.6
8671 51 71 62.9
8672 51 71 63
8673 51 71 62.9
8675 51 71 63
8676 50 71 62.9
8679 50 71 62.8
8684 50 71 62.6
8685 50 71 62.5
8691 50 71 62.4
8692 50 71 62.2
8694 50 71 62.3
8697 51 70 62.4
8698 51 70 62.5
8704 51 71 62.6
8707 51 71 62.8
8709 51 71 62.7
8712 51 71 63
8716 51 71 62.8
8718 51 72 62.9
8719 51 72 63.1
8721 51 72 63.3
8722 51 72 63.2
8725 49 72 63
8726 50 72 63.3
8728 51 72 63.4
8732 51 72 63.4
8735 51 72 63.2
8736 51 72 63.2
8740 51 72 62.9
8742 51 72 62.5
8743 52 72 62.6
8746 52 71 62.6
8747 52 71 62.5
8748 52 71 62.7
8749 52 71 62.6
8753 52 71 62.4
8754 51 71 62.4
8757 51 71 62.5
8759 51 71 62.3
8762 51 71 62.4
8763 51 71 62.5
8764 51 71 62.4
8765 52 71 62.5
8767 52 71 62.4
8768 52 71 62.5
8770 50 71 62.3
8774 50 71 62.2
8776 50 71 62.1
8777 50 71 62
8780 51 71 61.9
8781 51 71 62
8782 51 71 62.1
8786 51 71 62
8787 51 71 62.1
8789 50 71 62
8793 50 70 61.9
8796 50 70 62
8797 50 70 61.9
8810 50 70 61.8
8812 50 70 61.9
8815 50 70 61.8
8818 50 70 61.9
8819 50 70 62
8822 50 70 62.1
8823 50 70 62.2
8825 51 70 62.3
8828 51 70 62.4
8830 51 70 62.3
8831 51 70 62.4
8836 51 70 62.5
8837 51 70 62.6
8839 51 70 62.4
8840 51 70 62.5
8841 51 70 62.6
8845 51 70 62.7
8847 51 70 62.5
8851 51 70 62.6
8855 51 71 62.8
8856 51 71 62.5
8859 51 71 62.4
8860 51 71 62.2
8863 51 71 62.3
8864 51 71 62.4
8866 51 71 62.5
8867 51 71 62.6
8869 51 71 62.8
8872 51 71 62.7
8873 51 71 62.8
8875 52 71 62.9
8877 52 71 62.9
8879 52 71 63
8883 52 71 62.8
8884 52 70 62.7
8886 52 70 62.8
8888 52 70 62.9
8889 53 70 63.1
8890 53 71 63.3
8891 53 71 63.3
8892 53 71 63.2
8893 53 71 63
8895 51 70 62.6
8897 51 70 62.5
8898 51 70 62.4
8900 51 70 62.4
8901 51 70 62.5
8903 51 70 62.6
8906 51 70 62.5
8908 52 70 62.6
8911 52 70 62.7
8913 52 70 62.8
8915 52 71 62.7
8916 52 71 62.8
8917 52 71 62.9
8918 53 71 63.1
8921 54 71 63.2
8922 54 71 63.1
8923 54 71 63.1
8924 54 71 63.2
8930 54 72 63.3
8931 54 72 63.4
8936 53 72 63.3
8938 53 72 63.2
8941 53 72 63.1
8942 53 72 63.2
8944 53 72 63.1
8945 53 71 62.9
8946 52 71 62.9
8949 52 71 63
8950 52 71 63
8951 52 71 63.1
8952 52 70 62.9
8955 52 70 62.8
8957 52 70 62.9
8966 52 70 63.2
8971 52 70 63.3
8972 52 70 63.1
8974 52 70 63.2
8975 52 70 63.1
8977 52 70 63
8980 52 70 62.8
8981 52 70 62.9
8987 53 70 63
8988 53 70 63.1
8989 53 70 63
8990 54 70 63.1
8994 54 70 63.1
8995 54 70 63.1
9002 54 70 63.2
9006 54 70 63.3
9013 55 70 63.4
9015 53 70 63.3
9017 53 70 63.2
9019 53 72 63.4
9022 53 72 63.3
9023 53 72 63.5
9026 54 72 63.6
9028 55 72 63.7
9034 55 71 63.6
9037 55 71 63.7
9038 55 71 63.7
9041 55 70 63.6
9044 55 70 63.5
9048 55 70 63.4
9051 55 70 63.3
9052 55 70 63.4
9054 55 70 63.4
9055 56 70 63.6
9060 55 70 63.5
9062 55 70 63.7
9064 55 70 63.8
9065 55 70 63.7
9068 56 70 63.8
9071 56 70 63.8
9073 56 71 63.9
9074 56 71 64
9076 56 71 63.8
9077 57 71 63.9
9078 57 71 63.9
9082 57 71 64
9083 55 71 63.7
9084 55 71 63.6
9086 55 71 63.5
9090 55 71 63.4
9094 55 73 63.7
9095 54 73 63.6
9096 54 73 63.7
9098 54 73 63.8
9099 54 73 63.6
9101 54 73 63.6
9103 54 73 63.8
9105 54 73 63.6
9106 54 73 63.7
9109 55 73 63.7
9111 55 73 63.9
9122 55 73 63.8
9123 55 73 63.8
9124 55 73 63.9
9125 55 73 63.9
9126 55 73 63.7
9127 55 73 63.8
9130 55 73 63.9
9131 55 73 63.9
9132 55 73 63.9
9134 55 73 63.8
9137 55 73 63.8
9138 56 73 63.9
9139 56 73 63.8
9140 56 73 63.9
9144 56 73 64.1
9147 56 73 64
9150 56 73 63.9
9151 56 73 63.8
9152 56 73 63.7
9155 56 73 63.6
9157 56 73 63.5
9158 56 73 63.6
9160 56 73 63.5
9161 55 73 63.4
9162 55 73 63.5
9166 55 73 63.6
9172 55 73 63.4
9178 55 73 63.6
9179 56 73 63.9
9185 56 73 64
9186 56 73 63.9
9187 56 73 63.9
9193 56 73 64
9195 56 73 64
9202 56 73 64.1
9206 56 73 64.2
9207 55 73 63.9
9208 55 73 64
9212 55 73 63.9
9215 55 73 64
9216 55 73 64.1
9217 55 74 64.3
9220 55 74 64.3
9221 55 74 64.4
9225 56 74 64.5
9226 56 74 64.7
9230 56 74 64.7
9231 56 74 64.6
9234 56 74 64.6
9236 56 74 64.5
9237 56 74 64.6
9243 57 74 64.6
9244 56 74 64.3
9245 56 73 64.2
9248 55 73 64
9253 55 73 63.9
9255 55 73 63.8
9256 55 73 63.7
9261 54 73 63.8
9266 53 73 63.7
9268 53 73 63.8
9271 53 73 63.7
9273 53 73 63.8
9274 54 73 63.9
9276 54 73 64
9277 54 73 64.1
9278 54 73 64
9284 54 73 64
9286 54 73 64.1
9287 54 75 64.3
9289 54 75 64.1
9292 55 75 64.2
9297 55 75 64.3
9299 55 75 64.2
9301 55 76 64.1
9304 55 76 64
9308 55 76 64.1
9311 54 76 64
9312 54 76 63.9
9314 54 76 64
9316 54 75 63.8
9317 54 75 64.1
9320 54 75 64.2
9326 54 75 64
9329 54 74 63.9
9330 54 74 64
9332 55 74 64.1
9333 55 74 64.2
9339 55 74 64.1
9341 55 74 64
9343 53 74 63.9
9344 53 74 63.9
9345 53 74 64
9347 54 74 64.1
9356 53 74 63.9
9357 52 74 63.8
9358 52 74 63.7
9359 52 74 63.7
9363 52 74 63.9
9364 52 74 64.1
9368 52 74 64
9371 52 74 63.9
9374 52 74 63.8
9375 52 74 63.9
9377 52 74 64
9378 52 74 64.1
9384 52 74 64.2
9390 52 74 64.1
9391 52 74 64.2
9392 52 74 64.1
9398 52 74 63.9
9399 52 74 64
9400 53 74 64.1
9402 53 74 64.2
9403 53 74 64.1
9405 53 74 64.1
9408 53 74 64
9414 53 74 64.1
9415 53 74 64
9419 53 74 63.9
9420 53 74 63.8
9421 53 74 63.9
9422 54 74 64
9425 54 74 64
9427 54 74 64
9428 53 74 63.9
9429 53 74 63.9
9431 53 74 63.9
9432 53 74 64
9434 53 74 64
9437 53 74 63.9
9439 53 74 63.7
9442 53 74 63.8
9444 53 74 63.7
9450 53 74 63.8
9451 53 75 63.9
9454 53 75 64.1
9455 54 75 64.2
9458 54 75 64.1
9460 54 75 64
9463 55 75 64.1
9467 55 75 64.3
9474 55 75 64.5
9475 55 75 64.6
9480 55 75 64.7
9482 53 75 64.2
9487 53 75 64.2
9489 53 75 64.1
9492 53 76 64.2
9495 53 76 64.2
9497 53 76 64.1
9500 53 76 64.2
9501 53 76 64.4
9503 53 76 64.3
9507 53 76 64.3
9508 53 76 63.8
9515 53 76 63.7
9516 53 76 63.6
9519 53 76 63.7
9522 53 76 63.6
9535 53 76 63.7
9537 54 76 63.8
9545 55 76 63.9
9556 55 76 64.1
9559 55 76 64.2
9563 54 76 64.1
9565 54 76 64
9569 54 76 64.3
9574 54 76 64.2
9576 54 76 64.3
9578 54 76 64.4
9579 54 76 64.5
9580 54 76 64.4
9584 54 76 64.3
9587 54 76 64.4
9592 54 76 64.5
9594 55 76 64.6
9597 55 76 64.5
9602 55 77 64.6
9604 55 77 64.7
9605 55 77 64.8
9611 55 77 64.9
9615 55 77 64.7
9619 55 77 64.8
9620 55 77 64.8
9621 55 77 64.7
9622 55 77 64.6
9624 55 77 64.8
9627 55 77 65.1
9630 55 76 65
9639 55 76 64.9
9641 55 76 65
9645 52 76 64.9
9646 52 76 64.8
9647 52 76 64.8
9650 52 76 64.8
9652 52 76 64.6
9655 52 76 64.6
9659 52 76 64.7
9660 52 76 64.8
9664 53 76 64.9
9669 53 76 64.8
9670 53 77 64.8
9673 53 77 64.7
9674 53 77 64.8
9675 53 77 64.9
9676 52 77 64.7
9679 52 77 64.8
9684 52 77 64.6
9685 51 77 64.6
9686 51 77 64.7
9687 52 77 65
9688 52 77 64.9
9693 52 77 65
9694 52 77 65.1
9695 52 77 64.9
9696 52 77 65
9698 52 77 64.9
9704 52 78 65
9707 52 78 65.1
9709 52 78 65.3
9710 51 78 65.1
9711 51 78 65.2
9714 51 78 65.3
9715 50 78 65.1
9721 50 77 64.9
9724 50 77 64.9
9728 50 77 64.8
9735 50 77 64.7
9738 50 77 64.5
9744 50 77 64.4
9752 50 77 64.3
9756 50 77 64.4
9759 51 77 64.5
9761 51 77 64.6
9762 51 77 64.7
9774 52 77 64.8
9776 52 77 64.9
9781 53 77 65
9784 53 77 64.9
9786 53 77 64.9
9787 53 77 64.9
9789 53 77 64.8
9796 53 78 65
9797 52 78 65
9801 53 78 65.1
9802 54 78 65.2
9803 54 78 65.4
9804 54 78 65.4
9811 54 78 65.6
9814 55 78 65.7
9817 55 78 65.8
9818 55 78 65.8
9824 54 78 65.7
9828 53 78 65.6
9830 53 78 65.5
9831 53 77 65.3
9835 53 77 65.4
9837 53 77 65.4
9838 53 77 65.3
9839 52 77 65.2
9840 52 77 65.1
9841 51 77 65
9845 51 77 65.1
9848 51 77 65.1
9849 51 77 65.2
9852 51 77 65.5
9855 51 77 65.6
9858 51 77 65.7
9859 51 77 65.6
9861 51 77 65.7
9865 51 78 65.8
9866 51 78 65.9
9873 51 78 65.8
9875 51 78 65.9
9876 51 78 66
9877 51 78 65.9
9878 51 78 65.8
9879 51 78 65.7
9880 51 78 65.6
9882 51 78 65.7
9885 51 78 65.5
9886 51 78 65.5
9890 51 78 65.5
9892 51 78 65.6
9894 51 78 65.8
9899 51 78 66
9902 51 78 65.9
9906 53 78 66.1
9908 53 78 66.3
9913 53 78 66.4
9914 53 78 66.3
9920 53 78 66.4
9922 53 78 66.6
9927 53 78 66.4
9930 52 78 66.3
9931 52 78 66.2
9934 53 78 66.4
9935 52 78 66.3
9936 52 78 66.1
9938 52 78 66.2
9940 52 78 66.4
9943 52 78 66.5
9944 52 78 66.3
9947 53 78 66.4
9948 54 78 66.6
9949 54 78 66.4
9954 54 78 66.5
9957 54 78 66.4
9960 55 78 66.5
9961 55 78 66.3
9962 55 78 66.5
9965 56 78 66.6
9966 56 78 66.5
9968 56 78 66.3
9974 55 78 66.2
9975 56 78 66.3
9976 55 78 66
9981 55 78 66.1
9982 55 78 66.2
9983 54 78 66.1
9985 54 78 66
9988 52 79 65.9
9995 51 79 66
9998 51 79 66.1
10003 49 79 66
10004 49 79 66.1
10005 49 79 66.2
10006 51 79 66.4
10009 51 79 66.4
10017 51 78 66.3
10019 51 78 66.4
10022 51 78 66.5
10023 51 78 66.6
10024 51 78 66.5
10026 51 78 66.4
10031 51 78 66.5
10032 51 78 66.4
10034 53 78 66.6
10037 53 78 66.5
10044 53 78 66.7
10049 53 78 66.8
10051 53 78 66.9
10053 53 78 67.1
10054 53 78 67.1
10055 53 78 67
10057 53 78 66.9
10059 53 78 67.1
10064 53 78 67.2
10065 53 78 67.4
10068 52 78 67.3
10071 52 78 67.4
10072 55 78 67.8
10082 55 78 67.6
10084 55 78 67.5
10086 55 78 67.6
10088 55 78 67.6
10092 55 78 67.5
10096 55 78 67.6
10097 55 78 67.5
10100 54 78 67.4
10110 54 78 67.3
10111 54 78 67.2
10112 54 78 67.3
10114 54 78 67.2
10118 54 78 67.3
10119 54 78 67.5
10124 54 78 67.4
10127 55 78 67.5
10128 55 78 67.7
10130 56 78 67.8
10133 56 78 67.7
10136 56 78 67.6
10142 56 78 67.7
10144 56 78 67.8
10146 56 78 68
10147 56 78 67.9
10149 56 78 68
10155 57 78 68.1
10156 57 78 68
10157 57 78 68
10159 57 78 68
10160 55 78 67.8
10163 55 78 67.9
10167 55 78 67.9
10169 55 78 67.8
10171 55 78 67.7
10172 55 78 67.6
10174 55 78 67.8
10181 54 78 67.7
10182 55 78 67.9
10188 55 78 68
10192 55 78 68
10194 55 78 67.9
10198 55 78 67.8
10209 56 78 67.9
10210 55 78 67.8
10216 55 78 67.7
10218 55 78 67.5
10223 56 78 67.6
10226 57 78 67.7
10229 57 78 67.9
10237 57 78 68
10238 57 78 68.1
10243 56 78 68
10245 56 78 68.1
10250 56 78 68.2
10253 55 78 68.1
10254 55 78 68.2
10257 55 78 68.1
10259 55 78 68.2
10263 55 78 68.3
10269 55 78 68.2
10270 55 78 68.3
10277 55 78 68
10280 55 78 67.9
10284 55 78 67.8
10287 55 78 67.7
10297 55 78 67.8
10298 55 78 67.7
10300 55 78 67.8
10305 55 78 67.9
10312 55 78 67.8
10314 55 78 67.9
10316 55 78 68
10332 55 78 67.9
10341 55 78 68
10342 55 78 68.1
10344 55 78 67.9
10346 55 78 68
10347 55 78 68.1
10355 55 78 68.2
10361 55 78 68.3
10363 56 78 68.4
10370 56 78 68.5
10374 56 78 68.5
10375 56 78 68.5
10380 56 78 68.6
10382 56 78 68.5
10389 56 78 68.5
10393 56 78 68.6
10398 56 78 68.5
10400 56 78 68.5
10408 56 78 68.4
10416 56 78 68.5
10417 56 78 68.3
10422 56 78 68.3
10427 56 79 68.4
10432 57 79 68.5
10433 58 79 68.6
10442 59 79 68.7
10443 59 79 68.9
10444 59 79 68.8
10446 59 79 68.9
10449 59 79 69
10452 59 79 69.1
10453 59 79 69.2
10455 57 79 69
10456 57 79 68.9
10457 57 79 69
10462 57 79 69.1
10465 57 79 69
10467 57 79 68.8
10469 57 79 68.9
10470 56 79 68.7
10471 56 79 68.8
10474 56 79 68.7
10476 56 79 68.6
10478 56 79 68.4
10482 56 80 68.5
10489 56 80 68.6
10491 56 80 68.7
10492 56 80 68.8
10497 56 80 68.7
10498 56 80 68.6
10499 56 80 68.7
10502 56 80 68.6
10504 56 80 68.9
10510 56 79 68.8
10511 56 79 68.9
10516 56 79 69
10517 56 79 68.8
10518 56 79 68.7
10520 56 79 68.6
10525 56 79 68.7
10526 56 79 68.6
10531 56 79 68.8
10539 58 79 69
10540 58 79 69.2
10542 59 79 69.3
10545 59 79 69.5
10547 59 79 69.6
10559 59 79 69.7
10562 58 79 69.6
10563 58 79 69.6
10565 58 79 69.4
10566 58 79 69.5
10570 58 79 69.7
10573 58 79 69.7
10576 58 79 69.7
10577 58 79 69.8
10580 59 79 69.9
10586 59 79 69.8
10592 60 79 69.9
10593 62 79 69.8
10594 62 79 70
10597 63 79 70.2
10600 64 79 70.4
10603 63 79 70.3
10607 63 79 70.4
10613 63 79 70.5
10614 63 79 70.6
10618 63 79 70.7
10621 60 79 70.5
10622 60 79 70.6
10623 60 79 70.5
10625 59 79 70.3
10627 59 79 70.2
10628 59 79 70.1
10633 60 79 70.2
10635 60 79 70.3
10642 60 79 70.2
10650 60 79 70.1
10652 60 79 70.2
10654 60 79 70.3
10655 60 79 70.4
10656 60 79 70.2
10659 60 79 70.3
10661 59 79 70.2
10662 60 79 70.3
10668 60 79 70.4
10675 60 79 70.4
10680 60 79 70.4
10684 60 79 70.5
10689 61 79 70.6
10690 60 79 70.5
10695 60 79 70.6
10702 60 80 70.7
10703 61 80 70.8
10704 61 80 70.9
10707 62 80 71
10709 62 80 71.1
10712 62 80 71
10716 62 80 70.9
10717 63 80 70.9
10723 63 80 71
10726 63 80 71.1
10728 63 80 71
10730 62 80 70.9
10731 60 80 70.8
10732 60 80 70.7
10740 60 80 70.6
10743 60 81 70.7
10748 60 81 70.8
10749 60 81 70.8
10751 60 81 70.8
10752 60 81 70.7
10759 60 81 70.8
10761 61 81 70.9
10767 62 81 71
10771 62 81 70.8
10772 63 81 70.9
10773 63 81 71
10774 63 81 70.9
10782 63 81 70.8
10792 63 81 71.1
10793 63 81 71
10795 63 81 71
10796 63 81 70.9
10798 63 81 70.7
10800 62 81 70.7
10803 62 81 70.9
10805 62 81 71
10806 62 81 71.1
10808 62 81 71.2
10813 62 81 71.3
10820 62 81 71.5
10822 62 81 71.6
10825 63 81 71.7
10826 63 81 71.3
10827 64 81 71.4
10828 64 81 71.5
10832 64 81 71.4
10833 64 81 71.3
10836 64 81 71.2
10841 65 81 71.3
10842 65 81 71.5
10843 65 81 71.4
10847 65 81 71.5
10848 65 81 71.4
10850 65 81 71.3
10854 65 81 71.4
10864 65 81 71.5
10869 65 81 71.4
10870 65 81 71.3
10876 65 81 71.4
10886 65 81 71.5
10891 65 81 71.4
10902 65 81 71.6
10927 65 81 71.7
10930 65 81 71.7
10936 65 81 71.6
10949 65 81 71.7
10950 65 81 71.6
10952 66 81 71.7
10965 66 81 71.8
10969 66 81 71.9
10977 64 81 71.7
10979 64 81 71.6
10980 64 81 71.5
10989 64 81 71.4
10993 64 81 71.5
10994 64 81 71.6
10998 65 81 71.7
11006 65 81 71.6
11007 65 81 71.7
11009 65 81 71.8
11014 65 81 71.9
11016 65 81 71.8
11023 65 81 71.9
11027 64 81 71.8
11030 64 81 71.8
11032 64 81 71.6
11034 64 81 72
11037 64 81 72.1
11042 64 81 72.2
11044 64 81 72.3
11046 64 81 72.2
11048 64 81 72.4
11050 64 81 72.5
11062 64 81 72.2
11064 64 81 72.1
11066 64 81 72.2
11067 64 81 72
11069 64 81 72
11071 64 81 71.9
11074 64 81 72
11075 64 81 72.2
11076 64 81 72.1
11080 65 81 72.2
11088 65 81 72.1
11089 65 81 72.2
11094 65 81 72.3
11097 65 81 72.4
11098 65 81 72.3
11101 65 81 72.5
11102 65 81 72.6
11103 65 81 72.4
11111 65 81 72.5
11115 65 81 72.6
11117 65 81 72.5
11119 65 81 72.6
11121 66 81 72.7
11131 66 81 72.6
11140 64 81 72.4
11144 64 81 72.5
11146 64 81 72.6
11150 64 81 72.5
11170 64 81 72.4
11172 64 81 72.3
11173 64 81 72.2
11177 64 81 72.3
11179 64 81 72.4
11189 64 81 72.3
11194 64 81 72.2
11197 64 81 72.1
11198 64 81 72.2
11207 64 81 72.1
11213 64 81 72.2
11226 64 81 72
11229 65 81 72.1
11232 65 81 72.3
11238 66 81 72.4
11257 64 81 72.2
11266 63 81 72.1
11268 63 81 72.2
11279 63 81 72.1
11281 63 81 72.2
11284 64 81 72.3
11289 64 81 72.4
11293 64 81 72.2
11295 64 81 72.3
11312 63 81 72.2
11314 63 81 72.3
11316 63 81 72.4
11330 63 81 72.5
11342 63 81 72.7
11344 63 81 72.6
11358 63 81 72.5
11359 63 81 72.4
11369 63 81 72.4
11371 63 81 72.5
11372 63 81 72.3
11382 63 81 72.4
11387 63 81 72.5
11398 63 81 72.6
11403 63 81 72.7
11410 63 81 72.7
11419 63 81 72.8
11420 63 81 72.9
11424 63 81 73
11431 63 81 72.9
11437 63 81 73
11446 63 81 73.1
11450 63 81 73.2
11452 63 81 73.1
11453 63 81 73
11462 64 81 73.1
11474 64 81 73.2
11476 65 81 73.3
11478 65 81 73.3
11481 65 81 73.2
11486 65 81 73.3
11488 65 81 73.4
11490 64 81 73.3
11495 64 81 73.4
11501 64 81 73.3
11503 65 81 73.4
11504 64 81 73.3
11506 64 81 73.4
11507 64 81 73.3
11514 64 81 73.4
11515 64 81 73.2
11517 65 81 73.3
11522 65 81 73.4
11523 65 81 73.2
11527 64 81 73.2
11532 64 81 73.3
11534 64 81 73.4
11536 64 81 73.5
11538 63 81 73.4
11541 61 81 73.2
11546 61 81 73.3
11550 61 81 73.2
11560 61 81 73.3
11568 61 81 73.1
11570 61 81 73.1
11575 61 81 73
11577 61 81 72.9
11585 63 81 73.1
11589 63 81 73.3
11609 62 81 73.2
11611 62 81 73.3
11613 64 81 73.5
11614 64 81 73.5
11616 64 81 73.6
11623 64 81 73.5
11625 64 81 73.6
11630 64 81 73.7
11632 64 81 73.8
11636 63 81 73.7
11637 62 81 73.6
11644 62 81 73.7
11652 62 81 73.8
11655 63 81 73.9
11657 63 81 74
11658 63 81 73.8
11666 63 81 73.9
11678 62 81 73.8
11684 62 81 73.9
11687 62 81 74
11688 62 81 73.9
11691 62 81 73.7
11698 62 81 73.8
11710 62 81 73.9
11721 62 81 74
11748 62 81 74.1
11778 63 81 74.2
11783 63 81 74.3
11788 63 81 74.4
11794 63 81 74.6
11797 63 81 74.7
11801 62 81 74.6
11806 62 81 74.6
11819 64 81 74.8
11822 64 81 74.9
11824 64 81 75
11825 64 81 74.8
11830 63 81 74.8
11833 63 81 74.9
11843 62 81 74.8
11847 62 81 74.8
11852 62 81 74.8
11858 62 81 74.6
11872 62 81 74.7
11877 62 81 74.8
11880 62 81 74.7
11891 62 81 74.9
11899 62 81 75
11903 62 81 75.1
11913 62 81 75.2
11919 62 81 75.1
11926 62 81 75.2
11927 62 81 75.2
11932 62 81 75.1
11941 62 81 75
11942 64 81 75.2
11954 64 81 75.3
11959 64 81 75.4
11960 64 81 75.5
11968 64 81 75.6
11973 64 81 75.7
12000 64 81 75.8
12003 64 81 75.9
12009 64 81 76
12015 64 81 76.1
12023 64 81 76.2
12030 64 81 76.3
12031 64 81 76.2
12049 64 81 76.3
12050 64 81 76.2
12053 65 81 76.3
12058 65 81 76.2
12060 65 81 76.2
12064 65 81 76.3
12067 66 81 76.4
12077 66 81 76.3
12078 66 81 76.4
12080 68 81 76.6
12083 68 81 76.7
12088 67 81 76.6
12091 66 81 76.6
12099 66 81 76.7
12105 66 81 76.5
12108 65 81 76.4
12111 65 81 76.3
12127 65 81 76.4
12128 63 81 76.2
12133 63 81 76.1
12154 63 81 76.1
12163 64 81 76.2
12176 65 81 76.3
12179 65 81 76.5
12186 63 81 76.3
12204 62 81 76.2
12215 62 81 76.3
12220 62 81 76.4
12223 62 81 76.6
12233 62 81 76.7
12236 62 81 76.8
12245 64 81 77
12250 64 81 76.9
12251 64 81 76.7
12257 64 81 76.8
12268 63 81 76.7
12269 62 81 76.6
12272 63 81 76.7
12279 64 81 76.8
12289 64 81 76.9
12296 63 81 76.8
12298 63 81 76.9
12308 62 81 76.8
12327 63 81 76.9
12351 62 81 76.8
12356 62 81 76.9
12360 62 81 77
12387 62 81 77.1
12394 62 81 77.2
12468 62 81 77.3
12470 62 81 77.4
12478 63 81 77.5
12481 63 81 77.6
12484 63 81 77.8
12498 63 81 77.7
12502 62 81 77.6
12506 62 81 77.6
12512 62 81 77.4
12517 62 81 77.3
12520 64 81 77.5
12529 63 81 77.4
12531 63 81 77.5
12534 64 81 77.6
12543 63 81 77.5
12546 62 81 77.4
12547 63 81 77.5
12552 63 81 77.7
12554 61 81 77.5
12561 62 81 77.6
12574 63 81 77.7
12580 63 81 77.8
12581 63 81 77.7
12585 63 81 77.8
12594 63 81 77.9
12598 62 81 77.8
12602 63 81 77.9
12608 63 81 77.8
12622 63 81 77.5
12635 63 81 77.7
12636 64 81 77.8
12641 64 81 77.9
12643 65 81 78
12663 65 81 77.9
12664 64 81 77.8
12665 63 81 77.7
12684 64 81 77.8
12690 64 81 77.7
12691 62 81 77.5
12708 61 81 77.4
12712 63 81 77.6
12717 63 81 77.7
12729 63 81 77.8
12735 62 81 77.7
12739 63 81 77.8
12767 63 81 77.8
12770 63 81 77.9
12808 64 81 78
12831 63 81 77.9
12833 63 81 78.1
12850 64 81 78.2
12862 63 81 78.1
12882 63 81 78.2
12952 64 81 78.3
12959 65 81 78.4
12981 63 81 78.2
12982 62 81 78.1
13014 64 81 78.3
13044 63 81 78.2
13049 63 81 78.3
13055 64 81 78.4
13058 64 81 78.4
13075 64 81 78.2
13111 65 81 78.3
13123 64 81 78.2
13129 64 81 78.3
13131 62 81 78.1
13143 62 81 78.2
13151 63 81 78.3
13157 63 81 78.2
13171 63 81 78.1
13184 63 81 78.2
13206 64 81 78.3
13212 64 81 78.2
13248 66 81 78.4
13266 66 81 78.5
13268 66 81 78.6
13273 66 81 78.4
13282 67 81 78.5
13287 67 81 78.4
13295 67 81 78.2
13308 67 81 78.3
13310 66 81 78.2
13336 66 81 78.1
13342 66 81 77.9
13349 66 81 78.1
13363 66 81 78.2
13377 66 81 78.1
13384 66 81 77.9
13398 67 81 78
13412 68 81 78.1
13422 67 81 78
13445 67 81 78.1
13454 68 81 78.2
13473 68 81 78.1
13527 68 81 78.2
13550 68 81 78.4
13555 69 81 78.6
13567 69 81 78.5
13569 70 81 78.6
13571 70 81 78.7
13574 70 81 78.6
13577 69 81 78.5
13581 68 81 78.4
13582 67 81 78.3
13583 67 81 78.2
13587 67 81 78.2
13588 67 81 78.1
13597 67 81 78
13610 67 81 78.1
13644 67 81 78
13657 67 81 78.1
13685 67 81 78
13692 67 81 78.1
13693 67 81 78.2
13696 67 81 78.1
13700 68 81 78.2
13720 65 81 77.9
13728 65 81 77.9
13744 64 81 77.8
13745 63 81 77.7
13775 64 81 77.8
13796 64 81 77.9
13801 64 81 78
13803 63 81 77.9
13810 63 81 78
13815 63 81 78.1
13824 63 81 78.1
13829 63 81 78
13838 63 81 77.8
13873 63 81 77.9
13890 63 81 78
13891 63 81 78.1
13926 64 81 78.2
13953 65 81 78.3
13954 64 81 78.2
13967 65 81 78.3
13968 67 81 78.5
13979 67 81 78.6
13989 67 81 78.6
13995 63 81 78.2
14008 64 81 78.3
14036 63 81 78.2
14085 63 81 78.4
14090 64 81 78.5
14103 64 81 78.6
14108 64 81 78.5
14118 65 81 78.6
14131 65 81 78.5
14146 64 81 78.4
14153 64 81 78.5
14158 64 81 78.6
14173 65 81 78.7
14182 65 81 78.5
14201 64 81 78.4
14214 66 81 78.6
14242 66 81 78.6
14256 67 81 78.7
14264 67 81 78.8
14270 66 81 78.7
14283 66 81 78.7
14297 67 81 78.8
14311 68 81 78.9
14325 69 81 79
14338 70 81 79.1
14352 69 81 79
14365 70 81 79.1
14366 69 81 79
14420 70 81 79.1
14432 70 81 79.2
14447 72 81 79.4
14455 71 81 79.3
14456 71 81 79.1
14476 70 81 79
14538 70 81 79.1
14543 70 81 79.2
14558 71 81 79.3
14566 71 81 79.2
14584 71 81 79.4
14599 72 81 79.5
14607 72 81 79.4
14613 73 81 79.5
14640 72 81 79.4
14709 71 81 79.3
14744 71 81 79.4
14763 72 81 79.5
14772 72 81 79.4
14792 71 81 79.3
14889 71 81 79.2
14901 72 81 79.3
14915 73 81 79.4
14928 73 81 79.5
14935 72 81 79.3
14943 69 81 79
14950 69 81 79.1
14983 72 81 79.4
15009 72 81 79.5
15011 70 81 79.3
15025 71 81 79.4
15032 71 81 79.4
15101 71 81 79.5
15106 71 81 79.6
15129 71 81 79.5
15134 71 81 79.4
15146 71 81 79.5
15174 71 81 79.6
15175 71 81 79.5
15202 71 81 79.3
15217 72 81 79.4
15222 72 81 79.2
15229 72 81 79.3
15252 71 81 79.1
15253 70 81 79
15272 70 81 79.1
15292 71 81 79.2
15297 70 81 79.1
15300 70 81 79
15313 70 81 79.1
15327 70 81 79.2
15394 71 81 79.3
15519 71 81 79.4
15531 72 81 79.5
15545 73 81 79.6
15546 73 81 79.7
15554 71 81 79.5
15575 71 81 79.4
15588 71 81 79.5
15792 72 81 79.6
15807 72 81 79.7
15861 73 81 79.8
15875 75 81 80
15898 73 81 79.8
15899 72 81 79.7
15902 73 81 79.8
15929 74 81 79.9
15930 73 81 79.8
15972 73 81 79.9
16012 74 81 80
16035 73 81 79.9
16082 73 81 80.1
16135 74 81 80.2
16137 74 81 80.3
16159 73 81 80.2
16177 74 81 80.3
16200 72 81 80.1
16280 72 81 80
16293 73 81 80.1
16299 72 81 80
16306 73 81 80.1
16315 72 81 80
16328 71 81 79.9
16369 72 81 80
16392 71 81 79.9
16397 70 81 79.8
16465 72 81 80
16488 71 81 79.9
16506 72 81 80
16530 71 81 79.9
16561 72 81 80
16568 72 81 80.1
16584 71 81 80
16684 72 81 80.1
16712 73 81 80.2
16735 71 81 80
16739 72 81 80.1
16763 71 81 80
16764 70 81 79.9
16891 72 81 80.1
16914 70 81 79.9
16919 69 81 79.8
16987 70 81 79.9
17010 69 81 79.8
17015 67 81 79.6
17055 68 81 79.7
17079 67 81 79.6
17083 68 81 79.7
17106 66 81 79.5
17138 67 81 79.6
17152 68 81 79.7
17165 69 81 79.8
17175 68 81 79.7
17220 69 81 79.8
17243 68 81 79.7
17244 67 81 79.6
17330 68 81 79.7
17467 69 81 79.8
17491 68 81 79.7
17495 69 81 79.8
17518 68 81 79.7
17619 69 81 79.8
17646 70 81 79.9
17669 69 81 79.8
17674 71 81 80
17697 70 81 79.9
17701 69 81 79.8
17715 71 81 80
17738 69 81 79.8
17739 68 81 79.7
17742 69 81 79.8
17769 70 81 79.9
17783 71 81 80
17793 70 81 79.9
17797 71 81 80
17807 70 81 79.9
17852 71 81 80
17875 70 81 79.9
17976 71 81 80
18003 72 81 80.1
18017 73 81 80.2
18026 72 81 80.1
18086 73 81 80.2
18154 74 81 80.3
18216 72 81 80.1
18222 74 81 80.3
18236 76 81 80.5
18246 75 81 80.4
18247 74 81 80.3
18264 73 81 80.2
18265 72 81 80.1
18360 73 81 80.2
18383 72 81 80.1
18429 73 81 80.2
18497 74 81 80.3
18521 71 81 80
18607 72 81 80.1
18621 74 81 80.3
18661 74 81 80.2
18662 75 81 80.3
18731 76 81 80.4
18754 75 81 80.3
18992 76 81 80.4
19015 75 81 80.3
19019 76 81 80.4
19042 75 81 80.3
19116 76 81 80.4
19157 77 81 80.5
19252 78 81 80.6
19276 77 81 80.5
19328 75 81 80.3
19431 76 81 80.4
19454 75 81 80.3
19514 76 81 80.4
19574 76 81 80.5
19596 77 81 80.6
19664 78 81 80.7
19678 79 81 80.8
19803 80 81 80.9
19815 79 81 80.8
20159 80 81 80.9
20536 79 81 80.8
20537 78 81 80.7
20557 79 81 80.8
20915 80 81 80.9
21359 80 81 80.8
21572 80 81 80.9
21587 81 81 81
21684 80 81 80.9
22350 81 81 81
23025 80 81 80.9
23204 79 81 80.8
23513 80 81 80.9
23719 81 81 81
25928 80 81 80.9
26649 81 81 81
27040 80 81 80.9
27377 81 81 81
27487 80 81 80.9
28318 81 81 81
30267 80 81 80.9
30409 80 81 80.8
30507 80 81 80.9
31185 81 81 81
32990 80 81 80.9
33199 81 81 81
39143 80 81 80.9
39796 81 81 81
40217 80 81 80.9
40801 81 81 81
44384 80 81 80.9
44926 81 81 81
48681 80 81 80.9
48961 80 81 80.8
49464 80 81 80.9
49834 81 81 81
52920 80 81 80.9
53435 81 81 81
61235 80 81 80.9
61681 81 81 81
64883 80 81 80.9
65096 81 81 81
66570 80 81 80.9
66659 80 81 80.8
66934 79 81 80.7
66976 80 81 80.8
66996 80 81 80.9
67319 81 81 81
68985 80 81 80.9
69056 80 81 80.8
69486 80 81 80.9
69577 81 81 81
70431 80 81 80.9
70434 79 81 80.8
70983 80 81 80.9
70997 81 81 81
74100 80 81 80.9
74279 81 81 81
74464 80 81 80.9
74673 80 81 80.8
74960 80 81 80.7
75048 80 81 80.8
75518 80 81 80.9
75819 81 81 81
82806 80 81 80.9
83905 81 81 81
86606 80 81 80.9
86846 81 81 81
86920 80 81 80.9
87600 81 81 81
96744 80 81 80.9
97229 80 81 80.8
97451 80 81 80.9
97854 81 81 81
103285 80 81 80.9
103367 79 81 80.8
103951 80 81 80.9
104116 81 81 81
104736 80 81 80.9
105453 81 81 81
108118 80 81 80.9
108503 81 81 81
112473 80 81 80.9
113619 81 81 81
114791 80 81 80.9
115114 81 81 81
120842 80 81 80.9
120973 81 81 81
126307 80 81 80.9
126576 81 81 81
126917 80 81 80.9
127116 81 81 81
132705 80 81 80.9
133192 81 81 81
134171 80 81 80.9
134803 81 81 81
142547 80 81 80.9
143172 81 81 81
148340 80 81 80.9
148745 81 81 81
152415 80 81 80.9
152772 79 81 80.8
152944 80 81 80.9
153374 80 81 80.8
153535 80 81 80.9
153587 81 81 81
154573 80 81 80.9
155184 81 81 81
156170 80 81 80.9
157029 81 81 81
164746 80 81 80.9
165199 79 81 80.8
165659 80 81 80.9
165893 81 81 81
167024 80 81 80.9
167169 81 81 81
168377 80 81 80.9
168861 81 81 81
169221 80 81 80.9
169599 81 81 81
170347 80 81 80.9
170361 79 81 80.8
170876 80 81 80.9
171219 81 81 81
174495 80 81 80.9
175216 81 81 81
184850 80 81 80.9
185378 81 81 81
188944 80 81 80.9
189727 81 81 81
196518 80 81 80.9
197150 81 81 81
202333 80 81 80.9
202457 80 81 80.8
203082 80 81 80.9
203226 81 81 81
204254 80 81 80.9
204756 81 81 81
206957 80 81 80.9
207122 81 81 81
208643 80 81 80.9
208939 81 81 81
212791 80 81 80.9
213059 81 81 81
216950 80 81 80.9
217294 81 81 81
220263 80 81 80.9
220716 81 81 81
220775 80 81 80.9
221317 81 81 81
232915 80 81 80.9
233024 79 81 80.8
233092 79 81 80.7
233293 80 81 80.8
233745 80 81 80.9
233993 81 81 81
236700 80 81 80.9
236837 79 81 80.8
237009 80 81 80.9
237366 81 81 81
242817 80 81 80.9
242972 80 81 80.8
243305 80 81 80.9
243720 81 81 81
246332 80 81 80.9
246682 81 81 81
250467 80 81 80.9
251387 81 81 81
258650 80 81 80.9
259275 81 81 81
262907 80 81 80.9
263985 81 81 81
268469 80 81 80.9
269066 81 81 81
269190 80 81 80.9
269335 80 81 80.8
269622 80 81 80.9
270042 81 81 81
272390 80 81 80.9
272582 81 81 81
272616 80 81 80.9
272630 80 81 80.8
272829 80 81 80.9
272870 81 81 81
274711 80 81 80.9
275336 81 81 81
276532 80 81 80.9
276917 81 81 81
278709 80 81 80.9
278972 80 81 80.8
279286 80 81 80.9
280044 81 81 81
280694 80 81 80.9
280811 81 81 81
282974 80 81 80.9
283056 79 81 80.8
283915 80 81 80.9
283956 81 81 81
288830 80 81 80.9
289387 80 81 80.8
289428 80 81 80.9
290177 81 81 81
290340 80 81 80.9
290993 81 81 81
292731 80 81 80.9
293046 80 81 80.8
293162 80 81 80.7
293294 80 81 80.8
293492 80 81 80.9
293718 81 81 81
296120 80 81 80.9
296889 81 81 81
300000 81 81 81
