4240 0 4 1.1
4240 0 4 1.2
4260 0 5 1.6
4260 0 5 1.6
4320 1 6 2.7
4320 1 7 2.8
4350 2 7 3.5
4350 2 7 3.6
4370 2 7 3.8
4370 2 7 4
4390 2 9 4.7
4390 2 9 4.8
4430 4 8 5.4
4430 4 8 5.5
4470 4 9 7.2
4470 4 9 7.2
4490 5 10 8
4490 5 10 8
4500 5 10 8
4500 5 10 8.1
4510 5 11 8.7
4510 5 11 8.8
4540 6 13 9.8
4540 7 13 9.9
4580 7 14 11
4580 7 14 11.1
4590 7 15 11.6
4590 8 15 11.8
4650 9 16 12.5
4650 9 16 12.5
4660 9 16 12.8
4660 9 16 13
4670 9 16 13.2
4670 9 16 13.1
4680 11 16 13.6
4680 11 16 13.6
4690 11 18 13.4
4690 11 18 13.6
4720 11 19 14.6
4720 11 19 14.6
4740 12 19 15.5
4740 12 19 15.5
4760 12 24 16.2
4760 12 25 16.4
4770 12 25 16.9
4770 12 25 16.9
4790 14 24 17.9
4790 14 24 17.8
4810 15 25 18.3
4810 15 25 18.5
4840 16 25 19.7
4840 16 25 19.7
4850 17 25 20
4850 17 25 20.1
4860 17 25 20.2
4860 17 25 20.3
4870 17 25 20.2
4870 17 24 20.1
4920 17 23 20.5
4920 17 23 20.5
4930 19 23 20.8
4930 19 23 20.8
4950 18 24 21.2
4950 18 24 21.3
4980 19 24 21.4
4980 19 24 21.3
4990 19 24 20.9
4990 19 24 21
5010 19 26 21.6
5010 20 26 21.7
5020 19 26 22.2
5020 19 26 22.2
5030 20 26 22.6
5030 20 26 22.5
5040 20 26 22.9
5040 20 26 22.9
5060 20 28 23.1
5060 20 29 23.4
5090 18 28 23.5
5090 18 29 23.6
5110 20 30 24.1
5110 20 30 24.2
5120 20 30 24.1
5120 20 30 24.1
5130 20 30 23.8
5130 20 30 23.9
5140 20 30 24
5140 20 29 23.9
5150 20 29 24.5
5150 20 29 24.6
5160 20 29 24.8
5160 19 30 24.7
5170 19 30 25
5170 19 30 24.9
5180 22 30 25.1
5180 22 30 25.1
5190 22 31 25.5
5190 22 31 25.5
5200 23 31 25.7
5200 23 31 25.7
5220 23 32 26
5220 23 32 26
5240 21 28 25.1
5240 21 28 25.1
5270 23 29 25.6
5270 24 29 25.7
5280 24 30 26.1
5280 24 30 26.2
5300 24 32 27
5300 24 31 26.9
5320 24 30 26.2
5320 23 31 26.2
5330 23 33 26.1
5330 23 33 26.1
5350 23 32 26.4
5350 23 32 26.5
5360 24 32 26.3
5360 24 32 26.2
5370 22 32 26.3
5370 22 32 26.4
5380 23 34 26.9
5380 23 34 27
5420 25 31 27.4
5420 25 31 27.5
5430 25 31 27.3
5430 25 31 27.3
5440 26 31 27.8
5440 26 31 27.7
5460 25 33 28.1
5460 25 33 28.2
5500 24 31 28.1
5500 24 31 28.2
5520 25 32 28.6
5520 25 32 28.7
5530 25 32 28.8
5530 25 32 28.7
5550 25 32 29.1
5550 25 32 29.3
5560 25 32 29.6
5560 25 32 29.6
5580 26 33 29.9
5580 26 33 29.8
5600 28 35 30.6
5600 28 35 30.5
5610 26 33 30.3
5610 26 33 30.1
5620 27 33 29.8
5620 27 34 29.9
5630 27 34 29.9
5630 27 34 30.1
5640 27 35 30.4
5640 27 35 30.6
5650 26 36 30.6
5650 26 36 30.7
5660 27 34 30.8
5660 27 34 30.7
5670 27 34 30.6
5670 27 34 30.7
5680 27 34 30.9
5680 27 34 30.9
5700 27 35 30.5
5700 27 35 30.6
5710 28 36 30.8
5710 28 36 30.9
5730 28 34 31.4
5730 28 34 31.4
5740 29 35 31.7
5740 29 35 31.8
5760 29 34 31.4
5760 30 34 31.4
5770 30 34 31.5
5770 30 34 31.6
5790 28 35 31.8
5790 28 35 32
5820 29 35 32.4
5820 29 35 32.2
5830 29 36 32.2
5830 29 36 32.3
5840 27 37 32.6
5840 27 37 32.7
5850 27 37 32.7
5850 27 37 32.8
5870 27 37 32.7
5870 28 37 32.8
5890 28 37 33.2
5890 28 37 33.6
5900 28 37 33.8
5900 28 37 33.7
5910 28 38 34.2
5910 28 38 34.2
5920 27 38 34.2
5920 27 38 34.1
5930 27 37 33.7
5930 27 37 33.8
5940 27 38 34.3
5940 27 38 34.3
5960 27 39 34.8
5960 27 39 34.7
5970 27 39 34.8
5970 27 39 34.7
5980 28 40 35.3
5980 28 40 35
6010 29 41 34.7
6010 29 41 34.8
6030 29 42 35.1
6030 29 42 35.3
6050 31 41 35.8
6050 31 41 36
6110 31 41 36.5
6110 31 40 36.3
6120 30 40 36
6120 30 40 35.9
6150 31 42 36.9
6150 31 42 36.9
6160 32 41 37.4
6160 32 41 37.5
6170 32 41 37.6
6170 32 41 37.5
6180 33 41 37.4
6180 33 42 37.4
6190 30 42 36.7
6190 30 42 36.8
6200 30 42 36.8
6200 30 42 36.9
6210 30 42 36.9
6210 30 42 37
6240 26 44 37.1
6240 26 44 37.1
6250 27 43 37.2
6250 27 43 37.3
6260 28 44 37.8
6260 28 44 37.9
6280 27 44 37.7
6280 27 44 37.7
6320 26 43 38
6320 26 43 38.1
6350 27 43 38.3
6350 27 43 38.2
6370 28 44 38.7
6370 28 45 38.9
6390 27 45 39.1
6390 27 45 39.1
6400 28 44 39.2
6400 28 44 39.3
6410 28 43 39.2
6410 27 43 39
6460 26 45 39.2
6460 26 45 39.2
6480 27 44 39.1
6480 27 44 39
6490 28 44 39.1
6490 28 44 39.2
6510 29 45 39.7
6510 29 45 39.8
6540 30 45 40.2
6540 30 44 40.1
6610 31 45 40.8
6610 31 46 40.9
6630 29 46 40.9
6630 30 46 41
6640 31 46 41.6
6640 31 46 41.6
6700 31 48 41.4
6700 31 47 41.5
6710 31 47 42.1
6710 31 47 42.2
6720 31 48 42.4
6720 31 48 42.4
6730 30 48 42.4
6730 30 48 42.4
6740 29 49 42
6740 29 49 42
6750 29 48 41.8
6750 29 49 42
6790 30 49 41.7
6790 31 49 41.8
6820 31 49 42
6820 31 49 41.8
6830 31 49 41.9
6830 31 49 41.9
6840 31 49 41.7
6840 31 49 41.8
6890 32 48 42.5
6890 32 48 42.5
6900 32 48 42.8
6900 32 49 42.9
6920 33 49 43.4
6920 33 50 43.6
6940 35 49 43.3
6940 35 49 43.5
6980 35 50 44.1
6980 35 50 44.2
7010 35 48 44.4
7010 35 48 44.5
7020 35 49 44.4
7020 36 49 44.5
7030 35 50 44.5
7030 35 50 44.4
7060 37 50 44.3
7060 38 50 44.4
7090 37 49 44.8
7090 37 48 44.7
7100 39 48 45.4
7100 39 49 45.5
7110 38 49 45.5
7110 38 50 45.6
7120 37 50 45.7
7120 37 50 45.6
7130 35 50 45.3
7130 35 50 45.4
7140 35 50 45.1
7140 35 50 45
7150 37 50 45.2
7150 37 49 45.1
7160 37 49 45.3
7160 37 50 45.4
7170 38 49 45.3
7170 37 49 45.2
7180 37 49 45.5
7180 37 49 45.6
7230 38 51 45.6
7230 38 51 45.8
7240 39 51 45.8
7240 39 51 45.8
7250 40 49 45.8
7250 40 49 45.7
7260 40 50 45.6
7260 40 50 45.5
7280 36 48 45
7280 36 48 44.9
7310 37 50 45.4
7310 37 50 45.5
7320 34 48 45
7320 34 48 45
7340 35 49 45.3
7340 36 49 45.5
7360 36 50 46
7360 36 50 46.1
7370 37 50 46.2
7370 37 50 46.3
7420 38 51 45.8
7420 38 51 46
7450 39 51 46.4
7450 40 51 46.5
7470 40 49 46
7470 40 49 45.9
7490 39 49 45.8
7490 39 50 45.7
7520 39 49 45.7
7520 39 49 45.8
7530 39 49 45.6
7530 39 49 45.5
7540 39 52 46.1
7540 39 52 46
7550 40 52 46.6
7550 40 52 46.7
7560 42 51 46.5
7560 42 51 46.6
7570 42 49 46.5
7570 42 49 46.5
7620 41 50 46.9
7620 41 50 46.9
7640 41 50 46.3
7640 41 50 46.6
7660 41 50 47.3
7660 41 50 47.4
7670 41 50 47
7670 42 50 47.1
7690 44 50 47.3
7690 44 50 47.3
7710 43 51 47.4
7710 43 51 47.3
7720 41 51 47.2
7720 41 52 47.3
7730 42 51 47.5
7730 42 52 47.6
7740 43 52 47.6
7740 43 52 47.7
7810 43 52 48.1
7810 43 52 48.2
7840 44 51 48.1
7840 44 51 48.2
7890 43 52 48.8
7890 43 52 48.7
7900 43 52 48.7
7900 43 52 48.8
7940 43 53 48.8
7940 43 53 48.9
7970 45 52 49
7970 46 52 49.2
8000 42 52 49
8000 42 52 49
8030 42 55 49.1
8030 42 55 49.2
8040 42 53 48.8
8040 42 53 49
8110 42 54 49.1
8110 42 54 49.2
8150 44 54 49.4
8150 44 54 49.5
8170 45 54 49.8
8170 45 54 49.9
8260 45 54 49.6
8260 45 54 49.7
8290 45 55 50.1
8290 45 55 49.9
8300 46 55 50.3
8300 46 55 50
8310 46 55 50
8310 46 55 50.2
8360 43 56 50.2
8360 43 56 50.3
8430 46 56 51.3
8430 45 56 51.2
8440 43 56 51
8440 43 56 51.1
8460 43 56 51.2
8460 43 56 51.1
8520 43 56 51.5
8520 43 56 51.7
8530 43 56 51.7
8530 43 56 51.9
8560 44 57 52.1
8560 44 58 52.2
8580 46 58 52.6
8580 45 58 52.5
8600 46 58 52.6
8600 46 58 52.7
8630 45 60 52.5
8630 45 60 52.7
8670 46 58 52.2
8670 46 58 52.1
8700 46 58 52.2
8700 46 58 52.3
8710 46 58 52.4
8710 45 58 52.3
8720 46 58 52.7
8720 46 58 52.6
8740 45 59 52.7
8740 45 59 52.6
8780 44 59 52.2
8780 44 60 52.3
8850 44 60 53
8850 44 60 53
8860 44 60 52.8
8860 44 60 52.6
8900 46 60 53
8900 46 60 52.7
8980 46 60 53.2
8980 46 60 53.1
9000 46 60 53.6
9000 47 60 53.7
9040 48 60 53.4
9040 48 60 53.6
9050 48 60 53.8
9050 48 60 53.7
9060 48 60 53.7
9060 48 60 53.8
9120 46 60 53
9120 46 60 53.1
9130 46 60 53.2
9130 45 60 53.1
9180 47 60 53.2
9180 47 60 53
9190 47 60 53
9190 47 60 53.1
9220 46 60 52.9
9220 46 60 53
9290 47 61 53.4
9290 47 61 53.4
9320 48 60 54
9320 48 60 53.9
9330 49 60 54.1
9330 49 60 54.2
9400 48 62 54.1
9400 48 62 54.2
9510 47 63 54.8
9510 47 63 54.9
9550 48 63 55.1
9550 48 63 55.2
9590 48 63 55.4
9590 48 64 55.6
9660 48 64 55.6
9660 48 64 55.8
9670 48 64 55.8
9670 48 64 55.7
9680 49 64 55.4
9680 49 64 55.5
9700 49 64 55.7
9700 50 64 55.8
9830 49 64 55.2
9830 48 64 55.1
9960 50 64 56.3
9960 50 64 56.2
9980 51 64 56.5
9980 51 64 56.6
9990 51 64 56.6
9990 51 64 56.6
10180 50 64 56.7
10180 50 64 56.8
10210 51 64 56.8
10210 51 64 56.9
10270 49 64 56.9
10270 49 64 56.8
10340 48 64 56.9
10340 48 64 56.9
10420 48 64 57
10420 48 64 56.8
10450 48 64 56.8
10450 48 64 56.7
10470 50 64 57
10470 51 64 57.1
10550 49 64 56.9
10550 49 64 57
10620 48 64 57.5
10620 48 64 57.4
10740 48 64 58.2
10740 48 64 58
10750 48 64 58.1
10750 48 64 58.2
10770 48 64 57.9
10770 48 64 57.8
10790 49 64 58.1
10790 48 64 58
10840 48 64 58.2
10840 48 64 58.3
10850 50 64 58.5
10850 50 64 58.3
10910 49 64 58.3
10910 50 64 58.4
11020 49 64 58.5
11020 50 64 58.6
11170 52 64 59.5
11170 52 64 59.6
11280 51 64 59.4
11280 52 64 59.5
11430 54 64 60.6
11430 54 64 60.4
11460 53 64 60.5
11460 53 64 60.6
11500 54 64 60.5
11500 54 64 60.6
11550 54 64 60.7
11550 53 64 60.5
11610 53 64 60.7
11610 52 64 60.6
11780 54 64 61.2
11780 54 64 61.1
12050 54 64 61.4
12050 54 64 61.5
12090 54 64 61.7
12090 55 64 61.8
12130 55 64 61.8
12130 55 64 61.9
12160 55 64 62
12160 55 64 61.9
12190 55 64 61.8
12190 54 64 61.7
12300 53 64 61.8
12300 54 64 61.9
12420 54 64 62.2
12420 55 64 62.3
12640 55 64 62.5
12640 55 64 62.6
12720 54 64 62.7
12720 54 64 62.8
12790 56 64 63
12790 54 64 62.8
12960 56 64 63.2
12960 55 64 63.1
13340 55 64 63.1
13340 54 64 63
13560 55 64 63.1
13560 56 64 63.2
14360 52 64 62.8
14360 53 64 62.9
14480 53 64 62.9
14480 52 64 62.8
14580 52 64 62.8
14580 53 64 62.9
14740 54 64 62.9
14740 53 64 62.8
14840 51 64 62.6
14840 52 64 62.7
14960 54 64 62.9
14960 53 64 62.8
15060 54 64 62.9
15060 55 64 63
15170 55 64 63
15170 56 64 63.1
15220 56 64 63.1
15220 56 64 63.2
15623 55 64 63.1
15623 56 64 63.2
15637 56 64 63.2
15637 57 64 63.3
15650 57 64 63.3
15650 56 64 63.2
15651 56 64 63.2
15651 55 64 63.1
15660 55 64 63.1
15660 54 64 63
15663 54 64 63
15663 54 64 63
15720 54 64 63
15720 55 64 63.1
15743 55 64 63.1
15743 54 64 63
15747 54 64 63
15747 55 64 63.1
15816 55 64 63.1
15816 56 64 63.2
15839 56 64 63.2
15839 54 64 63
15857 54 64 63
15857 55 64 63.1
15911 55 64 63.1
15911 56 64 63.2
15935 56 64 63.2
15935 55 64 63.1
16049 55 64 63.1
16049 56 64 63.2
16227 56 64 63.2
16227 57 64 63.3
16250 57 64 63.3
16250 56 64 63.2
16255 56 64 63.2
16255 53 64 62.9
16296 53 64 62.9
16296 54 64 63
16365 54 64 63
16365 55 64 63.1
16392 55 64 63.1
16392 56 64 63.2
16416 56 64 63.2
16416 55 64 63.1
16434 55 64 63.1
16434 56 64 63.2
16448 56 64 63.2
16448 57 64 63.3
16457 57 64 63.3
16457 56 64 63.2
16502 56 64 63.2
16502 57 64 63.3
16530 57 64 63.3
16530 58 64 63.4
16707 58 64 63.4
16707 59 64 63.5
16735 59 64 63.5
16735 57 64 63.3
16914 57 64 63.3
16914 58 64 63.4
16938 58 64 63.4
16938 57 64 63.3
16955 57 64 63.3
16955 58 64 63.4
16983 58 64 63.4
16983 57 64 63.3
17037 57 64 63.3
17037 58 64 63.4
17065 58 64 63.4
17065 57 64 63.3
17071 57 64 63.3
17071 56 64 63.2
17079 56 64 63.2
17079 57 64 63.3
17130 57 64 63.3
17130 57 64 63.2
17257 57 64 63.2
17257 58 64 63.3
17325 58 64 63.3
17325 59 64 63.4
17353 59 64 63.4
17353 58 64 63.3
17366 58 64 63.3
17366 59 64 63.4
17394 59 64 63.4
17394 58 64 63.3
17395 58 64 63.3
17395 57 64 63.2
17435 57 64 63.2
17435 58 64 63.3
17463 58 64 63.3
17463 56 64 63.1
17641 56 64 63.1
17641 57 64 63.2
17656 57 64 63.2
17656 56 64 63.1
17669 56 64 63.1
17669 57 64 63.2
17675 57 64 63.2
17675 56 64 63.1
17703 56 64 63.1
17703 55 64 63
17724 55 64 63
17724 56 64 63.1
17851 56 64 63.1
17851 56 64 63.2
17875 56 64 63.2
17875 57 64 63.3
17971 57 64 63.3
17971 58 64 63.4
17999 58 64 63.4
17999 57 64 63.3
18135 57 64 63.3
18135 58 64 63.4
18164 58 64 63.4
18164 57 64 63.3
18300 57 64 63.3
18300 58 64 63.4
18335 58 64 63.4
18335 57 64 63.3
18342 57 64 63.3
18342 58 64 63.4
18355 58 64 63.4
18355 59 64 63.5
18370 59 64 63.5
18370 57 64 63.3
18383 57 64 63.3
18383 59 64 63.5
18390 59 64 63.5
18390 58 64 63.4
18411 58 64 63.4
18411 55 64 63.1
18575 55 64 63.1
18575 56 64 63.2
18588 56 64 63.2
18588 57 64 63.3
18617 57 64 63.3
18617 55 64 63.1
18726 55 64 63.1
18726 56 64 63.2
18754 56 64 63.2
18754 55 64 63.1
18795 55 64 63.1
18795 56 64 63.2
18823 56 64 63.2
18823 55 64 63.1
18863 55 64 63.1
18863 56 64 63.2
18891 56 64 63.2
18891 54 64 63
18945 54 64 63
18945 55 64 63.1
18974 55 64 63.1
18974 54 64 63
19001 54 64 63
19001 55 64 63.1
19029 55 64 63.1
19029 54 64 63
19083 54 64 63
19083 55 64 63.1
19097 55 64 63.1
19097 56 64 63.2
19111 56 64 63.2
19111 55 64 63.1
19125 55 64 63.1
19125 53 64 62.9
19207 53 64 62.9
19207 54 64 63
19248 54 64 63
19248 55 64 63.1
19276 55 64 63.1
19276 54 64 63
19358 54 64 63
19358 55 64 63.1
19386 55 64 63.1
19386 54 64 63
19454 54 64 63
19454 55 64 63.1
19482 55 64 63.1
19482 54 64 63
19509 54 64 63
19509 55 64 63.1
19523 55 64 63.1
19523 56 64 63.2
19537 56 64 63.2
19537 55 64 63.1
19551 55 64 63.1
19551 54 64 63
19564 54 64 63
19564 55 64 63.1
19592 55 64 63.1
19592 54 64 63
19729 54 64 63
19729 55 64 63.1
19757 55 64 63.1
19757 54 64 63
19797 54 64 63
19797 55 64 63.1
19811 55 64 63.1
19811 56 64 63.2
19825 56 64 63.2
19825 55 64 63.1
19893 55 64 63.1
19893 56 64 63.2
19989 56 64 63.2
19989 57 64 63.3
20003 57 64 63.3
20003 58 64 63.4
20017 58 64 63.4
20017 56 64 63.2
20031 56 64 63.2
20031 55 64 63.1
20085 55 64 63.1
20085 56 64 63.2
20114 56 64 63.2
20114 55 64 63.1
20154 55 64 63.1
20154 56 64 63.2
20182 56 64 63.2
20182 55 64 63.1
20189 55 64 63.1
20189 54 64 63
20209 54 64 63
20209 55 64 63.1
20237 55 64 63.1
20237 54 64 63
20362 54 64 63
20362 54 64 62.9
20401 54 64 62.9
20401 55 64 63
20429 55 64 63
20429 54 64 62.9
20430 54 64 62.9
20430 53 64 62.8
20470 53 64 62.8
20470 54 64 62.9
20498 54 64 62.9
20498 55 64 63
20553 55 64 63
20553 56 64 63.1
20580 56 64 63.1
20580 57 64 63.2
20594 57 64 63.2
20594 59 64 63.4
20717 59 64 63.4
20717 60 64 63.5
20745 60 64 63.5
20745 59 64 63.4
20746 59 64 63.4
20746 58 64 63.3
20869 58 64 63.3
20869 59 64 63.4
20896 59 64 63.4
20896 58 64 63.3
20910 58 64 63.3
20910 59 64 63.4
20930 59 64 63.4
20930 56 64 63.1
20978 56 64 63.1
20978 57 64 63.2
21020 57 64 63.2
21020 58 64 63.3
21042 58 64 63.3
21042 58 64 63.4
21143 58 64 63.4
21143 59 64 63.5
21239 59 64 63.5
21239 60 64 63.6
21301 60 64 63.6
21301 58 64 63.4
21349 58 64 63.4
21349 59 64 63.5
21418 59 64 63.5
21418 60 64 63.6
21446 60 64 63.6
21446 59 64 63.5
21472 59 64 63.5
21472 60 64 63.6
21596 60 64 63.6
21596 61 64 63.7
21610 61 64 63.7
21610 62 64 63.8
21631 62 64 63.8
21631 61 64 63.7
21898 61 64 63.7
21898 62 64 63.8
21926 62 64 63.8
21926 61 64 63.7
22228 61 64 63.7
22228 62 64 63.8
22503 62 64 63.8
22503 63 64 63.9
22764 63 64 63.9
22764 64 64 64
23565 64 64 64
23565 63 64 63.9
24162 63 64 63.9
24162 64 64 64
24428 64 64 64
24428 63 64 63.9
24941 63 64 63.9
24941 63 64 63.8
25095 63 64 63.8
25095 63 64 63.9
26016 63 64 63.9
26016 64 64 64
27463 64 64 64
27463 63 64 63.9
27964 63 64 63.9
27964 64 64 64
32160 64 64 64
32160 63 64 63.9
32406 63 64 63.9
32406 64 64 64
32594 64 64 64
32594 63 64 63.9
33301 63 64 63.9
33301 64 64 64
34508 64 64 64
34508 63 64 63.9
35174 63 64 63.9
35174 64 64 64
38752 64 64 64
38752 63 64 63.9
39061 63 64 63.9
39061 64 64 64
48558 64 64 64
48558 63 64 63.9
49197 63 64 63.9
49197 64 64 64
53282 64 64 64
53282 63 64 63.9
54031 63 64 63.9
54031 64 64 64
65215 64 64 64
65215 63 64 63.9
65345 63 64 63.9
65345 63 64 63.8
65586 63 64 63.8
65586 63 64 63.9
65592 63 64 63.9
65592 64 64 64
66879 64 64 64
66879 63 64 63.9
67490 63 64 63.9
67490 64 64 64
71046 64 64 64
71046 63 64 63.9
71465 63 64 63.9
71465 64 64 64
84651 64 64 64
84651 63 64 63.9
85024 63 64 63.9
85024 64 64 64
86234 64 64 64
86234 63 64 63.9
87129 63 64 63.9
87129 64 64 64
88288 64 64 64
88288 62 64 63.8
88611 62 64 63.8
88611 63 64 63.9
89077 63 64 63.9
89077 63 64 63.8
89119 63 64 63.8
89119 63 64 63.9
89304 63 64 63.9
89304 64 64 64
92604 64 64 64
92604 63 64 63.9
93387 63 64 63.9
93387 64 64 64
96910 64 64 64
96910 63 64 63.9
97260 63 64 63.9
97260 64 64 64
97352 64 64 64
97352 63 64 63.9
98197 63 64 63.9
98197 64 64 64
101237 64 64 64
101237 63 64 63.9
101848 63 64 63.9
101848 64 64 64
110369 64 64 64
110369 63 64 63.9
110980 63 64 63.9
110980 64 64 64
118656 64 64 64
118656 63 64 63.9
119034 63 64 63.9
119034 64 64 64
129278 64 64 64
129278 63 64 63.9
129944 63 64 63.9
129944 64 64 64
130139 64 64 64
130139 63 64 63.9
130497 63 64 63.9
130497 64 64 64
134808 64 64 64
134808 63 64 63.9
135131 63 64 63.9
135131 64 64 64
136324 64 64 64
136324 63 64 63.9
136674 63 64 63.9
136674 64 64 64
137019 64 64 64
137019 63 64 63.9
137067 63 64 63.9
137067 64 64 64
142868 64 64 64
142868 63 64 63.9
143980 63 64 63.9
143980 64 64 64
149007 64 64 64
149007 63 64 63.9
149729 63 64 63.9
149729 64 64 64
150376 64 64 64
150376 63 64 63.9
151455 63 64 63.9
151455 64 64 64
152810 64 64 64
152810 63 64 63.9
153737 63 64 63.9
153737 64 64 64
156957 64 64 64
156957 63 64 63.9
157603 63 64 63.9
157603 64 64 64
158846 64 64 64
158846 63 64 63.9
159293 63 64 63.9
159293 64 64 64
166283 64 64 64
166283 63 64 63.9
166894 63 64 63.9
166894 64 64 64
171068 64 64 64
171068 63 64 63.9
171735 63 64 63.9
171735 64 64 64
177097 64 64 64
177097 63 64 63.9
177914 63 64 63.9
177914 64 64 64
190600 64 64 64
190600 63 64 63.9
191129 63 64 63.9
191129 64 64 64
200738 64 64 64
200738 63 64 63.9
200802 63 64 63.9
200802 63 64 63.8
201033 63 64 63.8
201033 63 64 63.7
201184 63 64 63.7
201184 63 64 63.8
201301 63 64 63.8
201301 63 64 63.9
201735 63 64 63.9
201735 64 64 64
205157 64 64 64
205157 63 64 63.9
205878 63 64 63.9
205878 64 64 64
206407 64 64 64
206407 63 64 63.9
206877 63 64 63.9
206877 64 64 64
209355 64 64 64
209355 63 64 63.9
210145 63 64 63.9
210145 64 64 64
214719 64 64 64
214719 63 64 63.9
215056 63 64 63.9
215056 64 64 64
222735 64 64 64
222735 63 64 63.9
223319 63 64 63.9
223319 64 64 64
228899 64 64 64
228899 63 64 63.9
229276 63 64 63.9
229276 64 64 64
232752 64 64 64
232752 63 64 63.9
233535 63 64 63.9
233535 64 64 64
236672 64 64 64
236672 63 64 63.9
237105 63 64 63.9
237105 64 64 64
242451 64 64 64
242451 63 64 63.9
243351 63 64 63.9
243351 64 64 64
248233 64 64 64
248233 63 64 63.9
248940 63 64 63.9
248940 64 64 64
254784 64 64 64
254784 63 64 63.9
255395 63 64 63.9
255395 64 64 64
258853 64 64 64
258853 63 64 63.9
259776 63 64 63.9
259776 64 64 64
260100 64 64 64
260100 63 64 63.9
260485 63 64 63.9
260485 64 64 64
260497 64 64 64
260497 63 64 63.9
261088 63 64 63.9
261088 64 64 64
262222 64 64 64
262222 63 64 63.9
262744 63 64 63.9
262744 64 64 64
264713 64 64 64
264713 63 64 63.9
265091 63 64 63.9
265091 64 64 64
270206 64 64 64
270206 63 64 63.9
270323 63 64 63.9
270323 64 64 64
276282 64 64 64
276282 63 64 63.9
276839 63 64 63.9
276839 63 64 63.8
277161 63 64 63.8
277161 63 64 63.9
277312 63 64 63.9
277312 64 64 64
278749 64 64 64
278749 63 64 63.9
279017 63 64 63.9
279017 63 64 63.8
279196 63 64 63.8
279196 63 64 63.9
279704 63 64 63.9
279704 64 64 64
283005 64 64 64
283005 63 64 63.9
283452 63 64 63.9
283452 64 64 64
286515 64 64 64
286515 63 64 63.9
286859 63 64 63.9
286859 64 64 64
298318 64 64 64
298318 63 64 63.9
298701 63 64 63.9
298701 63 64 63.8
299217 63 64 63.8
299217 63 64 63.9
299382 63 64 63.9
299382 64 64 64
300000 64 64 64
300000 64 64 64
