0 0 0 0
4169 0 1 0.1
4179 0 1 0.2
4208 0 1 0.3
4227 0 1 0.4
4234 0 2 0.5
4236 0 2 0.6
4237 0 2 0.7
4239 0 2 0.8
4240 0 2 0.9
4242 0 3 1
4244 0 3 1.1
4253 0 3 1.1
4277 0 3 1.2
4293 0 3 1.4
4305 0 3 1.4
4312 0 3 1.5
4313 0 4 1.6
4316 0 4 1.7
4319 0 4 1.7
4323 0 4 1.8
4326 0 5 1.9
4332 0 5 2
4333 1 5 2.1
4334 1 5 2.1
4339 1 5 2.1
4349 1 4 2
4350 1 4 2.1
4351 1 4 2
4359 1 4 2
4364 1 4 2.1
4371 1 4 2.2
4377 1 5 2.3
4381 1 5 2.4
4387 1 5 2.5
4389 1 5 2.6
4390 1 5 2.7
4392 1 5 2.7
4393 1 5 2.8
4397 1 5 2.9
4399 1 5 2.9
4404 1 4 2.8
4405 1 5 2.9
4407 1 5 3
4409 1 5 3
4413 1 5 3.1
4414 1 5 3.1
4416 1 5 3.1
4419 2 5 3.2
4422 2 5 3.3
4426 2 5 3.2
4428 2 5 3.2
4438 2 5 3.3
4448 2 5 3.4
4451 2 5 3.5
4458 2 5 3.6
4463 2 5 3.9
4464 2 6 4.1
4466 2 6 4.1
4471 2 6 4.2
4472 2 7 4.3
4475 2 7 4.4
4477 2 8 4.6
4482 2 8 4.7
4484 3 8 4.8
4487 3 8 4.7
4490 3 8 4.7
4491 3 8 4.6
4497 3 8 4.7
4498 3 9 4.8
4499 3 8 4.7
4501 3 8 4.9
4506 3 8 4.9
4509 4 8 5
4513 4 8 5.1
4520 4 8 5.1
4521 4 8 5.4
4522 4 8 5.5
4524 4 8 5.6
4528 4 8 5.6
4531 4 8 5.7
4534 4 8 5.8
4535 4 8 5.8
4538 4 8 5.9
4543 4 8 6
4546 4 8 6.1
4547 4 8 6.1
4550 4 8 6.1
4554 4 8 6.2
4564 5 8 6.3
4565 5 8 6.2
4567 5 8 6.3
4568 5 8 6.4
4572 5 8 6.4
4573 5 8 6.5
4574 5 8 6.5
4576 5 8 6.7
4580 5 8 6.8
4582 5 8 6.8
4589 5 9 7
4590 5 9 7.1
4594 5 9 7
4595 5 9 7
4602 5 9 7
4603 5 9 7
4604 5 9 6.9
4607 6 9 7
4609 6 10 7.1
4610 6 10 7.2
4612 6 11 7.3
4627 6 11 7.4
4629 6 11 7.4
4632 6 11 7.5
4633 5 11 7.4
4635 5 11 7.4
4636 5 11 7.4
4637 5 11 7.5
4638 5 11 7.5
4640 5 11 7.5
4641 5 11 7.4
4643 5 11 7.4
4646 5 11 7.5
4648 5 11 7.5
4649 5 11 7.6
4650 5 11 7.6
4659 5 11 7.5
4666 5 12 7.6
4668 5 12 7.7
4671 6 12 7.8
4675 6 12 7.9
4676 6 12 7.9
4677 6 12 8
4688 6 12 8.1
4690 6 12 8.1
4694 6 12 8.1
4696 6 12 8
4698 6 12 7.9
4699 6 12 7.9
4701 6 11 7.8
4704 6 11 7.9
4705 6 11 7.9
4708 6 11 7.9
4709 7 11 8.1
4711 7 11 8.1
4712 7 11 8.2
4713 7 11 8.3
4714 7 11 8.3
4715 7 11 8.2
4716 7 12 8.3
4721 7 12 8.4
4722 7 12 8.3
4725 7 12 8.3
4728 7 12 8.3
4730 7 12 8.4
4732 7 12 8.5
4736 7 12 8.5
4737 7 12 8.6
4738 7 12 8.7
4742 7 12 8.8
4743 7 12 8.9
4744 7 12 8.8
4746 7 12 8.9
4747 7 12 9
4749 7 12 9.1
4751 7 12 9.2
4752 7 12 9.2
4754 7 13 9.2
4756 7 13 9.3
4759 7 13 9.4
4765 7 13 9.5
4766 7 13 9.7
4770 7 13 9.7
4771 7 13 9.8
4772 7 13 9.9
4774 7 13 10
4776 7 13 10.1
4777 7 13 10
4778 7 14 10
4779 7 14 10.2
4784 7 14 10.1
4786 7 14 10
4787 7 14 10.1
4789 7 14 10.2
4791 7 14 10.4
4795 7 14 10.4
4796 7 14 10.5
4797 7 14 10.4
4798 8 14 10.5
4799 8 14 10.5
4800 8 15 10.6
4804 8 15 10.5
4807 8 15 10.4
4808 8 15 10.4
4809 8 15 10.5
4812 8 15 10.5
4813 9 15 10.6
4814 9 15 10.6
4815 9 15 10.7
4816 9 15 10.7
4817 9 15 10.7
4818 9 15 10.6
4823 9 15 10.7
4825 9 15 10.7
4827 9 14 10.7
4828 9 14 10.8
4835 9 14 10.8
4837 9 14 10.9
4840 9 14 10.8
4842 9 14 10.9
4843 9 14 11
4845 9 14 11
4847 9 14 11.1
4848 9 14 11.2
4850 9 14 11.3
4857 9 14 11.3
4859 9 14 11.4
4860 9 14 11.6
4861 9 14 11.5
4865 9 15 11.6
4867 9 15 11.7
4869 9 15 11.8
4870 9 14 11.6
4872 9 14 11.5
4874 9 14 11.5
4875 9 14 11.5
4876 9 14 11.5
4878 9 14 11.5
4880 9 14 11.5
4882 9 14 11.6
4886 9 14 11.6
4890 9 14 11.5
4896 9 14 11.5
4899 9 14 11.6
4904 9 14 11.5
4905 9 14 11.5
4906 9 14 11.5
4907 9 14 11.5
4909 9 14 11.4
4914 9 14 11.4
4915 9 14 11.3
4916 9 14 11.5
4917 9 14 11.4
4918 9 14 11.6
4919 9 14 11.6
4921 9 14 11.6
4922 9 14 11.6
4932 9 14 11.5
4933 9 14 11.5
4935 9 14 11.6
4936 9 14 11.6
4938 9 14 11.6
4941 9 14 11.7
4943 9 14 11.8
4944 7 14 11.6
4945 7 14 11.7
4949 7 14 11.6
4956 7 14 11.7
4958 7 14 11.8
4962 7 14 11.9
4965 7 14 11.9
4968 7 14 11.9
4969 7 14 11.8
4970 7 14 11.9
4972 7 14 12
4974 7 14 12
4979 7 14 12
4981 7 15 12.1
4982 7 15 12.2
4984 7 15 12.2
4987 7 15 12.3
4988 7 15 12.2
4989 7 15 12.3
4990 7 15 12.3
4993 8 15 12.4
4996 8 15 12.5
4997 8 15 12.4
4998 8 16 12.6
4999 8 16 12.8
5000 8 16 12.6
5002 8 16 12.6
5003 8 16 12.7
5004 8 16 12.7
5005 8 16 12.7
5006 8 16 12.7
5007 8 17 12.8
5008 8 17 12.8
5010 8 17 12.8
5012 8 17 12.8
5013 8 17 12.9
5016 8 17 12.8
5019 8 17 12.7
5020 8 17 12.8
5021 8 17 12.8
5022 8 17 12.9
5023 8 17 12.9
5025 8 17 12.9
5026 8 17 12.8
5029 8 17 12.7
5031 9 17 12.8
5032 9 17 12.9
5033 9 17 12.8
5035 9 17 12.8
5036 9 17 12.8
5037 9 17 13
5041 9 17 13
5044 9 17 13
5045 9 17 13.1
5047 9 17 13
5049 9 17 12.8
5050 9 17 12.7
5053 9 17 12.6
5054 9 18 12.7
5058 9 18 12.6
5059 9 18 12.5
5060 10 18 12.7
5061 10 18 12.7
5063 10 18 12.8
5064 10 18 12.8
5066 10 18 12.9
5069 10 18 12.9
5070 10 18 12.8
5071 10 18 12.9
5072 10 18 12.9
5073 10 18 12.8
5074 10 18 12.8
5075 10 18 12.9
5077 10 17 12.8
5081 10 17 12.7
5082 10 16 12.6
5084 10 16 12.7
5085 10 16 12.7
5086 10 16 12.6
5087 10 16 12.4
5088 10 16 12.4
5089 10 17 12.6
5094 10 17 12.7
5099 10 17 12.5
5102 10 17 12.5
5103 10 18 12.6
5105 10 18 12.7
5106 10 19 12.8
5107 10 19 12.8
5108 10 19 12.7
5109 10 19 12.7
5110 10 19 12.8
5111 10 19 12.8
5112 10 19 12.8
5114 10 19 12.8
5115 10 19 12.8
5116 10 19 12.7
5118 10 19 12.7
5120 10 19 12.7
5124 11 19 12.7
5126 11 18 12.6
5127 11 18 12.6
5128 11 18 12.6
5130 11 18 12.6
5131 11 18 12.6
5134 11 18 12.6
5140 11 18 12.5
5141 11 18 12.5
5142 11 18 12.6
5143 11 18 12.7
5145 11 18 12.7
5146 11 18 12.8
5147 11 17 12.7
5148 11 17 12.9
5149 11 17 13
5150 11 17 13.2
5156 11 17 13.3
5157 11 17 13.4
5158 11 17 13.5
5160 11 17 13.5
5161 11 17 13.6
5163 11 17 13.7
5166 11 17 13.8
5167 11 17 13.8
5171 11 17 13.8
5172 11 17 13.8
5175 11 17 13.9
5177 11 17 13.9
5178 11 17 13.9
5180 11 17 13.9
5182 11 17 13.9
5185 11 17 13.8
5186 11 18 13.9
5187 12 18 14
5188 12 18 14
5189 12 18 14
5190 12 18 14.1
5191 12 18 14.1
5192 12 18 14.3
5196 12 18 14.2
5197 12 18 14.2
5201 12 19 14.3
5205 12 19 14.6
5209 12 19 14.6
5210 12 19 14.7
5211 12 19 14.7
5212 12 19 14.8
5214 12 18 14.6
5215 12 18 14.6
5216 12 18 14.8
5217 12 18 14.8
5218 12 18 14.9
5220 12 18 15
5223 12 18 15.1
5224 12 18 15.3
5225 12 18 15.2
5226 12 18 15.2
5232 12 18 15
5233 12 18 14.9
5234 12 18 14.9
5237 12 18 15
5238 12 18 14.9
5241 12 17 14.9
5242 12 17 14.8
5243 12 17 14.9
5245 12 17 14.8
5246 12 17 14.7
5248 12 17 14.6
5249 12 17 14.5
5250 12 17 14.5
5251 12 17 14.6
5252 13 18 14.7
5253 13 18 14.8
5254 13 18 14.9
5263 13 18 15
5265 13 18 15.1
5269 13 18 15.1
5270 13 18 15.1
5271 13 18 15
5273 13 18 14.9
5274 13 18 15
5275 13 18 15
5276 13 18 15
5277 13 18 15
5279 13 18 15
5280 13 18 15.1
5281 13 18 15
5286 13 18 15.2
5287 13 18 15.3
5288 13 18 15.4
5291 13 18 15.3
5292 14 18 15.3
5293 14 18 15.3
5295 14 18 15.4
5298 14 18 15.5
5301 14 18 15.6
5306 14 18 15.7
5307 14 18 15.8
5308 14 18 15.7
5310 14 18 15.8
5313 14 18 15.7
5314 14 18 15.7
5315 14 19 15.6
5318 14 19 15.6
5321 14 19 15.7
5322 14 19 15.8
5323 14 19 15.7
5324 14 19 15.6
5325 13 19 15.5
5327 13 19 15.6
5329 13 19 15.5
5330 13 19 15.6
5333 13 19 15.5
5335 13 19 15.4
5336 13 19 15.4
5339 13 19 15.5
5344 13 19 15.4
5345 13 19 15.5
5348 13 19 15.5
5349 13 19 15.6
5353 13 19 15.6
5354 13 19 15.6
5355 13 19 15.5
5357 13 19 15.3
5358 13 19 15.2
5361 13 19 15.3
5362 13 19 15.3
5365 14 19 15.4
5367 14 19 15.3
5368 14 19 15.4
5369 14 19 15.5
5370 14 20 15.6
5373 14 20 15.6
5374 14 20 15.7
5376 14 20 15.6
5377 13 20 15.4
5379 13 20 15.5
5383 13 20 15.6
5385 13 20 15.6
5388 13 20 15.6
5389 13 20 15.8
5390 13 20 15.7
5391 13 20 15.8
5393 13 20 15.8
5394 13 20 15.9
5395 13 21 16
5396 13 22 16.1
5398 13 21 16
5400 13 20 15.9
5401 13 20 15.8
5402 14 20 15.9
5403 14 20 15.7
5404 14 20 15.9
5406 14 20 15.9
5409 14 20 16
5410 14 20 16.1
5411 14 20 16.1
5412 14 20 16.1
5414 14 20 16.2
5417 14 19 16
5418 14 18 15.9
5419 14 18 15.9
5421 14 18 16
5422 14 18 15.9
5423 14 18 15.9
5425 14 18 16
5426 14 18 15.9
5429 14 18 16
5432 14 18 16.1
5433 14 18 16.1
5436 14 18 16.1
5437 14 18 15.9
5438 14 18 15.9
5442 14 18 15.9
5443 14 18 16
5448 14 18 16.2
5449 14 18 16.3
5451 14 18 16.2
5454 14 18 16.2
5456 14 18 16.3
5459 14 18 16.4
5460 15 18 16.5
5463 15 18 16.6
5465 15 18 16.6
5470 15 18 16.6
5471 15 18 16.6
5472 15 18 16.5
5475 15 18 16.5
5477 15 18 16.6
5480 15 19 16.8
5481 15 19 16.7
5482 15 19 16.6
5483 15 19 16.5
5484 15 19 16.4
5490 15 19 16.4
5493 15 19 16.5
5500 15 19 16.6
5501 15 19 16.7
5503 15 19 16.8
5505 15 19 16.6
5507 15 18 16.5
5510 15 18 16.6
5511 15 18 16.8
5513 15 18 16.9
5517 15 18 17
5519 15 19 17.1
5522 15 19 17
5523 15 19 17
5525 15 19 16.8
5527 15 19 16.9
5528 15 19 16.8
5529 15 19 16.8
5531 15 19 16.8
5534 14 19 16.7
5538 14 19 16.7
5539 14 19 16.6
5540 14 19 16.6
5541 14 19 16.6
5542 14 19 16.7
5546 14 19 16.7
5547 14 19 16.7
5550 14 19 16.6
5551 15 19 16.7
5552 15 19 16.8
5554 15 19 16.8
5555 15 19 16.9
5559 15 19 17
5562 15 19 17.1
5568 15 19 17.1
5569 15 20 17.1
5572 15 20 17.2
5573 15 21 17.4
5574 15 20 17.2
5575 15 20 17.3
5576 15 20 17.3
5577 16 20 17.4
5579 15 20 17.3
5582 14 20 17.2
5585 14 20 17.3
5595 14 19 17.2
5597 14 19 17.1
5598 14 19 17.2
5600 14 19 17.1
5601 14 19 17.2
5604 14 19 17.1
5607 14 19 17.1
5611 14 19 17.2
5621 14 19 17.5
5623 14 19 17.6
5625 15 19 17.7
5626 15 19 17.6
5627 15 20 17.7
5628 15 20 17.8
5629 15 20 17.9
5631 15 20 18
5638 15 21 18.2
5641 15 21 18.3
5643 15 21 18.3
5645 15 21 18.4
5648 15 21 18.5
5649 15 21 18.4
5650 15 20 18.2
5651 15 20 18.1
5652 15 21 18.3
5655 15 20 18.1
5656 15 20 18
5658 15 20 18.1
5659 15 20 18.1
5666 15 20 18
5670 15 20 18.1
5674 15 20 18.1
5678 15 21 18.2
5686 15 21 18.3
5690 15 21 18.4
5691 15 21 18.5
5697 16 21 18.6
5699 16 21 18.5
5704 16 21 18.6
5705 16 21 18.7
5706 16 21 18.7
5707 16 21 18.8
5709 16 21 18.9
5712 16 21 19
5714 16 21 18.9
5721 16 22 19
5722 16 22 19.1
5725 16 22 19.3
5726 16 22 19.4
5728 16 22 19.5
5731 16 23 19.7
5732 16 23 19.7
5733 16 23 19.8
5734 16 23 19.9
5735 16 23 19.8
5739 16 23 19.8
5741 16 23 19.8
5745 16 23 19.9
5747 17 23 20
5748 17 23 20
5751 17 23 19.8
5753 17 23 19.7
5755 17 23 19.6
5756 17 23 19.5
5757 17 23 19.6
5758 16 23 19.5
5759 16 22 19.3
5760 16 22 19.2
5762 16 23 19.3
5763 16 23 19.3
5764 16 23 19.4
5767 16 23 19.5
5769 16 23 19.4
5772 16 23 19.5
5773 16 22 19.4
5779 16 23 19.5
5780 16 23 19.5
5784 17 23 19.6
5786 17 23 19.6
5789 17 23 19.7
5790 17 22 19.6
5791 17 22 19.7
5794 17 22 19.8
5795 17 22 19.8
5800 17 22 19.7
5802 17 22 19.8
5803 17 23 19.9
5804 18 23 20
5805 18 23 20.1
5806 18 23 20.1
5807 18 23 20.1
5810 18 23 20.3
5813 18 23 20.4
5814 18 23 20.5
5815 18 23 20.6
5816 18 23 20.6
5820 18 23 20.8
5821 18 23 20.9
5822 18 24 21
5823 18 24 21.2
5826 18 24 21.2
5827 18 23 21.1
5830 18 23 21
5832 18 23 20.9
5833 17 23 20.8
5834 17 23 20.9
5835 17 24 21
5841 17 23 20.8
5842 17 23 20.7
5843 17 23 20.8
5845 17 23 20.9
5848 17 23 20.8
5849 17 23 20.6
5851 17 23 20.5
5857 17 23 20.6
5859 17 23 20.8
5862 17 24 20.8
5864 17 24 20.9
5868 17 24 21
5870 17 24 20.9
5872 17 24 21
5873 17 24 20.9
5884 17 24 20.9
5885 17 24 20.7
5887 17 24 20.6
5891 17 24 20.5
5893 17 24 20.4
5896 17 24 20.5
5899 17 24 20.4
5904 17 24 20.5
5905 17 24 20.6
5911 17 23 20.6
5912 17 23 20.8
5916 17 24 20.9
5922 18 24 21
5924 18 25 20.9
5927 18 25 21
5928 18 25 20.9
5931 18 25 20.7
5937 18 25 20.5
5938 18 25 20.6
5939 18 25 20.5
5946 18 25 20.4
5948 18 25 20.4
5952 18 24 20.3
5953 18 24 20.5
5954 18 24 20.6
5956 18 24 20.7
5964 18 24 20.8
5967 18 24 20.9
5972 18 24 21
5978 18 24 21.1
5980 19 24 21.2
5982 19 24 21.1
5983 19 24 21
5987 18 24 20.8
5988 18 24 20.7
5993 18 25 20.8
5995 18 25 20.9
5997 18 26 21
6000 17 26 20.8
6002 17 26 20.7
6004 18 26 20.8
6005 18 26 20.9
6006 18 26 21
6007 18 26 21
6008 18 26 21.2
6010 18 26 21.1
6020 18 28 21.4
6026 18 28 21.5
6030 18 28 21.5
6034 18 28 21.4
6035 18 28 21.5
6036 18 28 21.5
6041 18 28 21.6
6047 18 28 21.7
6049 18 26 21.4
6052 18 26 21.6
6059 18 26 21.7
6060 18 26 21.8
6063 18 26 21.8
6064 18 26 21.9
6066 18 26 22.1
6067 18 26 22.2
6068 18 26 22.3
6070 18 26 22.2
6074 18 26 22.2
6075 18 26 22
6076 18 26 22.2
6087 18 26 22.1
6089 18 26 22
6090 19 26 22.2
6091 19 26 22
6094 19 26 21.9
6096 19 26 21.9
6097 19 26 22.1
6099 19 26 22
6100 19 26 21.9
6104 19 26 21.9
6109 19 26 21.9
6110 19 26 21.9
6118 19 26 21.9
6119 19 26 21.9
6125 19 26 21.8
6131 19 25 21.7
6140 19 25 21.6
6149 19 25 21.6
6151 19 25 21.7
6152 19 25 21.8
6153 19 25 21.9
6157 20 25 22
6162 20 25 22.1
6164 20 25 22.2
6171 20 26 22.3
6173 20 26 22.4
6176 20 26 22.5
6177 20 26 22.3
6178 20 26 22.3
6180 20 26 22.4
6181 20 26 22.5
6182 20 26 22.5
6184 20 26 22.6
6185 19 27 22.6
6186 19 27 22.8
6187 19 27 22.8
6188 19 28 22.9
6190 19 28 22.8
6193 19 28 22.9
6199 19 27 22.9
6201 19 27 23.1
6202 19 27 23.2
6203 19 27 23.2
6204 19 27 23.2
6207 19 27 23.1
6208 19 27 23
6209 19 27 22.8
6210 19 27 22.9
6212 20 27 23
6213 20 28 23.3
6214 20 28 23.3
6215 20 28 23.2
6220 20 28 23.1
6224 20 28 23.1
6226 20 28 23.1
6227 20 27 23
6228 20 27 22.9
6229 20 27 23
6232 20 28 23.1
6233 20 28 23.2
6234 20 28 23.3
6236 20 28 23.4
6238 20 28 23.2
6241 20 28 23.2
6250 20 28 23.3
6251 20 28 23.2
6255 20 28 23.4
6257 20 28 23.2
6259 20 27 23.1
6261 20 27 23.2
6263 20 27 23.2
6265 20 27 23.3
6267 20 27 23.2
6271 20 27 23.3
6272 20 28 23.4
6273 20 28 23.4
6275 20 28 23.5
6279 20 28 23.6
6280 20 28 23.7
6283 20 28 23.6
6284 21 28 23.7
6287 21 28 23.7
6288 20 28 23.6
6295 20 28 23.6
6297 20 28 23.7
6298 19 28 23.6
6299 19 28 23.5
6300 19 28 23.5
6306 19 28 23.5
6308 19 28 23.6
6309 19 28 23.5
6311 19 28 23.4
6316 20 28 23.6
6317 20 28 23.7
6324 20 28 23.8
6331 20 28 23.9
6336 20 28 23.8
6339 20 28 23.9
6344 20 28 24
6350 20 30 24.1
6351 20 30 24.1
6354 20 30 24.2
6356 21 30 24.3
6360 21 30 24.4
6365 21 30 24.5
6366 21 30 24.4
6367 21 30 24.2
6368 21 30 24.3
6371 21 30 24.4
6374 21 30 24.3
6375 21 30 24.4
6376 21 30 24.5
6377 21 30 24.4
6378 21 29 24.3
6379 20 28 24.1
6385 20 28 24.2
6387 20 28 24.2
6390 20 28 24.3
6391 20 28 24.4
6392 20 28 24.3
6393 20 28 24.4
6396 20 28 24.3
6399 20 28 24.3
6401 20 28 24.4
6403 20 28 24.2
6404 20 28 24.1
6405 20 28 24
6410 20 28 24.1
6411 21 28 24.2
6418 21 28 24.2
6423 21 28 24
6424 21 28 24
6429 21 28 23.9
6431 21 28 24
6433 21 28 23.9
6438 21 28 23.8
6439 21 28 24
6443 22 28 24.1
6446 22 28 24
6448 22 29 24.1
6451 21 29 24
6452 21 29 23.9
6453 21 29 24
6458 21 29 23.8
6459 21 29 23.9
6463 21 29 24
6466 22 29 24.1
6474 22 28 24.1
6475 22 28 24.2
6476 22 28 24.4
6479 22 28 24.5
6480 22 28 24.6
6481 22 28 24.6
6487 22 28 24.4
6488 21 28 24.3
6490 21 28 24.2
6493 21 28 24.3
6494 21 28 24.2
6499 21 28 24.3
6502 21 28 24.2
6503 21 28 24.1
6504 21 28 24
6514 21 28 24
6515 21 28 23.9
6517 21 28 24
6530 22 28 24.1
6532 22 28 24.2
6533 22 28 24.3
6536 22 28 24.4
6541 22 28 24.5
6542 22 28 24.4
6543 22 28 24.5
6545 22 28 24.6
6548 22 28 24.5
6549 22 28 24.6
6555 22 28 24.5
6557 21 28 24.5
6559 21 28 24.4
6563 21 28 24.5
6568 21 28 24.4
6569 21 28 24.3
6571 21 28 24.4
6577 21 28 24.3
6580 21 28 24.2
6583 21 28 24.3
6585 21 28 24.4
6601 21 28 24.5
6610 21 28 24.6
6611 21 28 24.4
6613 21 28 24.5
6614 21 28 24.6
6616 21 29 24.7
6617 21 28 24.6
6618 22 28 24.7
6624 22 28 24.7
6629 22 28 24.8
6635 22 28 24.8
6636 22 28 24.7
6637 22 28 24.5
6638 22 27 24.4
6640 21 27 24.4
6643 21 27 24.3
6646 22 27 24.4
6653 22 27 24.5
6654 22 27 24.6
6657 22 27 24.7
6658 22 27 24.8
6665 23 27 25
6669 23 27 25.1
6671 23 27 25.3
6674 23 27 25.4
6679 23 27 25.7
6680 23 27 25.7
6681 21 27 25.5
6691 21 27 25.6
6692 21 27 25.5
6693 21 27 25.5
6694 21 29 25.7
6696 21 29 25.6
6698 21 29 25.4
6701 21 29 25.3
6706 21 29 25.3
6707 21 29 25.3
6713 21 29 25.4
6720 21 29 25.3
6722 22 29 25.5
6728 22 29 25.6
6733 22 29 25.5
6736 22 29 25.4
6741 22 29 25.5
6744 23 29 25.6
6749 22 29 25.5
6750 22 29 25.2
6751 22 29 25.3
6755 22 29 25.2
6757 22 29 25.3
6764 22 29 25.2
6773 23 29 25.3
6776 23 30 25.4
6777 23 30 25.5
6778 23 30 25.6
6780 23 30 25.5
6783 23 30 25.6
6785 23 30 25.4
6789 23 31 25.5
6790 23 31 25.6
6795 23 31 25.6
6796 23 31 25.7
6805 23 31 25.6
6807 23 31 25.7
6818 23 30 25.6
6819 23 30 25.7
6824 23 30 25.8
6830 23 30 25.9
6834 23 30 26
6835 23 30 26
6836 23 30 26.1
6838 23 30 26.2
6843 23 30 26.3
6847 23 30 26.2
6857 23 30 26.1
6859 23 30 26
6860 22 30 25.7
6861 22 30 25.6
6864 22 30 25.5
6867 22 30 25.6
6875 22 30 25.7
6877 22 30 25.8
6879 22 30 25.9
6880 22 30 26
6883 22 30 26.1
6885 22 30 26.2
6898 22 30 26.3
6899 22 30 26.4
6902 22 30 26.3
6907 22 30 26.2
6912 23 30 26.3
6915 23 30 26.4
6927 23 30 26.2
6930 23 30 26.3
6940 23 30 26.3
6941 23 30 26.3
6942 23 30 26.1
6947 23 30 26.2
6952 23 30 26.3
6953 23 30 26.2
6955 23 31 26.3
6957 23 31 26.4
6967 23 31 26.5
6974 23 31 26.5
6980 23 31 26.4
6981 23 31 26.7
6983 23 31 26.9
6988 23 31 27
6993 23 31 27.1
6995 23 31 27.1
7002 23 31 27
7008 23 31 26.7
7011 23 31 26.6
7019 23 31 26.5
7022 23 31 26.4
7023 23 32 26.5
7024 23 32 26.6
7025 23 32 26.7
7028 23 32 26.8
7030 23 32 26.9
7033 23 32 26.8
7038 23 32 26.7
7048 22 32 26.5
7049 22 32 26.5
7050 22 32 26.6
7051 22 31 26.5
7057 22 31 26.4
7058 22 31 26.5
7065 22 32 26.6
7078 22 32 26.5
7079 22 32 26.6
7080 23 32 26.9
7083 23 32 27
7091 23 32 27.1
7098 23 32 27.2
7099 23 32 27.3
7102 23 32 27.1
7103 23 32 27.1
7105 23 32 27.2
7106 23 32 27.1
7107 22 32 27
7108 21 32 26.9
7119 21 32 26.7
7122 21 32 26.6
7126 21 32 26.5
7132 21 32 26.4
7133 21 32 26.5
7144 21 32 26.6
7153 21 30 26.4
7154 21 30 26.5
7162 21 30 26.6
7174 21 31 26.7
7177 21 31 26.5
7196 21 31 26.6
7201 21 31 26.7
7205 21 31 26.9
7208 21 31 26.9
7209 21 30 26.8
7215 21 30 26.9
7216 21 30 26.8
7218 21 30 26.9
7222 21 30 27
7223 21 30 27.1
7228 21 30 27
7234 21 30 26.9
7242 21 30 27
7243 21 30 27
7244 21 30 27.1
7246 21 30 26.9
7256 21 30 27
7257 21 31 27.1
7262 21 31 27.2
7269 21 31 27.4
7271 21 31 27.2
7272 21 30 27.1
7283 21 30 27.2
7286 22 30 27.3
7288 22 30 27.4
7289 22 30 27.3
7292 22 30 27.2
7293 22 30 27.1
7298 22 30 27
7304 22 30 27.1
7309 21 30 27
7311 21 30 26.7
7313 22 30 26.8
7314 21 30 26.7
7315 21 30 26.7
7317 21 30 26.8
7318 21 31 26.9
7319 21 31 27
7324 21 31 27.1
7327 22 31 27.2
7332 22 30 27.1
7336 23 30 27.2
7340 22 30 27.1
7341 21 30 27
7342 21 30 26.9
7344 21 30 26.8
7350 19 30 26.6
7355 19 30 26.7
7356 19 30 26.8
7364 20 30 26.9
7365 20 31 27
7367 20 31 27.1
7370 20 31 27.2
7372 20 31 27.3
7379 20 32 27.5
7381 20 32 27.6
7395 20 32 27.5
7396 20 32 27.6
7397 20 32 27.7
7399 20 32 27.8
7407 20 31 27.6
7409 20 31 27.6
7420 20 31 27.5
7425 20 31 27.4
7427 20 31 27.3
7433 20 32 27.4
7436 20 32 27.5
7437 21 32 27.6
7442 21 32 27.8
7446 22 32 27.9
7450 23 32 28.1
7454 23 32 28.2
7461 23 33 28.3
7464 22 33 27.9
7465 22 33 28
7470 21 33 27.9
7473 21 33 28
7474 19 33 27.8
7477 19 33 27.9
7478 19 33 27.8
7482 19 33 27.7
7490 19 33 27.8
7493 19 33 27.7
7495 19 33 27.8
7510 19 33 27.9
7519 19 33 27.8
7565 19 33 27.9
7572 19 33 28
7575 20 33 28.1
7578 20 33 27.9
7580 20 33 28
7581 20 33 28.1
7585 20 33 28.2
7600 20 33 28.3
7603 20 33 28.2
7605 20 33 28.3
7607 20 33 28.4
7608 20 33 28.4
7610 20 33 28.2
7613 20 33 28.3
7615 21 33 28.4
7617 21 33 28.5
7620 21 33 28.3
7629 21 33 28.4
7631 21 33 28.3
7633 21 33 28.3
7640 21 33 28.5
7642 20 33 28.4
7644 20 33 28.3
7645 20 33 28.2
7648 20 34 28.3
7654 20 34 28.4
7656 20 34 28.3
7669 20 34 28.4
7674 20 34 28.6
7676 20 34 28.7
7681 20 34 28.8
7682 20 34 28.7
7683 21 34 28.9
7684 22 34 29
7697 22 34 28.8
7699 22 34 28.7
7701 22 34 28.7
7702 22 34 28.6
7708 21 34 28.5
7711 20 34 28.4
7725 20 34 28.5
7738 20 34 28.6
7739 20 34 28.5
7745 20 34 28.4
7752 20 34 28.5
7753 20 34 28.6
7762 21 34 28.7
7767 22 34 28.8
7780 22 34 28.6
7790 22 34 28.6
7791 22 34 28.7
7793 22 34 28.8
7794 22 34 28.9
7807 22 34 29.1
7809 22 34 29.2
7821 22 34 29.1
7822 22 34 29.2
7826 22 34 29.1
7828 22 34 29
7834 22 34 29.1
7836 23 34 29.2
7837 23 34 29.1
7838 23 34 29.3
7839 23 35 29.4
7848 23 35 29.5
7850 23 35 29.4
7858 22 35 29.2
7859 21 35 29.1
7860 21 35 29.2
7861 21 35 29.3
7866 21 35 29.1
7876 21 35 29.1
7882 21 35 29.2
7888 21 35 29.1
7890 22 35 29.2
7902 22 35 29.3
7917 21 35 29.2
7923 21 35 29.3
7931 21 35 29.2
7938 21 35 29.3
7951 21 35 29.2
7959 22 35 29.3
7960 22 35 29.4
7967 22 35 29.3
7983 22 35 29.2
7999 22 35 29.3
8011 23 35 29.4
8013 23 35 29.5
8027 22 35 29.4
8033 22 35 29.5
8039 22 35 29.5
8041 22 35 29.7
8065 22 35 29.5
8066 22 35 29.4
8069 22 35 29.3
8071 22 35 29.4
8079 22 35 29.5
8084 22 35 29.6
8085 22 35 29.7
8086 22 35 29.8
8094 22 35 29.8
8110 23 35 29.9
8113 23 35 29.9
8114 22 35 29.8
8122 22 35 29.7
8128 22 36 29.8
8164 23 36 29.9
8180 23 36 30
8182 23 36 30.1
8192 22 36 30
8195 22 36 30.1
8201 22 36 30
8203 22 36 30.1
8206 22 36 30.2
8219 22 36 30.1
8224 22 36 30
8225 22 36 30.2
8231 22 36 30.1
8233 22 36 30
8245 22 36 30.1
8246 22 36 30.2
8261 23 36 30.3
8270 22 36 30.2
8271 22 36 30.3
8274 23 36 30.4
8275 22 36 30.4
8287 22 36 30.5
8297 21 36 30.4
8301 21 36 30.6
8303 21 36 30.6
8317 21 36 30.7
8328 21 36 30.8
8331 21 36 30.7
8340 21 36 30.8
8344 21 36 30.9
8354 22 36 31
8370 22 36 31.1
8382 21 36 31
8384 22 36 31.2
8388 22 36 31.3
8397 22 36 31.4
8418 20 36 31.2
8452 20 36 31.3
8466 21 36 31.6
8482 21 36 31.7
8494 21 36 31.6
8495 21 36 31.6
8505 21 36 31.7
8507 21 36 31.8
8508 21 36 31.9
8515 21 36 31.7
8531 21 36 31.8
8536 21 36 31.7
8540 21 36 31.5
8546 21 36 31.7
8555 21 36 31.8
8559 21 36 31.7
8566 21 36 31.8
8575 21 36 31.7
8580 21 36 31.8
8583 21 36 31.7
8594 21 36 31.8
8603 24 36 32.1
8631 25 36 32.2
8632 24 36 32.1
8644 24 36 32.2
8659 25 36 32.3
8682 24 36 32.2
8686 24 36 32.3
8687 24 36 32.5
8690 24 36 32.6
8701 24 36 32.7
8710 24 36 32.5
8714 24 36 32.4
8723 24 36 32.3
8724 24 36 32.2
8728 24 36 32.3
8741 24 36 32.5
8755 25 36 32.7
8761 25 36 32.8
8763 25 36 32.7
8764 25 36 32.7
8769 26 36 32.8
8771 25 36 32.7
8772 25 36 32.8
8782 26 36 32.9
8797 25 36 32.8
8809 25 36 32.9
8837 25 36 32.8
8848 25 36 32.9
8877 25 36 32.8
8890 25 36 32.9
8892 26 36 33
8915 25 36 32.9
8919 26 36 33
8920 25 36 32.9
8933 26 36 33
8947 25 36 32.9
8959 26 36 33
8975 26 36 33.1
8989 26 36 33.2
9002 26 36 33.1
9003 26 36 33.2
9012 26 36 33.1
9016 27 36 33.2
9025 27 36 33.1
9066 27 36 33.2
9072 27 36 33.3
9101 27 36 33.2
9139 27 36 33.3
9141 27 36 33.4
9151 27 36 33.5
9167 28 36 33.6
9169 28 36 33.5
9174 28 36 33.5
9192 28 36 33.6
9195 28 36 33.7
9217 28 36 33.6
9220 28 36 33.5
9222 28 36 33.6
9236 29 36 33.7
9237 29 36 33.8
9259 28 36 33.7
9260 27 36 33.6
9265 27 36 33.6
9317 27 36 33.7
9325 25 36 33.5
9331 25 36 33.7
9346 26 36 33.8
9358 26 36 33.9
9359 26 36 34.1
9365 26 36 33.9
9382 26 36 33.8
9387 27 36 33.9
9455 27 36 34
9524 28 36 34.1
9526 28 36 34.2
9535 28 36 34.3
9551 28 36 34.4
9553 28 36 34.3
9558 28 36 34.4
9580 28 36 34.5
9621 29 36 34.6
9643 28 36 34.5
9662 29 36 34.6
9673 29 36 34.7
9716 29 36 34.8
9744 30 36 34.9
9771 30 36 35
9799 31 36 35
9813 32 36 35.1
9836 31 36 35
9840 31 36 35.1
9841 32 36 35.2
9895 33 36 35.3
9918 32 36 35.2
10005 33 36 35.3
10039 31 36 35.1
10086 31 36 35.2
10114 31 36 35.1
10171 31 36 35.2
10238 32 36 35.3
10334 33 36 35.4
10375 33 36 35.5
10431 34 36 35.6
10457 34 36 35.7
10469 34 36 35.6
10664 35 36 35.7
10732 35 36 35.8
10993 35 36 35.9
11035 36 36 36
18455 35 36 35.9
18897 35 36 35.8
19080 35 36 35.9
19412 36 36 36
19967 35 36 35.9
20385 36 36 36
22232 35 36 35.9
23104 36 36 36
27409 35 36 35.9
27800 36 36 36
32740 35 36 35.9
33406 36 36 36
48934 35 36 35.9
49367 36 36 36
67007 35 36 35.9
67398 36 36 36
92909 35 36 35.9
93067 36 36 36
114346 35 36 35.9
114573 36 36 36
128146 35 36 35.9
128668 36 36 36
140451 35 36 35.9
140911 36 36 36
150964 35 36 35.9
151974 36 36 36
170794 35 36 35.9
170966 36 36 36
170986 35 36 35.9
172106 36 36 36
177144 35 36 35.9
177976 36 36 36
178677 35 36 35.9
179199 36 36 36
188456 35 36 35.9
189328 36 36 36
192857 35 36 35.9
193681 36 36 36
201200 35 36 35.9
201440 36 36 36
206527 35 36 35.9
206960 36 36 36
218408 35 36 35.9
218649 36 36 36
218752 35 36 35.9
219597 36 36 36
226514 35 36 35.9
226645 36 36 36
227170 35 36 35.9
227960 36 36 36
236493 35 36 35.9
236981 36 36 36
248220 35 36 35.9
248261 34 36 35.8
248556 35 36 35.9
249037 36 36 36
252733 35 36 35.9
253619 36 36 36
262876 35 36 35.9
263514 36 36 36
264637 35 36 35.9
265475 36 36 36
270924 34 36 35.8
270965 33 36 35.7
271123 34 36 35.8
271164 35 36 35.9
271824 36 36 36
272476 35 36 35.9
272744 36 36 36
281261 35 36 35.9
282051 36 36 36
300000 36 36 36
