0 0 0 0
4144 0 1 0.1
4169 0 1 0.2
4191 0 1 0.3
4249 0 1 0.4
4253 0 1 0.5
4257 0 1 0.6
4260 0 2 0.7
4274 0 2 0.8
4276 0 2 0.9
4284 0 2 1
4286 0 3 1.1
4290 0 4 1.2
4292 0 4 1.3
4298 0 4 1.4
4302 0 4 1.4
4303 1 4 1.5
4305 1 5 1.6
4310 1 5 1.6
4323 1 4 1.5
4328 1 4 1.7
4330 1 4 1.7
4333 1 4 1.8
4336 1 4 1.9
4356 1 4 1.9
4357 1 4 2
4388 1 4 2.1
4395 1 4 2.2
4397 1 4 2.3
4398 1 4 2.4
4410 1 4 2.3
4414 1 4 2.3
4417 1 4 2.4
4422 1 4 2.5
4434 1 4 2.6
4438 1 4 2.7
4443 1 4 2.7
4447 1 4 2.8
4449 1 4 2.9
4453 2 4 3
4455 2 4 3
4471 2 4 3.1
4474 2 4 3.2
4475 3 4 3.3
4477 3 4 3.3
4480 3 4 3.3
4484 3 4 3.4
4486 3 4 3.5
4487 3 5 3.6
4491 3 5 3.7
4497 3 5 3.7
4507 2 5 3.6
4514 2 4 3.5
4532 2 4 3.6
4539 2 5 3.7
4541 2 5 3.8
4564 2 5 3.9
4581 2 6 4
4588 2 6 4.1
4591 2 6 4
4592 2 6 3.9
4596 2 6 3.8
4604 2 6 3.9
4606 2 6 4
4610 2 6 4.1
4616 2 7 4.3
4617 2 7 4.2
4625 2 7 4.3
4628 2 6 4.2
4635 2 6 4.3
4641 2 6 4.3
4642 2 6 4.2
4644 2 6 4.1
4645 3 6 4.2
4646 3 6 4.2
4648 3 6 4.3
4653 3 6 4.4
4654 3 6 4.5
4661 3 6 4.6
4662 3 6 4.6
4666 3 6 4.6
4671 3 6 4.5
4674 3 6 4.6
4675 3 6 4.4
4681 3 6 4.5
4682 3 6 4.5
4683 4 6 4.6
4688 4 5 4.5
4691 4 5 4.6
4695 4 6 4.7
4696 4 6 4.7
4697 4 6 4.6
4702 4 6 4.5
4703 4 7 4.6
4707 4 7 4.7
4709 4 7 4.7
4710 4 7 4.6
4725 4 7 4.6
4730 4 7 4.6
4731 3 7 4.5
4734 3 7 4.6
4736 3 6 4.5
4754 3 6 4.4
4758 4 6 4.5
4760 4 6 4.5
4765 4 6 4.4
4769 4 6 4.5
4773 4 6 4.6
4782 4 6 4.7
4784 4 6 4.8
4785 4 7 4.9
4786 4 7 5
4801 4 7 5
4803 4 7 5.1
4804 4 7 5.2
4807 4 7 5.3
4809 4 7 5.2
4810 4 7 5.3
4812 4 7 5.4
4814 4 6 5.3
4819 4 6 5.3
4822 4 6 5.2
4824 4 6 5.2
4825 4 6 5.1
4826 4 6 5.2
4832 4 6 5.2
4833 4 6 5.1
4839 4 6 5.1
4840 4 6 5.1
4852 4 6 5.2
4853 4 6 5.3
4854 4 6 5.3
4869 4 6 5.3
4874 4 6 5.3
4875 4 6 5.4
4879 4 6 5.4
4880 4 6 5.3
4881 4 6 5.3
4883 4 6 5.4
4884 4 7 5.6
4886 4 7 5.7
4889 4 7 5.7
4890 4 7 5.7
4891 4 7 5.8
4897 4 7 5.9
4900 4 7 5.9
4902 4 7 6
4909 4 7 5.9
4911 4 7 5.9
4912 4 7 5.9
4914 5 7 6
4916 5 7 6.1
4918 5 7 6
4919 5 7 5.9
4923 5 7 5.9
4934 5 7 5.9
4937 5 7 6
4939 5 7 6.1
4942 5 7 6.1
4943 5 7 6.1
4944 5 7 6.1
4948 5 7 6.1
4949 5 7 6.1
4950 5 7 6
4954 5 7 6
4958 5 7 6.1
4961 5 7 6.1
4964 5 8 6.2
4965 5 8 6.1
4968 5 8 6.1
4976 5 8 6.3
4980 5 8 6.3
4985 5 8 6.2
4989 5 8 6.2
4991 5 8 6.3
4998 5 8 6.2
4999 5 8 6.3
5003 5 8 6.2
5017 5 8 6.2
5019 5 8 6.2
5030 5 9 6.3
5036 5 9 6.4
5039 5 9 6.5
5045 5 9 6.6
5052 5 9 6.5
5054 5 9 6.6
5057 6 9 6.7
5059 5 9 6.6
5060 5 9 6.6
5061 5 9 6.7
5064 5 9 6.7
5066 5 9 6.8
5068 5 9 6.9
5070 5 9 7
5076 5 9 7
5085 5 9 7.1
5087 5 9 7.2
5088 5 9 7.2
5090 5 9 7.3
5100 5 9 7.4
5102 5 9 7.5
5104 5 10 7.7
5105 6 10 7.8
5106 6 10 7.9
5107 6 10 8
5109 6 10 7.9
5111 6 10 8
5112 6 10 7.9
5113 6 10 7.8
5118 6 10 7.8
5120 6 10 7.7
5123 6 10 7.8
5126 6 10 7.9
5127 6 10 8.1
5129 6 10 8.1
5130 6 10 8.1
5132 6 10 8.1
5133 6 10 8.1
5136 6 10 8.2
5138 6 10 8.1
5139 6 10 8
5143 6 10 7.9
5144 6 10 8
5145 6 9 7.9
5148 6 9 7.9
5153 6 10 8
5155 6 10 8
5156 6 10 8
5158 6 10 8
5161 6 10 8
5163 6 10 7.9
5164 6 11 7.9
5166 6 11 7.8
5169 6 11 7.9
5171 6 10 7.8
5174 6 10 7.9
5176 7 10 8
5177 7 10 8.1
5178 7 10 8.2
5183 7 10 8.4
5184 7 11 8.5
5185 7 11 8.6
5188 7 11 8.7
5190 7 11 8.6
5191 8 11 8.7
5197 8 11 8.6
5201 7 11 8.5
5202 7 11 8.4
5204 7 11 8.5
5205 6 11 8.4
5208 6 11 8.3
5210 6 11 8.2
5211 6 12 8.3
5215 6 12 8.3
5218 6 11 8.3
5225 6 11 8.2
5226 6 11 8.1
5227 6 11 8.1
5228 6 11 8
5231 6 11 8
5239 6 10 7.9
5242 6 10 8
5244 6 10 7.9
5247 6 10 7.8
5250 6 10 7.9
5259 6 10 7.9
5264 6 10 8
5265 6 10 8.1
5267 6 10 8
5272 6 10 7.9
5273 7 10 8
5274 7 10 7.9
5278 7 10 8
5280 7 10 8.1
5287 7 10 8.1
5296 6 10 8
5297 6 10 7.9
5300 6 10 8
5301 6 10 8
5302 6 10 8.1
5303 6 10 8.1
5308 6 10 8
5327 6 10 8
5328 6 10 8.1
5329 6 10 8.2
5337 6 11 8.3
5342 6 11 8.4
5343 6 11 8.5
5351 6 11 8.4
5356 6 10 8.2
5359 6 10 8.1
5366 7 10 8.1
5370 7 10 8.1
5375 7 10 8.2
5376 7 10 8.3
5380 7 10 8.4
5387 7 10 8.5
5390 7 11 8.6
5392 7 11 8.6
5394 7 11 8.7
5399 7 11 8.6
5401 7 11 8.7
5402 7 11 8.7
5403 7 11 8.6
5413 7 10 8.5
5416 6 10 8.4
5418 6 10 8.3
5421 6 10 8.3
5422 6 10 8.3
5423 6 10 8.4
5424 6 10 8.3
5425 6 10 8.4
5430 6 10 8.4
5431 6 11 8.5
5438 6 11 8.5
5448 6 11 8.5
5449 6 11 8.4
5452 6 11 8.3
5453 6 11 8.2
5455 6 11 8.3
5459 6 9 8.1
5470 6 9 8
5476 6 9 8.1
5478 6 10 8.3
5482 6 10 8.4
5498 6 10 8.5
5499 6 10 8.4
5504 6 10 8.3
5505 6 10 8.2
5523 6 10 8.3
5525 6 10 8.2
5527 6 10 8.3
5531 6 10 8.4
5534 6 10 8.6
5535 6 10 8.7
5543 6 10 8.8
5546 6 10 8.7
5549 6 10 8.6
5551 6 10 8.7
5553 6 10 8.7
5555 6 10 8.8
5557 6 10 8.7
5562 6 10 8.7
5565 6 10 8.7
5568 7 10 8.8
5570 7 10 8.9
5577 7 10 8.9
5578 7 10 9
5580 8 10 9.2
5587 8 11 9.3
5591 7 11 9.2
5596 6 11 9.1
5597 6 11 9.1
5603 6 11 9.2
5605 6 10 9.1
5607 6 11 9.2
5608 6 11 9.1
5613 6 11 9.2
5615 6 11 9.1
5622 6 11 9
5629 6 11 9.1
5630 7 11 9.2
5631 7 11 9.4
5635 8 11 9.4
5636 7 11 9.3
5650 7 11 9.4
5653 7 11 9.4
5656 7 11 9.3
5665 7 11 9.2
5668 8 11 9.3
5674 8 11 9.2
5676 8 11 9.3
5678 8 12 9.5
5679 8 12 9.4
5682 8 12 9.5
5683 8 11 9.4
5691 8 12 9.5
5692 8 13 9.6
5703 8 13 9.6
5706 8 13 9.6
5707 8 13 9.7
5711 8 13 9.8
5713 9 13 9.9
5714 9 13 9.9
5716 9 12 9.8
5717 9 11 9.7
5726 8 11 9.6
5727 8 12 9.8
5729 8 12 9.9
5730 8 12 9.9
5734 8 12 9.9
5735 8 12 9.8
5740 8 12 9.7
5749 8 11 9.6
5760 8 11 9.7
5764 8 11 9.8
5773 8 12 9.9
5774 8 12 10
5785 8 12 10.2
5788 8 12 10.1
5792 8 12 10
5794 8 12 10.1
5797 8 12 10
5802 8 12 10
5806 8 12 10.1
5816 8 12 10.2
5837 8 12 10.3
5839 8 12 10.4
5846 8 12 10.5
5863 8 13 10.6
5867 8 13 10.4
5868 8 13 10.5
5871 8 13 10.6
5874 8 13 10.5
5878 8 13 10.6
5891 8 13 10.7
5910 8 13 10.8
5911 8 13 10.9
5912 8 13 11
5914 9 13 11.1
5921 9 13 11.2
5922 9 13 11.3
5923 9 13 11.2
5927 9 13 11.1
5937 9 13 11.1
5940 9 13 11
5943 9 13 11.1
5944 9 13 11
5957 9 13 11.1
5959 9 13 11.2
5961 9 14 11.3
5966 9 14 11.2
5970 9 14 11.3
5978 9 14 11.4
5980 9 14 11.6
5984 9 14 11.5
5987 9 14 11.6
5991 9 14 11.5
5993 9 14 11.4
5994 9 14 11.5
6001 9 14 11.4
6004 9 14 11.5
6008 9 14 11.4
6025 9 14 11.5
6035 9 14 11.4
6039 9 14 11.5
6047 9 14 11.5
6048 9 14 11.4
6060 9 14 11.3
6067 9 14 11.3
6068 9 14 11.4
6076 9 14 11.5
6084 9 14 11.6
6093 9 14 11.7
6096 9 14 11.8
6097 9 15 11.8
6103 9 15 11.9
6104 9 15 11.8
6106 9 15 11.6
6113 9 15 11.7
6116 9 15 11.8
6119 9 15 11.9
6122 9 15 11.8
6123 9 15 11.7
6126 9 15 11.6
6136 9 15 11.5
6137 9 15 11.4
6147 9 15 11.3
6152 9 15 11.3
6166 9 15 11.4
6170 9 15 11.5
6175 9 15 11.7
6179 9 15 11.8
6188 9 15 11.9
6190 10 15 11.9
6197 10 15 11.8
6200 10 15 11.9
6204 10 15 12
6212 9 15 11.9
6228 10 15 12
6232 10 15 11.9
6234 10 15 12
6250 10 15 11.9
6255 9 15 11.8
6280 9 15 11.9
6296 10 15 12
6303 10 15 11.9
6307 10 15 12
6315 9 15 11.9
6343 9 15 12
6351 10 15 12.1
6373 10 15 12.2
6395 10 15 12.2
6396 10 15 12.3
6398 10 15 12.4
6402 10 15 12.5
6405 10 15 12.4
6419 10 15 12.3
6430 10 15 12.2
6451 10 15 12.3
6460 10 15 12.4
6473 10 15 12.5
6482 10 15 12.6
6492 10 15 12.7
6499 10 15 12.8
6500 10 15 12.8
6501 10 15 12.9
6510 10 16 13
6512 10 16 13.1
6518 10 16 13.2
6526 10 16 13.1
6527 10 16 13.2
6540 10 16 13.1
6550 10 16 13.2
6570 10 16 13.3
6573 10 16 13.2
6598 10 16 13.3
6611 10 16 13.4
6614 10 16 13.5
6626 10 16 13.4
6637 10 16 13.5
6647 10 16 13.6
6653 10 16 13.7
6662 10 16 13.5
6669 10 16 13.4
6675 10 16 13.5
6704 10 16 13.6
6728 8 16 13.4
6784 8 16 13.5
6804 9 16 13.6
6808 10 16 13.7
6818 11 16 13.8
6831 10 16 13.7
6836 10 16 13.7
6846 9 16 13.6
6856 9 16 13.7
6875 9 16 13.8
6885 9 16 13.9
6897 9 16 13.8
6900 9 16 14
6932 10 16 14.1
6948 10 16 14.2
6949 10 16 14.3
6954 10 16 14.3
6957 10 16 14.4
6972 10 16 14.3
6980 10 16 14.2
6988 10 16 14.3
7000 11 16 14.4
7023 9 16 14.2
7024 8 16 14.1
7082 9 16 14.2
7092 9 16 14.3
7096 9 16 14.4
7134 10 16 14.5
7148 11 16 14.6
7150 11 16 14.7
7182 11 16 14.8
7234 12 16 14.9
7257 10 16 14.7
7314 10 16 14.8
7322 10 16 14.9
7339 10 16 15
7346 10 16 14.9
7363 10 16 15
7457 10 16 15.1
7495 11 16 15.2
7507 11 16 15.3
7515 11 16 15.4
7518 10 16 15.3
7520 10 16 15.4
7522 12 16 15.6
7536 13 16 15.7
7546 12 16 15.6
7550 13 16 15.7
7562 12 16 15.6
7563 13 16 15.7
7586 12 16 15.6
7742 13 16 15.7
7893 14 16 15.8
8277 15 16 15.9
8415 16 16 16
15522 15 16 15.9
15954 16 16 16
16720 15 16 15.9
17043 16 16 16
18945 15 16 15.9
19583 16 16 16
22511 15 16 15.9
22625 15 16 15.8
23044 15 16 15.9
23150 16 16 16
96876 15 16 15.9
97054 16 16 16
114367 15 16 15.9
114964 16 16 16
156939 15 16 15.9
157069 16 16 16
208651 15 16 15.9
208850 16 16 16
216635 15 16 15.9
217282 16 16 16
217294 15 16 15.9
218022 16 16 16
234922 15 16 15.9
235369 16 16 16
240424 15 16 15.9
241125 16 16 16
245077 15 16 15.9
245613 16 16 16
300000 16 16 16
