4500 5 10 7.3
4500 7 13 10
4800 19 26 22.3
4800 19 27 22.9
4900 22 31 25.1
4900 22 33 25.8
5200 29 42 33.6
5200 28 41 33.5
5300 29 37 33.4
5300 29 36 33.2
5500 34 41 37.2
5500 34 41 37.3
5600 35 44 38.7
5600 35 44 38.9
5700 37 48 40.1
5700 37 46 39.7
5900 36 49 42.4
5900 36 48 42.7
6000 39 50 44.2
6000 38 50 44.4
6100 42 53 45.6
6100 43 52 45.9
6200 41 53 46.5
6200 41 52 46.3
6300 41 51 46.6
6300 43 51 46.8
6400 40 55 47.6
6400 43 54 48.2
6600 44 52 47.6
6600 44 51 47.7
6700 45 54 49.7
6700 47 53 49.9
6800 45 54 50.3
6800 45 55 50.6
6900 48 53 50.6
6900 49 54 50.8
7000 48 57 51.2
7000 47 55 50.4
7100 47 54 49.9
7100 44 54 49.5
7300 46 55 50.8
7300 44 56 50.6
7500 50 60 53.9
7500 50 60 53.8
7600 48 61 53.5
7600 48 59 53.4
7700 49 58 54.3
7700 47 58 54
7800 48 62 53.7
7800 49 61 54
7900 50 60 53.5
7900 50 60 53.4
8000 47 60 52.9
8000 48 58 52.8
8300 47 58 53.2
8300 47 59 53.2
8400 47 61 54.2
8400 46 60 54.1
8500 49 60 54.3
8500 48 61 55.8
8700 53 62 57.5
8700 53 62 57.6
8900 51 65 57.4
8900 50 66 57.6
9100 48 69 57.2
9100 49 70 57.5
9400 46 69 55.2
9400 46 69 55.5
9600 52 66 57.1
9600 50 66 57.4
9800 50 65 58.6
9800 49 66 58.7
10000 49 70 59.5
10000 48 70 59.3
10800 55 66 60.7
10800 55 68 60.9
11200 53 70 63.3
11200 53 71 63.2
11400 58 73 63.2
11400 57 73 63
11600 60 70 63
11600 60 73 63.3
12100 57 66 62.7
12100 57 68 62.9
12300 54 71 64
12300 57 71 64.4
12500 55 76 64.7
12500 55 76 64.2
12700 56 71 63.8
12700 55 71 64.2
12800 57 69 63.3
12800 57 69 63.5
12900 57 69 63.1
12900 55 68 62.8
13000 57 67 62.5
13000 57 67 62.5
13200 57 65 63.1
13200 57 66 63
13300 58 68 63.7
13300 57 67 63.3
13400 54 67 62.8
13400 57 67 63.2
13700 56 71 65.1
13700 58 74 64.7
13900 59 71 64
13900 59 71 64.1
14000 59 72 64.3
14000 58 72 63.9
14400 59 68 63.6
14400 61 69 63.9
14600 59 67 62.8
14600 59 67 62.8
14800 60 66 63.3
14800 58 66 63.3
14900 57 70 63.3
14900 57 70 62.9
15100 59 67 63.4
15100 59 68 63.4
15300 56 69 63.2
15300 56 70 64.6
15900 63 70 65.8
15900 63 70 65.8
16200 61 69 65.3
16200 61 69 64.8
16300 56 70 64
16300 56 71 64.3
16900 60 68 63.7
16900 59 67 63.3
17100 57 68 63.2
17100 58 68 63.3
17400 61 69 64.1
17400 62 70 64.5
17500 61 72 65.1
17500 61 71 64.8
17800 61 69 65.1
17800 61 69 65.2
18100 63 71 66
18100 63 71 65.9
18300 59 69 64.5
18300 58 69 64.3
18700 58 70 65.1
18700 58 70 64.8
18900 60 68 63.1
18900 59 68 63.1
19000 60 67 64.9
19000 60 69 65.4
19100 57 70 63.7
19100 56 70 63.9
19200 59 70 64.4
19200 60 69 64.3
19400 59 68 64
19400 59 70 64
19600 62 67 64.2
19600 62 67 63.7
19800 58 66 62.4
19800 59 66 62.6
20800 60 71 64.5
20800 59 74 64
21100 58 66 62.3
21100 57 67 62.5
21700 62 69 65.2
21700 61 68 64.6
22000 55 67 62
22000 57 67 62.4
22200 57 66 61.1
22200 55 68 61.5
22500 59 69 63.8
22500 58 69 63.7
23000 58 68 63.8
23000 57 69 63.8
23100 57 68 63.4
23100 59 69 63.6
23300 59 69 63.1
23300 58 69 63.2
23700 59 69 63.8
23700 61 70 64.3
23900 61 70 64.3
23900 61 70 64.5
24000 61 67 63.9
24000 61 67 64
24200 62 74 65.4
24200 61 72 64.3
24400 58 72 64.5
24400 58 71 64.5
24600 58 71 65
24600 58 70 64.8
24900 59 68 62.4
24900 58 68 62
25300 61 68 64.6
25300 62 68 64.6
25800 57 69 63.5
25800 57 69 64.3
25900 58 69 63.7
25900 60 69 64.1
26000 59 68 63.9
26000 59 68 64.2
26500 60 67 62.6
26500 58 72 63.6
26800 58 70 65.1
26800 59 70 65.3
26900 56 68 64.7
26900 54 68 64.6
27200 62 70 64.8
27200 59 70 64.6
27500 59 70 64.3
27500 59 70 64.1
27900 59 69 64.3
27900 59 70 63.6
28400 55 71 63.9
28400 57 72 64.3
28500 58 72 64.5
28500 58 70 64.3
29300 62 70 65.2
29300 62 70 65.3
29500 58 71 64.6
29500 58 71 64.5
29700 60 70 64.6
29700 60 70 64.5
29800 58 74 65.1
29800 59 72 65.5
30000 61 74 66.3
30000 61 74 66.5
30100 62 70 65.6
30100 62 71 65.3
30200 61 70 65.1
30200 61 70 65.1
30800 58 68 63.9
30800 58 68 63.4
30900 56 70 64.3
30900 56 70 64
31100 60 70 65.2
31100 60 69 65.1
31300 60 70 65
31300 58 70 65.1
31600 59 70 64.4
31600 59 69 64.4
31700 59 70 64.5
31700 59 70 64.8
32000 62 69 64.3
32000 62 68 64.4
32100 60 70 63.9
32100 56 69 62.4
32300 53 71 62.9
32300 54 73 63.5
32500 57 67 62.9
32500 57 69 63.1
32700 60 68 63.9
32700 60 68 64.3
33000 59 70 63.9
33000 59 69 63.7
33100 58 67 63.8
33100 58 67 64.2
33300 55 71 63.5
33300 58 71 63.5
33400 58 69 63.9
33400 59 70 64.4
33900 60 67 63.9
33900 60 66 63.8
34000 62 68 64.6
34000 62 67 64.9
34600 57 69 62.8
34600 59 68 62.9
34700 60 71 63.5
34700 60 71 63.6
35000 57 67 64
35000 57 68 64
35100 57 69 64.8
35100 59 68 64.7
35300 57 72 63.5
35300 58 72 63.6
35400 57 70 62.7
35400 58 69 62.9
35500 58 67 62.1
35500 54 67 61.9
36300 60 67 63.6
36300 60 67 63.4
36400 58 68 63.4
36400 58 69 63.9
36600 59 70 63.5
36600 61 68 63.8
36700 57 70 63.8
36700 57 72 64.2
37300 57 68 63.9
37300 57 68 63.8
37500 60 69 63.8
37500 60 69 63.5
37900 59 68 63.5
37900 62 68 64.3
38200 58 70 64.4
38200 57 70 64.7
38900 57 69 63
38900 57 69 63.4
39200 60 71 65.1
39200 58 68 64.3
39600 58 72 63.1
39600 56 68 62.3
39900 54 68 62.2
39900 57 69 63.1
40000 58 68 62.1
40000 55 68 62.1
40100 58 68 63.1
40100 58 68 63
40200 58 71 63.9
40200 58 70 64
40300 55 71 64.4
40300 56 72 64.4
40500 60 69 63.8
40500 60 69 63.6
40800 56 69 62.5
40800 58 68 62.1
40900 59 67 62.7
40900 60 67 63.1
41100 58 67 63.9
41100 58 69 64
41800 58 70 64.5
41800 58 70 64.9
41900 61 67 64.5
41900 61 67 64.4
42100 59 72 64.5
42100 57 72 64.5
42400 61 68 64.5
42400 61 67 64
42500 60 68 63.9
42500 59 68 64.3
43000 58 70 63.9
43000 58 69 63.9
43400 60 70 65
43400 60 72 65
44000 58 69 63.1
44000 59 69 63.3
44200 58 69 64.9
44200 59 69 65.4
44400 59 69 64.9
44400 62 69 66
44600 61 71 65.7
44600 57 72 64.7
44800 59 70 64.6
44800 58 70 64.6
45000 58 72 64.1
45000 56 72 63.8
45100 56 72 64.1
45100 58 71 64.2
45300 56 68 61.9
45300 56 69 62
45600 60 66 62.4
45600 60 68 63.1
46000 59 70 64.5
46000 59 70 64.3
46200 58 71 65.2
46200 57 71 65.4
46400 56 71 64
46400 55 70 63.8
46700 59 71 64.6
46700 60 71 64.9
46900 59 67 63.8
46900 60 68 64.2
47200 62 70 65.3
47200 62 70 65.4
47400 61 71 65.3
47400 58 72 64.8
47600 63 69 65.4
47600 61 69 64.9
47800 58 68 63.9
47800 60 67 63.5
47900 59 69 62.8
47900 59 69 62.8
48800 55 66 62.2
48800 55 66 62.1
49200 55 73 66
49200 54 74 66.4
49600 58 72 65.6
49600 58 72 65.7
49700 62 70 65.6
49700 62 70 65.6
49900 60 69 64.4
49900 59 69 63.8
50300 59 69 65.1
50300 59 69 65.1
50500 62 70 64.9
50500 61 68 64.7
51200 62 70 65.9
51200 63 70 65.6
51500 60 72 65
51500 60 72 65.6
51700 61 70 65.7
51700 59 70 64.4
52100 61 69 65.9
52100 62 70 66.4
52200 60 73 66.6
52200 61 73 66.7
52400 63 71 67.5
52400 64 71 67.1
52500 64 69 66.2
52500 63 69 66.1
52700 63 69 65.5
52700 59 71 65.3
53100 61 70 65.1
53100 60 70 64.8
53200 60 72 65.3
53200 61 72 65.4
53800 61 69 65.5
53800 61 70 65.7
54000 58 69 64.5
54000 57 69 63.6
54300 59 71 64.2
54300 59 71 64.4
54400 60 73 64.8
54400 62 73 65.5
54500 61 72 65.1
54500 61 72 65.2
54700 62 68 63.7
54700 61 66 63.5
54800 60 66 63.5
54800 62 66 64.3
54900 59 68 63.5
54900 59 69 64
55200 58 70 63.2
55200 58 70 63.2
55400 58 69 64.4
55400 59 68 63.8
55600 60 69 64.9
55600 61 67 64.7
55700 60 71 63.7
55700 60 71 64
56000 59 70 65.1
56000 56 69 63.9
56300 61 68 63.7
56300 60 69 63.9
56400 61 68 63.8
56400 57 69 63.6
57200 55 69 62.4
57200 54 68 61.9
57400 58 68 62.9
57400 58 67 62.9
57700 57 66 62.2
57700 57 66 62.1
57900 60 70 64.7
57900 60 70 64.9
58400 53 71 64.6
58400 54 73 64.7
58800 59 70 64.6
58800 60 70 64.7
59100 55 72 63.9
59100 56 72 63.9
59900 58 71 65.3
59900 60 71 65.3
60000 57 70 65
60000 58 69 64.2
60500 60 70 65.2
60500 60 69 65
60600 57 68 63.7
60600 58 68 64.1
61100 58 69 63.6
61100 57 69 63.4
61300 59 73 65.1
61300 62 72 65.4
61400 61 69 65.5
61400 60 68 65.4
61600 61 67 64.8
61600 59 70 64.9
61800 58 70 63.5
61800 58 71 63.5
62100 56 71 64
62100 57 71 64.2
62300 52 69 63.2
62300 54 69 64.1
62500 54 68 63.7
62500 54 67 63.2
62900 60 70 65
62900 59 69 65.1
63100 62 72 66.5
63100 63 72 66.5
63200 61 71 65.7
63200 61 72 65.8
63600 61 69 63.9
63600 60 69 63.8
63800 60 71 64.4
63800 60 70 64.3
64100 59 71 63.4
64100 61 71 64.4
64300 57 70 63.4
64300 55 66 63
64500 58 67 63.1
64500 58 67 62.8
64600 59 66 63.5
64600 58 67 63.4
64700 59 67 63.6
64700 60 67 63.7
65300 60 70 65.3
65300 59 71 65.5
65400 59 67 64.3
65400 60 68 64.7
65500 59 68 63.7
65500 58 66 62.8
65700 55 70 63.4
65700 56 71 63
65800 58 67 61.7
65800 58 68 61.9
66500 61 69 64.6
66500 60 70 64.8
66600 61 68 65.5
66600 60 70 65.5
66800 58 69 65.5
66800 59 69 65.5
67000 55 67 64.7
67000 58 69 64.6
67500 60 69 66.2
67500 60 68 65.8
67600 62 69 65.5
67600 61 69 65.3
67800 63 70 65
67800 62 70 65.1
68300 62 69 64.8
68300 62 69 64.5
68400 59 68 64.9
68400 59 67 64.6
69200 58 68 64.9
69200 59 69 65
69300 57 68 64.4
69300 58 67 64.1
70100 61 67 64.4
70100 63 67 64.4
70300 62 72 66.9
70300 57 72 65.9
70800 61 72 65.3
70800 61 71 65.1
71200 57 69 62.9
71200 58 69 63.6
71300 57 71 64.4
71300 57 70 64.4
71600 60 73 64.5
71600 60 70 65.3
71700 61 71 65.4
71700 61 71 65.7
71900 62 72 67.3
71900 62 72 67.2
72500 56 69 64
72500 56 69 64.1
73100 56 71 63.3
73100 55 71 62.8
73200 57 69 63.6
73200 56 69 63.5
73500 61 72 65.8
73500 61 71 65.8
73800 62 70 65.5
73800 62 70 65.7
74400 58 67 62.8
74400 58 67 63
75100 56 69 63.5
75100 56 69 63.8
75300 58 67 62.9
75300 58 69 63.4
75500 59 69 64.7
75500 60 70 65.2
75800 61 72 65.3
75800 61 72 65.7
75900 61 71 65.7
75900 61 69 65.3
76000 62 69 65.4
76000 62 69 65.1
76200 62 70 66.3
76200 62 71 66.6
76300 61 72 67.2
76300 62 71 67.2
76700 60 73 64.7
76700 58 69 64.4
76900 59 69 64.6
76900 60 70 65.7
77000 60 70 66
77000 57 68 65.4
77200 59 67 64.7
77200 59 67 64
77900 60 73 66.9
77900 59 72 67.2
78100 61 73 67.3
78100 62 73 67.2
78800 57 68 62.5
78800 57 68 62.9
79000 54 71 64
79000 56 71 64.4
79300 55 67 63.4
79300 60 67 63.8
79500 61 68 64.7
79500 60 68 64
80300 52 70 63
80300 54 70 63.7
80600 58 71 63.9
80600 60 71 63.7
81100 59 67 62.4
81100 58 68 62.5
81500 58 74 65.5
81500 59 73 65.7
82200 60 73 67
82200 61 72 66.9
82500 61 72 66.5
82500 60 73 65.5
82600 58 69 64.8
82600 60 69 64.8
82900 60 69 64.2
82900 60 69 63.7
83000 59 68 63.4
83000 58 67 63.7
83300 58 71 64.4
83300 57 70 63.8
83400 59 70 64.7
83400 60 70 64.9
83500 59 71 65.2
83500 59 72 65.4
83800 60 69 64.2
83800 59 67 63.3
84000 60 67 62.9
84000 61 72 64.4
84100 58 75 64.3
84100 59 75 64.5
84300 61 69 64.8
84300 62 68 64.7
84900 59 69 65.4
84900 61 68 64.9
85400 61 74 66
85400 60 74 66.2
85700 60 74 65.4
85700 60 72 65
85800 62 70 65.8
85800 61 71 65.4
85900 57 70 65.1
85900 57 72 65.6
86000 58 69 65.4
86000 58 69 65.5
86200 60 72 65.7
86200 59 71 65.2
86300 59 71 65.5
86300 59 73 65.7
86400 59 72 66.1
86400 61 71 66.4
86500 61 71 66.6
86500 59 72 66.3
86600 59 69 65.3
86600 60 70 65.6
86700 60 69 64.6
86700 60 69 64.4
87000 59 67 63.5
87000 56 68 63.3
87200 58 66 62.2
87200 58 66 62.1
87300 58 67 61.9
87300 59 68 62
87400 56 69 62.6
87400 59 68 62.9
87700 55 70 63.2
87700 57 69 62.7
88200 56 70 64
88200 56 70 64.3
88400 61 72 64.8
88400 58 69 64
88500 62 67 65
88500 63 67 65.4
88600 63 69 65.1
88600 58 68 64.7
88900 60 68 63
88900 60 67 63.4
89000 60 69 64.2
89000 60 67 63.6
90100 60 67 64
90100 61 68 63.9
90400 57 67 62.6
90400 59 67 62.9
90700 61 69 63.2
90700 61 72 63.6
91100 61 69 64.5
91100 61 69 65.1
91400 58 71 65.3
91400 59 69 65.3
91800 59 70 64.1
91800 59 70 64.3
92300 59 70 63.5
92300 57 71 63.9
92400 57 69 64.3
92400 56 69 64.4
92800 57 67 62.5
92800 57 66 62.3
92900 58 67 62.8
92900 58 66 62.4
93400 60 70 63.1
93400 60 71 62.7
93600 60 68 63.1
93600 61 66 63.7
93800 59 69 64.4
93800 59 70 63.9
93900 58 74 65
93900 58 73 64.9
94100 61 70 65.4
94100 59 70 65.6
94200 63 71 66.8
94200 61 71 66.7
94500 57 67 63.9
94500 57 67 63.8
94600 59 68 65
94600 59 68 64.7
94900 58 68 64.9
94900 56 68 65.3
95000 57 68 64.5
95000 56 69 64.5
95300 59 72 64.2
95300 57 72 64
95800 61 69 65.8
95800 58 71 65.8
96400 60 71 64.1
96400 57 71 63.4
96600 59 68 63.5
96600 59 68 63
96700 59 68 63.7
96700 57 69 63.4
96800 56 68 63.9
96800 56 68 64.2
97100 61 69 64.9
97100 62 67 64.8
97200 62 71 65.1
97200 60 71 65.1
97300 62 73 65.5
97300 61 73 65.6
97700 60 68 63.6
97700 60 69 63.6
98000 61 70 64
98000 60 69 63.4
98400 60 69 63.3
98400 59 68 63.2
98500 60 70 64.4
98500 57 69 64.4
98700 60 71 64.5
98700 60 72 64.9
98800 59 73 64.6
98800 59 73 65
98900 61 69 64.6
98900 60 69 64.7
99400 58 70 63.7
99400 55 69 63.5
99900 61 71 66.8
99900 61 71 66.9
100000 63 69 66.4
100000 63 69 66.3
100200 62 72 66.4
100200 61 72 66.6
100300 61 71 65.3
100300 62 72 65.7
100500 60 70 64.9
100500 60 70 64.3
100600 60 70 64.2
100600 60 71 63.9
100700 59 71 63.8
100700 60 70 64
100800 58 68 63.9
100800 59 68 64.5
101100 61 74 66.1
101100 59 74 65.5
101500 62 70 67
101500 61 70 67
101900 63 68 65.5
101900 63 67 65.6
102200 61 71 64.9
102200 61 70 64.5
102300 60 70 64.1
102300 56 71 63
102600 55 68 63.3
102600 55 69 63.9
102800 59 69 63.7
102800 56 69 63.5
103100 57 72 63.5
103100 57 71 63.8
103600 57 67 62.6
103600 57 68 62.9
103800 57 70 63.7
103800 57 69 64.3
103900 59 69 64
103900 59 69 63.8
104000 58 69 63.4
104000 57 68 63.1
104200 59 71 63.8
104200 58 68 63.9
105100 57 66 62.1
105100 58 66 62.1
105200 57 69 62.4
105200 58 70 62.7
105300 59 68 62.7
105300 58 69 62.8
105500 59 68 63.3
105500 60 68 63.5
105800 62 70 66
105800 62 73 66.5
106200 62 72 66.4
106200 62 71 66
106500 58 69 64
106500 58 69 63.5
106900 59 70 64.1
106900 59 71 64.3
107300 63 69 65.8
107300 62 69 65.8
107400 60 69 65.7
107400 59 69 65.4
108100 55 66 61.8
108100 56 66 62.3
108400 61 70 65.2
108400 61 69 65.2
108800 61 72 65.7
108800 60 73 65.6
109000 61 74 67
109000 62 73 66.5
109300 60 73 64.2
109300 58 71 63.6
109500 56 71 63.4
109500 55 70 63.1
109700 57 69 63.3
109700 57 70 63.2
109900 58 69 64.5
109900 58 69 64.7
110000 60 71 64.8
110000 62 71 65.3
110100 61 71 65
110100 60 69 64.6
110200 60 69 64.7
110200 60 70 64.9
110400 58 69 64
110400 58 68 63.9
110900 62 70 65.9
110900 62 71 65.7
111400 57 73 64.7
111400 58 73 64.2
111500 59 72 64.5
111500 59 70 64
112000 59 69 64.5
112000 59 69 64.8
112100 63 71 66.2
112100 62 70 65.4
112400 61 70 64.8
112400 59 69 64.4
112900 62 72 65.6
112900 61 72 64.9
113000 59 71 63.9
113000 57 69 63.9
113100 58 67 64.5
113100 58 68 64.7
113600 60 68 64.6
113600 61 70 64.5
113900 58 70 65.2
113900 59 71 65.4
114000 58 71 65.1
114000 58 70 64.4
114500 59 71 64.8
114500 60 72 65.1
114800 57 69 64.7
114800 56 68 64.2
114900 59 67 63.5
114900 59 67 63
115000 56 69 62.7
115000 56 70 62.7
115400 54 69 62.7
115400 56 67 63.3
115600 57 68 64.2
115600 56 69 64.2
115900 60 67 63.6
115900 60 67 63.6
116200 59 67 63.9
116200 59 68 64.2
116600 60 70 64.2
116600 60 68 63.9
116900 59 73 64.7
116900 60 73 64.6
117000 60 70 64.4
117000 60 68 64.3
117100 58 71 64.3
117100 58 74 64.5
117200 59 71 64.2
117200 59 71 64.1
117500 58 70 63.6
117500 58 68 63.2
117600 57 68 63.5
117600 58 70 64
117900 60 67 64.1
117900 60 67 63.8
118200 63 70 66.2
118200 63 71 66.3
118400 62 69 65
118400 60 69 65.1
118600 59 71 65.2
118600 60 71 65
118900 56 71 65
118900 56 72 64.8
119100 63 69 64.9
119100 60 68 64.1
119400 60 71 63.7
119400 58 70 63.2
119600 63 73 65.9
119600 62 72 65.2
119800 62 70 65
119800 62 69 65.1
120400 55 68 63
120400 56 68 63.1
121100 58 75 64.7
121100 58 75 64.8
121700 56 70 63.9
121700 57 73 64.5
121900 56 67 62.9
121900 56 67 63
122000 58 68 63.1
122000 58 68 63.3
122500 60 67 63.7
122500 59 66 63.4
123000 57 72 64.5
123000 57 73 65.2
123300 60 69 64.6
123300 60 70 64.4
123400 58 69 63.7
123400 57 69 63.5
124300 58 70 65.5
124300 58 71 65.4
124700 56 71 62.7
124700 57 71 62.9
125000 58 68 63.1
125000 57 69 63.1
125400 63 70 65.6
125400 62 70 65.1
125900 57 70 65.8
125900 57 70 65.7
126200 59 70 64.2
126200 56 72 63
126400 58 71 64.1
126400 58 71 64.2
126500 58 70 64.4
126500 58 70 64.4
127800 58 66 63.5
127800 58 66 63.3
128000 55 69 62.5
128000 55 68 62.4
128200 58 68 63.5
128200 59 68 63.7
128500 59 68 63.5
128500 60 69 63.3
128600 59 67 64.2
128600 60 66 64
128800 60 69 63.9
128800 59 69 63.7
128900 59 69 63.6
128900 58 70 62.8
129000 56 67 61.9
129000 57 67 62.1
129200 59 69 63.6
129200 58 68 63.1
129400 60 66 62.7
129400 61 67 63.2
129600 61 69 64.4
129600 61 67 64.3
129800 58 69 64.6
129800 57 69 64.8
130100 56 70 63.3
130100 56 69 62.9
130300 58 68 63.4
130300 58 68 63.6
130800 58 65 62.9
130800 60 65 62.9
131000 58 69 62.4
131000 59 67 62.4
131100 59 68 62.9
131100 59 67 63.1
131200 63 70 65.7
131200 63 71 65.7
131700 56 69 62.9
131700 57 70 63.4
131800 61 70 63.7
131800 59 70 63.6
132200 58 72 64.1
132200 58 72 64.2
132400 59 68 64.4
132400 59 70 64.6
132800 54 69 63.9
132800 55 69 63.8
133100 57 68 62.4
133100 57 68 62.4
133500 59 68 63
133500 59 72 63.6
133700 60 69 65.1
133700 63 70 65.8
133800 60 68 65.3
133800 60 68 65.5
134000 63 71 66.1
134000 63 71 66
134100 61 71 65.8
134100 61 70 65.2
134200 61 69 64.5
134200 60 69 64.5
134400 60 68 62.6
134400 61 69 62.7
134700 57 69 63.9
134700 57 69 64
134900 55 70 64.4
134900 61 70 64.8
135100 57 72 65
135100 58 72 65.4
135200 62 70 66
135200 64 70 66.4
136000 58 68 62.3
136000 55 65 61.6
136500 60 66 63.3
136500 61 66 63.4
136600 60 66 62.9
136600 61 68 63.6
137200 60 70 65.1
137200 60 69 64.6
137300 58 70 64.8
137300 60 70 65.2
137500 59 70 65.1
137500 59 71 64.5
137800 60 68 63.8
137800 60 68 64.1
137900 57 68 62.5
137900 58 68 62.6
138400 55 72 64.2
138400 55 72 64
139100 60 71 65.1
139100 60 71 65.3
139500 59 74 65.7
139500 57 75 65.1
139900 56 68 63.8
139900 57 69 64
140200 61 69 64.7
140200 60 70 64.9
140400 61 70 64.8
140400 60 68 64.5
140600 59 69 64.5
140600 59 69 64.2
140700 59 69 64.2
140700 61 68 64.1
140900 56 69 63.9
140900 57 70 64
141100 58 69 62.6
141100 59 69 62.6
141200 60 68 64.1
141200 61 69 64.7
141300 59 69 64.5
141300 59 69 64.7
141400 60 70 64.7
141400 62 70 65
141500 60 71 66.1
141500 61 72 65.4
141800 59 70 64.3
141800 59 71 64.6
141900 56 68 64
141900 56 69 64
142300 56 66 61.9
142300 58 66 62.3
142500 58 68 63.3
142500 57 67 62.8
142700 60 68 65.3
142700 59 68 65.3
142900 61 68 65.1
142900 61 68 65.4
143000 60 69 65.1
143000 59 69 65.3
143200 60 69 65.2
143200 59 69 65.1
143600 60 68 63.7
143600 60 68 63.5
143700 60 67 63.8
143700 60 67 63.8
144200 60 69 65
144200 60 68 65.1
144300 63 71 66.4
144300 64 71 66.4
144800 62 72 65.5
144800 61 72 65.2
144900 61 71 65.8
144900 62 70 66.2
145100 61 69 65.8
145100 60 70 65.2
145200 56 69 64.8
145200 55 69 64.8
145600 60 69 65.3
145600 60 70 64.8
145900 59 69 63.2
145900 59 68 63.2
146100 60 69 63.9
146100 61 68 64.2
146200 60 69 64.2
146200 59 69 64.1
146900 55 70 62.1
146900 55 71 61.6
147100 59 69 63.8
147100 59 69 63.7
147300 62 70 65.5
147300 62 70 65.5
147500 61 69 65.2
147500 60 69 65.4
147900 59 68 63.4
147900 58 69 63.6
148200 61 70 65.2
148200 62 70 65.7
148700 62 72 65
148700 60 70 64
149000 61 71 65.3
149000 59 70 65.2
149100 60 69 64.8
149100 60 70 64.2
149200 57 67 64.6
149200 57 69 64.3
149300 57 73 64.2
149300 58 73 64
149500 59 70 64.7
149500 62 68 64.2
149800 60 68 64.8
149800 62 68 65.2
150000 59 68 64.9
150000 60 69 65.4
150600 61 70 63.7
150600 61 68 64
150700 61 68 64.5
150700 62 68 64.8
150800 62 71 66
150800 63 71 65.8
151100 59 73 66.9
151100 60 72 66.7
151600 60 71 64.7
151600 59 71 64.6
151700 59 68 63.5
151700 58 69 63.4
152100 58 74 64.3
152100 59 74 64.6
152300 61 68 64.3
152300 61 68 64.4
152500 61 68 64.2
152500 59 68 64.4
152600 58 68 64.3
152600 58 68 64.2
152800 59 72 65.9
152800 59 72 65.1
153000 59 73 66.2
153000 60 73 65.9
153300 62 72 65.4
153300 60 72 65.4
153400 61 70 65.7
153400 62 70 65.8
153500 62 71 65.3
153500 61 70 65.5
153700 57 72 64.1
153700 59 72 64.4
154000 60 72 64.9
154000 58 71 65.6
154400 58 70 66
154400 59 71 65.6
154900 60 71 65.4
154900 59 71 65.3
155000 56 70 64.4
155000 57 70 64.8
155500 55 70 64.1
155500 55 70 63.7
155600 57 72 63.8
155600 56 72 63.9
155900 59 71 65.6
155900 59 71 65.8
156000 61 71 65.5
156000 59 71 65.4
156300 54 73 64.3
156300 57 74 64.8
156400 58 71 65.3
156400 58 72 65.3
156500 59 71 65.8
156500 60 69 65.6
156700 63 68 65.7
156700 62 69 66.1
156800 60 69 65.5
156800 59 68 65.1
156900 59 67 64.5
156900 59 69 64.1
157000 60 69 65.8
157000 61 71 66.5
157200 59 71 65.4
157200 62 71 65.1
157400 61 72 65.3
157400 59 73 65.7
158000 59 70 65.6
158000 60 71 65.7
158300 51 69 64.1
158300 52 69 64.2
158500 54 69 62.1
158500 54 69 62.5
158800 59 69 64.6
158800 59 69 64.6
158900 62 69 65.4
158900 62 68 65.6
159200 59 72 64.7
159200 59 72 64
159400 60 69 64.7
159400 60 70 64.7
159500 59 70 63.9
159500 59 71 63.8
159600 57 69 63.9
159600 57 69 64.1
159800 58 67 63.6
159800 61 69 64
159900 59 69 64.8
159900 59 69 64
160100 62 73 66.7
160100 63 73 66.9
160300 61 72 67.2
160300 61 73 67.1
160500 58 70 64.7
160500 58 70 64.7
161000 55 69 63.4
161000 56 69 63.4
161100 57 68 63.3
161100 57 69 63.7
161200 58 68 63.8
161200 57 66 63
161300 59 68 63.6
161300 60 68 64
162200 62 72 66.1
162200 62 70 66.3
162600 60 73 63.5
162600 60 72 63.5
162800 58 68 63.4
162800 58 68 63.6
163400 57 68 63.2
163400 59 68 63.1
163500 58 68 63.4
163500 58 69 63.1
163700 57 69 64.1
163700 59 68 64
163800 60 68 64.5
163800 61 67 64.3
164200 59 74 65.7
164200 59 72 65.1
164300 59 70 64.5
164300 57 72 64.9
164400 59 69 65
164400 60 67 64.6
164700 60 67 64.2
164700 60 68 64.4
164800 59 68 64.2
164800 59 67 64.1
165000 61 67 63.9
165000 61 68 64.3
165100 58 67 63.5
165100 56 69 63.1
165200 57 68 63.8
165200 57 68 64.1
165400 61 67 63.1
165400 61 65 63
165600 60 66 63.7
165600 60 67 64.1
166300 60 67 63.6
166300 60 67 63.3
166400 59 68 63.8
166400 57 66 63
166700 57 69 63.2
166700 59 70 64.7
166800 60 69 65.2
166800 60 71 65.3
167400 57 68 63.8
167400 58 67 63.2
167500 57 69 62.9
167500 60 70 63.7
167700 59 69 63.5
167700 59 69 63.5
168300 61 70 64
168300 60 69 63.4
168400 60 70 63.7
168400 60 72 64
168700 62 69 65.1
168700 62 70 65.4
169000 59 68 63.1
169000 58 67 62.2
169300 55 70 63.9
169300 58 70 64.5
169700 63 69 65.1
169700 62 69 64.6
169800 57 70 64.3
169800 57 69 64.1
169900 60 66 63.3
169900 60 66 63.8
170000 57 69 64
170000 57 69 64.2
170200 61 69 65.5
170200 63 70 66.1
170700 58 68 63.1
170700 59 68 62.9
171100 58 69 64.5
171100 58 69 63.5
171600 62 69 65.7
171600 62 70 65.4
171900 59 68 64.9
171900 59 68 64.6
172000 60 67 64.2
172000 59 67 63.9
172100 58 67 63.9
172100 58 69 64.2
172300 57 71 63.8
172300 57 71 64.3
172500 61 68 64.5
172500 62 69 65.1
173000 59 67 63.2
173000 59 68 63.2
173400 62 72 66
173400 61 73 66.8
173600 61 70 66
173600 61 71 65.8
173800 57 68 64.5
173800 55 69 64.4
174400 59 68 63.6
174400 59 68 63.9
174500 61 68 64.7
174500 58 68 64.9
174600 60 68 64.3
174600 56 69 63.8
174900 57 66 63.3
174900 59 68 63.6
175000 61 67 64.3
175000 61 66 64.1
175500 58 69 65.3
175500 57 68 65.1
175900 55 69 62.6
175900 55 69 62.5
176100 56 68 62.8
176100 56 71 63.2
176600 57 67 62.2
176600 58 67 63.3
176800 56 69 63.4
176800 55 69 63
177300 60 71 65.1
177300 59 74 65.4
177500 58 73 65.1
177500 59 72 65
177600 59 71 65
177600 60 71 65
177700 60 70 65.6
177700 61 71 65.6
177900 58 72 64.3
177900 58 70 64.9
178000 58 69 64.1
178000 58 69 63.9
178200 56 67 62.9
178200 59 68 63.4
178400 58 70 63.6
178400 59 69 63.8
178600 60 69 64.9
178600 61 70 65.5
178700 62 71 65.8
178700 61 71 66
178900 61 72 66.2
178900 63 70 66.1
179400 59 71 64.6
179400 57 70 64.2
179600 56 71 64.6
179600 56 70 64.1
179900 60 68 64.9
179900 61 68 64.9
180500 62 67 65.1
180500 58 69 65.4
180700 58 70 63.9
180700 58 69 63.7
180800 59 70 64
180800 59 68 63.6
180900 60 68 63.8
180900 58 68 63.9
181200 59 68 63.7
181200 59 68 63.8
181600 60 72 65.9
181600 61 73 66.5
181700 63 73 66.4
181700 63 71 65.9
181900 64 70 66.4
181900 62 70 66.3
182200 57 68 63.8
182200 56 68 63.7
182400 55 69 63.7
182400 56 70 63.8
182500 59 70 64.6
182500 59 70 64.8
182600 57 73 64.2
182600 57 75 64.7
182800 60 70 64.9
182800 60 68 64.5
183000 53 69 64.3
183000 53 69 64.6
183100 53 70 64.4
183100 55 68 63.6
183300 56 68 62.6
183300 56 67 62.9
183600 61 69 63.6
183600 60 68 63.3
183700 59 72 63.5
183700 58 72 64.1
183900 57 70 63.5
183900 57 70 63.5
184200 59 66 62.5
184200 57 65 62.1
184400 56 65 61.7
184400 57 67 62.8
184500 53 67 62.6
184500 55 66 62.5
184600 56 66 61.8
184600 54 65 61.8
184700 57 67 63.1
184700 57 67 63
185100 54 68 62.4
185100 55 68 62.8
185300 53 67 61.7
185300 54 68 62
185700 59 70 65.8
185700 61 70 65.3
185800 59 69 64.3
185800 59 70 64.8
186000 58 73 65
186000 60 71 65
186200 60 69 63.7
186200 59 69 63.7
186300 58 70 63.4
186300 57 70 63.3
186500 57 68 63
186500 55 67 62.4
186700 60 70 64.5
186700 60 72 65.1
186900 61 69 65.7
186900 61 70 65.6
187000 62 70 66.1
187000 62 72 66.3
187400 54 70 64.6
187400 55 70 64.6
187700 58 70 64.2
187700 57 71 64.4
187900 55 69 63.9
187900 55 71 63.8
188700 57 69 63.8
188700 57 70 63.9
189000 56 70 65.3
189000 57 71 65.4
189300 58 70 64.2
189300 58 69 63.5
189700 59 70 64.4
189700 60 70 64.5
190200 60 73 65.8
190200 60 73 65.2
190300 59 67 64.7
190300 57 68 64.6
190800 61 71 65.4
190800 61 69 65.6
191000 60 72 65.2
191000 61 72 65.6
191500 56 69 63.9
191500 60 70 64.9
191700 63 73 67.8
191700 62 74 67.9
192700 55 70 63.9
192700 55 69 63.3
192900 56 69 65.1
192900 55 69 64.9
193100 59 70 65.2
193100 58 70 65.4
193200 60 70 65.8
193200 60 71 65.9
193400 59 71 65.7
193400 60 72 65.5
193600 60 69 64.6
193600 56 68 63.8
193900 60 70 64.8
193900 60 70 64.9
194100 55 70 64.5
194100 55 70 64.4
194200 56 69 64.7
194200 55 69 64.7
194300 56 71 65.6
194300 57 70 65.6
194600 55 67 62.8
194600 56 67 62.9
194700 58 68 63.8
194700 56 69 64.1
195200 57 71 65.2
195200 56 69 64.2
195400 59 70 62.3
195400 58 71 62.3
195600 56 69 61.7
195600 55 69 61.8
195700 55 71 63.2
195700 56 71 63.2
196200 61 70 65.2
196200 60 68 64.3
196300 58 69 64
196300 58 68 63.9
196500 55 73 64.1
196500 55 75 64.3
196700 54 71 63.8
196700 54 70 63.7
196800 59 69 64.5
196800 59 69 64.5
197000 59 70 64.1
197000 60 70 64.2
197500 62 69 65
197500 60 71 64.9
197700 62 70 65.1
197700 62 71 65.4
197800 62 70 65.6
197800 63 71 66.6
197900 62 70 65.7
197900 62 70 65.4
198000 60 68 64.4
198000 61 67 64.5
198100 60 68 63.7
198100 59 69 64.1
198200 59 69 64.1
198200 61 69 64.7
198400 57 71 64.1
198400 56 70 65
198600 54 69 64.2
198600 55 69 64.7
198800 54 70 65.2
198800 56 73 66.1
199300 58 70 63.1
199300 57 70 62.7
199600 56 71 62.1
199600 56 71 62.4
199800 60 70 63.9
199800 59 70 63.5
200500 59 69 64.1
200500 60 69 64
200600 57 70 64.1
200600 57 70 64.1
200900 56 69 62.9
200900 57 69 62.9
201600 61 67 64.4
201600 60 68 64.1
202300 59 70 64.3
202300 60 70 64.4
202500 61 67 64.1
202500 62 68 64.5
202800 60 69 64.9
202800 59 70 65.3
203300 60 70 65.8
203300 60 70 66
203400 62 69 66.8
203400 61 71 67
204000 61 70 64.9
204000 61 69 65.1
204100 61 68 65.4
204100 60 68 65
204300 61 70 66.4
204300 61 70 66.4
204600 59 69 64.4
204600 58 71 64.9
205100 59 71 64.4
205100 58 71 64.4
205200 58 71 64.4
205200 55 71 64.4
205300 58 71 65.2
205300 59 71 65.5
205500 59 69 65.3
205500 59 69 65.3
205600 54 71 63.8
205600 54 71 64.1
205700 53 70 64.6
205700 54 69 64.8
206000 60 70 63.9
206000 57 71 64.7
206100 57 68 63.4
206100 60 69 63.6
206200 59 69 63.6
206200 59 69 63.9
206400 57 68 64.5
206400 57 69 64.8
206800 60 69 64.5
206800 60 72 65.2
207200 63 72 65.8
207200 63 71 65.5
207400 59 74 66.3
207400 59 72 66.2
207900 60 69 64.3
207900 60 69 64.1
208000 59 67 63.8
208000 59 68 63.8
208300 58 66 62.9
208300 59 66 62.9
208500 59 71 64.9
208500 58 71 64.9
208700 61 72 65.7
208700 60 72 65.4
208900 62 72 65.7
208900 62 72 65.5
209000 63 70 65.2
209000 60 70 64.9
209600 63 70 66.2
209600 61 70 65.5
209800 60 69 64.9
209800 60 70 64.6
209900 60 68 64.5
209900 60 67 63.8
210100 60 69 64.9
210100 60 70 64.4
210300 60 71 65.3
210300 60 69 64.8
210400 59 68 64.4
210400 60 68 64.7
210700 58 71 64.6
210700 59 70 64.8
211000 58 71 64.5
211000 57 70 64.1
211200 61 69 64.3
211200 61 69 64.3
211500 59 69 64
211500 58 69 63.9
211900 57 72 64.7
211900 57 70 64.9
212000 57 68 64.8
212000 56 69 64.8
212200 60 70 64.9
212200 60 70 65
212400 63 70 66
212400 62 71 66.5
212600 61 71 66.6
212600 61 71 66.2
212800 60 70 64.2
212800 58 72 63.7
213000 56 72 63
213000 57 67 61.9
213200 58 67 61.7
213200 58 67 62.8
213300 58 68 63.9
213300 56 69 63.4
213500 56 70 63.2
213500 58 70 63.4
213900 58 67 62.8
213900 58 67 62.7
214200 56 68 64.2
214200 57 70 63.6
214500 58 71 63.8
214500 57 71 63.6
214600 59 68 62.9
214600 59 67 62.8
214700 61 66 64
214700 61 66 64.1
214900 62 68 64.7
214900 61 69 64.7
215200 59 70 65.2
215200 60 71 65.4
215500 59 70 65.8
215500 57 70 65.3
215800 60 72 65
215800 60 72 64.8
215900 60 71 64
215900 61 70 64.6
216200 62 69 66.4
216200 62 69 66.2
216700 59 73 64.3
216700 59 73 64.4
216900 60 69 63.7
216900 60 70 63.3
217400 58 69 64.1
217400 59 69 64.3
217500 59 69 64.7
217500 62 70 65.1
217800 61 71 65.9
217800 60 71 65.6
218300 60 68 64.1
218300 58 68 63.9
218500 62 68 65.5
218500 62 69 65.9
218800 61 68 64.5
218800 61 68 64.8
219300 58 70 63.4
219300 59 70 63.3
219500 60 68 64.8
219500 59 68 64.4
219700 60 70 65.5
219700 60 71 66.1
220200 61 69 65.3
220200 61 69 65.2
220400 58 69 64.4
220400 58 69 64.1
220600 62 69 64.5
220600 59 68 63.9
220900 57 70 64.4
220900 57 70 64.1
221000 54 70 63.9
221000 52 71 64.3
221100 51 72 64.5
221100 51 72 64.7
221600 60 66 63.1
221600 60 66 63.5
221700 59 67 62.9
221700 59 70 63.1
222400 58 71 64.6
222400 57 70 65
222900 61 70 66.4
222900 60 70 66.2
223600 59 73 66.8
223600 59 73 67
224100 61 71 64.9
224100 61 70 65.2
224500 61 68 63.7
224500 61 68 63.7
224800 57 71 64.2
224800 57 69 64
224900 57 68 64
224900 57 68 63.8
225000 57 70 63.5
225000 57 71 63.2
225200 59 70 63.8
225200 59 70 64.1
225600 60 70 64.5
225600 59 68 64.2
226100 56 68 62.8
226100 56 67 62.7
226300 58 68 64.1
226300 58 69 63.6
226400 59 69 64.4
226400 59 69 64.4
226900 60 69 65.9
226900 60 69 66.3
227300 59 70 63.6
227300 59 70 63
227700 53 69 63.2
227700 54 69 63.1
228000 59 69 63.3
228000 59 68 64.4
228400 60 68 64.7
228400 60 68 64.4
228600 60 71 65.3
228600 60 69 65.3
229100 54 67 64.2
229100 58 69 64
229300 59 68 65.1
229300 59 69 64.8
229500 61 69 65.3
229500 61 69 64.9
229800 59 67 64.7
229800 61 67 64.3
229900 61 68 65.2
229900 61 68 65.2
230100 59 69 64.3
230100 60 69 64.4
230400 61 66 63.5
230400 62 66 63.6
230500 59 67 63.2
230500 58 66 63.1
230700 62 68 64.7
230700 62 68 64.5
230800 60 69 64.7
230800 59 69 64.7
231000 60 69 65.8
231000 57 70 65.8
231100 60 70 65.4
231100 58 71 64.7
231900 61 70 65.6
231900 61 70 66
232100 59 72 66.7
232100 60 71 66.1
232500 62 73 66.5
232500 61 72 66.2
233000 58 75 65.3
233000 58 76 65.2
233200 58 73 64.1
233200 58 71 64
233300 56 68 63.7
233300 57 69 63.5
233400 57 70 63.6
233400 57 70 63.6
233600 54 69 62.7
233600 55 68 63.1
233800 59 71 64.9
233800 59 72 64.8
233900 62 69 65.2
233900 62 68 64.9
234000 60 68 64.5
234000 60 68 64.4
234300 57 69 63.9
234300 57 68 63.4
234400 58 69 63.7
234400 58 69 63.1
234600 55 67 63.7
234600 58 68 64.2
235000 60 71 64.1
235000 60 69 63.8
235500 57 68 63.5
235500 56 69 63.3
235800 58 72 65.4
235800 58 72 65.8
236200 60 69 64.8
236200 60 69 64.7
236700 59 72 64.8
236700 58 71 64.4
236900 60 69 64
236900 58 69 64.3
237100 61 72 64.5
237100 62 72 64.4
237300 55 70 63.2
237300 55 70 63.5
237600 57 69 64.7
237600 61 67 64.9
237800 58 69 63
237800 55 69 62.1
237900 55 71 63.2
237900 55 72 63.4
238300 58 69 63.2
238300 57 71 63.5
238500 61 70 63.9
238500 58 71 63.7
238700 61 72 64.4
238700 58 68 64
238800 59 70 64.1
238800 62 71 63.9
238900 58 70 63.4
238900 57 68 63.1
239300 56 69 63.4
239300 56 69 63.3
239800 64 72 67.1
239800 63 71 66.9
239900 64 71 66.9
239900 64 71 66.9
240300 60 70 63.7
240300 61 69 64.1
240400 61 70 64.3
240400 61 70 64.1
240600 60 70 65
240600 62 71 65.9
241000 58 69 64.2
241000 58 69 63.9
241400 60 70 64.8
241400 59 70 64.8
241900 59 67 63.5
241900 59 67 64.1
242200 60 68 63.9
242200 60 68 64.2
242400 58 67 63
242400 57 68 63.3
242600 55 70 63.4
242600 56 69 63.6
243600 60 70 64.9
243600 60 69 64.8
243800 58 71 63.4
243800 58 67 62.4
243900 57 67 63
243900 56 68 63.1
244200 58 72 63.3
244200 58 74 64
244300 57 71 63.4
244300 55 71 64.1
244500 60 69 65
244500 61 71 65.5
244900 60 70 65.3
244900 58 69 64.2
245000 60 68 64.1
245000 59 68 63.3
245100 59 68 63
245100 60 68 63.7
245300 57 67 62.8
245300 58 68 63
245600 59 70 63.5
245600 59 70 63.4
246000 61 68 65
246000 61 68 64.7
246200 61 72 66.1
246200 60 72 66.2
246300 61 74 66.2
246300 61 74 66.1
246500 56 70 64.5
246500 58 69 64.7
246800 59 69 63.4
246800 59 68 63.4
247200 62 73 64.4
247200 61 73 64.4
247600 61 71 65.6
247600 62 71 66.2
247900 60 70 65.1
247900 60 70 65.1
248200 58 68 64.2
248200 60 68 64.2
248300 59 69 64.8
248300 59 69 64.4
248400 55 69 64.5
248400 59 69 64.4
248600 59 69 64.1
248600 59 70 64.5
248900 59 69 65.4
248900 59 69 65.3
249300 58 69 65.3
249300 59 71 65.4
249500 61 67 63.8
249500 60 67 64.3
249700 61 70 64.8
249700 61 70 64.6
249800 60 72 64.4
249800 60 72 64.2
250400 57 70 64.8
250400 58 70 64.7
250700 60 70 66
250700 59 69 65.5
250800 60 70 65.5
250800 61 71 66.2
251400 59 71 64.5
251400 59 70 64.5
251500 60 69 64
251500 60 69 63.6
251600 60 69 63.9
251600 60 69 63.7
251800 59 66 63.2
251800 59 66 63.3
252000 59 70 66.1
252000 59 70 66
252300 60 75 67.1
252300 55 73 66.3
252700 60 67 63.6
252700 56 68 63.3
252800 58 69 62.8
252800 58 69 62.9
253200 58 70 64.7
253200 58 69 64.7
253600 58 70 64.6
253600 57 71 64.7
253900 61 69 65.4
253900 62 69 65.2
254000 58 69 65.3
254000 58 69 65
254100 59 70 64.3
254100 61 70 64.4
254300 58 72 63.1
254300 59 72 63
254600 59 69 62.8
254600 58 66 62.9
254800 57 68 62.9
254800 58 68 63.3
255700 63 69 65.2
255700 60 68 65.4
255800 61 70 65.3
255800 60 70 65.1
256300 57 73 63.5
256300 58 73 64
256400 58 72 63.8
256400 59 72 64.1
256700 59 70 64.1
256700 61 70 64.5
257200 59 68 63.8
257200 60 68 64.3
257300 61 69 64.4
257300 59 70 64
257500 58 67 62.1
257500 55 66 62.5
257800 58 70 65.1
257800 58 71 65.1
258400 59 73 65.9
258400 61 71 66.7
258700 59 70 65.3
258700 60 70 64.9
258800 57 68 64
258800 58 68 63.4
258900 60 67 63.4
258900 58 69 63
259000 56 66 62.2
259000 56 66 62.1
259600 57 68 63.7
259600 60 67 64.2
259700 59 68 64.2
259700 62 68 65
259900 62 67 64.6
259900 62 67 64.5
260000 63 68 64.7
260000 61 66 64.1
260100 61 67 63.9
260100 62 71 65.2
260200 62 71 65.2
260200 62 68 64.8
260300 62 70 65.7
260300 60 72 65.6
260600 59 70 65.6
260600 59 71 65.8
260900 57 70 65
260900 55 70 64.5
261000 57 72 65.2
261000 59 72 65.9
261200 58 70 62.9
261200 59 70 63.5
261400 55 69 63.7
261400 54 69 63.6
261700 54 73 63.8
261700 56 72 63.9
262100 57 72 64.3
262100 58 72 64.6
263700 57 68 64.3
263700 58 69 64.3
263800 58 69 64.7
263800 58 69 64.5
264000 57 69 63.3
264000 58 69 63.7
264400 57 68 63.8
264400 60 69 63.9
264500 60 71 64.3
264500 60 71 64.2
264700 59 70 64.5
264700 60 71 64.7
264800 59 74 66
264800 59 72 65.5
264900 59 71 65.7
264900 59 71 65.5
265100 58 71 63.8
265100 56 71 63.4
265500 61 68 64.7
265500 60 69 64.4
265700 63 68 64.7
265700 63 67 64.8
266000 58 67 63.2
266000 59 68 63.2
266100 57 70 62.6
266100 57 70 62.8
266200 57 67 62.9
266200 57 67 63.1
266300 60 68 64.2
266300 61 68 64.5
266400 61 70 64
266400 61 70 63.7
266700 58 72 65.1
266700 58 73 65.3
266800 61 71 66
266800 61 71 65.8
266900 64 69 66.2
266900 63 68 65.8
267000 63 68 65.8
267000 64 68 66.1
267100 64 70 67.2
267100 64 71 67.4
267200 62 71 67.4
267200 60 71 66.7
267300 61 71 66.3
267300 62 70 66.1
267400 62 68 64.9
267400 61 69 64.8
267700 56 68 63.2
267700 58 68 63.5
268300 64 68 65.9
268300 62 68 65.7
268500 62 69 66.3
268500 63 70 66.6
268700 62 69 65.2
268700 62 70 64.9
268800 58 67 64.3
268800 58 68 64.4
268900 58 68 63.3
268900 58 69 63.8
269000 58 70 63.8
269000 59 70 63.3
269200 58 71 64.3
269200 58 71 64.6
269400 57 70 65.4
269400 57 68 64.6
269900 57 70 64.3
269900 58 70 65.1
270100 60 72 65.2
270100 59 72 64.9
270200 62 72 66.1
270200 62 72 66
270400 59 70 64.5
270400 62 70 65.1
270600 60 68 64.7
270600 60 68 64.7
270800 60 72 65
270800 60 72 64.9
271100 56 68 63.3
271100 56 68 63.2
271500 61 70 65.6
271500 61 70 65.7
271800 62 72 66.4
271800 60 71 65.8
271900 59 69 65.3
271900 59 69 64.9
272100 59 76 65.6
272100 58 74 64.5
272400 58 69 63.6
272400 57 70 63.8
272600 59 69 64.7
272600 60 69 64.8
272700 59 70 65.3
272700 59 69 64.8
272800 59 71 64.8
272800 60 71 65
273400 60 71 64.5
273400 60 70 64.4
273600 60 75 65.1
273600 60 76 64.6
274500 58 70 64.3
274500 58 70 64.5
274700 58 68 64.9
274700 56 68 64
274900 62 70 65.3
274900 62 70 65.5
275000 61 71 65
275000 61 71 65.2
275200 61 72 65.6
275200 60 71 65.8
275600 59 70 65.1
275600 60 69 65.1
275900 54 70 62.9
275900 53 70 63.3
276000 57 66 62.4
276000 57 66 62.6
276400 61 70 64.7
276400 62 69 64.7
277200 61 72 64.6
277200 62 73 65.2
277300 62 72 65.9
277300 62 72 66
277400 60 71 65.3
277400 60 71 65.6
277500 61 74 65.5
277500 57 73 64.9
277900 60 69 64.5
277900 61 70 64.5
278200 59 70 64.6
278200 59 71 64.7
278600 59 69 65.2
278600 59 69 65.1
278800 58 70 64.4
278800 58 71 64.3
278900 58 70 64.3
278900 58 70 64
279000 59 71 64.8
279000 61 68 64.6
279200 60 66 63.4
279200 59 66 63.4
279300 60 67 62.6
279300 60 67 62.9
279700 61 70 65.1
279700 63 69 66.5
279800 63 71 66.6
279800 63 71 66.5
279900 63 72 67.3
279900 64 73 67.5
280000 61 71 67.3
280000 62 72 68
280200 62 71 67
280200 62 72 67.3
280400 61 72 66.4
280400 62 72 66.4
280500 59 69 64.8
280500 59 69 64.6
280600 60 70 64.9
280600 61 70 64.3
280700 60 69 64.1
280700 60 69 64.3
280900 57 68 63.6
280900 55 69 63.2
281400 61 68 64.3
281400 61 68 64.7
281500 62 70 66
281500 65 70 66.9
281800 61 72 66.6
281800 61 71 66
281900 60 70 65.3
281900 60 70 65.6
282000 59 69 65.9
282000 59 69 65.8
282100 58 70 65.9
282100 60 70 65.8
282200 61 71 65.7
282200 61 71 65.9
282300 62 71 66.1
282300 62 71 66.5
282800 63 71 66.8
282800 62 71 66.5
283100 57 71 64
283100 57 70 64.2
283200 60 71 64.4
283200 60 72 64.6
283600 60 70 65.7
283600 60 70 65.5
283700 60 71 65.9
283700 60 73 65.6
284300 58 70 63.6
284300 58 70 63.2
284400 58 71 63
284400 58 70 62.8
284600 61 74 64.6
284600 61 74 65
284800 64 69 65.9
284800 62 69 65.5
284900 62 70 65.6
284900 61 70 65.3
285300 59 68 64.1
285300 59 68 63.4
285400 58 69 62.9
285400 55 69 61.9
285500 54 69 62.3
285500 56 67 61.8
285800 63 68 65
285800 62 68 65.3
286400 61 69 64.6
286400 62 68 64.1
286600 58 70 63.6
286600 59 70 64
286900 62 71 65.5
286900 62 68 65.7
287600 61 68 64.8
287600 60 69 64.8
287700 57 69 64.7
287700 57 70 64.7
288000 60 74 65.9
288000 61 74 66.3
288100 61 73 66.9
288100 60 71 66.3
288200 61 71 65.9
288200 61 71 65.5
288300 61 72 65
288300 59 72 64.6
288400 57 70 63.2
288400 58 71 63.8
289000 60 71 64.8
289000 60 70 64.4
289200 58 70 63.7
289200 56 70 63.6
289400 60 69 63.9
289400 61 69 64.2
290200 61 68 63.5
290200 61 68 64.3
290300 58 70 64.8
290300 60 70 65.1
290500 55 72 63.8
290500 56 70 64
291200 62 70 64.8
291200 62 70 64.8
291500 62 70 65.6
291500 61 70 65.6
291900 61 72 65.8
291900 60 70 65.7
292100 59 69 65.4
292100 60 70 65.2
292200 60 69 65
292200 59 68 64.4
292800 58 68 64.7
292800 58 68 64.8
293200 58 70 65.1
293200 57 70 65.2
293300 61 70 64.9
293300 60 68 64.6
293500 58 69 64.3
293500 59 68 63.9
293800 55 69 65.1
293800 54 69 64.5
294000 60 70 64.7
294000 60 70 64.3
294400 58 71 64.6
294400 58 71 64.3
294600 58 66 63.7
294600 58 66 63.2
295400 57 68 64.3
295400 57 69 64.3
295500 58 69 64.3
295500 59 68 64.9
296000 60 74 66.8
296000 60 74 66.9
296100 61 72 67.5
296100 61 72 67.7
296200 61 71 66.6
296200 61 71 66.6
296300 61 69 65.2
296300 60 70 64.7
296500 59 75 65.3
296500 59 75 65
296700 62 72 65.6
296700 62 71 65.9
297000 62 69 65.4
297000 63 69 66.2
297200 61 72 64.9
297200 62 72 65
297400 62 72 66.3
297400 62 73 66.6
297800 61 72 66.8
297800 61 74 66.3
298100 60 71 64.2
298100 59 68 63.7
298300 60 67 63.9
298300 59 66 63.8
298600 57 71 65.1
298600 57 73 65
299000 60 70 65
299000 60 69 64.5
299300 58 69 63.1
299300 56 69 62.7
299400 59 68 62.8
299400 58 69 62.8
299500 58 69 63.4
299500 57 69 63.3
300000 59 69 63.8
300000 59 67 63.2
