4240 0 4 1.2
4240 0 4 1.3
4320 1 6 3.2
4320 1 7 3.4
4340 2 7 3.9
4340 2 7 4
4350 3 7 4.2
4350 3 7 4.3
4370 2 7 4.7
4370 3 7 5
4390 4 8 5.7
4390 4 8 5.8
4430 5 10 7.3
4430 5 11 7.4
4500 7 14 9.7
4500 7 14 9.8
4510 7 15 10.5
4510 7 14 10.5
4520 8 14 11
4520 8 14 11.1
4540 9 16 11.8
4540 10 16 11.9
4550 10 16 12.3
4550 10 17 12.4
4560 10 17 12.8
4560 10 17 12.8
4570 10 17 13.1
4570 10 18 13.2
4580 10 18 13.6
4580 10 18 13.7
4590 10 18 14
4590 10 18 14.1
4600 11 18 14.5
4600 11 18 14.5
4610 11 19 15
4610 11 19 15
4620 11 19 15.5
4620 11 19 15.5
4640 11 20 16
4640 11 21 16.1
4650 13 20 16.8
4650 13 20 16.8
4660 14 20 16.9
4660 14 20 16.9
4670 14 20 17.2
4670 14 20 17.4
4680 14 21 17.9
4680 15 21 18
4700 14 20 18.1
4700 14 20 18.1
4710 16 21 18.5
4710 16 21 18.6
4720 16 22 18.8
4720 16 22 18.8
4740 15 23 19.3
4740 15 23 19.1
4750 16 24 20
4750 16 24 20.2
4760 17 26 20.8
4760 17 26 20.9
4770 17 25 20.9
4770 17 25 20.9
4780 18 26 21.3
4780 18 26 21.4
4800 20 26 22.6
4800 20 27 22.7
4810 20 27 22.7
4810 20 27 22.8
4820 19 27 22.6
4820 19 27 22.5
4840 19 29 23.5
4840 19 29 23.3
4850 19 30 23.5
4850 19 30 23.4
4870 20 30 24.2
4870 20 29 24.1
4880 19 29 24.1
4880 19 29 24.2
4890 19 28 24.2
4890 19 28 24
4910 21 28 24.4
4910 21 28 24.4
4920 21 27 24.6
4920 21 27 24.6
4930 21 28 24.9
4930 21 28 24.9
4950 21 31 25.3
4950 21 31 25.4
4960 21 30 25.8
4960 21 30 25.7
4970 22 30 26
4970 23 30 26.1
4980 23 30 26
4980 23 30 26.1
4990 21 29 25.7
4990 21 29 25.8
5000 20 30 26
5000 20 30 26
5010 21 30 26.3
5010 21 30 26.4
5020 20 31 26.6
5020 20 31 26.7
5030 20 32 27.5
5030 20 31 27.3
5040 21 32 27.4
5040 21 31 27.3
5050 22 32 27.9
5050 22 32 27.9
5060 22 33 28.3
5060 23 34 28.5
5070 24 35 28.8
5070 24 35 28.8
5080 25 34 28.9
5080 25 34 28.9
5090 24 32 28.5
5090 24 32 28.5
5100 25 32 28.8
5100 25 32 28.8
5120 25 34 29.3
5120 25 34 29.2
5130 23 35 29.6
5130 24 35 29.6
5140 25 34 29.6
5140 25 34 29.6
5150 26 34 29.8
5150 26 34 29.9
5160 25 34 30
5160 25 34 30.1
5170 25 34 29.8
5170 25 34 29.8
5180 26 36 30
5180 26 36 30
5200 27 34 30.5
5200 27 34 30.6
5210 28 35 31
5210 28 35 31.1
5220 28 36 31.5
5220 28 37 31.7
5230 25 37 31.1
5230 25 37 31
5240 25 37 31
5240 25 37 31.1
5250 25 35 31.1
5250 25 35 31.1
5260 26 35 31.1
5260 26 35 31.2
5270 27 37 31.3
5270 27 37 31.3
5280 27 38 31.8
5280 27 39 32.1
5300 27 35 31.9
5300 27 35 32
5310 27 35 32
5310 28 35 32.2
5320 28 36 32.6
5320 28 36 32.7
5330 28 36 32.3
5330 28 36 32.2
5340 29 35 32.3
5340 29 35 32.3
5350 29 35 32.7
5350 29 35 32.7
5360 28 36 33.3
5360 28 36 33.5
5370 29 37 33.5
5370 29 37 33.6
5380 29 39 34.3
5380 31 39 34.7
5390 31 39 35.1
5390 31 39 35.2
5410 31 39 35.3
5410 32 39 35.4
5420 33 38 34.9
5420 32 38 34.8
5430 34 37 35.3
5430 34 38 35.4
5440 33 38 35.1
5440 33 38 35.1
5480 33 40 36
5480 34 40 36.1
5490 34 39 36.4
5490 34 39 36.5
5500 33 41 36
5500 33 41 36
5510 33 40 36
5510 33 41 36.1
5520 34 40 36.2
5520 34 40 36.3
5530 33 40 36.8
5530 32 40 36.5
5580 33 41 37
5580 33 41 37.1
5590 34 41 37.4
5590 34 41 37.4
5600 35 42 37.8
5600 35 42 37.7
5610 34 44 38.6
5610 34 44 38.5
5630 35 44 39
5630 35 44 39.1
5640 36 42 38.9
5640 36 43 39.1
5650 36 45 40.1
5650 36 45 40.2
5690 37 44 40.1
5690 37 44 40.2
5720 35 45 40.5
5720 35 45 40.6
5730 36 45 40.7
5730 36 45 40.6
5740 34 45 40.5
5740 35 45 40.6
5750 35 45 40.5
5750 35 45 40.6
5760 37 44 40.6
5760 37 45 40.7
5770 37 47 41.3
5770 37 47 41.2
5800 38 48 42.1
5800 38 48 42
5810 39 48 42.8
5810 39 48 42.8
5820 39 48 43.3
5820 39 48 43.4
5850 38 48 43
5850 38 48 43
5870 39 49 43.4
5870 39 49 43.5
5880 39 50 43.8
5880 39 50 43.7
5890 39 50 43.9
5890 39 50 43.8
5900 39 50 44
5900 39 50 44
5910 39 51 44.5
5910 39 51 44.6
5920 39 50 44.7
5920 39 50 44.5
5930 40 50 45
5930 40 50 44.9
5940 41 50 44.8
5940 41 50 44.9
5950 42 51 45.3
5950 42 51 45.5
5960 41 51 45.1
5960 41 51 45.2
5970 41 51 45
5970 41 51 44.9
5980 41 52 45.2
5980 41 52 45.3
5990 42 53 45.8
5990 42 54 45.9
6000 41 53 45.8
6000 41 53 45.8
6010 41 50 45.2
6010 41 50 45.1
6020 41 51 45.4
6020 41 51 45.4
6030 42 52 45.7
6030 42 52 45.6
6040 41 52 46.1
6040 41 52 46.2
6060 41 53 46.4
6060 41 54 46.6
6070 40 54 46.2
6070 40 54 46
6090 40 52 46.6
6090 40 50 46.4
6100 40 51 46.4
6100 40 51 46.5
6110 41 51 46.7
6110 41 51 46.6
6120 41 50 46.8
6120 41 50 46.7
6130 41 50 46.6
6130 41 50 46.4
6140 41 51 46.8
6140 41 51 46.9
6160 39 51 47
6160 39 52 47
6180 42 52 47.5
6180 41 52 47.4
6190 42 51 47.4
6190 42 51 47
6200 41 51 47
6200 42 51 47.1
6220 42 52 47.7
6220 43 52 47.8
6230 41 52 47.3
6230 41 52 47.2
6240 41 52 47.8
6240 41 52 47.9
6250 41 53 48
6250 41 53 48.3
6260 41 54 48.5
6260 41 54 48.3
6280 41 53 48.2
6280 41 53 48.1
6290 42 53 48.3
6290 42 53 48.5
6340 43 56 49.2
6340 43 56 49.3
6350 43 57 49.6
6350 43 57 49.7
6370 45 56 49.7
6370 45 56 49.6
6380 43 56 49.3
6380 43 56 49.1
6390 43 56 49
6390 42 56 48.9
6400 40 55 49.1
6400 40 54 48.9
6410 41 55 49
6410 41 55 49.1
6420 41 56 49.6
6420 41 56 49.5
6460 41 55 49.5
6460 41 57 49.8
6480 41 57 49.5
6480 41 57 49.6
6490 41 58 49.9
6490 42 58 50
6500 42 58 50.1
6500 42 58 50.3
6510 42 58 50.9
6510 42 57 50.8
6520 42 58 50.8
6520 42 58 50.7
6530 42 57 50.5
6530 42 57 50.6
6540 42 57 50.2
6540 42 57 50.2
6550 42 57 50.3
6550 42 57 50.4
6570 42 56 50.3
6570 42 56 50.5
6600 46 58 51.1
6600 46 58 51.2
6610 46 58 51.1
6610 46 58 51.1
6650 46 57 51.3
6650 45 57 51.2
6660 44 57 51.4
6660 43 57 51.4
6670 43 57 51.6
6670 43 57 51.7
6680 44 58 52.1
6680 45 58 52.4
6720 38 60 52
6720 38 60 52.1
6730 39 60 52.2
6730 39 60 52.3
6780 38 60 52.4
6780 38 60 52.6
6800 39 60 53.1
6800 39 60 53
6810 40 61 53.2
6810 41 61 53.4
6830 40 61 53.9
6830 40 61 54
6840 37 62 53.6
6840 37 62 53.5
6870 37 63 53.6
6870 37 63 53.4
6880 37 63 53.4
6880 37 62 53
6890 38 61 52.9
6890 39 61 53
6910 39 62 53.7
6910 39 62 53.8
6920 38 62 53.8
6920 38 62 53.9
6930 39 62 55.1
6930 39 62 54.9
6950 38 65 55.1
6950 38 65 55
6960 37 64 54.7
6960 37 65 54.9
6970 37 64 54.5
6970 37 64 54.4
6980 38 63 54.2
6980 38 63 54.1
7000 37 63 53.9
7000 37 63 53.7
7010 38 63 54.2
7010 38 63 54.3
7040 38 63 54.2
7040 38 63 54.1
7050 37 63 54.2
7050 37 63 54.2
7060 38 64 54.6
7060 38 64 54.7
7070 37 64 54.4
7070 37 64 54.3
7090 37 63 54.2
7090 37 63 54.3
7120 39 64 55.2
7120 39 64 55
7130 40 64 55
7130 40 64 54.8
7160 38 64 54.8
7160 38 64 54.9
7190 39 65 54.9
7190 39 65 55
7200 39 65 55.2
7200 39 65 55.3
7220 40 65 55.3
7220 40 65 55.4
7240 41 65 55.6
7240 41 65 55.7
7270 39 65 55.8
7270 39 65 55.7
7320 38 68 56
7320 38 68 55.9
7330 38 68 55.7
7330 38 68 55.6
7350 40 68 56.2
7350 40 68 56.1
7370 40 69 56.8
7370 39 69 56.7
7380 39 70 56.8
7380 39 70 56.9
7390 39 70 56.7
7390 39 70 56.6
7400 40 70 56.8
7400 40 70 56.5
7410 40 70 56
7410 40 70 55.8
7430 40 72 56.1
7430 40 72 56.2
7480 44 72 57.2
7480 44 72 57.2
7490 44 72 57.2
7490 43 72 57.1
7510 43 72 57.4
7510 43 72 57.6
7520 43 70 57.7
7520 43 70 57.7
7530 42 69 57.5
7530 42 69 57.6
7550 42 69 57.7
7550 42 70 57.8
7560 44 70 57.6
7560 44 70 57.7
7580 48 68 57.9
7580 48 68 58
7590 48 68 57.8
7590 48 68 57.9
7600 48 69 57.4
7600 48 69 57.6
7620 46 69 57.2
7620 46 68 57.1
7630 46 68 57.2
7630 47 68 57.3
7640 46 68 57.5
7640 45 68 57.4
7660 45 68 57.5
7660 45 68 57.6
7680 44 68 57.2
7680 44 68 57.1
7720 44 69 57.5
7720 43 69 57.4
7750 41 69 57.7
7750 41 69 57.8
7760 42 69 57.9
7760 42 69 57.9
7790 40 69 58.3
7790 41 69 58.3
7830 42 69 58.5
7830 42 69 58.6
7860 41 69 58.1
7860 41 69 58.2
7870 41 69 58.1
7870 41 69 58.3
7880 40 69 58.4
7880 40 70 58.5
7900 42 70 58.8
7900 42 70 58.9
7920 44 68 59
7920 44 68 59.1
7930 44 68 58.9
7930 44 68 58.8
7940 42 68 58.8
7940 42 68 58.9
7950 42 68 59.2
7950 42 68 59.1
7960 42 68 59
7960 42 68 59
7970 43 69 58.7
7970 44 69 58.9
8000 46 68 59
8000 46 68 59.1
8020 46 68 59.5
8020 46 68 59.6
8040 46 68 59.6
8040 46 68 59.7
8100 46 70 59.5
8100 46 71 59.6
8120 48 71 60
8120 48 71 60.1
8150 47 71 60.3
8150 47 71 60.4
8160 47 72 60.6
8160 47 72 60.7
8190 48 74 60
8190 49 74 60.1
8200 48 73 60.2
8200 48 73 60.4
8210 49 73 60.6
8210 49 71 60.4
8220 49 71 60.6
8220 50 71 60.6
8230 50 71 60.1
8230 49 71 60
8260 48 71 60.4
8260 48 71 60.3
8300 49 71 60.2
8300 49 71 60.3
8340 50 72 61
8340 49 72 60.9
8370 48 70 60.5
8370 48 70 60.6
8410 49 71 61.7
8410 49 71 61.8
8420 50 71 61.4
8420 50 71 61.5
8450 51 70 61.7
8450 50 70 61.4
8460 49 70 61.7
8460 49 70 61.6
8480 51 70 61.7
8480 51 70 61.6
8520 52 70 61.5
8520 52 70 61.5
8540 50 70 61.7
8540 50 70 61.6
8570 50 71 61.8
8570 50 71 61.7
8590 51 71 61.8
8590 51 71 61.8
8600 51 71 61.5
8600 51 71 61.6
8620 49 71 61.5
8620 50 71 61.6
8630 50 72 61.5
8630 50 72 61.6
8650 50 73 62
8650 50 73 61.8
8670 51 71 62.6
8670 51 71 62.6
8740 51 72 63.2
8740 51 72 62.9
8770 52 71 62.5
8770 50 71 62.3
8780 50 71 62
8780 51 71 61.9
8810 50 70 61.9
8810 50 70 61.8
8830 51 70 62.4
8830 51 70 62.3
8840 51 70 62.4
8840 51 70 62.5
8860 51 71 62.4
8860 51 71 62.2
8890 53 70 63.1
8890 53 71 63.3
8900 51 70 62.4
8900 51 70 62.4
8930 54 71 63.2
8930 54 72 63.3
8950 52 71 63
8950 52 71 63
8980 52 70 63
8980 52 70 62.8
8990 53 70 63
8990 54 70 63.1
9060 56 70 63.6
9060 55 70 63.5
9090 55 71 63.5
9090 55 71 63.4
9130 55 73 63.8
9130 55 73 63.9
9140 56 73 63.8
9140 56 73 63.9
9150 56 73 64
9150 56 73 63.9
9160 56 73 63.6
9160 56 73 63.5
9220 55 74 64.3
9220 55 74 64.3
9230 56 74 64.7
9230 56 74 64.7
9320 54 75 64.1
9320 54 75 64.2
9330 54 74 63.9
9330 54 74 64
9390 52 74 64.2
9390 52 74 64.1
9400 52 74 64
9400 53 74 64.1
9420 53 74 63.9
9420 53 74 63.8
9450 53 74 63.7
9450 53 74 63.8
9460 54 75 64.1
9460 54 75 64
9480 55 75 64.6
9480 55 75 64.7
9500 53 76 64.1
9500 53 76 64.2
9580 54 76 64.5
9580 54 76 64.4
9620 55 77 64.8
9620 55 77 64.8
9630 55 77 65.1
9630 55 76 65
9650 52 76 64.8
9650 52 76 64.8
9660 52 76 64.7
9660 52 76 64.8
9670 53 76 64.8
9670 53 77 64.8
9710 52 78 65.3
9710 51 78 65.1
9830 53 78 65.6
9830 53 78 65.5
9840 52 77 65.2
9840 52 77 65.1
9880 51 78 65.7
9880 51 78 65.6
9890 51 78 65.5
9890 51 78 65.5
9920 53 78 66.3
9920 53 78 66.4
9930 53 78 66.4
9930 52 78 66.3
9940 52 78 66.2
9940 52 78 66.4
9960 54 78 66.4
9960 55 78 66.5
10100 55 78 67.5
10100 54 78 67.4
10110 54 78 67.4
10110 54 78 67.3
10130 55 78 67.7
10130 56 78 67.8
10160 57 78 68
10160 55 78 67.8
10210 56 78 67.9
10210 55 78 67.8
10250 56 78 68.1
10250 56 78 68.2
10270 55 78 68.2
10270 55 78 68.3
10280 55 78 68
10280 55 78 67.9
10300 55 78 67.7
10300 55 78 67.8
10370 56 78 68.4
10370 56 78 68.5
10380 56 78 68.5
10380 56 78 68.6
10400 56 78 68.5
10400 56 78 68.5
10470 57 79 68.9
10470 56 79 68.7
10510 56 80 68.9
10510 56 79 68.8
10520 56 79 68.7
10520 56 79 68.6
10540 58 79 69
10540 58 79 69.2
10570 58 79 69.5
10570 58 79 69.7
10580 58 79 69.8
10580 59 79 69.9
10600 63 79 70.2
10600 64 79 70.4
10650 60 79 70.2
10650 60 79 70.1
10680 60 79 70.4
10680 60 79 70.4
10690 61 79 70.6
10690 60 79 70.5
10730 63 80 71
10730 62 80 70.9
10740 60 80 70.7
10740 60 80 70.6
10800 63 81 70.7
10800 62 81 70.7
10820 62 81 71.3
10820 62 81 71.5
10850 65 81 71.4
10850 65 81 71.3
10870 65 81 71.4
10870 65 81 71.3
10930 65 81 71.7
10930 65 81 71.7
10950 65 81 71.7
10950 65 81 71.6
10980 64 81 71.6
10980 64 81 71.5
11030 64 81 71.8
11030 64 81 71.8
11050 64 81 72.4
11050 64 81 72.5
11080 64 81 72.1
11080 65 81 72.2
11140 66 81 72.6
11140 64 81 72.4
11150 64 81 72.6
11150 64 81 72.5
11170 64 81 72.5
11170 64 81 72.4
11330 63 81 72.4
11330 63 81 72.5
11410 63 81 72.7
11410 63 81 72.7
11420 63 81 72.8
11420 63 81 72.9
11450 63 81 73.1
11450 63 81 73.2
11490 65 81 73.4
11490 64 81 73.3
11550 61 81 73.3
11550 61 81 73.2
11560 61 81 73.2
11560 61 81 73.3
11570 61 81 73.1
11570 61 81 73.1
11630 64 81 73.6
11630 64 81 73.7
11710 62 81 73.8
11710 62 81 73.9
11830 64 81 74.8
11830 63 81 74.8
11880 62 81 74.8
11880 62 81 74.7
11960 64 81 75.4
11960 64 81 75.5
12000 64 81 75.7
12000 64 81 75.8
12030 64 81 76.2
12030 64 81 76.3
12050 64 81 76.3
12050 64 81 76.2
12060 65 81 76.2
12060 65 81 76.2
12080 66 81 76.4
12080 68 81 76.6
12220 62 81 76.3
12220 62 81 76.4
12250 64 81 77
12250 64 81 76.9
12360 62 81 76.9
12360 62 81 77
12470 62 81 77.3
12470 62 81 77.4
12520 62 81 77.3
12520 64 81 77.5
12580 63 81 77.7
12580 63 81 77.8
12690 64 81 77.8
12690 64 81 77.7
12770 63 81 77.8
12770 63 81 77.9
12850 63 81 78.1
12850 64 81 78.2
13310 67 81 78.3
13310 66 81 78.2
13550 68 81 78.2
13550 68 81 78.4
13610 67 81 78
13610 67 81 78.1
13700 67 81 78.1
13700 68 81 78.2
13720 68 81 78.2
13720 65 81 77.9
13810 63 81 77.9
13810 63 81 78
13890 63 81 77.9
13890 63 81 78
14090 63 81 78.4
14090 64 81 78.5
14270 67 81 78.8
14270 66 81 78.7
14420 69 81 79
14420 70 81 79.1
14640 73 81 79.5
14640 72 81 79.4
14950 69 81 79
14950 69 81 79.1
15300 70 81 79.1
15300 70 81 79
15930 74 81 79.9
15930 73 81 79.8
16200 74 81 80.3
16200 72 81 80.1
16280 72 81 80.1
16280 72 81 80
16530 72 81 80
16530 71 81 79.9
17010 70 81 79.9
17010 69 81 79.8
17220 68 81 79.7
17220 69 81 79.8
17330 67 81 79.6
17330 68 81 79.7
18360 72 81 80.1
18360 73 81 80.2
21587 80 81 80.9
21587 81 81 81
21684 81 81 81
21684 80 81 80.9
22350 80 81 80.9
22350 81 81 81
23025 81 81 81
23025 80 81 80.9
23204 80 81 80.9
23204 79 81 80.8
23513 79 81 80.8
23513 80 81 80.9
23719 80 81 80.9
23719 81 81 81
25928 81 81 81
25928 80 81 80.9
26649 80 81 80.9
26649 81 81 81
27040 81 81 81
27040 80 81 80.9
27377 80 81 80.9
27377 81 81 81
27487 81 81 81
27487 80 81 80.9
28318 80 81 80.9
28318 81 81 81
30267 81 81 81
30267 80 81 80.9
30409 80 81 80.9
30409 80 81 80.8
30507 80 81 80.8
30507 80 81 80.9
31185 80 81 80.9
31185 81 81 81
32990 81 81 81
32990 80 81 80.9
33199 80 81 80.9
33199 81 81 81
39143 81 81 81
39143 80 81 80.9
39796 80 81 80.9
39796 81 81 81
40217 81 81 81
40217 80 81 80.9
40801 80 81 80.9
40801 81 81 81
44384 81 81 81
44384 80 81 80.9
44926 80 81 80.9
44926 81 81 81
48681 81 81 81
48681 80 81 80.9
48961 80 81 80.9
48961 80 81 80.8
49464 80 81 80.8
49464 80 81 80.9
49834 80 81 80.9
49834 81 81 81
52920 81 81 81
52920 80 81 80.9
53435 80 81 80.9
53435 81 81 81
61235 81 81 81
61235 80 81 80.9
61681 80 81 80.9
61681 81 81 81
64883 81 81 81
64883 80 81 80.9
65096 80 81 80.9
65096 81 81 81
66570 81 81 81
66570 80 81 80.9
66659 80 81 80.9
66659 80 81 80.8
66934 80 81 80.8
66934 79 81 80.7
66976 79 81 80.7
66976 80 81 80.8
66996 80 81 80.8
66996 80 81 80.9
67319 80 81 80.9
67319 81 81 81
68985 81 81 81
68985 80 81 80.9
69056 80 81 80.9
69056 80 81 80.8
69486 80 81 80.8
69486 80 81 80.9
69577 80 81 80.9
69577 81 81 81
70431 81 81 81
70431 80 81 80.9
70434 80 81 80.9
70434 79 81 80.8
70983 79 81 80.8
70983 80 81 80.9
70997 80 81 80.9
70997 81 81 81
74100 81 81 81
74100 80 81 80.9
74279 80 81 80.9
74279 81 81 81
74464 81 81 81
74464 80 81 80.9
74673 80 81 80.9
74673 80 81 80.8
74960 80 81 80.8
74960 80 81 80.7
75048 80 81 80.7
75048 80 81 80.8
75518 80 81 80.8
75518 80 81 80.9
75819 80 81 80.9
75819 81 81 81
82806 81 81 81
82806 80 81 80.9
83905 80 81 80.9
83905 81 81 81
86606 81 81 81
86606 80 81 80.9
86846 80 81 80.9
86846 81 81 81
86920 81 81 81
86920 80 81 80.9
87600 80 81 80.9
87600 81 81 81
96744 81 81 81
96744 80 81 80.9
97229 80 81 80.9
97229 80 81 80.8
97451 80 81 80.8
97451 80 81 80.9
97854 80 81 80.9
97854 81 81 81
103285 81 81 81
103285 80 81 80.9
103367 80 81 80.9
103367 79 81 80.8
103951 79 81 80.8
103951 80 81 80.9
104116 80 81 80.9
104116 81 81 81
104736 81 81 81
104736 80 81 80.9
105453 80 81 80.9
105453 81 81 81
108118 81 81 81
108118 80 81 80.9
108503 80 81 80.9
108503 81 81 81
112473 81 81 81
112473 80 81 80.9
113619 80 81 80.9
113619 81 81 81
114791 81 81 81
114791 80 81 80.9
115114 80 81 80.9
115114 81 81 81
120842 81 81 81
120842 80 81 80.9
120973 80 81 80.9
120973 81 81 81
126307 81 81 81
126307 80 81 80.9
126576 80 81 80.9
126576 81 81 81
126917 81 81 81
126917 80 81 80.9
127116 80 81 80.9
127116 81 81 81
132705 81 81 81
132705 80 81 80.9
133192 80 81 80.9
133192 81 81 81
134171 81 81 81
134171 80 81 80.9
134803 80 81 80.9
134803 81 81 81
142547 81 81 81
142547 80 81 80.9
143172 80 81 80.9
143172 81 81 81
148340 81 81 81
148340 80 81 80.9
148745 80 81 80.9
148745 81 81 81
152415 81 81 81
152415 80 81 80.9
152772 80 81 80.9
152772 79 81 80.8
152944 79 81 80.8
152944 80 81 80.9
153374 80 81 80.9
153374 80 81 80.8
153535 80 81 80.8
153535 80 81 80.9
153587 80 81 80.9
153587 81 81 81
154573 81 81 81
154573 80 81 80.9
155184 80 81 80.9
155184 81 81 81
156170 81 81 81
156170 80 81 80.9
157029 80 81 80.9
157029 81 81 81
164746 81 81 81
164746 80 81 80.9
165199 80 81 80.9
165199 79 81 80.8
165659 79 81 80.8
165659 80 81 80.9
165893 80 81 80.9
165893 81 81 81
167024 81 81 81
167024 80 81 80.9
167169 80 81 80.9
167169 81 81 81
168377 81 81 81
168377 80 81 80.9
168861 80 81 80.9
168861 81 81 81
169221 81 81 81
169221 80 81 80.9
169599 80 81 80.9
169599 81 81 81
170347 81 81 81
170347 80 81 80.9
170361 80 81 80.9
170361 79 81 80.8
170876 79 81 80.8
170876 80 81 80.9
171219 80 81 80.9
171219 81 81 81
174495 81 81 81
174495 80 81 80.9
175216 80 81 80.9
175216 81 81 81
184850 81 81 81
184850 80 81 80.9
185378 80 81 80.9
185378 81 81 81
188944 81 81 81
188944 80 81 80.9
189727 80 81 80.9
189727 81 81 81
196518 81 81 81
196518 80 81 80.9
197150 80 81 80.9
197150 81 81 81
202333 81 81 81
202333 80 81 80.9
202457 80 81 80.9
202457 80 81 80.8
203082 80 81 80.8
203082 80 81 80.9
203226 80 81 80.9
203226 81 81 81
204254 81 81 81
204254 80 81 80.9
204756 80 81 80.9
204756 81 81 81
206957 81 81 81
206957 80 81 80.9
207122 80 81 80.9
207122 81 81 81
208643 81 81 81
208643 80 81 80.9
208939 80 81 80.9
208939 81 81 81
212791 81 81 81
212791 80 81 80.9
213059 80 81 80.9
213059 81 81 81
216950 81 81 81
216950 80 81 80.9
217294 80 81 80.9
217294 81 81 81
220263 81 81 81
220263 80 81 80.9
220716 80 81 80.9
220716 81 81 81
220775 81 81 81
220775 80 81 80.9
221317 80 81 80.9
221317 81 81 81
232915 81 81 81
232915 80 81 80.9
233024 80 81 80.9
233024 79 81 80.8
233092 79 81 80.8
233092 79 81 80.7
233293 79 81 80.7
233293 80 81 80.8
233745 80 81 80.8
233745 80 81 80.9
233993 80 81 80.9
233993 81 81 81
236700 81 81 81
236700 80 81 80.9
236837 80 81 80.9
236837 79 81 80.8
237009 79 81 80.8
237009 80 81 80.9
237366 80 81 80.9
237366 81 81 81
242817 81 81 81
242817 80 81 80.9
242972 80 81 80.9
242972 80 81 80.8
243305 80 81 80.8
243305 80 81 80.9
243720 80 81 80.9
243720 81 81 81
246332 81 81 81
246332 80 81 80.9
246682 80 81 80.9
246682 81 81 81
250467 81 81 81
250467 80 81 80.9
251387 80 81 80.9
251387 81 81 81
258650 81 81 81
258650 80 81 80.9
259275 80 81 80.9
259275 81 81 81
262907 81 81 81
262907 80 81 80.9
263985 80 81 80.9
263985 81 81 81
268469 81 81 81
268469 80 81 80.9
269066 80 81 80.9
269066 81 81 81
269190 81 81 81
269190 80 81 80.9
269335 80 81 80.9
269335 80 81 80.8
269622 80 81 80.8
269622 80 81 80.9
270042 80 81 80.9
270042 81 81 81
272390 81 81 81
272390 80 81 80.9
272582 80 81 80.9
272582 81 81 81
272616 81 81 81
272616 80 81 80.9
272630 80 81 80.9
272630 80 81 80.8
272829 80 81 80.8
272829 80 81 80.9
272870 80 81 80.9
272870 81 81 81
274711 81 81 81
274711 80 81 80.9
275336 80 81 80.9
275336 81 81 81
276532 81 81 81
276532 80 81 80.9
276917 80 81 80.9
276917 81 81 81
278709 81 81 81
278709 80 81 80.9
278972 80 81 80.9
278972 80 81 80.8
279286 80 81 80.8
279286 80 81 80.9
280044 80 81 80.9
280044 81 81 81
280694 81 81 81
280694 80 81 80.9
280811 80 81 80.9
280811 81 81 81
282974 81 81 81
282974 80 81 80.9
283056 80 81 80.9
283056 79 81 80.8
283915 79 81 80.8
283915 80 81 80.9
283956 80 81 80.9
283956 81 81 81
288830 81 81 81
288830 80 81 80.9
289387 80 81 80.9
289387 80 81 80.8
289428 80 81 80.8
289428 80 81 80.9
290177 80 81 80.9
290177 81 81 81
290340 81 81 81
290340 80 81 80.9
290993 80 81 80.9
290993 81 81 81
292731 81 81 81
292731 80 81 80.9
293046 80 81 80.9
293046 80 81 80.8
293162 80 81 80.8
293162 80 81 80.7
293294 80 81 80.7
293294 80 81 80.8
293492 80 81 80.8
293492 80 81 80.9
293718 80 81 80.9
293718 81 81 81
296120 81 81 81
296120 80 81 80.9
296889 80 81 80.9
296889 81 81 81
300000 81 81 81
300000 81 81 81
