0 0
0 0
0 0
1 1
1 1
7 1
16 2
24 2
64 3
80 3
130 4
132 4
288 5
304 6
317 6
345 6
345 6
346 7
351 8
353 9
368 9
373 9
391 10
392 10
392 10
412 11
425 12
436 11
476 12
508 13
516 14
524 14
527 13
527 13
708 13
728 14
764 14
920 15
921 16
931 16
995 16
1001 17
1003 17
1005 18
1005 17
1013 16
1084 17
1154 18
1216 18
1273 17
1276 16
1276 17
1300 16
1308 17
1360 18
1377 19
1382 18
1444 19
1450 18
1479 19
1483 19
1512 20
1520 19
1522 19
1523 19
1572 20
1580 19
1580 18
1580 17
1580 16
1584 15
1607 16
1648 17
1688 16
1720 17
1756 17
1757 17
1808 18
1827 17
1985 18
1999 18
2001 18
2056 19
2060 20
2061 20
2064 20
2064 21
2064 20
2067 20
2072 21
2072 21
2075 21
2080 20
2164 21
2240 22
2247 22
2250 23
2255 23
2278 24
2287 24
2289 24
2293 24
2352 25
2420 26
2425 26
2428 26
2428 26
2448 25
2463 26
2468 27
2483 26
2520 27
2525 28
2528 29
2528 28
2528 27
2533 27
2541 28
2545 29
2555 29
2556 29
2556 29
2560 29
2563 29
2565 28
2628 29
2633 28
2633 27
2633 26
2686 27
2699 28
2727 29
2728 29
2730 29
2731 29
2731 29
2731 29
2732 28
2802 29
2813 30
2816 30
2816 30
2817 30
2820 31
2820 31
2826 30
2830 29
2832 28
2839 29
2840 28
2900 29
2940 30
2950 31
2950 30
2951 29
2954 30
2956 29
2957 28
2959 27
2971 26
2976 27
2976 27
2976 27
2988 27
3004 26
3080 27
3089 27
3089 27
3112 28
3120 27
3122 28
3123 27
3125 26
3137 27
3141 27
3141 27
3141 26
3144 27
3145 28
3151 27
3160 28
3169 29
3169 29
3188 30
3192 31
3207 30
3219 31
3226 32
3230 32
3230 31
3232 32
3272 33
3310 34
3311 35
3364 36
3389 37
3390 38
3392 39
3400 39
3401 38
3406 39
3502 39
3527 40
3542 41
3572 42
3577 43
3584 42
3588 43
3592 42
3602 41
3602 42
3636 43
3639 42
3645 42
3656 43
3668 44
3708 44
3722 45
3760 44
3772 45
3778 46
3786 47
3793 46
3808 47
3830 46
3840 47
3859 48
3892 47
3894 46
3894 46
3894 47
3899 46
3903 45
3904 44
3925 45
3925 46
3931 45
3932 44
3934 44
3935 44
3935 44
3936 44
3937 44
3984 45
4071 46
4123 47
4136 48
4141 48
4203 49
4212 50
4261 51
4266 50
4298 51
4298 50
4319 49
4348 49
4351 50
4395 51
4409 52
4439 51
4441 52
4459 53
4463 52
4491 53
4516 52
4541 53
4545 52
4547 51
4555 52
4556 53
4561 54
4576 53
4577 52
4600 53
4608 54
4619 55
4727 55
4779 56
4889 57
4905 58
4920 57
4948 56
4952 57
4969 56
4984 57
4992 57
4992 58
5086 59
5095 59
5099 60
5101 60
5131 61
5133 60
5134 61
5144 60
5166 60
5356 59
5491 60
5518 59
5520 58
5533 59
5541 58
5573 59
5573 58
5579 59
5605 60
5676 61
5684 61
5689 61
5693 61
5727 62
5746 63
5758 64
5774 63
5842 62
5876 63
5920 64
5947 63
5948 62
5955 63
5956 62
5972 61
6054 61
6059 61
6068 62
6076 61
6092 60
6092 61
6140 62
6150 63
6160 62
6209 63
6225 64
6278 65
6285 64
6285 63
6287 64
6372 65
6388 66
6398 65
6547 66
6608 67
6648 68
6657 67
6658 66
6667 65
6670 64
6680 64
6703 64
6735 65
6765 65
6796 66
6804 65
6804 64
6804 63
6816 62
6880 63
6881 64
6891 65
6897 64
6998 65
7032 66
7032 67
7032 68
7034 67
7113 66
7118 65
7120 64
7124 63
7125 62
7126 61
7127 60
7135 61
7142 62
7147 62
7152 61
7156 60
7162 59
7176 58
7236 59
7244 58
7260 57
7299 57
7408 56
7456 57
7493 58
7498 57
7521 57
7525 57
7530 58
7530 58
7544 58
7548 57
7566 58
7580 59
7604 60
7607 61
7626 60
7652 61
7703 62
7704 63
7717 64
7748 65
7751 64
7756 63
7756 62
7756 61
7786 62
7797 61
7798 61
7802 61
7808 62
7809 63
7818 62
7818 61
7840 62
7850 63
7883 64
7895 65
7921 66
7948 67
7964 68
7972 67
7998 68
8004 69
8018 70
8030 69
8050 70
8098 69
8136 70
8147 71
8151 72
8153 71
8156 72
8166 71
8216 70
8218 71
8266 70
8268 69
8268 68
8305 67
8308 68
8341 67
8342 68
8343 69
8343 68
8344 67
8345 66
8356 67
8364 68
8518 67
8521 68
8528 67
8550 68
8630 69
8637 70
8640 69
8645 68
8709 69
8725 70
8760 71
8836 72
8844 71
8844 70
8844 69
8844 68
8859 69
8860 68
8926 69
8935 68
8939 67
8942 66
8957 67
8967 66
8967 65
8975 64
8977 63
8981 62
9072 63
9091 64
9094 63
9096 62
9096 61
9236 62
9244 63
9249 62
9255 61
9262 60
9263 59
9268 58
9292 59
9301 60
9317 61
9323 62
9333 63
9363 62
9365 61
9400 62
9416 61
9426 62
9456 63
9483 64
9498 65
9507 66
9509 67
9513 68
9523 69
9531 68
9559 69
9566 70
9568 71
9572 70
9572 69
9572 68
9572 67
9611 68
9621 67
9632 68
9715 69
9732 70
9781 71
9789 72
9803 73
9808 72
9819 71
9841 72
9864 73
9880 74
9888 73
9888 72
9888 71
9899 72
9911 71
9985 70
9993 69
9997 68
10050 69
10067 70
10067 69
10067 68
10117 69
10117 70
10124 69
10136 68
10142 69
10196 70
10204 71
10206 70
10245 71
10276 72
10295 71
10304 70
10348 71
10479 72
10502 71
10519 72
10540 73
10544 74
10556 73
10558 74
10732 73
10733 74
10738 73
10760 74
10768 73
10783 72
10786 73
10788 74
10796 73
10828 74
10869 75
10892 74
11001 75
11172 76
11180 75
11184 76
11226 77
11405 78
11441 79
11518 80
11529 79
11552 78
11552 77
11552 76
11552 75
11572 76
11744 77
11757 76
11757 75
11764 75
11785 76
11840 77
11846 78
11916 77
12121 78
12124 77
12128 76
12240 77
12291 76
12393 77
12426 78
12460 79
12500 80
12500 81
12508 80
12518 79
12521 78
12646 79
12659 78
12708 79
12729 78
12736 79
12802 80
12864 79
12864 78
13036 79
13056 78
13056 77
13056 76
13067 75
13118 76
13127 75
13301 76
13316 75
13350 76
13364 75
13373 74
13516 75
13524 76
13529 75
13532 76
13535 75
13624 76
13628 77
13643 76
13656 77
13684 76
13873 77
13905 76
13956 77
13986 78
13993 77
13994 76
14107 77
14118 78
14118 77
14122 76
14140 75
14164 76
14341 77
14404 76
14472 77
14503 78
14617 79
14623 80
14631 79
14636 78
14637 77
14637 76
14638 75
14640 74
14647 73
14662 74
14671 73
14671 74
14676 75
14680 74
14817 75
14821 74
14825 73
14869 72
14880 71
15063 70
15088 71
15221 72
15232 71
15315 72
15315 73
15400 74
15419 73
15425 72
15433 73
15452 74
15467 75
15474 74
15537 75
15551 74
15573 75
15577 76
15577 77
15684 78
15693 77
15695 76
15701 75
15808 74
15823 75
15927 74
15999 75
16023 74
16025 75
16028 76
16042 77
16110 78
16110 77
16252 78
16259 77
16408 76
16419 77
16564 76
16565 77
16565 78
16585 77
16587 78
16660 79
16676 78
16770 79
16856 80
16893 79
16980 80
17140 81
17223 82
17393 83
17507 82
17508 81
17510 80
17518 79
17972 80
17991 81
18048 82
18058 81
18058 80
18065 79
18112 80
18160 81
18232 82
18405 82
18663 81
18727 82
18902 83
18918 84
19020 83
19122 84
19181 83
19688 82
19712 83
19880 83
20025 84
20096 85
20504 84
20588 85
21290 84
21384 83
21386 82
21890 81
21938 82
21957 83
21991 84
22226 85
22335 86
23451 85
23459 84
23579 83
23990 82
24358 81
24391 82
24443 83
24501 84
24849 85
24866 84
25031 83
25249 84
25519 85
25763 84
25948 83
26083 84
26177 85
26649 86
26718 85
27104 84
27213 85
27828 86
28241 85
28249 84
28600 83
29221 84
29515 85
29572 86
29668 85
29859 86
29898 85
30015 84
30200 85
30843 86
30875 85
31002 84
31192 85
31447 86
31480 85
31775 84
31827 83
32005 84
32237 85
32385 86
32568 85
33174 86
33366 85
33923 86
34210 85
34322 84
34624 85
34800 86
34876 85
35420 86
35707 85
35883 84
36361 85
36488 86
38292 85
38408 84
38537 83
38688 82
38709 81
38852 80
39039 81
39086 82
39139 83
39192 82
39336 83
39525 84
39537 85
39569 86
40012 85
40233 84
40442 85
40583 86
40768 85
41509 84
41621 83
41819 84
42147 85
42308 84
42323 85
42932 86
43150 85
43526 84
44083 85
44473 86
44492 85
44723 84
44952 85
45727 86
45814 85
45830 84
46275 83
46371 84
46610 83
46735 84
46893 83
47008 84
47454 85
47529 86
48186 85
48663 86
48949 85
49046 84
49049 83
49725 82
49922 83
50085 84
50240 85
50513 86
50561 85
50630 84
51137 83
51294 84
51394 85
52144 84
52267 85
53236 84
53322 85
53698 84
53728 85
53777 86
54027 85
54538 84
54823 85
55327 84
55509 85
55603 84
56240 85
56359 84
56460 83
56617 82
56666 83
56763 84
57061 85
57144 84
57156 85
57766 86
59377 85
59564 84
60396 85
60658 84
60759 85
60864 86
60881 85
61444 84
61601 85
61610 84
61610 83
61610 82
61610 81
61617 80
61845 81
61860 80
61901 81
61917 80
62099 81
62288 80
62319 81
62389 82
62401 81
62406 80
62505 81
62533 80
62577 81
62769 80
62769 79
62769 78
62769 77
62774 76
62780 75
62782 74
62885 75
62893 74
62893 74
62893 74
62893 73
62893 72
62893 71
62898 70
62977 69
62981 70
62989 69
63013 70
63021 69
63038 68
63048 67
63049 68
63051 69
63061 68
63085 67
63108 68
63112 67
63229 68
63237 68
63237 67
63237 66
63245 66
63285 67
63293 66
63297 67
63311 66
63409 67
63429 66
63429 65
63434 66
63443 65
63461 66
63477 67
63483 68
63537 69
63577 70
63585 71
63597 70
63641 71
63649 70
63656 70
63657 69
63672 70
63681 71
63689 71
63689 71
63689 70
63693 71
63749 72
63769 71
63811 70
63820 69
63833 70
63860 71
63969 72
63985 73
63989 72
64006 73
64012 72
64016 72
64083 73
64099 73
64100 72
64136 71
64143 70
64159 71
64191 70
64268 71
64294 72
64325 73
64386 72
64389 71
64397 72
64409 73
64521 74
64566 75
64598 76
64649 77
64651 76
64655 76
64664 75
64667 76
64728 77
64736 78
64745 79
64856 78
64858 79
64860 79
64862 80
64866 79
64867 78
64868 77
64869 76
64876 75
64884 74
64885 73
64906 74
64930 75
64943 74
64991 75
64999 74
65106 75
65107 74
65113 73
65285 72
65354 73
65366 72
65416 73
65435 72
65521 73
65545 74
65563 75
65587 76
65654 77
65655 76
65658 75
65682 76
65696 75
65719 74
65741 75
65904 76
65960 77
65964 76
65991 77
66014 78
66020 77
66030 77
66030 76
66112 77
66223 76
66265 77
66276 78
66332 79
66340 80
66343 79
66348 78
66350 77
66351 76
66395 75
66401 74
66462 75
66476 74
66482 75
66495 74
66501 73
66681 74
66713 75
66724 74
66728 75
66729 74
66733 73
66737 72
66740 71
66752 70
66758 69
66778 70
66781 69
66814 70
66826 69
66831 70
66862 69
66868 70
66938 71
66942 70
66943 71
66952 70
66955 71
66969 72
66995 73
67005 72
67015 71
67036 72
67044 73
67049 72
67137 73
67138 72
67142 72
67195 72
67196 73
67245 74
67331 74
67333 75
67334 75
67339 74
67358 75
67458 74
67467 73
67520 73
67522 74
67525 75
67568 74
67645 75
67654 76
67690 75
67707 74
67721 75
67737 76
67741 75
67743 74
67794 75
67802 75
67959 76
67971 75
67978 76
67988 75
67997 74
67997 75
68007 74
68102 75
68163 76
68171 75
68173 76
68184 76
68185 75
68232 76
68233 75
68285 76
68301 75
68303 76
68365 75
68373 74
68377 73
68453 74
68505 75
68546 74
68563 75
68623 76
68769 77
68774 78
68858 79
68874 80
68879 79
68880 78
68882 77
68896 76
68933 77
68951 76
68995 77
69063 78
69079 79
69087 80
69103 79
69103 78
69104 79
69104 78
69292 77
69295 78
69300 77
69443 78
69451 79
69454 78
69457 77
69498 76
69498 77
69506 78
69506 77
69581 76
69645 77
69695 78
69755 79
69785 80
69840 79
69855 78
69905 79
69913 80
69967 81
70078 82
70080 81
70085 80
70144 79
70182 80
70185 79
70202 80
70286 81
70531 82
70713 83
70829 84
71077 83
71083 84
71115 85
71200 84
71201 83
71206 82
71212 81
71277 80
71324 81
71335 80
71393 79
71393 78
71469 79
71525 80
71666 81
71804 82
71988 83
72017 84
72042 85
72248 84
72295 85
73265 86
73337 85
73380 84
73385 83
73542 82
73934 81
73992 80
74015 79
74020 78
74086 79
74285 80
74402 81
74540 82
74558 83
74585 84
74673 85
75009 86
75951 85
76103 84
76158 85
76339 84
77106 85
77151 86
77240 85
77336 84
77565 83
77861 82
78073 81
78122 80
78154 81
78212 82
78292 83
78600 82
78721 83
78738 82
78807 83
78809 82
78877 81
78902 82
78912 81
78925 82
79392 83
79508 84
79559 83
79739 84
79901 85
80127 84
80274 85
80731 86
80867 85
81086 84
81130 83
81392 84
81677 83
82377 84
82408 85
82453 86
83520 85
83572 84
84364 85
84788 84
85085 85
85526 84
85925 85
86011 84
86225 83
86249 82
86495 83
86540 84
86595 83
86878 84
86881 85
86897 84
87207 85
87948 86
87958 85
87960 84
88490 83
88695 82
88777 83
88835 82
88836 83
88836 82
88840 81
88840 80
88840 79
88841 78
88841 77
88844 76
88848 75
89215 75
89265 76
89314 77
89316 78
89317 77
89350 78
89365 79
89411 78
89415 79
89421 78
89426 77
89477 78
89625 79
89631 78
89637 79
89666 80
89685 79
89689 78
89692 79
89701 78
89712 77
89856 78
89884 79
89954 80
90087 81
90142 82
90234 83
90245 82
90306 81
90330 80
90460 79
90502 80
90616 79
90749 80
90754 81
90759 82
90767 83
90769 82
90863 83
90870 82
91129 81
91129 80
91137 79
91159 80
91252 79
91359 78
91369 79
91377 78
91377 77
91385 78
91403 77
91490 78
91557 77
91572 78
91580 77
91646 78
91725 79
91733 78
91749 77
91749 76
91757 77
91761 76
91837 77
91849 76
91849 75
91877 76
91885 75
91885 74
91989 75
91997 74
91998 73
92041 74
92065 75
92083 76
92193 77
92305 78
92313 77
92313 76
92360 77
92413 78
92509 79
92550 80
92593 81
92593 82
92747 81
92777 80
92837 81
92909 82
92919 81
92941 80
92949 81
93085 82
93112 83
93265 84
93577 85
93697 84
93761 85
94027 84
94356 85
94948 84
95077 85
95085 84
95601 85
95643 84
95770 85
95808 84
95830 83
95965 82
96150 83
96158 82
96162 81
96166 80
96167 79
96309 80
96310 80
96365 79
96372 78
96610 77
96618 76
96668 77
96681 78
96693 77
96713 78
96730 79
96752 80
96815 81
96820 80
96929 81
96936 80
96958 79
96977 80
97130 79
97139 80
97165 79
97255 80
97418 79
97453 78
97479 79
97529 78
97657 79
97665 80
97668 79
97763 80
97859 79
97863 80
97865 79
97869 78
97871 77
97894 78
97900 79
97946 80
98161 79
98161 78
98165 79
98172 78
98174 77
98359 78
98419 77
98428 78
98439 77
98471 78
98531 77
98542 76
98649 77
98745 78
98797 79
98904 78
99004 79
99053 80
99065 79
99103 80
99112 81
99152 82
99154 83
99164 82
99177 81
99242 82
99334 81
99354 80
99463 81
99498 82
99521 81
99657 82
99661 82
99662 83
99665 83
99669 82
99673 81
99748 82
99753 81
99758 80
99836 81
99844 81
99848 80
99849 79
99873 80
99976 81
100281 80
100286 81
100290 81
100293 81
100294 81
100379 82
100723 83
100800 84
100884 85
100889 84
100896 83
100903 82
101073 81
101218 80
101219 81
101343 82
101395 83
101408 82
101647 83
101713 82
101749 83
101793 84
101883 85
102026 84
102030 85
102035 84
102274 85
102282 84
102359 83
102368 82
102619 83
102647 84
102665 83
103014 82
103172 83
103229 82
103334 83
103351 82
103356 83
103720 82
103722 81
103728 80
103730 79
103782 78
103783 77
103825 78
103936 77
103961 76
103967 77
103968 77
103975 76
103985 77
104030 76
104052 77
104194 76
104197 77
104238 78
104240 77
104242 76
104244 75
104278 74
104279 75
104279 74
104288 73
104310 74
104335 73
104338 72
104478 73
104482 72
104484 73
104489 72
104491 71
104494 70
104501 70
104502 70
104504 69
104509 70
104512 69
104544 69
104564 70
104578 71
104638 72
104657 73
104694 72
104765 73
104767 74
104829 75
104831 76
104834 75
104836 74
104837 75
104845 74
104926 75
104937 74
104937 73
105011 74
105019 73
105049 74
105106 73
105121 74
105151 73
105209 72
105233 71
105238 72
105251 72
105270 73
105287 72
105288 71
105304 72
105304 71
105305 70
105305 69
105307 68
105307 67
105310 68
105320 67
105475 68
105527 69
105546 70
105547 69
105548 68
105549 69
105558 70
105607 71
105625 70
105626 71
105652 71
105726 72
105733 71
105753 72
105878 71
105909 72
105915 73
105953 72
105984 73
106072 74
106077 75
106085 74
106085 73
106086 72
106099 73
106120 72
106178 73
106181 74
106231 73
106263 74
106289 75
106293 76
106302 77
106304 76
106305 75
106311 74
106313 73
106321 72
106360 73
106365 72
106415 73
106422 72
106438 73
106458 74
106502 75
106508 76
106514 75
106515 74
106518 73
106519 74
106519 73
106520 72
106521 73
106601 72
106645 73
106653 72
106659 71
106741 72
106748 71
106827 72
106884 73
106906 72
106933 73
106977 74
107009 75
107016 74
107060 73
107065 74
107073 73
107082 72
107204 73
107205 72
107205 71
107208 72
107213 71
107214 70
107215 71
107215 70
107216 69
107300 68
107324 69
107338 70
107346 69
107395 70
107403 69
107423 70
107441 69
107443 69
107445 69
107481 70
107525 71
107570 72
107573 73
107587 74
107589 73
107589 72
107589 71
107594 70
107597 70
107607 69
107607 68
107637 67
107641 68
107649 69
107652 68
107658 68
107677 69
107765 70
107774 69
107774 68
107813 67
107861 68
107913 69
107964 68
107965 69
107967 68
107977 67
107977 68
108005 69
108014 68
108029 69
108039 69
108043 68
108059 69
108082 70
108095 69
108100 69
108149 70
108157 69
108157 68
108217 69
108257 70
108326 71
108335 70
108341 71
108345 70
108404 69
108433 70
108459 71
108521 72
108529 71
108529 70
108530 69
108541 70
108548 69
108561 70
108603 69
108611 68
108617 69
108617 70
108669 71
108671 70
108672 69
108677 68
108681 67
108683 66
108693 67
108761 68
108762 67
108765 68
108778 68
108834 69
108855 70
108921 71
108949 70
108953 70
108989 70
108989 70
109009 71
109013 72
109029 71
109057 72
109072 73
109089 74
109097 73
109102 72
109102 71
109143 72
109177 73
109240 74
109271 75
109273 76
109295 77
109308 78
109315 77
109317 78
109378 79
109517 78
109530 79
109536 78
109607 79
109614 78
109620 77
109641 78
109649 79
109653 79
109653 78
109660 77
109682 76
109731 75
109742 74
109786 75
109789 76
109797 75
109805 74
109870 75
109878 74
109880 73
109902 72
109903 73
109904 72
109906 71
109910 70
109910 69
109911 68
109917 67
109927 66
109953 65
109961 65
109981 66
109985 65
110113 66
110145 67
110164 68
110168 67
110186 66
110208 67
110213 66
110299 67
110312 66
110313 67
110317 66
110318 65
110320 64
110362 63
110362 62
110363 61
110363 60
110368 61
110389 62
110393 63
110405 63
110406 62
110406 61
110409 60
110511 61
110514 62
110515 63
110520 62
110525 63
110526 62
110526 61
110533 62
110535 61
110536 60
110538 59
110589 60
110604 61
110623 62
110633 61
110645 62
110685 63
110713 62
110719 61
110725 62
110745 63
110747 62
110766 63
110773 62
110777 62
110819 63
110891 64
110956 65
110993 66
110994 67
110997 68
110998 69
110998 70
111004 69
111004 69
111005 68
111005 67
111010 66
111013 67
111014 67
111015 68
111018 69
111023 68
111028 67
111104 66
111122 67
111125 68
111145 69
111145 70
111163 69
111173 70
111174 71
111184 70
111229 71
111254 72
111270 71
111276 72
111277 71
111285 72
111373 71
111374 70
111453 71
111505 70
111528 69
111530 68
111530 69
111530 68
111534 68
111613 69
111614 70
111616 71
111621 70
111637 69
111650 70
111651 71
111661 70
111744 69
111748 68
111763 69
111783 70
111784 71
111789 70
111790 69
111792 69
111795 68
111801 67
111838 68
111854 68
111856 68
111856 67
111856 66
111893 65
111928 66
111941 67
111953 66
111954 65
111954 64
111954 65
111959 65
111960 65
111964 65
111968 64
111969 65
111971 64
111972 63
111977 62
111992 63
112046 62
112117 61
112133 62
112146 62
112154 62
112162 61
112233 60
112236 60
112244 61
112263 60
112265 61
112269 62
112291 61
112291 62
112291 63
112298 64
112301 63
112303 62
112336 63
112346 64
112348 63
112348 62
112449 63
112457 64
112463 63
112464 64
112468 65
112470 64
112477 65
112477 65
112477 65
112486 64
112493 65
112493 66
112500 67
112516 66
112518 65
112635 66
112637 67
112644 67
112644 66
112648 65
112655 64
112793 63
112811 64
112813 65
112818 64
112819 63
112858 64
112868 63
112885 62
112889 63
112897 62
112905 63
112909 62
112909 61
112921 60
112961 59
112971 60
112978 61
112979 62
112983 61
112985 60
112986 59
112991 58
112994 59
113001 59
113005 58
113005 59
113010 58
113010 57
113011 56
113011 55
113027 56
113062 57
113076 58
113093 59
113102 58
113102 57
113111 58
113155 59
113162 58
113163 59
113165 58
113170 58
113171 57
113173 56
113176 56
113189 55
113211 56
113229 55
113230 54
113231 53
113235 52
113279 53
113282 54
113293 55
113301 54
113301 53
113327 54
113330 53
113342 54
113351 53
113353 54
113382 53
113397 52
113398 53
113403 54
113409 54
113470 55
113530 56
113557 57
113569 56
113570 55
113570 54
113571 53
113574 54
113575 55
113576 56
113578 55
113584 54
113635 55
113669 55
113670 54
113670 53
113670 53
113685 54
113693 55
113697 56
113712 55
113712 56
113716 57
113723 58
113729 58
113732 57
113735 56
113735 55
113737 56
113737 56
113742 55
113743 55
113749 56
113758 55
113761 56
113770 56
113791 55
113792 56
113796 57
113796 56
113803 57
113854 58
113857 59
113861 58
113864 57
113866 57
113867 57
113872 58
113881 59
113889 58
113890 57
113890 56
113894 55
113898 54
113916 53
113917 54
113918 55
113935 55
113937 56
113938 55
113981 56
113982 56
113984 55
113985 56
113990 55
114019 56
114034 57
114036 56
114041 57
114042 56
114049 57
114062 56
114104 55
114117 56
114125 55
114127 55
114157 56
114173 57
114200 58
114241 59
114269 60
114269 61
114297 60
114308 61
114314 60
114325 61
114330 61
114333 62
114334 63
114361 62
114377 63
114393 64
114430 65
114430 66
114471 65
114473 66
114475 67
114493 66
114501 65
114501 66
114514 67
114529 68
114555 69
114565 68
114566 67
114568 68
114595 69
114602 68
114621 69
114680 70
114721 71
114737 72
114739 73
114741 74
114741 75
114746 74
114746 73
114810 72
114859 73
114886 72
114894 71
114897 70
114905 71
114914 72
114953 71
115000 72
115006 71
115007 70
115021 71
115025 70
115029 69
115058 70
115059 71
115075 71
115111 70
115113 71
115114 72
115122 71
115127 72
115130 73
115154 74
115210 73
115324 72
115325 73
115331 73
115408 72
115412 73
115415 72
115421 71
115475 72
115477 71
115478 70
115481 69
115486 68
115494 69
115505 68
115548 67
115569 68
115573 67
115585 67
115587 66
115599 67
115635 68
115673 69
115685 68
115685 67
115686 66
115686 65
115692 64
115697 64
115701 63
115704 64
115704 65
115722 65
115798 66
115948 67
115953 68
115961 67
115962 66
115962 65
115962 64
115969 63
115971 64
115972 63
115973 64
115980 63
116001 64
116040 65
116089 66
116112 67
116121 67
116126 66
116135 66
116135 65
116157 66
116170 67
116186 68
116189 69
116194 70
116200 69
116200 70
116238 71
116242 72
116242 71
116245 72
116249 73
116253 73
116253 72
116329 71
116342 70
116349 69
116393 70
116444 71
116459 70
116479 69
116482 70
116487 71
116489 70
116537 71
116573 70
116574 69
116587 70
116588 69
116595 68
116601 67
116604 66
116606 65
116608 64
116608 63
116612 62
116613 61
116621 60
116625 61
116625 62
116640 61
116645 60
116645 59
116646 58
116646 57
116661 58
116709 59
116717 58
116777 59
116788 60
116817 61
116831 62
116843 63
116850 62
116850 61
116865 62
116873 63
116885 64
116887 65
116896 64
116902 63
116905 64
116905 63
116907 62
116908 63
116912 62
116912 61
116914 60
116915 61
116921 60
116924 59
116927 58
116927 57
116969 58
116975 59
116979 60
116989 59
117004 60
117021 59
117028 58
117033 59
117059 60
117138 61
117139 60
117140 59
117145 58
117150 59
117150 58
117154 57
117210 58
117217 59
117217 58
117222 59
117235 60
117272 59
117338 58
117341 57
117343 58
117343 59
117343 59
117352 58
117353 59
117362 60
117377 59
117382 58
117393 59
117417 60
117422 61
117427 62
117448 63
117455 62
117461 61
117505 62
117512 63
117512 64
117513 63
117514 64
117521 63
117521 62
117522 61
117533 60
117540 59
117541 60
117545 61
117549 60
117562 61
117570 62
117586 61
117588 60
117593 59
117609 58
117612 59
117649 60
117678 61
117692 62
117697 63
117722 63
117733 64
117737 63
117742 64
117777 65
117781 64
117782 63
117783 64
117853 65
117916 66
117921 65
117929 64
117945 65
117950 66
117956 66
117960 65
117962 64
117962 64
117963 65
117969 64
118025 65
118027 64
118090 65
118099 65
118127 66
118132 65
118162 66
118203 67
118210 66
118224 67
118238 66
118241 65
118254 66
118266 65
118296 66
118297 67
118367 68
118379 69
118381 68
118382 67
118389 66
118405 67
118407 68
118413 67
118433 68
118461 69
118469 68
118470 67
118477 68
118493 67
118525 68
118590 69
118592 70
118627 69
118627 70
118628 69
118636 68
118639 67
118656 66
118691 67
118703 68
118706 67
118711 66
118713 65
118716 64
118726 65
118767 66
118771 65
118775 66
118789 67
118800 68
118806 67
118854 66
118872 67
118876 68
118913 69
118919 70
118920 69
119003 70
119053 71
119073 70
119074 69
119074 68
119077 69
119093 70
119101 69
119105 70
119130 71
119146 72
119152 71
119155 70
119172 69
119178 68
119178 69
119180 70
119186 71
119189 72
119198 71
119204 70
119245 69
119289 68
119290 67
119290 66
119290 65
119292 66
119293 65
119328 66
119353 67
119378 68
119485 67
119518 68
119536 69
119541 68
119549 67
119571 66
119598 67
119641 68
119643 69
119649 69
119677 70
119678 71
119699 71
119745 72
119746 73
119746 74
119753 73
119765 74
119778 75
119801 76
119820 77
119822 76
119830 75
119836 74
119888 75
119890 74
119891 73
119895 72
119898 71
119905 72
119907 71
120050 72
120063 71
120091 72
120125 71
120190 72
120208 71
120209 70
120225 71
120227 72
120233 71
120246 71
120262 70
120289 71
120336 72
120356 71
120381 72
120420 73
120461 74
120470 73
120471 72
120471 71
120471 70
120471 69
120475 70
120482 69
120486 70
120560 71
120591 72
120605 72
120610 71
120613 70
120616 69
120617 68
120617 67
120641 68
120689 69
120695 70
120757 69
120765 70
120773 69
120774 68
120774 67
120777 68
120785 67
120788 66
120804 67
120806 68
120814 69
120845 70
121009 71
121037 72
121038 73
121063 74
121066 73
121076 72
121120 73
121121 74
121133 75
121143 74
121198 73
121223 72
121245 73
121253 72
121265 71
121303 70
121313 71
121316 70
121346 69
121353 70
121389 71
121465 72
121475 73
121498 72
121503 71
121632 72
121635 71
121636 72
121647 71
121648 72
121657 73
121665 74
121676 73
121678 72
121679 71
121682 70
121683 69
121686 70
121687 69
121688 68
121694 68
121697 67
121699 66
121700 65
121702 64
121725 65
121748 66
121778 67
121793 66
121799 65
121806 66
121853 65
121856 64
121870 65
121956 66
121976 67
122003 66
122036 65
122044 66
122047 67
122049 66
122062 66
122065 66
122112 67
122124 66
122127 67
122132 66
122133 65
122140 65
122142 64
122143 63
122145 64
122146 63
122150 62
122154 61
122157 62
122165 62
122165 62
122170 62
122174 61
122194 62
122208 63
122228 64
122315 65
122323 64
122324 63
122326 62
122345 63
122353 64
122388 65
122431 66
122433 67
122437 66
122441 65
122441 64
122450 65
122452 64
122468 63
122474 62
122479 61
122525 62
122527 63
122548 64
122552 65
122563 66
122572 65
122578 64
122585 65
122597 64
122668 65
122704 66
122707 67
122759 66
122764 65
122782 66
122808 67
122811 66
122817 67
122818 68
122822 67
122824 66
122825 67
122826 66
122831 65
122839 64
122884 65
122893 64
122904 63
122910 64
122918 65
122922 66
122934 65
122935 66
122956 67
122965 66
122978 67
122988 66
123008 67
123053 66
123057 67
123057 68
123073 67
123084 66
123114 67
123116 68
123135 69
123143 68
123146 67
123153 66
123181 65
123190 64
123265 63
123301 62
123304 63
123307 63
123317 64
123325 63
123339 64
123359 65
123364 66
123387 65
123458 66
123506 67
123525 66
123555 67
123560 68
123571 69
123579 70
123612 71
123620 72
123626 73
123643 72
123676 71
123689 72
123711 71
123714 70
123717 71
123734 70
123737 71
123751 72
123751 73
123754 72
123797 73
123814 72
123814 71
123821 70
123843 71
123852 70
123855 69
123893 70
123922 71
123924 70
123976 71
123990 70
124003 69
124013 70
124033 71
124065 70
124068 71
124089 71
124091 70
124094 69
124096 68
124098 67
124131 68
124233 69
124264 70
124268 71
124277 72
124278 71
124282 70
124297 69
124298 68
124337 69
124441 70
124444 71
124448 70
124449 69
124451 68
124453 69
124506 70
124549 71
124583 72
124633 73
124671 74
124713 75
124714 74
124718 73
124720 72
124723 71
124733 70
124741 69
124800 70
124804 69
124807 70
124812 69
124813 68
124819 67
124820 66
124868 67
124871 68
124880 69
124888 70
124897 69
124911 68
124912 67
124913 66
124922 67
124974 68
125007 69
125018 68
125038 67
125040 68
125042 67
125075 68
125176 69
125183 68
125188 67
125245 68
125322 69
125333 70
125342 71
125343 70
125343 69
125343 68
125343 67
125343 66
125352 65
125354 64
125354 63
125354 63
125404 64
125413 65
125426 64
125436 65
125442 64
125469 65
125486 66
125526 67
125533 66
125547 65
125576 66
125592 67
125593 68
125607 67
125630 67
125650 68
125660 69
125689 70
125717 71
125729 72
125745 73
125753 72
125754 71
125754 70
125773 71
125789 72
125794 71
125822 72
125825 73
125840 74
125846 73
125898 74
125905 73
125906 72
125921 73
125937 74
125945 74
125967 73
125993 74
126002 74
126002 74
126005 75
126013 75
126129 76
126152 75
126260 76
126269 75
126269 74
126356 75
126360 74
126361 73
126372 72
126511 73
126512 72
126513 73
126515 72
126518 71
126537 70
126541 71
126568 70
126570 71
126609 72
126693 73
126706 72
126732 71
126814 72
126879 71
126915 72
126915 73
126917 74
126951 73
126954 72
126954 73
126957 72
126958 71
126958 70
126968 69
127008 70
127009 71
127041 70
127107 71
127126 70
127161 71
127204 72
127210 71
127228 72
127247 71
127249 70
127249 69
127251 68
127266 67
127294 66
127321 67
127326 68
127404 69
127434 70
127532 71
127539 70
127539 69
127543 68
127554 67
127559 68
127561 69
127580 70
127582 69
127618 70
127626 69
127635 68
127672 67
127679 68
127730 69
127731 70
127742 69
127777 70
127788 71
127797 72
127864 73
127874 74
127930 75
127931 76
127942 75
127950 74
127966 75
127985 76
127998 77
128007 76
128030 75
128145 76
128159 77
128224 78
128226 79
128262 80
128274 81
128381 82
128457 83
128566 82
128654 81
128654 80
128654 79
128654 78
128662 77
128691 78
128744 77
128755 78
128764 77
128773 76
128777 75
128820 76
128838 77
128972 76
128982 75
128985 76
128988 75
128990 76
128990 77
128990 76
128991 75
128992 74
129002 75
129010 74
129181 75
129191 74
129210 75
129224 74
129227 73
129282 74
129381 75
129382 74
129387 73
129394 72
129442 73
129457 74
129466 73
129468 74
129596 73
129640 74
129754 75
129796 76
129849 77
129861 78
129910 79
129913 80
129978 81
129986 80
129986 79
129986 78
129986 77
130046 78
130047 79
130162 80
130299 79
130306 80
130420 81
130454 82
130543 83
130550 82
130550 81
130694 80
130882 81
130887 82
130954 83
131166 82
131175 83
131262 84
131266 85
131421 86
131570 87
131646 86
132190 87
132508 86
133580 85
133606 86
134046 85
134077 84
134232 85
134443 86
134449 85
134460 84
134676 83
134724 82
134728 81
134806 80
134810 81
135097 82
135233 83
135351 82
135361 81
135509 80
135514 79
135554 80
135581 81
135590 80
135619 81
135649 80
135702 81
135704 82
135853 81
135935 82
136045 83
136155 84
136175 85
136181 86
136339 87
136410 86
136506 85
136721 84
136886 85
137127 86
137358 85
137562 84
137706 85
138139 86
138189 85
138521 84
138546 85
138714 86
139093 87
139830 86
140165 87
140546 86
140781 85
140838 86
141000 85
141496 84
141689 85
141876 86
142134 85
142147 84
142294 83
142674 84
142778 83
142788 84
142835 85
142920 84
142931 83
143103 84
143139 85
143204 84
143349 85
143653 86
143666 87
144132 86
144300 85
144823 84
145136 85
145221 86
145304 87
145377 86
145927 85
145981 86
146372 87
148945 86
149551 85
149561 84
149996 85
150195 84
150338 83
150342 82
150446 81
150628 82
150698 81
150740 82
150746 83
150825 84
151007 85
151103 86
151255 87
151431 86
151543 85
151571 84
152100 85
152244 86
152590 87
152673 86
153036 85
153134 86
153711 85
153778 84
154002 85
154010 84
154010 83
154010 82
154021 83
154173 84
154380 83
154390 82
154410 83
154414 82
154414 81
154414 80
154510 81
154510 82
154518 81
154518 80
154523 79
154554 80
154566 79
154798 78
155041 77
155044 78
155051 77
155142 76
155143 77
155155 76
155191 77
155350 78
155355 78
155355 79
155366 78
155422 79
155434 80
155438 79
155455 78
155455 77
155455 76
155519 77
155578 78
155586 77
155590 77
155590 77
155728 76
155747 77
155810 76
155954 77
155954 78
155958 79
155961 78
155963 79
155963 78
155966 77
156022 78
156122 78
156126 79
156130 79
156138 78
156290 77
156325 78
156363 77
156364 78
156370 79
156378 78
156383 77
156383 76
156402 75
156410 76
156422 75
156502 74
156582 75
156618 76
156626 75
156687 76
156742 75
156750 74
156754 75
156758 75
156774 75
156774 74
156874 74
156874 75
156874 74
156878 73
156882 72
156882 71
156894 70
156934 71
156990 72
156990 73
157079 74
157099 73
157149 74
157159 73
157182 74
157222 75
157230 74
157230 73
157230 72
157234 71
157250 72
157337 73
157338 72
157347 72
157366 71
157386 72
157466 73
157487 74
157496 73
157528 72
157529 73
157558 73
157562 74
157594 75
157602 74
157672 75
157730 76
157748 75
157770 76
157778 75
157798 76
157844 77
157878 78
157890 77
157890 77
157891 78
157894 77
157899 76
157903 77
157904 76
157905 77
157912 77
157917 76
158018 77
158052 76
158063 77
158078 76
158082 75
158082 74
158164 75
158180 76
158187 77
158195 76
158197 75
158198 74
158211 73
158370 74
158566 75
158568 76
158585 75
158593 74
158606 75
158663 74
158704 75
158705 76
158710 75
158717 74
158724 73
158750 72
158751 73
158754 72
158756 71
158774 72
158782 72
158802 73
158819 73
158920 74
158934 74
158940 73
158947 74
158953 73
158954 72
158970 71
158979 72
158999 71
159168 72
159171 73
159178 72
159188 71
159230 72
159233 73
159239 73
159241 73
159246 72
159246 71
159249 70
159306 71
159319 71
159320 70
159321 70
159324 69
159328 68
159328 67
159330 66
159332 65
159392 66
159393 65
159443 66
159455 67
159502 68
159512 69
159512 70
159515 70
159515 69
159518 69
159519 69
159522 69
159526 69
159554 70
159596 71
159613 70
159618 71
159618 70
159619 69
159622 69
159623 68
159660 69
159673 68
159674 67
159681 66
159686 65
159714 66
159717 66
159719 66
159721 67
159729 66
159730 66
159732 67
159734 68
159736 67
159736 66
159737 66
159739 65
159740 64
159740 64
159751 65
159818 66
159846 65
159847 64
159852 63
159880 62
159897 63
159940 64
159968 65
159974 65
159980 64
159989 63
160027 64
160107 63
160194 62
160229 63
160254 64
160254 65
160254 64
160257 63
160259 62
160262 61
160263 60
160264 59
160264 58
160303 57
160304 58
160310 59
160310 58
160312 59
160326 59
160360 60
160387 60
160387 61
160389 60
160390 60
160391 60
160395 59
160441 60
160452 61
160478 62
160493 63
160494 62
160498 61
160500 61
160503 60
160506 60
160509 59
160552 60
160556 59
160568 58
160620 57
160621 56
160645 57
160647 56
160675 57
160676 58
160691 59
160691 60
160709 61
160720 60
160733 61
160736 62
160739 61
160759 62
160763 61
160767 62
160799 63
160802 64
160804 63
160806 64
160820 65
160828 64
160829 65
160858 66
160885 67
160896 68
160918 69
160921 70
160923 71
161002 72
161006 71
161015 71
161024 72
161041 71
161098 72
161136 73
161138 73
161184 72
161225 73
161307 74
161361 75
161416 76
161425 77
161437 76
161626 77
161629 78
161638 77
161641 76
161649 75
161650 76
161651 75
161662 76
161666 75
161693 76
161732 77
161744 78
161746 78
161758 77
161772 77
161776 78
161792 77
161809 76
161911 75
161912 76
161985 77
162018 78
162020 77
162096 78
162127 78
162155 77
162245 78
162266 77
162269 76
162356 77
162369 78
162382 79
162492 80
162492 79
162506 80
162527 79
162533 80
162544 79
162559 80
162721 81
162731 80
162755 79
162761 78
162763 77
162763 78
162772 77
162774 76
162826 77
162831 76
162838 75
162838 74
162843 73
162932 72
163005 73
163022 72
163024 71
163029 72
163029 73
163063 74
163161 75
163168 74
163170 73
163181 74
163189 75
163201 76
163202 76
163206 75
163209 74
163333 75
163346 75
163373 76
163378 77
163419 78
163432 79
163468 80
163540 79
163582 80
163607 81
163608 80
163664 81
163666 81
163834 80
163886 81
163897 80
163909 81
163929 80
163956 79
164112 80
164122 79
164353 78
164401 79
164413 80
164418 79
164419 80
164422 81
164422 80
164437 79
164452 78
164454 77
164455 78
164543 79
164718 80
164836 81
164970 80
164992 81
165021 82
165142 83
165168 84
165235 85
165264 86
165401 85
165404 84
165407 85
165412 84
165412 83
165494 82
165546 81
165640 82
165651 81
165666 82
165690 83
165952 82
165956 81
165973 80
166048 81
166081 82
166338 83
166378 84
166381 83
166381 83
166384 82
166386 83
166386 82
166393 81
166454 80
166502 81
166518 80
166575 81
166610 82
166757 81
166807 82
166840 81
166890 82
166908 81
167128 82
167139 81
167141 80
167149 79
167150 78
167150 77
167155 78
167173 77
167182 78
167196 77
167203 78
167278 77
167417 78
167421 77
167428 76
167512 75
167514 74
167516 73
167526 74
167526 73
167537 72
167542 71
167543 70
167734 71
167748 70
167777 71
167799 70
167800 71
167842 72
167859 71
167924 72
167951 73
167951 72
167963 71
167972 72
167974 71
167975 70
167976 69
167977 69
167980 68
167983 67
167985 66
167988 65
167991 64
168005 65
168020 66
168058 67
168099 68
168112 69
168134 70
168137 71
168144 70
168148 69
168149 68
168153 67
168157 66
168167 67
168172 66
168173 65
168177 64
168230 65
168266 64
168279 63
168308 64
168369 65
168457 66
168487 65
168508 66
168511 65
168562 66
168574 67
168581 67
168582 67
168584 66
168586 67
168588 68
168590 67
168593 66
168593 65
168594 65
168595 65
168596 64
168603 65
168611 66
168672 67
168678 66
168680 65
168685 64
168686 65
168692 64
168698 63
168701 62
168849 63
168861 62
168863 61
168872 62
168873 62
168898 63
168904 64
168910 65
168910 64
168914 65
168917 64
168924 63
168930 62
168931 63
168940 62
168943 61
168979 61
168980 60
168996 61
169046 60
169054 61
169104 62
169116 61
169117 60
169120 59
169165 60
169171 61
169178 62
169181 61
169215 62
169218 63
169222 62
169225 63
169226 62
169226 62
169235 63
169236 62
169267 63
169271 62
169279 63
169286 64
169291 65
169329 66
169346 65
169354 66
169372 67
169385 68
169394 67
169444 68
169456 69
169461 68
169468 67
169471 66
169472 67
169473 66
169484 66
169489 65
169490 66
169494 67
169497 68
169498 67
169499 68
169500 67
169509 68
169550 67
169556 66
169558 65
169619 66
169630 65
169657 66
169675 67
169679 66
169688 67
169696 66
169707 67
169715 68
169724 67
169744 66
169791 65
169804 64
169822 65
169826 64
169831 63
169831 62
169831 61
169840 62
169852 61
169853 62
169884 63
169963 64
169975 63
170024 64
170051 65
170054 64
170065 63
170079 62
170089 63
170093 63
170098 64
170102 65
170104 64
170105 65
170110 64
170138 63
170181 64
170189 65
170192 64
170196 63
170197 62
170236 63
170252 62
170253 62
170255 61
170258 62
170268 61
170278 62
170342 61
170351 62
170369 61
170370 60
170390 61
170406 62
170412 63
170412 62
170438 63
170469 62
170474 63
170477 64
170481 65
170488 66
170505 65
170515 66
170520 67
170523 66
170527 65
170528 64
170528 64
170528 63
170555 62
170559 61
170580 62
170610 63
170616 64
170616 65
170618 64
170622 63
170627 64
170650 65
170658 64
170658 65
170698 64
170700 65
170731 66
170731 67
170774 68
170782 67
170782 66
170783 65
170783 64
170812 65
170823 66
170847 65
170847 64
170857 65
170858 66
170860 67
170866 66
170866 66
170867 66
170869 65
170890 66
170892 67
170910 68
170937 67
170937 66
170938 67
170954 68
170962 67
170989 66
170998 65
171006 66
171026 67
171074 68
171082 67
171085 66
171085 67
171131 68
171160 67
171254 68
171258 69
171262 68
171264 67
171310 68
171318 67
171318 66
171325 65
171330 64
171350 65
171385 64
171394 65
171406 66
171477 67
171480 66
171483 67
171495 67
171535 68
171555 69
171558 68
171593 69
171612 68
171684 69
171687 68
171688 68
171689 67
171690 66
171695 65
171708 66
171732 65
171734 66
171734 67
171735 68
171742 67
171742 67
171742 66
171790 67
171790 68
171801 69
171813 70
171902 71
171908 72
171909 72
171918 73
172013 74
172058 73
172066 72
172162 73
172168 72
172199 71
172214 72
172224 71
172270 72
172291 73
172292 74
172300 73
172304 72
172310 73
172353 74
172382 75
172390 74
172422 75
172486 74
172529 75
172654 76
172698 75
172710 76
172723 77
172766 78
172772 79
172804 78
172805 79
172806 80
172918 81
172926 80
172926 79
172963 80
173022 79
173034 78
173186 77
173214 76
173255 77
173258 78
173286 79
173343 80
173345 81
173369 82
173503 81
173618 82
173690 81
173698 82
173782 83
173850 84
174098 85
174251 84
174587 85
174595 84
174646 85
174653 84
174654 83
174661 82
174665 81
174691 82
174857 83
174869 82
174878 81
174881 80
175037 79
175056 80
175060 79
175079 80
175081 79
175083 80
175087 79
175087 78
175094 77
175213 78
175218 77
175219 76
175224 75
175456 74
175463 73
175522 74
175537 75
175540 76
175548 77
175563 78
175567 77
175579 78
175589 77
175647 78
175658 77
175660 78
175704 77
175719 76
175765 77
175779 76
175790 77
175871 78
175958 79
175972 80
176083 79
176174 78
176251 79
176290 78
176290 77
176292 78
176343 77
176357 76
176385 77
176453 78
176456 77
176556 78
176566 77
176574 76
176574 77
176579 76
176619 77
176625 77
176626 76
176628 77
176631 76
176633 75
176636 74
176638 74
176644 73
176746 74
176965 75
177032 74
177110 75
177112 76
177113 75
177113 74
177118 73
177119 72
177123 71
177126 70
177126 69
177127 68
177127 67
177180 68
177184 69
177185 70
177186 71
177186 72
177188 71
177189 70
177194 69
177247 70
177293 69
177295 70
177296 69
177328 68
177366 69
177394 70
177400 71
177452 72
177474 73
177566 72
177569 71
177574 70
177575 69
177576 68
177614 69
177622 68
177624 67
177628 68
177629 67
177666 68
177682 69
177688 70
177752 71
177755 72
177756 71
177757 71
177760 72
177771 71
177810 72
177818 73
177823 72
177826 71
177856 70
177995 69
177998 68
178007 67
178019 68
178046 67
178052 68
178059 69
178106 68
178217 69
178218 70
178228 69
178244 68
178250 69
178258 70
178266 69
178266 68
178280 67
178281 68
178289 67
178290 68
178293 67
178298 68
178314 67
178316 66
178340 67
178364 68
178421 69
178436 70
178441 71
178460 72
178604 73
178638 72
178676 71
178701 72
178737 73
178742 72
178746 73
178782 74
178790 73
178826 74
178855 75
178866 74
178867 73
178902 74
178915 73
178957 74
178975 73
178978 74
179014 75
179022 74
179135 75
179147 74
179154 75
179206 76
179217 77
179282 76
179456 77
179465 78
179522 79
179562 80
179615 81
179633 82
179810 83
179850 84
179867 85
179904 86
180016 85
180302 86
180346 87
181754 86
182322 87
182594 86
182632 85
183088 86
183571 87
184346 86
184402 85
184416 84
184431 83
184737 82
184765 81
185032 80
185096 79
185254 80
185323 81
185418 82
185458 81
185462 80
185474 81
185481 80
185562 81
185566 82
185574 83
185578 84
185879 85
185972 86
186050 85
186052 84
186171 85
186219 84
186226 83
186507 82
186545 83
186586 84
186647 83
186991 84
187141 85
187199 84
187201 83
187462 84
187495 85
187804 86
187817 85
187820 84
187822 83
187831 82
187833 81
187835 80
187836 81
188185 81
188250 80
188373 81
188392 82
188409 81
188420 82
188422 81
188533 82
188679 83
188691 82
188728 83
188740 82
188742 81
188745 81
188822 82
188835 81
188836 81
188838 80
189032 81
189108 80
189108 79
189248 80
189314 81
189329 82
189381 81
189521 82
189537 83
189550 82
189696 81
189759 82
189823 83
190043 84
190111 85
190380 86
190428 85
190479 86
190508 85
191369 86
191495 87
191812 86
191858 85
191868 84
191977 83
192035 84
192598 85
192601 86
192869 85
192878 86
192903 85
193124 84
193555 85
193619 84
193633 83
193767 82
193931 81
194051 82
194112 83
194117 84
194197 85
194287 86
194674 85
194700 86
194734 85
194838 84
195857 85
196203 86
196264 87
196798 86
196910 87
