0 0
0 0
5 1
13 1
60 2
91 3
197 4
206 5
237 5
257 5
316 6
349 6
358 7
412 8
413 9
433 10
442 10
492 11
505 11
519 11
537 12
640 12
641 12
671 13
678 14
710 14
737 14
751 14
757 15
787 16
897 17
929 17
934 17
950 18
963 19
1080 19
1109 19
1170 20
1175 20
1176 20
1185 21
1296 22
1382 23
1391 23
1402 23
1408 23
1429 24
1447 25
1449 26
1491 27
1506 26
1559 26
1586 27
1597 28
1599 29
1601 29
1605 30
1617 29
1630 29
1645 28
1645 29
1650 30
1660 31
1722 32
1739 32
1770 32
1793 32
1828 33
1829 34
1834 35
1840 36
1922 36
1925 37
1941 38
2045 38
2048 39
2069 38
2069 37
2076 38
2105 39
2106 40
2115 39
2140 40
2219 40
2260 39
2274 38
2286 39
2290 38
2300 38
2329 38
2343 37
2391 37
2418 37
2428 36
2446 37
2446 38
2447 37
2449 38
2449 39
2461 40
2603 41
2608 40
2611 40
2614 39
2625 40
2663 39
2670 39
2717 38
2742 37
2793 38
2857 39
2868 40
2869 41
2879 40
2909 39
2910 39
2975 38
2989 37
3008 38
3010 39
3015 40
3059 41
3089 40
3258 39
3259 38
3277 39
3291 38
3293 39
3294 40
3295 41
3311 42
3315 41
3324 42
3325 42
3353 43
3413 42
3422 41
3469 40
3475 39
3529 38
3532 39
3587 40
3589 40
3666 39
3691 38
3704 38
3706 37
3713 38
3726 37
3736 38
3739 39
3741 38
3771 39
3779 39
3877 40
3882 39
3886 40
3887 41
3901 40
3913 41
3946 42
3949 43
3965 42
4093 41
4100 42
4172 43
4184 44
4264 45
4274 46
4279 47
4280 46
4289 47
4289 48
4297 47
4316 46
4340 45
4349 44
4369 45
4376 44
4376 43
4428 44
4445 43
4514 44
4514 45
4528 46
4564 47
4569 48
4572 49
4641 48
4709 47
4767 48
4773 49
4779 50
4832 49
4836 48
4845 47
4845 46
4857 47
4905 48
4961 47
5017 46
5095 45
5103 44
5135 45
5157 46
5166 47
5182 46
5262 47
5283 46
5297 45
5325 44
5325 45
5336 44
5357 45
5447 44
5497 45
5581 44
5599 45
5602 46
5635 45
5660 46
5700 47
5777 46
5792 47
5810 46
5836 45
5889 46
5946 45
5999 44
6085 45
6110 44
6141 45
6189 44
6211 45
6254 46
6259 45
6265 46
6266 45
6293 44
6294 43
6318 42
6363 43
6367 42
6367 43
6370 42
6438 41
6516 42
6536 43
6570 43
6619 42
6624 43
6654 42
6677 43
6679 44
6695 45
6718 46
6721 47
6737 46
6845 47
6903 46
6905 45
6922 46
6928 45
6938 46
6959 45
6961 44
7032 43
7046 44
7050 45
7067 44
7144 44
7157 45
7173 44
7174 45
7174 46
7199 47
7233 46
7296 45
7298 44
7303 45
7329 45
7382 46
7393 47
7395 48
7400 47
7435 46
7435 45
7438 44
7453 43
7482 44
7554 43
7580 44
7583 45
7604 44
7625 45
7653 46
7655 45
7674 44
7676 45
7732 44
7750 43
7981 44
7981 45
7983 46
7985 47
7992 48
7993 48
8029 49
8032 50
8057 49
8059 50
8075 51
8147 52
8161 53
8187 54
8201 55
8233 54
8244 55
8289 54
8388 53
8438 52
8438 53
8441 52
8447 53
8449 54
8469 53
8533 54
8540 53
8576 52
8602 51
8625 52
8661 51
8681 52
8770 51
8799 50
8813 49
8912 50
8914 51
8940 50
8945 51
8997 52
8997 53
9001 54
9005 53
9028 52
9028 53
9033 52
9045 51
9053 52
9065 51
9141 50
9198 49
9222 50
9262 49
9290 48
9332 47
9358 46
9381 47
9389 48
9465 49
9468 50
9473 49
9485 48
9486 49
9490 50
9499 51
9573 52
9625 51
9657 50
9661 49
9663 50
9676 49
9694 48
9697 49
9784 50
9897 49
9924 50
9996 49
10003 48
10022 49
10035 49
10076 48
10105 47
10145 46
10151 47
10196 46
10215 47
10215 46
10297 45
10327 44
10345 45
10345 46
10438 45
10464 44
10482 45
10493 46
10494 46
10553 47
10561 48
10562 49
10617 50
10629 51
10697 52
10729 53
10736 52
10736 53
10738 52
10783 53
10786 52
10797 53
10814 54
10840 53
10847 54
10962 55
10993 54
10994 53
11013 52
11061 53
11070 52
11101 53
11131 52
11133 51
11134 50
11145 49
11154 50
11166 49
11180 50
11188 49
11220 50
11231 51
11276 50
11285 49
11328 50
11365 49
11429 48
11553 49
11557 48
11656 49
11661 50
11729 51
11733 52
11735 51
11764 52
11765 51
11821 52
11823 53
11839 54
11870 55
11883 56
11959 55
11987 54
12084 53
12117 54
12122 55
12157 56
12177 55
12231 54
12248 53
12248 54
12271 53
12307 52
12330 51
12369 50
12413 49
12429 50
12492 49
12519 48
12525 49
12539 48
12707 47
12726 48
12735 49
12737 50
12739 51
12741 52
12742 51
12742 50
12754 51
12764 52
12782 53
12837 53
12853 53
12854 52
12866 51
12944 52
12964 51
12981 52
12998 51
13046 50
13116 49
13163 50
13171 51
13193 50
13193 49
13198 50
13296 51
13302 52
13303 53
13305 54
13373 53
13417 52
13495 51
13495 50
13508 51
13529 52
13548 51
13582 50
13625 51
13635 52
13731 51
13742 50
13754 49
13761 50
13775 51
13775 51
13779 52
13808 51
13853 50
13920 51
13966 52
13968 51
14014 52
14033 51
14035 50
14079 51
14174 52
14175 53
14177 54
14196 53
14208 52
14217 53
14397 54
14404 55
14441 54
14486 53
14537 52
14538 51
14591 52
14608 51
14619 50
14689 50
14697 51
14708 50
14770 49
14793 50
14811 49
14813 48
14869 49
14873 49
14877 48
14883 47
14888 46
14905 47
14938 48
14945 49
14950 50
14951 51
14970 52
14971 51
15041 52
15049 51
15073 50
15080 49
15203 50
15205 51
15205 52
15213 53
15214 52
15216 53
15239 52
15257 53
15277 52
15307 51
15329 52
15466 53
15478 54
15506 53
15557 54
15558 55
15582 56
15662 57
15664 58
15700 57
15753 58
15845 57
15854 56
15877 57
15885 56
15957 55
15983 54
16007 53
16016 52
16035 51
16047 50
16052 49
16077 48
16083 49
16084 48
16094 49
16096 50
16097 51
16115 50
16140 49
16158 48
16277 49
16288 50
16292 51
16410 50
16450 49
16477 50
16492 51
16519 50
16537 51
16544 52
16564 51
16642 52
16667 51
16704 50
16707 49
16751 48
16759 47
16763 46
16800 47
16810 48
16840 47
16860 46
16872 47
16877 48
16913 47
16950 48
16962 49
16971 48
17037 47
17072 48
17077 47
17126 46
17168 47
17257 48
17257 49
17257 50
17263 51
17294 52
17307 51
17325 50
17367 49
17381 50
17393 51
17402 52
17405 53
17435 52
17437 51
17446 50
17449 49
17464 50
17476 51
17487 50
17496 49
17510 50
17514 51
17561 50
17593 51
17594 52
17598 53
17599 54
17673 53
17702 52
17709 51
17745 50
17826 51
17827 52
17841 53
17841 54
17842 55
17858 56
17858 57
17881 58
17889 57
17910 56
17936 57
18114 56
18115 57
18116 56
18117 57
18117 58
18202 57
18246 56
18246 55
18254 54
18261 53
18265 54
18273 53
18290 54
18305 53
18314 52
18352 51
18362 52
18385 51
18507 52
18513 51
18521 50
18523 49
18549 48
18579 47
18592 46
18601 45
18639 46
18666 47
18691 48
18693 49
18720 50
18721 51
18789 50
18857 51
18885 52
18913 53
18919 54
18920 53
18931 52
18942 53
18973 52
18984 51
19006 52
19007 51
19025 52
19036 51
19061 52
19122 53
19123 54
19126 54
19133 55
19135 56
19150 55
19232 56
19248 55
19257 56
19297 56
19337 57
19342 58
19346 59
19350 60
19351 61
19424 62
19469 61
19489 60
19497 59
19515 60
19564 61
19565 60
19568 59
19645 58
19756 57
19763 57
19768 56
19785 55
19788 54
19810 53
19941 54
19959 55
19973 54
19997 55
20032 54
20033 55
20051 54
20078 55
20105 54
20161 53
20201 54
20212 53
20257 54
20268 55
20305 54
20363 53
20381 54
20384 55
20386 54
20392 55
20411 54
20416 53
20437 54
20463 55
20521 54
20549 53
20554 54
20628 55
20637 54
20638 55
20649 54
20658 55
20662 56
20788 57
20793 58
20795 57
20825 58
20853 57
20872 56
20877 55
20892 56
20897 55
20898 56
20933 57
21010 56
21022 57
21027 58
21054 59
21064 59
21068 58
21091 59
21092 58
21112 57
21116 56
21118 55
21120 54
21127 55
21157 54
21178 53
21215 52
21246 53
21269 52
21304 53
21313 54
21355 55
21386 56
21387 57
21427 56
21516 55
21523 54
21547 55
21572 56
21596 57
21728 56
21737 55
21751 56
21768 57
21780 56
21786 55
21817 54
21827 55
21841 56
21877 57
21885 56
21889 55
21913 54
21922 55
22013 54
22077 53
22097 52
22103 53
22153 54
22189 53
22210 52
22219 51
22222 52
22229 53
22249 54
22281 55
22285 54
22294 53
22296 52
22310 51
22320 50
22343 51
22345 52
22398 53
22400 54
22412 55
22429 56
22465 55
22639 54
22698 53
22709 52
22724 53
22730 54
22749 53
22783 54
22802 53
22918 54
22921 55
22924 56
22980 57
22986 58
23004 57
23012 58
23041 57
23101 58
23159 59
23161 60
23162 61
23189 60
23198 59
23217 60
23293 61
23299 61
23329 62
23340 61
23367 60
23369 59
23410 58
23457 59
23460 58
23465 57
23490 56
23542 57
23553 58
23564 59
23576 58
23576 57
23590 56
23592 55
23605 54
23627 55
23631 54
23641 55
23672 54
23674 54
23739 55
23797 56
23801 57
23870 56
23871 55
23885 56
23897 57
23972 56
24025 57
24028 58
24033 59
24042 58
24116 57
24118 56
24145 57
24165 56
24166 57
24221 58
24232 57
24273 58
24277 59
24293 60
24301 59
24357 58
24416 59
24515 60
24537 59
24540 60
24555 61
24605 60
24607 59
24675 60
24721 61
24761 62
24789 63
24806 64
24856 63
24865 62
24865 61
24873 62
24875 61
24929 61
24935 62
24975 63
24977 62
24984 61
25023 60
25159 61
25187 60
25193 59
25210 60
25217 59
25228 58
25372 59
25407 60
25430 61
25436 62
25490 63
25527 62
25544 63
25557 64
25558 64
25569 65
25597 64
25598 63
25701 62
25778 61
25793 60
25825 61
25826 60
25838 59
25897 58
25945 59
25953 58
25988 59
26027 58
26031 57
26053 58
26060 59
26082 58
26113 57
26137 58
26153 57
26168 56
26185 55
26209 54
26245 55
26260 56
26261 57
26271 58
26279 59
26299 60
26346 59
26398 60
26427 59
26474 58
26503 59
26521 60
26524 61
26553 62
26561 61
26592 62
26675 61
26700 60
26761 59
26768 58
26862 59
26868 60
26908 59
26927 60
26950 61
26953 60
27070 61
27092 60
27153 59
27173 58
27202 57
27208 56
27213 56
27238 55
27276 56
27308 55
27320 54
27338 55
27373 56
27409 55
27414 56
27452 55
27457 54
27509 55
27511 56
27531 57
27556 58
27605 59
27605 60
27713 61
27715 62
27721 63
27796 64
27821 63
27826 62
27911 63
27970 64
28000 63
28017 64
28034 63
28065 62
28113 63
28121 62
28149 61
28169 62
28177 61
28179 60
28181 61
28228 62
28271 63
28365 62
28367 63
28369 62
28417 63
28424 62
28496 63
28499 64
28507 65
28535 66
28565 65
28582 66
28582 67
28614 66
28653 65
28663 64
28724 63
28725 62
28729 63
28876 62
28883 63
28889 62
28929 61
28935 62
28939 61
29010 60
29107 59
29129 60
29149 59
29207 60
29233 59
29252 58
29268 57
29307 56
29309 56
29321 57
29337 58
29370 57
29380 58
29389 59
29428 60
29437 59
29583 60
29585 61
29594 62
29634 63
29699 63
29701 64
29800 63
29811 62
29843 61
29856 62
29915 61
29917 60
29932 59
29998 58
30054 57
30095 56
30115 55
30125 54
30213 55
30251 56
30254 57
30268 58
30271 57
30301 56
30337 57
30338 58
30345 59
30365 60
30412 59
30422 58
30447 59
30448 60
30453 61
30478 62
30485 62
30590 63
30617 62
30661 61
30681 62
30713 61
30749 62
30833 61
30833 62
30838 61
30857 60
30859 61
30875 60
30912 59
30913 60
30918 59
30921 58
30922 59
30932 60
30970 61
30986 60
30989 59
31029 58
31039 59
31092 60
31121 59
31132 58
31137 57
31140 58
31168 57
31228 56
31245 57
31271 58
31304 59
31308 60
31374 59
31381 60
31439 61
31446 62
31449 63
31545 64
31572 65
31626 66
31647 67
31648 68
31719 67
31738 68
31738 67
31773 66
31823 67
31844 66
31869 65
31870 64
31937 63
31944 64
31964 63
31986 62
31988 63
32020 62
32028 61
32134 60
32135 59
32146 60
32148 61
32162 60
32232 61
32259 60
32259 61
32274 60
32319 59
32364 58
32365 57
32396 58
32397 59
32495 60
32496 59
32548 58
32632 59
32634 60
32651 59
32762 59
32771 59
32781 60
32797 61
32798 62
32855 63
32904 64
32908 65
32911 66
32913 67
32942 68
32979 67
32988 66
33037 65
33049 64
33145 63
33174 64
33205 63
33246 62
33257 61
33292 62
33297 63
33300 64
33303 65
33312 64
33357 65
33374 64
33440 63
33453 64
33458 65
33464 64
33470 64
33474 63
33497 62
33539 63
33563 64
33625 63
33661 64
33686 65
33693 64
33699 63
33711 64
33711 63
33730 62
33731 61
33761 60
33813 61
33819 60
33822 59
33827 58
33836 57
33837 56
33837 57
33840 56
33840 55
33841 54
33842 53
33844 52
33846 51
33847 50
33850 49
33865 50
34012 51
34084 51
34085 50
34085 51
34086 51
34086 50
34093 49
34122 50
34167 51
34173 52
34189 51
34209 51
34215 50
34286 51
34389 52
34396 53
34398 54
34402 55
34421 54
34427 53
34431 54
34431 54
34433 53
34436 52
34436 51
34466 52
34472 51
34476 50
34526 51
34543 50
34554 51
34560 52
34588 53
34592 52
34600 51
34603 50
34605 49
34626 50
34629 49
34629 48
34631 47
34631 47
34636 47
34642 47
34645 46
34647 47
34668 46
34675 47
34680 46
34687 45
34702 46
34723 45
34736 44
34774 45
34785 46
34807 47
34810 46
34810 47
34819 46
34829 45
34829 45
34836 44
34844 43
34865 44
34875 43
34906 44
34913 44
34915 45
34918 44
34921 43
34921 42
34922 42
34929 42
34932 42
34932 41
34944 41
34952 40
34954 41
34956 40
34956 39
34959 39
34959 38
34959 38
34963 38
34963 37
34965 37
34966 37
34966 36
34970 36
35006 37
35011 37
35018 36
35103 37
35109 38
35130 38
35204 39
35208 39
35209 38
35213 37
35215 37
35215 36
35224 37
35229 37
35229 37
35230 37
35231 36
35234 36
35235 37
35237 37
35241 37
35242 38
35244 38
35269 39
35277 39
35288 38
35307 39
35308 40
35330 41
35334 42
35337 43
35401 44
35405 44
35406 44
35412 44
35414 43
35430 44
35482 43
35483 42
35483 41
35485 40
35486 39
35486 39
35489 39
35493 40
35495 41
35499 41
35508 41
35509 42
35509 43
35513 44
35543 45
35559 45
35560 44
35560 45
35564 46
35564 47
35575 46
35575 46
35575 46
35576 45
35579 44
35580 43
35616 42
35638 43
35698 44
35699 45
35705 44
35705 43
35706 43
35706 43
35709 44
35711 43
35716 42
35717 41
35717 40
35718 41
35718 40
35757 41
35765 42
35766 41
35766 41
35769 41
35771 40
35775 40
35775 40
35775 40
35778 41
35780 40
35785 39
35792 39
35833 40
35840 39
35841 38
35851 39
35856 38
35856 37
35859 36
35861 35
35863 35
35865 35
35866 34
35868 34
35871 34
35873 33
35881 34
35882 33
35888 33
35889 33
35890 32
35890 32
35892 31
35909 32
35910 31
35910 30
35911 31
35915 31
35917 31
35918 31
35920 30
35922 29
35953 30
35954 31
35957 31
35957 32
35959 33
35959 33
35960 33
35963 33
35964 32
35965 31
35966 31
35968 32
35969 31
35971 31
35974 30
35976 29
35984 29
36035 30
36073 30
36085 29
36103 29
36104 30
36106 29
36106 29
36110 29
36112 28
36116 28
36117 28
36119 28
36120 29
36137 30
36138 30
36145 30
36163 31
36174 30
36262 31
36265 32
36274 31
36275 30
36276 30
36278 29
36280 29
36280 29
36280 29
36283 29
36285 28
36285 28
36286 28
36288 28
36291 28
36291 28
36294 28
36309 29
36317 29
36325 28
36326 27
36326 26
36326 25
36329 25
36330 24
36330 23
36343 22
36348 23
36364 24
36365 25
36373 25
36378 26
36399 25
36433 26
36446 25
36449 26
36452 27
36462 27
36464 27
36466 26
36485 27
36485 28
36488 28
36489 29
36491 29
36502 30
36507 30
36516 31
36525 31
36526 30
36526 30
36532 29
36532 28
36532 28
36534 27
36535 28
36536 27
36543 27
36543 28
36546 28
36547 27
36547 26
36547 26
36547 26
36547 26
36548 25
36551 24
36552 23
36553 23
36553 23
36553 22
36555 22
36555 21
36556 21
36565 21
36565 22
36567 23
36579 22
36580 21
36583 20
36589 19
36590 18
36590 17
36591 16
36592 15
36594 14
36594 15
36598 14
36599 13
36602 12
36603 12
36610 12
36612 11
36653 12
36654 13
36673 14
36693 15
36701 16
36719 17
36719 18
36721 17
36731 18
36733 19
36749 19
36752 18
36752 18
36753 17
36755 18
36758 18
36764 19
36784 20
36794 21
36800 20
36800 20
36832 21
36844 22
36846 23
36849 24
36853 25
36885 26
36914 26
36915 25
36917 25
36918 25
36918 26
36919 26
36920 26
36921 27
36921 27
36924 26
36927 26
36928 27
36928 27
36928 26
36928 25
36929 24
36932 24
36937 23
36941 22
36963 21
37010 22
37023 23
37033 24
37037 25
37041 26
37042 27
37048 26
37049 26
37050 25
37050 25
37052 25
37052 26
37053 25
37054 24
37054 24
37056 24
37061 24
37062 25
37065 25
37076 25
37083 25
37085 24
37087 24
37087 23
37105 24
37115 25
37144 26
37153 27
37161 28
37164 27
37166 27
37172 27
37189 28
37195 29
37202 30
37203 29
37205 28
37220 27
37273 28
37274 27
37275 27
37276 28
37277 29
37282 29
37282 29
37283 29
37285 28
37285 29
37289 29
37289 29
37301 30
37309 30
37310 29
37310 28
37310 27
37310 26
37311 27
37314 27
37316 27
37329 28
37333 29
37335 28
37335 27
37338 26
37339 26
37342 26
37347 25
37347 25
37357 26
37358 27
37359 28
37367 28
37405 29
37417 29
37429 30
37436 31
37437 32
37459 33
37464 34
37465 35
37467 34
37468 34
37470 33
37473 32
37483 31
37488 31
37488 32
37489 33
37497 32
37498 32
37498 32
37498 31
37544 32
37548 31
37548 31
37550 30
37550 29
37557 29
37573 30
37574 31
37581 30
37581 30
37582 30
37588 29
37590 28
37628 28
37630 29
37660 30
37678 29
37679 29
37679 28
37681 29
37683 30
37685 30
37699 31
37699 32
37712 32
37712 32
37714 32
37714 31
37716 32
37722 32
37724 31
37726 30
37749 31
37766 30
37766 29
37771 30
37772 31
37774 31
37776 30
37780 29
37784 30
37786 31
37790 32
37803 31
37831 30
37833 31
37839 32
37845 33
37846 34
37853 33
37857 32
37863 32
37864 31
37866 30
37888 31
37907 32
37914 32
37915 33
37918 32
37918 31
37918 31
37923 32
37927 33
37931 34
37931 35
37975 36
38001 37
38003 38
38009 39
38010 39
38012 38
38012 38
38017 37
38035 38
38041 37
38042 37
38043 38
38050 37
38053 37
38084 38
38089 37
38089 38
38097 38
38104 39
38104 40
38109 41
38110 40
38132 41
38133 42
38141 42
38162 42
38163 41
38166 40
38167 40
38167 40
38168 41
38183 42
38189 43
38192 44
38194 43
38194 42
38195 41
38195 41
38196 40
38200 39
38200 39
38200 39
38201 39
38219 40
38242 41
38257 42
38266 41
38277 41
38301 42
38302 43
38307 44
38309 45
38317 45
38318 44
38322 45
38329 46
38330 45
38330 45
38335 46
38343 45
38349 46
38370 47
38370 46
38407 47
38409 46
38425 45
38426 44
38426 44
38426 43
38427 43
38428 44
38430 45
38431 45
38433 44
38436 43
38438 42
38441 43
38465 42
38467 42
38471 43
38481 42
38493 43
38556 42
38617 42
38626 41
38626 41
38626 40
38626 39
38626 38
38626 37
38627 36
38630 36
38637 35
38641 35
38662 34
38666 35
38672 36
38711 37
38721 38
38725 38
38744 39
38759 39
38767 40
38805 39
38813 40
38815 41
38835 40
38838 39
38841 40
38841 39
38848 40
38850 39
38852 40
38853 40
38854 39
38857 38
38857 37
38859 36
38859 35
38861 34
38861 34
38862 33
38863 32
38864 33
38864 32
38889 32
38947 33
38965 34
38966 35
39001 34
39004 35
39011 36
39016 35
39020 34
39021 35
39044 36
39047 37
39049 38
39061 39
39065 40
39071 41
39085 41
39102 42
39103 43
39144 44
39145 45
39185 46
39219 45
39227 46
39236 45
39240 44
39245 43
39247 44
39249 44
39250 45
39257 44
39258 44
39258 44
39258 43
39281 44
39283 45
39305 46
39306 47
39313 47
39314 47
39315 46
39324 46
39393 45
39396 46
39404 45
39423 44
39424 44
39428 44
39450 43
39450 42
39450 41
39450 40
39450 41
39450 42
39451 41
39473 42
39491 43
39499 44
39501 43
39503 44
39503 43
39504 42
39508 41
39509 42
39509 42
39509 41
39513 40
39533 39
39534 38
39539 39
39539 40
39547 39
39548 38
39549 37
39553 36
39556 35
39559 36
39628 36
39628 37
39666 38
39667 39
39674 40
39683 40
39689 41
39716 42
39774 43
39791 42
39797 43
39808 44
39829 44
39831 45
39834 46
39838 47
39892 48
39938 49
39939 50
39941 51
39946 52
39947 53
39951 52
39957 51
39977 50
40005 51
40041 50
40044 49
40066 50
40077 51
40083 50
40089 51
40097 50
40098 49
40142 50
40148 51
40157 52
40227 53
40234 52
40282 53
40285 54
40289 55
40293 54
40294 54
40294 53
40294 54
40294 53
40295 52
40296 52
40298 51
40307 50
40325 51
40333 50
40336 49
40337 50
40341 49
40343 48
40347 47
40355 46
40365 47
40384 46
40389 47
40390 48
40397 49
40400 50
40445 51
40448 52
40454 51
40455 50
40458 50
40461 49
40462 49
40464 48
40467 47
40469 46
40501 47
40513 48
40553 49
40582 50
40593 49
40595 48
40600 47
40613 46
40662 45
40729 46
40731 47
40746 48
40756 49
40781 48
40787 49
40790 48
40792 49
40792 50
40792 49
40823 49
40829 50
40829 49
40837 48
40840 48
40843 47
40843 48
40845 49
40846 50
40849 50
40885 51
40886 52
40896 51
40898 52
40904 51
40922 50
40929 51
40941 52
40945 53
40949 54
40965 55
40973 54
41029 53
41056 54
41057 55
41126 56
41132 57
41145 58
41168 57
41168 58
41171 58
41222 57
41253 56
41322 57
41334 58
41356 59
41377 60
41405 61
41410 62
41419 63
41422 62
41472 63
41536 62
41542 63
41544 64
41554 65
41585 64
41649 65
41667 66
41672 66
41675 65
41683 66
41685 65
41687 64
41690 64
41690 63
41702 62
41722 63
41733 64
41756 65
41760 65
41764 64
41768 63
41768 62
41791 62
41821 63
41827 62
41833 63
41843 63
41852 62
41854 61
41881 62
41905 63
41909 62
41951 61
41957 60
42011 61
42057 60
42093 60
42095 61
42108 60
42108 59
42142 60
42185 59
42188 60
42195 59
42205 60
42209 59
42214 58
42215 57
42215 56
42215 56
42215 55
42215 55
42222 54
42222 53
42266 54
42281 53
42282 52
42287 51
42310 50
42313 49
42336 48
42338 49
42341 48
42341 49
42354 50
42398 51
42421 52
42475 51
42489 52
42501 51
42527 50
42528 51
42540 52
42561 53
42566 52
42595 53
42598 52
42602 51
42602 50
42607 49
42608 48
42611 49
42613 50
42622 51
42626 50
42627 49
42627 48
42627 47
42627 46
42629 45
42635 44
42635 43
42655 44
42715 45
42720 44
42723 45
42729 44
42731 44
42790 43
42801 42
42808 43
42821 44
42849 45
42873 44
42899 45
42930 46
42948 45
42954 46
42968 46
42986 46
42993 45
42998 44
43001 43
43007 42
43053 43
43059 44
43065 43
43066 43
43069 44
43084 45
43096 46
43104 47
43107 48
43117 49
43149 50
43164 51
43173 52
43177 53
43178 54
43198 55
43223 56
43240 55
43245 56
43246 57
43248 58
43285 59
43343 58
43356 57
43369 58
43375 59
43382 60
43397 61
43441 60
43442 61
43493 62
43500 63
43506 64
43513 65
43521 66
43574 67
43577 66
43606 67
43613 66
43629 67
43643 68
43681 67
43760 66
43782 67
43796 68
43805 67
43829 68
43835 69
43837 70
43840 69
43842 68
43845 67
43936 66
43941 65
43949 66
44004 67
44016 66
44027 67
44037 66
44044 67
44056 68
44070 69
44121 68
44221 69
44234 68
44247 67
44277 68
44287 67
44289 68
44320 67
44413 68
44444 69
44466 68
44497 69
44501 70
44606 71
44630 70
44630 69
44630 68
44630 67
44651 66
44654 65
44656 64
44736 65
44797 66
44824 67
44838 68
44879 69
44908 70
45053 71
45054 70
45069 69
45120 68
45171 67
45238 68
45242 69
45381 70
45386 71
45393 70
45397 71
45406 71
45406 71
45406 70
45406 70
45406 70
45406 69
45406 68
45407 67
45407 66
45407 65
45407 64
45430 63
45434 62
45436 61
45453 60
45494 61
45505 60
45535 59
45541 60
45549 60
45550 60
45554 61
45555 61
45555 61
45565 61
45566 61
45566 61
45566 61
45566 60
45566 60
45566 60
45566 59
45566 59
45568 58
45571 57
45577 56
45581 56
45644 57
45644 58
45841 57
45842 57
45946 56
46001 55
46009 56
46018 57
46023 58
46029 59
46031 58
46065 59
46067 58
46137 57
46145 56
46152 57
46153 56
46156 55
46160 56
46165 55
46166 54
46177 53
46178 52
46191 51
46216 50
46230 51
46230 52
46230 53
46236 52
46236 51
46245 52
46246 51
46257 52
46267 51
46278 51
46279 50
46288 49
46289 48
46290 47
46300 46
46313 47
46318 48
46394 49
46416 48
46418 47
46424 46
46443 47
46478 48
46507 47
46509 46
46525 45
46525 44
46528 44
46529 44
46530 44
46532 44
46535 44
46536 43
46582 44
46587 43
46589 42
46613 42
46639 43
46640 44
46650 43
46655 42
46662 41
46662 40
46665 39
46678 38
46678 37
46690 38
46691 37
46693 36
46698 36
46698 36
46709 37
46735 38
46808 39
46813 40
46815 41
46819 42
46821 41
46834 42
46840 43
46853 43
46854 44
46862 45
46901 45
46902 46
46923 47
46924 46
46924 46
46925 45
46927 45
46927 44
46931 43
46957 44
46958 45
46959 46
46961 47
46967 48
47003 47
47003 47
47004 47
47005 47
47006 47
47006 46
47007 46
47007 46
47007 46
47007 47
47007 46
47007 45
47009 44
47011 44
47011 43
47012 42
47013 41
47014 42
47015 41
47016 41
47017 41
47017 41
47021 40
47026 41
47080 42
47083 43
47087 42
47088 41
47092 41
47103 40
47140 41
47145 42
47150 43
47150 44
47154 44
47155 43
47156 43
47158 42
47159 42
47162 42
47191 43
47235 44
47240 43
47253 42
47299 43
47306 42
47306 41
47309 41
47310 42
47311 42
47314 42
47314 42
47318 41
47318 40
47326 40
47337 41
47338 40
47346 41
47351 42
47352 41
47355 41
47360 42
47407 41
47437 40
47440 41
47441 40
47458 41
47462 42
47462 43
47465 44
47466 45
47468 44
47487 43
47489 44
47495 43
47534 44
47542 43
47547 44
47552 44
47553 43
47559 44
47564 43
47568 42
47570 41
47571 40
47579 41
47580 42
47585 43
47599 42
47601 41
47602 40
47603 39
47621 40
47622 39
47625 38
47627 37
47628 37
47630 37
47631 36
47631 36
47639 37
47654 38
47661 39
47662 38
47662 37
47662 37
47667 36
47675 36
47700 37
47706 36
47708 37
47721 36
47729 35
47754 36
47755 37
47762 36
47763 36
47765 36
47768 36
47769 37
47771 36
47771 35
47772 34
47772 33
47773 33
47775 34
47778 35
47782 36
47783 35
47817 36
47827 37
47851 38
47902 39
47904 40
47912 41
47914 40
47914 39
47914 38
47917 38
47924 37
47960 36
47966 35
47966 34
47966 34
47968 35
47972 36
47980 36
47980 37
47994 36
47995 35
47995 34
47995 34
47998 35
48007 35
48010 36
48017 37
48058 38
48062 39
48108 40
48109 40
48110 40
48111 39
48115 38
48119 38
48119 37
48121 37
48121 37
48122 36
48123 36
48124 36
48127 37
48138 36
48140 37
48157 38
48189 39
48209 40
48216 39
48220 40
48222 40
48230 39
48230 38
48230 39
48236 38
48237 37
48240 37
48255 38
48256 39
48286 40
48296 39
48313 40
48327 41
48338 40
48358 41
48364 42
48368 43
48374 42
48379 41
48391 42
48398 43
48408 43
48408 43
48409 42
48409 41
48412 40
48414 39
48416 38
48421 39
48450 40
48482 40
48482 40
48540 41
48541 42
48546 43
48554 42
48554 41
48554 40
48554 39
48559 38
48559 37
48577 38
48577 38
48580 39
48581 39
48584 39
48586 38
48588 38
48588 38
48598 39
48606 38
48606 37
48607 38
48607 37
48618 37
48646 38
48677 39
48696 40
48708 39
48714 40
48715 39
48717 38
48719 38
48745 39
48763 40
48764 41
48766 41
48766 40
48766 39
48771 39
48771 39
48771 39
48771 39
48771 39
48771 39
48771 38
48771 38
48772 37
48773 37
48773 36
48774 37
48777 36
48781 37
48790 37
48790 37
48792 38
48792 39
48800 38
48898 39
48934 40
48937 39
48951 40
48954 41
48962 41
48966 42
48966 41
48967 42
48971 41
48972 40
48980 40
49036 40
49079 39
49080 40
49082 39
49085 40
49090 39
49094 38
49103 37
49114 38
49126 37
49126 37
49138 37
49138 36
49138 35
49141 34
49143 34
49160 35
49172 35
49192 36
49194 37
49221 37
49236 36
49238 37
49240 36
49242 35
49242 36
49249 35
49249 34
49270 35
49275 36
49292 35
49310 36
49314 37
49318 38
49322 39
49337 39
49339 38
49346 39
49350 40
49357 40
49361 41
49363 42
49366 43
49366 44
49369 43
49374 43
49375 42
49378 41
49379 40
49382 39
49382 38
49383 37
49384 37
49394 38
49395 39
49429 40
49462 41
49474 40
49478 41
49504 40
49510 39
49521 40
49526 40
49528 41
49529 40
49569 39
49570 38
49571 38
49573 39
49575 40
49576 40
49578 41
49579 40
49581 39
49583 39
49609 38
49610 37
49616 38
49623 37
49625 38
49635 38
49636 37
49638 38
49639 37
49644 38
49645 37
49649 36
49653 35
49655 34
49682 35
49690 34
49703 35
49703 35
49704 36
49708 36
49711 36
49711 36
49714 35
49714 35
49716 34
49720 34
49736 35
49747 36
49754 37
49755 37
49758 36
49759 37
49760 37
49806 37
49806 38
49818 39
49818 40
49819 40
49826 41
49826 42
49836 41
49847 40
49863 41
49865 40
49866 39
49866 38
49866 38
49871 38
49871 37
49871 37
49872 36
49873 36
49875 35
49875 35
49878 35
49879 34
49879 33
49880 32
49882 31
49883 30
49884 31
49886 32
49886 33
49893 33
49902 34
49942 35
49950 34
49973 35
49982 36
49982 35
49987 36
49990 37
49990 37
49995 36
49995 36
50002 35
50002 34
50005 34
50006 34
50042 35
50051 36
50062 35
50062 34
50141 35
50146 36
50156 36
50156 36
50157 36
50157 35
50158 35
50159 36
50159 36
50160 37
50161 37
50161 37
50162 37
50163 37
50163 37
50164 37
50164 36
50165 35
50169 35
50169 35
50169 34
50171 33
50190 34
50207 35
50225 36
50231 36
50241 36
50242 36
50246 35
50249 35
50252 34
50252 34
50257 33
50268 34
50279 35
50290 34
50292 33
50295 32
50305 31
50328 32
50332 31
50334 30
50340 29
50340 29
50341 29
50357 30
50374 29
50381 30
50390 30
50439 31
50465 32
50465 33
50478 32
50480 31
50498 30
50517 31
50524 32
50527 31
50529 30
50530 30
50534 31
50538 30
50538 31
50539 31
50540 30
50540 30
50542 30
50543 29
50543 28
50543 28
50543 28
50543 27
50543 26
50545 25
50546 24
50549 25
50552 25
50562 25
50563 26
50565 25
50568 25
50568 25
50629 26
50639 25
50642 24
50642 24
50644 24
50644 24
50645 25
50646 24
50659 24
50668 25
50683 24
50683 23
50701 24
50721 25
50750 25
50792 26
50794 27
50795 28
50815 28
50820 29
50821 30
50826 30
50827 29
50835 28
50850 29
50858 28
50873 29
50884 28
50902 29
50914 28
50914 28
50921 29
50927 28
50929 29
50930 29
50941 29
50942 30
50943 31
50957 31
50991 32
50993 33
50999 33
50999 33
50999 33
50999 33
50999 34
51017 33
51017 33
51017 33
51022 32
51026 33
51041 34
51050 33
51050 32
51055 33
51058 34
51060 34
51067 35
51067 34
51067 33
51067 32
51071 32
51073 31
51085 30
51085 31
51117 32
51140 33
51155 34
51191 33
51224 34
51229 35
51231 36
51234 37
51236 36
51246 37
51250 38
51263 37
51264 36
51278 37
51283 37
51293 36
51298 36
51299 37
51306 38
51370 39
51386 40
51394 40
51394 39
51394 39
51394 39
51394 38
51398 37
51398 38
51401 39
51402 40
51405 41
51406 40
51410 39
51410 38
51415 38
51415 38
51419 37
51420 37
51435 38
51455 39
51455 38
51461 37
51467 37
51469 37
51472 37
51478 38
51485 39
51498 40
51506 39
51555 40
51568 39
51578 40
51586 39
51594 38
51630 39
51647 40
51663 41
51664 42
51673 43
51679 42
51680 41
51685 42
51687 42
51690 43
51690 43
51693 44
51694 45
51696 45
51696 44
51698 44
51701 43
51702 44
51710 43
51738 44
51776 44
51786 45
51787 46
51787 47
51791 48
51798 49
51836 50
51854 51
51864 52
51879 53
51895 52
51896 53
51902 54
51934 55
51938 56
51945 57
52006 58
52018 59
52031 60
52037 60
52040 59
52043 58
52045 57
52046 58
52046 57
52063 58
52077 57
52107 56
52148 56
52150 57
52186 58
52190 58
52215 59
52222 60
52234 60
52235 61
52245 60
52290 61
52301 60
52307 59
52312 58
52442 59
52443 58
52445 59
52450 58
52453 57
52454 56
52454 55
52455 54
52457 53
52458 54
52458 55
52459 56
52463 57
52506 56
52554 57
52566 58
52571 59
52574 60
52578 61
52582 60
52587 59
52587 58
52590 57
52601 57
52650 58
52716 59
52718 60
52724 60
52730 59
52735 58
52736 57
52736 57
52737 56
52738 55
52739 56
52756 57
52760 56
52761 55
52763 55
52763 56
52785 55
52792 56
52820 57
52825 56
52825 56
52848 57
52855 56
52857 56
52861 55
52868 56
52878 55
52963 56
52964 55
52965 54
52968 54
52968 53
52969 54
52974 53
52981 52
53018 53
53024 54
53052 53
53063 54
53066 53
53070 52
53099 51
53103 52
53110 51
53110 50
53110 49
53110 48
53112 49
53114 48
53115 47
53115 46
53118 45
53120 44
53139 45
53154 44
53165 45
53210 46
53243 47
53248 48
53264 47
53277 48
53321 49
53322 50
53339 49
53341 48
53351 49
53360 48
53362 47
53366 47
53367 46
53405 47
53407 48
53411 47
53412 47
53415 46
53415 45
53415 44
53415 44
53415 43
53416 44
53417 44
53417 43
53424 42
53425 42
53449 43
53451 44
53454 45
53460 46
53463 45
53463 44
53535 45
53538 44
53541 43
53542 44
53542 43
53546 42
53553 43
53603 44
53615 44
53637 45
53654 46
53659 45
53661 44
53661 43
53663 43
53663 42
53663 41
53663 40
53663 39
53666 39
53667 40
53669 39
53671 38
53674 37
53728 38
53733 37
53740 36
53771 37
53799 38
53799 39
53799 40
53800 39
53806 38
53807 37
53811 36
53862 37
53868 38
53878 37
53878 36
53878 35
53879 36
53882 35
53882 34
53883 33
53887 32
53897 33
53898 33
53898 32
53902 32
53913 33
53915 32
53928 31
53942 32
53942 33
53946 34
53947 35
53950 34
53950 33
53954 34
53982 35
53985 36
53989 37
53989 36
53990 35
53990 34
54048 35
54055 36
54066 37
54066 38
54099 37
54109 38
54113 39
54117 40
54155 41
54156 42
54174 43
54180 44
54226 43
54241 44
54255 45
54259 46
54262 47
54296 48
54298 49
54302 50
54307 50
54338 51
54360 50
54366 51
54366 52
54366 53
54367 54
54370 55
54372 56
54378 57
54402 56
54406 56
54450 57
54451 58
54489 59
54497 58
54497 59
54502 60
54544 61
54558 62
54558 63
54563 62
54634 63
54647 62
54699 63
54699 64
54714 63
54720 64
54738 65
54750 66
54750 67
54754 68
54758 69
54812 68
54813 67
54814 66
54843 65
54846 66
54854 65
54855 64
54862 65
54880 64
54880 65
54881 64
54884 65
54887 66
54896 65
54942 66
54981 65
55093 66
55110 65
55150 66
55156 67
55175 66
55198 67
55198 68
55238 67
55274 68
55311 69
55317 68
55324 69
55390 68
55432 69
55472 68
55551 67
55587 66
55712 67
55716 68
55723 67
55744 66
55755 65
55820 66
55850 67
55969 68
55998 69
56069 70
56110 71
56110 72
56127 73
56158 74
56315 75
56327 76
56440 75
56456 74
56466 75
56490 74
56504 75
56537 74
56538 75
56546 74
56556 73
56560 72
56598 73
56601 74
56620 75
56709 74
56728 73
56755 72
56755 71
56804 70
56829 69
56858 68
56872 67
56911 66
56911 65
56913 64
56942 63
57044 64
57051 65
57075 64
57083 63
57094 62
57098 63
57134 62
57134 61
57174 60
57175 59
57176 60
57178 59
57193 58
57230 57
57247 56
57273 55
57295 54
57302 53
57304 52
57329 53
57393 52
57394 51
57399 52
57402 53
57410 54
57469 55
57484 56
57490 57
57494 58
57497 57
57526 58
57544 57
57554 58
57592 59
57644 60
57646 61
57657 60
57663 59
57681 60
57710 59
57719 60
57766 59
57788 58
57812 59
57867 58
57868 59
57894 60
57895 61
57937 62
58042 61
58054 60
58101 59
58107 58
58119 59
58122 58
58134 59
58140 59
58147 58
58153 57
58180 57
58183 58
58186 59
58189 60
58197 59
58221 60
58248 59
58255 58
58263 57
58313 56
58314 57
58315 58
58362 59
58374 58
58389 59
58393 60
58437 61
58450 60
58469 59
58487 60
58558 59
58563 58
58610 59
58618 58
58625 59
58732 60
58742 61
58758 62
58809 61
58831 60
58837 61
58855 60
58882 59
58886 60
58890 61
58890 60
58900 61
58941 62
58943 63
58960 64
58961 65
58966 66
58986 65
58994 66
59014 65
59030 64
59076 65
59104 64
59110 63
59157 64
59188 65
59196 64
59196 63
59214 64
59214 65
59262 66
59282 67
59316 66
59331 65
59373 64
59401 63
59419 62
59427 63
59431 62
59438 61
59458 62
59480 61
59482 60
59485 59
59490 60
59550 59
59563 58
59603 59
59616 58
59694 59
59698 60
59714 61
59726 62
59749 63
59753 64
59762 65
59774 64
59819 65
59925 66
60011 66
60146 65
60156 64
60223 63
60232 64
60236 63
60246 62
60283 61
60300 60
60326 61
60398 60
60400 61
60408 62
60410 63
60466 62
60525 61
60546 62
60546 63
60564 62
60678 61
60688 60
60718 59
60730 60
60770 61
60800 62
60803 63
60829 62
60832 61
60839 60
60843 59
60847 58
60869 59
60872 60
60888 59
60911 58
60912 59
60946 60
60953 59
60965 58
60970 59
61003 58
61004 57
61014 58
61024 59
61066 60
61102 59
61118 58
61156 59
61156 60
61158 59
61176 60
61181 61
61184 62
61191 61
61330 62
61335 63
61358 64
61359 63
61391 64
61426 63
61447 62
61474 61
61474 60
61477 61
61491 60
61508 59
61511 60
61517 61
61555 60
61582 59
61586 60
61587 61
61593 62
61626 61
61635 60
61650 59
61657 60
61746 59
61769 60
61781 61
61831 60
61831 59
61856 60
61859 59
61859 60
61862 59
61875 60
61892 59
61972 60
61994 59
62001 58
62042 59
62053 58
62080 59
62106 60
62117 59
62158 58
62175 57
62194 58
62215 57
62222 58
62289 59
62361 60
62374 61
62435 62
62512 63
62568 62
62601 61
62606 60
62610 61
62614 62
62635 63
62658 64
62734 65
62782 66
62802 65
62807 64
62814 63
62854 64
62859 65
62861 66
62861 67
62861 68
62864 69
62905 68
62910 69
63029 70
63030 71
63044 72
63107 71
63114 70
63258 69
63269 70
63334 71
63339 70
63358 69
63387 70
63387 69
63399 68
63418 69
63488 68
63506 67
63508 68
63565 67
63576 68
63578 69
63608 70
63669 69
63686 68
63701 69
63785 68
63851 67
63881 68
63884 69
63966 70
63995 69
63996 68
64008 69
64008 68
64045 69
64102 68
64120 69
64173 70
64223 69
64226 70
64244 69
64273 70
64306 69
64311 68
64362 69
64392 68
64395 67
64396 68
64398 67
64474 68
64483 69
64510 68
64554 69
64554 70
64584 71
64600 70
64630 69
64645 68
64659 67
64713 66
64728 65
64754 64
64757 65
64764 64
64764 63
64792 64
64799 63
64802 64
64837 65
64850 64
64934 63
64951 64
64961 65
64967 66
64995 65
65044 66
65094 65
65182 64
65194 63
65225 62
65260 61
65303 60
65337 59
65364 60
65374 59
65377 60
65394 61
65442 60
65443 61
65446 62
65487 63
65515 64
65530 65
65533 64
65538 63
65544 64
65564 63
65568 62
65572 61
65642 62
65709 61
65720 62
65722 63
65783 62
65825 61
65826 60
65856 61
65900 62
65978 61
65978 60
65980 61
66010 62
66082 63
66084 62
66115 61
66150 62
66185 63
66187 64
66198 65
66206 66
66254 67
66293 68
66304 69
66318 70
66327 69
66360 70
66367 71
66368 72
66442 73
66523 72
66534 71
66546 72
66580 73
66614 72
66627 71
66632 70
66659 69
66664 68
66810 69
66815 68
66830 67
66841 68
66850 69
66903 70
66994 69
67027 70
67038 71
67045 72
67090 71
67121 72
67124 73
67194 72
67197 71
67256 70
67348 69
67394 70
67399 71
67466 72
67502 71
67515 70
67522 71
67556 70
67566 71
67640 70
67656 69
67732 68
67773 67
67792 68
67802 67
67819 66
67870 65
67904 66
67929 65
67950 66
67958 67
68007 66
68043 67
68056 66
68062 65
68096 64
68106 63
68106 62
68177 61
68198 62
68236 61
68305 60
68334 61
68338 60
68355 59
68373 60
68386 61
68421 60
68447 61
68458 61
68458 60
68463 59
68463 60
68468 61
68510 62
68511 61
68537 62
68558 61
68563 62
68611 63
68643 62
68718 63
68726 64
68735 65
68857 66
68861 65
68862 66
68886 65
68952 66
68970 65
68995 66
69045 67
69051 66
69072 65
69081 66
69082 65
69136 64
69146 63
69217 64
69219 65
69238 66
69255 65
69258 64
69260 63
69272 64
69293 63
69370 64
69374 65
69383 64
69390 65
69408 64
69428 63
69514 64
69523 65
69532 64
69535 63
69568 62
69581 63
69693 62
69828 63
69862 62
69870 63
69907 64
69946 63
69996 64
69996 65
70003 64
70022 65
70034 66
70038 65
70090 66
70106 67
70114 66
70245 65
70248 64
70262 63
70273 62
70291 63
70292 62
70357 61
70415 60
70446 61
70451 62
70455 63
70455 64
70464 63
70521 62
70558 63
70590 62
70610 61
70656 62
70676 63
70681 64
70702 63
70708 64
70715 65
70723 66
70734 67
70781 66
70798 65
70859 64
70900 63
70901 62
70905 61
71012 62
71013 63
71063 62
71104 63
71106 64
71147 63
71162 64
71200 65
71208 66
71210 65
71255 66
71262 65
71264 66
71327 67
71352 66
71361 65
71388 64
71390 63
71424 62
71440 61
71468 60
71478 59
71513 58
71537 57
71539 58
71551 59
71558 60
71561 61
71599 62
71615 63
71622 62
71642 63
71643 64
71647 63
71657 62
71658 63
71732 64
71794 65
71796 66
71800 65
71800 66
71814 65
71814 64
71834 63
71855 62
71864 63
71880 62
71881 61
71930 62
71964 61
72022 60
72025 61
72057 60
72102 61
72111 62
72130 61
72151 62
72169 61
72171 60
72198 59
72214 58
72238 59
72266 58
72272 57
72326 56
72342 57
72352 56
72378 57
72391 58
72432 57
72438 58
72487 59
72622 60
72629 61
72648 60
72680 61
72686 62
72707 63
72724 64
72726 65
72726 66
72790 65
72791 66
72799 65
72808 66
72842 65
72926 64
72958 65
72958 64
72961 65
72966 64
72993 63
73003 62
73005 63
73098 62
73191 63
73194 64
73206 65
73240 64
73245 63
73288 64
73293 63
73330 64
73391 63
73397 64
73403 63
73414 62
73441 63
73442 64
73463 63
73470 62
73530 61
73531 62
73596 63
73606 64
73646 65
73655 66
73673 67
73722 66
73730 67
73762 66
73872 67
73899 68
73917 69
73934 68
73939 67
73987 66
73989 65
74007 66
74030 67
74033 66
74054 65
74071 66
74123 67
74127 66
74168 67
74174 66
74225 65
74250 66
74291 65
74322 64
74325 65
74351 66
74410 65
74451 66
74512 67
74514 66
74554 67
74646 66
74690 67
74700 68
74702 69
74730 68
74730 69
74730 68
74794 69
74794 68
74847 69
74863 70
74895 69
74956 68
74966 69
75038 70
75150 69
75171 68
75191 67
75199 68
75214 69
75226 68
75233 67
75253 66
75274 65
75302 64
75318 65
75342 64
75350 65
75363 66
75416 67
75423 68
75520 67
75526 66
75535 65
75599 64
75605 63
75611 64
75623 63
75626 62
75637 63
75677 64
75723 63
75766 62
75783 63
75821 64
75881 63
75906 62
75928 63
75934 62
75938 63
75974 62
75982 61
75986 62
75991 63
76014 62
76060 61
76101 60
76144 61
76144 62
76146 63
76173 62
76184 63
76260 62
76275 63
76310 62
76366 61
76373 62
76408 61
76414 62
76458 63
76474 64
76494 63
76538 64
76542 65
76570 66
76579 67
76590 66
76601 65
76650 64
76681 65
76718 66
76733 65
76748 66
76839 67
76866 66
76922 65
76939 64
76947 65
76954 64
77002 63
77031 62
77078 63
77084 62
77106 61
77123 60
77136 61
77178 62
77178 61
77190 60
77207 61
77236 60
77290 59
77299 58
77303 59
77326 60
77334 59
77370 60
77380 61
77389 62
77395 63
77419 62
77470 61
77511 62
77534 63
77584 64
77647 63
77650 62
77704 63
77713 64
77718 65
77726 66
77730 67
77731 68
77735 69
77737 70
77742 69
77762 68
77782 67
77790 66
77791 67
77795 68
77796 67
77796 68
77802 67
77807 68
77841 67
77923 66
77963 65
78005 64
78026 65
78122 66
78205 67
78220 66
78221 65
78226 64
78258 65
78263 66
78267 67
78272 68
78273 67
78276 66
78321 65
78339 66
78371 67
78375 66
78386 67
78510 66
78562 67
78595 66
78720 67
78724 68
78805 67
78898 66
78904 67
78909 68
78910 69
78922 68
78959 67
79036 68
79038 67
79070 68
79083 67
79084 68
79099 69
79119 68
79152 69
79166 70
79248 69
79270 70
79287 69
79324 68
79334 69
79335 68
79335 67
79339 66
79372 67
79382 66
79385 65
79422 64
79427 65
79435 64
79450 63
79467 64
79469 65
79478 66
79502 65
79514 64
79518 63
79589 62
79614 61
79626 60
79637 61
79642 60
79682 59
79691 58
79707 57
79722 56
79796 57
79800 58
79868 59
79872 60
79875 59
79881 58
79896 57
79931 56
79971 55
80034 54
80049 55
80056 54
80069 53
80083 52
80130 53
80188 54
80193 55
80198 56
80198 57
80202 56
80225 57
80226 58
80243 57
80269 58
80278 59
80285 58
80355 59
80366 58
80370 59
80392 60
80418 61
80421 60
80435 61
80450 62
80469 63
80602 62
80612 63
80646 64
80647 63
80717 64
80718 65
80724 64
80726 63
80738 62
80740 61
80743 60
80754 59
80765 58
80770 57
80821 56
80854 57
80884 58
80907 57
80978 58
81023 59
81054 60
81060 61
81088 62
81118 63
81122 62
81134 63
81178 62
81195 61
81226 62
81294 63
81300 64
81321 65
81360 64
81362 65
81366 64
81386 63
81406 64
81411 65
81499 64
81507 63
81519 62
81523 61
81569 60
81609 61
81653 62
81673 61
81691 62
81698 63
81723 64
81734 65
81762 64
81793 65
81796 66
81802 67
81802 68
81936 69
81938 68
81994 69
82008 70
82050 71
82132 72
82136 71
82164 70
82240 71
82267 71
82298 70
82308 69
82311 68
82333 69
82430 68
82505 69
82506 70
82507 71
82513 72
82605 71
82613 72
82625 71
82635 72
82804 73
82876 72
82919 71
82953 70
82966 69
82991 68
82998 67
83010 68
83031 67
83039 66
83051 65
83116 64
83135 63
83165 62
83168 61
83169 62
83175 63
83196 64
83265 63
83298 62
83322 61
83323 60
83341 61
83347 62
83351 62
83382 61
83390 60
83402 59
83430 58
83478 59
83494 60
83494 61
83504 60
83545 61
83554 60
83592 59
83603 60
83621 59
83644 58
83670 57
83689 58
83744 57
83765 58
83794 57
83811 58
83827 59
83910 58
83914 57
83937 56
83938 57
84029 58
84063 57
84066 58
84090 57
84118 56
84124 55
84135 56
84168 57
84174 57
84194 58
84197 59
84209 58
84234 59
84256 58
84322 59
84443 60
84443 59
84454 60
84467 59
84519 58
84523 59
84527 60
84532 61
84582 62
84588 63
84610 62
84618 61
84637 60
84678 61
84724 62
84789 63
84837 64
84854 63
84873 62
84886 61
84922 62
84925 63
84950 64
84950 65
84956 64
84970 65
85002 66
85002 67
85006 68
85049 67
85062 68
85070 67
85071 68
85079 67
85093 68
85101 69
85101 70
85101 69
85159 70
85168 69
85207 70
85208 71
85228 70
85277 69
85283 68
85352 67
85366 68
85371 67
85382 66
85383 67
85391 68
85398 67
85452 68
85466 67
85516 66
85582 67
85590 66
85630 67
85633 66
85638 65
85709 66
85749 65
85814 66
85830 67
85843 68
85860 67
85880 68
85948 67
85964 68
85964 69
86062 70
86064 71
86072 70
86117 69
86122 68
86306 69
86344 70
86354 69
86392 68
86416 69
86438 68
86514 69
86514 70
86578 69
86714 68
86743 67
86762 66
86799 67
86801 68
86829 67
86832 66
86903 65
86931 64
86966 65
86967 64
86973 65
86982 64
86998 64
87007 63
87030 64
87033 63
87089 62
87092 61
87093 62
87098 61
87101 60
87110 59
87139 60
87173 61
87174 62
87207 61
87302 60
87329 59
87331 60
87355 61
87423 62
87437 61
87487 62
87494 61
87518 62
87518 63
87600 64
87616 65
87662 64
87690 63
87697 64
87737 65
87747 66
87801 65
87827 64
87848 65
87882 64
87917 65
87940 66
87951 65
87970 66
88058 65
88149 64
88187 63
88202 64
88231 65
88233 66
88234 65
88286 66
88329 65
88354 66
88354 67
88368 66
88371 67
88379 68
88462 69
88463 68
88476 69
88480 70
88504 71
88534 72
88544 73
88562 74
88594 73
88604 72
88647 71
88662 70
88666 69
88666 68
88669 67
88684 68
88687 67
88687 68
88697 69
88702 69
88728 70
88781 69
88802 68
88802 67
88822 68
88859 69
88861 68
88874 69
88886 68
88886 67
88910 66
88917 67
88926 66
88941 65
88950 64
88977 63
88980 62
89022 61
89032 60
89114 59
89121 58
89122 59
89130 58
89140 57
89148 58
89161 57
89167 58
89235 59
89258 58
89263 57
89276 56
89302 57
89318 58
89327 59
89351 60
89354 61
89361 60
89421 59
89435 58
89466 59
89478 60
89494 59
89507 60
89582 59
89607 60
89609 61
89612 62
89770 63
89776 62
89780 61
89781 60
89784 59
89789 60
89801 59
89802 58
89920 59
89943 58
89959 59
89961 60
89973 61
89979 60
90016 61
90031 62
90031 63
90031 64
90096 63
90105 64
90151 65
90191 66
90262 67
90263 68
90287 67
90306 68
90310 67
90361 68
90433 67
90447 66
90492 67
90507 68
90510 67
90518 66
90518 65
90530 64
90537 63
90547 64
90549 65
90684 64
90709 63
90745 62
90747 61
90796 60
90809 59
90818 58
90819 57
90819 58
90867 59
90877 60
90879 61
90886 62
90927 61
90979 62
91030 63
91030 64
91038 63
91058 62
91086 63
91126 64
91140 65
91141 66
91154 65
91211 64
91264 65
91265 64
91291 65
91318 66
91320 67
91330 68
91385 69
91442 70
91455 69
91456 70
91526 71
91537 72
91586 71
91689 72
91709 73
91709 74
91749 73
91753 72
91759 71
91796 72
91807 71
91855 70
91907 71
91918 72
91918 71
92024 70
92037 71
92134 72
92146 71
92204 70
92206 69
92214 70
92252 71
92295 72
92372 71
92388 70
92394 69
92418 70
92444 71
92494 70
92589 69
92630 68
92655 67
92672 66
92685 65
92692 64
92698 63
92825 62
92826 61
92834 60
92842 61
92849 60
92867 59
92873 60
92882 59
92890 60
92928 61
92960 60
92962 59
92989 60
93015 59
93048 60
93051 61
93056 60
93061 59
93098 58
93099 57
93135 56
93186 57
93212 58
93213 59
93242 60
93258 61
93282 62
93289 61
93334 60
93337 59
93354 60
93354 61
93385 62
93477 63
93490 64
93517 65
93586 66
93591 65
93602 64
93626 65
93632 66
93634 67
93656 66
93665 65
93692 64
93700 63
93733 62
93744 63
93783 62
93806 63
93812 64
93814 63
93870 62
93870 61
93900 62
93914 63
93966 62
93970 61
94022 60
94063 61
94067 62
94128 63
94130 64
94134 65
94155 66
94161 67
94169 66
94183 65
94196 66
94202 67
94243 66
94248 65
94278 64
94278 63
94291 64
94294 63
94298 62
94402 61
94441 62
94447 61
94503 60
94517 59
94526 58
94535 59
94570 58
94577 57
94587 58
94604 57
94605 56
94614 57
94624 58
94662 57
94663 56
94673 55
94714 56
94735 55
94739 56
94747 55
94752 56
94834 57
94839 58
94850 57
94868 57
94945 58
94946 59
94955 60
94957 61
95042 62
95060 63
95079 64
95132 65
95146 66
95170 67
95189 66
95197 65
95207 64
95212 65
95218 66
95219 67
95230 68
95242 67
95294 66
95294 65
95356 66
95369 67
95426 68
95426 69
95500 68
95500 69
95519 70
95659 71
95722 70
95724 71
95742 72
95745 73
95752 74
95810 75
95815 74
95874 73
95882 72
95969 71
96030 72
96094 71
96120 70
96123 69
96127 70
96129 71
96131 72
96192 73
96192 72
96209 73
96220 74
96242 73
96292 72
96318 73
96364 72
96394 71
96419 72
96446 71
96451 72
96536 73
96545 72
96557 71
96559 70
96563 69
96662 70
96666 69
96668 70
96672 71
96680 70
96686 69
96723 68
96806 67
96863 66
96866 67
96886 68
96925 69
97047 68
97153 69
97160 70
97219 71
97219 72
97219 73
97310 72
97311 71
97353 70
97497 71
97503 70
97554 69
97565 68
97596 69
97597 70
97622 71
97702 70
97735 69
97745 68
97778 67
97785 68
97808 67
97839 66
97882 67
97895 66
97920 65
97979 66
97991 67
97998 66
97998 65
97999 64
98021 63
98033 64
98104 63
98162 62
98171 61
98194 62
98200 63
98200 64
98214 65
98225 64
98238 63
98244 62
98293 63
98296 64
98322 65
98329 66
98335 65
98376 64
98457 63
98465 62
98504 61
98505 60
98507 59
98573 60
98575 61
98612 60
98628 59
98668 58
98683 59
98726 58
98784 59
98793 60
98803 59
98819 60
98827 61
98864 60
98900 59
98916 60
98917 59
98937 60
98996 61
99002 60
99014 59
99026 60
99064 61
99089 62
99112 61
99138 62
99141 63
99149 62
99171 63
99178 62
99193 61
99197 62
99239 61
99270 62
99360 61
99366 62
99391 63
99406 64
99416 65
99471 64
99505 63
99530 64
99538 63
99540 64
99566 63
99587 64
99610 65
99610 66
99632 65
99702 64
99745 65
99796 66
99850 67
99905 66
99985 65
99991 66
100004 67
100046 66
100052 67
100052 68
100058 69
100126 70
100160 71
100182 70
100211 69
100218 70
100267 69
100285 68
100291 69
100292 70
100292 71
100297 72
100332 71
100357 70
100367 71
100374 70
100399 69
100418 68
100458 67
100467 66
100491 67
100526 68
100527 67
100539 66
100554 65
100558 66
100562 65
100583 66
100603 67
100610 68
100635 69
100638 70
100706 69
100737 68
100743 67
100746 66
100750 65
100762 64
100808 65
100826 66
100872 67
100883 66
100938 65
100992 64
101000 63
101014 64
101060 63
101063 64
101068 63
101081 62
101156 63
101246 64
101262 65
101327 66
101335 67
101365 66
101398 67
101433 66
101435 65
101435 64
101474 63
101512 62
101548 61
101549 62
101578 63
101581 62
101631 63
101643 64
101646 65
101655 66
101706 65
101798 64
101822 65
101838 66
101869 65
101878 66
101934 65
101946 64
101952 63
102023 62
102033 63
102045 62
102083 61
102092 60
102111 59
102118 58
102129 59
102136 60
102197 61
102262 62
102262 63
102263 64
102263 65
102263 65
102266 65
102279 66
102296 65
102324 64
102324 63
102337 64
102382 63
102420 64
102482 63
102484 62
102496 61
102578 62
102611 61
102623 60
102638 59
102660 60
102691 59
102698 58
102722 57
102726 56
102729 57
102773 58
102803 57
102845 58
102846 59
102849 60
102852 61
102855 60
102892 59
102950 58
102958 57
102964 58
102973 57
103074 58
103141 59
103170 60
103207 59
103226 60
103230 61
103232 62
103232 63
103232 64
103253 63
103255 64
103256 63
103259 64
103275 65
103315 64
103318 65
103328 64
103347 65
103354 64
103364 65
103374 64
103382 65
103399 66
103430 65
103464 66
103529 65
103554 66
103566 67
103655 68
103661 67
103663 66
103710 67
103715 66
103718 67
103756 66
103759 67
103760 66
103870 67
103871 68
103879 69
103934 68
103971 67
103975 68
103996 67
104056 66
104058 65
104065 64
104069 63
104097 62
104129 63
104138 62
104163 61
104166 60
104167 59
104212 58
104254 59
104311 60
104373 59
104374 58
104390 59
104399 60
104456 59
104467 60
104472 61
104477 60
104542 61
104557 62
104567 61
104579 60
104583 61
104607 62
104639 63
104642 64
104652 65
104655 66
104659 67
104752 68
104753 69
104758 70
104777 69
104842 68
104882 67
104979 68
104994 69
105032 70
105071 69
105087 68
105092 69
105106 70
105118 71
105119 70
105167 69
105187 68
105198 69
105210 68
105229 69
105243 69
105258 68
105274 67
105277 68
105299 69
105360 68
105368 67
105414 66
105469 65
105518 64
105533 65
105548 66
105557 67
105578 66
105579 65
105626 66
105635 67
105642 66
105653 65
105722 66
105735 67
105771 66
105829 65
105842 64
105913 65
105971 64
106017 63
106086 62
106147 63
106154 62
106155 61
106175 62
106185 61
106186 62
106237 61
106305 60
106321 59
106351 60
106360 61
106387 60
106389 61
106410 62
106423 63
106430 62
106430 61
106436 62
106466 61
106468 60
106486 59
106560 60
106571 61
106600 60
106604 59
106659 58
106668 59
106670 60
106678 59
106760 58
106806 59
106855 60
106860 61
106874 62
106989 61
107006 62
107057 63
107075 62
107082 61
107093 62
107108 63
107109 64
107134 63
107264 62
107265 63
107267 64
107298 63
107302 63
107313 64
107342 63
107375 64
107376 63
107399 62
107403 63
107414 62
107444 63
107448 64
107451 65
107480 64
107523 65
107643 66
107646 67
107654 66
107685 67
107696 68
107709 69
107713 68
107714 69
107787 68
107805 67
107831 68
107843 67
107858 66
107865 65
107874 64
107876 65
107938 64
107946 65
107991 66
108075 65
108090 64
108106 63
108116 62
108127 61
108130 60
108152 59
108154 60
108207 61
108293 60
108315 61
108342 60
108343 61
108368 62
108371 61
108429 62
108433 63
108457 64
108498 65
108502 64
108555 63
108560 64
108594 65
108595 66
108613 65
108646 66
108660 67
108664 68
108695 67
108740 68
108770 69
108927 70
108932 69
108939 68
108943 67
108967 66
108984 65
108987 66
109038 65
109044 66
109046 67
109056 68
109126 67
109138 66
109146 65
109182 66
109198 67
109200 68
109201 67
109256 68
109307 69
109350 68
109354 67
109356 66
109361 65
109370 64
109378 65
109438 66
109465 65
109564 64
109584 63
109590 62
109614 61
109619 60
109688 59
109698 58
109719 58
109720 59
109724 58
109726 57
109751 58
109763 59
109847 60
109857 59
109886 60
109905 61
110011 62
110020 61
110022 62
110026 61
110062 62
110072 63
110099 62
110129 63
110138 62
110178 61
110186 62
110190 61
110198 62
110220 61
110273 62
110294 63
110405 64
110406 65
110439 66
110446 67
110447 66
110448 65
110458 64
110464 63
110465 62
110474 61
110516 60
110572 61
110669 62
110692 61
110697 60
110707 61
110747 62
110838 61
110848 60
110854 59
110867 58
110886 59
110926 60
110951 61
110953 62
110967 63
111066 64
111081 65
111096 66
111101 67
111118 68
111121 69
111130 68
111153 67
111205 66
111222 65
111230 66
111231 67
111231 68
111248 69
111264 70
111296 71
111325 72
111328 71
111423 70
111510 69
111532 68
111538 69
111557 68
111558 67
111566 66
111578 66
111604 67
111620 66
111652 67
111675 66
111678 65
111722 66
111735 65
111736 66
111753 65
111804 66
111863 65
112013 66
112018 67
112034 66
112137 67
112156 66
112195 65
112207 66
112214 65
112215 66
112262 67
112267 66
112269 67
112275 66
112328 65
112369 64
112403 65
112432 64
112544 65
112544 66
112545 67
112575 66
112629 67
112636 66
112645 65
112652 64
112677 63
112696 62
112717 63
112747 62
112754 63
112788 62
112803 61
112806 62
112819 63
112847 64
112883 63
112899 62
112907 61
112915 60
112936 61
112967 62
112986 63
112986 64
113008 63
113047 64
113058 63
113063 62
113063 61
113098 62
113102 61
113162 62
113180 61
113213 62
113215 63
113222 64
113223 65
113230 64
113239 63
113290 64
113322 63
113326 64
113340 65
113372 66
113392 67
113393 68
113428 69
113434 68
113435 67
113441 66
113473 67
113481 66
113536 65
113571 64
113576 63
113646 64
113723 63
113771 62
113783 63
113810 62
113812 61
113866 62
113899 61
113916 62
113942 61
113943 60
113944 61
113983 62
114015 63
114042 64
114066 65
114143 66
114151 67
114186 66
114200 65
114221 66
114235 67
114257 66
114305 67
114312 66
114339 65
114361 66
114395 67
114402 68
114419 69
114458 70
114459 71
114468 70
114510 71
114540 70
114557 69
114586 68
114599 69
114622 70
114632 71
114677 70
114820 71
114835 70
114837 69
114861 70
114883 69
114918 68
114931 67
114974 66
114977 65
114986 64
114989 65
115006 66
115008 67
115013 68
115025 67
115061 68
115078 67
115090 68
115091 69
115132 68
115183 69
115236 68
115314 69
115331 68
115338 67
115357 66
115427 65
115432 66
115451 65
115466 64
115634 63
115711 62
115722 61
115758 62
115774 63
115871 64
115904 63
115937 64
115940 65
115948 66
115994 65
115995 66
116002 65
116008 66
116027 65
116034 64
116059 65
116130 66
116153 67
116170 68
116234 69
116267 68
116286 69
116311 70
116325 71
116342 70
116350 69
116377 68
116402 67
116583 66
116622 67
116652 66
116684 67
116697 68
116712 69
116721 70
116722 71
116751 70
116753 69
116766 68
116771 67
116771 66
116789 65
116795 64
116852 63
116869 64
116879 63
116923 64
117031 63
117094 64
117112 63
117115 62
117127 61
117137 62
117140 63
117143 62
117152 61
117166 60
117245 59
117255 58
117279 57
117300 58
117309 59
117334 60
117366 61
117474 60
117483 61
117493 62
117506 63
117522 62
117523 61
117530 60
117550 61
117556 60
117590 61
117593 62
117650 61
117688 62
117698 63
117739 62
117780 63
117793 64
117840 65
117885 64
117889 63
117922 64
117944 65
117953 66
117994 67
118001 66
118023 65
118043 66
118043 67
118050 66
118056 67
118071 66
118095 67
118100 68
118136 67
118189 66
118225 65
118239 64
118260 63
118289 64
118297 63
118311 62
118379 61
118384 60
118406 61
118435 61
118441 62
118447 63
118455 64
118463 63
118485 62
118491 63
118507 64
118589 65
118600 64
118623 65
118651 64
118684 65
118687 66
118694 67
118702 66
118713 65
118745 66
118750 67
118787 66
118797 65
118835 64
118842 63
118855 62
118878 63
118907 64
118932 65
119037 64
119040 63
119067 62
119073 63
119083 64
119084 65
119131 64
119131 63
119137 62
119171 61
119175 60
119195 61
119223 62
119231 61
119268 62
119335 63
119449 62
119450 63
119505 64
119507 63
119539 64
119556 65
119578 66
119624 67
119663 68
119715 69
119742 68
119746 67
119759 68
119767 67
119790 66
119816 67
119820 66
119827 67
119831 66
119862 67
119895 68
119979 67
120004 68
120027 67
120086 66
120111 65
120119 66
120179 65
120217 66
120223 67
120236 68
120320 69
120328 68
120334 69
120401 70
120427 70
120428 71
120452 70
120460 69
120479 68
120493 67
120502 66
120575 65
120591 66
120759 67
120759 68
120763 67
120837 66
120852 65
120875 64
120882 65
120903 64
120955 63
120987 62
120994 63
121011 64
121031 65
121092 64
121125 65
121141 66
121159 67
121161 68
121167 67
121171 68
121171 69
121185 70
121218 69
121247 68
121252 67
121267 66
121273 65
121359 64
121407 65
121415 66
121447 67
121456 66
121456 67
121479 68
121594 67
121671 68
121678 69
121691 68
121759 67
121761 66
121768 65
121801 64
121819 65
121826 64
121848 63
121851 62
121857 63
121911 62
121921 63
121926 64
121927 65
121947 64
121963 63
122010 64
122054 63
122067 64
122075 65
122087 64
122088 63
122098 62
122207 63
122208 64
122211 65
122243 66
122286 65
122315 64
122328 65
122328 66
122328 66
122333 67
122347 66
122360 65
122368 66
122375 65
122390 64
122402 65
122406 66
122426 65
122497 64
122534 63
122536 62
122568 61
122591 60
122605 61
122613 62
122637 63
122637 62
122655 63
122686 62
122731 61
122743 60
122788 61
122804 60
122805 61
122839 60
122850 61
122852 60
122855 59
122896 58
122903 59
122923 58
122999 57
123002 58
123005 59
123041 60
123131 59
123163 60
123191 61
123191 62
123196 61
123199 62
123220 63
123262 64
123265 65
123268 66
123335 65
123378 64
123439 65
123439 66
123454 65
123491 66
123494 65
123496 66
123519 67
123561 66
123575 67
123584 68
123585 69
123616 70
123637 69
123659 70
123692 69
123730 68
123731 69
123735 68
123755 67
123763 66
123794 65
123799 64
123848 63
123868 62
123887 63
123890 64
123923 65
123983 64
124008 63
124015 64
124123 65
124124 66
124147 65
124147 64
124165 63
124187 62
124191 63
124201 64
124222 63
124277 64
124281 63
124303 64
124334 63
124336 62
124360 63
124437 64
124449 65
124580 66
124584 67
124605 66
124607 67
124611 66
124638 67
124640 66
124727 67
124733 68
124755 69
124768 70
124794 69
124815 68
124833 67
124892 68
124911 69
124952 68
124966 67
124972 68
124975 69
124979 70
124984 69
125010 68
125064 69
125089 68
125092 67
125106 66
125148 67
125163 66
125195 67
125198 66
125271 65
125290 66
125291 67
125302 68
125364 69
125368 70
125408 71
125462 70
125504 69
125506 68
125532 69
125541 68
125551 67
125568 66
125573 65
125629 66
125698 65
125699 66
125764 65
125790 64
125848 63
125858 62
125859 61
125873 62
125895 63
125912 62
125913 63
125939 64
125949 65
125951 64
125957 63
126014 62
126016 61
126100 62
126101 63
126108 63
126110 64
126135 63
126135 64
126207 63
126245 62
126276 63
126280 62
126282 63
126290 64
126334 65
126337 66
126400 65
126415 64
126415 65
126417 66
126491 67
126519 68
126522 69
126524 70
126547 69
126547 68
126641 69
126661 68
126727 67
126764 66
126793 67
126855 66
126904 67
126908 66
126908 67
126962 68
126992 67
127003 68
127023 67
127044 68
127062 69
127109 68
127114 67
127116 68
127129 67
127141 66
127145 67
127156 66
127187 67
127333 66
127348 67
127367 68
127432 69
127467 68
127495 67
127504 66
127511 67
127554 68
127557 67
127624 68
127673 67
127676 68
127680 67
127714 66
127742 65
127814 64
127895 63
127901 62
127926 61
127971 62
128008 63
128010 64
128024 63
128025 64
128055 65
128101 66
128107 67
128285 68
128290 67
128291 66
128297 67
128298 68
128303 67
128315 68
128347 67
128355 68
128365 67
128375 66
128394 67
128417 66
128435 67
128454 66
128472 65
128507 66
128542 65
128571 64
128589 63
128669 62
128688 63
128705 62
128717 63
128724 64
128724 65
128735 66
128751 67
128751 66
128852 65
128852 66
128852 65
128853 64
128876 65
128942 66
128979 65
129055 66
129061 65
129067 66
129115 65
129119 66
129132 67
129136 66
129150 65
129155 64
129211 63
129215 62
129230 61
129240 60
129266 61
129271 62
129273 63
129273 64
129341 65
129368 66
129402 65
129410 66
129509 65
129542 66
129545 67
129567 66
129577 67
129600 66
129610 67
129645 68
129700 67
129732 66
129763 65
129764 64
129766 63
129811 64
129823 65
129830 64
129839 63
129846 62
129871 61
129879 62
129886 63
129899 64
129917 63
129931 62
129955 61
129983 62
129991 61
129993 60
130057 61
130082 62
130083 63
130116 64
130175 63
130255 62
130280 63
130317 64
130330 65
130331 66
130399 67
130439 66
130457 66
130464 67
130486 66
130502 65
130546 66
130548 65
130660 66
130669 67
130671 68
130672 67
130724 68
130776 69
130815 68
130857 67
130881 66
130906 67
130919 66
130929 67
131049 66
131058 65
131105 66
131126 67
131127 68
131174 67
131175 66
131211 67
131237 68
131240 69
131271 68
131347 69
131357 70
131438 71
131448 70
131508 71
131518 70
131603 69
131605 68
131617 67
131678 68
131679 69
131684 70
131685 71
131712 72
131844 71
131898 72
132013 71
132082 70
132082 69
132140 68
132151 67
132161 66
132171 67
132178 66
132199 65
132219 64
132257 65
132274 64
132280 63
132353 64
132361 63
132370 64
132379 65
132387 66
132438 67
132440 68
132460 67
132494 66
132506 65
132522 64
132549 63
132566 62
132635 61
132656 62
132699 61
132782 62
132788 63
132791 64
132797 65
132797 66
132807 67
132810 66
132847 65
132859 66
132899 65
132927 65
132933 64
132954 63
132955 64
132956 65
133015 64
133023 65
133061 64
133111 63
133189 64
133195 63
133197 62
133213 61
133264 60
133266 61
133266 60
133275 59
133299 60
133299 61
133311 60
133313 61
133440 60
133489 59
133521 60
133553 61
133556 60
133564 59
133565 60
133591 59
133592 60
133595 61
133606 60
133626 61
133635 60
133665 59
133687 58
133730 57
133791 58
133836 57
133842 58
133867 57
133878 58
133881 59
133887 60
133923 61
133980 62
133984 63
134014 62
134015 62
134019 61
134027 62
134027 63
134039 64
134066 65
134067 66
134120 67
134131 68
134143 67
134212 66
134223 65
134225 66
134230 67
134248 66
134259 67
134295 66
134362 67
134367 68
134397 67
134423 68
134455 69
134459 68
134463 69
134522 68
134536 69
134545 68
134573 69
134584 68
134585 67
134674 68
134699 69
134719 68
134723 69
134773 68
134799 67
134852 66
134856 67
134870 66
134878 65
134921 64
134982 65
135064 66
135083 67
135108 68
135177 69
135191 70
135194 71
135199 72
135309 71
135327 70
135387 71
135394 72
135493 71
135550 70
135599 69
135667 68
135667 69
135695 68
135715 69
135716 68
135742 67
135810 66
135832 65
135833 64
135834 65
135856 64
135859 63
135867 62
135905 63
135951 62
135952 63
135989 62
135995 61
136010 62
136042 63
136063 62
136069 61
136112 62
136159 61
136262 60
136266 59
136285 58
136289 59
136291 60
136339 61
136343 60
136346 61
136355 62
136355 61
136407 60
136427 61
136428 62
136431 63
136497 64
136536 65
136556 66
136624 67
136638 66
136653 65
136691 66
136706 65
136715 64
136731 65
136795 64
136797 63
136806 62
136815 63
136816 62
136880 63
136883 64
136886 65
136890 66
136916 65
136940 66
136968 67
136983 66
137003 65
137043 66
137080 65
137122 66
137143 65
137165 64
137172 65
137217 66
137219 65
137236 64
137274 65
137297 64
137300 63
137309 62
137322 63
137327 62
137331 63
137336 64
137339 65
137343 64
137384 63
137499 64
137499 65
137567 64
137603 63
137643 64
137712 63
137733 64
137753 63
137782 62
137844 63
137882 64
137935 63
137938 62
137943 61
137957 60
137959 61
138007 62
138007 63
138041 62
138065 63
138076 64
138087 63
138107 64
138120 65
138131 66
138131 67
138155 66
138215 67
138227 66
138228 65
138286 64
138287 65
138311 66
138328 65
138363 66
138370 67
138416 66
138427 65
138447 66
138448 67
138455 68
138460 69
138479 68
138525 69
138528 69
138602 68
138608 67
138621 66
138639 65
138687 64
138714 65
138782 64
138810 65
138880 66
138899 67
138926 68
138927 69
138962 68
138983 69
138991 68
139029 67
139036 66
139039 67
139088 68
139092 69
139206 68
139244 69
139257 68
139268 69
139284 68
139292 69
139435 68
139490 67
139514 68
139549 67
139568 66
139597 65
139599 66
139610 65
139646 64
139703 63
139721 64
139740 65
139745 66
139748 67
139787 66
139801 65
139867 64
139887 65
139909 64
139936 63
139944 62
139946 61
139975 60
139980 59
140041 60
140043 61
140044 62
140053 63
140124 64
140193 65
140231 66
140298 67
140303 68
140306 69
140327 70
140343 69
140368 68
140428 69
140437 70
140473 69
140487 68
140516 67
140522 66
140525 67
140527 66
140550 65
140625 64
140629 65
140635 64
140682 63
140687 62
140714 61
140767 62
140830 61
140873 60
140894 61
140950 60
140951 61
140967 62
141007 63
141022 64
141026 65
141056 64
141063 63
141075 64
141100 65
141130 64
141182 65
141244 64
141281 65
141284 66
141299 65
141311 64
141316 65
141329 64
141345 63
141454 64
141462 65
141466 66
141475 65
141479 66
141531 65
141564 66
141578 67
141587 68
141589 69
141659 70
141668 71
141735 70
141778 71
141784 71
141791 70
141813 71
141927 70
141995 69
142020 70
142026 69
142046 70
142110 69
142115 68
142128 67
142143 66
142145 65
142150 66
142166 65
142175 64
142310 63
142315 64
142431 65
142463 64
142491 63
142495 62
142530 61
142537 60
142567 61
142567 60
142586 59
142620 60
142716 61
142717 62
142723 61
142733 60
142746 59
142843 60
142843 61
142865 62
142866 61
142904 60
142923 61
142947 60
142967 61
142974 62
143017 63
143045 62
143075 63
143088 64
143179 63
143190 64
143208 65
143211 64
143237 65
143252 64
143273 63
143279 62
143308 61
143331 60
143339 59
143367 58
143478 59
143479 60
143483 61
143487 62
143500 63
143500 62
143528 63
143532 64
143566 63
143581 64
143603 63
143619 64
143631 63
143639 64
143644 63
143644 62
143645 61
143707 62
143727 63
143727 62
143728 63
143742 62
143747 63
143767 64
143794 65
143870 66
143892 65
143912 66
143922 65
143936 64
143967 65
143987 64
144048 63
144075 64
144075 65
144082 64
144136 63
144142 62
144147 63
144203 64
144211 65
144226 64
144251 63
144305 62
144311 63
144338 62
144354 63
144363 64
144366 63
144367 64
144390 63
144441 62
144473 63
144485 64
144568 65
144601 66
144629 67
144649 68
144677 67
144704 68
144744 67
144750 68
144767 67
144796 68
144839 67
144855 66
144858 67
144860 68
144869 69
144903 70
144915 71
144951 70
144975 69
145019 68
145047 67
145092 68
145100 69
145148 70
145154 69
145218 68
145281 67
145283 66
145302 65
145359 64
145366 65
145367 66
145373 67
145443 66
145499 65
145546 66
145559 67
145582 68
145635 67
145641 68
145704 67
145829 66
145839 65
145843 64
145868 63
145874 62
145877 61
145919 62
145930 63
145932 64
145958 63
145966 64
146016 63
146018 62
146043 63
146075 62
146116 63
146128 62
146199 61
146218 62
146263 63
146275 64
146332 65
146335 66
146366 67
146437 66
146456 65
146462 66
146527 65
146536 64
146612 63
146617 62
146687 63
146775 62
146798 63
146836 64
146846 65
146848 66
146850 67
146870 68
146877 69
146965 68
146983 69
146984 68
146991 67
147051 66
147052 65
147105 66
147111 67
147167 68
147182 69
147187 68
147230 67
147251 66
147278 65
147278 64
147291 65
147311 64
147323 63
147339 62
147353 61
147481 62
147481 63
147607 64
147611 65
147646 64
147653 65
147678 64
147688 65
147718 64
147745 65
147774 64
147792 63
147820 64
147836 65
147861 64
147874 65
147905 66
147913 65
147936 64
147938 63
148006 62
148008 63
148010 62
148015 63
148025 62
148043 61
148093 60
148140 59
148141 60
148153 59
148197 60
148248 59
148251 60
148307 61
148314 62
148345 63
148348 62
148463 61
148467 60
148486 61
148497 62
148499 63
148549 62
148564 61
148583 62
148641 62
148651 63
148654 64
148659 63
148728 64
148728 63
148744 62
148755 61
148755 60
148774 60
148776 61
148779 60
148791 61
148866 60
148885 61
148928 62
148936 63
148973 64
148973 65
148975 64
148994 63
149007 62
149019 63
149024 62
149069 61
149078 60
149082 59
149094 58
149181 59
149189 58
149198 59
149203 58
149212 57
149237 58
149249 59
149252 60
149267 61
149275 62
149307 63
149414 62
149487 63
149567 64
149576 63
149598 62
149612 63
149624 64
149631 63
149632 64
149650 65
149651 64
149692 63
149719 62
149774 63
149788 64
149811 65
149823 64
149880 65
149906 64
149935 63
149950 64
149967 65
150003 64
150045 65
150064 66
150141 65
150165 64
150171 65
150179 64
150204 63
150232 62
150235 61
150283 62
150283 63
150351 62
150392 63
150401 62
150402 63
150433 62
150472 61
150487 62
150487 63
150559 64
150570 65
150627 66
150686 65
150844 64
150871 65
150883 66
150908 65
150917 66
150955 65
150960 64
150976 63
150984 64
151005 65
151031 64
151031 63
151058 64
151059 65
151062 66
151063 67
151156 68
151163 69
151183 68
151212 69
151214 70
151228 71
151259 72
151461 71
151479 72
151488 71
151519 72
151587 73
151629 72
151635 71
151647 70
151650 69
151719 68
151757 69
151757 70
151759 69
151812 68
151832 69
151833 70
151840 69
151863 70
151868 69
151959 68
152015 69
152040 68
152064 67
152083 66
152091 67
152092 68
152094 69
152103 68
152142 67
152149 68
152174 67
152207 68
152215 69
152262 68
152320 67
152320 66
152330 65
152349 66
152360 67
152363 66
152366 67
152402 66
152495 65
152515 64
152522 65
152525 64
152602 63
152604 62
152685 63
152716 64
152770 63
152773 62
152782 61
152813 60
152830 59
152841 58
152860 57
152891 56
152908 55
152910 56
152916 55
152947 56
152952 57
152975 58
153027 57
153047 58
153059 59
153068 60
153110 59
153127 60
153127 61
153139 60
153165 61
153176 62
153180 63
153210 64
153210 63
153263 62
153270 61
153271 60
153343 59
153397 58
153510 59
153559 58
153574 59
153584 58
153591 59
153607 60
153626 59
153657 58
153663 59
153705 60
153707 61
153712 62
153720 63
153722 62
153731 63
153735 62
153742 63
153892 64
153927 63
153971 62
153999 63
154007 62
154016 63
154049 64
154051 65
154053 66
154082 65
154116 64
154128 65
154132 66
154169 65
154174 64
154186 63
154231 62
154244 61
154259 60
154299 61
154380 62
154382 61
154383 62
154398 61
154465 60
154471 61
154479 60
154484 61
154486 62
154513 61
154549 62
154567 63
154608 64
154618 65
154643 64
154651 65
154657 64
154669 63
154724 64
154753 63
154759 64
154764 63
154787 64
154823 63
154823 64
154878 65
154895 66
154931 65
154936 64
154946 65
154957 66
154972 65
154995 66
155000 65
155018 64
155067 63
155104 64
155174 63
155195 64
155199 65
155267 66
155322 67
155396 66
155428 67
155431 68
155516 67
155530 68
155532 69
155535 68
155623 67
155647 66
155672 67
155749 68
155760 69
155771 68
155803 69
155819 70
155851 69
155887 70
155892 71
156071 70
156077 71
156081 72
156087 73
156104 72
156141 71
156149 70
156203 69
156248 68
156262 67
156299 68
156371 67
156467 68
156518 67
156519 66
156523 65
156539 64
156549 63
156560 64
156566 65
156579 64
156579 63
156580 62
156580 61
156607 60
156651 59
156655 60
156681 61
156691 62
156694 61
156695 62
156777 63
156779 64
156785 63
156887 64
156896 63
156924 62
156931 63
156945 62
157010 63
157010 64
157016 65
157064 64
157065 65
157102 64
157102 63
157107 64
157126 63
157166 62
157185 61
157216 62
157220 61
157232 62
157234 63
157245 64
157283 65
157302 64
157307 65
157327 64
157335 63
157365 62
157369 61
157381 62
157429 63
157436 64
157462 65
157463 66
157487 65
157494 64
157503 63
157539 62
157572 63
157629 64
157635 63
157641 64
157658 63
157679 62
157689 63
157695 64
157716 63
157757 62
157809 63
157855 62
157859 61
157876 62
157933 61
157994 62
157997 63
157999 62
158024 61
158026 60
158026 61
158027 62
158027 63
158028 64
158096 63
158109 62
158127 63
158127 64
158133 63
158199 62
158199 61
158207 62
158215 63
158332 62
158351 63
158395 62
158409 63
158424 62
158440 63
158449 64
158452 65
158458 66
158477 65
158515 64
158541 63
158559 62
158585 63
158622 64
158645 63
158651 62
158652 61
158683 60
158724 59
158732 60
158740 61
158745 60
158858 59
158864 60
158867 61
158869 60
158874 61
158884 62
158914 61
158914 62
158937 63
158965 62
158999 63
159001 64
159115 63
159133 64
159137 63
159208 64
159227 65
159251 66
159252 67
159264 66
159278 65
159299 64
159313 65
159328 64
159364 63
159382 64
159383 65
159444 66
159491 65
159575 66
159635 67
159696 68
159703 67
159735 66
159763 67
159779 66
159881 67
159911 68
159915 67
159928 66
159938 65
159950 66
159972 65
159980 66
159991 65
160019 66
160019 67
160031 68
160079 67
160144 68
160175 67
160259 66
160261 65
160277 64
160285 63
160389 64
160393 65
160421 64
160451 65
160496 64
160497 63
160527 62
160555 63
160562 64
160595 65
160656 64
160767 63
160785 64
160829 63
160832 64
160860 65
160865 66
160876 65
160938 64
160982 63
160989 62
161007 63
161021 62
161043 61
161043 60
161072 61
161076 60
161076 59
161077 60
161079 61
161080 62
161103 63
161200 62
161235 61
161247 60
161280 61
161341 62
161344 63
161364 64
161406 63
161430 64
161440 63
161459 64
161514 63
161531 64
161565 63
161576 64
161578 65
161611 66
161635 67
161656 68
161681 69
161708 68
161739 67
161759 66
161843 65
161887 66
161898 67
161935 66
161948 65
161973 64
161995 65
162015 64
162019 63
162074 64
162084 65
162088 64
162103 65
162132 66
162158 67
162160 66
162171 65
162171 64
162196 63
162205 64
162231 63
162268 62
162270 61
162282 60
162286 59
162293 58
162357 57
162365 58
162369 59
162416 60
162425 59
162431 58
162472 59
162485 60
162535 59
162586 60
162625 59
162655 60
162743 59
162763 60
162792 61
162822 60
162865 61
162870 62
162903 63
162906 62
162920 63
162922 62
162968 63
162970 64
162979 65
162980 66
163035 65
163050 66
163060 65
163067 66
163072 67
163080 66
163092 67
163155 66
163213 65
163220 66
163220 67
163252 68
163281 69
163327 68
163327 67
163334 68
163337 69
163384 68
163388 67
163411 66
163487 65
163499 64
163499 63
163558 64
163591 65
163626 64
163627 63
163663 62
163665 61
163671 62
163680 63
163684 64
163714 63
163727 62
163787 61
163795 62
163815 61
163844 60
163848 61
163857 60
163967 59
163969 58
163975 59
163992 60
164001 61
164031 62
164043 61
164051 60
164054 61
164100 62
164100 63
164111 64
164111 65
164199 64
164226 65
164306 64
164318 65
164320 66
164322 67
164399 66
164415 67
164453 68
164463 69
164503 68
164516 67
164535 68
164558 67
164572 68
164627 67
164653 66
164667 65
164723 64
164750 63
164766 62
164812 63
164821 64
164828 63
164831 62
164832 63
164879 64
164882 65
164912 64
164929 63
164944 62
164944 61
164952 60
165030 61
165099 62
165102 63
165110 64
165232 65
165299 64
165317 63
165340 62
165341 63
165401 64
165417 63
165443 64
165443 65
165452 64
165483 65
165499 66
165558 65
165578 64
165581 65
165588 66
165593 67
165609 66
165614 65
165635 66
165651 65
165661 66
165728 65
165730 64
165730 65
165748 66
165756 67
165773 68
165851 67
165907 66
165937 65
165971 64
165974 63
165976 62
165999 61
166007 60
166010 59
166053 58
166064 57
166066 58
166099 59
166102 60
166103 59
166155 58
166178 59
166182 60
166210 59
166275 60
166279 61
166283 62
166341 61
166371 62
166387 61
166424 62
166431 61
166433 60
166451 59
166456 58
166499 59
166499 60
166499 61
166509 62
166525 63
166528 62
166567 63
166567 64
166572 65
166580 64
166691 65
166739 66
166757 65
166763 66
166764 65
166785 66
166804 67
166821 68
166926 69
166935 68
166987 67
167035 68
167035 68
167093 67
167107 68
167127 69
167160 68
167165 69
167169 68
167173 67
167183 66
167268 65
167343 64
167351 65
167369 66
167372 65
167372 64
167379 65
167426 64
167441 65
167455 64
167495 63
167587 62
167592 61
167605 62
167610 62
167627 63
167639 64
167675 63
167699 64
167743 63
167763 64
167793 63
167816 62
167907 61
167912 60
167916 59
167969 60
168000 59
168025 60
168031 61
168035 62
168111 61
168125 62
168134 63
168143 64
168231 65
168236 64
168251 63
168332 64
168334 65
168355 66
168357 66
168367 67
168463 68
168470 69
168474 70
168639 69
168657 68
168665 67
168679 66
168681 67
168683 66
168696 67
168756 68
168757 69
168779 70
168861 71
168939 70
168978 71
169026 72
169035 71
169051 70
169071 69
169076 68
169132 67
169178 68
169183 69
169201 70
169216 69
169224 68
169229 67
169261 68
169266 67
169289 66
169301 67
169310 66
169315 65
169362 64
169407 63
169493 62
169499 61
169551 62
169552 63
169556 62
169590 63
169592 64
169663 65
169674 66
169678 65
169685 64
169699 65
169720 66
169771 65
169792 66
169823 67
169843 66
169879 67
169885 66
169907 67
169928 66
170006 65
170011 66
170052 65
170079 64
170098 63
170113 64
170156 63
170159 62
170175 61
170178 62
170183 63
170207 64
170276 65
170297 64
170323 63
170329 64
170396 65
170397 64
170454 65
170464 64
170466 63
170506 64
170511 63
170521 62
170523 63
170559 62
170579 63
170613 64
170620 63
170703 64
170805 63
170827 64
170835 63
170859 62
170919 63
170935 62
170948 63
170948 64
170958 63
170958 62
171065 61
171087 62
171092 63
171137 62
171176 61
171210 62
171219 63
171285 62
171288 61
171335 62
171347 63
171347 64
171351 64
171375 65
171419 64
171441 63
171483 64
171484 65
171487 66
171530 67
171549 68
171597 67
171604 68
171604 67
171621 66
171640 65
171649 64
171656 63
171679 64
171689 65
171710 64
171748 65
171839 64
171959 63
172003 62
172007 63
172017 64
172050 65
172100 64
172111 63
172143 64
172148 65
172159 66
172171 67
172177 68
172326 69
172333 70
172370 69
172399 68
172600 69
172611 70
172673 71
172682 72
172684 71
172693 72
172702 71
172772 70
172781 69
172816 70
172879 71
172897 70
172907 71
172923 70
172972 71
172995 70
172995 69
173000 68
173001 67
173003 66
173023 65
173035 66
173039 67
173047 66
173073 67
173079 68
173087 67
173134 66
173139 65
173153 64
173179 63
173236 62
173262 63
173274 62
173337 63
173341 62
173393 61
173394 60
173397 59
173490 60
173525 61
173527 60
173551 59
173567 58
173629 59
173723 60
173726 61
173731 60
173736 61
173738 60
173842 59
173867 58
173884 59
173897 58
173903 59
173913 58
173923 57
173957 58
173999 59
174010 60
174016 59
174031 58
174038 59
174040 60
174052 61
174058 60
174106 59
174120 60
174127 61
174151 62
174151 63
174201 62
174211 61
174220 60
174229 61
174235 60
174268 59
174301 60
174302 59
174317 60
174343 61
174427 62
174506 61
174520 62
174567 61
174575 62
174609 61
174656 60
174658 61
174676 62
174684 61
174700 62
174714 63
174725 64
174740 63
174821 64
174838 63
174847 62
174869 61
174879 62
174880 63
174942 64
174964 65
174972 66
174985 67
174986 68
175001 67
175015 68
175031 69
175101 70
175186 69
175186 68
175213 67
175219 68
175275 69
175283 68
175284 67
175318 66
175351 65
175360 64
175365 63
175379 62
175383 61
175414 60
175420 59
175447 58
175495 59
175505 60
175564 59
175659 60
175789 61
175797 62
175827 61
175838 62
175845 63
175861 64
175979 65
176016 66
176017 67
176029 68
176033 69
176055 70
176083 69
176092 68
176113 69
176117 70
176147 69
176259 70
176262 71
176280 72
176299 71
176306 72
176315 73
176414 72
176439 71
176450 70
176555 69
176562 68
176595 69
176595 70
176603 69
176639 68
176658 67
176659 66
176708 65
176710 64
176735 63
176779 62
176780 63
176834 62
176847 61
176861 62
176866 63
176868 64
176880 63
176912 64
176975 63
177006 64
177017 65
177018 66
177027 65
177039 64
177069 63
177100 62
177115 63
177174 64
177227 65
177247 64
177266 65
177299 64
177310 65
177347 66
177356 67
177404 68
177424 67
177440 66
177459 67
177479 66
177527 67
177535 66
177547 65
177551 64
177553 63
177575 62
177606 61
177612 62
177618 61
177654 60
177656 61
177767 60
177787 61
177811 60
177846 59
177895 58
177939 59
177943 58
177947 59
177949 60
177949 61
177984 60
178023 61
178104 62
178107 63
178121 64
178153 65
178213 64
178219 63
178243 64
178255 65
178295 64
178319 65
178365 66
178367 67
178409 66
178410 65
178418 66
178418 67
178419 68
178499 69
178537 68
178543 67
178543 68
178552 67
178556 66
178586 65
178619 64
178661 65
178663 66
178663 65
178749 64
178749 64
178762 63
178789 64
178817 63
178834 64
178842 65
178853 66
178880 65
178914 66
178921 67
178955 68
178983 69
179002 68
179015 67
179016 66
179079 67
179108 66
179127 65
179130 64
179135 65
179136 64
179137 63
179299 62
179323 63
179349 64
179353 65
179383 66
179422 67
179435 68
179479 69
179519 70
179520 71
179539 70
179615 71
179631 70
179672 71
179675 70
179681 71
179711 72
179731 71
179787 70
179828 71
179843 70
179855 69
179897 68
179898 69
179920 70
179975 69
180013 70
180016 71
180022 72
180058 71
180063 70
180100 69
180117 70
180177 71
180225 70
180298 69
180339 68
180349 67
180355 66
180362 65
180372 64
180377 63
180380 62
180407 61
180426 62
180436 61
180446 60
180463 59
180569 58
180576 59
180616 58
180646 59
180669 60
180679 59
180680 60
180690 61
180744 62
180772 63
180787 62
180799 61
180803 60
180838 61
180843 62
180845 61
180871 60
180912 61
180955 60
181015 61
181074 62
181074 63
181081 64
181089 65
181142 64
181153 65
181207 66
181243 65
181289 64
181309 65
181329 64
181331 65
181363 64
181461 65
181461 66
181461 67
181467 68
181475 67
181505 66
181505 67
181521 66
181551 67
181577 68
181595 69
181687 68
181689 67
181692 68
181692 67
181703 68
181715 67
181779 68
181783 69
181845 70
181865 69
181873 68
181891 67
181918 68
181921 67
181954 66
181963 67
182048 68
182072 69
182192 70
182218 69
182238 70
182266 69
182270 68
182350 69
182351 70
182358 69
182394 68
182463 67
182483 68
182494 69
182579 70
182586 69
182589 68
182629 67
182656 66
182657 67
182698 66
182711 65
182732 66
182751 65
182773 66
182819 65
182856 66
182891 65
182904 64
182918 65
182923 66
182939 65
182959 64
182976 63
182979 64
182989 63
183005 62
183024 61
183104 62
183110 63
183116 64
183123 65
183197 66
183261 65
183283 66
183318 67
183379 66
183383 65
183425 64
183430 65
183446 66
183481 65
183515 64
183520 65
183556 64
183563 63
183595 64
183610 65
183617 64
183622 63
183628 64
183636 63
183637 62
183665 61
183667 60
183688 59
183751 58
183783 57
183805 56
183815 57
183823 56
183865 55
183878 55
183881 56
183883 57
183926 56
183965 55
183973 56
184007 57
184021 58
184085 57
184087 58
184099 57
184111 56
184127 55
184141 56
184153 55
184173 54
184230 53
184289 52
184338 53
184352 54
184352 55
184359 54
184360 53
184362 54
184384 55
184398 56
184405 57
184437 58
184444 57
184444 58
184493 59
184523 58
184560 59
184571 60
184572 61
184604 62
184613 63
184646 64
184736 65
184738 66
184744 67
184760 66
184760 65
184775 64
184779 65
184803 64
184810 63
184861 64
184865 63
184887 64
184902 65
184915 66
184924 65
184943 66
184964 65
185000 64
185018 65
185024 66
185038 67
185040 66
185052 67
185086 66
185165 65
185184 64
185197 63
185217 64
185259 65
185271 66
185280 65
185390 64
185390 63
185391 62
185397 63
185401 64
185439 65
185439 64
185520 65
185522 66
185525 67
185526 68
185579 69
185583 70
185593 69
185634 68
185679 67
185810 66
185839 67
186019 66
186027 67
186059 66
186071 67
186079 66
186080 67
186222 66
186246 67
186251 68
186274 67
186274 66
186280 65
186298 66
186307 65
186310 66
186338 65
186366 64
186456 63
186463 62
186475 63
186476 64
186478 65
186582 66
186591 67
186600 68
186606 69
186632 68
186653 67
186678 68
186686 69
186698 68
186748 67
186760 66
186784 67
186800 67
186807 66
186879 67
186880 68
186880 69
186909 70
186933 71
186937 70
186939 69
187065 68
187085 69
187092 68
187120 67
187125 66
187173 65
187194 64
187255 65
187284 64
187322 63
187392 62
187418 61
187420 60
187430 61
187432 62
187436 63
187463 62
187463 61
187502 60
187588 59
187619 60
187628 59
187640 60
187671 61
187683 60
187684 61
187686 60
187714 59
187716 60
187742 61
187773 62
187817 61
187849 60
187854 59
187872 60
187925 59
187956 60
187957 59
187975 60
188008 59
188044 60
188050 61
188060 62
188076 61
188083 60
188088 59
188116 60
188136 59
188136 58
188211 59
188213 58
188216 59
188226 58
188228 59
188231 60
188245 59
188251 60
188252 61
188267 60
188303 59
188328 58
188357 59
188424 58
188447 59
188450 60
188467 59
188507 60
188508 59
188562 58
188580 59
188652 60
188657 59
188672 58
188709 59
188733 60
188746 61
188751 60
188760 61
188774 60
188804 61
188856 62
188871 61
188892 60
188918 59
188923 58
188930 59
188931 60
188956 61
188985 61
188993 62
189036 63
189090 64
189104 65
189153 66
189180 65
189215 64
189279 65
189295 66
189329 67
189330 66
189336 65
189344 64
189361 63
189386 64
189388 65
189408 66
189410 67
189590 66
189612 67
189645 68
189757 67
189817 67
189856 68
189872 69
189912 70
189912 71
189926 72
189952 73
189976 72
189996 73
190040 74
190047 73
190050 74
190053 73
190164 74
190201 75
190232 76
190233 75
190280 74
190324 75
190332 74
190357 73
190360 72
190404 73
190410 74
190413 73
190469 74
190485 73
190515 72
190580 71
190662 70
190688 69
190693 68
190770 69
190800 68
190859 69
190873 68
190895 67
190922 68
190992 67
191018 66
191030 67
191040 68
191106 67
191124 66
191142 65
191159 64
191165 63
191196 64
191220 65
191240 66
191300 65
191369 66
191395 67
191440 68
191448 69
191514 68
191519 67
191604 68
191664 67
191711 66
191736 65
191751 64
191759 63
191793 64
191811 63
191815 62
191840 63
191844 62
191846 63
191891 62
191912 61
191929 60
191954 61
191971 60
191997 61
192014 60
192036 59
192059 59
192065 60
192066 61
192070 61
192084 62
192140 63
192140 64
192217 63
192245 64
192268 65
192271 64
192273 63
192278 62
192292 61
192292 62
192297 62
192304 63
192330 64
192332 65
192380 64
192397 63
192400 64
192446 63
192483 62
192560 61
192564 62
192564 63
192572 62
192576 61
192600 60
192623 59
192633 58
192642 57
192714 58
192742 59
192743 60
192743 61
192746 62
192791 61
192865 62
192908 63
192948 64
192956 65
192956 66
192990 67
193016 68
193024 67
193044 68
193047 67
193103 66
193106 65
193106 64
193157 63
193160 62
193174 61
193181 62
193183 63
193194 64
193200 63
193338 64
193348 65
193356 66
193378 65
193455 66
193583 67
193590 68
193662 69
193667 70
193670 71
193725 70
193736 69
193751 68
193856 69
193868 70
193883 71
193930 70
193968 69
193992 70
194006 71
194008 72
194019 71
194066 70
194078 71
194096 70
194097 69
194115 68
194136 67
194165 66
194170 65
194180 64
194194 65
194214 64
194221 65
194222 66
194288 67
194304 66
194336 65
194357 66
194362 67
194445 68
194448 69
194465 68
194470 67
194498 68
194508 67
194620 66
194623 67
194651 66
194651 65
194661 66
194754 67
194782 68
194792 67
194828 66
194844 67
194852 66
194868 65
194876 64
194901 63
194946 62
195005 61
195038 62
195126 63
195130 62
195176 63
195219 62
195221 61
195258 62
195312 63
195361 62
195400 61
195402 62
195420 63
195426 64
195585 65
195587 66
195588 67
195594 66
195596 67
195613 66
195621 65
195633 64
195638 63
195640 62
195653 63
195657 63
195657 64
195703 65
195744 64
195791 65
195794 64
195797 63
195888 64
195908 63
195948 62
195967 63
195977 62
195984 61
195993 60
195997 61
196021 62
196026 61
196049 60
196052 61
196096 60
196116 59
196118 60
196120 61
196120 62
196157 61
196182 62
196191 63
196193 62
196204 63
196282 62
196284 63
196320 62
196328 61
196344 60
196356 59
196360 58
196375 59
196401 60
196443 61
196445 62
196447 63
196577 64
196581 63
196616 64
196616 65
196663 66
196671 67
196691 68
196732 67
196758 66
196833 67
196876 68
196898 69
196932 68
196935 67
196948 68
196952 67
196957 68
196958 67
196964 68
196966 69
197014 70
197039 71
197052 70
197085 71
197128 70
197144 69
197156 70
197163 71
197163 72
197209 73
197287 74
197368 73
197395 72
197438 71
197454 70
197472 69
197554 68
197578 69
197587 68
197588 67
197592 68
197606 67
197626 66
197672 65
197700 66
197740 67
197844 66
197869 65
197927 64
197935 65
198002 66
198004 67
198007 68
198016 69
198044 68
198080 69
198081 70
198112 71
198126 72
198159 73
198174 72
198208 71
198216 70
198228 69
198289 70
198384 69
198420 68
198436 67
198450 66
198496 67
198511 68
198524 67
198532 66
198539 65
198605 64
198606 63
198621 64
198669 65
198674 66
198712 65
198772 66
198783 65
198821 64
198853 63
198928 64
198956 63
198980 64
199045 65
199048 64
199081 65
199104 66
199153 67
199172 68
199174 69
199236 70
199240 69
199311 70
199313 69
199343 70
199350 69
199353 68
199356 67
199361 66
199366 67
199376 68
199385 69
199416 70
199428 69
199431 68
199480 69
199492 68
199523 67
199579 68
199676 67
199684 66
199699 65
199700 64
199767 65
199767 66
199784 65
199824 64
199868 63
199900 64
199902 63
199903 62
199954 63
200004 64
200018 63
