0 0
0 1
105 2
129 3
138 3
138 3
161 4
201 5
201 6
202 6
204 6
207 6
208 6
208 7
210 7
224 7
224 7
257 7
260 7
262 8
307 8
351 9
384 9
392 10
393 10
401 11
407 11
408 12
411 12
415 11
422 10
456 11
470 12
470 13
478 14
479 15
502 15
521 16
530 16
533 15
537 14
543 13
546 13
562 13
619 14
629 15
634 16
653 17
667 17
715 17
721 18
724 19
737 19
742 20
750 19
753 18
775 18
790 19
799 20
805 19
808 20
861 21
863 22
908 22
927 23
928 23
928 24
931 24
931 24
932 24
933 24
933 24
935 24
939 23
939 23
940 23
941 23
943 23
952 23
1011 24
1031 25
1032 26
1038 25
1041 25
1043 24
1043 23
1046 22
1047 23
1049 22
1051 21
1053 20
1053 19
1057 20
1059 19
1092 18
1123 19
1195 20
1201 21
1202 22
1244 23
1250 22
1303 23
1317 24
1388 25
1411 24
1413 25
1417 24
1440 25
1469 26
1476 25
1478 24
1488 25
1504 24
1520 24
1522 25
1531 24
1532 24
1537 23
1541 22
1573 21
1579 20
1597 21
1602 21
1604 22
1605 21
1607 21
1608 21
1609 20
1611 20
1614 20
1618 21
1641 22
1649 22
1654 21
1744 22
1744 23
1746 23
1753 23
1758 24
1765 25
1767 24
1774 24
1775 24
1776 23
1780 23
1802 24
1802 25
1812 26
1846 27
1846 27
1847 27
1848 26
1849 26
1850 25
1850 25
1850 26
1850 25
1851 25
1853 25
1853 25
1857 25
1874 25
1876 26
1876 25
1878 25
1880 25
1882 24
1886 23
1886 23
1887 22
1888 22
1888 22
1896 23
1896 24
1900 24
1904 24
1978 25
2023 26
2027 26
2034 25
2079 25
2088 26
2094 26
2102 27
2102 27
2102 27
2103 27
2116 28
2119 28
2120 28
2120 28
2120 28
2124 28
2125 28
2126 28
2127 28
2128 28
2128 28
2131 28
2133 29
2144 28
2184 29
2205 30
2220 30
2221 30
2251 30
2274 31
2300 31
2328 32
2339 32
2343 31
2344 32
2351 32
2370 33
2373 34
2415 35
2417 34
2428 33
2446 34
2449 34
2449 35
2452 35
2455 36
2456 36
2470 36
2470 36
2470 36
2470 35
2471 35
2498 35
2516 35
2537 36
2539 35
2543 34
2556 35
2560 35
2560 35
2572 36
2576 36
2578 35
2582 34
2583 33
2586 33
2593 32
2602 31
2603 32
2603 32
2604 31
2605 31
2627 31
2628 31
2676 32
2691 31
2765 32
2771 32
2772 32
2772 32
2772 32
2772 33
2773 34
2773 33
2775 33
2776 33
2778 34
2779 33
2780 32
2781 31
2783 31
2789 30
2789 29
2793 29
2822 28
2839 29
2840 30
2849 31
2850 32
2851 32
2852 32
2852 32
2852 31
2852 31
2854 30
2854 30
2858 30
2864 29
2889 30
2893 31
2902 30
2902 31
2907 31
2913 31
2951 32
2959 32
2971 32
3019 33
3027 33
3028 33
3028 33
3028 32
3028 32
3035 32
3037 33
3045 34
3045 34
3046 33
3051 32
3059 33
3060 34
3067 33
3073 34
3104 35
3114 36
3128 37
3149 37
3154 36
3156 36
3160 37
3227 38
3278 39
3285 40
3287 39
3288 40
3291 39
3299 40
3305 39
3319 40
3330 39
3331 38
3332 39
3353 40
3356 39
3356 40
3362 41
3391 42
3401 43
3403 44
3431 45
3447 46
3463 47
3467 46
3480 47
3492 48
3494 47
3495 46
3496 46
3538 45
3539 46
3545 47
3545 46
3547 47
3548 46
3555 46
3555 45
3555 46
3563 46
3564 45
3564 45
3568 46
3595 47
3613 46
3613 45
3619 46
3623 47
3639 48
3651 49
3654 50
3663 51
3671 52
3675 52
3676 51
3683 50
3687 50
3708 51
3714 52
3715 51
3715 50
3723 49
3731 50
3734 51
3740 51
3740 50
3744 49
3748 50
3750 49
3791 48
3792 49
3836 50
3843 51
3851 50
3871 51
3873 52
3898 53
3911 54
3913 53
3929 52
3932 53
3944 54
3946 55
3997 56
4021 55
4055 56
4113 57
4113 58
4119 59
4148 60
4160 61
4165 62
4174 63
4237 64
4267 65
4327 64
4333 65
4336 66
4363 67
4420 66
4459 67
4461 68
4468 69
4470 70
4528 69
4577 70
4579 69
4580 68
4626 67
4679 68
4693 69
4696 68
4722 69
4723 70
4748 71
4791 72
4804 71
4874 72
4928 73
5008 74
5027 73
5032 72
5043 73
5099 72
5113 71
5116 72
5199 73
5223 72
5301 73
5376 72
5397 73
5399 74
5437 75
5631 76
5641 77
5653 78
5800 77
5885 78
5896 77
5898 76
5905 75
5917 74
5985 75
6059 74
6108 73
6185 72
6189 71
6265 70
6388 69
6441 68
6469 69
6472 68
6480 69
6488 68
6506 69
6532 68
6600 67
6616 68
6621 67
6640 66
6652 65
6664 64
6682 65
6769 64
6783 65
6808 64
6812 63
6816 62
6844 61
6918 62
7007 63
7017 64
7056 65
7063 64
7067 63
7071 62
7072 61
7075 60
7088 61
7105 60
7108 59
7132 58
7146 59
7155 60
7157 61
7205 62
7217 63
7217 64
7257 65
7300 64
7302 65
7302 66
7400 67
7419 66
7447 65
7447 64
7500 63
7538 64
7541 63
7542 64
7550 65
7572 64
7598 63
7624 62
7647 61
7668 60
7668 59
7713 58
7714 59
7731 58
7736 57
7744 58
7757 57
7758 58
7802 59
7810 60
7813 59
7815 58
7839 59
7867 60
7974 61
8004 62
8004 61
8012 60
8035 61
8058 60
8059 61
8122 62
8160 61
8161 60
8176 59
8216 58
8224 59
8234 60
8239 61
8242 62
8249 63
8271 62
8284 63
8300 62
8309 63
8312 62
8365 61
8423 60
8510 59
8557 58
8580 59
8580 60
8622 61
8670 62
8701 61
8705 61
8711 62
8720 63
8730 64
8736 63
8739 64
8815 65
8817 66
8852 67
8890 68
8896 69
8944 68
9020 69
9021 70
9023 71
9124 71
9127 72
9220 71
9220 70
9281 71
9377 70
9379 71
9387 70
9388 71
9461 70
9484 69
9524 68
9530 67
9540 66
9547 67
9595 67
9659 66
9704 65
9707 64
9816 65
9835 66
9844 65
9906 66
9929 67
9934 66
9994 67
10014 68
10022 69
10069 68
10083 69
10108 68
10109 67
10127 66
10175 65
10248 66
10277 67
10325 68
10326 69
10357 68
10399 67
10400 66
10420 65
10467 64
10504 65
10506 66
10509 67
10509 68
10513 67
10522 66
10524 65
10653 66
10755 67
10780 66
10782 65
10816 64
10832 65
10840 64
10844 65
10927 66
10938 67
10948 66
10968 67
10976 68
11090 67
11110 68
11147 67
11148 68
11180 69
11232 70
11269 69
11283 68
11320 67
11320 66
11340 65
11345 64
11362 65
11376 64
11432 63
11460 64
11464 65
11632 66
11639 67
11659 68
11661 69
11711 70
11730 69
11745 70
11745 71
11762 70
11800 69
11862 68
11869 67
11869 66
11874 65
11880 66
11952 65
11996 64
12041 63
12060 62
12072 61
12073 60
12225 60
12232 61
12233 61
12235 61
12235 61
12238 60
12238 59
12240 59
12240 58
12241 58
12243 59
12244 58
12244 58
12245 57
12247 57
12253 58
12266 57
12304 58
12381 59
12390 59
12392 59
12392 58
12394 58
12394 58
12398 57
12398 56
12428 56
12428 55
12429 55
12429 55
12430 55
12430 55
12431 54
12431 54
12431 53
12456 53
12480 54
12480 55
12500 55
12501 56
12503 55
12504 54
12508 55
12508 54
12509 54
12511 54
12541 55
12564 56
12612 55
12637 54
12693 55
12700 54
12756 53
12759 53
12840 54
12851 53
12860 52
12875 53
12888 52
12898 51
12900 50
12924 51
12924 52
12941 53
12968 52
12984 51
13006 52
13008 51
13030 50
13041 51
13044 52
13045 53
13047 52
13049 53
13050 52
13052 51
13053 50
13078 49
13085 48
13092 49
13093 50
13098 51
13105 50
13113 49
13122 50
13145 49
13148 50
13154 51
13155 50
13162 51
13163 50
13163 49
13183 48
13200 47
13244 46
13278 47
13298 48
13298 47
13336 47
13336 48
13346 48
13348 47
13352 46
13356 45
13400 46
13412 47
13419 48
13427 47
13431 46
13439 47
13439 48
13444 49
13448 50
13451 49
13458 48
13468 49
13468 50
13476 50
13477 49
13482 50
13512 51
13522 52
13525 51
13526 50
13526 49
13531 48
13534 49
13535 48
13535 47
13539 48
13540 47
13541 46
13561 47
13588 48
13599 47
13627 48
13672 49
13681 48
13682 49
13682 48
13712 48
13712 48
13712 48
13715 49
13717 48
13720 47
13758 48
13763 49
13767 50
13774 50
13775 49
13780 50
13849 49
13858 48
13863 47
13869 46
13874 45
13896 44
13919 43
13953 44
13956 43
13956 43
13956 43
13960 44
13964 45
13968 44
13968 43
13968 42
13969 43
13980 42
14033 43
14037 44
14045 45
14047 44
14060 45
14060 44
14068 45
14071 44
14071 43
14074 43
14077 43
14086 42
14088 41
14092 40
14100 39
14103 40
14105 39
14107 39
14111 39
14114 39
14115 39
14116 38
14117 37
14145 38
14173 39
14182 40
14186 41
14230 40
14253 41
14260 40
14264 41
14276 40
14276 39
14276 38
14280 37
14294 37
14294 37
14298 38
14298 39
14299 38
14302 38
14302 37
14303 37
14304 36
14304 36
14305 37
14306 36
14307 35
14309 35
14309 34
14310 33
14310 32
14315 32
14319 31
14320 30
14321 30
14345 31
14347 32
14348 33
14350 34
14351 34
14359 35
14366 36
14368 35
14372 36
14380 35
14390 34
14438 33
14444 33
14446 32
14446 31
14447 31
14447 31
14450 32
14453 32
14457 31
14476 32
14481 33
14484 34
14496 35
14511 34
14511 33
14512 33
14516 32
14517 33
14518 33
14554 33
14557 34
14559 33
14559 33
14564 34
14564 35
14568 34
14568 33
14568 32
14574 31
14628 32
14647 33
14649 34
14662 34
14665 33
14668 33
14676 34
14676 35
14678 36
14732 36
14734 36
14734 35
14735 36
14737 36
14739 36
14740 36
14740 35
14741 34
14743 33
14745 32
14747 31
14747 30
14776 31
14784 32
14786 33
14793 32
14794 32
14824 33
14824 34
14829 35
14878 36
14881 37
14892 38
14893 39
14895 40
14896 41
14900 42
14908 43
14917 44
14924 43
14931 42
14933 43
14948 44
14964 45
14966 46
14988 47
15006 46
15006 46
15008 45
15009 44
15018 43
15019 42
15020 42
15020 41
15020 40
15024 39
15042 40
15051 39
15052 38
15059 39
15061 38
15064 37
15067 38
15067 39
15069 40
15069 39
15071 38
15072 37
15074 38
15115 39
15117 40
15124 41
15132 41
15132 40
15133 41
15133 40
15158 41
15199 42
15204 41
15207 42
15213 41
15214 42
15242 43
15246 44
15291 45
15292 46
15300 45
15300 44
15303 45
15306 44
15311 45
15313 46
15315 47
15321 48
15322 49
15323 50
15327 51
15336 50
15336 49
15336 48
15364 47
15411 48
15412 49
15424 48
15458 49
15463 50
15465 49
15510 50
15536 51
15547 52
15568 53
15574 54
15587 53
15626 52
15626 51
15632 52
15644 51
15644 52
15668 52
15672 53
15680 53
15684 52
15688 51
15700 52
15700 53
15714 54
15715 55
15721 54
15736 53
15744 53
15744 54
15815 55
15816 56
15816 57
15824 57
15840 56
15855 55
15860 56
15862 57
15868 56
15923 55
15926 56
15961 57
15961 56
15962 57
15964 58
15967 59
15975 60
16016 61
16023 62
16024 61
16037 60
16084 61
16087 62
16089 63
16092 64
16106 63
16111 64
16164 63
16167 64
16174 63
16196 64
16215 63
16232 62
16232 61
16240 62
16246 63
16292 64
16308 65
16348 66
16382 65
16405 64
16413 63
16438 62
16496 63
16496 64
16581 65
16656 64
16665 63
16675 62
16693 63
16700 64
16748 65
16786 66
16788 65
16792 66
16833 67
16848 67
16863 68
16946 67
16954 66
17040 65
17074 66
17079 67
17083 68
17172 69
17180 68
17220 67
17226 66
17235 67
17350 66
17366 67
17386 68
17392 69
17410 68
17464 69
17484 70
17488 71
17536 70
17556 71
17558 72
17577 71
17608 72
17609 73
17617 74
17692 75
17709 76
17743 75
17743 74
17805 75
17848 74
18002 73
18020 74
18102 73
18137 72
18160 73
18172 72
18207 71
18210 70
18342 69
18353 70
18364 71
18367 70
18372 69
18372 68
18372 67
18411 66
18474 67
18541 68
18576 67
18578 66
18616 65
18618 64
18620 63
18623 62
18743 63
18746 62
18748 63
18750 62
18771 61
18783 62
18819 63
18846 64
18850 63
18852 64
18935 65
19048 66
19060 65
19064 66
19070 65
19120 64
19162 65
19177 66
19206 65
19246 66
19269 65
19311 66
19322 65
19332 64
19352 65
19360 64
19360 63
19366 64
19375 63
19378 62
19393 63
19410 62
19425 63
19429 62
19492 61
19517 62
19521 63
19525 62
19530 63
19568 62
19569 61
19608 60
19624 59
19644 58
19741 59
19795 60
19818 59
19820 60
19820 61
19827 60
19882 59
19887 60
19896 59
19901 58
19902 57
19944 56
19944 57
19981 56
19992 55
20007 56
20041 57
20043 56
20047 57
20082 58
20095 57
20101 56
20108 55
20169 56
20209 57
20211 58
20230 57
20236 58
20291 57
20344 58
20345 59
20347 60
20355 61
20414 62
20423 63
20428 64
20432 65
20433 64
20487 63
20508 64
20513 65
20515 66
20544 65
20568 64
20616 65
20625 64
20652 65
20665 64
20668 63
20681 64
20699 65
20701 66
20719 65
20731 64
20753 63
20755 64
20766 65
20828 64
20830 63
20832 62
20858 61
20862 62
20869 61
20924 60
20948 61
20996 60
21005 59
21008 60
21010 61
21011 62
21012 63
21029 64
21080 63
21150 64
21171 63
21214 62
21236 63
21239 62
21257 61
21301 60
21305 61
21331 60
21337 59
21388 60
21405 61
21416 60
21436 61
21522 62
21536 63
21536 64
21536 65
21542 66
21591 67
21595 68
21599 67
21635 68
21663 67
21679 66
21721 65
21727 66
21757 67
21868 68
21880 69
21888 68
21918 67
21919 66
21922 65
21927 64
21928 63
21972 62
22008 63
22011 62
22011 63
22027 62
22042 63
22051 62
22081 61
22104 60
22139 59
22141 58
22175 59
22197 60
22204 59
22208 58
22284 57
22285 56
22294 57
22295 58
22311 59
22434 60
22444 61
22478 62
22493 63
22510 62
22533 61
22567 62
22580 63
22664 62
22699 63
22714 64
22724 63
22735 64
22760 65
22768 64
22788 65
22819 64
22829 63
22888 64
22890 65
22893 66
22984 65
23028 64
23039 63
23048 64
23048 65
23068 64
23096 65
23136 66
23176 65
23212 66
23227 67
23268 66
23283 65
23305 64
23305 65
23328 64
23332 63
23357 64
23446 65
23509 64
23538 65
23554 66
23555 67
23561 66
23564 65
23564 66
23632 65
23683 66
23696 65
23700 64
23701 65
23717 66
23822 65
23872 66
23881 65
23902 66
23917 67
23925 66
23941 65
23941 64
24042 65
24058 64
24064 65
24064 66
24070 67
24078 68
24109 69
24126 68
24223 67
24253 66
24349 67
24355 68
24392 69
24397 70
24404 69
24449 68
24484 67
24493 68
24497 69
24500 68
24536 67
24610 66
24619 65
24622 64
24668 65
24675 66
24687 65
24690 64
24700 63
24706 62
24733 61
24736 62
24762 63
24788 62
24824 61
24825 60
24834 59
24874 60
24876 61
24914 62
24928 61
24970 60
24994 59
25069 60
25127 59
25140 60
25217 61
25231 62
25232 63
25240 62
25242 63
25255 64
25304 63
25310 64
25312 65
25324 66
25333 65
25348 66
25355 67
25376 66
25420 65
25424 64
25460 65
25492 66
25514 65
25548 66
25558 67
25574 68
25599 67
25627 66
25630 65
25630 66
25638 67
25643 68
25652 67
25654 66
25654 67
25676 66
25704 65
25717 66
25731 65
25783 66
25846 67
25848 66
25867 65
25924 64
25968 63
25972 62
25991 61
25991 60
25992 59
26036 58
26038 59
26057 58
26065 59
26067 60
26068 59
26075 60
26075 61
26076 62
26184 63
26186 64
26276 65
26276 66
26276 67
26279 68
26363 67
26367 66
26387 65
26468 66
26488 65
26490 64
26520 65
26537 64
26585 63
26621 64
26628 65
26643 66
26680 65
26682 66
26693 65
26700 66
26736 65
26747 64
26756 65
26776 64
26832 65
26852 66
27022 67
27023 68
27034 69
27036 68
27042 69
27047 68
27074 67
27114 66
27116 65
27125 66
27136 65
27138 64
27140 63
27180 64
27188 63
27216 62
27254 63
27260 64
27273 63
27330 64
27348 65
27400 66
27408 65
27447 64
27485 63
27499 62
27520 63
27590 64
27599 63
27608 64
27608 65
27616 66
27652 65
27698 64
27744 65
27809 64
27829 65
27840 66
27848 65
27958 66
28016 67
28048 68
28092 67
28128 68
28161 67
28189 66
28196 67
28216 68
28244 67
28292 68
28300 67
28304 68
28408 67
28428 68
28445 67
28456 68
28482 67
28508 66
28523 65
28526 64
28532 63
28541 62
28598 61
28624 62
28627 63
28634 64
28639 65
28651 66
28675 65
28696 64
28739 65
28748 66
28799 67
28816 68
28953 69
29006 70
29018 71
29033 72
29077 73
29078 72
29104 73
29104 72
29126 73
29127 72
29129 71
29168 70
29190 69
29233 70
29266 69
29296 68
29315 69
29321 70
29332 69
29333 68
29372 67
29383 66
29384 65
29390 64
29513 63
29548 62
29571 61
29597 62
29632 61
29638 62
29653 61
29672 60
29676 59
29698 58
29700 57
29709 58
29720 59
29721 58
29731 59
29763 59
29796 60
29809 59
29816 58
29847 59
29876 58
29925 59
29953 60
29986 61
30024 62
30074 63
30095 64
30097 65
30106 66
30240 65
30246 64
30265 63
30269 64
30287 65
30312 66
30314 67
30321 66
30347 67
30363 66
30374 65
30400 64
30416 63
30454 62
30556 63
30556 62
30560 63
30631 62
30636 61
30641 62
30644 63
30717 62
30734 63
30736 64
30744 63
30770 62
30805 63
30813 64
30836 63
30859 62
30877 61
30904 62
30906 63
30915 64
30980 63
30981 62
30984 63
31004 62
31024 63
31026 64
31058 63
31070 62
31072 61
31116 60
31182 59
31268 60
31295 59
31316 60
31325 61
31389 62
31392 63
31413 64
31441 65
31441 66
31457 67
31604 68
31752 69
31752 70
31770 69
31824 68
31838 67
31849 68
31866 67
31869 68
31914 67
31919 68
31948 69
31958 70
31958 71
31969 72
31971 71
32009 70
32064 69
32064 68
32068 69
32116 68
32148 67
32152 68
32227 67
32228 66
32235 65
32238 64
32247 63
32322 62
32365 63
32367 64
32371 63
32379 64
32400 65
32405 64
32406 63
32466 64
32541 63
32595 64
32604 65
32635 64
32768 65
32776 64
32806 65
32824 66
32838 65
32853 66
32866 67
32867 68
32873 67
32878 68
32925 67
32938 66
32948 67
32955 68
32969 67
33036 66
33037 65
33064 66
33080 65
33092 64
33093 63
33095 62
33129 63
33201 62
33220 63
33225 62
33309 63
33312 62
33339 61
33340 60
33341 61
33383 60
33408 59
33425 60
33467 61
33478 60
33524 61
33528 60
33536 59
33560 60
33565 61
33590 60
33597 61
33605 62
33636 63
33646 62
33727 61
33772 62
33785 61
33817 62
33955 61
33990 62
34003 63
34020 64
34025 63
34032 62
34042 61
34047 62
34108 63
34128 64
34144 65
34162 64
34167 63
34180 64
34223 65
34224 66
34235 67
34302 68
34307 69
34329 68
34344 67
34391 66
34481 65
34496 64
34500 65
34512 66
34522 67
34564 66
34608 67
34612 68
34616 69
34669 68
34697 67
34714 68
34721 67
34808 66
34859 67
34901 66
34915 65
34932 64
35021 65
35024 66
35038 67
35041 68
35045 67
35054 68
35074 67
35199 68
35200 69
35214 70
35312 71
35323 72
35393 73
35414 72
35488 73
35569 74
35569 75
35570 76
35579 75
35655 74
35659 73
35676 72
35749 71
35761 70
35769 69
35800 68
35853 67
35900 68
35912 69
35953 68
35957 67
36001 66
36020 65
36029 66
36034 67
36040 66
36056 67
36063 66
36090 67
36116 66
36248 67
36264 66
36320 65
36346 64
36381 63
36383 64
36404 63
36418 64
36464 65
36490 66
36490 65
36520 66
36548 65
36572 66
36580 65
36658 66
36667 65
36682 64
36712 65
36743 66
36748 65
36758 64
36812 63
36840 62
36855 63
36909 62
36912 61
36914 60
36941 59
36943 60
36971 61
36979 62
37024 63
37088 62
37104 61
37107 62
37122 61
37164 60
37232 61
37239 60
37252 59
37299 58
37315 59
37322 60
37327 61
37328 62
37375 61
37377 60
37407 61
37424 62
37424 63
37483 62
37489 61
37522 62
37527 63
37554 64
37593 65
37604 66
37605 65
37637 66
37656 67
37663 66
37702 67
37707 66
37752 65
37760 64
37832 63
37835 64
37892 65
37892 66
37923 67
37960 68
37993 69
37999 68
38016 69
38071 70
38085 69
38108 70
38108 69
38116 68
38119 69
38165 70
38171 71
38221 70
38245 69
38313 68
38428 69
38436 68
38503 67
38518 66
38541 67
38560 66
38594 67
38604 68
38625 67
38625 68
38648 69
38653 70
38656 71
38656 70
38685 69
38713 68
38764 67
38905 68
38929 67
38930 68
38932 69
38935 70
38940 71
38991 72
38999 73
39034 72
39040 71
39060 72
39113 71
39288 70
39319 71
39320 72
39378 71
39384 70
39412 69
39421 68
39445 67
39476 66
39527 65
39532 64
39559 63
39593 62
39604 63
39652 64
39662 63
39670 62
39710 63
39714 64
39768 63
39826 62
39857 63
39930 62
39979 61
39980 62
40013 63
40035 62
40036 63
40053 64
40053 65
40070 66
40082 65
40107 64
40117 65
40195 64
40197 65
40198 66
40203 65
40205 64
40256 63
40257 62
40316 61
40368 62
40403 61
40404 60
40441 61
40458 62
40459 61
40463 62
40473 63
40524 62
40548 61
40609 62
40616 61
40617 62
40633 61
40640 62
40648 61
40722 60
40736 61
40738 62
40747 63
40796 62
40825 61
40900 62
40934 61
41000 60
41077 59
41120 60
41120 61
41127 62
41228 63
41242 64
41243 65
41245 66
41247 67
41250 66
41254 67
41263 66
41364 65
41372 64
41403 65
41406 66
41414 67
41472 66
41474 65
41568 64
41574 63
41587 64
41604 65
41659 66
41675 65
41696 66
41704 65
41709 64
41716 63
41802 62
41802 61
41803 60
41814 59
41815 58
41842 59
41878 60
41914 61
41986 60
41992 59
41999 60
42015 61
42022 62
42047 63
42052 64
42126 65
42138 64
42144 63
42168 64
42175 65
42289 66
42433 67
42452 68
42452 69
42463 68
42472 67
42482 66
42559 67
42560 68
42594 69
42604 70
42632 71
42637 72
42671 73
42677 74
42681 73
42724 72
42795 71
42800 70
42872 69
42938 68
42954 67
42973 68
43013 69
43076 68
43090 67
43096 68
43116 67
43121 66
43149 65
43186 64
43199 63
43200 64
43216 63
43225 62
43260 61
43277 62
43280 61
43306 60
43464 61
43464 62
43500 61
43522 62
43524 63
43526 64
43543 65
43590 66
43678 65
43702 66
43724 67
43735 68
43751 67
43785 68
43788 69
43853 70
43864 69
43914 68
43932 67
43956 66
43968 65
43980 66
44024 65
44047 64
44060 65
44091 64
44134 65
44142 64
44171 65
44292 66
44304 67
44316 68
44317 67
44323 68
44352 67
44352 66
44352 65
44378 66
44387 67
44419 68
44420 67
44587 68
44620 69
44620 70
44630 71
44703 70
44730 71
44741 71
44784 70
44789 69
44810 68
44812 69
44819 68
44821 67
44831 66
44832 65
44913 64
44919 63
44984 62
45001 63
45002 64
45016 65
45019 64
45029 65
45065 64
45067 63
45084 62
45170 63
45179 62
45183 61
45212 62
45242 63
45284 62
45301 61
45305 62
45338 63
45373 64
45436 63
45455 62
45504 61
45520 60
45521 61
45527 60
45528 59
45596 60
45607 61
45676 62
45676 63
45685 63
45696 62
45770 63
45784 64
45793 65
45822 64
45846 63
45848 62
45861 63
45941 64
45997 65
46052 64
46074 63
46079 62
46080 61
46086 62
46098 63
46147 64
46151 65
46161 66
46176 65
46197 64
46210 63
46240 62
46272 61
46276 62
46301 63
46301 62
46310 63
46332 64
46336 65
46363 66
46411 65
46424 64
46540 65
46561 64
46566 65
46573 64
46573 63
46588 62
46594 63
46621 64
46635 65
46653 66
46731 65
46748 66
46760 67
46776 68
46788 69
46809 68
46815 69
46816 68
46880 69
46927 70
46944 69
46967 70
46973 71
46983 72
46985 71
47009 72
47032 73
47050 72
47093 73
47104 72
47105 71
47128 70
47130 69
47269 70
47303 69
47356 68
47364 69
47468 68
47475 67
47492 66
47493 65
47544 66
47544 67
47552 66
47685 67
47688 66
47748 67
47774 66
47780 65
47786 66
47817 67
47820 66
47829 67
47846 66
47951 65
47963 64
48022 65
48032 64
48037 65
48042 64
48056 63
48087 62
48088 61
48096 62
48110 63
48147 64
48149 63
48170 64
48249 65
48283 66
48303 65
48310 64
48337 65
48407 64
48433 65
48448 66
48449 67
48501 66
48520 67
48551 66
48564 65
48565 64
48580 65
48630 66
48641 67
48676 68
48688 67
48692 66
48724 66
48773 67
48774 66
48779 65
48826 64
48878 63
48955 62
48959 63
48967 62
48974 61
48975 62
48979 63
48981 64
48990 63
49060 62
49061 61
49074 60
49074 61
49121 62
49130 63
49148 64
49149 63
49150 62
49184 63
49216 62
49216 63
49224 62
49244 61
49245 62
49252 63
49271 62
49283 63
49299 64
49394 63
49451 62
49457 62
49460 63
49465 64
49472 63
49478 64
49532 65
49554 64
49579 63
49590 64
49659 63
49671 62
49726 63
49729 62
49737 63
49742 62
49776 61
49791 60
49805 61
49848 62
49930 63
49947 64
50008 63
50016 62
50032 63
50062 62
50134 61
50140 62
50147 63
50166 62
50208 63
50233 62
50256 61
50262 62
50282 61
50293 62
50297 63
50302 64
50306 63
50314 62
50337 61
50343 62
50349 61
50405 60
50445 59
50457 58
50478 57
50509 58
50513 59
50525 58
50535 59
50540 60
50545 61
50650 62
50651 63
50652 62
50728 63
50728 64
50755 65
50777 64
50824 65
50857 66
50871 65
50895 66
50916 65
50925 66
50942 65
50988 64
51056 65
51058 64
51072 63
51099 64
51136 63
51147 64
51181 65
51187 66
51187 67
51194 68
51195 69
51201 70
51211 69
51215 68
51228 69
51304 68
51322 67
51341 66
51384 65
51444 66
51525 65
51601 64
51614 65
51617 64
51624 63
51636 64
51643 65
51650 66
51692 65
51764 64
51796 65
51809 64
51840 65
51844 66
51848 67
51864 66
51881 67
51903 68
51924 67
51958 68
52038 69
52048 70
52062 69
52073 70
52086 71
52108 70
52245 69
52251 70
52252 71
52278 70
52316 69
52396 68
52401 67
52419 68
52428 67
52472 68
52535 67
52536 66
52540 67
52594 66
52615 65
52664 66
52664 67
52693 66
52707 67
52760 66
52768 65
52851 64
52940 65
52940 66
52954 66
52989 65
53006 64
53008 63
53111 64
53126 63
53159 62
53185 63
53198 64
53200 65
53214 66
53222 65
53234 66
53246 65
53288 64
53340 65
53350 64
53470 63
53489 64
53492 65
53533 64
53540 63
53580 64
53612 65
53615 64
53617 65
53626 64
53626 65
53702 66
53741 65
53777 66
53804 67
53832 68
53835 67
53881 66
53903 67
53921 66
53922 65
53931 64
53935 63
53945 64
53996 65
54010 66
54019 67
54053 66
54064 67
54065 68
54067 67
54079 66
54088 65
54098 64
54136 63
54218 64
54222 63
54227 64
54304 65
54328 66
54331 65
54345 64
54360 63
54395 64
54401 63
54403 64
54432 63
54456 64
54567 63
54568 62
54569 61
54614 62
54622 61
54656 62
54664 61
54699 62
54704 61
54713 60
54751 61
54764 60
54790 61
54808 62
54816 61
54825 60
54825 59
54861 58
54864 59
54868 60
54909 61
54912 60
54938 61
54952 62
54992 61
54999 62
55020 61
55031 60
55056 61
55103 60
55105 59
55115 58
55204 59
55287 60
55291 61
55301 62
55320 62
55348 63
55350 64
55354 65
55355 66
55389 65
55403 64
55406 65
55472 64
55508 65
55540 64
55544 65
55577 66
55596 67
55618 68
55638 67
55715 68
55764 67
55766 66
55769 65
55783 66
55806 67
55815 66
55842 65
55891 66
55916 65
56039 64
56044 65
56069 66
56071 65
56073 66
56121 67
56184 68
56186 69
56192 68
56245 67
56299 68
56302 67
56321 66
56380 65
56488 64
56545 65
56552 64
56580 65
56592 66
56632 67
56679 66
56706 67
56742 68
56744 69
56752 68
56843 69
56880 68
56958 67
56997 66
57032 67
57086 66
57091 65
57148 66
57153 67
57154 68
57245 69
57250 70
57292 71
57363 70
57393 71
57421 70
57485 71
57545 72
57551 71
57558 70
57613 69
57618 70
57641 69
57660 68
57662 69
57664 68
57665 67
57667 66
57675 65
57684 64
57692 65
57696 66
57703 65
57784 66
57827 67
57837 66
57910 65
57923 66
57959 65
57962 64
57975 63
58012 62
58038 63
58061 64
58074 65
58084 64
58087 63
58093 64
58095 63
58152 62
58164 61
58182 62
58184 63
58278 62
58279 61
58304 60
58345 61
58356 60
58371 59
58404 60
58453 61
58496 62
58505 63
58512 64
58532 63
58561 62
58602 61
58680 62
58692 63
58728 62
58728 61
58729 62
58732 63
58735 62
58738 61
58741 60
58872 61
58912 62
58923 63
58923 64
58955 65
58955 66
58980 67
59015 66
59044 67
59083 66
59090 67
59098 66
59117 65
59174 64
59208 63
59222 62
59264 61
59281 62
59296 63
59310 64
59380 65
59381 66
59390 67
59400 66
59404 65
59458 64
59465 63
59470 62
59473 61
59486 60
59492 61
59493 62
59550 61
59553 62
59604 61
59629 62
59640 61
59687 60
59708 61
59709 62
59716 61
59778 60
59813 61
59814 62
59818 63
59856 62
59880 61
59899 60
59923 61
59954 60
59966 61
59972 62
60011 61
60013 60
60037 60
60088 59
60089 58
60111 59
60150 60
60161 61
60293 62
60328 63
60387 62
60420 63
60439 64
60443 65
60456 64
60461 65
60472 64
60521 65
60580 64
60585 63
60616 64
60629 65
60629 66
60673 65
60740 66
60791 67
60828 68
60874 69
60876 70
60881 71
60899 70
61000 71
61020 70
61042 69
61045 68
61049 67
61074 66
61075 65
61091 64
61104 65
61232 66
61260 67
61326 66
61391 65
61404 64
61415 63
61445 62
61489 63
61515 64
61517 65
61524 66
61564 67
61639 66
61648 67
61688 68
61692 69
61699 70
61700 71
61741 72
61748 71
61759 70
61788 69
61794 68
61809 67
61843 68
61918 69
61934 68
61940 69
61956 70
61957 69
62024 68
62064 67
62075 66
62095 65
62101 66
62146 65
62148 64
62168 65
62190 66
62240 65
62256 64
62313 63
62364 64
62434 63
62439 62
62440 61
62441 60
62449 59
62465 60
62524 61
62525 62
62532 61
62552 62
62557 63
62564 64
62570 65
62618 64
62655 65
62792 66
62794 67
62857 68
62860 69
62901 68
62901 67
62928 66
62959 67
62970 68
62983 67
62984 66
62991 65
63052 64
63079 65
63088 66
63091 67
63124 66
63280 65
63302 64
63317 63
63318 62
63319 61
63379 62
63412 61
63415 60
63425 59
63485 60
63488 61
63495 62
63529 61
63543 60
63547 59
63568 60
63571 61
63604 60
63615 61
63664 60
63673 59
63713 60
63720 59
63739 58
63746 57
63748 58
63748 59
63785 60
63796 59
63828 60
63842 59
63862 60
63891 61
63897 62
63911 63
63952 62
63968 63
63969 64
63974 65
63999 66
64099 67
64160 66
64168 67
64171 66
64180 65
64187 66
64212 67
64217 68
64227 69
64295 68
64300 67
64303 66
64372 65
64380 66
64452 67
64456 66
64463 65
64466 66
64517 65
64535 66
64537 67
64542 68
64578 67
64648 66
64652 67
64666 66
64697 65
64716 64
64768 63
64837 62
64914 63
64916 64
64968 64
64981 63
64985 64
64987 63
65012 64
65018 65
65024 66
65031 65
65079 64
65115 63
65134 64
65148 65
65156 64
65163 65
65200 66
65222 67
65326 68
65349 67
65386 68
65404 67
65430 68
65456 67
65479 68
65499 67
65527 66
65548 67
65640 68
65664 67
65716 66
65772 65
65788 64
65793 65
65800 64
65803 63
65832 64
65832 65
65838 64
65884 63
65907 64
65947 63
65965 62
65971 63
66040 64
66142 63
66143 62
66144 61
66145 62
66152 63
66218 64
66232 65
66241 64
66260 65
66290 64
66300 65
66360 66
66371 67
66372 68
66372 69
66380 70
66405 69
66433 68
66457 69
66554 68
66607 67
66644 66
66646 65
66681 64
66727 65
66750 64
66760 63
66768 64
66803 63
66824 64
66842 63
66844 62
66848 63
66858 62
66862 63
66930 62
66992 63
66994 64
67012 63
67037 64
67061 63
67073 64
67094 63
67104 62
67152 61
67200 62
67201 63
67247 64
67248 65
67249 66
67250 67
67372 68
67402 67
67413 68
67428 67
67455 66
67457 65
67496 66
67509 67
67593 68
67630 67
67652 66
67663 65
67666 66
67718 67
67814 66
67853 67
67853 68
67858 69
67908 70
67912 71
67914 71
67925 72
67926 71
67968 70
67999 69
68010 68
68011 67
68019 66
68055 65
68080 64
68087 63
68104 62
68121 63
68250 64
68251 65
68264 66
68272 65
68311 64
68332 65
68355 64
68369 63
68382 62
68396 61
68407 60
68410 59
68411 58
68415 59
68418 60
68436 59
68525 58
68525 59
68531 60
68540 61
68617 62
68630 63
68648 64
68678 63
68710 62
68725 63
68760 64
68804 65
68817 66
68821 65
68827 66
68836 65
68964 66
68978 67
68993 68
69032 67
69068 66
69137 65
69164 64
69178 63
69187 64
69206 63
69219 62
69224 63
69251 64
69252 65
69260 66
69267 67
69283 68
69284 67
69343 66
69385 65
69432 66
69453 65
69480 64
69508 63
69514 64
69608 65
69616 64
69654 63
69658 62
69666 61
69670 62
69714 61
69816 62
69861 61
69863 60
69925 61
69949 60
69955 59
69964 58
69987 59
69994 60
70008 61
70034 62
70064 63
70094 64
70125 65
70128 66
70163 67
70172 67
70189 68
70190 69
70190 70
70312 69
70340 70
70341 71
70355 70
70394 69
70433 70
70469 69
70553 68
70592 67
70601 66
70647 65
70670 64
70685 65
70688 66
70718 67
70787 66
70793 67
70794 68
70800 67
70801 66
70825 67
70829 68
70934 67
70942 68
70945 69
71032 70
71072 71
71099 70
71137 69
71139 68
71164 67
71166 68
71171 69
71172 68
71243 69
71244 68
71257 69
71257 68
71269 67
71355 66
71360 65
71387 64
71417 63
71420 62
71456 63
71459 64
71462 64
71593 65
71600 66
71605 67
71613 66
71622 65
71656 64
71672 65
71710 64
71714 63
71715 62
71720 63
71759 62
71771 61
71772 60
71775 59
71788 58
71801 57
71834 56
71853 57
71874 58
71883 57
71897 58
71905 59
71934 60
71944 61
71952 60
72048 61
72088 60
72104 59
72134 60
72136 61
72162 62
72190 63
72192 64
72232 65
72248 66
72250 65
72278 64
72335 63
72363 64
72380 63
72391 64
72400 63
72412 64
72496 65
72530 64
72546 63
72551 62
72592 63
72600 62
72628 61
72658 62
72668 63
72707 62
72758 63
72798 64
72837 65
72849 66
72871 67
72872 66
72924 65
72969 64
73028 65
73057 64
73070 65
73111 66
73116 67
73127 66
73162 65
73171 64
73183 63
73224 64
73245 63
73269 64
73273 65
73361 64
73383 63
73400 64
73451 65
73551 66
73572 65
73607 66
73608 67
73632 68
73633 69
73708 68
73719 69
73729 70
73747 69
73766 68
73797 69
73805 70
73868 71
73950 72
74012 71
74027 72
74056 73
74160 72
74180 71
74205 70
74212 71
74258 72
74282 73
74329 72
74340 71
74358 70
74432 71
74448 70
74468 69
74488 69
74506 70
74553 69
74616 68
74643 67
74692 68
74746 69
74789 70
74801 71
74846 70
74876 69
74908 68
74961 69
74973 68
75013 69
75014 70
75016 71
75032 70
75032 69
75040 68
75068 67
75096 66
75102 65
75186 64
75192 63
75212 64
75275 65
75296 66
75387 67
75412 66
75413 65
75424 64
75425 63
75428 62
75441 61
75468 60
75479 59
75479 58
75497 57
75514 58
75516 57
75525 56
75525 57
75580 58
75584 59
75591 58
75632 57
75641 56
75673 55
75736 56
75792 55
75846 54
75860 55
75909 56
75930 57
75939 58
75983 57
75996 58
76026 59
76036 60
76055 61
76056 62
76091 63
76093 64
76093 65
76132 64
76157 63
76184 64
76270 65
76278 66
76280 65
76284 66
76291 65
76304 64
76323 63
76346 64
76371 65
76459 66
76482 65
76497 66
76502 67
76524 66
76532 67
76656 66
76665 65
76673 66
76752 67
76753 68
76755 69
76765 70
76768 69
76769 68
76814 69
76831 68
76861 69
76873 68
76891 67
76902 66
76990 67
77024 66
77040 67
77069 66
77092 65
77137 64
77144 65
77151 65
77178 64
77178 63
77187 62
77203 61
77245 62
77282 61
77309 60
77312 61
77319 62
77333 61
77343 62
77391 61
77436 62
77436 63
77443 62
77492 63
77547 64
77617 65
77626 66
77650 65
77704 66
77763 65
77823 66
77842 67
77871 66
77916 65
77994 64
78048 63
78075 64
78077 63
78104 62
78143 63
78146 64
78150 65
78177 64
78246 65
78257 64
78324 63
78331 64
78332 65
78334 66
78339 65
78370 64
78377 65
78379 66
78400 67
78438 66
78457 65
78480 66
78487 67
78538 68
78554 67
78557 66
78621 65
78628 64
78633 65
78633 66
78698 67
78735 66
78745 65
78749 64
78756 63
78760 64
78776 63
78790 64
78822 63
78895 62
78899 61
78901 60
78923 59
78925 58
78949 59
78949 60
78986 61
78996 60
79043 61
79059 62
79065 61
79093 60
79124 59
79128 58
79132 59
79149 58
79183 57
79195 58
79201 57
79215 56
79306 55
79325 54
79349 55
79361 56
79372 55
79377 56
79386 57
79395 58
79471 59
79474 60
79495 59
79511 60
79533 59
79608 60
79628 61
79657 60
79665 59
79710 58
79732 59
79742 60
79753 59
79773 60
79834 61
79869 62
79891 63
79894 64
79896 65
79896 66
79930 65
80041 66
80060 67
80061 66
80106 65
80129 66
80140 65
80168 66
80183 65
80201 66
80305 65
80323 66
80324 65
80331 66
80438 65
80445 66
80445 67
80453 66
80453 65
80577 64
80585 65
80657 66
80684 65
80724 66
80744 65
80749 66
80753 65
80800 64
80822 63
80892 62
80909 61
80913 62
80934 63
80960 64
81026 63
81035 64
81049 65
81168 66
81171 67
81173 68
81175 67
81177 68
81192 67
81193 66
81202 65
81218 66
81276 67
81293 66
81320 67
81381 68
81386 69
81388 68
81444 69
81448 68
81491 69
81505 68
81513 69
81585 68
81601 69
81601 70
81602 71
81605 72
81637 71
81647 70
81709 71
81814 70
81843 69
81878 68
81882 67
81934 68
82021 67
82074 66
82081 65
82088 66
82105 65
82105 64
82137 65
82165 64
82189 65
82189 66
82193 67
82196 68
82198 69
82291 68
82305 67
82374 66
82382 65
82383 64
82405 63
82448 62
82463 63
82465 64
82467 65
82485 64
82513 63
82519 62
82520 63
82523 64
82524 65
82569 64
82586 65
82590 66
82599 67
82603 66
82613 65
82641 64
82662 63
82727 62
82773 61
82816 60
82826 59
82830 58
82839 57
82857 56
82887 55
82905 56
82908 57
82913 56
82929 57
82937 56
82958 57
82988 58
83000 57
83001 58
83004 57
83013 58
83021 57
83076 58
83156 57
83192 56
83198 55
83205 56
83205 55
83220 56
83253 55
83298 56
83378 57
83389 56
83395 57
83410 58
83413 59
83431 58
83468 59
83469 60
83473 59
83473 58
83473 59
83483 60
83509 61
83565 62
83602 63
83639 64
83661 65
83813 66
83819 65
83834 66
83853 67
83899 66
83921 67
83977 68
83982 67
84014 66
84084 67
84109 66
84118 65
84166 66
84213 67
84241 66
84264 67
84286 68
84296 67
84421 66
84428 67
84450 68
84467 67
84537 66
84541 65
84556 64
84591 63
84636 62
84658 61
84663 62
84709 63
84768 62
84769 61
84771 60
84779 61
84801 62
84813 63
84827 64
84829 65
84837 64
84880 63
84894 64
84929 63
84990 64
84990 65
85093 66
85101 67
85168 68
85168 69
85170 68
85173 67
85174 68
85174 67
85180 66
85180 65
85181 65
85181 64
85182 63
85184 62
85185 62
85187 61
85188 61
85188 60
85203 59
85205 58
85263 59
85273 60
85311 61
85318 62
85342 61
85357 60
85502 59
85534 58
85534 57
85535 58
85536 58
85542 57
85547 56
85548 56
85550 56
85551 55
85551 55
85587 54
85611 55
85625 56
85678 57
85685 57
85691 57
85691 57
85694 57
85694 57
85697 57
85722 57
85722 57
85723 56
85725 55
85727 54
85770 53
85809 52
85821 53
85826 53
85826 53
85826 53
85829 52
85834 51
85834 51
85837 50
85837 49
85839 49
85859 50
85890 49
85897 50
85933 49
85933 48
85933 47
85933 47
85933 47
85934 48
85944 49
86007 50
86014 50
86023 51
86024 50
86033 51
86037 52
86041 52
86042 51
86044 51
86044 50
86047 49
86047 49
86047 48
86047 49
86050 48
86053 47
86055 46
86057 46
86060 46
86062 46
86104 47
86112 48
86115 47
86120 46
86127 45
86133 46
86145 47
86154 47
86171 48
86185 49
86193 48
86198 48
86198 47
86203 47
86204 47
86278 48
86282 49
86286 48
86290 47
86305 46
86305 45
86305 44
86312 43
86328 44
86367 43
86413 43
86413 42
86414 41
86415 41
86423 40
86423 40
86430 41
86431 40
86433 41
86436 41
86441 40
86441 39
86441 39
86442 38
86461 39
86469 38
86477 37
86481 36
86494 35
86494 35
86501 34
86501 35
86502 35
86502 34
86517 35
86525 35
86525 34
86525 34
86525 33
86525 32
86526 31
86532 30
86532 29
86532 29
86548 29
86552 29
86554 28
86554 29
86558 28
86561 27
86574 28
86577 29
86584 29
86585 30
86585 29
86585 29
86587 28
86594 27
86639 28
86643 28
86650 29
86668 29
86681 30
86698 31
86702 30
86707 30
86709 31
86757 32
86758 33
86765 33
86789 32
86791 32
86814 33
86845 34
86845 35
86853 34
86872 35
86873 36
86874 37
86876 38
86881 37
86883 37
86886 36
86886 35
86886 34
86890 33
86903 34
86905 35
86907 36
86909 35
86909 35
86909 35
86909 34
86909 33
86909 33
86909 32
86922 32
86941 33
86955 34
86955 35
86961 34
86962 35
86969 35
86972 35
86972 34
86973 33
86975 32
87011 33
87023 32
87024 31
87028 30
87031 29
87031 28
87033 28
87033 27
87033 27
87036 26
87040 26
87043 25
87056 26
87061 26
87061 25
87061 25
87079 24
87083 25
87083 26
87086 25
87088 24
87133 25
87133 26
87136 27
87141 26
87143 26
87152 26
87156 25
87186 26
87195 27
87195 26
87204 26
87245 27
87251 26
87264 25
87267 26
87268 27
87269 26
87272 26
87274 27
87277 26
87282 25
87282 25
87282 25
87282 25
87282 24
87295 25
87295 25
87296 25
87302 26
87307 27
87313 28
87345 28
87345 28
87345 27
87348 28
87350 28
87353 27
87357 27
87359 27
87397 28
87401 27
87405 26
87418 27
87418 28
87425 29
87462 30
87462 31
87463 32
87469 31
87469 32
87474 33
87474 34
87483 35
87493 36
87506 37
87506 38
87512 39
87513 39
87513 38
87513 38
87513 38
87521 37
87523 36
87525 37
87570 38
87588 39
87591 38
87593 37
87608 36
87620 37
87625 38
87669 39
87685 40
87692 41
87730 42
87748 43
87757 42
87764 41
87775 42
87783 41
87788 42
87796 43
87821 44
87829 44
87829 43
87847 42
87848 43
87863 44
87870 45
87873 46
87889 47
87901 48
87901 49
87904 48
87909 48
87909 47
87938 46
87957 45
87973 46
87973 47
87973 48
87973 49
87985 50
87993 51
88015 50
88018 51
88053 52
88066 53
88076 54
88079 55
88083 54
88085 55
88087 54
88093 55
88111 56
88122 57
88133 58
88134 59
88161 60
88202 61
88233 62
88253 63
88270 64
88289 65
88289 64
88344 65
88361 64
88377 65
88412 64
88425 65
88440 65
88469 66
88476 67
88481 66
88493 67
88493 68
88493 69
88582 70
88584 71
88601 70
88609 69
88695 70
88709 69
88713 70
88753 71
88753 72
88829 71
88837 70
88913 69
88913 68
88982 67
89019 68
89037 67
89038 68
89109 69
89137 70
89140 69
89182 70
89191 71
89220 70
89369 71
89393 70
89520 71
89525 70
89563 69
89577 70
89659 71
89661 72
89672 71
89741 72
89842 73
89889 72
90002 73
90013 74
90037 73
90114 72
90148 71
90172 70
90209 71
90274 70
90282 71
90317 72
90345 73
90348 72
90351 71
90388 72
90399 73
90423 72
90438 73
90446 72
90488 71
90523 70
90525 69
90578 68
90646 67
90654 66
90661 67
90713 66
90745 65
90747 64
90761 63
90833 62
90861 61
90916 60
90980 61
90982 62
91013 61
91015 60
91051 59
91056 58
91065 57
91101 58
91169 59
91171 58
91193 59
91193 60
91197 61
91201 60
91213 61
91225 60
91228 59
91237 60
91257 61
91348 60
91365 61
91369 60
91385 59
91406 60
91415 61
91440 60
91469 61
91482 62
91495 61
91601 60
91633 59
91634 60
91637 61
91685 62
91690 63
91704 62
91765 63
91797 62
91804 61
91833 60
91843 61
91849 62
91915 63
92015 64
92016 65
92022 64
92029 63
92082 62
92111 61
92116 62
92116 63
92123 64
92130 63
92130 64
92185 65
92218 64
92266 65
92288 64
92343 63
92370 62
92397 63
92449 64
92492 63
92493 62
92605 61
92673 60
92689 59
92709 60
92713 59
92715 60
92721 61
92722 62
92723 63
92727 64
92733 65
92770 64
92871 63
92881 62
92881 61
92898 62
92906 63
92969 64
92976 65
92997 66
93037 67
93054 66
93119 67
93136 68
93148 69
93153 68
93153 67
93157 66
93164 67
93173 68
93184 67
93188 68
93211 67
93216 66
93261 65
93351 66
93352 67
93365 68
93369 69
93383 68
93421 69
93502 68
93561 69
93563 70
93618 69
93622 68
93634 67
93644 68
93648 67
93705 68
93781 69
93789 70
93795 69
93812 68
93818 67
93819 68
93873 67
93888 66
93894 65
93945 66
93997 67
94053 68
94057 67
94082 66
94155 65
94189 66
94281 65
94285 66
94290 67
94351 66
94357 67
94389 66
94397 67
94401 68
94422 67
94464 66
94477 67
94486 66
94515 65
94525 64
94541 63
94634 62
94635 61
94637 60
94645 59
94722 58
94737 57
94740 58
94747 57
94767 56
94774 55
94774 56
94787 55
94819 56
94834 55
94843 56
94885 55
94903 56
94911 55
94912 54
94978 53
95020 54
95055 55
95069 56
95071 57
95140 58
95143 57
95155 58
95156 59
95160 60
95163 61
95257 62
95259 63
95281 62
95302 63
95327 64
95337 65
95363 64
95409 65
95413 66
95429 67
95438 66
95451 67
95548 66
95560 67
95573 66
95577 67
95670 66
95681 65
95686 66
95687 67
95690 66
95701 67
95707 68
95774 69
95777 68
95831 67
95834 68
95894 67
95958 66
96005 67
96019 66
96024 65
96032 64
96075 65
96079 64
96081 65
96081 64
96102 63
96109 62
96145 61
96160 60
96197 61
96265 62
96312 63
96318 64
96325 63
96381 62
96407 61
96457 62
96457 63
96457 64
96469 65
96557 64
96561 63
96585 62
96598 63
96606 64
96614 65
96624 64
96657 65
96670 66
96725 65
96730 66
96738 65
96741 66
96745 67
96771 68
96771 69
96780 70
96792 69
96801 70
96809 69
96864 70
96877 69
96894 68
96930 67
96931 66
96934 65
96958 66
96971 65
96979 64
97050 63
97076 64
97092 63
97150 64
97177 63
97225 64
97226 65
97255 66
97258 67
97324 66
97347 65
97368 66
97369 65
97394 66
97481 65
97529 66
97531 67
97534 68
97619 67
97657 68
97841 69
97864 68
97919 67
97952 68
97965 67
97981 66
97996 65
98037 66
98050 67
98055 66
98056 65
98064 64
98108 65
98123 64
98124 65
98125 64
98127 65
98131 64
98192 63
98220 62
98240 61
98249 60
98267 61
98295 62
98309 63
98313 64
98345 63
98377 64
98388 65
98389 66
98395 67
98413 66
98425 65
98461 66
98536 67
98537 66
98543 67
98562 66
98607 65
98618 64
98669 65
98689 64
98697 65
98761 64
98818 65
98824 64
98851 63
98873 64
98875 65
98953 64
99030 65
99035 66
99060 65
99090 64
99161 65
99164 64
99240 65
99243 66
99265 65
99412 64
99414 65
99435 64
99440 65
99457 64
99479 65
99505 66
99550 65
99573 66
99629 67
99632 68
99640 69
99708 70
99713 71
99724 70
99798 69
99817 68
99918 67
99925 66
99945 67
99968 68
100044 69
100050 70
100089 69
100119 70
100216 71
100225 70
100269 71
100289 70
100384 71
100400 70
100420 69
100424 68
100425 67
100433 66
100484 67
100484 66
100502 67
100512 66
100558 65
100570 66
100597 65
100630 66
100655 65
100686 66
100690 66
100729 65
100733 64
100736 63
100749 62
100760 61
100793 60
100801 59
100817 58
100862 59
100865 60
100897 61
100941 60
101031 59
101031 58
101045 59
101082 60
101093 61
101105 60
101122 59
101245 60
101289 61
101298 60
101361 61
101467 62
101479 63
101488 62
101497 63
101497 64
101521 65
101524 66
101554 67
101589 66
101649 67
101655 68
101656 69
101661 68
101680 69
101682 70
101694 69
101695 68
101774 67
101840 66
101867 65
101911 64
101921 65
101929 64
101941 63
101985 62
102001 63
102053 62
102082 63
102090 64
102093 65
102095 64
102121 65
102128 64
102133 63
102133 64
102153 63
102169 64
102257 63
102265 64
102271 63
102357 62
102377 63
102389 64
102435 63
102460 62
102522 63
102539 62
102575 63
102609 64
102617 65
102648 66
102649 67
102786 66
102794 65
102798 64
102806 63
102810 64
102877 63
102889 62
102931 63
103064 64
103068 65
103069 64
103119 63
103134 64
103144 65
103185 64
103187 65
103187 64
103212 65
103241 66
103283 67
103289 68
103316 67
103534 68
103541 69
103555 68
103561 67
103569 68
103594 67
103607 68
103709 67
103723 68
103789 69
103809 68
103837 67
103949 66
103968 67
104001 66
104003 65
104056 66
104081 67
104085 68
104141 67
104157 68
104196 69
104210 68
104214 69
104253 68
104261 69
104293 68
104294 69
104305 68
104330 67
104376 66
104393 67
104394 68
104401 67
104432 66
104442 65
104469 64
104470 63
104477 62
104496 61
104510 60
104515 59
104537 58
104601 59
104650 58
104654 59
104686 60
104715 61
104738 60
104809 61
104814 60
104871 61
104908 60
104911 61
104932 60
104945 61
104972 62
104981 63
105053 64
105063 65
105162 66
105240 67
105242 68
105252 67
105297 66
105358 67
105362 68
105367 69
105391 68
105437 69
105476 68
105481 69
105507 68
105517 67
105547 66
105549 65
105622 64
105629 65
105645 66
105645 65
105658 64
105725 65
105761 64
105800 63
105810 64
105857 63
105861 62
105890 61
105893 60
105960 59
105985 60
105990 61
106134 62
106173 61
106220 62
106231 61
106237 62
106241 61
106247 62
106277 63
106280 64
106325 65
106397 66
106408 67
106469 68
106509 69
106535 68
106557 69
106577 68
106580 69
106595 70
106602 69
106621 68
106672 69
106685 68
106699 69
106706 68
106728 67
106794 68
106797 69
106803 68
106805 67
106822 66
106875 65
106896 66
106933 65
106991 66
107109 65
107111 64
107141 65
107258 64
107273 65
107308 66
107310 67
107312 68
107314 67
107315 68
107329 67
107350 68
107373 69
107394 70
107395 71
107395 72
107421 71
107428 70
107436 71
107468 70
107517 69
107545 68
107545 67
107593 68
107641 67
107649 68
107728 67
107765 66
107786 65
107789 66
107819 65
107840 64
107841 63
107849 62
107925 63
108032 64
108041 63
108096 62
108102 61
108104 62
108133 63
108134 62
108149 61
108157 62
108158 63
108164 62
108165 61
108169 62
108177 61
108179 60
108202 59
108215 58
108217 57
108217 56
108227 57
108246 58
108303 57
108349 58
108349 59
108357 58
108361 59
108370 60
108372 61
108418 62
108445 63
108445 64
108453 63
108508 64
108571 63
108574 62
108623 63
108631 62
108634 63
108666 64
108702 65
108731 64
108747 63
108749 64
108761 65
108773 66
108782 67
108865 66
108891 65
108902 64
108903 63
108921 64
108938 65
108948 64
108988 65
109017 64
109048 63
109050 62
109051 63
109054 62
109054 61
109065 62
109071 63
109076 64
109133 65
109179 64
109225 65
109232 66
109261 65
109279 64
109287 63
109289 62
109292 61
109352 62
109353 63
109393 64
109396 63
109452 64
109469 63
109569 62
109590 61
109593 60
109611 61
109633 62
109663 61
109785 60
109789 61
109798 60
109834 61
109840 62
109904 61
109935 60
109935 61
109997 62
110050 63
110052 64
110057 65
110065 66
110133 67
110214 68
110225 67
110249 66
110260 67
110285 68
110288 69
110290 70
110315 69
110361 68
110480 67
110532 66
110561 67
110569 66
110586 65
110627 64
110633 63
110654 64
110657 63
110701 64
110702 64
110705 63
110706 64
110857 65
110857 66
110857 67
110859 68
110860 69
110957 70
110977 71
111046 72
111061 71
111133 72
111150 71
111152 70
111231 69
111253 68
111302 67
111303 66
111305 65
111338 64
111340 63
111343 62
111343 63
111343 62
111376 63
111399 62
111475 63
111479 64
111509 65
111515 64
111553 63
111576 64
111630 65
111636 64
111646 63
111709 62
111731 63
111731 64
111797 65
111805 64
111858 63
111867 64
111869 65
111869 64
111884 63
111889 62
111896 63
111901 62
111911 61
111918 60
111921 61
111924 60
111973 61
111990 60
112059 61
112208 62
112257 61
112281 62
112281 63
112283 62
112283 63
112285 62
112297 61
112311 60
112352 59
112357 60
112358 59
112359 59
112370 60
112384 61
112453 60
112458 59
112469 60
112469 61
112561 62
112565 63
112594 64
112595 65
112599 64
112599 65
112643 66
112660 65
112669 64
112703 65
112710 66
112712 67
112717 68
112729 67
112795 66
112818 65
112824 66
112865 67
112873 66
112879 67
112935 68
112936 67
112948 66
112957 65
112997 64
112997 63
113103 62
113141 63
113141 64
113150 65
113174 64
113175 65
113306 64
113358 63
113360 64
113365 63
113367 62
113368 63
113392 62
113392 61
113452 60
113507 59
113511 58
113527 59
113530 60
113534 61
113583 62
113621 63
113631 64
113648 65
113674 66
113677 65
113762 66
113770 65
113839 64
113845 63
113881 62
113888 63
113915 62
113935 63
113939 64
113943 63
113969 62
114009 63
114081 62
114094 61
114157 62
114161 63
114189 62
114223 63
114224 64
114236 63
114285 62
114287 61
114299 62
114301 63
114369 62
114461 63
114465 62
114470 63
114473 64
114480 65
114541 66
114601 67
114606 68
114620 67
114621 66
114649 67
114655 66
114687 67
114716 66
114718 67
114773 68
114855 67
114857 68
114878 69
114878 68
114887 67
114916 66
114916 65
114962 64
114967 65
115023 64
115039 63
115084 62
115086 63
115089 64
115099 65
115110 66
115124 67
115128 66
115151 65
115159 64
115178 65
115201 66
115211 65
115257 64
115261 63
115284 64
115292 63
115306 62
115409 63
115423 62
115431 61
115442 62
115469 61
115501 62
115540 61
115577 60
115602 61
115608 62
115616 61
115621 60
115622 59
115625 60
115629 61
115662 60
115668 59
115737 60
115737 61
115749 62
115749 63
115757 62
115758 61
115857 60
115898 61
115913 62
115988 61
115990 60
115991 59
116048 58
116050 57
116052 58
116056 59
116065 60
116069 61
116104 62
116153 61
116161 62
116161 63
116169 64
116182 65
116197 64
116223 63
116224 64
116266 65
116285 64
116326 63
116376 62
116378 63
116400 64
116405 65
116430 66
116473 67
116476 68
116502 67
116503 66
116514 65
116516 64
116529 65
116545 64
116603 63
116607 64
116621 63
116621 62
116650 63
116681 64
116697 65
116717 64
116784 65
116785 64
116875 63
116961 64
116962 63
116973 62
116995 63
116997 64
117041 65
117073 66
117105 65
117160 64
117168 65
117225 64
117229 65
117241 64
117242 63
117297 64
117313 65
117369 66
117386 65
117410 66
117455 65
117522 64
117527 65
117570 66
117622 65
117625 64
117679 65
117713 66
117738 65
117821 66
117821 67
117881 68
117897 67
117939 68
117941 67
117981 68
117999 67
118009 66
118021 65
118069 66
118071 67
118077 66
118078 65
118125 66
118135 67
118157 66
118224 65
118290 66
118322 67
118346 66
118385 67
118432 68
118460 67
118516 66
118517 65
118530 64
118577 65
118587 66
118728 65
118744 64
118748 63
118754 62
118755 63
118828 62
118837 63
118851 64
118879 65
118967 66
118969 65
119045 66
119112 65
119175 64
119193 65
119209 66
119221 67
119233 66
119247 65
119293 66
119321 67
119327 68
119335 67
119339 66
119391 65
119441 66
119441 67
119519 68
119539 69
119539 70
119562 69
119620 68
119626 67
119639 66
119655 67
119655 68
119674 69
119684 70
119811 69
119817 68
119842 69
119850 68
119864 69
119905 68
119957 67
120004 66
120008 65
120041 64
120057 63
120082 62
120088 63
120090 64
120099 65
120114 64
120129 65
120135 64
120186 63
120193 62
120211 63
120225 62
120225 61
120243 62
120274 63
120292 64
120296 65
120353 66
120389 67
120403 68
120411 69
120493 68
120499 67
120565 68
120569 67
120589 66
120681 65
120691 66
120693 67
120693 68
120703 67
120725 68
120729 67
120741 66
120753 65
120893 66
120926 67
120939 66
120944 65
120959 64
120971 65
120972 66
120975 65
121069 64
121117 65
121153 64
121161 65
121218 64
121297 65
121297 66
121312 67
121313 68
121329 67
121329 66
121540 67
121545 68
121557 69
121563 70
121569 69
121710 68
121717 67
121724 68
121725 69
121741 68
121757 67
121783 66
121820 65
121838 64
121909 63
121952 62
121958 63
121963 64
121970 65
122010 66
122071 65
122133 64
122133 65
122154 64
122158 65
122202 65
122244 64
122273 65
122282 66
122282 65
122314 64
122331 65
122396 64
122399 65
122409 66
122433 65
122443 64
122444 63
122468 62
122496 61
122531 60
122533 61
122533 62
122617 63
122696 62
122696 63
122719 62
122937 61
122937 62
122937 61
122973 62
122995 63
123026 64
123040 65
123078 64
123078 63
123080 64
123098 65
123149 66
123221 67
123254 66
123287 65
123294 64
123320 63
123329 64
123333 63
123356 64
123357 65
123358 66
123365 65
123491 64
123493 65
123493 66
123501 65
123523 64
123568 65
123574 64
123578 65
123604 66
123609 65
123612 66
123625 65
123746 66
123751 67
123751 68
123754 69
123768 68
123854 67
123865 66
123896 65
123904 66
123914 65
123925 64
123934 63
124010 62
124017 63
124025 62
124036 63
124132 64
124154 65
124165 64
124174 63
124192 62
124204 61
124314 60
124340 61
124412 60
124456 59
124520 60
124527 59
124533 58
124546 59
124550 60
124618 61
124654 62
124661 61
124842 62
124869 63
124869 64
124914 63
124927 64
124954 63
124957 64
124989 63
124995 64
125011 63
125017 64
125021 65
125037 64
125041 65
125053 66
125054 65
125076 64
125105 65
125148 66
125263 67
125301 66
125373 67
125385 66
125388 67
125405 68
125422 67
125425 66
125457 67
125471 68
125485 69
125490 68
125557 67
125561 68
125663 67
125683 68
125705 69
125754 68
125779 67
125854 68
125857 69
125858 70
125878 69
125922 70
125925 71
125982 70
126012 71
126041 70
126050 69
126072 68
126138 67
126146 66
126159 65
126167 64
126169 63
126281 62
126288 61
126312 60
126315 59
126326 60
126431 61
126443 60
126444 61
126444 60
126454 59
126461 60
126466 61
126524 60
126583 61
126584 62
126595 63
126650 62
126680 63
126681 64
126682 65
126682 66
126686 67
126687 68
126740 69
126781 68
126784 67
126814 68
126880 67
127001 66
127005 65
127005 66
127009 65
127025 64
127034 63
127045 62
127051 61
127076 62
127091 63
127091 64
127097 65
127109 64
127111 63
127152 62
127160 61
127213 62
127221 61
127228 60
127270 61
127272 62
127283 63
127297 64
127333 63
127348 64
127416 65
127438 66
127448 67
127489 68
127497 67
127506 68
127524 67
127563 66
127594 67
127633 66
127648 65
127649 64
127649 63
127649 62
127653 63
127653 62
127661 61
127724 62
127728 63
127737 64
127749 63
127750 62
127761 61
127762 62
127764 61
127765 62
127910 61
127980 62
127989 63
127995 64
128042 65
128043 66
128107 65
128127 64
128168 65
128201 64
128305 65
128345 66
128349 65
128362 64
128370 65
128411 64
128424 65
128436 64
128485 63
128486 62
128514 63
128573 64
128574 65
128575 66
128577 67
128600 66
128665 65
128685 66
128698 65
128699 64
128706 65
128808 66
128810 67
128814 68
128841 67
128845 66
128845 65
128875 66
128880 67
129001 68
129054 67
129095 68
129129 67
129129 66
129182 65
129205 66
129272 67
129329 68
129335 69
129369 70
129406 69
129411 70
129451 69
129478 70
129585 69
129647 70
129648 69
129688 68
129721 67
129756 68
129757 69
129757 70
129761 71
129770 72
129777 71
129784 70
129797 71
129808 70
129882 69
129927 68
129963 67
129974 68
130042 69
130051 68
130083 69
130087 70
130097 71
130152 70
130177 69
130178 68
130231 67
130237 68
130296 67
130306 68
130310 69
130353 68
130373 69
130373 70
130382 69
130392 68
130411 67
130429 68
130449 67
130475 68
130533 67
130602 66
130613 65
130621 64
130624 65
130641 66
130709 65
130716 64
130750 63
130753 62
130819 61
130850 60
130854 61
130875 60
130888 59
130965 60
130976 59
130998 60
131022 59
131101 60
131107 61
131123 62
131141 63
131146 64
131183 65
131263 64
131265 65
131272 64
131282 65
131314 66
131334 67
131341 66
131344 67
131351 68
131420 67
131437 66
131453 65
131454 66
131475 65
131513 66
131519 67
131561 67
131609 68
131615 67
131643 66
131651 65
131718 64
131735 65
131758 66
131776 65
131780 66
131869 67
131882 68
131934 67
131947 68
131984 69
132001 68
132122 67
132160 68
132184 69
132193 68
132283 69
132324 70
132371 69
132372 68
132377 67
132394 68
132404 69
132408 68
132409 67
132419 68
132443 69
132544 68
132667 67
132695 68
132709 69
132717 70
132738 71
132745 70
132769 69
132833 68
132837 67
132837 66
132852 65
132878 64
132882 65
132897 64
132913 65
132944 64
132989 65
133010 64
133090 65
133119 66
133268 67
133293 66
133297 67
133327 68
133357 67
133383 66
133388 65
133440 64
133477 65
133513 64
133520 63
133632 64
133638 63
133715 62
133717 61
133724 62
133739 63
133753 64
133753 65
133777 66
133786 67
133805 66
133817 67
133819 68
133852 67
133877 68
133906 69
133962 68
133975 67
134051 66
134091 65
134101 64
134129 65
134129 64
134133 63
134198 62
134235 63
134259 64
134291 65
134300 64
134301 65
134309 64
134310 63
134312 62
134384 63
134391 62
134405 61
134410 60
134424 59
134427 58
134430 57
134442 58
134449 59
134458 58
134467 57
134515 58
134574 59
134575 60
134579 61
134582 62
134585 61
134624 60
134632 59
134633 60
134666 61
134690 62
134691 61
134701 60
134713 61
134714 62
134825 63
134855 62
134882 63
134937 64
134964 65
134969 66
135012 65
135015 66
135026 67
135049 66
135063 65
135122 66
135123 67
135134 66
135145 65
135147 64
135155 63
135158 62
135161 61
135161 60
135161 59
135193 60
135194 61
135201 60
135245 59
135311 58
135348 59
135361 58
135412 59
135422 60
135425 61
135463 60
135463 59
135468 58
135469 59
135474 60
135521 59
135553 60
135601 61
135612 60
135636 61
135661 60
135675 61
135751 60
135765 60
135814 61
135823 62
135846 61
135882 62
135888 63
135893 64
135901 63
135903 64
135907 65
135920 64
135949 63
135949 64
135950 65
135977 66
135985 65
135991 64
136017 63
136031 64
136091 63
136119 62
136229 61
136243 60
136277 61
136291 62
136299 61
136339 62
136365 63
136370 62
136385 61
136390 62
136401 63
136422 62
136435 63
136437 62
136443 63
136519 64
136530 65
136545 64
136569 65
136575 66
136594 65
136607 64
136641 63
136682 62
136705 63
136797 64
136848 65
136869 66
136972 67
137033 66
137117 67
137155 68
137177 67
137213 68
137221 67
137226 66
137250 67
137265 68
137346 67
137349 68
137394 69
137409 68
137413 67
137429 68
137429 69
137517 70
137545 71
137604 72
137605 71
137642 70
137645 69
137650 70
137651 71
137653 72
137653 73
137659 74
137684 73
137699 72
137726 73
137744 72
137815 73
137827 72
137875 71
137885 70
138104 69
138105 70
138105 69
138137 68
138138 67
138142 66
138150 65
138167 64
138238 65
138241 66
138248 65
138249 64
138305 63
138333 62
138338 63
138341 62
138411 63
138452 64
138468 63
138478 64
138516 65
138543 66
138631 67
138685 68
138717 67
138737 66
138769 65
138773 64
138853 63
138868 62
138876 63
138880 62
138884 61
138901 62
138907 63
138957 62
139006 61
139009 62
139010 63
139044 62
139051 63
139127 62
139149 63
139151 64
139168 63
139176 62
139180 61
139195 60
139226 61
139236 60
139245 61
139262 62
139266 63
139269 64
139289 63
139297 62
139300 61
139387 62
139506 63
139507 64
139513 63
139533 64
139626 63
139644 62
139680 61
139681 62
139686 63
139691 64
139694 63
139717 62
139774 63
139791 64
139804 65
139813 64
139901 65
139906 66
139907 67
139911 68
139921 69
139937 68
139970 67
140050 66
140051 65
140052 64
140087 65
140089 66
140090 65
140093 66
140111 65
140137 66
140189 65
140205 66
140223 67
140227 66
140298 67
140325 66
140376 65
140383 64
140403 63
140405 62
140475 63
140482 64
140487 63
140500 62
140501 61
140517 60
140550 61
140556 62
140557 61
140560 62
140575 63
140603 62
140608 63
140613 62
140699 63
140700 64
140721 65
140783 66
140932 65
140965 66
140969 65
140970 64
140989 65
141016 66
141027 67
141043 66
141086 65
141161 64
141169 65
141177 64
141263 65
141275 64
141327 65
141333 66
141336 65
141339 64
141349 63
141353 62
141373 63
141433 62
141440 63
141449 62
141451 61
141460 60
141479 61
141506 62
141510 61
141548 62
141552 61
141554 62
141578 61
141643 60
141671 61
141674 62
141740 63
141747 64
141786 65
141834 66
141841 67
141935 66
141950 67
141956 66
142013 65
142017 66
142024 67
142043 66
142050 67
142098 66
142111 65
142133 66
142170 65
142173 66
142231 67
142235 68
142257 69
142311 68
142317 67
142350 66
142406 67
142407 68
142407 69
142436 68
142442 67
142446 66
142493 67
142505 68
142518 67
142533 66
142550 67
142560 68
142618 67
142704 68
142748 67
142836 68
142853 67
142865 66
142877 67
142888 66
142889 65
142916 64
142923 65
143009 66
143029 67
143048 68
143049 69
143055 70
143055 71
143121 70
143135 71
143157 72
143226 73
143281 72
143355 71
143431 72
143439 73
143446 74
143458 73
143461 74
143480 73
143481 72
143521 73
143523 72
143526 71
143565 70
143636 69
143657 68
143677 67
143744 66
143781 65
143819 64
143855 65
143857 64
143892 63
143893 62
143893 61
143914 62
143965 61
143974 62
143990 61
144007 60
144053 61
144059 60
144100 59
144108 58
144118 59
144118 58
144162 59
144181 58
144208 57
144211 56
144274 57
144322 58
144326 57
144330 56
144377 57
144390 56
144426 57
144450 58
144450 59
144456 60
144471 61
144475 62
144515 61
144517 62
144563 63
144623 64
144638 63
144685 64
144738 65
144780 66
144866 65
144874 66
144874 67
144876 68
144877 69
144898 68
144989 67
145035 66
145042 65
145058 64
145084 65
145156 64
145165 65
145189 64
145235 63
145262 64
145281 65
145297 66
145349 65
145361 64
145389 65
145404 64
145409 65
145480 66
145482 65
145527 64
145529 63
145542 62
145552 63
145597 64
145649 63
145699 64
145721 65
145722 64
145725 64
145726 65
145741 66
145753 65
145807 66
145837 65
145975 66
146006 65
146016 64
146055 65
146134 64
146155 63
146157 62
146172 63
146186 62
146216 61
146217 62
146242 61
146316 62
146346 63
146348 64
146366 65
146396 64
146421 63
146421 62
146433 61
146494 62
146601 63
146606 64
146614 65
146615 66
146620 67
146625 66
146661 67
146722 66
146753 65
146762 66
146762 67
146792 68
146826 69
146982 68
147010 69
147093 68
147141 69
147171 68
147174 67
147198 68
147206 67
147228 68
147230 67
147234 66
147289 65
147326 64
147367 65
147376 66
147422 67
147458 66
147472 67
147507 66
147537 67
147538 68
147538 69
147552 70
147602 69
147606 70
147611 69
147618 70
147618 69
147638 68
147662 67
147678 68
147691 67
147720 66
147758 67
147813 66
147813 65
147829 64
147835 63
147890 62
147958 61
148017 60
148032 59
148037 58
148046 57
148047 58
148049 59
148049 60
148058 59
148112 58
148148 59
148158 60
148170 61
148211 60
148234 59
148238 58
148266 59
148297 60
148320 61
148391 60
148396 61
148403 62
148423 63
148430 64
148480 63
148493 62
148494 63
148517 64
148582 65
148582 66
148584 67
148590 68
148592 69
148594 70
148595 71
148654 72
148680 73
148684 72
148686 71
148734 72
148767 71
148824 70
148853 69
148857 68
148875 67
148883 68
148918 69
148930 68
148940 67
148969 68
148983 67
149020 66
149022 65
149030 64
149030 63
149033 64
149056 63
149148 62
149152 61
149174 62
149234 61
149250 62
149254 63
149279 64
149306 63
149317 64
149342 63
149348 62
149402 61
149426 60
149484 61
149500 62
149517 63
149658 62
149662 61
149718 60
149719 59
149720 58
149738 59
149772 60
149828 59
149830 60
149836 59
149865 58
149883 57
149912 58
149925 57
149944 58
149950 57
149954 58
149984 57
150022 58
150034 57
150066 58
150068 59
150071 60
150076 61
150125 60
150129 61
150170 60
150180 61
150183 62
150184 63
150289 64
150326 65
150336 66
150347 67
150398 68
150463 67
150476 68
150480 69
150484 70
150486 69
150498 68
150539 69
150548 68
150553 67
150678 68
150690 67
150710 68
150767 67
150793 66
150804 67
150817 66
150897 67
150906 68
150935 69
150937 68
150944 67
150948 68
151008 69
151042 70
151100 69
151149 70
151181 71
151216 70
151282 69
151314 68
151370 69
151386 70
151386 71
151443 72
151480 71
151520 72
151526 71
151526 70
151540 69
151559 68
151577 67
151633 68
151638 67
151638 66
151654 65
151683 64
151722 63
151730 64
151804 64
151818 63
151834 62
151886 61
151925 62
151936 61
151940 60
151943 59
151947 60
151966 61
151994 60
152004 59
152026 58
152059 59
152098 60
152114 61
152114 62
152114 63
152118 64
152166 65
152192 64
152214 65
152225 66
152225 67
152229 68
152233 69
152368 68
152373 69
152393 68
152395 67
152447 68
152492 67
152531 66
152572 65
152574 64
152576 63
152578 64
152606 65
152621 66
152632 67
152648 66
152659 65
152678 64
152691 63
152718 64
152742 63
152748 62
152833 63
152864 62
152866 63
152878 62
152887 61
152901 62
152976 63
152986 62
153003 61
153036 62
153046 63
153063 62
153085 63
153096 64
153151 63
153156 64
153173 63
153174 62
153180 63
153181 64
153184 65
153278 66
153279 67
153284 68
153289 69
153427 68
153430 67
153446 67
153452 68
153512 67
153512 68
153513 67
153526 66
153559 65
153575 66
153577 65
153581 64
153581 63
153607 62
153625 63
153631 64
153655 63
153658 62
153724 61
153725 60
153740 60
153751 59
153810 58
153845 59
153847 60
153860 61
153890 60
153978 61
153989 62
154003 63
154106 62
154121 61
154128 62
154141 61
154142 62
154151 61
154182 62
154198 63
154198 64
154260 65
154277 64
154316 63
154345 64
154387 63
154391 64
154419 65
154449 66
154455 67
154531 68
154537 67
154557 68
154583 67
154646 66
154654 65
154698 64
154705 65
154770 64
154790 65
154790 66
154790 67
154808 66
154855 67
154912 66
154963 67
154986 66
154988 65
155058 64
155070 63
155097 62
155102 63
155125 64
155184 65
155234 64
155234 63
155335 64
155344 65
155346 64
155367 63
155374 62
155388 63
155402 62
155477 63
155479 64
155517 63
155518 64
155518 65
155524 66
155529 67
155550 66
155593 67
155619 68
155641 68
155645 67
155653 68
155694 69
155722 70
155760 69
155762 70
155854 69
155898 68
155958 69
155961 68
155962 67
155977 66
156002 65
156002 64
156032 63
156102 62
156102 61
156104 60
156106 61
156111 62
156114 61
156176 60
156238 59
156270 60
156306 59
156306 58
156312 59
156317 58
156319 57
156328 56
156329 55
156366 56
156367 57
156368 58
156375 59
156379 60
156390 59
156399 58
156427 59
156512 60
156599 61
156600 60
156650 59
156655 60
156674 61
156676 62
156676 61
156700 60
156701 61
156710 62
156744 61
156756 62
156762 61
156804 62
156973 61
156986 62
157027 62
157034 63
157062 62
157093 63
157141 62
157211 61
157224 60
157263 61
157266 62
157284 61
157293 60
157359 61
157370 62
157432 63
157476 62
157486 61
157567 60
157577 61
157582 62
157588 63
157589 64
157590 65
157590 66
157598 65
157611 64
157623 63
157629 62
157646 63
157648 64
157650 65
157655 66
157668 67
157696 68
157712 69
157744 70
157788 69
157794 70
157837 71
157874 72
157875 73
157878 72
157963 71
157966 70
157974 71
157975 70
157995 71
158002 72
158010 71
158014 70
158026 69
158026 68
158028 67
158034 66
158053 67
158106 66
158133 65
158191 64
158214 63
158265 64
158275 63
158276 64
158299 65
158302 64
158309 65
158310 66
158352 65
158353 64
158354 63
158424 64
158460 63
158545 62
158553 61
158567 62
158574 61
158605 62
158634 63
158648 64
158660 65
158710 64
158732 63
158755 62
158762 61
158805 62
158817 61
158824 62
158914 61
158917 60
158938 61
158938 62
158942 61
158945 60
158996 61
158999 60
159000 61
159064 60
159078 61
159130 62
159142 63
159149 64
159209 65
159219 64
159288 65
159339 64
159353 65
159356 66
159359 67
159362 68
159370 69
159382 70
159387 71
159390 72
159390 73
159401 72
159402 73
159466 72
159506 71
159542 70
159562 69
159650 70
159650 71
159753 70
159794 69
159814 70
159817 69
159828 68
159859 67
159891 68
159898 69
159904 68
159911 69
159959 68
160003 67
160035 68
160038 67
160050 68
160101 67
160130 68
160144 67
160146 68
160182 67
160182 66
160193 65
160210 64
160242 63
160362 64
160370 63
160386 64
160473 63
160525 62
160530 63
160531 64
160531 65
160531 66
160538 65
160538 66
160567 65
160582 64
160613 65
160626 66
160684 65
160688 64
160714 65
160721 66
160724 67
160808 66
160837 65
160933 64
160948 65
160960 64
160978 63
160986 62
160990 61
160993 60
161022 61
161022 62
161047 61
161064 60
161066 61
161139 62
161167 61
161171 62
161174 63
161203 64
161210 63
161300 64
161318 63
161319 62
161321 61
161332 60
161337 61
161339 62
161352 63
161382 64
161398 65
161401 66
161406 67
161407 68
161407 69
161431 68
161458 67
161496 66
161550 67
161554 66
161615 67
161674 68
161690 67
161727 66
161781 65
161817 64
161852 63
161863 62
161879 61
161883 60
161890 61
161949 60
161961 61
162005 62
162024 61
162034 60
162074 59
162080 58
162108 59
162164 60
162190 61
162247 62
162294 63
162353 64
162359 63
162368 64
162392 65
162402 64
162430 63
162443 63
162449 62
162454 61
162455 62
162485 61
162492 60
162493 61
162504 61
162554 62
162562 63
162598 62
162656 63
162682 64
162695 65
162708 64
162727 65
162728 66
162784 65
162815 64
162830 63
162890 64
162963 65
163002 66
163080 67
163122 68
163122 69
163142 68
163205 67
163251 66
163273 67
163282 66
163366 67
163444 66
163448 65
163499 66
163504 67
163508 68
163508 69
163513 68
163535 69
163541 68
163582 69
163618 70
163647 69
163663 68
163674 69
163688 70
163722 69
163747 68
163882 69
163882 70
163883 71
163966 70
163976 69
163986 68
163996 69
164020 68
164030 67
164065 66
164069 67
164072 66
164096 67
164118 68
164137 69
164146 68
164204 67
164282 66
164294 65
164312 64
164379 63
164421 64
164512 65
164561 64
164587 63
164634 64
164673 65
164705 64
164755 63
164765 62
164768 61
164814 62
164864 61
164865 60
164882 61
164953 62
164979 63
164983 64
165007 65
165023 66
165026 65
165036 64
165064 65
165126 64
165191 65
165202 64
165209 65
165237 66
165258 65
165292 64
165301 65
165310 66
165328 67
165341 68
165386 67
165398 66
165408 65
165412 64
165418 65
165424 64
165424 65
165426 64
165427 65
165452 66
165465 65
165496 64
165572 63
165573 62
165587 61
165592 60
165594 61
165622 60
165703 59
165749 58
165754 57
165766 56
165794 55
165812 56
165813 55
165829 56
165832 55
165877 54
165979 55
165997 54
166079 55
166090 56
166103 57
166103 58
166106 59
166130 60
166138 59
166138 58
166194 57
166198 58
166214 59
166228 60
166230 61
166239 60
166255 61
166301 60
166326 61
166362 62
166400 63
166400 64
166401 65
166416 64
166418 65
166446 66
166449 67
166458 68
166532 67
166548 66
166582 65
166588 66
166620 67
166641 68
166659 69
166704 70
166786 71
166844 70
166870 69
166894 70
166914 71
166922 70
166926 69
166936 70
166939 71
166970 72
166992 71
167086 72
167159 71
167169 70
167208 71
167215 72
167239 71
167257 70
167281 69
167350 68
167476 69
167594 70
167637 69
167654 68
167738 67
167750 68
167750 69
167763 70
167772 69
167787 68
167795 67
167828 66
167853 65
167862 64
167962 63
167970 64
167979 63
167985 62
168003 63
168095 62
168108 63
168125 62
168133 63
168147 64
168156 65
168156 66
168163 66
168168 65
168267 64
168384 65
168390 64
168391 65
168439 66
168462 65
168471 64
168506 65
168574 64
168581 65
168656 66
168679 67
168731 68
168734 67
168793 68
168803 69
168923 68
168968 67
168977 66
169006 65
169006 64
169008 65
169079 64
169110 65
169119 66
169130 65
169130 64
169165 65
169186 64
169213 63
169214 62
169225 63
169235 64
169245 65
169262 66
169309 65
169320 66
169345 65
169365 66
169369 65
169394 64
169403 63
169410 62
169425 63
169430 64
169440 63
169447 62
169458 61
169458 60
169464 59
169469 58
169474 57
169488 56
169516 57
169520 58
169557 57
169599 56
169674 57
169676 56
169682 57
169686 58
169687 59
169706 58
169803 59
169815 58
169820 59
169865 60
169874 59
169880 60
169906 61
169922 62
169941 61
169950 62
169958 61
170047 62
170074 63
170154 64
170156 63
170157 62
170178 63
170184 62
170188 61
170219 60
170230 59
170271 58
170289 57
170306 58
170359 59
170363 60
170368 61
170372 62
170374 63
170388 62
170412 63
170447 62
170454 63
170535 62
170571 63
170609 64
170625 63
170637 62
170670 61
170688 62
170695 61
170699 62
170701 61
170710 60
170716 61
170724 62
170725 63
170792 62
170802 61
170830 60
170834 61
170846 60
170850 59
170870 58
170878 57
170910 58
170925 59
170932 58
171018 59
171069 58
171098 57
171141 58
171142 59
171218 58
171223 57
171287 58
171338 59
171405 60
171443 61
171446 60
171465 59
171474 58
171475 59
171483 60
171485 61
171526 62
171531 63
171554 64
171555 65
171563 64
171569 63
171624 62
171635 63
171640 64
171645 63
171666 64
171783 65
171800 64
171801 65
171818 66
171828 67
171846 68
171854 69
171898 70
171912 69
171944 68
171954 69
172045 68
172054 67
172068 66
172073 65
172098 64
172212 65
172231 66
172236 67
172247 68
172284 67
172317 68
172334 67
172368 68
172442 67
172477 68
172482 67
172486 68
172579 67
172650 66
172660 67
172676 66
172699 66
172705 67
172708 68
172746 69
172754 70
172782 69
172830 68
172899 67
172900 66
172942 65
173002 64
173020 63
173051 62
173054 61
173077 60
173094 61
173094 62
173117 63
173132 64
173140 65
173167 64
173177 65
173182 64
173230 63
173244 64
173327 65
173354 66
173358 65
173382 64
173395 63
173507 62
173554 61
173568 62
173582 61
173599 62
173668 63
173678 62
173710 63
173723 64
173736 65
173757 66
173759 67
173760 68
173785 67
173880 68
173912 67
173939 66
173981 65
173986 66
173994 65
174002 66
174012 65
174012 64
174013 63
174054 64
174107 63
174135 64
174138 63
174177 64
174186 63
174234 62
174237 61
174314 62
174316 61
174318 62
174342 63
174362 64
174362 63
174370 62
174376 61
174392 60
174459 59
174488 60
174489 59
174491 60
174536 61
174540 60
174554 59
174554 58
174581 57
174590 58
174595 57
174618 56
174632 57
174642 58
174681 57
174705 56
174749 55
174757 56
174794 57
174808 58
174858 57
174859 56
174863 57
174920 58
174927 59
174934 58
174951 57
174965 58
175000 59
175014 60
175023 59
175048 60
175048 61
175058 62
175075 61
175134 60
175165 61
175203 62
175205 61
175240 62
175271 61
175346 62
175346 63
175350 64
175351 65
175371 64
175429 63
175434 64
175487 65
175492 66
175505 65
175508 66
175510 65
175542 64
175577 65
175589 64
175631 65
175652 64
175697 65
175728 66
175760 65
175766 64
175775 65
175806 64
175806 63
175810 64
175827 65
175840 64
175894 65
175901 64
175922 65
175931 66
175934 67
175947 66
175985 65
176018 64
176089 63
176119 62
176150 61
176159 62
176161 63
176167 64
176174 63
176250 64
176254 65
176289 66
176291 67
176364 66
176367 67
176374 68
176383 67
176395 68
176410 67
176475 68
176490 67
176513 68
176565 67
176582 68
176618 67
176690 68
176703 67
176718 66
176736 67
176753 66
176758 65
176763 64
176763 63
176780 62
176781 62
176830 63
176886 64
176890 63
176923 64
176941 63
176959 64
176980 65
176997 66
177039 67
177039 68
177051 67
177078 66
177111 65
177170 66
177241 65
177243 64
177299 65
177358 64
177386 63
177391 64
177418 65
177424 64
177426 63
177446 64
177450 65
177456 64
177495 65
177530 66
177531 65
177561 66
177638 67
177639 68
177642 67
177681 68
177719 69
177796 70
177835 69
177906 68
177971 67
177982 68
177990 69
177993 70
177997 69
178018 68
178053 69
178088 70
178120 69
178127 68
178194 67
178200 66
178206 65
178237 66
178250 65
178277 64
178310 65
178327 64
178330 63
178347 64
178370 63
178374 62
178394 63
178415 62
178437 61
178469 62
178506 63
178515 64
178540 63
178629 64
178636 65
178646 64
178701 65
178720 64
178723 63
178778 64
178778 65
178779 66
178829 65
178854 64
178860 63
178866 62
178932 63
178970 64
178972 65
178983 64
179023 63
179103 62
179168 63
179169 62
179178 63
179178 64
179210 63
179229 64
179240 65
179259 64
179286 65
179286 66
179311 67
179347 66
179348 65
179395 66
179400 67
179410 68
179418 67
179441 66
179462 65
179486 64
179507 65
179513 66
179527 65
179568 64
179573 65
179608 64
179628 65
179630 66
179641 65
179658 66
179662 65
179665 66
179688 67
179693 66
179746 65
179799 64
179822 63
179822 64
179846 63
179890 64
179893 63
179909 62
179922 61
179946 62
179958 63
179966 62
179989 61
180064 62
180092 61
180122 62
180149 63
180151 64
180158 63
180204 64
180204 65
180230 66
180270 65
180270 64
180284 65
180308 64
180386 65
180394 64
180418 65
180444 64
180458 63
180471 62
180476 61
180495 62
180524 63
180534 64
180540 65
180543 66
180599 65
180610 64
180616 65
180659 66
180674 65
180697 66
180817 67
180840 66
180843 65
180864 66
180890 67
180896 66
180901 65
180922 66
180926 65
180954 64
180962 65
181044 66
181057 67
181062 66
181087 67
181103 66
181134 65
181144 66
181198 65
181202 64
181240 65
181249 66
181251 67
181262 68
181271 67
181289 67
181300 66
181368 65
181431 66
181443 67
181558 66
181742 67
181744 68
181749 69
181749 70
181770 69
181833 68
181835 69
181841 70
181866 71
181892 70
181922 71
181958 70
181983 69
182018 70
182054 69
182058 70
182066 69
182078 68
182099 69
182147 70
182154 69
182174 68
182203 67
182206 66
182208 67
182222 68
182283 67
182323 66
182338 65
182354 64
182386 63
182432 62
182451 63
182453 62
182514 63
182519 64
182531 65
182531 66
182562 65
182620 66
182694 65
182754 64
182822 63
182839 62
182854 63
182927 62
182958 63
182975 64
183027 65
183064 64
183072 63
183074 64
183101 65
183118 66
183120 65
183140 66
183158 67
183159 68
183170 69
183206 68
183230 69
183246 68
183331 69
183370 70
183378 69
183398 68
183399 69
183432 68
183520 67
183547 66
183596 67
183650 68
183657 67
183671 66
183729 67
183746 68
183761 69
183775 70
183796 69
183802 68
183809 67
183846 68
183929 69
183947 68
183990 67
184030 66
184035 65
184041 64
184118 63
184126 62
184180 61
184201 60
184241 61
184284 62
184295 63
184302 62
184323 61
184372 62
184375 63
184518 64
184530 65
184536 64
184537 63
184557 64
184557 65
184579 66
184592 67
184598 68
184601 69
184758 70
184768 71
184788 72
184818 73
184825 74
184826 73
184833 74
184834 73
184866 72
184884 71
184900 70
184917 69
184940 68
184942 69
184950 68
184998 67
185014 68
185030 67
185082 66
185099 65
185142 64
185156 63
185214 62
185247 63
185247 64
185249 65
185334 64
185370 65
185539 64
185546 63
185552 62
185588 61
185590 62
185655 63
185662 62
185711 61
185730 62
185757 61
185766 62
185766 63
185766 64
185768 65
185771 66
185780 67
185794 68
185797 69
185839 70
185890 71
185906 70
185907 69
185910 68
185912 67
185943 68
185986 67
186000 68
186032 67
186047 68
186068 67
186074 66
186089 65
186141 64
186186 63
186214 62
186214 61
186215 60
186241 61
186254 60
186266 59
186277 58
186318 59
186400 58
186415 59
186508 60
186590 61
186602 62
186603 63
186604 64
186681 63
186685 64
186702 63
186708 62
186716 61
186759 62
186772 61
186782 62
186817 63
186831 62
186831 61
186832 60
186939 61
186940 61
186952 60
187036 61
187044 62
187081 61
187139 60
187140 59
187144 58
187162 57
187169 58
187210 59
187250 60
187258 59
187290 60
187343 61
187358 62
187358 63
187376 62
187415 63
187447 62
187497 61
187506 60
187510 61
187520 62
187568 63
187574 64
187579 65
187617 64
187687 65
187694 64
187714 63
187736 62
187737 61
187873 60
187886 59
187925 58
187962 59
188005 60
188006 61
188011 62
188045 61
188088 60
188102 61
188121 62
188175 61
188196 62
188285 63
188294 64
188394 63
188397 64
188418 65
188466 64
188471 65
188473 64
188483 63
188514 64
188526 65
188527 66
188568 67
188581 68
188596 69
188614 70
188616 69
188625 68
188650 67
188657 66
188659 65
188734 66
188779 67
188828 68
188855 67
188869 66
188870 65
188875 66
188889 67
188898 68
188924 67
188962 68
188982 69
189013 68
189048 69
189082 68
189118 69
189125 69
189129 70
189244 69
189262 68
189309 67
189369 66
189371 65
189377 66
189389 65
189391 64
189433 63
189470 63
189509 64
189541 63
189542 64
189562 63
189562 62
189563 62
189563 61
189564 61
189564 60
189564 60
189571 59
189572 58
189572 59
189572 59
189572 58
189572 57
189572 56
189572 56
189572 55
189573 54
189573 54
189573 53
189574 53
189576 53
189617 52
189618 51
189631 50
189655 49
189681 50
189689 49
189749 50
189769 50
189769 51
189771 51
189774 50
189781 49
189800 50
189809 49
189809 49
189812 49
189812 50
189814 49
189814 48
189815 47
189821 46
189821 46
189868 45
189871 46
189871 47
189872 48
189920 49
189936 48
189941 47
189962 46
189974 45
189974 44
190004 43
190004 44
190008 44
190018 43
190033 44
190036 43
190036 42
190090 43
190097 44
190107 43
190119 44
190124 43
190128 43
190131 44
190165 45
190199 46
190200 47
190213 48
190312 49
190322 50
190325 49
190336 50
190360 51
190363 52
190372 53
190390 54
190405 53
190411 52
190426 51
190445 52
190447 53
190462 54
190467 53
190474 54
190519 55
190529 56
190557 55
190569 56
190577 55
190579 56
190586 55
190586 56
190587 55
190588 54
190588 53
190594 52
190605 53
190616 54
190644 55
190677 54
190706 55
190712 56
190715 57
190720 58
190756 57
190775 58
190782 57
190785 58
190791 57
190830 58
190849 59
190908 58
190909 57
190922 56
190968 57
190970 58
190974 59
190998 60
191007 61
191018 60
191086 59
191092 58
191153 57
191168 58
191170 57
191190 58
191197 59
191204 58
191250 57
191342 56
191348 55
191392 56
191392 57
191394 58
191394 59
191395 60
191403 61
191403 62
191410 63
191430 62
191442 61
191492 62
191557 63
191576 62
191586 63
191591 64
191593 65
191620 66
191630 67
191652 68
191688 67
191739 68
191790 67
191792 66
191794 67
191811 68
191816 69
191817 68
191899 69
191952 68
191960 67
191991 68
192012 67
192021 66
192028 67
192042 68
192198 67
192235 68
192235 69
192240 68
192246 69
192284 70
192285 71
192410 70
192455 69
192494 70
192494 71
192502 70
192518 69
192588 70
192629 71
192650 70
192800 71
192830 70
192918 71
192988 72
193022 71
193060 72
193142 73
193156 73
193175 74
193245 73
193246 74
193246 73
193284 74
193318 73
193337 72
193353 71
193354 70
193361 69
193363 68
193448 67
193454 68
193477 67
193497 68
193508 67
193521 66
193529 65
193550 66
193574 65
193583 64
193658 63
193682 62
193682 61
193697 60
193708 59
193755 58
193761 59
193797 58
193844 57
193928 56
194003 57
194006 58
194008 59
194028 58
194040 59
194058 60
194065 61
194070 61
194073 60
194074 60
194074 61
194075 60
194080 59
194081 58
194082 57
194101 56
194148 55
194160 54
194291 55
194307 56
194324 55
194334 56
194338 57
194364 56
194375 57
194399 56
194408 57
194410 56
194413 56
194415 56
194417 55
194418 54
194419 54
194419 53
194419 53
194420 53
194420 53
194420 52
194422 52
194423 51
194427 51
194431 50
194461 51
194471 52
194540 53
194546 53
194546 52
194556 51
194556 50
194558 50
194559 49
194559 49
194559 49
194561 49
194562 48
194562 48
194563 48
194564 49
194566 49
194566 50
194569 49
194569 49
194579 49
194581 49
194581 50
194581 49
194582 48
194582 48
194586 49
194587 48
194587 47
194588 46
194588 45
194588 44
194589 43
194590 43
194593 42
194596 41
194598 40
194632 41
194637 40
194646 39
194669 38
194680 39
194690 40
194715 40
194716 40
194725 40
194732 39
194732 39
194735 39
194735 38
194736 37
194778 36
194787 35
194797 34
194798 35
194801 34
194802 34
194803 34
194804 33
194805 32
194808 32
194810 32
194810 32
194814 32
194839 33
194849 34
194860 34
194860 34
194868 35
194873 35
194879 35
194879 35
194879 35
194879 35
194880 35
194880 35
194881 35
194881 34
194910 35
194917 34
194919 33
194921 33
194921 33
194923 33
194924 33
194925 33
194926 33
194927 33
194928 33
194929 33
194930 32
194930 31
194932 30
194953 31
194954 30
194956 30
194960 31
194962 31
194964 30
194966 29
194969 30
195022 31
195030 30
195033 29
195043 30
195046 31
195050 32
195099 33
195100 32
195102 31
195105 30
195118 29
195176 30
195178 31
195179 32
195183 31
195184 31
195184 30
195185 30
195186 31
195186 31
195186 32
195192 31
195196 32
195197 31
195202 30
195202 30
195203 30
195208 29
195239 30
195242 31
195242 32
195262 33
195266 34
195280 33
195297 34
195301 34
195308 34
195311 34
195311 34
195312 34
195328 35
195338 34
195345 33
195345 34
195346 34
195346 34
195351 33
195352 33
195354 33
195357 33
195365 34
195367 33
195369 34
195383 35
195403 36
195449 37
195459 38
195462 37
195462 37
195466 36
195471 36
195478 37
195488 37
195488 36
195489 36
195494 36
195497 35
195500 35
195501 36
195512 37
195518 38
195525 37
195549 37
195554 37
195558 38
195566 39
195566 40
195570 41
195579 40
195582 41
195585 42
195586 42
195587 41
195587 40
195588 39
195588 38
195589 38
195589 37
195589 37
195593 36
195598 37
195609 36
195613 37
195638 36
195650 37
195652 38
195652 38
195654 38
195672 37
195676 37
195713 36
195720 35
195725 35
195758 36
195766 35
195803 36
195810 36
195810 36
195811 36
195814 35
195821 34
195831 35
195838 35
195865 36
195866 36
195868 36
195878 35
195885 36
195929 37
195933 38
195934 37
195939 36
195944 36
195946 35
195964 36
195987 37
195990 36
196007 37
196011 38
196018 39
196026 38
196028 39
196036 38
196038 39
196040 40
196046 39
196046 38
196047 37
196055 36
196058 37
196066 36
196066 36
196069 35
196095 34
196097 35
196098 36
196103 37
196110 37
196114 37
196114 37
196114 37
196115 37
196115 36
196115 36
196115 35
196136 36
196136 37
196149 38
196164 39
196166 40
196180 39
196183 38
196210 39
196213 40
196214 41
196227 41
196229 40
196233 40
196265 41
196266 40
196270 41
196276 42
196282 43
196282 42
196282 43
196290 42
196326 43
196326 44
196332 45
196334 44
196346 43
196348 44
196353 45
196365 46
196368 47
196422 48
196422 49
196423 50
196430 50
196434 51
196444 52
196449 51
196452 50
196484 51
196511 50
196530 51
196530 52
196534 51
196535 52
196536 51
196537 50
196537 49
196539 50
196540 49
196547 50
196555 51
196556 52
196559 52
196586 53
196586 54
196609 55
196614 56
196616 55
196619 54
196639 55
196684 54
196722 53
196779 52
196806 53
196806 54
196807 55
196850 56
196863 57
196870 56
196890 57
196891 57
196892 56
196893 56
196894 56
196896 57
196898 56
196898 56
196899 56
196902 56
196905 55
196917 54
196926 53
196927 53
196929 53
196932 53
196935 52
196942 53
196994 52
197001 51
197037 52
197038 53
197054 54
197062 53
197109 54
197121 55
197129 55
197130 54
197133 55
197135 54
197141 53
197170 52
197206 53
197210 54
197218 53
197220 54
197221 53
197221 52
197223 51
197224 51
197226 50
197228 49
197231 48
197231 47
197236 46
197236 45
197237 44
197246 45
197246 46
197254 45
197279 44
197284 45
197296 45
197305 46
197330 45
197364 46
197394 47
197427 46
197432 47
197434 48
197436 47
197441 47
197442 48
197451 47
197454 46
197455 45
197455 45
197472 46
197480 45
197491 44
197506 45
197563 46
197585 47
197591 48
197593 49
197642 50
197660 49
197670 50
197672 49
197684 50
197690 51
197692 51
197692 50
197692 49
197694 50
197700 49
197706 48
197730 49
197732 48
197734 47
197744 46
197754 47
197754 48
197760 47
197762 48
197765 47
197766 48
197768 47
197769 48
197769 47
197771 48
197819 49
197825 48
197826 48
197826 47
197839 46
197871 45
197874 44
197898 45
197901 46
197964 45
197968 46
197969 47
197978 46
197980 47
198005 46
198006 45
198038 46
198043 47
198062 46
198062 45
198062 45
198063 45
198063 44
198063 43
198065 44
198069 45
198088 46
198090 47
198159 46
198170 45
198202 46
198206 47
198218 48
198222 49
198222 50
198225 49
198227 50
198230 49
198234 48
198250 49
198298 50
198301 51
198306 50
198307 49
198309 50
198310 49
198315 48
198315 47
198316 46
198354 47
198395 46
198399 47
198412 48
198414 49
198426 48
198430 47
198430 46
198447 45
198473 46
198475 47
198476 48
198483 49
198489 50
198490 51
198493 50
198498 50
198503 49
198520 50
198520 51
198522 52
198527 53
198586 54
198594 53
198602 54
198642 55
198680 56
198682 57
198684 58
198686 59
198688 60
198690 59
198695 58
198695 57
198696 57
198705 56
198778 55
198806 56
198807 57
198807 58
198814 57
198814 56
198822 57
198860 56
198873 57
198875 56
198881 55
198894 56
198913 55
198915 56
198919 56
198928 57
198956 56
198986 57
198987 58
199027 59
199030 60
199042 59
199048 58
199076 57
199136 58
199150 59
199166 60
199174 59
199175 58
199194 57
199198 56
199211 55
199218 56
199225 55
199268 54
199274 55
199370 56
199398 57
199455 58
199494 59
199507 60
199570 59
199586 58
199590 59
199658 58
199658 59
199663 60
199685 61
199699 62
199762 61
199782 62
199783 63
199803 64
199810 63
199828 62
199833 63
199842 64
199962 65
199974 66
200017 67
200074 67
200083 68
200084 69
200167 70
200168 71
200169 72
200171 73
200220 72
200250 71
200289 70
200323 71
200358 72
200393 71
200450 70
200456 71
200466 72
200484 73
200497 72
200556 73
200566 74
200647 73
200693 72
200694 71
200697 70
200725 69
200769 68
200912 67
200964 66
200973 67
200981 68
201018 67
201058 66
201092 65
201098 66
201149 65
201157 66
