0 0
0 1
20 2
45 3
56 4
104 4
121 4
125 4
150 5
150 5
151 5
156 5
173 5
189 5
209 5
275 5
291 6
293 7
294 8
505 9
508 9
540 10
542 11
556 12
590 12
617 12
680 13
689 14
691 13
719 14
720 15
721 16
725 17
733 18
778 19
809 19
836 20
867 19
976 19
1004 19
1117 19
1127 20
1131 21
1164 20
1217 20
1219 19
1224 20
1280 21
1332 20
1338 19
1352 20
1360 19
1372 18
1385 19
1445 20
1516 21
1534 22
1603 22
1612 22
1696 23
1714 23
1760 23
1815 22
1817 23
1832 24
1862 24
1914 25
1919 26
1987 26
2004 26
2012 27
2035 28
2079 29
2111 29
2120 30
2146 31
2247 30
2287 31
2320 31
2320 31
2323 31
2328 30
2333 29
2337 28
2348 28
2387 29
2390 28
2400 28
2445 29
2472 29
2486 29
2497 29
2510 28
2532 29
2572 30
2601 31
2672 32
2709 33
2714 34
2724 35
2725 36
2737 36
2816 35
2841 35
2932 36
2974 37
3018 37
3031 38
3037 39
3038 40
3056 41
3110 40
3112 39
3132 39
3164 38
3185 37
3192 37
3192 36
3217 36
3224 35
3325 36
3337 37
3376 36
3432 35
3472 34
3481 34
3484 35
3484 35
3493 34
3494 35
3499 34
3500 34
3523 35
3536 36
3546 37
3564 38
3564 39
3568 40
3571 41
3575 42
3607 41
3636 41
3645 42
3702 43
3728 43
3733 44
3740 45
3768 46
3783 45
3805 46
3820 47
3823 46
3838 45
3882 44
3885 43
3892 44
3895 43
3948 44
3988 45
4020 44
4041 43
4043 43
4056 44
4064 43
4068 44
4108 43
4153 44
4182 43
4183 42
4216 41
4228 41
4261 40
4293 41
4309 40
4324 41
4330 42
4332 43
4473 44
4516 44
4524 45
4611 46
4614 47
4617 48
4627 49
4640 50
4660 51
4664 50
4688 51
4708 50
4727 49
4774 49
4800 50
4828 49
4921 50
4923 49
4939 50
4944 49
5023 50
5046 49
5065 50
5073 49
5080 48
5116 49
5142 48
5193 47
5224 48
5235 49
5236 48
5236 47
5286 48
5349 49
5356 48
5411 47
5442 47
5451 46
5486 47
5488 48
5501 49
5567 48
5571 47
5596 46
5620 47
5634 48
5684 47
5704 48
5868 49
5877 50
5894 50
5904 51
5906 52
5931 51
5957 52
6032 53
6038 52
6068 51
6078 50
6083 49
6093 48
6094 49
6114 48
6128 47
6136 48
6142 47
6150 48
6176 49
6176 48
6176 47
6199 48
6210 49
6250 48
6302 47
6349 48
6349 49
6399 48
6540 49
6550 48
6621 49
6636 50
6651 51
6671 50
6680 51
6722 50
6724 49
6736 50
6764 50
6784 51
6788 52
6797 53
6891 52
6905 53
6932 52
6942 51
6945 52
6951 51
7084 50
7137 49
7154 50
7168 49
7180 48
7207 47
7342 48
7361 47
7384 48
7398 47
7401 48
7413 49
7432 50
7488 51
7532 52
7542 53
7549 52
7556 52
7591 51
7592 50
7599 49
7600 50
7611 50
7612 51
7628 52
7639 51
7655 52
7674 53
7808 54
7825 53
7882 52
7900 53
7922 52
7925 51
7928 50
7953 49
7961 48
8060 47
8064 48
8070 49
8077 50
8161 51
8163 50
8184 50
8189 49
8205 50
8209 51
8232 52
8280 51
8284 52
8311 53
8320 54
8343 53
8363 54
8393 55
8416 54
8437 53
8483 52
8532 53
8539 52
8580 51
8615 52
8618 51
8674 52
8684 51
8684 52
8710 53
8770 54
8787 53
8788 52
8816 52
8833 51
8852 50
8874 51
8932 52
8933 53
8949 54
9019 53
9054 52
9075 51
9091 51
9108 52
9139 51
9153 52
9156 53
9163 54
9170 53
9176 54
9182 55
9201 56
9248 57
9254 56
9279 55
9326 54
9363 55
9383 56
9398 57
9412 58
9414 57
9436 56
9540 55
9550 56
9616 57
9649 56
9660 57
9679 58
9696 59
9776 58
9780 57
9792 56
9796 55
9797 54
9838 53
9852 54
9859 55
9884 54
9885 53
9904 52
9960 51
9996 50
10062 49
10067 48
10112 49
10139 50
10166 49
10183 48
10188 47
10219 48
10221 49
10244 50
10259 49
10270 48
10304 49
10314 48
10332 49
10333 50
10333 51
10379 52
10381 53
10382 54
10430 55
10575 56
10590 57
10620 58
10652 57
10687 58
10724 57
10782 58
10792 57
10811 58
10812 59
10813 60
10856 59
10872 58
10956 57
10979 58
11055 59
11086 60
11092 61
11093 62
11094 63
11101 62
11132 61
11176 60
11193 59
11241 60
11281 61
11284 60
11305 59
11312 58
11348 59
11351 58
11355 57
11385 56
11430 55
11465 54
11476 55
11504 54
11523 53
11530 52
11530 53
11580 54
11593 53
11629 52
11636 53
11637 52
11661 51
11671 50
11684 49
11736 50
11736 51
11739 52
11740 53
11740 54
11746 55
11758 56
11780 55
11843 56
11864 57
11888 56
11904 55
11905 56
11913 55
11934 56
11961 55
11988 54
12034 55
12085 56
12097 57
12099 58
12155 57
12156 56
12171 57
12173 56
12197 55
12235 54
12281 53
12304 52
12308 53
12312 54
12350 53
12377 54
12403 53
12405 52
12500 53
12520 52
12521 51
12531 52
12544 51
12640 52
12652 53
12657 54
12667 53
12720 54
12739 53
12764 54
12784 55
12788 54
12794 55
12799 54
12816 55
12825 56
12841 55
12871 56
12912 55
12994 56
12995 57
13053 56
13072 55
13147 54
13168 53
13297 54
13300 55
13321 54
13341 55
13345 56
13368 57
13369 58
13413 57
13490 58
13492 59
13521 58
13524 57
13600 58
13619 57
13641 58
13644 59
13651 60
13693 61
13711 60
13730 59
13733 58
13808 59
13832 60
13888 59
13896 58
13916 59
13926 59
13957 58
13968 57
14023 56
14060 56
14061 57
14135 56
14178 57
14212 56
14249 55
14266 54
14340 55
14351 56
14382 57
14384 58
14401 57
14408 58
14422 59
14444 60
14460 59
14500 58
14517 57
14519 58
14525 57
14580 56
14703 55
14708 56
14821 55
14836 56
14903 55
14932 56
14954 57
14955 56
14982 57
14993 56
15050 57
15060 58
15068 59
15094 58
15098 57
15112 56
15133 55
15185 54
15197 53
15234 54
15248 55
15278 56
15281 55
15313 54
15320 53
15327 54
15329 55
15342 56
15352 55
15356 56
15358 57
15360 58
15368 57
15381 56
15382 57
15463 58
15556 59
15588 58
15606 57
15637 56
15652 55
15660 56
15699 57
15714 58
15860 57
15912 58
15932 57
15956 57
15956 58
15978 57
16026 56
16067 55
16088 56
16097 57
16104 56
16170 57
16201 56
16226 57
16227 58
16228 57
16229 58
16229 57
16256 56
16289 55
16342 56
16362 55
16376 56
16377 57
16419 56
16420 55
16443 54
16455 55
16501 54
16545 53
16559 52
16578 53
16580 54
16630 55
16633 56
16678 57
16689 56
16713 57
16721 58
16728 59
16728 60
16800 61
16841 62
16856 61
16864 62
16876 61
16876 60
16878 59
17005 60
17015 61
17018 62
17037 63
17040 64
17048 65
17056 64
17189 63
17265 62
17267 61
17267 62
17308 63
17318 62
17353 63
17371 64
17424 63
17436 62
17497 61
17507 60
17557 59
17594 58
17625 59
17631 58
17664 59
17677 58
17690 57
17700 56
17759 57
17768 58
17829 57
17865 58
17884 59
17889 60
17890 61
17901 62
17920 61
17968 62
17975 61
18008 62
18133 61
18209 60
18213 59
18226 58
18230 57
18236 56
18258 57
18269 56
18282 57
18282 58
18288 57
18293 58
18356 57
18384 58
18389 57
18392 57
18392 56
18406 57
18418 56
18505 55
18511 54
18526 53
18546 54
18590 55
18628 56
18680 57
18702 56
18708 57
18779 58
18779 59
18784 58
18882 57
18896 56
18978 55
18991 56
19019 55
19043 54
19050 55
19073 54
19084 53
19086 54
19100 53
19193 52
19196 53
19200 54
19244 55
19249 56
19289 55
19330 54
19330 53
19343 54
19373 53
19395 52
19524 51
19532 52
19568 51
19582 52
19614 53
19629 54
19629 55
19634 56
19658 55
19751 56
19756 55
19759 54
19781 55
19784 54
19798 55
19877 56
19879 57
19879 58
19912 57
19936 56
19937 55
19966 56
20000 57
20001 58
20029 59
20033 60
20040 61
20044 62
20059 61
20080 60
20114 59
20181 60
20235 61
20269 60
20325 59
20380 58
20389 57
20412 58
20418 57
20424 58
20437 59
20474 58
20517 59
20528 58
20548 59
20556 58
20575 57
20587 56
20637 55
20650 56
20672 57
20673 58
20676 59
20683 60
20756 61
20819 60
20844 61
20851 62
20852 63
20860 62
20864 63
20867 64
20869 63
20899 62
20926 61
20940 60
21010 61
21033 60
21097 61
21137 62
21192 61
21229 60
21255 60
21261 61
21296 60
21316 59
21324 58
21344 59
21364 58
21377 59
21386 58
21430 57
21445 58
21483 59
21493 60
21540 59
21541 60
21554 59
21621 60
21625 59
21640 58
21745 59
21745 60
21750 61
21859 60
21893 61
21922 60
21924 59
21928 60
21936 59
21944 58
21960 59
21997 58
22013 59
22043 58
22121 57
22128 58
22129 59
22164 58
22180 59
22205 58
22283 57
22285 58
22309 59
22368 60
22388 61
22396 60
22416 61
22429 62
22536 61
22545 62
22548 63
22552 64
22580 65
22591 66
22691 65
22731 66
22733 65
22747 66
22769 65
22787 64
22794 63
22818 62
22846 63
22862 62
22959 61
22964 62
22994 61
23039 60
23054 59
23076 58
23083 57
23097 56
23115 55
23211 56
23250 55
23296 56
23356 55
23382 54
23419 55
23441 54
23462 55
23472 56
23501 57
23550 56
23568 57
23584 58
23596 59
23623 58
23632 57
23656 58
23710 57
23712 56
23748 57
23750 58
23808 57
23823 58
23825 57
23858 56
23912 55
23951 56
23978 57
24068 56
24085 55
24094 56
24130 57
24144 58
24181 59
24212 60
24253 61
24256 62
24267 63
24280 62
24285 61
24297 60
24298 59
24335 60
24410 59
24462 60
24470 61
24528 60
24546 61
24606 60
24608 59
24612 60
24631 59
24663 60
24721 61
24721 62
24729 61
24729 60
24731 59
24736 60
24744 59
24747 60
24755 61
24775 62
24793 61
24843 60
24929 61
24986 60
25064 61
25098 62
25106 61
25114 60
25155 59
25159 60
25175 61
25205 60
25217 59
25222 60
25228 61
25229 62
25229 61
25242 60
25309 59
25333 58
25349 57
25378 58
25465 57
25486 56
25508 55
25560 56
25568 55
25618 56
25620 55
25623 56
25646 55
25656 54
25657 53
25685 54
25685 55
25721 54
25829 53
25874 54
25917 55
25918 56
25921 57
25934 56
25953 55
25969 56
26008 55
26009 56
26106 57
26114 56
26116 55
26136 56
26297 55
26323 56
26329 57
26436 58
26448 59
26449 60
26485 59
26497 58
26501 57
26537 58
26555 59
26561 60
26589 61
26602 62
26613 63
26665 62
26673 63
26673 62
26681 63
26744 64
26746 65
26750 64
26753 63
26789 64
26789 63
26794 64
26801 65
26804 66
26867 65
26873 64
26898 63
26915 64
26942 65
27000 66
27022 65
27059 66
27091 65
27128 64
27174 63
27214 64
27214 63
27215 62
27218 61
27225 60
27278 59
27357 60
27372 61
27429 62
27468 63
27484 62
27496 63
27557 62
27573 61
27601 62
27609 63
27645 64
27689 65
27748 64
27757 63
27779 62
27791 61
27813 62
27814 63
27823 64
27962 63
27968 62
27974 61
27996 62
27997 63
28008 62
28064 61
28089 62
28118 63
28121 62
28122 61
28161 60
28197 61
28209 60
28221 59
28229 58
28235 59
28237 58
28242 57
28244 56
28245 55
28332 56
28333 55
28352 54
28401 55
28434 56
28446 55
28519 56
28525 57
28602 56
28654 55
28671 54
28677 55
28682 56
28698 55
28718 54
28763 55
28765 56
28773 57
28826 58
28849 59
28862 58
28876 59
28932 58
28934 59
28973 58
28979 59
28993 60
29008 59
29029 58
29041 57
29069 56
29083 57
29084 58
29102 57
29102 58
29176 59
29179 58
29194 57
29243 56
29247 57
29274 58
29318 57
29357 56
29371 57
29388 58
29396 57
29457 56
29473 57
29486 56
29537 55
29583 54
29592 55
29638 56
29641 57
29695 58
29717 57
29769 56
29785 57
29785 58
29786 59
29808 60
29851 61
29873 62
29948 61
29953 62
29974 63
30037 64
30093 65
30161 64
30199 63
30313 62
30317 61
30331 62
30363 63
30371 64
30372 65
30381 66
30393 67
30398 68
30403 69
30421 68
30429 67
30483 66
30494 65
30518 64
30530 63
30541 62
30561 61
30579 60
30789 59
30840 60
30844 61
30846 62
30883 61
30902 60
30945 61
31023 62
31058 63
31109 64
31256 65
31356 66
31361 65
31393 66
31401 65
31465 66
31484 65
31513 64
31514 65
31516 64
31533 65
31538 64
31542 63
31544 62
31579 61
31672 60
31682 59
31703 58
31712 59
31713 60
31722 61
31729 60
31771 61
31777 62
31789 62
31806 63
31834 64
31835 63
31866 62
31873 61
31929 62
32002 61
32025 60
32028 59
32031 60
32032 59
32034 58
32049 57
32053 56
32117 55
32136 56
32145 55
32175 54
32184 53
32196 54
32199 53
32203 54
32328 53
32335 54
32351 55
32357 54
32376 55
32410 54
32422 53
32428 54
32429 54
32439 55
32464 56
32537 57
32588 58
32601 59
32638 60
32665 59
32674 60
32678 61
32680 62
32710 61
32737 60
32749 59
32760 58
32768 57
32777 56
32777 55
32786 56
32796 57
32851 58
32864 57
32911 58
32923 57
32997 56
33025 55
33043 56
33060 55
33065 54
33113 55
33123 56
33126 55
33137 56
33141 57
33141 57
33148 58
33182 57
33184 56
33243 57
33245 56
33258 55
33263 54
33264 55
33302 56
33345 57
33346 58
33359 59
33361 60
33370 59
33384 58
33604 59
33624 60
33628 61
33708 62
33764 61
33785 62
33793 61
33802 62
33805 61
33810 62
33838 61
33839 60
33871 59
33890 60
33941 59
33943 58
33977 59
33977 60
34005 61
34057 62
34082 61
34109 62
34117 63
34137 62
34137 61
34193 60
34217 61
34270 60
34278 59
34300 58
34309 59
34328 58
34351 57
34372 57
34393 56
34445 55
34466 56
34505 57
34541 58
34566 59
34581 58
34593 57
34649 58
34677 59
34733 60
34772 61
34776 62
34876 63
34926 64
35020 65
35077 66
35078 67
35198 68
35206 69
35232 68
35237 67
35284 66
35292 67
35301 66
35352 67
35373 66
35389 67
35393 66
35411 65
35413 66
35417 67
35418 68
35435 67
35438 68
35451 67
35497 66
35670 67
35696 66
35709 65
35724 64
35766 63
35859 62
35862 63
35907 62
35997 63
36045 62
36052 61
36053 60
36113 61
36119 62
36162 63
36169 62
36171 61
36227 62
36236 61
36252 62
36428 61
36457 60
36485 59
36585 60
36589 61
36601 60
36609 59
36641 59
36641 60
36647 61
36649 62
36649 61
36652 62
36673 61
36685 62
36695 63
36705 64
36710 65
36733 64
36745 63
36759 64
36773 63
36822 64
36853 65
36873 66
36941 65
36955 64
36955 63
36965 62
36965 61
37025 62
37027 61
37085 62
37103 61
37156 60
37157 59
37158 60
37185 59
37206 58
37287 59
37408 60
37460 61
37477 60
37491 61
37495 62
37501 63
37564 62
37581 61
37605 62
37617 63
37658 64
37672 63
37733 62
37743 63
37751 64
37752 65
37821 66
37845 65
37854 64
37903 63
37920 62
37923 63
37948 64
37968 63
37972 62
37993 61
38043 60
38047 59
38057 60
38074 60
38075 59
38138 58
38244 57
38249 58
38283 57
38288 56
38318 55
38326 54
38383 55
38411 54
38437 55
38441 56
38441 57
38504 58
38512 59
38553 60
38585 61
38631 62
38643 61
38651 62
38726 63
38729 64
38746 63
38810 64
38824 65
38827 66
38832 67
38848 68
38917 67
38919 68
38949 69
39005 68
39022 67
39048 68
39081 67
39100 66
39125 67
39149 66
39184 67
39227 68
39262 67
39280 68
39300 69
39371 70
39463 69
39463 68
39476 67
39477 66
39513 65
39558 64
39590 65
39708 64
39761 63
39762 62
39805 61
39868 62
39874 61
39880 62
39955 61
39981 62
39981 63
39988 64
40000 63
40031 64
40130 63
40134 64
40136 63
40161 64
40164 65
40165 64
40282 63
40306 62
40357 63
40366 64
40369 65
40373 66
40376 65
40413 64
40413 63
40425 62
40437 61
40437 60
40450 59
40453 58
40454 57
40457 58
40468 59
40481 58
40485 57
40597 58
40621 57
40643 56
40685 55
40693 56
40747 55
40780 56
40799 57
40828 56
40834 55
40834 54
40846 55
40893 54
40911 53
40921 52
40946 53
40953 52
40958 53
40974 52
41037 53
41049 54
41091 55
41162 56
41162 57
41163 58
41169 59
41275 58
41286 57
41338 58
41339 57
41360 58
41360 59
41455 60
41479 59
41505 60
41516 61
41545 62
41564 61
41565 60
41567 59
41577 58
41609 57
41629 56
41669 57
41677 56
41697 57
41725 58
41740 59
41746 58
41752 59
41759 60
41803 61
41814 60
41818 59
41847 58
41861 57
41880 58
41917 59
41949 58
41981 59
42017 60
42028 59
42029 58
42054 59
42073 58
42107 59
42109 60
42116 61
42137 62
42168 63
42173 62
42180 63
42196 64
42275 65
42294 66
42354 65
42409 64
42417 63
42518 64
42529 65
42573 66
42625 65
42632 64
42689 63
42697 64
42726 63
42790 62
42803 63
42807 62
42830 63
42848 64
42952 65
42953 66
42957 67
42973 66
43077 65
43094 66
43107 67
43134 68
43141 69
43149 70
43151 71
43223 70
43236 71
43246 72
43265 71
43273 70
43329 69
43412 70
43417 71
43439 70
43447 69
43469 68
43471 67
43510 66
43529 65
43592 64
43651 63
43700 64
43701 65
43737 64
43831 63
43832 62
43880 61
43899 62
43901 63
43904 62
43907 63
43921 64
43975 65
44012 64
44017 65
44023 64
44145 63
44161 62
44173 63
44189 62
44189 61
44210 60
44215 59
44303 60
44321 61
44347 60
44355 61
44412 62
44426 63
44448 62
44449 61
44456 60
44461 59
44485 60
44485 60
44529 59
44554 58
44601 57
44646 56
44669 55
44737 54
44749 53
44771 54
44785 55
44786 56
44808 57
44809 56
44815 55
44872 56
44934 57
44935 56
44962 57
44985 56
45023 55
45072 56
45113 57
45117 58
45127 57
45141 58
45160 57
45216 58
45225 59
45255 60
45283 59
45285 58
45346 59
45346 60
45348 61
45354 62
45360 63
45377 64
45453 65
45462 64
45473 65
45508 64
45530 63
45537 64
45556 63
45569 62
45582 61
45675 60
45738 59
45768 60
45782 61
45789 60
45816 59
45840 58
45843 59
45849 60
45855 61
45862 60
45923 61
45939 60
45965 61
46044 60
46095 59
46129 60
46129 61
46133 62
46163 63
46169 64
46189 65
46208 66
46230 67
46282 68
46289 67
46317 66
46327 65
46344 64
46369 65
46398 64
46405 65
46406 64
46412 63
46433 64
46462 63
46511 62
46527 61
46613 62
46616 63
46684 62
46702 61
46709 62
46710 63
46743 62
46756 63
46785 62
46852 63
46876 64
46956 65
47091 66
47094 65
47107 66
47119 67
47127 66
47130 65
47152 64
47155 63
47176 62
47178 61
47180 60
47218 61
47231 62
47241 63
47248 62
47266 61
47282 62
47291 61
47295 60
47296 59
47313 60
47321 59
47345 58
47381 59
47418 60
47441 59
47537 58
47543 57
47551 56
47641 57
47655 58
47661 57
47717 56
47725 57
47729 58
47735 57
47736 58
47801 59
47841 58
47855 57
47869 56
47897 55
47921 54
47945 55
48073 54
48094 55
48114 56
48174 57
48177 58
48183 59
48185 58
48188 59
48189 60
48197 59
48241 58
48244 59
48247 58
48289 59
48324 58
48333 57
48369 58
48424 59
48427 60
48430 59
48507 60
48511 59
48514 60
48541 59
48557 58
48598 59
48637 58
48674 59
48676 60
48696 59
48737 58
48771 59
48809 60
48821 61
48837 62
48849 63
48954 62
48979 61
49009 60
49021 61
49021 62
49070 61
49089 62
49092 63
49097 64
49098 63
49104 62
49188 61
49191 62
49202 61
49224 60
49246 61
49256 62
49276 61
49285 60
49345 61
49357 62
49394 61
49438 62
49440 63
49448 62
49478 63
49492 64
49536 63
49537 64
49547 63
49593 64
49599 63
49617 64
49647 63
49649 64
49658 65
49697 64
49762 63
49776 62
49793 61
49866 62
49870 63
49878 64
49879 65
50075 64
50118 63
50142 64
50149 63
50160 64
50186 63
50195 62
50226 61
50254 60
50266 61
50357 60
50379 59
50389 58
50455 57
50485 58
50493 57
50498 58
50502 59
50504 60
50517 61
50522 60
50610 59
50677 60
50716 61
50805 62
50813 63
50841 64
50844 63
50852 62
50865 61
50873 60
50891 59
50901 58
50921 57
50934 56
50964 55
50990 56
50998 55
51024 54
51042 55
51059 56
51065 57
51073 56
51134 55
51142 56
51142 57
51165 56
51172 57
51189 58
51193 57
51193 56
51245 55
51259 56
51266 57
51271 58
51285 57
51349 58
51350 59
51377 58
51382 57
51383 56
51394 57
51417 58
51422 57
51423 56
51447 57
51529 56
51553 55
51562 56
51635 57
51665 56
51674 57
51697 56
51698 55
51703 56
51725 57
51726 58
51726 59
51733 60
51768 59
51805 60
51858 61
51858 62
51858 63
51865 62
51900 63
51921 62
51933 61
52029 60
52089 61
52188 60
52212 61
52224 60
52226 61
52252 60
52291 59
52303 60
52320 59
52333 58
52360 59
52365 60
52371 59
52374 58
52377 57
52379 56
52385 55
52386 54
52411 55
52429 54
52488 53
52510 52
52514 53
52515 54
52618 55
52677 54
52677 53
52688 52
52709 53
52712 52
52717 51
52757 50
52763 51
52796 52
52799 53
52806 54
52810 55
52816 56
52834 57
52895 56
52912 55
52913 56
52921 55
52929 54
52937 55
52938 54
52942 53
52965 54
52984 53
52994 52
53013 51
53030 52
53052 51
53065 52
53093 53
53110 54
53147 55
53153 56
53170 57
53206 58
53225 59
53229 60
53229 59
53253 58
53259 59
53289 60
53325 61
53325 62
53325 63
53338 64
53348 65
53354 64
53354 63
53436 62
53442 61
53452 62
53489 61
53505 62
53592 63
53599 62
53617 63
53694 64
53702 63
53724 64
53773 63
53781 64
53781 65
53785 64
53815 63
53817 62
53845 61
53857 60
53970 59
53993 58
53993 59
54008 60
54109 61
54138 62
54173 61
54291 62
54336 61
54347 62
54357 61
54371 62
54479 63
54492 64
54494 65
54547 66
54550 67
54674 66
54754 67
54821 66
54828 65
54831 64
54832 63
54834 62
54865 63
54937 62
54969 61
54971 62
54994 63
55050 62
55120 61
55121 60
55144 59
55162 60
55189 61
55192 60
55233 61
55264 62
55271 61
55282 62
55283 63
55296 62
55333 63
55359 62
55365 61
55370 60
55385 61
55399 62
55525 63
55591 64
55610 65
55668 66
55669 65
55709 64
55709 63
55709 62
55737 61
55777 62
55785 63
55849 62
55872 61
55908 60
55936 59
55949 60
56016 61
56017 60
56018 59
56022 60
56022 61
56044 60
56091 61
56095 60
56106 59
56115 60
56161 59
56197 60
56203 59
56235 58
56243 57
56249 58
56251 57
56255 58
56401 59
56437 58
56441 59
56442 60
56445 61
56476 60
56527 59
56538 60
56547 61
56552 60
56587 61
56607 62
56635 61
56649 62
56652 61
56667 60
56673 59
56691 58
56705 59
56755 58
56802 57
56806 56
56814 57
56863 58
56869 59
56875 60
56885 61
56885 62
57065 61
57109 60
57129 61
57157 62
57157 61
57157 62
57202 61
57221 60
57259 59
57266 58
57301 59
57343 58
57380 59
57425 60
57463 61
57537 60
57541 61
57549 60
57549 61
57561 60
57622 61
57628 62
57646 63
57655 62
57696 63
57703 64
57718 65
57723 64
57768 65
57774 66
57799 65
57836 64
57843 63
57941 64
57946 65
58046 64
58046 65
58048 66
58073 65
58085 64
58152 65
58172 64
58174 63
58202 64
58223 64
58246 63
58263 64
58289 63
58297 64
58298 63
58315 64
58327 65
58353 66
58457 65
58477 66
58515 67
58526 66
58534 65
58543 64
58543 63
58545 64
58556 63
58594 64
58673 63
58674 62
58733 61
58733 60
58800 61
58811 62
58820 61
58838 60
58849 59
58880 58
58883 57
58897 56
58906 55
58929 54
58950 53
58986 54
58989 55
59073 54
59079 53
59155 54
59191 55
59198 56
59218 57
59219 58
59225 59
59233 60
59243 61
59304 62
59341 63
59341 64
59405 63
59423 64
59445 63
59486 62
59493 63
59513 64
59581 63
59596 64
59617 65
59634 64
59713 65
59744 64
59745 65
59761 64
59768 63
59781 62
59804 61
59818 60
59845 61
59902 60
59905 61
59913 60
59938 59
59967 58
60014 57
60037 56
60041 57
60059 58
60097 59
60104 60
60118 61
60148 62
60152 63
60157 62
60176 63
60181 64
60226 63
60337 62
60376 61
60399 60
60402 59
60408 60
60446 59
60459 60
60491 59
60527 58
60545 59
60554 58
60582 57
60584 58
60624 59
60715 60
60716 61
60725 62
60760 61
60814 62
60872 61
60877 62
60882 63
60961 64
61039 63
61049 62
61114 63
61123 64
61162 63
61181 64
61257 63
61285 62
61321 63
61339 64
61373 65
61381 64
61387 65
61397 64
61426 63
61437 62
61482 63
61551 62
61551 61
61553 60
61612 61
61613 60
61717 61
61719 60
61729 61
61755 60
61781 61
61784 62
61826 63
61833 62
61848 63
61934 62
61942 61
62108 60
62117 61
62118 62
62159 63
62166 64
62225 65
62242 66
62325 67
62333 68
62379 67
62384 68
62389 69
62435 70
62444 71
62445 72
62456 71
62457 70
62506 69
62537 68
62574 67
62591 66
62618 67
62635 66
62643 65
62693 66
62697 65
62729 64
62781 63
62789 62
62798 62
62801 63
62830 62
62868 61
62871 62
62883 61
62898 60
62911 59
62914 60
62926 61
62952 62
62986 61
63044 62
63049 63
63141 62
63221 63
63226 64
63231 63
63233 62
63286 63
63329 64
63357 63
63409 62
63450 63
63513 62
63586 61
63603 60
63616 59
63619 58
63648 57
63648 58
63666 59
63671 58
63713 59
63781 60
63792 59
63796 60
63835 59
63889 60
63897 61
63947 60
63957 61
63958 62
63969 63
63982 64
64056 65
64093 66
64110 65
64118 66
64128 66
64134 67
64181 66
64205 67
64236 66
64255 65
64257 64
64262 63
64334 64
64349 63
64350 64
64351 65
64437 64
64460 65
64489 66
64507 65
64556 66
64567 67
64584 68
64585 69
64615 68
64635 67
64749 68
64939 67
64945 68
64983 67
64985 66
64989 65
65035 64
65040 65
65052 66
65085 65
65107 64
65128 65
65129 64
65181 63
65197 62
65258 61
65318 60
65347 59
65349 58
65360 57
65397 58
65450 58
65451 58
65458 58
65463 59
65493 60
65502 59
65510 60
65513 61
65540 62
65581 61
65640 60
65657 61
65661 60
65665 61
65668 62
65744 63
65745 62
65754 61
65758 60
65869 59
65893 60
65917 61
65939 60
65956 61
65974 62
66013 63
66027 64
66081 64
66085 65
66095 66
66101 67
66103 66
66226 67
66281 66
66286 65
66320 66
66321 65
66334 64
66369 65
66403 64
66404 63
66477 62
66489 61
66498 60
66524 61
66569 60
66617 59
66627 58
66641 59
66721 58
66726 59
66733 58
66741 59
66741 60
66781 61
66850 62
66857 61
66882 60
66882 61
66924 60
66941 59
67003 60
67012 59
67065 58
67081 59
67104 58
67122 59
67166 60
67201 61
67210 60
67217 59
67221 60
67222 61
67222 60
67246 59
67305 60
67311 59
67319 60
67358 59
67361 60
67386 59
67390 58
67413 59
67444 58
67486 59
67501 60
67527 59
67539 60
67543 61
67547 62
67645 63
67652 62
67661 63
67674 64
67716 65
67722 66
67724 67
67762 66
67769 67
67775 68
67781 69
67793 68
67803 67
67847 66
67852 67
67901 66
67917 65
67979 64
68001 65
68010 66
68041 65
68056 64
68113 65
68130 64
68139 65
68179 64
68214 65
68279 66
68283 67
68293 68
68327 67
68344 66
68345 65
68350 64
68418 65
68450 64
68472 63
68531 64
68536 65
68579 66
68601 65
68608 66
68692 65
68726 66
68733 67
68761 68
68793 67
68810 66
68837 67
68874 68
68878 69
68973 68
69007 67
69053 68
69120 67
69128 68
69135 67
69195 68
69195 69
69199 70
69237 71
69250 70
69285 71
69289 70
69292 69
69301 68
69309 69
69444 68
69446 69
69453 68
69455 67
69481 66
69509 65
69593 64
69603 63
69608 62
69614 61
69673 60
69770 61
69772 62
69796 61
69836 60
69861 61
69868 62
69872 63
69886 64
69886 65
69905 64
69947 65
69954 66
70030 65
70049 64
70105 65
70109 64
70129 65
70158 64
70178 63
70251 62
70288 63
70297 64
70319 63
70332 62
70370 63
70373 62
70390 61
70399 62
70411 63
70421 62
70446 63
70457 62
70545 63
70567 62
70620 61
70649 60
70721 59
70735 60
70773 59
70790 58
70829 57
70843 58
70869 59
70917 60
70919 59
70931 58
70957 59
70962 58
70968 57
71048 58
71068 57
71119 58
71121 59
71148 58
71174 59
71185 60
71245 61
71257 62
71265 63
71268 64
71272 65
71272 66
71294 65
71310 64
71322 65
71341 66
71349 65
71381 66
71382 65
71415 66
71417 65
71437 66
71525 65
71548 66
71561 67
71581 66
71583 67
71631 68
71665 67
71705 66
71730 65
71735 66
71750 65
71753 66
71798 65
71826 64
71851 65
71854 66
71858 67
71938 68
71939 69
71974 68
72030 67
72050 66
72071 67
72135 68
72153 69
72193 70
72212 71
72227 70
72231 69
72243 70
72269 69
72283 68
72295 69
72326 68
72328 67
72378 66
72384 65
72397 66
72422 65
72464 64
72469 65
72501 64
72551 65
72623 66
72660 65
72689 66
72689 67
72782 68
72814 69
72845 68
72905 67
72943 68
72975 69
72998 68
73041 67
73065 66
73133 65
73137 66
73148 65
73149 64
73154 65
73219 64
73249 65
73359 64
73366 65
73375 64
73386 65
73386 66
73389 67
73393 67
73399 68
73613 67
73622 68
73627 69
73827 70
73838 71
73844 72
73846 71
73850 72
73887 71
73896 72
73943 71
73955 72
73957 71
73957 70
73963 69
74021 70
74057 69
74086 68
74121 67
74157 68
74179 69
74214 68
74221 69
74258 68
74331 67
74334 66
74357 65
74377 66
74379 67
74395 66
74429 67
74512 66
74603 67
74674 66
74677 67
74697 66
74720 65
74775 66
74778 65
74872 66
74874 67
74938 68
74978 69
74993 68
75013 67
75053 68
75063 69
75088 68
75089 69
75093 68
75094 67
75101 68
75112 67
75221 66
75241 67
75262 66
75271 65
75287 66
75356 65
75373 64
75413 63
75430 62
75491 61
75525 60
75535 61
75535 62
75590 63
75606 62
75625 63
75670 64
75714 63
75733 62
75739 61
75769 60
75803 61
75804 62
75805 63
75885 64
75889 65
75929 66
75929 67
75935 66
75946 65
75965 64
75983 65
75999 66
76082 67
76088 68
76104 67
76128 68
76133 67
76146 66
76172 65
76176 64
76177 63
76205 64
76209 63
76210 64
76223 63
76317 64
76323 63
76327 64
76365 63
76368 64
76485 63
76495 62
76531 63
76589 62
76606 63
76614 64
76624 63
76657 62
76705 61
76756 62
76757 63
76784 62
76869 61
76929 60
76957 59
77025 60
77027 59
77033 60
77036 59
77038 60
77038 61
77040 62
77071 63
77072 62
77137 63
77139 64
77164 65
77189 66
77199 65
77241 64
77321 63
77340 64
77437 63
77447 62
77449 63
77465 64
77478 65
77531 66
77532 65
77588 66
77596 65
77645 64
77645 65
77678 64
77685 63
77688 62
77713 63
77718 64
77724 65
77799 64
77885 63
77982 64
77993 65
78007 64
78042 63
78092 62
78107 63
78137 64
78139 65
78139 66
78156 65
78246 66
78290 67
78301 68
78301 69
78305 70
78337 69
78429 68
78473 69
78575 68
78598 69
78680 68
78695 69
78721 68
78732 67
78749 66
78777 65
78789 66
78793 67
78793 66
78796 65
78886 64
78892 63
78921 64
78930 63
78934 62
78989 63
79098 62
79145 63
79220 63
79235 62
79237 61
79237 62
79249 63
79254 64
79268 63
79270 64
79323 65
79427 66
79442 67
79486 66
79486 67
79500 66
79512 65
79551 66
79682 65
79697 66
79699 67
79702 68
79705 69
79713 68
79718 69
79757 70
79757 71
79766 72
79806 71
79810 70
79813 69
79817 68
79844 67
79857 68
79881 67
79917 66
79922 67
79940 66
79965 65
79967 66
80189 65
80211 66
80230 65
80245 64
80276 63
80310 62
80313 63
80334 62
80335 61
80377 62
80389 63
80400 64
80428 65
80505 64
80511 63
80548 62
80551 61
80561 60
80577 59
80587 60
80589 59
80678 58
80705 59
80714 58
80797 57
80831 58
80858 57
80883 56
80915 57
80970 58
80998 59
81021 60
81023 61
81029 60
81052 61
81102 62
81149 63
81152 64
81173 65
81173 66
81185 67
81186 68
81191 67
81198 66
81247 67
81256 66
81262 67
81288 66
81338 65
81352 64
81393 65
81584 66
81588 65
81593 64
81659 63
81717 64
81721 63
81721 64
81721 65
81729 64
81750 65
81825 66
81839 67
81846 68
81897 67
81946 68
81958 69
81958 70
81981 71
82026 70
82045 69
82060 68
82161 69
82165 70
82218 71
82225 72
82393 73
82406 72
82422 71
82513 70
82546 71
82558 72
82563 71
82563 70
82573 71
82594 70
82607 71
82675 70
82719 69
82743 68
82774 67
82780 66
82794 65
82799 64
82812 63
82878 64
82957 65
82982 64
83004 63
83005 62
83028 63
83072 64
83141 63
83161 62
83228 63
83258 62
83262 61
83281 60
83320 61
83369 62
83386 61
83386 60
83390 59
83451 60
83453 61
83462 62
83485 61
83519 60
83522 59
83525 58
83541 57
83594 58
83625 57
83670 56
83704 57
83712 58
83713 59
83714 60
83747 61
83813 60
83886 61
83890 60
83916 61
83993 60
83995 59
84003 60
84021 59
84043 58
84045 57
84097 58
84099 59
84172 60
84179 61
84183 62
84206 63
84207 64
84213 65
84225 64
84266 63
84305 64
84306 65
84324 64
84410 63
84411 62
84413 63
84435 64
84489 63
84497 62
84509 63
84603 64
84613 63
84615 64
84633 63
84649 64
84656 65
84667 66
84673 65
84689 66
84737 65
84787 64
84823 65
84842 64
84865 65
84960 64
84961 63
84965 64
84967 63
84986 62
84997 61
85017 60
85073 61
85085 62
85093 61
85107 62
85130 61
85139 60
85161 61
85228 60
85249 61
85299 62
85301 61
85323 62
85329 61
85345 62
85370 61
85434 60
85465 59
85469 60
85509 61
85510 62
85606 63
85635 64
85717 65
85721 66
85736 67
85751 66
85801 67
85852 66
85908 65
85915 66
85916 67
85948 68
85992 69
86044 70
86061 71
86077 70
86095 69
86131 68
86162 67
86220 66
86221 65
86225 66
86226 67
86268 66
86306 65
86321 66
86328 65
86329 64
86410 63
86420 62
86490 61
86492 60
86496 59
86528 58
86543 57
86609 58
86609 59
86609 60
86611 61
86635 60
86690 61
86695 60
86733 61
86741 60
86757 61
86809 62
86955 63
87003 62
87085 61
87088 60
87090 59
87093 58
87152 57
87153 56
87160 57
87161 58
87173 59
87223 60
87230 59
87231 58
87234 57
87256 58
87269 59
87270 60
87377 59
87413 60
87457 61
87502 62
87565 61
87595 60
87601 59
87603 58
87622 59
87646 60
87681 61
87687 62
87707 61
87722 62
87732 61
87752 62
87753 61
87756 60
87775 61
87805 62
87813 61
87816 62
87841 61
87851 60
87914 61
87924 62
87931 63
87945 64
87949 65
87962 64
87974 63
88002 64
88027 65
88050 64
88065 65
88066 66
88098 65
88132 64
88137 65
88138 66
88144 67
88197 66
88198 65
88247 66
88248 65
88338 64
88353 65
88361 66
88378 65
88402 64
88409 65
88411 66
88528 67
88581 66
88601 67
88614 68
88669 69
88706 68
88773 67
88775 66
88777 65
88844 64
88866 63
88870 62
88905 63
88985 64
89006 65
89010 64
89011 65
89033 64
89069 65
89125 64
89132 63
89191 64
89223 65
89329 66
89332 67
89365 66
89401 67
89413 66
89416 65
89470 66
89501 67
89524 66
89550 67
89557 66
89610 65
89631 64
89651 65
89671 66
89756 65
89769 66
89881 67
89889 66
89894 65
89902 66
89904 67
89913 66
89933 67
89974 66
90021 65
90113 66
90121 67
90131 66
90166 67
90188 66
90189 65
90236 64
90238 63
90242 62
90317 63
90349 62
90376 61
90442 62
90461 61
90543 60
90555 61
90563 62
90600 61
90617 60
90696 61
90801 60
90801 59
90802 58
90806 57
90829 58
90879 59
90908 60
90921 61
90943 60
90949 61
90960 62
90961 63
91019 64
91080 63
91083 62
91092 63
91102 64
91135 63
91190 64
91206 63
91211 62
91225 63
91234 64
91285 63
91360 62
91366 63
91369 62
91372 63
91442 62
91443 61
91450 60
91457 61
91521 60
91538 61
91567 62
91569 63
91580 62
91589 61
91602 62
91668 63
91681 62
91705 63
91725 64
91760 63
91803 62
91809 61
91830 60
91833 59
91846 60
91881 61
91901 60
91909 59
91917 58
91938 57
92039 58
92043 59
92082 60
92085 61
92096 62
92099 61
92118 62
92148 61
92197 62
92232 63
92254 64
92260 63
92273 62
92329 63
92341 62
92372 63
92414 62
92417 63
92469 64
92481 63
92519 64
92529 65
92529 66
92535 67
92562 66
92575 65
92657 64
92714 63
92749 64
92750 65
92792 64
92794 63
92842 64
92845 63
92845 64
92850 63
92898 64
92954 65
92959 64
92959 63
92980 62
92981 63
93020 64
93035 65
93070 64
93146 65
93159 64
93221 63
93229 64
93233 63
93278 64
93286 65
93306 64
93377 65
93429 64
93440 63
93453 62
93471 63
93479 64
93548 65
93598 64
93600 63
93606 62
93613 63
93715 64
93777 65
93826 64
93876 65
93884 66
93927 67
93950 66
93957 65
93976 66
93980 65
93996 66
94066 67
94081 66
94137 67
94141 68
94165 69
94169 68
94170 67
94203 68
94239 67
94270 66
94298 65
94329 64
94338 63
94354 62
94497 63
94500 62
94604 63
94636 62
94642 61
94650 60
94654 61
94724 62
94771 63
94771 64
94784 65
94789 64
94837 65
94838 64
94917 63
94918 62
94946 63
95049 64
95109 65
95120 64
95157 63
95174 64
95205 65
95229 64
95280 65
95289 64
95335 63
95344 62
95347 63
95373 64
95388 63
95413 64
95445 63
95490 62
95493 63
95610 62
95645 61
95653 60
95663 59
95682 58
95692 57
95701 58
95757 57
95783 58
95795 59
95799 60
95801 61
95807 60
95812 59
95814 60
95884 61
95904 60
95923 59
95993 58
95998 59
96004 58
96028 57
96038 58
96041 59
96059 60
96123 59
96182 60
96210 59
96241 60
96246 59
96284 58
96290 59
96295 60
96331 61
96332 62
96339 61
96347 60
96357 59
96374 60
96417 61
96427 62
96434 63
96450 62
96503 61
96510 62
96514 63
96521 62
96539 63
96543 62
96543 61
96562 60
96566 59
96679 58
96719 59
96719 60
96719 61
96746 62
96751 63
96778 62
96843 61
96871 60
96910 61
96915 60
96918 61
96951 62
96956 61
96964 60
96973 61
96976 62
97005 61
97043 62
97054 61
97166 60
97166 59
97187 60
97189 61
97193 62
97205 63
97218 62
97222 61
97282 62
97289 61
97314 60
97353 61
97362 62
97368 61
97382 60
97419 61
97499 60
97509 59
97533 58
97537 57
97566 58
97587 59
97587 60
97588 61
97635 60
97663 59
97666 60
97683 59
97690 58
97719 57
97834 58
97838 59
97870 60
97873 61
97874 62
97878 61
97878 62
97881 63
97974 64
97981 63
97982 64
97999 65
98051 66
98130 67
98170 68
98181 69
98186 70
98191 69
98215 68
98319 67
98332 66
98351 65
98407 64
98441 65
98453 66
98464 65
98493 66
98496 65
98540 64
98622 63
98637 64
98648 65
98817 66
98843 67
98850 68
98868 67
98894 68
98942 69
98950 68
99029 67
99059 68
99079 69
99082 70
99084 71
99117 70
99228 71
99275 70
99295 69
99303 70
99307 71
99373 70
99374 69
99406 70
99414 69
99459 68
99482 67
99482 66
99494 65
99502 66
99507 67
99512 66
99609 65
99616 64
99724 65
99760 64
99767 65
99767 66
99769 65
99802 64
99832 63
99846 64
99848 65
99891 64
99896 63
99913 64
99971 63
99972 62
99977 61
99980 60
100058 59
100085 58
100126 59
100126 58
100134 59
100142 60
100170 59
100230 60
100244 61
100252 60
100256 61
100288 62
100298 63
100318 62
100333 63
100339 62
100347 61
100410 62
100423 61
100450 62
100450 63
100486 62
100518 63
100545 64
100548 65
100576 64
100621 63
100628 62
100645 63
100662 62
100667 61
100693 60
100774 59
100778 58
100779 59
100800 60
100805 61
100833 62
100841 61
100878 60
100896 61
100915 62
100990 61
100994 60
101006 59
101006 58
101022 57
101049 58
101065 59
101101 58
101103 57
101135 58
101179 57
101229 56
101262 55
101273 56
101278 57
101298 56
101313 57
101362 56
101411 57
101419 58
101465 59
101493 60
101507 61
101542 62
101545 63
101615 64
101661 63
101664 64
101682 63
101700 64
101709 63
101730 64
101730 65
101827 66
101878 67
101885 68
101888 69
101892 70
101912 69
101915 68
101970 67
102007 68
102018 67
102032 66
102039 65
102050 64
102135 65
102148 64
102198 63
102222 64
102232 65
102242 64
102246 63
102285 64
102318 65
102354 64
102362 65
102382 64
102430 65
102442 64
102477 63
102536 64
102546 63
102550 62
102654 61
102657 62
102657 61
102663 62
102703 63
102710 62
102794 61
102881 60
102936 61
102990 62
103034 61
103058 62
103059 63
103075 62
103082 61
103133 60
103162 59
103163 60
103209 61
103210 62
103216 63
103220 64
103221 65
103222 66
103242 65
103294 66
103314 65
103319 64
103322 65
103334 66
103347 67
103347 68
103368 67
103414 66
103424 67
103563 66
103588 65
103597 64
103628 63
103639 64
103644 65
103669 64
103709 63
103720 64
103720 65
103742 66
103779 65
103779 64
103813 65
103827 64
103842 65
103850 66
103855 65
103856 64
103875 63
103930 62
103931 63
103961 62
103983 61
104050 62
104065 61
104078 62
104226 63
104230 64
104283 63
104302 62
104348 61
104349 62
104383 61
104412 60
104436 59
104480 60
104482 59
104498 60
104510 61
104517 60
104520 59
104552 58
104560 57
104579 58
104583 59
104641 60
104684 59
104714 58
104714 59
104714 58
104725 57
104738 58
104742 57
104765 58
104824 59
104829 60
104834 61
104869 60
104878 59
104908 60
104911 61
105025 60
105071 59
105076 58
105122 59
105150 60
105163 59
105180 60
105209 61
105213 62
105213 63
105269 64
105316 65
105375 66
105379 67
105414 66
105497 65
105515 66
105540 66
105571 67
105575 68
105654 69
105678 68
105691 67
105691 68
105696 69
105738 68
105781 67
105786 66
105792 67
105817 66
105820 65
105830 64
105897 63
105966 62
105994 63
105994 62
106073 63
106080 64
106138 65
106201 64
106204 65
106206 66
106207 67
106211 68
106253 69
106255 68
106358 69
106366 68
106391 69
106418 68
106439 69
106526 68
106547 69
106551 70
106663 69
106666 68
106707 69
106743 68
106782 69
106795 68
106837 67
106860 66
106881 65
106928 66
106965 67
106982 68
107028 67
107029 66
107041 65
107077 64
107090 63
107107 64
107141 65
107143 64
107177 63
107247 64
107273 65
107307 64
107330 65
107337 64
107375 65
107386 66
107395 67
107448 68
107463 69
107562 68
107570 67
107578 68
107615 67
107668 66
107670 65
107686 64
107699 63
107727 64
107737 65
107741 66
107746 65
107748 64
107818 63
107866 64
107880 65
107888 66
107972 67
107975 68
107991 67
108010 66
108089 67
108089 66
108124 65
108170 66
108171 65
108233 64
108263 63
108306 64
108418 63
108462 62
108497 63
108507 64
108526 65
108526 66
108527 67
108642 66
108656 67
108658 68
108676 67
108780 66
108814 67
108831 68
108850 67
108863 68
108868 67
108877 66
108917 67
108937 66
108968 67
108986 66
109054 65
109116 64
109122 63
109254 64
109260 63
109279 64
109280 65
109292 66
109378 67
109382 66
109409 67
109426 66
109434 65
109446 66
109466 65
109467 66
109469 67
109473 66
109520 65
109602 64
109633 65
109645 64
109659 63
109670 62
109676 61
109726 60
109756 61
109761 60
109799 61
109936 62
109961 61
110014 62
110061 63
110063 64
110067 64
110067 65
110074 64
110126 63
110220 62
110230 63
110232 64
110234 63
110252 64
110282 65
110367 64
110423 65
110452 64
110474 65
110497 64
110538 63
110540 62
110584 61
110626 62
110638 61
110671 62
110739 61
110763 62
110790 63
110792 62
110840 61
110840 62
110886 63
110898 62
110920 63
110928 64
110958 65
110981 64
111039 65
111047 66
111076 67
111077 68
111094 67
111150 68
111220 69
111247 68
111269 67
111273 68
111322 67
111324 66
111331 65
111346 64
111379 63
111381 62
111429 63
111430 64
111432 65
111458 64
111471 65
111475 65
111493 64
111589 63
111617 64
111644 63
111659 62
111698 61
111718 60
111738 61
111778 62
111795 61
111817 60
111826 59
111843 60
111844 59
111846 58
111918 59
111923 58
111927 57
111970 58
111974 57
111979 58
112054 59
112058 60
112060 61
112063 62
112068 63
112114 62
112166 63
112192 62
112232 63
112248 64
112253 65
112270 64
112341 65
112350 64
112370 65
112384 66
112386 67
112399 68
112411 67
112479 68
112488 67
112489 66
112494 65
112497 64
112499 63
112538 64
112581 63
112582 62
112582 61
112601 60
112641 61
112653 62
112739 63
112762 62
112782 63
112788 64
112790 63
112810 62
112822 63
113038 64
113058 65
113129 66
113130 65
113167 64
113235 63
113269 64
113276 65
113296 66
113318 67
113318 68
113335 67
113378 66
113384 65
113407 64
113442 65
113466 64
113490 65
113518 64
113535 63
113577 64
113591 63
113666 62
113704 61
113715 62
113782 61
113806 62
113834 61
113834 60
113868 61
113910 62
113942 61
113958 60
113967 61
113980 62
114161 61
114227 62
114250 63
114252 64
114261 65
114261 66
114287 65
114323 64
114368 63
114379 64
114383 65
114386 66
114473 67
114486 68
114562 69
114622 70
114652 69
114658 68
114802 69
114805 70
114807 69
114819 68
114872 67
114879 66
114909 67
115009 68
115033 67
115054 66
115078 65
115088 64
115094 63
115101 64
115109 65
115132 66
115192 65
115198 66
115209 67
115218 66
115222 65
115244 66
115302 67
115304 68
115308 69
115323 68
115405 67
115411 66
115412 65
115427 64
115457 65
115502 66
115515 67
115519 68
115524 69
115526 70
115603 69
115639 68
115680 67
115685 66
115713 65
115739 64
115767 65
115883 64
115892 63
115903 62
115919 61
115926 62
115930 61
115954 62
115974 61
115998 62
116001 63
116078 64
116188 65
116195 66
116198 65
116207 64
116233 65
116259 64
116262 63
116262 62
116303 61
116310 62
116346 61
116359 60
116376 61
116414 60
116433 61
116463 62
116463 63
116463 64
116470 65
116470 66
116510 65
116538 64
116539 65
116716 66
116764 67
116857 66
116862 67
116901 68
116905 67
116925 68
116926 67
116932 66
116934 67
116966 66
116987 67
117010 68
117039 67
117090 66
117122 65
117169 64
117187 63
117234 64
117245 65
117255 64
117300 65
117387 64
117413 63
117453 64
117458 63
117490 62
117506 63
117542 62
117562 61
117589 62
117608 62
117628 61
117663 62
117669 63
117670 64
117794 65
117855 64
117909 65
117911 64
117945 65
117946 66
117981 67
118098 68
118110 69
118246 70
118432 69
118454 70
118480 71
118483 72
118490 71
118497 70
118509 71
118515 72
118520 71
118522 72
118540 71
118587 72
118598 71
118608 72
118625 71
118668 70
118740 69
118741 68
118773 69
118792 68
118792 67
118797 66
118886 65
118886 64
118955 63
118958 62
118967 61
118968 60
119002 61
119010 60
119012 61
119021 60
119023 61
119033 60
119050 61
119076 62
119107 61
119113 60
119130 59
119174 58
119225 59
119228 58
119242 59
119280 60
119311 59
119314 60
119350 59
119358 60
119400 61
119408 62
119455 61
119475 60
119531 61
119538 60
119557 61
119598 60
119610 59
119622 60
119626 59
119636 58
119657 57
119674 58
119682 57
119702 58
119710 57
119712 58
119757 59
119778 60
119874 61
119907 60
119965 61
119972 62
119998 63
120046 64
120054 63
120068 64
120115 63
120124 62
120169 63
120170 64
120181 65
120182 66
120218 65
120237 64
120282 65
120313 64
120370 65
120371 66
120468 65
120580 66
120582 67
120582 68
120613 67
120614 66
120642 65
120647 64
120648 63
120680 64
120685 65
120691 64
120742 63
120742 62
120768 63
120840 64
120844 65
120927 66
120962 67
120971 66
120971 65
120978 66
121014 65
121021 66
121037 67
121039 68
121092 67
121130 68
121194 67
121198 66
121246 65
121280 66
121300 67
121307 66
121348 65
121376 66
121412 65
121431 66
121434 67
121444 68
121515 67
121565 66
121598 67
121609 66
121624 67
121654 68
121684 67
121738 66
121755 65
121818 66
121846 65
121882 64
121882 63
121886 64
121923 63
122019 64
122117 65
122221 66
122274 67
122282 66
122317 65
122318 64
122329 63
122342 62
122354 61
122416 60
122434 61
122444 62
122444 63
122450 64
122450 63
122452 62
122470 61
122506 60
122540 61
122553 60
122594 59
122596 58
122604 57
122630 58
122660 57
122697 56
122701 55
122709 56
122730 55
122778 56
122819 55
122820 54
122833 53
122863 54
122869 55
122873 56
122920 57
122937 56
122942 57
122949 58
123020 57
123090 58
123093 59
123148 60
123176 59
123227 60
123294 61
123295 62
123299 61
123310 62
123333 61
123341 60
123347 59
123361 60
123365 60
123373 59
123390 58
123395 59
123405 58
123418 57
123424 58
123526 57
123534 58
123577 59
123623 60
123636 61
123648 62
123650 63
123653 64
123654 65
123660 66
123693 67
123693 66
123698 67
123706 66
123759 67
123788 66
123791 67
123858 66
123875 67
123876 68
123906 67
123918 68
123958 67
124097 68
124151 67
124155 68
124162 69
124282 68
124320 67
124323 66
124338 65
124340 64
124346 65
124350 64
124353 63
124363 64
124367 65
124432 64
124441 63
124446 62
124475 61
124512 62
124550 63
124555 64
124562 65
124586 64
124668 63
124738 62
124740 63
124785 64
124813 63
124843 64
124889 63
124906 62
124950 63
124958 62
124961 63
124989 64
125001 63
125013 64
125020 63
125039 64
125191 63
125207 64
125240 65
125272 64
125346 65
125382 66
125393 65
125433 66
125470 67
125496 66
125553 67
125595 68
125598 69
125602 68
125602 67
125605 68
125606 69
125613 68
125631 67
125637 66
125688 65
125750 66
125752 67
125755 66
125802 67
125981 66
125992 65
126022 64
126022 63
126026 64
126035 63
126041 62
126058 61
126062 60
126097 61
126107 60
126127 59
126148 58
126159 57
126231 58
126235 57
126277 56
126291 57
126299 56
126302 55
126302 54
126305 53
126339 54
126342 53
126411 52
126438 51
126451 52
126461 53
126480 52
126519 53
126531 54
126537 53
126572 54
126572 55
126579 56
126616 57
126618 56
126622 57
126636 58
126648 59
126695 60
126754 59
126768 58
126771 59
126774 60
126865 59
126926 60
126934 61
126937 62
126937 63
126942 64
126979 65
126994 66
127010 67
127046 66
127116 67
127123 66
127126 65
127158 66
127161 65
127244 64
127246 63
127251 64
127263 63
127325 64
127325 63
127338 64
127348 63
127367 64
127384 65
127393 64
127399 63
127409 62
127454 61
127515 62
127564 63
127586 64
127604 63
127614 64
127615 63
127638 64
127662 63
127715 62
127746 61
127750 62
127769 61
127770 60
127803 61
127805 62
127805 61
127824 62
127898 61
127988 60
127998 61
127998 62
127999 61
128048 60
128058 59
128094 60
128105 61
128106 62
128107 61
128135 62
128197 61
128237 60
128243 61
128272 62
128276 61
128301 62
128305 63
128314 64
128314 65
128381 64
128430 63
128442 62
128458 63
128486 62
128515 61
128518 62
128519 63
128519 62
128526 61
128526 60
128530 61
128541 62
128542 61
128542 60
128584 59
128589 60
128599 61
128636 62
128662 61
128683 60
128684 61
128717 60
128744 59
128758 60
128845 59
128862 58
128877 57
129028 56
129031 57
129073 58
129080 59
129081 60
129082 61
129087 60
129110 61
129144 62
129146 61
129322 60
129360 59
129374 60
129399 59
129411 60
129438 61
129454 62
129458 63
129466 64
129480 65
129487 64
129493 63
129510 62
129534 63
129540 62
129577 63
129584 62
129659 63
129659 64
129684 65
129687 66
129688 67
129694 68
129756 67
129761 66
129804 65
129858 64
129861 63
129861 62
129867 61
129879 62
129891 63
129924 64
130010 63
130021 64
130050 63
130065 62
130068 63
130070 64
130086 65
130133 64
130146 63
130188 62
130220 61
130237 60
130341 61
130380 62
130402 61
130403 60
130405 59
130414 60
130423 61
130428 62
130505 61
130510 60
130530 59
130554 60
130557 61
130557 62
130558 63
130568 62
130626 61
130626 60
130635 61
130663 62
130665 63
130751 62
130817 63
130821 62
130918 61
130947 60
130954 59
130958 60
130961 61
130975 62
131032 61
131054 62
131058 63
131058 64
131062 64
131082 63
131097 64
131143 63
131182 62
131194 63
131198 64
131202 65
131203 64
131205 65
131206 66
131270 65
131306 66
131371 65
131409 64
131442 63
131473 64
131487 63
131532 64
131539 63
131567 62
131658 61
131695 60
131704 59
131737 60
131738 59
131739 60
131741 60
131743 61
131768 62
131794 63
131804 64
131805 63
131837 62
131841 63
131902 62
131950 63
131956 64
131956 65
131975 66
131994 65
132023 66
132033 65
132089 64
132091 63
132170 64
132197 65
132198 66
132215 65
132228 66
132234 66
132240 65
132244 64
132274 63
132274 62
132291 61
132298 62
132305 63
132306 64
132314 63
132363 62
132370 61
132378 62
132402 61
132450 60
132454 59
132455 58
132554 59
132554 58
132558 59
132584 60
132615 61
132621 62
132706 63
132729 64
132788 65
132797 64
132801 65
132802 66
132886 67
132934 66
132941 65
133007 66
133015 67
133018 66
133086 65
133097 66
133131 65
133134 66
133158 65
133195 64
133270 65
133330 64
133339 63
133366 64
133381 63
133395 64
133395 65
133398 66
133402 67
133470 66
133474 67
133479 68
133529 69
133552 68
133560 67
133573 66
133577 65
133592 66
133592 67
133606 67
133715 66
133758 65
133825 64
133854 63
133858 64
133933 63
133947 62
133958 61
133974 62
134003 61
134045 60
134055 61
134063 62
134094 61
134119 62
134129 63
134220 62
134244 61
134287 62
134298 63
134310 62
134354 63
134377 64
134380 65
134421 64
134456 63
134458 64
134484 63
134488 62
134498 63
134501 62
134524 63
134604 62
134632 63
134650 62
134726 63
134738 64
134797 65
134799 66
134801 67
134807 68
134809 69
134845 68
134857 67
134897 66
134917 67
134938 66
134939 67
134954 66
135000 65
135085 64
135138 65
135144 66
135183 65
135220 66
135278 67
135282 68
135368 69
135396 70
135401 69
135403 68
135422 67
135428 66
135446 65
135452 64
135472 63
135486 62
135495 61
135513 60
135530 59
135534 60
135545 59
135551 58
135626 57
135664 58
135670 59
135672 60
135714 61
135741 62
135780 63
135802 62
135835 61
135842 60
135900 61
135953 60
135982 59
135982 58
135998 57
136006 58
136010 59
136014 60
136041 61
136061 60
136103 61
136131 60
136150 59
136162 60
136213 59
136215 58
136217 57
136262 58
136267 59
136276 58
136345 59
136352 58
136365 59
136376 58
136470 59
136491 58
136497 59
136502 58
136517 59
136523 60
136564 61
136593 62
136603 63
136606 64
136614 65
136634 66
136662 67
136720 66
136721 65
136758 66
136797 65
136863 64
136902 63
136910 64
136930 63
136930 62
136945 63
136947 64
136962 65
136962 66
136971 65
137011 64
137024 63
137047 62
137049 63
137055 62
137090 63
137099 64
137099 65
137102 64
137105 65
137145 64
137150 63
137299 62
137305 61
137404 62
137405 61
137409 62
137413 61
137414 60
137466 59
137525 60
137535 59
137543 58
137547 59
137551 60
137554 61
137561 60
137614 59
137650 58
137690 59
137698 58
137742 59
137776 58
137788 59
137798 60
137808 59
137831 60
137834 59
137922 60
137930 59
137959 58
137999 59
138004 60
138038 61
138047 62
138136 61
138174 62
138183 61
138249 62
138290 61
138327 60
138329 61
138338 62
138347 63
138393 64
138404 65
138445 66
138463 67
138465 68
138474 69
138474 70
138538 69
138572 70
138627 69
138646 68
138657 67
138699 66
138708 65
138770 64
138804 65
138810 64
138818 63
138838 62
138872 63
138874 64
138882 65
138883 66
138901 65
138904 64
138919 63
138934 62
138939 63
138962 62
139005 63
139038 62
139053 61
139074 60
139108 59
139108 58
139131 57
139154 56
139187 55
139202 54
139210 55
139242 56
139254 55
139267 56
139286 55
139299 56
139304 55
139318 54
139335 53
139335 52
139348 53
139348 54
139431 55
139478 56
139490 57
139503 57
139510 56
139565 57
139570 56
139586 57
139594 58
139598 59
139620 58
139633 59
139636 60
139640 61
139650 62
139652 63
139678 62
139730 61
139784 62
139817 63
139825 62
139839 63
139843 62
139850 61
139888 62
139902 63
139904 64
139909 65
139921 64
139926 63
139970 64
140013 63
140026 62
140031 63
140034 62
140071 61
140073 62
140084 61
140084 60
140105 59
140160 58
140165 57
140178 58
140271 57
140286 58
140289 59
140297 60
140300 61
140486 60
140512 61
140566 60
140587 61
140595 60
140604 61
140618 62
140630 63
140630 64
140670 65
140698 66
140700 65
140702 66
140706 65
140737 66
140742 65
140759 64
140764 63
140796 62
140824 63
140842 62
140866 61
140993 60
141051 59
141085 60
141090 61
141114 60
141114 61
141118 60
141135 59
141178 60
141206 61
141206 62
141219 61
141233 62
141242 61
141248 62
141280 63
141283 64
141298 63
141308 64
141322 63
141322 62
141369 63
141405 62
141453 63
141577 64
141597 63
141634 64
141654 63
141697 62
141702 61
141704 62
141799 63
141800 64
141867 65
141873 66
141879 67
141880 68
141894 67
141955 68
141958 67
141962 68
142009 67
142089 68
142093 69
142127 70
142190 69
142270 70
142270 69
142376 68
142404 69
142410 68
142444 67
142468 66
142486 65
142522 64
142526 65
142529 66
142586 65
142602 64
142610 63
142642 62
142689 63
142723 62
142750 61
142762 60
142803 61
142806 62
142819 63
142856 62
142903 63
142915 64
142922 65
142930 64
142946 63
142963 62
142978 63
143012 64
143018 65
143028 64
143030 65
143065 64
143066 63
143068 62
143074 63
143081 62
143081 61
143084 60
143090 61
143122 60
143130 61
143158 62
143213 61
143234 60
143247 59
143287 60
143362 61
143407 60
143438 59
143458 60
143458 61
143459 60
143467 61
143472 62
143523 63
143526 64
143578 63
143598 62
143615 63
143629 64
143633 65
143642 66
143737 65
143744 64
143775 65
143783 64
143810 63
143859 62
143878 61
143902 60
143902 61
143906 60
143909 61
143953 60
143954 59
144004 60
144040 59
144065 58
144082 57
144146 58
144182 59
144227 60
144237 59
144263 60
144282 61
144289 62
144311 61
144422 62
144429 63
144473 62
144483 61
144483 62
144517 63
144527 64
144550 63
144570 64
144623 65
144704 64
144730 65
144748 66
144750 67
144786 68
144939 67
144942 66
144962 65
144972 66
145002 65
145005 66
145006 67
145006 68
145046 67
145059 66
145106 65
145176 66
145188 67
145197 66
145218 67
145250 68
145256 69
145287 70
145339 69
145351 68
145430 67
145536 68
145567 69
145575 68
145603 67
145611 68
145625 67
145625 66
145627 65
145670 64
145675 65
145691 64
145702 63
145712 62
145778 63
145784 64
145790 65
145798 64
145804 63
145830 64
145835 65
145890 66
145935 65
145953 64
146070 65
146099 66
146117 67
146165 68
146180 67
146221 66
146315 67
146349 66
146350 65
146362 64
146415 63
146435 62
146446 61
146447 62
146522 61
146534 62
146546 63
146549 64
146552 65
146564 64
146582 63
146611 62
146621 63
146622 64
146622 65
146630 66
146704 65
146747 64
146778 63
146849 64
146911 63
146912 62
146913 61
146916 60
146919 59
146942 58
146961 59
146974 58
146982 57
146982 56
147036 55
147036 54
147069 55
147075 54
147080 55
147085 54
147097 55
147098 54
147126 55
147146 54
147166 55
147198 56
147199 57
147221 58
147285 57
147293 56
147306 55
147331 54
147382 55
147408 56
147430 57
147446 56
147477 57
147487 56
147495 57
147543 58
147566 59
147589 60
147598 59
147606 60
147611 61
147615 62
147629 63
147668 62
147722 63
147745 62
147763 61
147846 60
147854 61
147854 62
147882 63
147889 64
147900 63
147906 62
147945 63
147970 64
147992 65
148006 66
148007 67
148040 66
148190 65
148234 64
148243 63
148278 64
148285 65
148288 66
148296 65
148302 66
148334 67
148390 68
148449 69
148479 70
148481 71
148498 72
148557 71
148587 70
148624 69
148628 70
148655 69
148663 70
148718 71
148729 70
148776 71
148794 70
148872 71
148875 70
148878 69
148878 68
148878 67
148879 68
148883 69
148919 68
148953 67
149020 68
149038 67
149048 66
149103 67
149130 66
149132 65
149139 64
149154 63
149198 64
149209 65
149277 64
149281 65
149287 64
149342 65
149356 64
149362 63
149366 64
149367 65
149377 66
149432 65
149500 66
149509 65
149521 64
149534 63
149536 62
149670 63
149678 64
149697 65
149702 64
149880 65
149885 66
149900 65
149902 64
149925 63
150003 62
150041 63
150058 62
150083 61
150196 60
150273 59
150291 58
150293 57
150295 58
150296 59
150300 60
150306 61
150318 60
150326 61
150332 62
150338 63
150340 64
150346 63
150422 62
150492 61
150497 62
150518 63
150529 64
150538 63
150574 64
150575 65
150619 64
150646 63
150647 62
150662 61
150690 60
150694 59
150709 58
150720 59
150793 58
150793 57
150831 58
150846 59
150853 58
150855 57
150857 58
150926 57
150986 58
151015 57
151023 58
151094 59
151096 60
151105 61
151107 60
151112 61
151163 60
151245 61
151294 60
151300 61
151333 62
151340 63
151367 62
151477 63
151486 62
151486 61
151493 62
151496 63
151497 64
151499 65
151534 66
151535 65
151562 64
151566 63
151580 64
151588 63
151595 62
151610 63
151650 62
151675 61
151710 62
151711 63
151712 64
151713 65
151760 64
151776 65
151786 66
151896 67
152003 68
152004 69
152005 68
152048 67
152095 68
152101 67
152103 66
152121 67
152129 66
152130 65
152158 64
152206 65
152230 64
152300 65
152302 66
152302 67
152332 66
152367 65
152368 64
152373 65
152398 66
152414 67
152522 68
152580 69
152580 68
152620 69
152623 70
152626 71
152629 70
152635 69
152683 68
152711 67
152722 66
152730 67
152778 66
152785 67
152790 66
152846 65
152946 64
152993 65
153003 64
153033 65
153045 64
153051 65
153067 66
153070 67
153135 66
153137 65
153143 64
153228 63
153259 63
153269 62
153278 63
153282 62
153289 61
153293 60
153337 59
153340 58
153393 57
153414 58
153498 57
153509 58
153546 59
153578 60
153579 61
153649 62
153661 62
153662 63
153672 64
153679 65
153680 66
153727 65
153757 66
153758 67
153766 66
153771 67
153771 66
153797 67
153970 68
153975 67
153982 66
154003 65
154006 66
154010 65
154014 66
154083 65
154098 64
154115 65
154137 64
154163 63
154198 64
154216 63
154231 64
154278 65
154282 66
154422 65
154429 64
154451 63
154460 64
154475 65
154485 66
154487 67
154498 66
154502 65
154542 64
154542 65
154572 64
154610 65
154640 64
154663 65
154669 66
154677 67
154690 68
154703 67
154724 66
154784 67
154789 68
154794 67
154815 68
154830 67
154858 68
154868 69
154963 70
154965 69
154994 70
155004 69
155030 68
155040 67
155112 68
155113 67
155114 68
155152 67
155180 66
155194 65
155206 64
155278 64
155296 65
155300 66
155308 67
155339 68
155347 69
155353 70
155356 71
155359 70
155361 69
155364 68
155383 67
155398 66
155408 65
155409 66
155435 65
155502 66
155554 65
155607 64
155607 63
155657 64
155730 63
155765 63
155765 63
155770 62
155770 62
155772 61
155772 61
155773 60
155775 59
155778 58
155787 57
155789 57
155790 58
155837 57
155879 56
155880 55
155898 56
155906 55
155926 54
155952 55
155974 54
155977 55
155981 56
156010 57
156146 58
156150 59
156160 60
156185 60
156186 60
156187 59
156187 59
156187 59
156188 58
156189 59
156191 58
156192 57
156194 56
156198 55
156199 55
156200 54
156263 55
156278 54
156321 55
156350 54
156356 55
156384 56
156410 57
156411 58
156428 59
156456 60
156460 59
156470 58
156473 58
156475 58
156475 57
156476 56
156478 57
156484 56
156555 55
156555 54
156634 53
156649 54
156669 54
156670 53
156671 54
156671 54
156675 55
156675 55
156676 54
156677 53
156680 52
156683 51
156694 50
156706 49
156727 50
156740 49
156741 50
156744 49
156744 49
156747 48
156750 47
156751 46
156751 46
156751 45
156794 46
156807 47
156841 47
156849 46
156851 45
156853 44
156857 44
156857 43
156858 42
156858 43
156867 43
156868 43
156898 44
156898 43
156904 42
156911 41
156911 40
156915 41
156928 42
156942 43
156951 44
156966 45
156972 44
156976 43
156980 42
157026 43
157058 44
157058 45
157068 44
157068 44
157068 43
157069 42
157071 41
157072 41
157074 41
157074 41
157075 40
157076 40
157078 40
157080 40
157080 41
157081 41
157081 41
157081 40
157083 40
157084 39
157085 39
157085 39
157137 40
157183 39
157186 39
157186 38
157187 39
157188 39
157189 38
157191 38
157237 39
157252 40
157272 41
157283 40
157287 41
157290 41
157294 41
157335 42
157335 42
157335 42
157338 42
157340 42
157340 42
157342 42
157344 42
157345 41
157345 41
157345 41
157346 40
157347 40
157349 40
157350 39
157358 40
157364 41
157366 41
157370 40
157380 39
157380 38
157416 39
157443 38
157446 37
157446 36
157447 36
157447 36
157447 36
157447 35
157450 36
157451 35
157451 34
157462 35
157474 34
157476 33
157476 32
157479 31
157481 30
157495 31
157501 32
157506 31
157521 32
157535 33
157596 34
157600 35
157616 36
157625 36
157626 37
157628 38
157638 38
157652 37
157689 38
157695 39
157698 39
157702 38
157705 37
157706 37
157707 37
157711 38
157712 37
157712 37
157742 38
157768 39
157773 40
157778 40
157780 41
157785 40
157795 40
157809 41
157814 40
157826 40
157832 39
157836 38
157838 37
157841 36
157842 35
157843 35
157844 36
157847 36
157852 37
157916 37
157918 38
157922 39
157929 40
157962 39
157976 38
157986 39
157994 39
157998 38
157999 37
157999 36
157999 35
157999 35
157999 34
157999 33
158006 32
158009 32
158036 33
158041 34
158068 33
158091 32
158091 31
158091 30
158093 29
158095 30
158096 31
158098 30
158111 29
158126 29
158127 30
158151 31
158162 30
158163 30
158163 31
158168 32
158178 33
158182 34
158184 33
158189 33
158191 32
158192 31
158192 31
158217 31
158218 31
158226 30
158226 29
158227 30
158229 31
158231 31
158231 32
158234 32
158237 31
158239 32
158255 31
158257 31
158262 32
158262 33
158270 33
158271 33
158271 33
158271 33
158271 32
158271 32
158278 32
158283 33
158288 34
158307 35
158308 36
158329 37
158330 37
158340 38
158343 39
158381 38
158382 37
158384 38
158387 37
158387 38
158392 37
158394 38
158396 39
158398 40
158415 41
158419 40
158426 41
158430 40
158434 39
158435 38
158462 39
158499 40
158510 41
158526 41
158543 40
158546 40
158546 40
158548 39
158550 39
158550 40
158558 41
158559 40
158561 41
158599 40
158613 39
158623 40
158640 39
158642 38
158643 38
158643 37
158646 38
158692 37
158710 38
158722 39
158726 39
158727 39
158736 38
158758 39
158760 40
158764 39
158767 38
158768 37
158776 36
158777 35
158782 36
158786 37
158786 38
158795 39
158806 39
158812 40
158834 41
158834 41
158837 40
158838 41
158844 41
158846 41
158846 40
158847 40
158847 41
158847 40
158857 40
158858 39
158860 38
158861 37
158876 36
158894 37
158902 36
158903 35
158903 34
158922 35
158935 36
158940 37
158942 38
158955 37
158978 38
158995 37
159004 38
159008 38
159015 37
159015 36
159019 36
159063 37
159065 38
159075 37
159096 36
159098 37
159103 37
159114 38
159115 39
159229 40
159305 41
159319 40
159323 39
159324 40
159326 39
159330 38
159331 39
159332 40
159334 41
159334 42
159335 43
159335 44
159335 45
159335 45
159374 46
159392 47
159399 47
159402 46
159406 46
159410 47
159414 48
159428 47
159430 47
159430 47
159432 46
159432 45
159450 46
159466 47
159471 48
159473 49
159506 50
159511 51
159517 52
159594 53
159628 54
159650 55
159657 56
159669 57
159724 58
159730 59
159731 60
159739 61
159741 60
159742 61
159785 62
159796 61
159814 62
159815 63
159834 62
159835 61
159835 60
159842 59
159862 58
159887 59
159894 60
159898 61
159898 62
159910 63
159927 64
159956 65
159959 64
159960 63
159960 62
159960 61
159961 60
159962 59
159962 58
159962 57
159962 56
159963 55
159970 55
159974 54
159974 54
159978 55
159998 56
160006 57
160050 58
160080 57
160087 56
160099 55
160177 54
160203 55
160217 54
160222 53
160223 54
160251 53
160264 54
160270 53
160277 54
160277 53
160278 52
160280 51
160283 50
160286 50
160286 49
160289 49
160293 48
160293 48
160294 48
160294 49
160295 50
160327 49
160342 48
160346 47
160350 46
160352 47
160361 46
160362 47
160371 46
160372 45
160374 45
160375 45
160378 46
160421 47
160432 46
160433 45
160436 44
160441 43
160441 42
160452 43
160486 44
160554 45
160563 46
160570 45
160581 44
160585 44
160596 45
160627 46
160629 46
160630 46
160631 45
160631 45
160631 45
160631 45
160633 44
160643 43
160643 42
160644 42
160672 43
160707 43
160708 42
160708 43
160710 43
160711 43
160711 43
160712 43
160715 43
160716 43
160719 43
160719 43
160720 42
160721 42
160721 42
160725 42
160726 42
160729 43
160741 43
160762 44
160805 45
160811 45
160812 45
160815 45
160817 45
160818 45
160819 45
160820 44
160820 44
160843 43
160850 42
160850 41
160854 40
160856 39
160858 38
160860 37
160865 36
160865 35
160877 36
160902 37
160915 38
160924 38
160931 38
160969 39
160981 40
160984 41
160984 41
160984 42
160985 41
160988 41
160990 40
160992 40
160993 40
160994 40
161002 39
161009 39
161011 39
161012 38
161050 39
161070 40
161074 41
161078 40
161086 41
161087 40
161087 40
161087 39
161087 39
161090 40
161093 41
161117 42
161119 42
161126 42
161186 43
161200 44
161226 43
161239 42
161239 41
161239 40
161239 41
161242 40
161246 40
161247 41
161247 42
161250 42
161256 41
161256 40
161270 41
161278 40
161279 41
161280 42
161286 42
161287 42
161290 42
161295 43
161296 43
161300 43
161303 42
161306 42
161307 42
161320 42
161320 41
161364 41
161365 41
161375 41
161383 42
161405 43
161418 44
161420 43
161421 42
161424 41
161426 42
161426 42
161427 41
161427 41
161428 41
161430 41
161441 42
161441 41
161442 40
161442 40
161442 40
161443 39
161444 39
161452 39
161452 38
161454 37
161454 37
161455 36
161455 36
161490 37
161492 38
161494 39
161495 40
161495 39
161496 38
161496 37
161498 36
161502 36
161505 37
161507 36
161517 35
161569 36
161576 36
161581 37
161582 36
161584 36
161584 36
161590 35
161594 36
161606 35
161613 34
161616 33
161685 34
161687 34
161688 34
161697 34
161708 35
161710 36
161710 37
161726 36
161727 36
161727 36
161741 37
161758 38
161776 39
161795 39
161795 38
161795 37
161795 36
161797 37
161814 38
161815 39
161821 38
161834 37
161836 37
161865 37
161914 38
161917 39
161924 38
161951 37
161998 38
162010 37
162011 36
162022 37
162034 37
162048 38
162048 39
162054 39
162057 40
162059 40
162060 39
162062 40
162062 41
162062 42
162068 43
162069 43
162073 43
162076 42
162077 42
162081 41
162081 41
162086 40
162138 40
162144 41
162146 40
162147 39
162154 40
162157 39
162176 40
162187 39
162188 40
162242 41
162242 42
162252 42
162252 42
162252 42
162252 42
162252 42
162252 42
162253 41
162259 42
162259 43
162265 42
162266 41
162267 40
162269 41
162279 41
162279 40
162298 41
162325 42
162328 43
162329 42
162350 43
162358 44
162359 43
162359 42
162363 41
162366 42
162369 43
162374 42
162376 43
162377 44
162424 45
162426 44
162429 43
162429 42
162434 43
162441 42
162462 41
162473 42
162474 43
162475 44
162489 45
162492 46
162495 45
162496 44
162502 45
162503 44
162507 45
162569 46
162570 45
162573 44
162575 45
162582 46
162619 45
162620 44
162638 44
162649 45
162650 46
162654 47
162710 48
162718 49
162747 50
162799 51
162812 50
162832 51
162872 52
162885 51
162886 52
162889 53
162910 54
162912 55
162926 56
162943 57
162952 58
162961 57
162962 58
162967 59
162976 60
163006 59
163032 58
163036 59
163038 60
163050 61
163051 62
163053 61
163058 60
163065 61
163075 60
163126 61
163127 62
163135 63
163142 64
163203 65
163203 66
163207 65
163242 66
163251 65
163256 66
163311 65
163331 66
163331 67
163331 68
163340 69
163350 68
163351 67
163474 68
163476 69
163477 70
163480 69
163498 68
163548 69
163582 68
163602 67
163604 66
163604 65
163604 64
163604 63
163612 63
163619 62
163635 61
163637 60
163643 61
163654 62
163668 63
163703 64
163712 63
163774 62
163802 61
163895 60
163936 59
163937 58
163987 59
164013 60
164098 61
164186 60
164202 61
164211 61
164211 60
164214 59
164215 58
164217 57
164221 56
164222 57
164226 58
164226 58
164227 59
164263 60
164286 61
164291 62
164299 61
164411 60
164412 60
164414 61
164415 61
164435 62
164455 63
164467 62
164474 62
164476 62
164490 61
164491 62
164496 61
164498 60
164500 59
164500 58
164501 57
164508 57
164519 58
164527 59
164534 59
164539 58
164539 57
164542 57
164545 56
164546 55
164579 55
164586 54
164588 53
164591 52
164611 53
164697 54
164697 53
164697 53
164698 52
164702 51
164704 51
164704 50
164704 49
164708 49
164713 48
164714 47
164739 48
164739 49
164747 49
164751 48
164751 47
164751 47
164751 47
164751 46
164751 45
164751 44
164751 43
164754 42
164761 42
164761 42
164843 43
164845 42
164846 41
164847 40
164850 40
164852 39
164859 38
164891 39
164903 38
164911 37
164923 38
164923 39
164931 38
164935 37
164945 37
164947 37
164959 37
164977 38
164997 37
164998 38
165003 39
165003 38
165011 37
165053 36
165054 35
165055 34
165055 33
165057 32
165058 31
165059 30
165060 30
165060 31
165062 30
165066 29
165066 28
165072 29
165080 29
165082 30
165083 31
165088 31
165088 30
165089 30
165089 30
165095 29
165119 28
165122 29
165123 28
165134 28
165136 28
165141 27
165143 27
165143 27
165143 27
165144 27
165146 27
165149 27
165149 26
165151 25
165152 25
165153 25
165153 25
165163 26
165167 27
165167 28
165168 27
165171 26
165177 26
165178 25
165178 24
165179 23
165179 22
165182 23
165182 23
165182 23
165183 22
165183 21
165184 22
165185 21
165186 21
165186 21
165189 21
165195 22
165244 23
165257 24
165263 23
165264 22
165267 21
165268 20
165275 21
165283 20
165286 20
165288 19
165339 20
165341 20
165344 20
165349 19
165351 20
165357 20
165358 20
165363 20
165369 20
165372 20
165373 21
165391 20
165399 19
165400 19
165403 18
165405 18
165415 19
165430 20
165454 20
165455 19
165455 19
165465 20
165469 21
165475 22
165475 22
165476 23
165476 22
165478 21
165478 21
165478 21
165479 21
165480 20
165482 20
165482 19
165482 19
165488 19
165488 18
165489 18
165489 17
165491 17
165496 18
165515 17
165520 18
165524 18
165525 18
165559 19
165569 20
165607 21
165620 22
165622 22
165657 21
165660 22
165667 22
165668 21
165668 21
165669 22
165671 21
165674 21
165675 22
165675 22
165687 23
165687 23
165694 24
165695 25
165696 26
165699 25
165699 24
165699 24
165699 24
165699 24
165699 23
165700 24
165710 24
165711 23
165715 24
165724 25
165731 26
165736 25
165749 25
165759 26
165771 27
165772 26
165772 26
165772 26
165773 26
165774 26
165775 25
165778 25
165783 25
165783 25
165785 25
165787 26
165806 27
165817 28
165818 29
165820 29
165821 30
165822 29
165829 28
165848 28
165879 29
165892 29
165899 28
165901 27
165908 28
165914 29
165916 30
165924 31
165925 32
165940 31
165946 32
165956 32
165957 31
165959 32
165975 31
165975 30
165975 30
165975 29
165975 28
165975 27
165977 26
165979 27
165982 27
165991 28
166011 28
166017 29
166024 30
166051 31
166059 30
166063 29
166065 28
166074 27
166076 28
166087 27
166089 28
166095 28
166100 29
166104 29
166105 29
166108 28
166108 29
166110 30
166114 29
166121 28
166122 29
166122 29
166128 29
166132 29
166135 30
166137 29
166151 29
166168 30
166171 29
166217 30
166223 31
166237 30
166244 29
166245 28
166259 29
166267 28
166270 29
166280 28
166281 27
166291 28
166299 27
166300 27
166300 28
166304 27
166311 28
166326 29
166329 29
166330 29
166331 28
166333 27
166338 27
166339 28
166340 29
166341 29
166367 30
166390 31
166397 32
166422 33
166426 34
166430 35
166433 35
166435 36
166435 37
166443 36
166450 37
166451 36
166459 36
166459 35
166462 34
166463 35
166468 35
166468 36
166469 35
166472 34
166477 34
166487 35
166491 36
166534 35
166551 36
166569 37
166593 38
166593 39
166601 40
166603 41
166604 40
166608 40
166610 40
166636 41
166640 42
166642 42
166647 42
166648 43
166651 42
166652 41
166653 41
166655 40
166656 40
166676 40
166682 40
166685 41
166716 41
166719 40
166723 39
166723 39
166723 40
166759 41
166767 41
166767 41
166767 40
166767 39
166777 40
166786 40
166799 40
166805 41
166806 42
166816 41
166845 42
166852 43
166891 42
166892 43
166893 44
166925 45
166950 46
167015 45
167022 44
167060 45
167067 44
167070 45
167071 44
167071 44
167082 43
167083 44
167088 44
167108 45
167110 46
167113 47
167132 48
167138 49
167139 48
167143 49
167150 48
167208 47
167212 48
167225 49
167230 50
167238 51
167247 52
167267 53
167278 52
167279 53
167280 52
167287 53
167351 54
167352 55
167360 55
167363 56
167368 57
167395 58
167471 59
167523 60
167523 61
167529 61
167531 61
167531 60
167531 61
167531 61
167531 60
167531 60
167531 60
167531 59
167533 58
167538 57
167539 56
167539 56
167539 55
167543 54
167543 53
167544 52
167545 51
167550 50
167583 51
167594 52
167619 51
167637 50
167641 49
167679 50
167693 49
167695 49
167695 49
167695 49
167702 50
167703 50
167714 51
167723 52
167731 51
167783 52
167800 51
167831 52
167831 51
167839 50
167840 50
167879 51
167891 50
167892 51
167895 50
167895 49
167895 50
167902 49
167902 48
167906 48
167907 47
167907 46
167908 45
167913 44
167938 45
168044 46
168079 47
168161 48
168173 47
168177 46
168185 47
168185 46
168186 45
168186 44
168186 43
168186 42
168186 41
168186 40
168186 39
168188 38
168189 37
168189 37
168189 37
168190 36
168190 37
168190 37
168192 37
168193 36
168193 36
168193 35
168194 35
168195 34
168198 34
168200 34
168200 34
168202 34
168211 34
168219 34
168219 34
168219 34
168219 34
168219 34
168219 33
168219 33
168220 33
168224 32
168230 31
168263 32
168275 32
168277 32
168287 33
168292 34
168295 34
168304 34
168308 35
168311 36
168351 37
168395 38
168403 38
168403 38
168403 37
168403 36
168403 36
168403 36
168454 37
168456 38
168463 39
168467 40
168467 39
168467 38
168469 38
168469 39
168469 39
168469 38
168470 37
168470 37
168471 36
168471 35
168471 34
168472 34
168473 34
168473 33
168476 33
168478 32
168478 31
168478 31
168479 31
168479 31
168480 32
168480 33
168481 32
168481 32
168487 31
168487 31
168488 30
168555 31
168559 32
168559 33
168559 34
168591 35
168604 34
168631 34
168643 35
168652 36
168677 37
168695 38
168701 37
168703 36
168713 35
168721 36
168747 37
168751 38
168753 39
168757 39
168758 40
168775 41
168783 40
168783 39
168783 39
168783 39
168795 39
168795 40
168799 39
168810 40
168846 41
168885 42
168885 43
168895 42
168896 41
168896 40
168900 39
168918 40
168973 41
168978 42
168982 42
169013 41
169016 42
169039 43
169039 44
169047 43
169047 42
169053 41
169055 40
169061 39
169062 40
169077 39
169079 40
169094 40
169099 39
169099 38
169099 37
169099 36
169099 35
169099 36
169103 36
169115 35
169115 36
169117 36
169124 36
169132 37
169151 36
169175 37
169175 38
169178 37
169179 37
169180 36
169180 35
169181 34
169181 33
169183 32
169183 31
169186 30
169186 29
169186 28
169188 27
169190 26
169191 25
169192 25
169193 25
169193 24
169194 23
169196 24
169199 25
169208 24
169231 25
169240 25
169240 25
169241 26
169250 27
169258 26
169262 27
169274 28
169282 29
169313 30
169320 29
169326 28
169331 29
169352 28
169353 29
169356 29
169357 29
169358 29
169361 30
169362 29
169362 29
169362 29
169362 28
169363 28
169368 27
169369 26
169371 25
169372 25
169373 26
169421 27
169430 26
169435 27
169435 28
169439 29
169439 28
169441 29
169444 28
169444 29
169463 30
169474 31
169475 32
169483 32
169483 32
169483 31
169483 31
169484 30
169486 29
169490 29
169491 28
169501 29
169526 30
169528 31
169545 32
169552 31
169559 30
169562 31
169575 32
169575 32
169580 31
169596 32
169602 33
169603 33
169608 33
169608 32
169608 32
169610 33
169614 33
169625 34
169655 35
169661 34
169663 34
169675 35
169697 36
169702 37
169704 37
169704 36
169707 37
169711 38
169712 39
169712 38
169714 37
169721 38
169727 38
169758 39
169767 40
169768 39
169769 38
169770 39
169770 38
169777 39
169777 40
169781 40
169814 41
169831 42
169842 43
169852 44
169873 43
169877 43
169882 43
169883 44
169883 45
169887 46
169888 45
169888 44
169965 45
169968 45
169974 44
169975 45
169975 44
169976 43
169980 43
169982 42
169983 43
169984 42
169985 41
169991 41
170003 40
170003 39
170005 40
170008 41
170009 40
170039 41
170047 41
170047 41
170047 41
170047 41
170047 40
170075 39
170075 38
170079 39
170080 40
170085 39
170089 38
170147 39
170148 40
170163 41
170199 42
170206 43
170211 42
170229 43
170243 42
170259 43
170268 42
170268 41
170268 40
170269 41
170270 42
170299 43
170307 42
170325 43
170328 44
170344 45
170349 46
170351 47
170351 46
170359 45
170379 46
170391 47
170395 48
170395 49
170399 50
170456 49
170461 50
170473 49
170478 48
170482 49
170513 50
170545 51
170549 52
170559 53
170578 54
170579 53
170604 54
170636 55
170691 54
170693 55
170703 54
170705 55
170738 54
170757 55
170759 56
170791 57
170795 58
170801 59
170804 60
170837 59
170847 60
170859 61
170859 62
170861 63
170904 64
170915 65
170915 66
170930 67
170991 68
171026 69
171112 70
171126 71
171154 72
171162 73
171178 74
171227 73
171231 74
171239 73
171242 72
171274 71
171297 70
171305 69
171307 68
171327 69
171343 70
171355 71
171363 70
171379 69
171427 70
171432 69
171440 70
171549 69
171629 70
171672 71
171933 72
171982 71
171983 72
171992 71
172055 72
172167 73
172275 74
172359 75
172518 74
172588 73
172676 74
172705 75
172706 76
172754 77
172788 78
172791 77
172899 76
172949 75
172954 74
172955 73
172985 74
173024 73
173029 72
173031 73
173037 72
173063 71
173076 70
173178 69
173209 68
173237 67
173289 66
173309 65
173318 64
173321 63
173379 64
173380 63
173407 62
173422 61
173424 60
173435 59
173490 58
173491 57
173505 58
173569 57
173620 58
173624 59
173657 60
173680 59
173683 58
173685 57
173691 58
173722 57
173739 56
173797 55
173799 54
173842 55
173847 54
173847 53
173873 54
173875 55
173924 56
173930 57
173935 58
173940 57
173962 56
173979 57
173996 56
174027 55
174078 54
174104 55
174114 56
174115 57
174121 56
174123 57
174151 56
174165 55
174185 56
174210 57
174211 58
174221 57
174256 58
174303 57
174323 58
174340 59
174394 58
174394 57
174414 58
174417 59
174421 60
174513 59
174547 60
174561 59
174561 58
174562 57
174567 58
174577 59
174589 58
174602 59
174605 60
174666 61
174666 62
174670 63
174678 64
174726 65
174730 66
174735 67
174738 68
174753 67
174771 66
174783 65
174789 64
174809 63
174871 64
174927 65
174942 64
174987 63
174987 62
174994 63
175011 62
175015 61
175015 62
175029 61
175034 60
175077 59
175104 60
175111 59
175126 58
175147 59
175158 58
175166 59
175177 60
175179 59
175319 58
175334 57
175339 56
175358 55
175366 56
175367 57
175381 56
175387 55
175501 56
175509 57
175516 58
175528 59
175549 60
175623 61
175624 62
175626 63
175627 64
175635 63
175636 64
175638 63
175650 64
175678 65
175698 66
175723 67
175730 68
175731 69
175731 68
175734 69
175749 68
175759 67
175791 68
175825 67
175899 66
175909 65
175922 64
175931 65
175931 64
175940 63
175955 64
175966 65
175979 66
176035 65
176039 66
176057 65
176064 66
176101 65
176118 64
176128 63
176148 64
176240 65
176307 64
176313 63
176322 64
176352 63
176371 62
176376 63
176411 64
176451 65
176499 64
176567 65
176626 66
176661 65
176665 64
176666 63
176708 62
176760 63
176819 64
176833 65
176861 66
176914 65
176950 66
176958 65
176992 64
177005 65
177089 64
177123 65
177144 66
177167 67
177236 68
177237 67
177244 68
177302 67
177380 66
177382 65
177457 66
177458 67
177488 66
177533 67
177542 68
177547 69
177583 68
177614 67
177631 68
177631 69
177645 70
177665 69
177716 70
177735 69
177739 70
177805 71
177810 72
177817 73
177872 72
177882 71
178011 70
178015 69
178019 70
178027 71
178027 72
178031 73
178093 72
178098 71
178137 70
178146 69
178216 68
178270 67
178275 66
178317 67
178407 66
178419 65
178433 64
178465 63
178507 62
178552 61
178606 62
178631 63
178669 64
178686 65
178695 64
178695 63
178735 62
178764 61
178782 62
178788 61
178806 60
178806 61
178845 60
178868 59
178902 60
178903 59
178935 60
178942 61
179065 60
179095 59
179128 60
179136 61
179147 60
179183 61
179185 62
179211 61
179214 62
179219 61
179229 62
179279 63
179306 64
179342 65
179385 66
179385 67
179459 68
179463 67
179524 66
179527 67
179531 66
179617 67
179686 66
179688 65
179689 64
179691 65
179711 64
179713 63
179723 62
179737 61
179754 62
179778 63
179783 62
179787 63
179811 62
179841 61
179922 61
179939 62
179941 63
179954 62
179958 63
179975 62
179977 61
180054 60
180064 59
180191 58
180227 59
180227 60
180237 61
180253 60
180255 59
180283 60
180321 61
180331 60
180378 59
180402 60
180417 61
180424 62
180431 63
180460 64
180531 65
180549 66
180580 67
180656 68
180711 67
180723 68
180727 69
180739 70
180783 71
180824 70
180877 71
180893 70
180895 69
180956 70
180962 71
181003 70
181009 71
181011 70
181078 69
181099 68
181187 69
181200 70
181200 69
181222 70
181231 71
181291 70
181296 69
181304 70
181375 69
181380 68
181443 67
181520 68
181539 67
181544 68
181571 69
181578 68
181587 69
181709 68
181722 69
181801 68
181805 69
181807 70
181824 69
181827 70
181840 69
181843 68
181861 67
181865 66
181948 67
182014 68
182037 69
182038 70
182043 69
182057 70
182083 69
182115 68
182171 67
182215 66
182225 65
182288 64
182323 63
182325 62
182357 63
182378 64
182419 63
182431 62
182478 61
182485 60
182507 61
182587 62
182593 61
182635 60
182675 59
182691 58
182707 59
182723 60
182739 61
182849 60
182889 61
182903 62
182927 61
182965 60
182992 59
183031 58
183034 57
183047 56
183054 57
183083 58
183103 59
183134 60
183151 61
183159 60
183194 61
183207 62
183236 61
183250 62
183251 63
183281 64
183283 63
183343 64
183343 65
183343 66
183379 67
183395 66
183428 65
183430 66
183431 65
183445 64
183476 63
183522 64
183523 63
183550 62
183587 61
183591 62
183598 63
183603 62
183615 62
183617 63
183639 62
183664 61
183664 60
183681 59
183695 58
183709 57
183715 58
183763 57
183763 56
183807 55
183873 54
183914 55
183932 56
183933 57
183942 58
183944 59
183944 60
184010 61
184043 62
184065 63
184089 62
184121 63
184183 64
184197 65
184239 66
184249 67
184342 66
184348 65
184373 64
184377 63
184398 64
184398 65
184455 66
184498 67
184508 68
184528 69
184560 68
184581 67
184631 66
184654 65
184698 66
184713 65
184775 66
184818 65
184843 66
184843 67
184875 66
184876 65
184878 66
184887 65
184901 66
184905 66
184921 67
185030 66
185035 67
185084 68
185112 69
185120 68
185128 69
185132 70
185132 69
185247 68
185255 69
185275 68
185287 67
185289 66
185321 67
185369 68
185434 69
185442 70
185525 69
185546 68
185559 67
185584 68
185593 69
185600 70
185657 69
185684 68
185689 67
185735 68
185759 67
185760 66
185764 67
185766 68
185781 67
185821 66
185823 65
185904 64
185923 63
185974 62
185994 61
186048 62
186071 61
186134 60
186139 59
186180 58
186189 57
186197 58
186215 59
186223 58
186226 57
186233 58
186299 57
186323 58
186343 57
186422 58
186423 59
186479 58
186483 57
186544 58
186552 57
186605 58
186611 59
186622 58
186628 59
186641 60
186672 59
186751 60
186772 61
186776 62
186791 63
186830 64
186831 65
186837 64
186867 63
186884 62
186927 63
186933 62
186937 61
186940 60
186942 59
186983 60
186984 61
186990 62
186992 63
186994 64
187037 65
187051 66
187119 67
187142 66
187143 65
187154 64
187192 65
187207 66
187231 65
187231 66
187256 67
187270 66
187282 67
187363 66
187386 65
187393 64
187401 63
187412 62
187450 63
187451 64
187452 63
187481 64
187527 63
187535 62
187570 63
187595 62
187596 61
187616 62
187643 63
187645 62
187671 63
187752 64
187784 63
187788 64
187796 65
187833 66
187838 67
187839 68
187864 67
187949 68
187995 67
188071 68
188093 69
188125 70
188134 71
188135 70
188144 71
188219 72
188233 73
188315 72
188340 71
188357 70
188361 69
188389 68
188423 67
188439 68
188480 69
188508 68
188524 69
188584 68
188586 67
188644 68
188652 67
188691 66
188710 65
188774 66
188795 67
188917 68
188930 69
188931 70
188977 71
189001 72
189032 73
189035 72
189093 71
189131 70
189135 69
189151 70
189195 70
189217 69
189223 68
189262 67
189285 68
189331 67
189395 66
189399 67
189404 66
189440 65
189443 66
189448 65
189451 64
189497 63
189531 62
189536 61
189614 60
189631 59
189681 60
189686 61
189695 60
189707 61
189755 62
189759 63
189759 64
189779 63
189843 64
189847 63
189900 62
189900 61
189946 60
189976 61
189977 60
190033 59
190045 60
190079 59
190084 58
190096 57
190099 58
190107 59
190110 60
190155 61
190191 60
190191 59
190193 58
190194 59
190231 58
190236 57
190241 58
190270 59
190271 58
190276 59
190378 58
190414 59
190429 60
190442 61
190539 62
190539 63
190553 64
190575 63
190635 62
190648 61
190672 62
190685 61
190695 62
190769 61
190852 60
190859 61
190859 62
190863 61
190866 62
190894 63
190938 62
190968 61
190978 62
190979 63
190979 64
191015 63
191015 64
191019 65
191078 66
191083 65
191107 64
191112 63
191124 62
191131 63
191137 62
191167 63
191199 64
191239 65
191247 64
191247 63
191253 64
191255 65
191272 64
191289 63
191304 62
191340 61
191352 60
191366 59
191414 60
191421 61
191431 62
191464 61
191475 60
191487 59
191495 58
191500 57
191511 56
191619 57
191623 58
191635 57
191667 58
191684 57
191700 58
191703 59
191735 60
191741 61
191748 62
191753 63
191778 62
191892 63
191894 64
191942 65
191953 64
191959 65
191972 66
192040 67
192053 68
192144 67
192173 68
192185 69
192204 70
192210 69
192259 68
192324 67
192360 66
192362 65
192383 64
192386 65
192391 64
192423 65
192431 66
192461 67
192473 68
192519 69
192586 70
192591 71
192592 70
192595 71
192707 70
192817 69
192845 68
192886 67
192893 68
192927 67
192954 66
192965 65
193000 64
193005 63
193006 64
193139 65
193144 64
193169 63
193174 62
193181 61
193184 60
193251 59
193316 60
193339 59
193373 60
193383 61
193399 62
193429 63
193464 64
193467 65
193501 64
193547 65
193574 66
193584 67
193625 68
193660 67
193675 66
193680 67
193706 68
193760 69
193788 70
193789 71
193792 70
193793 71
193815 70
193841 69
193902 68
193910 67
193959 66
194007 65
194047 64
194064 63
194071 64
194071 65
194072 66
194089 65
194168 66
194176 67
194239 66
194239 65
194243 64
194266 65
194275 64
194283 63
194299 62
194353 61
194380 62
194496 61
194507 62
194564 61
194619 62
194667 61
194696 60
194699 61
194707 62
194708 63
194713 64
194760 63
194784 64
194792 63
194811 64
194821 63
194849 64
194889 65
194893 66
194926 65
194939 64
194947 65
194959 64
194965 65
194968 64
194996 65
194998 66
195011 65
195037 64
195235 63
195257 64
195275 65
195339 66
195355 67
195375 68
195445 69
195455 70
195499 71
195505 70
195587 69
195627 70
195674 71
195715 72
195718 73
195853 74
195860 75
195884 74
195953 73
195961 72
196073 71
196075 70
196095 69
196109 70
196127 71
196148 70
196168 71
196209 70
196246 71
196335 72
196335 73
196348 74
196353 73
196383 72
196423 71
196428 70
196473 71
196574 70
196575 69
196608 70
196623 71
196652 70
196684 69
196684 70
196744 69
196809 68
196851 67
196871 66
196873 65
196892 66
196908 65
196958 64
197003 63
197038 64
197097 65
197167 64
197231 65
197263 64
197304 65
197331 64
197372 65
197406 64
197435 65
197459 66
197485 65
197487 66
197497 65
197533 64
197538 65
197545 66
197546 67
197554 66
197583 67
197611 66
197654 67
197659 66
197701 67
197703 66
197718 67
197729 66
197763 65
197796 64
197810 65
197846 64
197854 63
197871 62
197904 61
197921 60
197947 59
197954 58
198002 59
198026 58
198059 57
198060 56
198118 57
198119 58
198131 59
198159 60
198161 59
198177 58
198200 59
198226 60
198246 59
198319 60
198326 61
198368 60
198383 61
198425 62
198435 63
198443 62
198458 63
198463 64
198481 63
198499 62
198499 61
198512 60
198529 59
198580 58
198607 59
198634 60
198658 59
198663 58
198678 59
198714 60
198723 61
198834 62
198838 63
198853 62
198860 63
198862 62
198895 61
198960 62
199005 63
199027 64
199043 65
199053 66
199082 67
199100 66
199148 67
199164 68
199215 67
199220 66
199229 67
199263 66
199355 67
199361 68
199402 68
199421 69
199423 70
199427 71
199456 70
199473 69
199626 70
199642 69
199642 70
199731 69
199753 70
199785 69
199819 70
199820 71
199898 70
199900 69
199911 68
199977 69
199979 68
199997 67
200047 68
200065 67
200112 66
200122 65
200246 66
200247 67
200247 68
200281 67
200290 66
200301 67
200315 68
200315 69
200341 70
200356 69
200377 68
200387 67
200411 68
200423 67
200426 68
200427 69
