1548 1
1687 2
2926 3
2963 4
3127 5
3510 6
3543 7
3724 8
3956 9
3988 10
3998 11
4019 12
4073 13
4125 14
4342 15
4425 16
4689 17
5409 18
5478 19
5728 20
5846 21
6857 22
6899 23
6949 24
10380 25
10930 26
11373 27
11418 28
11708 29
11988 30
12095 31
12296 32
12900 33
13262 34
13287 35
14469 36
15212 37
15630 38
17080 39
17796 40
18351 41
18791 42
18825 43
19125 44
19707 45
19711 46
20307 47
21838 48
21912 49
25292 50
25772 51
26129 52
26208 53
26248 54
26526 55
27117 56
27131 57
27729 58
29340 59
29431 60
29635 61
32996 62
33177 63
33656 64
33944 65
33944 66
33994 67
34534 68
34786 69
35151 70
35663 71
36751 72
39407 73
40412 74
40597 75
41079 76
41318 77
41409 78
42557 79
43223 80
43898 81
44162 82
44177 83
44300 84
47145 85
47828 86
47883 87
48018 88
48827 89
49677 90
51449 91
52406 92
54565 93
55245 94
55310 95
56244 96
56345 97
56486 98
56563 99
56606 100
56731 101
56756 102
56784 103
56812 104
56905 105
56960 106
57050 107
57056 108
57208 109
57386 110
57386 111
57391 112
57534 113
57652 114
57861 115
57870 116
57922 117
57925 118
58002 119
58037 120
58272 121
58349 122
58354 123
58604 124
58731 125
58807 126
59032 127
59104 128
59145 129
59147 130
59564 131
60208 132
60767 133
61545 134
62139 135
62146 136
62256 137
62308 138
62403 139
62583 140
62616 141
66073 142
67000 143
67060 144
67700 145
68206 146
68293 147
68935 148
70922 149
71317 150
73382 151
74036 152
74633 153
74916 154
75447 155
75456 156
75471 157
75486 158
75900 159
75959 160
76215 161
76226 162
76299 163
78180 164
79308 165
79621 166
80313 167
80838 168
83370 169
83381 170
83721 171
86570 172
87325 173
87613 174
87784 175
87840 176
88796 177
88818 178
90781 179
90958 180
92468 181
93688 182
93996 183
94013 184
94845 185
95065 186
95258 187
95313 188
96006 189
96465 190
96768 191
97260 192
97396 193
98048 194
99065 195
99303 196
99325 197
99765 198
100098 199
100895 200
101147 201
102921 202
103396 203
103413 204
104073 205
104227 206
105031 207
106065 208
107359 209
107525 210
107574 211
107601 212
107613 213
108578 214
109870 215
109993 216
110909 217
111832 218
112266 219
112367 220
112858 221
114810 222
114932 223
117090 224
117634 225
117714 226
117828 227
117908 228
118033 229
118061 230
118129 231
118286 232
118553 233
118658 234
119545 235
119709 236
119805 237
120297 238
120807 239
121304 240
121780 241
122252 242
122690 243
125322 244
125421 245
125477 246
125657 247
125706 248
125963 249
126961 250
127073 251
127216 252
127704 253
128212 254
128650 255
129461 256
130165 257
130601 258
132110 259
132521 260
132739 261
132839 262
133124 263
133265 264
134377 265
134567 266
134623 267
134628 268
134752 269
135128 270
135632 271
136108 272
136126 273
137575 274
137835 275
139937 276
139993 277
140156 278
140256 279
140681 280
142535 281
143053 282
143577 283
143824 284
144304 285
145245 286
145266 287
145869 288
146754 289
147558 290
147674 291
148094 292
149361 293
149867 294
149958 295
151077 296
151241 297
151315 298
151541 299
152687 300
152806 301
153560 302
154592 303
154979 304
155091 305
155209 306
155510 307
155566 308
156584 309
156813 310
157365 311
157411 312
158726 313
158968 314
160108 315
160226 316
160970 317
162088 318
162392 319
162695 320
162763 321
162926 322
162982 323
163482 324
164789 325
164894 326
164913 327
166044 328
166137 329
166379 330
168385 331
168540 332
168882 333
169809 334
170038 335
170181 336
170342 337
170523 338
171246 339
172304 340
173578 341
173587 342
173790 343
174790 344
175160 345
175909 346
176287 347
177342 348
177654 349
178848 350
178888 351
179026 352
179093 353
179898 354
180012 355
180384 356
180486 357
181035 358
181393 359
181977 360
182023 361
182123 362
182180 363
182191 364
182242 365
182763 366
183309 367
183323 368
183605 369
183680 370
184524 371
185184 372
186621 373
187902 374
188093 375
188493 376
189190 377
189391 378
189432 379
189434 380
189441 381
189484 382
189535 383
189601 384
190189 385
190362 386
190740 387
191099 388
192259 389
192638 390
193671 391
194201 392
