806 1
1484 2
1921 3
4162 4
4228 5
5229 6
5327 7
5332 8
5461 9
5673 10
6513 11
7010 12
9297 13
10835 14
11584 15
11644 16
11745 17
12744 18
13093 19
14356 20
14421 21
15252 22
15459 23
16300 24
16560 25
18990 26
19060 27
20161 28
21089 29
21131 30
21958 31
22862 32
23718 33
24201 34
24344 35
25320 36
26412 37
26476 38
27579 39
28606 40
28856 41
29271 42
31136 43
31723 44
33518 45
33834 46
33855 47
33888 48
34996 49
36017 50
36803 51
37222 52
38931 53
39093 54
39303 55
40078 56
40574 57
43836 58
44057 59
44232 60
44429 61
44508 62
44975 63
45165 64
45167 65
45376 66
45548 67
45704 68
45823 69
46359 70
46402 71
46574 72
47062 73
47650 74
47667 75
47903 76
48642 77
50553 78
51840 79
52200 80
52396 81
52911 82
53099 83
53124 84
53172 85
53804 86
54456 87
56060 88
59256 89
59612 90
59818 91
59900 92
60450 93
60541 94
60588 95
61222 96
61865 97
63486 98
65100 99
65726 100
65793 101
65808 102
66122 103
67657 104
67865 105
69061 106
69918 107
70033 108
70121 109
70140 110
70403 111
71062 112
71598 113
72575 114
72849 115
72877 116
73104 117
73678 118
73795 119
74266 120
74266 121
76547 122
77337 123
77386 124
77539 125
77913 126
77968 127
78087 128
78654 129
80056 130
80265 131
80569 132
80674 133
80732 134
81061 135
81192 136
81207 137
84853 138
85053 139
85390 140
86071 141
87118 142
87681 143
87991 144
88930 145
90793 146
92471 147
92812 148
93321 149
93473 150
94146 151
94405 152
94592 153
94639 154
95093 155
95098 156
95775 157
96041 158
99873 159
99944 160
100218 161
100890 162
102509 163
103005 164
103265 165
103801 166
106029 167
107291 168
107361 169
107640 170
108307 171
108755 172
109925 173
110803 174
113448 175
113782 176
114709 177
115046 178
115703 179
115724 180
117341 181
118213 182
119407 183
119487 184
122127 185
122468 186
122752 187
123141 188
123213 189
124204 190
127105 191
129545 192
129890 193
130449 194
130558 195
131061 196
133050 197
134568 198
134578 199
136054 200
136424 201
136469 202
136963 203
137296 204
137860 205
137975 206
138477 207
139079 208
140646 209
141340 210
143765 211
144028 212
144365 213
144718 214
145186 215
145268 216
145271 217
145392 218
146041 219
146822 220
147206 221
147222 222
148114 223
148778 224
151776 225
151784 226
152124 227
152388 228
152699 229
152755 230
152779 231
152809 232
152823 233
154638 234
155530 235
156973 236
157557 237
159202 238
159533 239
159546 240
159991 241
160110 242
160226 243
160577 244
161009 245
162054 246
162946 247
163398 248
165258 249
166620 250
166685 251
166968 252
167019 253
167023 254
167184 255
167521 256
167628 257
168315 258
169470 259
170362 260
173236 261
173244 262
174114 263
174197 264
174361 265
174374 266
174948 267
175045 268
175498 269
175910 270
176398 271
176718 272
179022 273
181615 274
181796 275
182027 276
182241 277
182359 278
182462 279
182966 280
188610 281
189129 282
189202 283
189747 284
189786 285
189883 286
191762 287
