1089 1
1494 2
1503 3
1539 4
2111 5
2146 6
2152 7
2663 8
2951 9
3319 10
7071 11
8299 12
8507 13
8835 14
8892 15
8914 16
8920 17
8988 18
9574 19
10080 20
10262 21
10368 22
10498 23
10651 24
13945 25
14382 26
15925 27
16242 28
16660 29
16996 30
17492 31
17779 32
18190 33
18490 34
18641 35
23326 36
23784 37
23784 38
24110 39
24403 40
24908 41
25156 42
25196 43
25601 44
25923 45
26021 46
26240 47
27216 48
27483 49
28423 50
30417 51
30744 52
30874 53
32080 54
32324 55
32643 56
32656 57
32685 58
33012 59
33354 60
34612 61
34627 62
34673 63
34905 64
35323 65
35689 66
35727 67
38105 68
39229 69
39276 70
39416 71
42276 72
43240 73
43572 74
43765 75
43976 76
43978 77
44127 78
44148 79
44223 80
44620 81
44960 82
45380 83
45548 84
46304 85
46589 86
47168 87
47568 88
47647 89
49732 90
49871 91
50548 92
50883 93
51290 94
54012 95
54229 96
54816 97
54955 98
55038 99
55332 100
55465 101
55800 102
55820 103
56689 104
56738 105
56739 106
56783 107
56795 108
57572 109
57852 110
57890 111
57891 112
58078 113
59081 114
59309 115
59403 116
59794 117
60476 118
62232 119
62738 120
62911 121
63432 122
63632 123
63802 124
64363 125
64423 126
64570 127
64732 128
64953 129
67027 130
67810 131
69856 132
70161 133
70301 134
71101 135
71132 136
71325 137
71780 138
72072 139
72074 140
72400 141
73201 142
73656 143
74255 144
75226 145
76612 146
77583 147
77666 148
77718 149
77758 150
78039 151
78544 152
78737 153
78763 154
79151 155
79482 156
79485 157
79934 158
80084 159
81283 160
81370 161
82158 162
83848 163
84048 164
84989 165
85089 166
85136 167
85577 168
85890 169
85960 170
86152 171
86882 172
87381 173
87385 174
88481 175
88594 176
89576 177
90517 178
91061 179
92156 180
92412 181
92538 182
93377 183
93568 184
93751 185
93751 186
94093 187
95713 188
96993 189
97482 190
98997 191
99764 192
99818 193
99956 194
100196 195
100346 196
100793 197
100985 198
104410 199
104902 200
107159 201
107240 202
107374 203
107617 204
107800 205
108209 206
108401 207
110213 208
112136 209
113437 210
113559 211
114437 212
114632 213
117529 214
118039 215
118082 216
118382 217
118931 218
119041 219
119083 220
119388 221
119409 222
119587 223
119828 224
120881 225
125074 226
125089 227
125465 228
125490 229
125712 230
126137 231
126517 232
126805 233
126825 234
127251 235
131914 236
132492 237
132499 238
132510 239
132733 240
132876 241
133277 242
134223 243
134241 244
134657 245
134910 246
135905 247
137606 248
138737 249
139613 250
139910 251
139916 252
139925 253
140287 254
141640 255
141657 256
142080 257
143321 258
145634 259
146156 260
147312 261
147465 262
148441 263
149057 264
149073 265
149082 266
149486 267
150897 268
152302 269
153247 270
153849 271
154351 272
154730 273
156459 274
156486 275
156908 276
157009 277
158314 278
159801 279
160497 280
160592 281
160661 282
161074 283
162503 284
163401 285
163624 286
164153 287
165146 288
166210 289
166761 290
167173 291
167916 292
168415 293
169448 294
170994 295
171880 296
172502 297
172658 298
173145 299
173726 300
173893 301
174606 302
175009 303
175129 304
175337 305
175448 306
175849 307
175955 308
176226 309
176235 310
177136 311
180194 312
180302 313
181760 314
181976 315
182022 316
183056 317
183146 318
184082 319
184914 320
184927 321
185165 322
185215 323
185218 324
185735 325
187128 326
187196 327
188658 328
189104 329
190362 330
190402 331
190566 332
191238 333
191431 334
192096 335
192956 336
193060 337
194970 338
195022 339
195153 340
195661 341
196179 342
196442 343
196833 344
196977 345
196978 346
