648 1
1690 2
2113 3
3053 4
3391 5
4250 6
4275 7
4289 8
4291 9
4463 10
5867 11
5892 12
6324 13
6598 14
7651 15
7707 16
8671 17
9188 18
9631 19
9840 20
10590 21
10952 22
11094 23
11144 24
11289 25
11602 26
11799 27
11980 28
12216 29
13473 30
13536 31
13588 32
14848 33
15070 34
15117 35
15222 36
16279 37
17183 38
17257 39
17307 40
18036 41
18738 42
19009 43
19089 44
19352 45
19392 46
20464 47
21972 48
22688 49
22854 50
23583 51
24674 52
24713 53
26156 54
26328 55
26768 56
27123 57
27133 58
27191 59
27880 60
28373 61
29596 62
30436 63
31003 64
32048 65
32091 66
32135 67
32163 68
33450 69
33574 70
34043 71
34184 72
37644 73
38066 74
38423 75
39004 76
39508 77
39541 78
39590 79
40910 80
40923 81
40992 82
45061 83
45395 84
45827 85
46421 86
46432 87
46963 88
47001 89
47029 90
47291 91
47904 92
47924 93
48321 94
48334 95
48393 96
48466 97
48486 98
51117 99
52107 100
53246 101
53836 102
54369 103
54709 104
54904 105
55745 106
55797 107
57674 108
58104 109
59781 110
60445 111
60491 112
60561 113
60666 114
61084 115
61248 116
61791 117
62126 118
62469 119
63305 120
67893 121
68086 122
68665 123
69815 124
70338 125
70912 126
71084 127
71633 128
72160 129
73862 130
73943 131
75408 132
76248 133
76762 134
77045 135
77161 136
77246 137
77428 138
77654 139
77941 140
78747 141
78749 142
79036 143
79937 144
80059 145
82825 146
84184 147
84461 148
84472 149
84482 150
84663 151
84787 152
84846 153
85405 154
85903 155
86133 156
86237 157
86397 158
86498 159
87768 160
90241 161
91590 162
91873 163
92065 164
92220 165
92264 166
92849 167
93013 168
93499 169
93521 170
93533 171
97657 172
99012 173
99289 174
99482 175
99681 176
100917 177
100942 178
106418 179
106705 180
106899 181
110716 182
112413 183
113598 184
113840 185
113969 186
114121 187
114348 188
114727 189
115207 190
117327 191
117469 192
118251 193
120273 194
121977 195
122406 196
122426 197
122656 198
122730 199
123521 200
123532 201
125239 202
125645 203
125864 204
126155 205
126331 206
126558 207
127506 208
127857 209
127942 210
129478 211
129709 212
129825 213
129861 214
131088 215
131208 216
131838 217
131957 218
132352 219
132825 220
135279 221
135325 222
135697 223
135722 224
136806 225
136923 226
137216 227
137473 228
137697 229
137996 230
138199 231
139433 232
139939 233
139998 234
141023 235
141293 236
142742 237
144894 238
144930 239
145114 240
145414 241
146852 242
146936 243
147510 244
148550 245
150158 246
150389 247
152300 248
152469 249
152532 250
152832 251
154563 252
155126 253
155278 254
157574 255
157775 256
158151 257
158786 258
159287 259
159511 260
159722 261
159933 262
160249 263
162695 264
162762 265
164086 266
164990 267
165328 268
165673 269
165846 270
166079 271
167128 272
167350 273
167651 274
169918 275
170121 276
170193 277
171503 278
172402 279
173025 280
173084 281
173490 282
174127 283
174550 284
174767 285
175088 286
175771 287
176078 288
177374 289
177502 290
177603 291
178120 292
178352 293
178778 294
179456 295
180791 296
181170 297
181645 298
183124 299
184008 300
184331 301
184604 302
184699 303
184843 304
185803 305
185962 306
186066 307
186375 308
186386 309
187295 310
187576 311
187741 312
188565 313
190542 314
191634 315
192006 316
192027 317
192114 318
192262 319
193214 320
193478 321
195621 322
196229 323
196962 324
