167 1
652 2
748 3
1301 4
3846 5
4482 6
5338 7
5412 8
6081 9
7455 10
8036 11
8680 12
9113 13
9203 14
9976 15
10521 16
10583 17
10751 18
11065 19
11068 20
12280 21
13184 22
16020 23
16109 24
16220 25
16613 26
16703 27
16955 28
17732 29
19179 30
19600 31
19808 32
21152 33
21646 34
21913 35
21930 36
21984 37
21986 38
22104 39
22176 40
23204 41
23300 42
24250 43
24761 44
25708 45
25879 46
25971 47
26071 48
26930 49
28184 50
28598 51
28770 52
29009 53
30484 54
31784 55
31917 56
32032 57
32547 58
33176 59
33213 60
33977 61
33989 62
34122 63
34360 64
35914 65
36069 66
36924 67
37157 68
37170 69
39449 70
39490 71
39601 72
40321 73
41855 74
41897 75
42184 76
43719 77
43812 78
43938 79
44125 80
46385 81
48249 82
48601 83
48615 84
49738 85
49938 86
49989 87
50024 88
50252 89
50440 90
50699 91
50820 92
51176 93
51184 94
51558 95
51923 96
51925 97
52541 98
53195 99
54905 100
55677 101
56291 102
56534 103
56976 104
57459 105
57770 106
57867 107
57882 108
58238 109
58598 110
58610 111
58980 112
59341 113
59423 114
59436 115
59957 116
60612 117
63081 118
63089 119
63212 120
63269 121
65041 122
65278 123
65435 124
65656 125
66004 126
66020 127
66387 128
66825 129
66997 130
67373 131
68029 132
68101 133
68837 134
69061 135
70516 136
72689 137
73053 138
73058 139
73386 140
73426 141
73736 142
73810 143
74526 144
74789 145
74897 146
75446 147
76130 148
76561 149
76773 150
77928 151
79361 152
80106 153
80116 154
80476 155
80783 156
80837 157
81132 158
81156 159
81217 160
81846 161
82205 162
82847 163
83340 164
83341 165
83342 166
85340 167
86194 168
86777 169
87527 170
88064 171
88222 172
88255 173
88536 174
88639 175
90264 176
90333 177
90855 178
91101 179
91102 180
92443 181
92752 182
93531 183
93827 184
93871 185
94005 186
94193 187
95084 188
95221 189
95320 190
95481 191
95661 192
97129 193
97213 194
97323 195
97377 196
97681 197
97777 198
98421 199
98511 200
99014 201
100010 202
100021 203
100104 204
100442 205
103026 206
104648 207
104806 208
104993 209
105099 210
106382 211
106516 212
107271 213
107522 214
108040 215
108382 216
110438 217
112405 218
112516 219
113841 220
113922 221
114682 222
114940 223
115447 224
115802 225
118296 226
119705 227
119933 228
120153 229
120733 230
121268 231
121614 232
122342 233
122507 234
122870 235
123962 236
124598 237
125708 238
127202 239
127257 240
127350 241
127790 242
128679 243
129037 244
129346 245
129760 246
130173 247
130277 248
132058 249
133422 250
134621 251
134767 252
135667 253
136090 254
136443 255
136762 256
137178 257
137583 258
137626 259
137699 260
138056 261
138587 262
139469 263
141250 264
142041 265
142168 266
143514 267
143865 268
144596 269
145082 270
145122 271
146189 272
146490 273
148792 274
149015 275
150630 276
150714 277
150986 278
151449 279
151484 280
152242 281
153678 282
154027 283
154392 284
154412 285
154520 286
154720 287
155203 288
155568 289
157591 290
157661 291
157886 292
158257 293
158546 294
159473 295
159529 296
159938 297
162693 298
162949 299
163146 300
163799 301
164082 302
164414 303
164797 304
165814 305
165970 306
166358 307
166404 308
167242 309
167531 310
167954 311
169639 312
169993 313
170539 314
170895 315
171374 316
172476 317
172642 318
172645 319
173131 320
173331 321
173870 322
174133 323
174399 324
175755 325
177411 326
177771 327
177956 328
178317 329
179887 330
180062 331
180204 332
180390 333
180437 334
180659 335
181078 336
181816 337
182597 338
185183 339
185520 340
186089 341
186877 342
188673 343
188781 344
190211 345
190471 346
190753 347
190904 348
191059 349
191703 350
191954 351
192978 352
193025 353
193977 354
194469 355
195302 356
196568 357
198417 358
198788 359
