1202 1
2247 2
2773 3
4735 4
4802 5
5127 6
5133 7
5558 8
6609 9
7306 10
7595 11
7666 12
7813 13
7961 14
8033 15
9637 16
9652 17
9945 18
10089 19
10832 20
11031 21
12245 22
12289 23
13139 24
13193 25
13379 26
13442 27
13653 28
17257 29
17502 30
17577 31
17610 32
17633 33
18203 34
18986 35
19470 36
20261 37
22210 38
22390 39
23703 40
23924 41
24285 42
24300 43
26733 44
26814 45
27553 46
29145 47
29643 48
30234 49
31997 50
32076 51
32133 52
32322 53
32901 54
34092 55
34257 56
34353 57
34892 58
35083 59
35631 60
35678 61
36392 62
36508 63
37433 64
40066 65
40423 66
41066 67
41225 68
41347 69
41392 70
41497 71
41683 72
41701 73
41790 74
42280 75
43316 76
44056 77
44426 78
45240 79
45342 80
45357 81
45621 82
46342 83
46355 84
46769 85
46874 86
47053 87
47384 88
47713 89
47767 90
47990 91
48153 92
48483 93
48765 94
48995 95
49119 96
49208 97
49745 98
50115 99
51461 100
51502 101
51601 102
54286 103
54475 104
54569 105
54578 106
55789 107
55900 108
56115 109
56187 110
56454 111
56537 112
57422 113
57719 114
58881 115
59013 116
59258 117
60442 118
60951 119
61132 120
61697 121
61898 122
61988 123
62041 124
62801 125
63164 126
63317 127
63563 128
63601 129
63897 130
63955 131
64200 132
64980 133
66429 134
66855 135
66989 136
67791 137
67870 138
69124 139
69410 140
69480 141
69721 142
70590 143
70734 144
71004 145
71270 146
71373 147
72455 148
73846 149
75011 150
75282 151
76902 152
77724 153
77730 154
77908 155
78151 156
78305 157
78776 158
78819 159
79205 160
79866 161
81262 162
82693 163
84309 164
84507 165
84997 166
85141 167
85144 168
85568 169
86070 170
86194 171
87278 172
87611 173
88678 174
90105 175
90777 176
91731 177
92552 178
92563 179
92623 180
93612 181
94568 182
94586 183
95033 184
95282 185
96450 186
96834 187
97533 188
98181 189
99154 190
99349 191
99794 192
100250 193
100815 194
101264 195
102050 196
102052 197
102268 198
102634 199
103545 200
104878 201
105026 202
106378 203
106543 204
106682 205
106762 206
106910 207
107216 208
107490 209
107532 210
107644 211
108206 212
108320 213
108408 214
109058 215
109504 216
109646 217
109674 218
109917 219
110100 220
110266 221
110312 222
110418 223
110486 224
110520 225
110786 226
111244 227
112064 228
112612 229
113876 230
114110 231
114465 232
114627 233
115018 234
115087 235
115825 236
116484 237
116614 238
116971 239
117337 240
119995 241
121825 242
121871 243
121906 244
122305 245
122643 246
123554 247
124790 248
124790 249
125654 250
125658 251
126423 252
127048 253
127846 254
128022 255
128095 256
128215 257
128331 258
128511 259
128598 260
128607 261
128856 262
128881 263
129313 264
129657 265
129959 266
131494 267
132342 268
132930 269
133070 270
133596 271
134005 272
134918 273
135271 274
135671 275
136010 276
136076 277
136258 278
136307 279
136361 280
137260 281
137317 282
137415 283
137419 284
137420 285
137472 286
139153 287
139991 288
141427 289
142797 290
143000 291
143789 292
144003 293
144920 294
144949 295
145331 296
145444 297
146856 298
147153 299
147270 300
147382 301
149010 302
149662 303
149731 304
150917 305
151079 306
151107 307
151984 308
152125 309
152191 310
152231 311
152439 312
152496 313
152936 314
153010 315
153441 316
153665 317
154962 318
155652 319
155899 320
159428 321
160303 322
160427 323
162277 324
162824 325
163672 326
164689 327
165739 328
165959 329
167065 330
168939 331
170125 332
170928 333
170975 334
171193 335
171934 336
174367 337
174859 338
177440 339
178712 340
178929 341
179148 342
179417 343
179964 344
180583 345
180802 346
180915 347
180961 348
180979 349
182431 350
182619 351
184316 352
184982 353
185459 354
185737 355
185955 356
186269 357
186431 358
186725 359
186894 360
187020 361
187075 362
187419 363
187486 364
187557 365
188021 366
188388 367
188415 368
188503 369
188751 370
188943 371
189053 372
190688 373
191082 374
192695 375
192961 376
193596 377
193675 378
193901 379
193960 380
194638 381
194727 382
195427 383
195506 384
195673 385
195895 386
195919 387
196507 388
196569 389
196953 390
