52 1
182 2
1648 3
1870 4
4170 5
4320 6
5108 7
5148 8
6338 9
6547 10
6556 11
9667 12
10981 13
11272 14
11421 15
11643 16
11994 17
12468 18
13332 19
13432 20
13678 21
13703 22
13742 23
13783 24
13840 25
14326 26
14540 27
16730 28
17904 29
17969 30
18427 31
18514 32
18645 33
18781 34
18812 35
18817 36
18951 37
19071 38
20802 39
23868 40
23868 41
24010 42
24534 43
24610 44
24976 45
24987 46
25142 47
25730 48
25745 49
26454 50
26746 51
26816 52
28652 53
31536 54
31625 55
32421 56
32692 57
32823 58
33434 59
33454 60
33485 61
33495 62
34858 63
35963 64
36110 65
36842 66
37951 67
38335 68
38539 69
38540 70
40188 71
42456 72
42720 73
43309 74
43545 75
43968 76
43984 77
44857 78
45153 79
45175 80
45261 81
45737 82
45840 83
46491 84
46495 85
46628 86
49472 87
50139 88
50185 89
50294 90
51082 91
51814 92
52719 93
53127 94
55275 95
55340 96
55497 97
55560 98
56192 99
56420 100
56528 101
57319 102
58227 103
58515 104
59138 105
59268 106
60448 107
60477 108
60927 109
61033 110
61367 111
61403 112
61548 113
61602 114
61625 115
61930 116
63034 117
63153 118
63981 119
64146 120
64530 121
67859 122
67884 123
68841 124
69007 125
69036 126
69077 127
70472 128
70570 129
71384 130
71571 131
72975 132
74927 133
75270 134
75307 135
76263 136
76464 137
77908 138
78020 139
78802 140
78982 141
79179 142
79471 143
79994 144
80475 145
82343 146
84288 147
84370 148
84411 149
85588 150
85884 151
86019 152
86157 153
88013 154
88590 155
91160 156
94352 157
94656 158
94779 159
95832 160
95920 161
97041 162
98523 163
102012 164
102782 165
102938 166
103245 167
103275 168
103674 169
103908 170
103920 171
103955 172
104131 173
104154 174
104205 175
104460 176
104519 177
104603 178
104647 179
104786 180
104880 181
106009 182
109414 183
110202 184
110812 185
111380 186
111418 187
111434 188
111622 189
111705 190
111775 191
111873 192
111930 193
112036 194
112053 195
112213 196
112290 197
112300 198
112943 199
113061 200
115648 201
116832 202
117296 203
119513 204
120830 205
121879 206
123084 207
123306 208
123945 209
124005 210
124012 211
124015 212
124022 213
124023 214
124122 215
124344 216
124432 217
124671 218
124740 219
125155 220
126044 221
126839 222
126899 223
126958 224
126964 225
128236 226
128319 227
128322 228
129578 229
129876 230
130992 231
131377 232
132376 233
133302 234
133684 235
133767 236
133846 237
133942 238
134019 239
134302 240
134421 241
134431 242
134609 243
135080 244
135394 245
137329 246
137567 247
138453 248
138799 249
139235 250
139431 251
140161 252
140720 253
141724 254
141831 255
142020 256
142800 257
144011 258
144175 259
144423 260
144570 261
144790 262
145036 263
146047 264
147304 265
147402 266
148138 267
149307 268
149432 269
150228 270
150912 271
151407 272
151834 273
152019 274
152213 275
152508 276
153580 277
154773 278
155540 279
156197 280
156860 281
157644 282
157673 283
159168 284
159261 285
159294 286
159452 287
159620 288
160658 289
160930 290
161251 291
162353 292
162957 293
164681 294
164835 295
164959 296
165061 297
166089 298
166674 299
166779 300
167043 301
167236 302
169754 303
170048 304
170617 305
171946 306
172246 307
173074 308
173771 309
174062 310
174217 311
175160 312
176605 313
177624 314
178519 315
179538 316
179859 317
180425 318
181742 319
181926 320
182686 321
183295 322
183429 323
183646 324
183879 325
184144 326
184459 327
184554 328
184657 329
185396 330
185673 331
186462 332
187331 333
187821 334
188052 335
188339 336
189537 337
190512 338
191870 339
193756 340
193788 341
193931 342
193965 343
194231 344
194898 345
195027 346
195473 347
195491 348
196351 349
197090 350
197523 351
197717 352
