359 1
1937 2
2967 3
3098 4
5221 5
6026 6
6740 7
7292 8
7878 9
8629 10
8643 11
8654 12
8872 13
8885 14
9471 15
10014 16
10109 17
10207 18
10218 19
10654 20
11012 21
11637 22
11705 23
11934 24
11965 25
12347 26
12777 27
14113 28
14739 29
15093 30
15828 31
15941 32
17157 33
17238 34
18418 35
18599 36
18881 37
20090 38
20308 39
20755 40
20791 41
20920 42
21396 43
21531 44
21540 45
21779 46
21931 47
21976 48
22350 49
22606 50
22621 51
22775 52
23032 53
23261 54
23717 55
23949 56
24653 57
24897 58
25653 59
26435 60
27102 61
27878 62
27879 63
28209 64
28578 65
29048 66
29268 67
30099 68
30653 69
32001 70
32650 71
32837 72
32906 73
33874 74
34043 75
34576 76
34608 77
34617 78
34802 79
34936 80
34943 81
35265 82
35842 83
35852 84
35860 85
35923 86
36235 87
36321 88
36577 89
36708 90
36788 91
37018 92
41162 93
41671 94
41994 95
42360 96
42687 97
42898 98
43334 99
43422 100
43509 101
43703 102
44098 103
44114 104
45526 105
47393 106
48438 107
49091 108
49396 109
49777 110
50205 111
50304 112
50369 113
50919 114
50929 115
51015 116
51141 117
51526 118
51537 119
52130 120
52650 121
52693 122
52703 123
52917 124
53034 125
54159 126
54547 127
55850 128
56496 129
56814 130
57194 131
57841 132
58987 133
59827 134
60189 135
60680 136
60815 137
61522 138
62401 139
62879 140
63266 141
64076 142
64596 143
65849 144
66994 145
67616 146
68084 147
68087 148
68095 149
68227 150
68938 151
70536 152
70682 153
71444 154
71703 155
72013 156
72353 157
72578 158
72714 159
75027 160
75071 161
75510 162
75637 163
75638 164
76355 165
77099 166
77176 167
77954 168
78100 169
79109 170
79124 171
79430 172
80390 173
82428 174
82438 175
82916 176
83066 177
83766 178
84569 179
85372 180
85510 181
86362 182
86519 183
86528 184
86847 185
86860 186
86912 187
87032 188
87767 189
87830 190
88176 191
88311 192
88533 193
88602 194
89849 195
90339 196
90478 197
91182 198
92774 199
92928 200
93723 201
93949 202
93953 203
95130 204
95596 205
95744 206
95793 207
96072 208
97277 209
97746 210
98598 211
100195 212
100342 213
100970 214
101123 215
101603 216
102094 217
102413 218
102757 219
102968 220
103162 221
103203 222
103796 223
104688 224
105168 225
106015 226
106812 227
107167 228
107610 229
107759 230
108980 231
109350 232
109355 233
110032 234
110579 235
110613 236
110734 237
111203 238
111369 239
112099 240
112591 241
112729 242
115030 243
115175 244
115570 245
115615 246
117898 247
117904 248
117996 249
118039 250
118251 251
118625 252
119156 253
120125 254
120466 255
120475 256
122446 257
122587 258
125175 259
125413 260
125429 261
125442 262
125449 263
125870 264
126047 265
127532 266
127919 267
128053 268
129146 269
129865 270
130003 271
130377 272
130832 273
130855 274
132830 275
132859 276
133076 277
133167 278
135112 279
135194 280
135322 281
135331 282
135464 283
136790 284
137267 285
137419 286
138271 287
138318 288
139823 289
140020 290
140232 291
140285 292
142616 293
142692 294
142758 295
142875 296
144308 297
144685 298
144990 299
145207 300
145687 301
146709 302
147545 303
147649 304
147688 305
147695 306
150039 307
150286 308
151388 309
151714 310
152103 311
152408 312
152623 313
153103 314
154380 315
155066 316
155101 317
155105 318
155267 319
157446 320
157713 321
158958 322
159136 323
159521 324
159561 325
160035 326
160049 327
160519 328
161662 329
161800 330
162483 331
162531 332
162966 333
164868 334
165124 335
166191 336
166558 337
166619 338
166624 339
166939 340
167451 341
167452 342
167931 343
169221 344
169823 345
169900 346
169941 347
169963 348
172275 349
172535 350
172544 351
173964 352
174357 353
174868 354
174870 355
176441 356
177235 357
177318 358
177351 359
177558 360
179428 361
179698 362
179947 363
181386 364
181759 365
182284 366
182288 367
182565 368
184646 369
184735 370
184777 371
185104 372
185124 373
185136 374
186546 375
186844 376
186844 377
187105 378
187374 379
188793 380
189177 381
189700 382
191664 383
191791 384
192058 385
192152 386
192187 387
194256 388
194527 389
194785 390
195742 391
196372 392
196647 393
197116 394
197754 395
197813 396
198835 397
