523 1
611 2
701 3
1342 4
1967 5
2569 6
2852 7
3194 8
3769 9
3975 10
5379 11
6318 12
6352 13
6498 14
6724 15
7171 16
7431 17
7467 18
7582 19
7648 20
7676 21
7779 22
9947 23
11623 24
12151 25
12287 26
12339 27
13028 28
13101 29
13464 30
13631 31
13757 32
13962 33
14173 34
14261 35
15171 36
15218 37
15318 38
17185 39
18582 40
19284 41
19524 42
19563 43
19699 44
19776 45
19991 46
20067 47
20578 48
20962 49
21666 50
21909 51
22236 52
22490 53
22684 54
22799 55
22812 56
23160 57
23451 58
23737 59
24309 60
24653 61
24751 62
26264 63
27399 64
28031 65
28138 66
29087 67
29327 68
29664 69
30142 70
30145 71
30146 72
30223 73
30225 74
30390 75
30571 76
31159 77
33687 78
36365 79
36492 80
36745 81
37499 82
37562 83
37634 84
37635 85
38161 86
38740 87
38882 88
39072 89
39179 90
39871 91
40696 92
41094 93
41156 94
42449 95
42599 96
44163 97
44332 98
44565 99
44979 100
45045 101
45045 102
45691 103
46304 104
46710 105
47751 106
48368 107
48517 108
48568 109
50106 110
50471 111
52397 112
52471 113
52472 114
52548 115
53428 116
53710 117
53837 118
54114 119
55923 120
55980 121
57525 122
58704 123
59019 124
59814 125
59881 126
60305 127
60496 128
60769 129
60846 130
61100 131
61115 132
61228 133
61497 134
61732 135
62777 136
63333 137
64079 138
64943 139
66605 140
66930 141
67231 142
67291 143
67909 144
68264 145
68520 146
68649 147
69159 148
70201 149
70371 150
71104 151
71501 152
72345 153
73473 154
74049 155
74518 156
74649 157
74785 158
75284 159
75657 160
75666 161
76055 162
76220 163
77192 164
77570 165
78307 166
79290 167
79763 168
81929 169
82065 170
82151 171
82215 172
82655 173
82704 174
83132 175
83477 176
83636 177
84619 178
84694 179
84980 180
85719 181
86035 182
86968 183
87943 184
89672 185
91048 186
91070 187
92078 188
92561 189
92831 190
93050 191
93085 192
93330 193
94533 194
96592 195
96619 196
97275 197
97380 198
98468 199
98786 200
99720 201
100145 202
101842 203
101913 204
102523 205
102840 206
104831 207
105489 208
106442 209
106935 210
108169 211
109100 212
109140 213
109154 214
109170 215
109174 216
109245 217
109272 218
109424 219
109464 220
109690 221
110209 222
110922 223
111100 224
111308 225
111508 226
111648 227
112392 228
113160 229
113294 230
114079 231
115723 232
115831 233
116249 234
116564 235
116575 236
116587 237
116593 238
116852 239
116880 240
117303 241
117375 242
117630 243
117966 244
118337 245
118490 246
118688 247
118699 248
120698 249
123571 250
123986 251
123995 252
124264 253
124406 254
124481 255
124830 256
125052 257
125752 258
126121 259
126205 260
126290 261
127454 262
128119 263
130828 264
130832 265
131397 266
131413 267
131675 268
132237 269
132585 270
132808 271
133271 272
133415 273
133631 274
133634 275
135055 276
135129 277
135540 278
137752 279
138731 280
140914 281
141017 282
141215 283
141287 284
141330 285
141365 286
142452 287
142669 288
143387 289
145177 290
145409 291
145477 292
145668 293
146681 294
147176 295
147283 296
147829 297
147830 298
148795 299
150515 300
151743 301
152236 302
153818 303
153877 304
154787 305
155064 306
155822 307
156013 308
157133 309
158369 310
158729 311
159122 312
159281 313
160842 314
161732 315
162880 316
163008 317
164307 318
164757 319
164909 320
165132 321
165591 322
166130 323
166225 324
166273 325
167641 326
168121 327
168133 328
169013 329
169556 330
169757 331
170258 332
170345 333
170785 334
171067 335
171080 336
171217 337
171269 338
171616 339
172892 340
172918 341
173169 342
175111 343
175732 344
176582 345
176868 346
177017 347
177213 348
177815 349
177911 350
178442 351
178653 352
178803 353
180667 354
180685 355
181592 356
183111 357
183720 358
184291 359
184311 360
184325 361
184872 362
185237 363
185600 364
185824 365
185861 366
186096 367
186230 368
186488 369
188102 370
189149 371
189459 372
190439 373
190523 374
190721 375
191611 376
191698 377
191728 378
191741 379
192277 380
192659 381
192970 382
193002 383
193265 384
193640 385
193954 386
194666 387
194828 388
194848 389
194852 390
195992 391
195996 392
196867 393
197081 394
197084 395
197935 396
199120 397
199145 398
199828 399
200017 400
