0 87
338 88
458 89
708 88
866 87
1457 88
1487 89
1709 88
2552 89
2834 88
3134 87
3261 86
3272 85
3422 86
3732 85
3796 84
3802 83
3868 84
3993 85
4138 84
4387 85
4559 84
4573 83
4638 82
4659 81
4712 82
4723 83
4853 82
4882 83
4886 84
4894 85
4950 84
5080 83
5168 84
5328 83
5433 84
5482 83
5495 82
5651 81
5690 82
5700 83
5724 82
5806 83
5855 84
5875 83
6210 84
6228 83
6326 82
6426 83
6722 84
6727 85
6803 84
6804 83
6807 82
6899 83
7039 84
7122 83
7233 84
7300 85
7304 84
7306 83
7312 82
7313 83
7317 82
7318 81
7392 82
7411 81
7539 82
7596 83
7738 82
7750 81
7827 80
7875 81
7884 80
7890 79
8009 80
8011 79
8228 80
8229 81
8234 80
8240 79
8254 80
8258 79
8260 77
8261 76
8264 75
8265 74
8266 73
8267 72
8269 71
8270 70
8320 71
8371 72
8457 73
8470 72
8508 73
8560 74
8561 73
8608 74
8646 73
8682 72
8686 73
8694 72
8695 71
8769 72
8776 71
8796 70
8802 69
8805 70
8866 69
8872 70
8879 69
8886 68
8938 69
8940 70
8942 69
8953 70
8956 69
8963 70
8969 71
8977 70
8981 71
8984 70
8988 69
9015 70
9024 71
9067 72
9071 71
9072 70
9125 69
9133 68
9186 69
9240 70
9242 71
9244 70
9246 69
9247 68
9251 69
9315 70
9318 69
9322 68
9323 66
9350 66
9376 67
9399 66
9405 65
9422 64
9602 65
9605 64
9606 63
9613 62
9672 61
9698 62
9699 63
9700 62
9724 61
9752 62
9758 61
9759 60
9761 61
9766 60
9768 59
9770 60
9776 58
9777 57
9782 56
9786 55
9805 56
9815 55
9821 54
9871 55
9899 56
9917 57
9922 58
9926 57
9931 58
9963 59
10018 60
10027 59
10035 55
10038 54
10070 55
10097 56
10102 57
10156 58
10169 59
10190 60
10198 61
10209 60
10218 59
10234 60
10242 59
10246 60
10248 59
10250 59
10258 58
10261 59
10281 60
10297 61
10314 62
10323 63
10358 64
10362 65
10366 66
10368 65
10369 64
10371 63
10377 62
10399 63
10483 64
10487 66
10495 67
10512 68
10527 68
10545 69
10577 70
10626 71
10629 72
10635 73
10643 74
10648 75
10657 76
10759 77
10782 78
10790 77
10822 78
10954 79
10998 80
11053 81
11094 82
11102 81
11110 82
11136 83
11188 82
11290 81
11324 82
11455 83
11499 82
11531 83
11563 84
11643 85
11776 84
11790 83
11887 82
11971 83
11986 84
12094 85
12269 86
12291 85
12445 86
12463 87
12536 86
12596 87
12779 88
13157 89
13262 90
14005 89
14735 88
15040 89
16136 90
16757 89
16761 88
16764 87
17116 86
17155 87
17641 86
17721 87
17835 86
17915 85
17947 84
17970 83
18011 82
18023 83
18117 84
18255 83
18257 81
18445 80
18469 81
18531 82
18669 83
18703 84
18764 85
18767 86
18833 85
19135 84
19140 85
19176 86
19212 85
19221 84
19259 83
19467 84
19470 85
19814 86
20023 87
20159 88
20299 89
20515 88
20529 89
20743 88
20939 87
21323 86
21515 87
21704 88
21807 87
22300 88
22426 89
22507 88
22511 87
22659 88
23064 89
23423 90
23695 89
24162 88
24433 89
24887 88
25197 87
25198 85
25435 86
25714 87
25795 86
25852 85
26167 84
26234 85
26266 86
26298 87
26409 86
26463 85
26492 84
26751 85
26872 86
26885 85
26923 86
26956 87
26980 86
26981 87
27252 88
27415 89
27511 88
27571 87
27657 86
27658 85
27856 86
28008 87
28053 88
28251 89
28623 88
28834 89
28925 88
28953 87
29183 86
29276 87
29446 86
29514 85
29594 86
29715 85
29759 84
29848 85
29922 86
29999 87
30179 88
30563 89
30603 88
31071 89
31203 90
32349 89
33411 88
33559 89
33632 88
33633 87
33638 86
34142 87
34146 86
34260 87
34277 86
34652 85
34848 84
34878 85
34942 84
35035 85
35037 86
35071 85
35243 84
35267 83
35325 82
35439 83
35547 82
35582 83
35611 84
35675 85
35687 86
35752 85
35832 84
35951 83
35977 84
36011 83
36217 84
36312 83
36333 84
36454 85
36473 86
36727 87
36827 88
36899 87
36932 86
37187 87
37472 88
37619 87
37643 88
37894 87
37959 86
37999 87
38195 86
38255 87
38688 88
38711 87
38915 88
39039 87
39069 88
39391 89
39735 90
40385 89
40507 88
41047 89
41420 90
41584 89
42508 90
42584 89
42750 88
43195 89
43257 88
43272 87
43364 88
43368 87
43377 86
43462 87
43639 88
43679 87
43767 86
44188 85
44190 84
44390 83
44417 84
44463 83
44576 82
44601 81
44605 82
44657 81
44683 82
44693 83
44735 84
44921 85
45022 86
45095 87
45099 86
45216 87
45322 88
45335 87
45381 86
46028 87
46035 88
46047 89
46227 88
46333 87
46389 86
46463 85
46624 86
46625 85
46635 84
46714 83
46727 82
46735 83
46750 82
46795 83
46931 84
47007 85
47188 86
47433 85
47475 84
47555 83
47674 84
47783 85
47804 84
47949 85
48015 86
48030 85
48045 86
48079 87
48667 88
48797 89
48950 90
49103 89
50008 88
50485 89
50811 90
50983 89
51185 88
51436 87
51583 88
51697 87
51711 86
51937 87
52119 86
52130 85
52208 84
52317 85
52363 86
52424 87
52627 86
52795 85
52830 84
52862 85
52899 84
53236 83
53475 84
53531 85
53542 86
53736 87
53791 88
53814 87
54015 88
54024 89
54660 88
54819 87
55010 88
55071 87
55155 86
55205 85
55358 84
55648 85
55777 86
55915 85
55974 84
55995 83
56035 82
56207 83
56251 84
56351 83
56378 84
56417 83
56474 82
56548 83
56587 82
56638 83
56687 84
56779 85
56903 86
57093 85
57286 86
57294 87
57372 88
57442 89
57539 88
57735 89
58407 90
58447 89
59620 88
59705 89
59715 88
60150 87
60474 86
60555 85
60564 84
60675 85
60718 86
60728 85
60942 86
60967 87
61063 86
61078 87
61147 86
61270 85
61335 84
61392 85
61570 86
61595 87
61919 88
61977 87
62248 86
62250 85
62305 86
62435 87
62592 86
62694 87
63091 86
63158 87
63264 86
63316 87
63335 86
63589 85
63626 86
63761 87
63833 86
63937 85
64045 86
64247 87
64351 86
64442 85
64513 86
64684 85
64820 86
64843 87
64855 86
65080 87
65207 86
65249 85
65312 84
65319 83
65476 84
65596 85
65679 86
65763 85
65870 86
65952 85
66103 84
66150 85
66352 86
66402 87
66687 88
66859 89
67067 90
67730 89
68055 88
68590 87
68638 88
68643 89
68655 88
68892 89
68992 88
69126 87
69392 86
69499 85
69658 86
69900 85
69954 86
70063 87
70123 88
70415 87
70427 86
70539 87
70677 86
70681 85
70730 84
70966 85
70983 84
71031 85
71048 86
71148 85
71195 86
71415 85
71482 86
71665 87
71696 86
71749 87
71771 86
72023 85
72146 86
72156 87
72203 88
72263 89
72318 88
72581 89
72875 90
72879 89
73044 88
73095 87
73128 86
73327 87
73563 86
73575 85
73633 84
73708 85
74009 86
74048 87
74055 88
74207 87
74419 88
74514 89
74924 90
75211 89
75918 88
76131 87
76169 86
76413 85
76489 84
76591 85
76699 86
76986 87
77029 86
77095 85
77125 86
77187 87
77432 86
77442 87
77672 86
77766 85
77826 86
77935 85
78072 84
78114 85
78467 86
78599 85
78716 84
78752 85
78754 86
78837 87
79114 86
79188 87
79417 88
79424 87
79459 86
79539 85
79598 84
79657 85
79804 84
79838 85
79851 84
79852 83
80017 84
80139 83
80236 84
80356 83
80438 84
80537 85
80584 84
80592 85
80803 84
80966 85
81123 86
81315 85
81359 86
81397 87
81399 86
81446 87
81467 88
81475 87
81554 88
81556 87
81654 86
82002 85
82069 84
82100 85
82194 84
82375 85
82403 84
82459 83
82560 84
82575 85
82623 86
82879 87
82882 88
82991 87
83167 88
83207 89
83239 88
83649 87
84188 88
84283 89
84609 88
84850 87
84940 86
85092 87
85359 88
85868 87
85895 88
85898 89
85913 88
86122 87
86194 86
86371 85
86480 86
86516 87
86533 88
87061 89
87132 88
87248 87
87564 86
87679 87
87796 88
88055 87
88223 86
88289 85
88566 84
88569 83
88648 84
88807 85
88952 86
89187 87
89233 88
89240 87
89417 86
89433 87
89911 86
89912 85
90000 84
90016 85
90131 86
90188 87
90239 88
90278 89
90420 90
90426 89
90465 88
90780 87
90843 86
91098 87
91149 88
91381 89
91441 88
91545 89
91872 90
92024 89
92132 88
92338 87
92360 88
92436 89
92944 90
92965 89
93143 88
93541 89
94287 90
94304 89
94463 88
94557 87
94638 86
94796 87
94808 86
95172 87
95274 88
95560 89
95568 88
95813 87
95876 88
95905 87
95997 86
96481 87
96495 86
96542 87
96673 86
96700 87
96724 86
96953 87
97008 86
97014 85
97422 86
97529 85
97581 86
97604 87
97680 86
97716 87
97928 88
98198 89
98348 88
98395 87
98608 88
98620 87
98729 86
99110 87
99284 86
99304 87
99492 88
99570 89
99875 88
99926 89
99946 88
100211 87
100257 88
100472 87
100752 88
100919 89
100944 88
101304 87
101320 86
101344 87
101427 88
101488 87
101592 88
101886 89
101901 88
101971 87
102068 86
102385 87
102484 88
102740 87
102749 86
102872 87
102903 86
103066 85
103223 86
103244 85
103268 86
103362 85
103429 84
103593 85
103756 84
103941 85
103952 86
104008 85
104044 86
104237 87
104340 86
104392 87
104430 86
104449 85
104544 84
104652 85
104913 86
104926 87
104935 86
104975 87
105005 88
105020 89
105108 88
105164 87
105278 86
105405 87
105444 86
106309 87
106528 88
106576 89
106677 88
106800 87
106843 88
107287 87
107404 86
107431 85
107601 86
107613 87
107829 88
108054 87
108162 88
108245 89
108263 88
108690 87
108853 88
108908 87
109355 88
109378 89
109380 88
109568 87
109740 86
109915 85
110012 86
110232 87
110394 86
110508 85
110732 86
110891 87
110935 88
111256 87
111342 86
111382 87
111510 86
111680 85
111764 86
111873 85
112013 86
112273 87
112391 88
112444 87
112558 88
112582 87
112774 86
112864 85
113195 86
113286 85
113289 84
113370 83
113512 84
113542 83
113576 84
113600 83
113818 82
113841 83
113884 84
113937 83
113954 84
114168 85
114548 86
114684 87
114734 88
114862 89
114959 90
115244 89
115364 88
115555 89
115733 88
115907 87
115936 88
116273 89
116433 90
116489 89
117014 90
117250 89
117848 88
118018 87
118176 86
118200 85
118300 86
118652 87
118996 88
119020 87
119230 88
119264 89
119700 90
119781 89
119837 88
120099 89
120117 88
120324 89
120380 88
120842 89
120880 88
120904 89
121034 88
121209 87
121620 88
121782 89
121805 88
121977 87
122130 86
122192 85
122230 86
122668 87
122684 86
122693 87
122733 86
122767 87
122837 86
122888 87
123268 88
123291 89
123673 88
123989 87
124054 88
124159 87
124331 86
124710 87
124813 88
124940 87
125067 88
125356 89
125876 90
125977 89
126036 88
126276 89
126292 88
126448 89
126451 88
126616 87
126625 86
127265 87
127388 88
127460 87
127598 88
127807 87
127923 88
127926 87
128060 88
128476 87
128553 86
128650 85
128665 86
128743 85
129292 86
129380 85
129644 84
129732 85
129858 87
129956 88
130336 87
130350 86
130411 85
130544 86
130605 87
130697 86
130726 87
130911 86
131038 87
131238 88
131260 89
131828 90
131848 89
132110 88
132428 87
132456 86
132517 87
132533 86
132771 85
133066 86
133108 87
133635 88
133663 89
133800 88
133885 89
134526 88
134885 87
134996 88
135052 87
135061 86
135068 87
135084 86
135416 87
135896 86
136225 87
136274 86
136412 85
136449 86
136496 87
136643 86
136717 87
136776 88
136912 87
136989 86
137405 87
137708 88
137744 89
138026 90
138176 89
138349 88
138843 87
138846 86
138872 87
139020 86
139355 85
139380 84
139480 85
139686 84
139730 85
139749 86
139765 87
140183 88
140308 89
140468 90
140536 89
140671 88
140892 87
140968 86
141211 85
141295 84
141448 85
141658 86
141895 87
142023 86
142106 87
142163 86
142324 87
142369 88
142476 87
142816 88
142818 89
143289 90
143319 89
143673 88
143848 87
143912 86
144116 87
144332 86
144712 85
144744 86
144848 85
144904 86
145082 85
145172 86
145348 85
145356 86
145357 87
145426 86
145556 87
145702 88
146184 89
146192 88
146317 87
146335 88
146612 87
146847 86
147104 87
147256 88
147282 87
147296 86
147318 85
147324 86
147353 85
147462 84
147531 85
147544 86
147875 87
147998 88
148006 89
148122 88
148792 89
148881 88
149112 87
149380 88
149404 87
149533 86
149650 85
149676 86
149824 87
149971 88
150271 89
150374 90
150379 89
150935 90
151088 89
151690 88
151753 87
151981 88
152248 89
152805 90
153150 89
153193 88
153285 87
153522 86
153613 85
153766 84
153776 85
153785 84
153862 83
153898 84
154244 85
154341 86
154433 87
154653 88
154761 89
154813 88
154877 87
155049 86
155393 85
155497 86
155536 87
155607 86
155697 87
155731 86
155761 86
155880 85
155893 84
156093 85
156144 86
156318 87
156729 88
156734 87
156742 86
156866 87
157043 88
157108 89
157536 88
157544 87
157866 86
157973 85
157976 86
158090 85
158168 86
158426 85
158547 86
158793 87
159048 88
159221 87
159224 88
159348 89
159472 88
159524 87
159603 88
159758 89
159843 90
159845 89
160203 88
160310 87
161103 88
161721 87
161756 86
161776 87
161781 88
161961 87
161993 88
162049 87
162221 86
162238 85
162298 84
162419 83
162442 84
162740 85
162900 84
162920 85
163050 86
163057 87
163345 86
163359 87
163493 86
163509 87
163843 86
164034 87
164116 86
164165 85
164335 84
164363 83
164364 84
164465 85
164671 84
164766 83
164862 84
164977 85
164993 86
165036 87
165128 88
165171 87
165200 88
165402 89
165977 88
166305 87
166492 88
166530 87
166789 88
166875 87
167229 88
167613 89
167704 90
167712 89
167961 88
168631 89
168939 88
169114 89
170157 88
170400 87
170485 86
170495 85
170517 84
170611 85
170654 86
170661 85
170735 84
171009 85
171010 84
171171 83
171277 84
171336 83
171474 84
171525 84
171785 83
171835 84
171837 85
171860 86
171925 85
171961 86
172278 85
172370 86
172377 87
172433 88
172541 89
172562 88
172599 87
172737 88
172775 87
172806 86
172872 85
173118 84
173221 85
173312 86
173316 87
173409 86
173443 87
173594 86
173713 87
173806 86
173882 87
173892 88
173974 87
174324 88
174423 87
174458 88
174482 87
174499 86
174737 85
174866 84
174929 85
174954 84
175025 85
175329 84
175417 85
175527 86
175611 85
175776 86
175994 87
176155 86
176173 87
176329 88
176397 87
176461 88
176899 87
177170 88
177191 89
177284 88
177386 89
177506 88
177650 89
177985 88
178081 87
178207 88
178321 89
178839 88
178957 89
179097 88
179107 87
179300 88
179429 87
179611 86
179689 84
179921 83
180016 84
180172 83
180227 84
180246 85
180361 84
180385 85
180668 86
180706 87
180751 88
180904 89
180918 90
180992 89
181034 88