0 86
38 85
153 86
253 87
355 86
409 87
587 86
635 87
658 88
802 89
835 88
939 89
991 88
1146 87
1349 86
1533 85
1795 86
1817 85
1846 86
1938 85
2021 86
2259 85
2262 86
2302 85
2719 86
2796 87
2812 88
2820 89
3119 88
3187 89
3447 88
3779 89
4067 88
4101 89
4286 88
4776 87
5021 86
5039 87
5081 88
5132 89
5325 88
5692 89
5745 88
6126 87
6225 88
6334 89
6381 90
7137 89
7138 88
7222 87
7589 86
7653 87
7802 86
7836 85
7870 86
7955 85
8075 86
8178 87
8438 86
8443 85
8471 86
8483 85
8520 84
8651 85
8801 84
8924 85
9002 84
9006 85
9023 84
9109 85
9360 86
9431 84
9470 85
9485 86
9972 85
10063 86
10089 85
10163 84
10196 85
10378 84
10467 85
10595 84
10695 83
10711 82
10926 83
10983 84
11172 85
11219 86
11311 87
11315 88
11343 89
11555 88
11658 87
11676 88
11771 87
12172 86
12203 87
12404 86
12423 87
12692 88
12718 87
12828 86
13052 87
13096 88
13248 89
14092 88
14191 87
14247 88
14421 87
14728 86
14855 87
15179 88
15340 87
15471 88
15578 87
15611 88
15643 87
15649 86
16127 87
16195 88
16395 87
16486 86
16610 85
16665 86
16790 87
16877 86
16911 85
16931 86
16995 87
17230 86
17459 85
17597 86
17671 87
17867 86
17959 85
17961 86
18155 87
18378 88
18396 87
18498 86
18525 85
18905 86
19018 87
19032 86
19147 85
19389 86
19591 87
19779 88
19891 89
19991 88
20071 87
20145 88
20399 87
20499 88
20579 89
21123 90
21485 89
21597 90
23164 89
23466 88
23506 87
23912 88
24018 87
24333 88
24584 89
24818 88
25110 87
25259 86
25315 85
25356 84
25524 85
25642 86
25676 85
25824 86
25899 85
25944 86
25996 87
26394 88
26399 87
26475 86
26536 87
26802 88
26811 89
26821 88
26915 87
26990 86
27231 87
27324 88
27416 87
27583 86
27585 87
27934 88
27951 89
27958 90
28007 89
28427 88
28835 87
29043 88
29455 89
29540 88
29919 87
30016 88
30344 89
30695 88
31271 87
31403 88
31577 89
31601 88
31891 89
32442 88
32450 87
32846 86
33164 87
33353 86
33469 87
33544 86
33578 87
33652 88
33700 87
33754 86
33800 85
34194 86
34233 85
34335 84
34340 85
34533 84
34580 85
34721 86
34835 87
34902 88
34911 87
35009 88
35527 89
36031 90
36272 89
36524 88
36867 87
37112 88
37245 89
37271 88
37623 87
37983 88
38155 89
38207 88
38353 87
38357 88
38433 87
39132 88
39623 89
39931 90
40037 89
40643 88
40770 87
40882 86
40889 85
41297 86
41375 87
41486 88
41792 87
41978 86
42043 85
42044 86
42177 85
42206 86
42229 85
42269 84
42275 85
42331 84
42352 85
42615 86
42616 85
42662 86
42694 85
42771 84
42811 85
43023 84
43045 85
43390 86
43600 85
43623 86
43708 87
43953 88
44076 89
44141 88
44460 87
44871 88
44931 89
45108 88
45255 89
45303 88
45379 87
45388 86
45708 85
45866 86
45905 87
45931 86
46027 85
46119 86
46480 87
46649 86
46759 87
46771 86
46787 85
46919 86
47059 87
47297 88
48076 89
48473 88
48508 89
48756 88
49048 89
49125 88
49322 87
49339 88
49778 87
49908 86
49943 87
50208 86
50232 85
50319 86
50350 87
50411 86
50529 87
50616 86
50673 85
50711 84
50799 83
50885 84
51011 85
51115 84
51208 83
51236 84
51290 85
51315 84
51464 83
51748 84
51766 85
52017 86
52036 85
52089 86
52113 87
52203 88
52372 89
52571 88
53072 89
53095 90
53351 89
53528 88
53544 87
53740 86
53816 85
54144 84
54262 85
54464 86
54627 87
54700 88
54732 89
54895 90
55084 89
55220 87
55496 88
55889 89
56512 90
56692 89
56910 88
57136 89
57157 88
57339 87
57559 86
57715 87
57762 86
58170 87
58295 88
58486 87
58574 88
58671 87
58788 88
58816 87
58956 86
59054 85
59103 86
59153 85
59563 86
59627 87
59644 86
59708 87
59760 86
59832 87
60206 88
60287 87
60395 88
60426 87
60472 86
60716 87
61078 88
61204 89
61751 90
61979 89
62092 88
62176 87
62252 86
62555 87
62580 86
62744 87
63094 88
63520 87
63670 86
63684 87
63916 88
64200 89
64531 90
64887 89
65227 88
65346 87
65687 86
65762 87
65848 88
65993 87
66202 86
66468 87
66582 88
66861 89
66907 88
67095 87
67252 88
67454 87
67493 86
67763 87
67863 88
68080 87
68190 86
68512 87
68684 88
68898 87
68981 88
69126 87
69180 86
69348 85
69480 86
69628 85
69964 86
69965 87
70191 88
70529 87
70572 88
70595 89
70612 88
70864 87
71020 86
71119 87
71133 86
71308 87
71403 88
71792 89
71956 88
72088 89
72104 88
72284 87
72863 88
72900 89
73029 90
73622 89
73714 88
74423 87
74514 88
74626 87
75048 86
75059 85
75077 86
75211 87
75345 86
75400 87
75474 86
75534 85
75774 84
75788 85
75932 84
76020 83
76110 84
76327 83
76329 84
76409 83
76516 82
76521 83
76587 84
76608 83
76635 82
76685 83
76825 84
76918 85
77308 86
77335 85
77384 86
77423 87
77425 88
77476 87
77540 88
77624 87
77632 86
77784 85
77915 84
77967 83
78035 84
78136 85
78151 86
78301 85
78473 86
78594 87
78685 88
78810 89
78940 88
78965 87
79048 86
79078 85
79176 86
79276 87
79407 86
79456 84
79557 85
79573 84
79603 85
79607 84
79610 83
79614 82
79668 83
79837 84
79843 83
79847 82
79849 81
79850 80
79852 79
80088 80
80096 79
80100 78
80101 77
80104 76
80196 77
80293 78
80309 79
80316 78
80359 78
80392 77
80404 77
80416 78
80422 77
80432 76
80433 75
80521 76
80523 77
80528 76
80530 75
80538 74
80623 75
80629 76
80645 75
80646 74
80696 75
80736 76
80737 77
80745 77
80747 76
80749 77
80752 75
80756 74
80786 75
80804 76
80951 77
80976 78
81011 79
81026 80
81029 79
81032 78
81033 77
81040 76
81044 74
81144 75
81152 74
81160 73
81164 72
81184 73
81189 72
81226 71
81245 70
81262 69
81293 70
81301 69
81302 68
81308 67
81355 66
81488 67
81495 68
81496 67
81499 66
81500 65
81504 66
81505 65
81508 64
81509 63
81533 63
81552 65
81556 66
81560 65
81588 66
81608 66
81660 67
81724 68
81732 66
81740 67
81749 68
81751 67
81752 66
81787 65
81792 64
81798 65
81800 66
81802 66
81820 65
81872 66
81881 65
81937 66
81941 67
81954 68
81961 69
81962 68
81964 67
81965 66
81966 65
81967 64
81972 63
81974 62
81984 61
81994 62
82015 61
82021 60
82060 61
82061 60
82110 61
82118 62
82124 61
82178 62
82184 63
82185 64
82300 65
82307 66
82308 65
82340 64
82346 63
82392 62
82394 63
82412 65
82424 64
82429 63
82432 62
82434 61
82444 60
82445 61
82448 60
82449 58
82450 57
82482 58
82483 57
82484 56
82485 55
82486 55
82487 55
82488 56
82499 55
82504 54
82508 55
82520 56
82552 57
82558 58
82559 57
82560 55
82571 54
82578 55
82592 54
82596 53
82599 54
82601 55
82603 54
82605 53
82618 52
82619 53
82650 54
82660 54
82668 53
82670 52
82674 53
82767 52
82771 51
82772 50
82773 49
82777 50
82783 51
82817 52
82823 51
82841 52
82880 53
82897 54
82899 53
82922 54
82931 54
82932 53
82934 52
82936 53
82946 52
82948 51
82988 52
82999 53
83027 52
83046 53
83048 54
83052 55
83053 54
83061 54
83068 53
83079 52
83082 51
83088 48
83089 49
83098 50
83100 51
83140 52
83147 53
83148 52
83150 53
83156 52
83161 51
83164 50
83171 51
83200 50
83207 49
83217 50
83219 51
83233 52
83237 51
83255 52
83260 51
83265 51
83272 52
83322 53
83330 54
83337 55
83343 56
83353 55
83368 56
83371 57
83379 58
83420 57
83435 58
83461 59
83466 60
83475 61
83481 62
83482 61
83486 60
83488 59
83496 58
83498 59
83500 60
83501 59
83503 59
83528 58
83534 57
83536 59
83538 58
83561 59
83623 58
83627 59
83663 58
83664 59
83666 58
83668 59
83670 58
83799 59
83821 58
83822 59
83830 58
83846 57
83848 59
83851 60
83867 59
83868 58
83878 57
83908 58
83912 57
83916 56
83918 57
83920 57
83932 57
83971 58
83973 57
83976 56
83980 57
83981 58
83983 57
83985 56
83991 57
84020 58
84048 59
84064 60
84068 59
84069 60
84087 61
84139 62
84141 63
84204 64
84259 65
84263 64
84266 63
84272 64
84276 64
84312 65
84318 66
84363 67
84373 66
84392 67
84396 65
84397 65
84403 65
84404 64
84412 65
84426 64
84431 65
84463 66
84474 67
84483 66
84568 65
84573 64
84574 63
84581 62
84595 63
84597 64
84601 65
84617 66
84624 67
84628 68
84632 65
84639 64
84640 65
84670 66
84674 67
84700 68
84705 70
84708 69
84712 67
84714 66
84715 65
84733 64
84787 65
84788 64
84799 63
84801 64
84807 65
84876 66
84896 65
84904 66
84928 66
84961 67
85001 66
85016 67
85069 68
85132 67
85133 66
85138 67
85156 68
85199 69
85209 68
85226 69
85244 68
85280 70
85307 69
85323 70
85342 69
85344 70
85357 71
85444 72
85452 73
85462 73
85500 74
85525 73
85530 72
85603 73
85624 74
85670 75
85687 76
85695 77
85735 78
85814 79
85834 80
85860 81
85928 82
86019 83
86197 84
86232 85
86295 86
86296 87
86315 86
86385 87
86404 88
86474 89
86628 90
86896 89
87592 90
90598 89
90623 88
91060 87
91180 88
91247 87
91804 86
91963 87
92012 86
92019 85
92031 86
92112 87
92250 86
92257 85
92258 86
92347 85
92409 86
92410 85
92492 84
92576 85
92648 84
92674 83
92745 84
92824 83
92912 82
93066 81
93068 80
93103 79
93212 78
93235 77
93248 78
93250 77
93271 78
93351 79
93376 80
93439 81
93672 82
93682 81
93704 82
93740 81
93782 80
93809 81
93818 82
93874 83
93986 82
94032 83
94037 84
94348 85
94356 86
94383 87
94462 88
94525 89
94688 90
95444 89
95900 88
96092 89
96647 90
96954 89
97998 90
98416 89
98599 88
99023 87
99425 88
99688 87
99845 86
99866 87
100240 86
100550 87
100687 86
100688 87
100723 88
100782 87
100801 88
100944 87
100982 86
101022 85
101095 84
101256 83
101352 82
101449 81
101463 80
101508 79
101547 78
101648 77
101756 76
101786 77
101876 76
101877 75
101952 76
101979 77
102011 78
102012 79
102017 82
102108 83
102154 84
102180 83
102196 82
102232 83
102262 82
102307 83
102324 84
102357 85
102501 86
102536 85
102672 86
102680 85
102863 86
103031 85
103184 86
103193 85
103382 86
103404 87
103441 88
103591 89
103807 88
103884 87
104156 88
104164 87
104170 86
104299 85
104493 84
104716 85
104779 86
104903 87
105031 88
105096 87
105216 88
105495 89
105986 90
106592 89
106762 88
106860 87
107026 86
107276 85
107277 84
107283 83
107356 84
107400 85
107481 86
107614 85
107653 84
107900 85
107908 82
107912 81
107917 81
108125 80
108127 81
108130 80
108137 79
108139 78
108143 77
108236 78
108241 77
108244 76
108245 75
108246 73
108249 74
108252 73
108314 74
108328 73
108329 70
108375 71
108383 70
108426 70
108428 69
108432 68
108433 67
108612 67
108620 68
108632 67
108672 67
108675 68
108680 67
108683 66
108685 65
108825 66
108830 67
108832 66
108833 65
108839 64
108955 63
108958 64
108982 65
108995 64
109056 65
109057 66
109064 65
109065 64
109066 65
109098 64
109107 63
109128 64
109147 65
109149 64
109150 63
109168 64
109180 64
109181 65
109188 65
109218 64
109220 63
109222 64
109235 65
109237 64
109238 63
109256 62
109260 63
109261 64
109269 63
109273 64
109276 65
109292 66
109293 65
109306 66
109333 67
109340 68
109363 69
109364 68
109369 69
109416 70
109433 71
109440 70
109441 69
109458 68
109473 69
109492 70
109508 69
109516 68
109540 69
109571 70
109572 71
109579 70
109582 69
109584 69
109586 68
109589 67
109593 66
109660 67
109669 66
109673 65
109728 64
109760 65
109764 66
109773 65
109776 64
109853 65
109854 66
109964 67
109972 68
109982 67
110018 66
110031 67
110040 68
110068 69
110092 70
110103 69
110104 70
110105 71
110110 72
110140 71
110152 72
110191 71
110201 70
110205 71
110209 70
110221 71
110222 70
110224 71
110296 72
110324 73
110352 74
110360 75
110381 76
110424 75
110502 74
110507 75
110512 76
110527 75
110579 76
110626 75
110650 74
110696 75
110697 76
110707 75
110719 73
110745 74
110808 75
110814 76
110822 75
110867 76
110906 77
110916 76
110980 77
111009 78
111021 76
111029 75
111244 76
111248 76
111284 76
111362 77
111372 78
111481 79
111507 80
111561 81
111563 82
111564 81
111578 82
111588 83
111706 82
111726 83
111727 82
111733 81
111800 82
111832 81
111833 80
111838 79
111841 78
111977 79
111979 78
111989 79
112004 78
112039 79
112119 80
112136 79
112140 78
112159 79
112204 80
112259 79
112522 80
112571 81
112645 82
112723 81
112727 82
112733 81
112767 82
112871 83
112993 82
113044 81
113144 82
113192 81
113198 80
113330 81
113423 82
113454 83
113471 84
113531 85
113586 86
113702 87
113801 88
113851 89
114812 90
116457 89
116727 88
117056 89
117093 88
117345 87
117349 86
117570 87
117572 88
117684 87
117688 86
117758 85
117801 84
117890 83
117911 84
117986 83
118032 84
118144 83
118203 82
118284 83
118370 82
118393 81
118449 82
118529 81
118560 82
118565 83
118575 84
118733 83
118749 82
118777 83
118911 84
118916 85
118944 86
119341 87
119354 88
119424 87
119445 88
119818 89
120143 88
120205 87
120433 86
120471 85
120490 84
120536 85
120567 84
120590 83
120761 84
120973 83
121323 84
121377 83
121565 82
121627 83
121699 84
121706 85
121724 86
121767 87
121951 88
122021 89
122748 88
122811 87
122853 88
123718 89
124197 90
124503 89
124848 88
125145 87
125166 86
125363 87
125654 86
125853 87
125893 86
125958 85
126124 84
126215 85
126232 84
126314 83
126457 84
126538 83
126625 82
126630 81
126774 82
126833 81
126861 80
126961 81
126969 80
127165 81
127169 80
127190 81
127246 82
127262 83
127333 82
127432 83
127604 84
127638 85
127749 84
127756 83
127863 82
127888 83
127963 84
128025 85
128034 86
128178 87
128243 88
128581 87
128636 88
128912 89
129027 88
129068 87
129298 86
129430 85
129520 86
129679 87
129925 86
129976 87
129984 88
130020 87
130293 86
130328 85
130417 86
130633 85
130695 86
130719 87
131248 86
131249 85
131290 86
131455 85
131466 86
131535 87
131646 88
131710 89
132023 88
132315 89
132391 88
132550 89
132644 90
132984 89
133072 88
133581 87
133582 88
133605 87
133648 86
133844 87
134093 86
134225 87
134407 86
134445 87
134561 86
134753 85
134757 86
134858 87
135058 86
135073 85
135269 84
135329 83
135393 82
135409 81
135425 82
135605 81
135621 82
135741 83
135773 82
135949 84
135965 85
135980 86
136124 87
136219 88
136622 87
136654 86
136985 87
137072 88
137387 89
137502 88
137511 87
137799 88
138102 89
138425 88
138448 87
138458 86
138570 87
138765 86
138806 85
138933 86
139065 85
139484 86
139578 87
139685 86
139901 87
140035 86
140064 87
140095 88
140194 89
140386 90
140462 89
140477 88
141291 87
141430 86
141489 85
141591 86
141626 85
141927 86
142017 85
142043 84
142250 85
142384 86
142435 85
142469 84
142549 85
142612 86
142665 87
142666 86
142997 85
143050 86
143065 85
143133 86
143151 87
143193 86
143382 87
143559 88
143705 87
143769 86
143833 85
143837 86
144025 87
144041 86
144149 87
144321 88
144708 89
145033 88
145042 87
145050 86
145157 87
145257 88
145948 87
145951 86
146261 87
146331 88
146634 89
146653 90
146801 89
146861 88
146881 87
147201 86
147272 85
147456 86
147501 85
147611 84
147803 85
147806 86
147977 87
148117 88
148213 89
148248 88
148274 89
148471 88
148902 87
149016 86
149172 87
149311 86
149467 85
149738 84
149913 85
150027 86
150048 87
150067 86
150119 85
150128 84
150151 85
150254 86
150457 85
150482 84
150512 85
150606 86
150914 87
150966 86
151038 85
151134 86
151147 85
151213 86
151229 87
151373 88
151433 87
151715 88
152141 87
152272 86
152345 85
152723 86
152729 87
152823 86
152949 87
153402 88
153469 87
153486 86
153516 86
153669 87
154385 86
154401 87
154429 88
154517 87
154546 88
154624 89
154981 88
155297 87
155315 86
155741 87
155840 88
155921 89
155942 88
156229 89
156601 90
156734 89
156908 88
157117 87
157419 88
157625 87
157630 86
157739 87
158459 86
158509 85
158675 86
158888 87
158904 86
158921 85
158946 86
159191 87
159576 88
159762 89
159765 88
159870 87
160262 88
160278 87
160493 88
160581 87
160609 86
160712 85
160939 86
161012 87
161057 88
161286 89
161525 90
161559 89
161909 88
161953 87
162049 86
162388 87
162773 88
162774 89
163124 88
163181 89
163249 88
163313 87
163329 86
163427 87
163505 86
163737 85
163764 84
164041 85
164273 86
164377 85
164427 86
164477 87
164525 88
164753 89
165149 90
165278 89
165483 88
165842 87
165916 88
165945 89
166066 88
166075 87
166654 88
166950 87
167049 86
167069 87
167084 88
167200 87
167329 86
167344 85
167413 86
167651 87
167789 88
168306 87
168416 88
168504 89
169017 88
169072 89
169152 88
169240 87
169681 88
169943 87
169993 86
170140 87
170243 88
170405 87
170708 88
170790 89
171249 90
171257 89
171561 88
172002 87
172034 86
172173 85
172179 84
172198 83
172247 84
172578 85
172633 86
172708 87
172783 88
172813 87
172925 88
172947 87
173069 88
173388 87
173500 88
173600 89
173781 88
173784 87
173805 88
173878 87
173893 86
174276 85
174436 86
174628 85
174705 86
174817 85
174881 86
174963 87
175199 88
175376 87
175501 88
175567 89
175765 88
175783 87
176743 86
176752 87
177009 88
177383 89
177453 88
177891 89
177945 90
178427 89
178877 88
178878 87
179324 88
179461 89
179622 88
179910 89
179946 88
180109 87
180259 88
180282 87
180312 88
180439 87
180469 86
180569 87
180609 86
180631 85
181082 86
181170 85
181235 85
181249 84