0 76
35 77
91 78
106 77
128 76
135 75
136 73
242 73
247 74
251 73
264 72
265 73
291 74
306 75
358 74
361 75
362 76
368 75
371 74
395 73
455 72
498 73
551 72
556 71
594 72
597 71
667 70
709 72
724 71
728 70
757 71
760 69
762 69
766 68
767 67
768 66
772 65
773 66
789 64
790 63
791 62
837 63
854 64
858 63
909 64
964 65
966 66
974 65
975 64
1055 65
1057 66
1059 67
1075 67
1094 66
1096 65
1105 66
1110 65
1122 66
1126 65
1206 66
1215 65
1218 64
1220 63
1226 62
1228 63
1234 60
1289 61
1340 62
1343 61
1362 62
1379 63
1384 62
1425 63
1458 64
1494 63
1495 64
1498 62
1509 63
1521 62
1536 63
1538 62
1541 63
1584 64
1598 63
1625 62
1635 63
1642 61
1712 62
1713 64
1714 63
1721 62
1734 61
1739 62
1742 61
1806 62
1814 61
1819 63
1826 62
1831 61
1833 60
1836 59
1837 58
1842 56
1844 56
1863 57
1895 58
1904 59
1926 58
1938 59
1946 60
1978 61
1986 60
2006 61
2054 62
2103 64
2113 65
2118 66
2123 67
2132 66
2134 67
2138 67
2167 68
2256 69
2264 70
2298 71
2330 72
2338 73
2354 74
2360 75
2366 74
2371 75
2398 76
2418 75
2422 76
2428 75
2429 74
2442 75
2459 74
2461 73
2483 72
2494 73
2506 72
2568 73
2572 72
2574 71
2575 72
2578 71
2579 70
2585 69
2590 68
2623 67
2627 68
2678 67
2681 68
2686 67
2689 66
2693 65
2696 64
2701 65
2726 66
2781 65
2786 66
2800 65
2804 64
2812 63
2834 62
2838 63
2852 64
2881 63
2910 64
2941 65
2950 63
2977 64
2984 63
2987 62
2990 61
2994 60
3044 61
3134 62
3162 64
3168 65
3177 64
3191 65
3206 66
3218 67
3224 66
3227 65
3271 66
3278 64
3321 65
3325 64
3327 63
3339 64
3342 65
3343 66
3346 67
3354 64
3365 65
3368 66
3400 65
3418 64
3427 65
3445 66
3458 65
3507 66
3539 67
3566 68
3607 67
3618 66
3647 67
3654 66
3661 67
3698 63
3722 64
3761 62
3765 63
3770 64
3776 65
3793 66
3802 67
3864 68
3869 69
3910 70
3934 71
3976 72
3988 73
4018 74
4053 75
4085 76
4103 77
4130 78
4150 76
4153 77
4156 76
4158 75
4193 76
4209 75
4270 77
4334 78
4340 77
4378 79
4386 77
4460 78
4464 77
4465 78
4542 77
4550 78
4576 77
4618 78
4698 77
4755 78
4778 77
4779 76
4780 77
4792 78
4846 79
4877 80
4891 79
4918 78
4974 79
5049 80
5056 79
5070 80
5163 81
5174 82
5399 81
5402 80
5405 81
5479 80
5482 79
5490 80
5547 81
5579 82
5800 83
5836 82
5884 83
5890 82
5894 83
5924 84
5936 83
6051 84
6254 85
6274 86
6277 85
6361 84
6366 85
6532 86
6541 86
6615 87
6655 86
6660 85
6662 84
6882 85
6930 86
6961 85
7002 86
7140 87
7353 86
7364 87
7547 88
7942 89
8155 90
9297 89
9805 90
10670 89
10968 88
11051 89
11110 88
11239 89
11338 88
11345 87
11429 86
11886 87
12074 86
12146 87
12168 86
12193 87
12230 86
12385 85
12503 86
12598 85
12772 86
12862 87
13106 86
13151 87
13171 86
13222 87
13298 88
13722 90
14356 89
14369 88
14781 87
15196 88
15218 87
15468 88
15646 87
15654 85
15656 84
15659 83
15695 84
15788 83
15789 82
15790 83
15793 82
15794 81
15798 79
15799 78
15800 77
15801 76
15960 77
16115 76
16119 77
16122 76
16125 75
16249 76
16253 75
16344 76
16351 75
16358 74
16437 75
16450 74
16499 75
16569 74
16579 75
16587 76
16658 77
16665 76
16666 75
16670 73
16698 74
16736 75
16746 74
16758 73
16781 74
16905 75
16911 74
16913 73
16925 74
16958 75
16966 73
17006 72
17010 73
17042 74
17046 73
17047 72
17086 71
17097 70
17123 71
17129 72
17177 73
17184 74
17193 73
17195 72
17202 71
17238 72
17250 71
17341 72
17345 73
17366 74
17395 73
17396 73
17511 74
17559 75
17646 74
17650 75
17660 74
17667 75
17685 76
17691 75
17693 74
17694 73
17770 72
17774 71
17781 71
17787 70
17802 71
17805 70
17898 69
17901 70
17906 71
17909 70
17910 69
17912 68
17916 69
17928 70
17954 69
17967 70
17979 69
17982 70
17985 69
17998 70
18007 66
18008 65
18018 66
18020 65
18027 64
18030 63
18032 61
18033 60
18066 61
18092 62
18098 61
18104 62
18153 63
18204 64
18214 63
18218 61
18231 62
18246 63
18254 64
18258 63
18263 64
18278 65
18282 66
18286 64
18358 65
18406 66
18410 65
18414 64
18536 65
18568 66
18570 65
18613 66
18622 66
18636 67
18639 66
18686 67
18711 68
18715 69
18774 70
18781 69
18782 68
18794 69
18812 68
18825 69
18833 70
18838 69
18839 70
18844 71
18922 72
18930 71
18944 72
18967 73
19003 74
19021 75
19034 76
19062 77
19068 76
19070 75
19078 74
19099 75
19101 76
19116 77
19121 78
19138 79
19170 80
19275 81
19278 82
19294 83
19375 84
19435 83
19474 82
19491 83
19704 84
19810 85
19894 84
19942 83
19961 84
19974 85
20119 86
20301 87
20384 86
20389 85
20552 86
20606 87
20614 86
20831 85
20947 86
20999 85
21138 86
21372 87
21422 88
21461 89
21566 88
21754 89
22122 90
23459 89
23706 88
24090 87
24549 88
24633 87
24642 86
24756 85
24872 84
25004 85
25078 86
25223 87
25314 88
25369 87
25590 86
25663 85
25885 86
26082 87
26132 88
26235 89
26414 88
26726 87
26770 88
26926 87
27203 88
27294 89
27399 88
27678 87
27770 86
27874 87
27891 86
27967 85
28109 84
28234 85
28586 84
28842 85
28879 86
29079 87
29123 88
29287 87
29291 88
29335 89
29578 88
29864 87
30119 88
30137 89
30448 90
30726 89
31106 90
31710 89
31957 88
31958 87
32130 86
32294 87
32498 88
32526 87
32546 88
32855 87
32858 88
33196 87
33311 86
33403 87
33658 88
33772 87
33947 88
34023 87
34039 86
34082 87
34111 86
34472 87
34691 88
34716 87
34931 86
34948 87
34970 88
34985 89
35506 88
35702 89
35874 90
36340 89
36396 88
36538 87
36544 86
36598 85
36746 86
36825 87
36903 86
37022 85
37189 86
37295 87
37580 88
37590 89
37622 90
37827 89
38015 88
38118 87
38428 86
38510 87
38637 88
39097 87
39213 88
40022 87
40055 88
40296 89
40391 88
40398 87
40479 86
40842 87
40962 86
41116 87
41122 88
41298 87
41386 86
41635 85
41710 84
41760 85
41983 86
42208 87
42309 88
42342 89
42457 88
42488 87
42690 86
42749 87
43172 88
43190 89
43366 88
43435 87
43489 86
43739 85
43741 86
43959 87
43991 86
44047 87
44660 88
44686 89
44727 90
44774 89
44786 88
44973 87
44978 86
45038 85
45122 86
45260 87
45458 86
45567 87
45686 86
46029 85
46195 86
46286 87
46375 88
46446 87
46451 86
46654 87
46763 86
46939 87
47077 88
47265 89
47524 88
47748 89
48410 88
48458 87
48506 86
48511 87
48591 86
48826 85
48834 84
48846 85
48878 84
49032 85
49198 86
49294 87
49342 88
49725 87
49755 86
49812 87
49821 86
49946 87
49982 88
50075 89
50146 88
50329 87
50330 88
50690 87
50906 86
50950 87
51241 88
51492 89
51695 90
51861 89
51874 88
51878 87
51996 86
52176 87
52558 88
52775 89
52800 90
53208 89
53419 88
53474 87
53523 86
53705 87
53886 88
53894 87
53972 88
54765 89
54810 90
54888 89
55081 88
55111 89
55203 88
55967 87
56050 86
56194 87
56512 88
56522 89
56938 90
57030 89
57085 88
57260 87
57270 86
57286 85
57318 84
57460 85
57607 86
57787 85
58152 86
58167 85
58199 86
58526 87
58582 86
58746 87
58918 88
58928 87
59155 88
59175 87
59366 86
59585 87
59683 88
59820 89
60146 88
60163 89
60313 88
60328 87
60440 86
60600 85
60687 86
60697 85
60710 86
61158 87
61553 86
61658 85
61668 86
61775 87
61824 88
61848 87
61963 86
62023 87
62230 88
62284 89
62334 88
63030 89
63279 90
63595 89
63875 88
63891 87
63914 88
64448 89
64702 90
64728 89
65461 90
65695 89
65707 88
65723 87
65741 86
65755 85
65761 84
66075 85
66139 86
66467 87
66535 86
66610 85
66636 86
66747 85
66777 86
66784 85
67023 84
67367 83
67409 84
67495 85
67559 86
67630 87
67702 88
67961 87
68058 88
68070 87
68091 88
68105 87
68264 88
68752 87
68848 88
68868 87
69035 86
69093 87
69356 88
69877 87
70172 88
70267 87
70403 86
70467 87
70697 86
70771 85
70943 84
70944 85
71025 86
71221 87
71339 88
71461 89
71495 90
71583 89
71971 88
72031 87
72299 86
72841 87
72922 88
72972 89
73038 90
74164 89
74180 88
74637 87
74641 88
74939 89
75037 88
75091 89
75347 88
75739 87
75995 89
76061 88
76397 87
76460 88
76534 89
76599 88
77159 87
77255 86
77312 85
77371 86
77550 85
77657 86
78060 87
78086 86
78091 87
78097 88
78380 87
78385 88
78842 88
78955 87
78960 88
79207 87
79379 86
79400 87
79459 86
79527 87
79823 88
80095 87
80371 88
80381 89
80406 88
80411 87
80431 86
80463 87
80468 86
80603 87
80739 86
80826 85
80987 84
81026 85
81106 84
81217 85
81241 84
81458 83
81482 82
81531 83
81696 84
81726 83
81997 84
82011 85
82207 86
82210 87
82447 88
82585 89
82599 88
82659 89
82927 88
83003 87
83064 86
83480 85
83575 86
83588 85
83635 86
83683 87
83787 86
83955 87
84069 88
84358 87
84432 88
84627 89
84660 88
84834 87
84931 88
85334 87
85444 86
85631 87
85694 86
85886 87
85906 86
86044 87
86067 88
86400 89
86963 90
87647 88
87947 89
88183 90
88697 89
88872 88
89064 87
89414 86
89558 87
89620 88
89853 89
89916 88
90196 89
90824 90
91035 89
91386 88
91643 87
91735 88
91922 87
92030 86
92067 85
92119 86
92287 85
92330 84
92539 83
92559 84
92568 85
92797 84
92812 83
92921 84
93054 85
93099 84
93218 83
93270 82
93320 83
93370 84
93429 85
93447 86
93752 88
93879 87
93967 88
94276 87
94322 88
94527 89
95325 90
95376 89
95643 88
96083 86
96432 85
96436 86
96442 87
96584 86
96715 87
96936 88
97141 87
97196 88
97259 89
97500 88
97921 87
98110 86
98191 87
98218 88
98223 87
98438 86
98508 87
98574 86
98812 87
99029 86
99049 87
99115 88
99265 87
99362 88
99395 89
99471 88
99728 87
99833 86
100283 87
100349 86
100470 86
100523 85
100723 84
100755 83
100759 84
100900 85
100970 86
100976 85
101224 86
101447 87
101539 86
101600 85
101603 84
101706 83
101962 84
102006 85
102080 86
102113 87
102124 88
102126 89
102551 88
102716 87
102770 86
102973 85
103029 86
103511 87
103706 88
103814 87
103908 88
104307 87
104308 86
104519 85
104520 84
104626 85
104682 86
104801 87
104850 88
105111 87
105343 88
105603 89
105929 88
106027 89
106191 88
106199 89
106677 87
106702 88
106971 87
107008 86
107552 87
107619 88
107693 89
107815 88
107904 89
107911 88
108659 87
108683 88
108804 87
108829 86
108910 85
108911 84
108987 83
109159 82
109167 83
109269 82
109625 83
109651 84
109705 85
109978 84
110033 85
110044 86
110078 87
110142 86
110199 87
110251 86
110299 87
110328 86
110509 87
111045 88
111061 89
111155 88
111309 87
111543 88
111981 89
112338 88
112487 89
112621 88
112737 87
112955 86
113066 87
113101 88
113227 89
113611 88
113996 89
114282 88
114628 87
114915 88
114983 89
115019 88
115027 89
115117 88
115475 87
115487 86
115548 85
115715 84
116239 85
116278 86
116363 85
116407 84
116598 85
116622 86
116683 87
116824 88
116876 87
117003 86
117095 85
117217 84
117269 85
117299 84
117385 85
117431 87
117575 88
117595 87
117719 86
117920 87
118028 88
118111 87
118418 86
118466 87
118743 88
118783 87
119023 88
119102 89
119555 90
119751 89
119864 88
119916 87
119990 88
120767 87
120822 88
120913 89
121182 88
121391 87
121835 88
121931 89
122047 88
122109 87
122182 88
122579 87
122727 88
122811 87
122881 86
123064 85
123195 86
123312 85
123462 84
123502 85
123557 84
123638 86
123844 87
123845 88
123909 87
123923 86
124061 87
124064 86
124156 85
124512 84
124545 85
124679 86
124837 85
124857 86
124991 87
125069 88
125129 87
125563 88
125737 87
125861 88
126036 87
126288 88
126406 89
126455 88
126547 87
126630 88
126807 89
128303 88
128399 89
128891 90
129080 89
129212 88
129220 87
129367 88
129697 87
129771 86
129835 85
130023 86
130032 85
130063 86
130176 87
130361 88
130415 89
130487 88
130711 87
130800 86
131013 85
131055 86
131212 87
131321 86
131501 85
131612 86
131634 87
131743 86
131752 85
131905 84
131974 85
132013 84
132045 85
132154 86
132344 85
132360 84
132383 85
132500 84
132524 85
132604 86
132681 87
132908 86
132988 87
133227 88
133251 89
133350 88
133441 89
133612 88
134353 89
134384 90
134472 89
134904 88
135196 89
135767 88
135796 87
135954 88
136617 87
136624 88
137088 89
137092 88
137362 89
137660 88
137699 89
137852 90
138216 89
138821 90
138924 89
139169 88
139244 89
139452 88
139916 87
139937 86
140153 87
140240 88
140638 87
140698 88
140772 87
140794 86
140800 85
140952 84
140992 83
141077 84
141144 83
141196 84
141272 85
141392 86
141469 87
141722 86
141790 85
141996 86
142228 87
142475 88
142736 87
142786 88
142908 87
143250 88
143338 87
143696 88
143792 89
143924 88
144054 89
144176 88
144244 89
145070 88
145400 89
145515 88
145722 89
146176 88
146294 89
146645 88
147221 87
147250 88
147436 89
147596 88
147864 87
147876 86
148328 85
148624 86
148711 87
148837 88
149074 89
149204 88
149229 87
149237 86
149300 85
149388 84
149449 85
149451 86
149845 85
149900 86
149920 87
150010 88
150160 87
150180 88
150814 89
151036 90
151344 89
151376 88
151499 87
151512 86
151786 87
151921 86
152090 85
152360 84
152467 85
152476 86
152589 87
152612 86
153369 87
153416 88
153448 89
153538 90
153938 89
153954 88
154209 89
154607 90
154612 89
154644 88
155196 89
155349 88
155401 87
155572 88
156039 87
156301 86
156357 86
156360 85
156667 84
156692 85
156835 86
157032 85
157035 84
157154 85
157196 86
157653 85
157663 84
157672 83
157685 84
157825 83
157864 84
157907 85
158048 84
158056 85
158077 86
158099 87
158196 88
158500 87
158574 86
158598 85
158960 86
159120 87
159601 88
159658 89
159784 88
159911 89
160259 88
160356 87
160492 88
160621 87
160649 86
160671 85
161118 86
161291 87
161382 88
161606 89
161876 88
161900 89
162306 90
162394 89
162855 90
163048 89
163328 88
163588 87
163787 86
163842 85
163852 86
164008 87
164481 86
164560 87
164670 88
164676 89
164737 88
165207 87
165596 88
165708 89
166020 90
166086 89
166092 88
166104 87
166261 86
166484 85
166940 84
167013 83
167059 84
167079 85
167084 84
167297 85
167311 86
167332 85
167573 86
167721 87
167842 88
167944 89
168220 88
168518 87
168572 88
168669 89
168791 88
169101 87
169403 88
169838 89
169842 90
169908 89
170348 88
170833 87
170921 88
171040 89
171484 88
171739 89
171768 88
172167 87
172228 88
172540 89
172908 88
172917 89
173535 90
174516 89
174697 88
174775 87
174914 88
174918 89
174924 88
175094 87
175392 86
175437 85
175695 84
175698 85
175765 84
175820 85
175984 84
175992 85
176038 84
176308 85
176361 86
176451 87
176656 86
176786 87
176958 86
176986 87
177011 86
177116 87
177117 88
177172 87
177227 86
177743 87
177805 86
177852 87
178057 88
178276 87
178344 86
178770 87
178836 87
178930 88
179272 87
179396 88
179887 89
179924 88
179952 87
180082 88
180524 89
180600 90
180685 89
180968 88
181233 87