0 78
1 77
3 78
9 77
45 78
51 77
108 76
199 75
219 74
300 75
349 76
355 75
377 76
383 77
400 76
401 73
403 71
421 70
425 69
426 70
439 69
563 68
566 69
567 70
575 70
576 71
599 72
613 71
666 72
739 73
744 74
745 73
749 72
759 73
760 71
777 72
807 71
812 70
863 71
871 70
872 69
895 70
956 71
960 70
987 71
995 70
1027 69
1032 68
1067 69
1068 70
1131 69
1133 68
1207 69
1255 70
1286 71
1315 72
1317 73
1328 72
1329 71
1413 72
1428 73
1432 72
1444 71
1445 70
1459 71
1460 72
1551 73
1559 72
1576 73
1579 74
1600 75
1654 76
1656 77
1739 78
1747 77
1755 78
1756 79
1764 78
1772 77
1908 78
1918 77
1923 76
1927 75
1936 76
1984 75
2019 76
2034 77
2047 78
2051 76
2055 75
2056 74
2114 75
2120 74
2127 74
2147 75
2156 74
2167 73
2183 72
2191 73
2198 72
2247 71
2360 70
2432 69
2519 70
2552 71
2555 72
2572 71
2659 72
2677 73
2687 72
2696 71
2802 72
2808 73
2847 74
2867 75
2895 76
2900 77
2903 75
2907 76
2908 75
2909 74
2918 73
3038 74
3052 75
3115 76
3124 77
3174 78
3237 77
3276 78
3303 79
3321 78
3346 79
3487 80
3545 81
3546 80
3555 81
3625 80
3635 81
3791 80
3798 81
3843 82
3914 83
3983 82
3984 81
4016 80
4019 79
4068 78
4071 79
4085 78
4092 79
4237 80
4287 81
4300 80
4304 79
4305 78
4340 79
4358 80
4369 81
4375 80
4376 79
4379 80
4601 81
4690 82
4697 81
4730 82
4734 83
4824 82
4853 83
4861 82
4936 83
5011 84
5126 83
5131 82
5132 81
5161 82
5210 81
5386 82
5472 83
5731 84
5847 85
5879 86
6016 85
6065 86
6135 87
6594 88
7129 87
7282 86
7290 87
7320 88
7333 87
7764 86
8109 87
8256 88
8629 89
8903 88
8950 89
9201 88
9342 87
9497 86
9539 85
9656 84
9771 85
9854 86
10033 87
10059 88
10118 89
10248 88
10486 87
10554 86
10583 85
10643 86
10667 85
10823 84
10951 83
10973 82
11062 82
11171 83
11239 84
11279 83
11299 84
11364 85
11464 84
11503 85
11562 86
11744 85
11771 86
11935 87
12174 88
12261 89
12524 88
12526 88
12528 87
12535 86
12538 85
12617 85
12623 84
12627 82
12778 81
12860 82
12943 81
12955 80
13005 81
13006 80
13009 79
13013 78
13091 79
13169 80
13261 81
13291 80
13293 81
13299 80
13302 79
13343 80
13433 79
13497 78
13516 79
13526 78
13527 79
13569 78
13570 79
13573 80
13574 79
13581 78
13583 77
13593 76
13668 77
13680 76
13816 77
13824 76
13832 75
13852 74
13895 75
13896 75
13910 74
13929 73
13984 72
14005 71
14032 72
14077 73
14084 71
14087 72
14089 72
14111 73
14113 74
14116 73
14118 74
14129 73
14171 74
14244 73
14246 72
14268 73
14276 72
14277 71
14318 72
14325 73
14328 72
14339 73
14345 74
14357 73
14359 72
14362 71
14363 70
14364 68
14365 67
14366 65
14455 66
14627 67
14663 66
14669 67
14671 68
14672 69
14680 68
14695 67
14772 66
14781 64
14829 65
14836 66
14844 67
14864 68
14866 69
14953 70
14960 69
14968 68
14976 67
14984 69
14992 67
15000 68
15008 67
15011 66
15016 65
15028 66
15083 67
15094 68
15098 66
15099 65
15100 64
15101 63
15110 62
15111 61
15113 60
15211 61
15221 62
15237 61
15242 62
15258 61
15266 62
15271 61
15288 62
15294 63
15400 64
15422 65
15425 66
15434 65
15439 64
15459 65
15462 64
15480 65
15558 66
15583 67
15666 68
15668 69
15669 68
15672 68
15675 67
15680 63
15688 64
15733 65
15734 66
15736 67
15744 65
15753 64
15768 65
15779 66
15800 67
15807 65
15811 66
15822 67
15827 68
15829 69
15849 70
15860 71
15895 72
15910 73
15956 74
15968 75
15980 74
15992 75
16021 74
16040 75
16045 74
16064 75
16086 74
16099 75
16106 74
16128 75
16172 76
16176 75
16228 74
16236 76
16244 75
16256 76
16257 75
16258 76
16440 77
16500 78
16598 79
16610 80
16626 81
16720 82
16787 81
16839 82
16892 83
16977 82
17006 83
17030 84
17170 85
17344 86
17360 87
17472 88
17711 89
18048 88
18089 89
19228 88
19497 89
20156 90
21060 89
22009 88
22011 87
22264 88
22328 87
22546 86
22764 87
22804 86
22808 85
22811 84
22879 83
22919 82
23087 83
23158 84
23190 83
23207 82
23210 81
23284 82
23471 81
23530 80
23644 79
23721 78
23738 79
23804 78
23857 79
23896 80
23935 79
23948 78
23966 79
23972 80
23973 81
23977 82
24018 83
24028 84
24245 85
24292 84
24416 83
24482 84
24505 83
24524 81
24525 80
24532 81
24569 82
24584 81
24620 80
24681 81
24745 82
24860 83
25140 84
25264 85
25265 84
25296 85
25310 84
25320 83
25566 84
25587 85
25669 86
25796 85
26032 86
26164 85
26211 86
26282 87
26392 88
26984 89
27044 88
27076 87
27663 88
27664 87
27900 86
28095 87
28236 88
28688 89
29140 90
30026 89
30589 88
30933 89
31241 88
31336 87
31353 88
31362 87
31415 86
31641 85
31665 84
31726 83
31799 84
31970 83
31971 84
31985 83
32075 82
32173 81
32224 82
32374 81
32383 80
32384 79
32438 80
32509 79
32570 80
32592 81
32691 80
32701 81
32764 82
32797 83
32852 82
32889 83
32960 82
33029 81
33087 82
33172 83
33243 82
33247 83
33258 84
33299 85
33468 86
33627 87
33737 88
33777 89
34220 90
34228 89
34249 88
34488 89
34616 88
34916 87
35093 88
35640 87
35717 88
36035 89
36336 88
36508 87
36780 88
37188 89
37616 88
37718 87
37996 88
38068 89
38500 90
39056 89
39196 88
39285 87
39691 86
39790 85
39812 86
39909 87
40057 86
40074 85
40107 84
40201 83
40268 84
40409 83
40478 84
40695 85
40772 84
40782 83
40812 82
40869 81
40961 80
40962 79
41124 80
41157 81
41158 82
41265 83
41352 82
41440 83
41456 84
41603 85
41750 86
41919 87
41968 88
42006 89
42591 88
42664 87
42953 86
43018 85
43052 84
43060 85
43220 86
43387 87
43563 88
43591 89
43670 90
44014 89
44076 88
44315 87
44332 86
44587 87
44840 88
44889 89
44976 88
45042 87
45189 88
45249 89
45350 90
46320 89
47264 90
47528 89
47719 88
47728 87
47900 86
47942 87
48124 86
48416 84
48496 83
48545 82
48671 81
48732 82
49096 83
49216 84
49231 85
49251 84
49309 85
49310 86
49397 85
49398 84
49404 85
49540 84
49545 85
49712 84
49737 85
49788 84
49826 85
49903 86
49928 85
50004 86
50232 87
50420 88
50608 89
50800 88
50848 87
50864 88
51058 87
51100 86
51278 87
51560 88
51677 89
51999 90
52038 89
52392 90
52455 89
52767 88
52768 87
52796 86
53107 87
53241 88
53412 87
54060 88
54756 87
54757 88
54995 89
55544 90
56164 89
56184 88
56558 87
56560 86
56780 87
56805 88
56852 87
56985 86
57031 85
57108 84
57272 83
57684 84
57690 83
57835 82
57925 83
57963 84
58036 85
58044 84
58104 85
58228 84
58398 85
58505 86
58792 87
58850 88
59012 89
59013 90
59230 89
59540 88
59552 87
59787 88
60372 89
60640 90
60895 89
61203 87
61224 86
61431 85
61745 86
62094 87
62105 88
62211 89
62305 90
62716 89
62827 88
63192 87
63399 88
63748 89
63893 90
63960 89
64052 88
64423 87
64600 86
64613 87
64845 88
64991 87
65040 86
65346 87
65425 86
65546 85
65646 84
65828 85
66070 84
66087 85
66129 84
66271 83
66288 82
66362 83
66489 82
66516 81
66664 80
66738 81
66760 82
66780 83
66982 84
67060 85
67097 86
67149 87
67178 88
67583 89
67675 88
67920 89
67961 88
67977 87
68034 86
68203 85
68716 86
68918 87
69259 86
69280 87
69529 88
69594 89
69604 90
69611 89
69639 88
69640 87
69667 86
70001 87
70490 86
70498 85
70535 86
70565 85
70594 86
70657 87
70864 86
71286 87
71574 86
71584 87
71901 88
72140 89
72400 88
72989 89
73046 88
73128 87
73441 86
73444 85
73520 84
73562 85
73849 84
74085 83
74127 84
74206 85
74322 86
74391 85
74552 84
74568 83
74576 84
74708 83
74724 82
74872 83
74932 84
74949 85
74963 86
75056 87
75100 86
75203 85
75232 86
75283 87
75907 86
75952 87
76174 88
76175 87
76216 86
76397 85
76413 84
76593 85
76655 86
76710 85
76872 86
76965 87
76971 88
76996 89
77037 88
77092 89
77332 88
77685 89
77895 88
77945 89
77961 88
78074 87
78076 86
78801 87
78841 88
78934 87
78940 86
79013 87
79034 86
79285 87
79365 86
79620 85
79623 86
79831 87
80013 86
80383 87
80436 88
80497 89
80982 88
81205 89
81706 88
81826 89
81874 88
81880 87
81961 86
82289 85
82524 84
82709 85
82799 86
82819 85
82900 86
82990 85
83049 86
83145 85
83161 84
83344 85
83480 86
83515 87
83529 88
83690 89
83872 88
83904 89
84094 90
84101 89
84103 88
84108 87
84340 86
84518 85
84646 84
84725 83
84833 82
84849 81
84984 81
84993 80
85000 79
85044 80
85377 79
85378 80
85412 79
85425 80
85470 81
85478 82
85485 81
85489 80
85565 81
85659 82
85662 81
85669 80
85670 78
85755 79
85874 80
85888 79
85890 78
85933 79
85937 80
86076 81
86080 80
86131 81
86258 82
86351 81
86352 82
86363 83
86444 82
86445 83
86449 84
86458 83
86510 82
86544 83
86552 82
86556 81
86561 80
86617 79
86619 80
86654 81
86812 82
86865 81
86983 80
86985 81
87050 82
87185 83
87193 84
87307 85
87325 84
87331 85
87370 84
87374 83
87484 84
87652 85
87682 86
87801 85
88154 86
88177 85
88289 84
88297 85
88309 86
88472 87
88518 88
88799 89
88947 88
89053 87
89225 86
89231 85
89308 86
89565 87
89884 88
90150 89
90277 88
90285 87
90308 86
90315 85
90449 86
90564 85
90702 86
90881 87
90979 86
91262 85
91423 86
91429 85
91527 86
91581 85
91740 86
92055 87
92189 88
92256 89
92393 88
92538 89
92604 88
92831 87
93022 86
93080 85
93285 84
93416 85
93420 86
93451 85
93569 84
93709 83
93811 84
93817 85
93833 84
93898 83
93976 82
94013 83
94088 84
94121 85
94135 86
94232 87
94233 86
94280 87
94357 88
94521 87
94774 88
94997 89
95060 88
95153 87
95185 88
95381 87
95765 86
95807 85
95852 84
95871 85
96087 84
96109 85
96213 86
96237 85
96358 84
96370 85
96633 86
96842 87
96853 88
96957 87
97186 88
97490 87
97808 88
97901 89
98530 90
98710 89
98725 88
98741 87
98993 86
99000 85
99016 84
99106 83
99328 84
99418 83
99470 84
99697 85
99796 86
99858 87
99868 86
100018 85
100065 86
100080 87
100230 88
100249 89
100768 90
100964 89
101267 88
101376 87
101685 86
101721 85
101872 86
101949 87
102145 86
102270 87
102283 86
102369 87
102416 86
102468 85
102490 86
102814 87
103198 88
103341 89
103342 90
103488 89
103812 88
103817 87
103901 86
104129 85
104235 86
104625 85
104677 84
104686 85
104728 84
104881 85
104915 84
104917 85
104920 86
105245 87
105377 86
105393 85
105504 86
105598 85
105645 84
105761 85
105925 84
105948 85
106105 86
106251 87
106282 88
106446 89
106522 88
106584 87
106637 88
107097 87
107143 86
107156 85
107161 84
107175 83
107401 84
107490 85
107669 86
107858 85
107868 84
108112 85
108144 86
108291 87
108307 86
108309 87
108455 86
108733 87
109268 88
109372 89
109407 88
109603 89
109719 88
109926 89
110140 88
110161 87
110581 86
110682 87
110734 86
110855 85
111041 86
111066 85
111223 86
111405 87
111795 88
112119 89
112253 88
112296 87
112306 88
112343 87
112810 88
113028 89
113113 88
113203 87
113652 88
113777 89
113809 88
114177 87
114317 88
114967 87
115075 86
115094 85
115342 86
115354 87
115597 86
115624 85
115730 86
115894 85
115895 86
116079 87
116223 88
116313 87
116583 88
116690 89
116713 90
116746 89
116891 88
117047 89
117490 88
117593 89
117681 90
117736 89
117984 88
118057 87
118156 86
118311 85
118564 84
118588 83
118597 82
118834 83
119022 82
119026 83
119050 84
119179 85
119200 84
119236 85
119245 86
119294 85
119329 86
119617 85
119789 86
119837 87
119963 88
120050 89
120126 90
120689 89
121099 88
121233 87
121322 88
121549 87
121557 88
121631 87
122220 88
122281 89
122554 88
122613 87
122693 86
123110 87
123214 86
123373 87
123502 86
123573 87
123605 88
123637 89
124033 88
124057 87
124157 86
124617 87
124961 88
125184 87
125428 88
125465 89
125743 88
125989 87
126009 88
126074 89
126237 90
126335 89
126485 88
126592 87
126766 86
127004 85
127220 86
127457 85
127481 86
127734 85
127901 86
127934 87
127953 86
128291 87
128294 88
128295 89
128574 90
128581 89
128654 88
128804 87
128805 88
129129 87
129242 88
129287 87
129517 86
129535 85
129543 84
129670 83
129697 84
129985 83
130074 82
130308 83
130345 84
130508 85
130611 86
130673 87
130713 86
130763 87
130906 86
130966 87
130996 86
131049 85
131158 84
131219 85
131301 86
131590 87
131776 88
131777 89
132050 90
132248 89
132473 88
132491 87
132806 88
132941 87
133025 88
133623 87
133878 88
134009 89
134179 88
134286 87
134425 86
134451 87
134493 88
134656 89
134928 88
135140 87
135176 86
135729 87
136079 88
136537 89
136815 90
137324 89
137480 88
137565 87
137945 88
137971 87
138108 86
138311 87
138425 86
138466 87
138935 88
138946 87
138960 88
139117 89
139408 90
139422 89
139548 88
139650 87
139889 88
140219 89
140326 90
140807 89
140924 88
141377 87
141794 88
141801 89
142062 88
142304 87
142573 88
142614 87
142618 88
142776 87
142868 86
142989 87
143049 86
143371 85
143382 86
143401 87
143576 86
143610 85
143983 86
143994 85
144097 86
144314 85
144550 86
144690 87
144727 88
144895 87
145007 86
145058 87
145588 88
145818 87
146001 86
146027 87
146136 88
146211 87
146264 88
146408 87
146862 86
146885 85
146927 84
146980 83
147053 84
147073 85
147237 86
147412 85
147659 86
147665 87
147837 88
147865 87
147985 86
148217 85
148321 86
148334 87
148954 88
149012 89
149165 88
149171 89
149814 88
150106 87
150121 88
150485 87
150586 88
150723 89
150935 88
151013 89
151047 88
151048 87
151212 86
151517 85
151572 86
151685 87
151778 86
151843 87
151850 88
151878 87
152314 86
152435 85
152488 86
152575 87
152770 86
152946 85
153024 86
153329 85
153407 86
153546 87
153634 86
153698 87
154141 88
154333 89
154387 88
154438 87
154510 88
154766 87
154849 86
155039 85
155100 86
155118 87
155298 86
155485 87
155531 86
155851 87
156058 88
156088 89
156307 88
156391 89
156683 87
156684 86
156689 85
156810 86
156816 85
156848 86
156861 85
156863 84
156994 83
157055 84
157129 85
157183 86
157240 87
157403 88
157410 87
157501 86
157579 87
157586 86
157709 85
157900 86
158012 85
158117 84
158254 83
158346 84
158362 82
158367 81
158457 82
158544 81
158885 79
158886 78
158889 77
158891 77
158894 77
158904 78
158906 79
158911 78
158917 77
158918 76
158920 75
158923 73
158924 72
158925 71
158927 70
158929 70
158930 71
158992 70
159071 69
159109 70
159188 70
159189 69
159190 67
159224 68
159237 67
159257 68
159260 67
159266 68
159475 69
159478 69
159480 70
159486 69
159493 68
159497 67
159576 68
159626 69
159634 70
159635 71
159659 72
159666 70
159692 71
159718 72
159740 73
159756 74
159765 73
159770 74
159779 73
159780 72
159786 71
159796 72
159802 73
159842 74
159889 75
159926 76
159978 77
159984 76
159985 77
160034 78
160040 77
160042 73
160064 72
160068 71
160191 72
160195 73
160198 72
160201 71
160272 72
160286 73
160289 74
160292 73
160305 72
160314 71
160327 72
160362 73
160390 74
160474 75
160479 75
160486 74
160489 75
160491 74
160554 75
160565 74
160570 75
160588 76
160590 76
160598 77
160599 76
160600 75
160614 72
160626 71
160631 73
160654 72
160662 73
160754 74
160786 75
160793 74
160794 73
160845 74
160862 75
160926 76
160932 75
160934 73
160963 74
160965 73
160984 74
160989 73
160990 72
161022 73
161114 74
161122 72
161151 73
161154 72
161156 73
161159 72
161161 71
161162 70
161164 69
161190 70
161359 69
161362 72
161389 71
161448 70
161456 71
161507 72
161509 73
161522 74
161525 73
161532 74
161540 73
161544 72
161547 73
161548 72
161580 72
161587 74
161604 74
161621 75
161751 76
161872 77
161881 78
161942 79
161950 78
162053 79
162064 80
162077 81
162085 82
162248 81
162310 82
162311 81
162319 80
162325 79
162329 80
162338 79
162354 78
162502 79
162543 80
162599 81
162609 82
162611 81
162654 82
162692 83
162754 84
162881 85
162942 86
162949 87
162956 88
163009 89
163145 88
163229 87
163250 86
163324 87
163823 88
163953 89
164010 88
164056 89
165522 90
165968 89
166002 88
166060 87
166094 86
166127 87
166587 88
167083 89
167411 90
167617 89
167675 88
167723 87
167851 88
168027 87
168058 88
168120 87
168246 86
168400 85
168582 86
168599 85
168631 84
168752 83
168874 84
168996 85
169090 84
169170 83
169178 82
169186 81
169266 82
169340 83
169411 82
169466 81
169474 82
169489 83
169574 82
169604 81
169622 80
169671 79
169746 80
169788 79
169910 80
170042 79
170105 80
170209 79
170287 80
170377 81
170431 82
170454 83
170466 82
170498 83
170627 82
170642 83
170754 84
170862 85
170876 86
170991 85
171081 84
171085 83
171227 84
171238 86
171526 87
171596 88
171671 87
171674 88
171746 87
171769 86
172044 87
172580 88
172770 89
173107 88
173420 89
173516 88
173926 89
173998 88
174074 89
174278 88
174364 87
174440 86
174699 85
175129 86
175136 87
175163 88
175233 87
175298 88
175632 87
175942 88
176030 89
176183 88
176467 87
176507 88
176514 87
176519 86
176673 87
176682 86
176891 85
177007 84
177010 83
177033 82
177123 83
177217 84
177295 85
177306 86
177362 87
177377 86
177425 87
177607 86
177676 87
177950 86
178023 85
178058 84
178182 83
178207 82
178244 81
178308 82
178355 83
178597 84
178604 85
178607 84
178690 85
178987 86
179059 87
179060 86
179103 87
179131 88
179418 87
179425 86
179681 87
179759 86
179839 87
180040 88
180114 89
180434 88
180510 87
180664 88
180739 87
181086 88
181330 89
181536 90
181746 89