0 89
699 90
3467 89
3698 88
3774 87
3790 86
4156 87
4480 86
4535 85
4757 86
4936 87
4967 86
5083 87
5115 88
5160 87
5218 86
5307 85
5410 84
5428 83
5432 82
5567 81
5619 82
5763 83
5796 82
5817 83
5973 82
6126 81
6144 80
6231 81
6241 82
6371 83
6397 84
6453 85
6519 84
6635 85
6698 86
6924 87
6942 88
7067 87
7107 88
7344 87
7389 88
7983 89
8083 88
8299 87
8488 88
8989 89
9238 90
11507 89
11873 90
11908 89
12208 88
12230 87
12991 88
13172 87
13322 88
13328 87
13583 86
13652 85
13695 86
13751 85
13824 84
13864 83
13869 82
14008 81
14218 82
14223 83
14235 82
14288 83
14351 82
14380 83
14497 82
14547 83
14666 84
14741 85
14798 86
14811 87
14847 86
14968 87
14983 86
15222 87
15288 86
15531 87
15559 88
15652 89
15831 88
15991 87
16747 88
16911 89
16979 90
16996 89
17981 90
18197 89
18395 88
18818 89
20136 90
20328 89
20334 88
20572 87
20658 86
20670 85
20742 86
21113 87
21215 88
21609 87
21704 88
21756 87
22020 86
22086 85
22301 84
22379 83
22444 82
22564 83
22644 84
22674 83
22697 84
22823 83
22914 84
22925 83
22955 84
23011 85
23057 86
23123 87
23203 88
23287 87
23652 88
23772 87
23927 88
24304 87
24351 88
24381 87
24410 88
24427 87
24544 86
24793 85
24794 86
24830 87
24942 88
25609 89
25907 90
26960 89
27367 88
27558 89
27792 90
28303 89
28776 88
29108 87
29109 86
29133 85
29295 84
29301 85
29523 86
29656 87
29848 86
29975 87
30046 86
30154 87
30200 86
30460 85
30492 86
30599 85
30715 86
30724 87
30725 88
30737 87
30823 86
30880 85
30978 84
31098 83
31184 84
31369 83
31429 82
31464 83
31491 84
31512 85
31652 86
31719 87
31724 86
31869 87
32006 86
32136 87
32239 88
32256 89
32432 88
32864 87
32962 88
33236 87
33261 88
33544 89
33708 88
33880 87
33949 88
34130 87
34722 86
34744 87
34824 88
34912 87
34941 88
35477 87
35629 88
35965 89
35988 88
36161 87
36276 88
36431 89
36716 88
36732 89
36885 88
37473 87
37512 88
37541 87
37542 86
37629 85
37889 84
37920 85
38229 84
38337 85
38493 86
38628 85
38712 86
38733 85
38860 86
38896 85
38937 86
38991 87
39052 86
39153 87
39174 86
39268 85
39316 84
39415 83
39480 84
39745 85
39750 84
39792 85
39814 84
39888 85
40119 86
40160 85
40290 86
40403 87
40529 88
40562 89
40652 90
40868 89
41300 88
41522 89
42104 90
42144 89
42786 88
42904 89
43172 88
43348 87
43725 88
43912 87
44340 88
44366 89
45248 90
45551 89
45975 88
46037 87
46069 86
46134 85
46196 86
46328 85
46371 86
46714 87
46962 88
47139 89
47428 88
47489 89
47493 88
47627 87
47628 86
47752 85
47853 84
48209 85
48416 86
48426 87
48588 88
48647 89
49127 88
49292 89
49305 88
49540 87
49544 88
49740 87
50372 88
50669 89
50751 90
51305 89
51457 88
51528 87
51784 86
51861 87
51942 88
52120 89
52348 88
52780 87
53146 89
53156 88
53573 87
53576 86
53776 87
53948 86
53955 87
54084 86
54307 87
54309 86
54321 85
54374 84
54440 83
54568 82
54735 81
54748 80
54779 79
54795 78
54851 79
54858 78
54868 77
54920 78
54924 77
54928 77
55187 76
55202 77
55371 78
55374 77
55379 76
55387 75
55537 76
55613 75
55660 76
55668 75
55727 76
55732 75
55744 74
55748 75
55789 76
55792 74
55793 75
55796 74
55845 73
55846 73
55849 72
55851 71
55852 70
55853 69
55855 68
55935 69
56013 70
56063 69
56068 70
56073 69
56087 68
56088 69
56100 70
56108 68
56109 65
56147 64
56186 65
56191 65
56192 64
56256 65
56264 65
56276 64
56279 63
56280 64
56364 65
56380 66
56388 64
56393 65
56397 66
56408 65
56429 64
56501 63
56521 64
56527 63
56531 64
56568 65
56572 66
56623 67
56647 68
56698 69
56700 68
56740 69
56771 70
56808 69
56809 68
56837 69
56842 70
56844 69
56847 70
56858 69
56859 68
56866 67
56884 68
56894 67
56895 68
56899 69
56928 70
56940 71
56945 72
57020 73
57028 72
57036 73
57069 74
57075 75
57088 76
57100 77
57121 78
57129 77
57132 76
57139 77
57216 75
57217 74
57261 73
57262 72
57265 71
57270 70
57279 69
57306 70
57312 69
57334 70
57343 71
57344 70
57347 69
57348 68
57392 67
57428 68
57436 67
57456 68
57462 69
57470 68
57496 67
57512 68
57622 69
57630 70
57660 71
57703 69
57704 68
57719 69
57723 68
57739 67
57756 68
57770 69
57771 70
57773 69
57782 69
57800 70
57806 71
57837 72
57952 73
57958 72
57971 71
57978 72
57985 71
57988 72
58009 73
58075 74
58132 75
58144 76
58284 77
58292 78
58293 77
58298 76
58304 75
58307 74
58323 73
58327 74
58397 75
58403 76
58447 77
58504 78
58505 79
58591 80
58704 81
58775 82
58839 83
58895 82
58975 83
59020 84
59167 84
59180 83
59182 82
59226 81
59419 82
59501 83
59504 84
59549 85
59612 86
59738 87
59797 86
59964 87
60106 88
60236 89
61068 90
61264 89
61474 88
61614 89
61855 90
63372 89
64219 88
64438 87
64618 86
64640 85
64662 86
64776 85
64796 84
64823 83
64919 84
65026 83
65053 84
65063 83
65158 84
65270 85
65285 84
65474 85
65707 84
65748 85
65760 86
65800 87
65872 86
65879 85
66115 86
66143 87
66277 88
66280 89
66518 88
66734 87
66757 86
66784 87
66964 86
66980 85
67031 84
67150 83
67152 82
67458 81
67663 82
67928 83
68107 85
68110 86
68144 87
68205 88
68240 89
68284 90
69912 89
70028 88
70080 87
70167 88
70197 87
70573 88
70580 89
71081 90
71988 89
72689 90
73077 89
73493 88
73611 87
73724 86
73757 85
73988 86
74308 85
74315 86
74318 85
74384 86
74950 87
74952 86
75068 87
75153 86
75171 85
75354 84
75399 83
75420 82
75425 83
75433 84
75468 83
75509 82
75512 81
75553 82
75576 81
75587 80
75748 81
75827 82
75934 81
75967 82
76038 81
76208 82
76210 83
76254 84
76452 85
76504 86
76517 87
76538 88
76608 89
76765 88
77185 89
77434 90
77975 89
78198 88
78351 87
78464 86
78660 87
78768 88
78852 87
79209 88
79477 87
79505 88
79760 87
79793 86
79846 85
79901 86
79922 87
80127 88
80268 89
80524 88
80673 89
80717 88
81035 89
81384 88
81512 87
81605 88
81932 87
82047 86
82180 87
82197 86
82333 85
82430 86
82692 87
82881 88
82951 89
82973 88
83104 87
83590 86
83752 87
83765 88
83797 87
83827 86
83856 85
83944 86
84016 85
84023 84
84034 85
84308 86
84748 87
84860 86
84929 87
85267 88
85392 89
85720 90
85929 89
86388 88
86868 89
86903 88
87003 87
87769 88
87914 87
88163 88
88208 87
88383 88
88433 87
88593 86
88751 87
88959 88
89115 89
89224 90
89284 89
89821 88
89841 89
89937 88
90185 87
90617 88
90768 87
90805 86
90923 85
90973 86
91002 87
91223 86
91416 85
91544 84
91759 85
91894 86
91995 85
92027 84
92039 83
92169 84
92193 85
92241 84
92285 85
92293 84
92416 83
92460 82
92499 83
92521 84
92719 85
92811 86
92940 87
92956 88
93089 89
93300 88
93459 89
94825 88
94845 89
95338 88
95961 87
95974 88
96129 89
96518 88
96561 87
96613 86
96893 87
97092 88
97424 89
97839 90
98269 89
98455 88
99027 89
99028 88
99304 89
99653 88
99744 87
99981 86
100076 87
100110 88
100444 87
100468 86
100734 85
100849 86
100896 85
100909 86
101129 87
101250 86
101279 87
101740 86
101785 87
101909 88
102122 87
102188 88
102797 87
102999 86
103091 87
103158 88
103380 89
103610 90
103684 89
103788 88
103844 87
103851 86
104131 87
104153 86
104586 85
104615 86
104753 87
104788 86
104879 85
105081 84
105109 85
105263 86
105414 87
105647 88
105690 89
105928 88
106028 87
106323 88
106410 89
106894 88
107165 89
107361 90
107467 89
108145 88
108325 87
108373 86
108417 85
108516 86
108849 87
108878 86
108941 87
109113 88
109169 87
109235 86
109333 85
109530 86
109578 87
109686 86
109975 85
110068 84
110134 85
110180 84
110425 85
110629 86
110704 87
110745 88
110874 87
111088 88
111183 89
111489 90
111701 88
112121 87
112161 88
112196 87
112281 86
112287 85
112465 84
112473 85
112589 84
112801 85
112887 86
112897 87
113021 86
113489 87
113530 86
113721 87
113735 86
113894 87
114180 88
114479 87
114505 88
114533 87
114640 86
114694 85
114771 86
114813 85
114885 86
115004 87
115333 86
115373 87
115424 86
115761 87
115907 86
116096 87
116227 88
116363 89
116587 88
116809 87
116857 86
116876 87
116919 86
117145 85
117429 86
117431 87
117533 88
117598 87
117645 88
117674 87
117741 88
117821 87
118005 86
118121 85
118211 86
118362 85
118482 84
118505 83
118689 84
118770 85
118779 84
118936 85
119049 86
119249 87
119317 88
119557 87
119731 88
119941 89
119965 88
119998 87
120102 86
120138 84
120253 85
120557 84
120597 85
120691 86
120699 85
120718 84
120722 82
120909 83
121025 82
121113 83
121185 82
121245 81
121384 82
121387 83
121390 84
121393 85
121432 86
121433 85
121565 86
121836 87
122081 88
122237 89
122385 88
122421 87
122517 88
122543 87
123033 86
123253 85
123255 84
123322 85
123772 84
124001 85
124026 86
124172 87
124182 88
124508 89
124510 88
124706 89
124899 88
125188 87
125346 88
125377 87
125991 88
126025 87
126353 86
126415 85
126510 86
126645 87
126651 88
126837 87
126907 88
127299 87
127459 88
127682 89
127999 90
128208 89
128946 88
129139 87
129154 86
129410 87
129448 86
129465 85
129801 86
129933 85
129964 86
129965 85
130036 86
130467 87
130518 86
130630 87
130721 88
130737 89
130987 88
131073 87
131221 88
131261 86
131385 87
131458 88
131692 87
131883 88
131995 87
132173 88
132514 87
132537 86
132592 85
132626 84
132657 85
132928 86
133037 87
133040 88
133239 89
133478 90
133598 89
133630 88
133694 87
133768 86
133996 87
134100 86
134505 87
134690 88
134808 89
134843 88
134901 87
134976 88
135366 87
135813 88
136083 89
136689 90
137390 89
137485 88
137578 87
137598 86
137894 87
138015 86
138081 87
138360 88
138409 89
138566 90
139071 89
139509 88
140009 87
140057 86
140249 87
140377 88
140482 87
140553 86
140624 85
140769 86
140809 85
140845 86
141064 85
141117 84
141141 85
141345 86
141413 87
141484 88
141547 87
141627 88
141665 87
141738 88
142056 87
142296 88
142350 87
142509 86
142617 85
143097 86
143138 87
143141 88
143337 87
143385 88
143462 87
143641 88
143651 89
143942 88
144369 89
145629 90
146018 89
146416 90
146455 89
146459 88
146809 87
146853 86
147336 87
147543 88
147797 89
148073 88
148104 87
148303 88
148493 87
148618 86
148797 87
148819 88
148917 87
148979 86
148985 85
149125 86
149173 87
149174 86
149636 87
149904 88
150024 87
150093 88
150133 87
150177 88
150518 89
150577 90
150789 89
151053 88
151058 87
151142 86
151315 85
151450 84
151536 85
151599 86
151827 87
152038 88
152066 87
152080 88
152086 87
152120 88
152320 89
152393 90
152601 89
152869 88
153934 89
154671 90
154728 89
154895 88
154916 87
155012 88
155369 87
155460 88
155660 89
155769 88
155974 89
156509 88
156541 87
156543 86
156596 87
156798 88
156861 89
156934 88
157415 87
157422 89
157637 88
157851 87
157879 86
158058 87
158196 86
158593 87
158596 88
158739 89
158971 88
158986 87
159115 86
159185 87
159402 86
159756 85
159783 84
159844 85
159884 84
160006 85
160039 86
160102 87
160123 88
160417 87
160504 88
160525 87
160863 88
161054 87
161295 88
161306 87
161315 86
161766 87
161831 86
162000 87
162042 86
162117 85
162213 86
162292 87
162359 88
163167 87
163231 88
163335 87
163346 88
163854 87
163884 88
164222 87
164827 88
164943 89
164946 88
165051 89
165235 88
165274 87
165322 86
165370 85
165758 84
165852 83
165862 84
165887 85
166002 86
166070 85
166094 87
166305 86
166616 87
166697 86
166774 85
166883 86
166888 87
167462 88
167478 87
167499 88
167563 87
167894 88
167922 89
168080 88
168184 89
168334 88
168440 87
168780 88
168962 87
169065 88
169203 89
169490 88
169862 89
170077 88
170143 89
170383 88
170553 87
170602 88
170702 89
171607 88
171683 89
171759 88
172355 89
172821 88
172905 89
173758 88
173806 87
174047 88
174288 87
174519 86
174594 87
174746 86
174799 87
174862 88
174883 87
175086 86
175125 87
175133 86
175402 85
175634 84
175666 83
175680 84
175681 83
175734 84
175806 85
175914 84
176036 85
176110 86
176202 87
176438 88
176518 87
176616 88
176666 87
176683 86
176768 85
176900 86
177126 87
177298 88
177304 89
177402 88
177580 89
177790 88
178117 87
178266 88
178404 89
178822 88
179176 89
179398 88
180046 87
180110 88
180199 87
180438 88
180533 89
180706 88
180723 87
180747 88
181120 89
181260 88