0 83
22 82
40 83
70 84
166 83
204 82
218 83
260 82
299 81
301 82
350 81
362 82
398 83
474 82
487 81
549 80
562 81
564 82
568 81
586 80
868 79
942 78
986 79
992 78
995 79
1038 78
1058 79
1086 78
1106 77
1142 78
1166 79
1324 80
1329 81
1332 82
1346 83
1441 84
1457 85
1506 84
1525 85
1578 86
1664 85
1847 84
1883 85
1886 86
1933 85
1936 84
1965 83
1982 82
2054 81
2130 82
2204 81
2310 80
2395 81
2405 82
2563 83
2635 84
2690 85
2814 84
2873 85
2874 86
2990 85
3078 84
3079 83
3096 82
3169 81
3281 82
3397 81
3406 80
3412 81
3495 80
3538 79
3622 78
3647 79
3707 80
3715 81
3790 82
3825 81
3846 82
3922 81
3956 82
4032 83
4035 82
4048 81
4058 82
4100 83
4155 82
4192 81
4251 82
4383 83
4398 84
4518 85
4556 84
4750 85
4752 86
4759 85
4854 86
4890 85
4902 84
4909 83
4924 82
4942 81
5017 82
5018 81
5062 80
5194 81
5214 79
5245 80
5272 79
5276 78
5303 79
5372 78
5382 79
5390 78
5394 77
5508 76
5539 77
5646 78
5719 77
5732 76
5747 77
5777 78
5810 79
5874 78
5894 77
5945 78
6054 79
6121 80
6183 81
6196 82
6326 83
6422 82
6468 83
6498 84
6559 85
6622 86
6682 85
6751 84
6874 83
6928 82
6988 83
7051 82
7075 83
7096 84
7260 85
7367 84
7499 83
7501 82
7505 81
7607 82
7778 81
7811 80
7814 81
7818 82
7845 83
7850 82
7892 81
7986 80
7994 79
8042 78
8067 79
8136 78
8185 79
8260 78
8275 77
8365 78
8409 79
8414 78
8465 79
8510 78
8598 79
8602 78
8608 77
8646 78
8694 79
8734 80
8782 81
8786 82
8791 83
8830 84
8834 83
8984 82
9012 82
9168 83
9238 82
9399 81
9434 82
9522 81
9566 80
9600 79
9689 80
9718 79
9732 80
9735 81
9772 82
9814 81
9922 82
9947 81
9952 82
9978 81
9982 82
10018 81
10032 80
10150 81
10164 82
10194 83
10195 82
10302 83
10333 82
10402 83
10484 82
10493 83
10554 82
10667 81
10712 80
10738 81
10791 80
10806 81
10878 80
10902 81
10912 80
11018 82
11097 81
11195 80
11202 79
11241 78
11258 79
11262 80
11432 81
11438 82
11492 83
11518 82
11542 81
11547 82
11581 81
11591 80
11596 79
11603 78
11640 77
11668 76
11672 75
11733 76
11859 77
11873 78
11891 79
11993 78
12057 79
12114 80
12118 79
12123 80
12134 81
12223 80
12241 79
12259 80
12282 81
12298 80
12302 81
12307 80
12367 79
12411 78
12484 79
12510 80
12693 81
12709 80
12749 81
12829 82
12866 83
12885 82
12937 81
12981 82
12990 81
13160 82
13224 83
13230 82
13241 81
13292 82
13348 81
13473 80
13551 81
13601 80
13602 79
13627 80
13638 79
13675 78
13677 79
13689 80
13764 79
13801 78
13815 79
13823 80
13829 79
13839 78
13890 77
14006 78
14065 79
14172 78
14177 77
14203 76
14276 75
14306 76
14357 75
14378 74
14424 73
14445 74
14470 73
14482 72
14520 73
14522 72
14540 71
14577 72
14582 73
14587 72
14599 74
14636 73
14795 74
14818 75
14862 76
14876 77
14902 78
14914 79
14968 80
15010 79
15022 80
15077 79
15078 80
15091 81
15126 80
15157 79
15178 78
15241 79
15263 78
15278 77
15315 76
15333 77
15369 78
15383 79
15411 80
15459 79
15470 78
15498 77
15536 78
15634 79
15670 80
15690 79
15794 78
15803 79
15827 78
15840 77
15894 76
15979 77
15986 78
16023 79
16064 78
16067 77
16110 78
16126 77
16177 76
16191 75
16228 76
16253 77
16258 78
16618 79
16638 80
16672 81
16684 82
16734 83
16759 84
16793 83
16830 82
16861 83
16923 84
16938 83
17027 82
17031 83
17066 84
17117 83
17206 84
17231 83
17305 82
17306 81
17450 80
17461 81
17547 80
17592 79
17778 78
17798 79
17833 78
17854 79
17906 78
17914 77
17929 78
17975 79
18116 78
18128 77
18212 78
18213 77
18278 79
18294 78
18358 79
18382 80
18432 79
18470 80
18493 79
18535 80
18634 81
18710 80
18724 79
18758 80
18785 79
18868 78
18897 79
19006 80
19018 79
19123 80
19184 81
19278 82
19283 83
19335 82
19409 81
19468 80
19507 81
19511 82
19513 83
19585 84
19703 85
19777 84
19826 83
19927 82
20046 83
20194 82
20207 83
20215 82
20290 81
20307 82
20323 83
20355 82
20356 81
20447 80
20452 81
20459 80
20497 81
20629 82
20821 81
20883 80
20892 79
20938 78
21078 79
21089 78
21100 79
21104 80
21147 79
21164 80
21188 81
21199 82
21208 81
21255 80
21259 81
21339 82
21470 81
21519 82
21576 81
21634 82
21638 81
21671 82
21672 81
21693 80
21700 79
21841 78
21924 77
21956 78
22023 77
22050 76
22057 75
22067 76
22075 75
22122 76
22150 77
22258 78
22259 77
22271 76
22276 77
22283 76
22337 77
22504 76
22511 75
22513 74
22542 73
22548 74
22553 75
22580 76
22685 75
22689 74
22714 75
22715 76
22737 77
22786 78
22874 77
22880 76
22934 77
22997 78
23067 77
23100 78
23117 77
23144 78
23155 79
23158 80
23183 79
23201 78
23205 79
23216 78
23222 77
23230 78
23247 77
23290 78
23358 79
23369 78
23433 79
23476 78
23535 77
23618 76
23687 75
23709 76
23750 75
23814 76
23826 75
23866 76
23897 75
23901 76
23907 77
23975 78
24000 77
24140 76
24177 77
24204 78
24210 79
24289 77
24331 76
24357 75
24362 76
24391 77
24430 78
24432 77
24464 78
24480 79
24498 80
24519 79
24536 78
24549 77
24572 78
24596 79
24614 78
24666 77
24671 78
24786 77
24829 78
24841 77
24858 78
24866 77
24978 78
25014 77
25046 76
25093 77
25134 78
25154 79
25170 80
25177 79
25178 78
25236 79
25267 80
25303 81
25312 80
25347 79
25400 78
25430 77
25531 78
25571 79
25610 80
25671 79
25752 80
25756 79
25758 78
25798 79
25878 80
25915 79
25963 78
26003 79
26059 80
26131 81
26153 80
26246 81
26278 80
26342 79
26393 80
26396 79
26424 78
26488 77
26559 78
26575 79
26583 80
26590 79
26627 80
26677 79
26682 80
26758 79
26863 78
26870 79
26900 78
26905 79
26981 80
27025 79
27031 80
27046 79
27152 80
27171 81
27235 82
27238 81
27239 80
27266 79
27289 80
27323 78
27408 79
27531 78
27562 79
27649 80
27680 81
27697 80
27698 81
27705 82
27706 81
27815 80
27862 79
27949 80
27961 81
27982 80
28003 81
28065 80
28083 81
28135 82
28153 81
28164 82
28185 81
28245 82
28306 81
28350 80
28374 81
28532 80
28574 79
28586 80
28617 79
28636 80
28657 79
28755 80
28768 79
28777 78
28790 77
28795 76
28820 75
28827 74
28845 73
28901 74
28957 75
28976 76
29010 75
29022 74
29071 75
29104 76
29106 77
29163 76
29181 77
29182 78
29287 77
29306 78
29388 79
29441 80
29455 79
29460 80
29478 81
29546 80
29558 79
29647 80
29662 81
29703 82
29784 81
29811 82
29835 81
29863 80
29889 79
29903 78
29925 77
29931 75
29936 74
29962 73
29973 74
30040 75
30264 74
30265 73
30347 74
30360 73
30417 72
30459 73
30486 74
30499 75
30534 74
30677 75
30683 76
30736 77
30742 78
30762 77
30810 78
30848 77
30886 78
30918 79
30941 80
30949 80
30967 81
31043 80
31055 81
31153 82
31243 83
31247 84
31266 83
31275 82
31303 81
31357 80
31360 79
31571 79
31594 80
31604 81
31628 80
31629 79
31651 80
31662 81
31849 80
31923 79
32018 78
32064 77
32069 76
32101 75
32116 74
32157 75
32196 76
32271 77
32432 78
32441 79
32446 80
32468 81
32522 80
32635 81
32642 82
32711 83
32808 84
32834 85
32843 84
32926 85
33064 84
33128 83
33131 82
33144 83
33188 82
33209 81
33215 80
33216 79
33262 78
33263 77
33274 76
33275 77
33407 76
33552 75
33588 74
33613 75
33635 74
33715 75
33748 74
33766 75
33786 74
33787 75
33792 74
33795 73
33916 74
33959 75
33973 74
34015 75
34084 74
34179 75
34206 76
34210 77
34211 78
34217 79
34224 80
34227 79
34270 80
34348 79
34371 80
34372 81
34375 82
34387 81
34401 82
34552 83
34587 82
34719 80
34720 79
34721 80
34732 79
34752 78
34779 79
34783 78
34788 77
34795 76
34800 75
34855 76
34862 75
34921 76
34922 77
34930 76
34965 75
35097 74
35114 73
35133 74
35139 73
35149 74
35211 73
35241 74
35244 73
35246 74
35259 73
35331 74
35339 73
35343 72
35377 73
35404 74
35420 75
35424 76
35489 75
35508 74
35545 75
35559 74
35610 75
35622 75
35623 74
35624 73
35626 73
35627 72
35628 71
35646 70
35707 69
35744 70
35754 71
35767 70
35769 71
35784 72
35795 71
35829 70
35855 71
35873 72
35958 73
36028 74
36075 75
36101 73
36104 74
36105 73
36106 72
36143 71
36151 70
36171 71
36185 70
36222 69
36235 68
36242 69
36243 70
36246 69
36253 68
36256 67
36257 67
36259 67
36261 66
36262 65
36359 66
36383 65
36416 66
36419 65
36422 64
36424 65
36427 64
36431 64
36459 65
36479 66
36485 67
36488 68
36490 67
36492 67
36493 67
36499 66
36551 65
36563 66
36567 67
36576 68
36579 67
36596 68
36604 66
36607 65
36609 64
36610 63
36611 62
36613 62
36616 62
36723 63
36771 61
36818 62
36827 61
36840 62
36842 63
36860 64
36862 63
36864 64
36874 63
36879 62
36881 61
36913 62
36918 63
36928 64
36955 65
36964 66
36989 65
37007 66
37063 67
37091 66
37094 65
37099 64
37116 65
37125 64
37131 64
37136 63
37137 62
37183 63
37207 64
37215 66
37240 67
37245 66
37251 65
37281 66
37289 67
37297 66
37323 65
37324 67
37325 66
37352 67
37353 68
37359 67
37362 66
37410 67
37430 66
37435 67
37451 68
37543 67
37549 66
37551 67
37556 68
37559 67
37563 66
37565 65
37570 64
37600 63
37659 64
37667 62
37673 63
37699 65
37711 63
37774 64
37781 63
37788 64
37810 63
37812 64
37813 64
37817 65
37827 65
37837 66
37839 67
37847 68
37878 67
37928 68
37946 67
37954 66
37956 66
37957 67
37982 67
37983 66
37991 65
38034 64
38043 66
38047 67
38082 66
38090 65
38094 66
38139 67
38147 64
38150 63
38156 62
38177 61
38201 62
38204 61
38263 62
38265 61
38271 62
38273 63
38280 64
38291 63
38300 64
38303 64
38312 65
38322 66
38326 67
38331 66
38339 67
38351 68
38352 69
38358 68
38360 67
38363 66
38372 65
38411 65
38418 66
38423 65
38425 64
38430 63
38450 64
38454 65
38455 66
38463 67
38467 65
38471 64
38491 65
38521 66
38523 67
38536 68
38616 67
38619 67
38702 68
38703 69
38713 68
38719 67
38722 66
38725 65
38777 64
38786 65
38793 65
38807 65
38840 65
38845 64
38846 63
38867 64
38879 61
38903 62
38911 61
38916 60
38933 61
38940 60
38950 61
38961 60
39043 61
39047 58
39051 58
39053 58
39058 57
39063 56
39066 55
39068 54
39069 54
39077 55
39079 54
39085 55
39109 56
39117 55
39127 54
39128 53
39159 50
39170 49
39183 50
39220 48
39222 48
39223 49
39229 48
39235 50
39239 48
39242 47
39243 46
39247 45
39249 46
39251 46
39255 47
39292 48
39300 47
39301 46
39344 47
39345 48
39359 50
39364 51
39375 51
39376 49
39379 48
39388 49
39419 50
39429 51
39437 52
39443 51
39467 52
39470 53
39535 54
39543 55
39560 56
39562 58
39602 59
39653 60
39683 61
39687 62
39711 63
39715 63
39716 64
39720 64
39723 63
39727 64
39729 63
39743 64
39751 62
39763 63
39790 62
39799 63
39804 62
39811 63
39819 62
39825 63
39828 64
39879 65
39884 64
39922 65
39940 66
39951 67
39952 68
39953 67
39955 66
39961 65
39964 64
39986 64
39990 65
39995 66
39996 67
40008 66
40019 65
40034 64
40059 65
40071 64
40076 63
40099 64
40110 63
40111 64
40112 65
40113 64
40115 62
40117 63
40151 62
40152 61
40186 60
40195 61
40211 62
40216 63
40225 62
40237 63
40238 61
40242 60
40289 61
40302 60
40319 61
40330 61
40354 62
40364 61
40375 59
40383 60
40440 61
40449 62
40477 61
40482 60
40483 59
40520 60
40565 61
40596 62
40597 63
40599 64
40619 65
40635 63
40640 64
40667 63
40671 64
40678 63
40694 64
40709 65
40711 67
40717 68
40719 67
40721 66
40727 64
40735 63
40739 63
40743 65
40759 66
40768 67
40772 65
40773 65
40774 64
40781 63
40818 64
40821 65
40827 64
40828 63
40832 61
40862 62
40871 61
40872 60
40951 61
40975 62
40981 63
40982 62
40986 63
41008 64
41032 65
41046 66
41077 67
41081 68
41111 69
41115 68
41119 67
41125 67
41171 68
41179 69
41187 68
41198 67
41232 66
41234 67
41246 68
41274 69
41279 70
41338 70
41347 69
41356 68
41359 70
41367 69
41375 69
41378 68
41411 67
41463 68
41471 67
41474 67
41487 67
41491 66
41514 65
41524 66
41555 67
41562 68
41563 67
41571 66
41572 67
41575 66
41618 67
41659 68
41747 67
41763 66
41766 67
41767 68
41768 69
41857 70
41871 71
41872 72
41879 71
41900 72
41907 73
41910 74
41915 73
41935 72
41948 73
41992 72
42059 73
42067 72
42078 71
42118 70
42120 71
42126 70
42140 71
42147 70
42154 69
42159 70
42171 69
42195 70
42215 69
42241 68
42243 67
42246 66
42272 65
42285 64
42299 63
42322 62
42371 63
42373 64
42384 65
42391 66
42393 65
42403 64
42435 64
42437 64
42438 65
42444 64
42448 65
42459 64
42472 63
42502 62
42508 63
42517 62
42587 63
42599 62
42607 63
42618 64
42635 65
42639 66
42646 67
42673 68
42679 69
42682 70
42690 69
42731 70
42775 71
42809 72
42815 72
42819 73
42860 74
42868 73
42869 74
42876 73
42877 72
42915 73
42926 72
42951 73
42977 72
42982 73
42987 72
43023 73
43062 72
43110 73
43127 72
43139 71
43167 72
43168 73
43186 74
43195 75
43199 75
43203 74
43208 73
43247 72
43292 73
43307 74
43314 73
43315 71
43318 70
43327 69
43335 68
43387 69
43403 70
43553 71
43576 72
43592 71
43595 73
43603 71
43605 70
43622 69
43697 68
43740 69
43747 71
43752 72
43756 70
43760 71
43767 71
43804 72
43835 74
43871 75
43874 76
43883 77
44002 78
44035 79
44064 80
44131 81
44151 80
44164 81
44171 82
44197 82
44206 81
44211 80
44219 79
44252 78
44323 79
44341 78
44348 79
44465 80
44471 81
44483 80
44511 79
44537 78
44641 77
44645 76
44663 75
44723 76
44792 77
44812 76
44825 75
44830 74
44875 75
44878 74
44882 73
44918 72
44924 71
45107 73
45113 72
45116 71
45126 70
45150 71
45169 70
45170 71
45209 70
45252 69
45303 68
45320 69
45332 70
45335 69
45336 70
45366 71
45388 72
45434 73
45450 74
45504 73
45555 72
45572 73
45599 74
45616 73
45617 74
45622 73
45623 72
45630 72
45653 73
45695 72
45737 73
45750 74
45765 75
45791 76
45795 75
45808 74
45811 73
45813 74
45816 74
45818 73
45859 72
45878 73
45924 72
45987 71
45999 72
46034 72
46047 71
46143 70
46190 71
46200 72
46206 71
46217 70
46227 69
46240 70
46259 71
46282 72
46288 71
46310 72
46315 73
46318 74
46322 75
46323 74
46324 73
46326 72
46330 71
46338 72
46358 71
46379 70
46396 71
46416 72
46482 73
46566 72
46591 72
46596 71
46613 72
46642 73
46664 72
46694 70
46695 69
46702 69
46716 70
46719 69
46755 70
46763 69
46783 68
46788 67
46812 68
46813 69
46823 68
46862 69
46865 68
46867 67
46876 66
46878 65
46880 64
46881 63
46891 64
46935 65
46941 64
46946 65
46948 66
46954 65
46990 64
46995 65
46996 65
46998 64
47002 63
47003 62
47010 61
47073 62
47077 63
47090 62
47101 63
47125 62
47134 63
47213 64
47222 65
47233 64
47234 62
47236 61
47319 60
47322 59
47339 61
47355 61
47372 62
47376 63
47392 62
47395 63
47424 64
47429 65
47435 64
47438 64
47448 63
47461 62
47466 61
47480 62
47490 63
47496 64
47501 64
47523 65
47524 66
47531 67
47539 65
47597 66
47606 65
47607 64
47625 66
47709 67
47725 66
47738 67
47741 68
47756 67
47759 68
47763 66
47771 65
47783 66
47795 64
47839 65
47845 64
47878 65
47886 65
47924 66
47964 67
48003 66
48021 67
48055 68
48063 66
48067 65
48070 66
48087 67
48114 66
48151 67
48160 64
48163 65
48174 66
48179 65
48180 64
48181 63
48194 64
48221 65
48244 64
48274 65
48287 66
48298 65
48313 66
48355 68
48359 67
48360 68
48411 69
48412 71
48418 72
48426 71
48440 72
48451 71
48458 70
48483 71
48487 72
48496 73
48521 74
48527 73
48528 74
48548 73
48569 72
48630 71
48688 72
48697 71
48699 72
48708 73
48710 73
48715 74
48723 73
48760 74
48783 75
48794 74
48864 73
48865 74
48883 75
48899 74
48904 73
48954 72
48965 73
48995 72
49055 73
49083 74
49111 76
49150 77
49156 77
49167 76
49174 75
49179 76
49191 75
49240 74
49254 75
49296 76
49319 75
49320 76
49369 75
49445 76
49447 77
49461 76
49491 75
49516 74
49531 73
49547 72
49561 73
49571 72
49628 73
49632 74
49782 75
49799 76
49859 77
49867 78
49868 79
49870 78
49873 77
49874 77
49876 75
49882 76
49924 75
50009 76
50047 77
50052 76
50076 75
50082 76
50114 75
50144 76
50155 77
50188 76
50210 77
50297 76
50328 75
50339 76
50411 75
50460 76
50471 75
50474 74
50475 75
50476 73
50477 72
50481 70
50483 69
50504 68
50507 67
50529 68
50531 67
50535 66
50590 67
50591 66
50603 65
50612 64
50615 65
50628 64
50649 65
50731 66
50736 67
50737 66
50752 67
50757 68
50835 67
50846 66
50849 65
50859 66
50879 65
50882 64
50884 63
50886 64
50926 63
50930 64
50931 63
50937 63
50941 63
50974 64
51059 65
51063 66
51072 67
51074 67
51080 68
51087 67
51089 66
51090 65
51105 66
51151 67
51177 68
51227 69
51255 70
51275 69
51277 71
51292 72
51296 71
51318 72
51390 73
51395 73
51399 74
51402 73
51407 72
51408 73
51413 72
51419 73
51426 72
51435 71
51440 72
51587 70
51595 71
51616 72
51632 73
51634 72
51635 71
51637 70
51643 69
51647 70
51659 69
51660 68
51662 67
51669 66
51689 67
51691 68
51694 69
51698 69
51706 67
51709 66
51710 65
51736 64
51741 63
51774 64
51775 63
51827 64
51884 63
51923 62
51930 63
51976 64
51981 63
51984 64
51995 65
51996 64
52038 65
52043 63
52078 62
52093 63
52097 64
52127 65
52190 66
52200 65
52209 66
52211 67
52250 68
52255 69
52263 68
52267 69
52275 66
52293 66
52321 67
52330 66
52407 68
52415 65
52427 66
52438 65
52500 64
52513 65
52523 64
52527 63
52531 62
52538 63
52543 64
52567 65
52568 66
52601 68
52608 67
52613 68
52623 69
52631 67
52691 68
52723 69
52727 68
52741 67
52768 66
52790 67
52791 68
52807 67
52808 68
52821 69
52839 68
52844 67
52846 66
52859 67
52863 66
52867 65
52886 66
52972 65
53033 66
53035 65
53057 66
53066 65
53109 66
53119 67
53196 68
53210 67
53245 68
53288 69
53301 70
53307 71
53315 69
53316 68
53319 69
53323 70
53331 69
53364 70
53373 69
53377 68
53395 69
53417 70
53459 71
53471 70
53474 69
53503 70
53512 71
53580 72
53583 73
53591 74
53610 75
53640 76
53662 77
53688 78
53699 79
53703 78
53751 77
53756 78
53762 79
53779 80
53791 81
53828 80
53835 79
53846 78
53867 77
53890 78
53895 77
53905 78
53963 79
53982 80
54014 79
54039 80
54077 78
54107 79
54149 80
54183 79
54229 80
54239 79
54260 78
54353 79
54428 78
54526 77
54527 75
54547 76
54572 75
54627 76
54634 75
54648 74
54651 73
54729 74
54746 75
54773 74
54781 75
54791 76
54808 77
54821 76
54959 77
54979 76
55007 75
55032 74
55055 75
55092 76
55129 77
55171 78
55221 77
55264 78
55268 79
55271 80
55272 79
55383 80
55405 79
55496 80
55539 81
55577 80
55634 79
55666 78
55691 77
55718 76
55766 77
55809 78
55811 79
55867 80
55887 79
55927 78
55937 77
55968 78
56020 79
56108 78
56226 77
56246 78
56311 77
56355 78
56383 79
56420 78
56445 77
56495 78
56536 79
56571 80
56675 81
56687 82
56782 83
56832 82
56836 81
56855 80
56885 81
56886 80
56932 79
56962 80
56980 81
57208 82
57219 80
57287 79
57419 78
57420 77
57437 78
57458 79
57506 78
57535 77
57538 76
57595 77
57602 78
57649 79
57691 80
57707 81
57717 80
57923 81
58063 82
58074 83
58077 84
58172 85
58188 84
58311 85
58313 84
58360 83
58398 84
58413 83
58544 82
58585 81
58586 80
58638 81
58687 80
58735 79
58741 78
58781 77
58812 76
58831 77
58886 78
58924 77
59016 76
59045 75
59068 76
59110 77
59131 78
59133 77
59143 76
59194 77
59195 76
59225 77
59241 78
59245 79
59314 80
59331 79
59332 78
59367 79
59382 78
59481 79
59525 80
59602 81
59615 82
59635 81
59643 82
59670 83
59672 82
59768 81
59807 82
59844 83
59898 82
59990 83
60002 84
60006 85
60047 84
60159 83
60161 84
60171 83
60214 82
60247 81
60271 80
60287 81
60307 80
60352 79
60375 78
60431 77
60498 76
60613 75
60679 74
60750 73
60814 72
60816 73
60876 74
60902 75
60919 76
60959 77
61006 76
61018 77
61136 78
61164 79
61179 80
61219 81
61235 82
61261 81
61298 82
61299 81
61308 82
61346 83
61422 82
61484 83
61537 84
61547 85
61596 84
61640 83
61732 82
61871 81
61928 80
61929 79
61981 78
61988 77
62044 78
62103 79
62119 80
62120 79
62270 78
62308 79
62311 78
62321 79
62346 78
62355 77
62395 76
62517 77
62534 78
62619 79
62647 80
62729 79
62884 80
62914 79
62922 80
62971 81
63012 80
63033 81
63035 82
63199 83
63244 82
63333 83
63343 82
63351 81
63368 80
63427 79
63442 78
63462 77
63494 76
63499 77
63522 76
63542 77
63578 76
63717 77
63747 78
63803 79
63819 80
63829 81
63845 80
63940 81
64083 80
64094 81
64103 80
64210 79
64214 78
64252 79
64279 80
64292 81
64302 82
64319 81
64347 79
64421 80
64455 79
64479 78
64528 77
64598 76
64667 77
64692 78
64715 77
64721 78
64751 79
64850 78
64899 80
64908 81
64915 82
64926 83
64959 82
65000 83
65009 82
65022 83
65087 82
65218 83
65330 82
65339 83
65380 82
65460 81
65511 80
65516 81
65579 80
65650 79
65711 78
65759 77
65777 78
65868 79
65889 80
65899 81
65939 80
65966 81
65967 80
65968 79
66006 78
66023 77
66073 76
66127 77
66216 78
66219 79
66323 78
66343 79
66439 80
66479 81
66495 83
66519 84
66601 85
66625 86
66684 85
66722 86
66916 85
67050 84
67051 83
67172 82
67173 81
67188 80
67241 79
67246 78
67258 79
67310 78
67367 77
67387 76
67396 75
67399 76
67661 77
67703 78
67714 79
67808 80
67835 79
67839 80
67864 79
67879 80
67913 79
67969 78
68017 79
68059 80
68103 81
68107 80
68115 81
68134 82
68163 81
68202 82
68288 81
68294 82
68301 81
68468 80
68483 81
68510 82
68539 81
68559 80
68635 81
68663 82
68689 81
68719 80
68743 81
68770 80
68796 79
68849 78
69139 77
69207 76
69212 77
69320 76
69322 77
69368 78
69402 77
69412 76
69431 77
69433 78
69439 77
69486 78
69526 77
69564 78
69583 79
69647 78
69691 79
69735 80
69745 79
69769 78
69805 79
69823 78
69885 79
69890 80
69939 81
69962 80
70035 81
70072 82
70095 81
70111 80
70199 79
70214 80
70260 81
70373 80
70461 79
70463 80
70465 79
70467 78
70469 77
70513 76
70526 75
70527 74
70615 75
70646 76
70657 75
70667 76
70689 75
70709 76
70717 77
70765 76
70799 75
70847 76
70883 75
70946 74
70978 75
70983 74
71034 75
71066 76
71075 75
71101 76
71127 75
71129 76
71138 75
71147 76
71174 75
71210 74
71214 74
71217 72
71297 73
71307 72
71309 73
71361 74
71365 73
71397 72
71416 71
71461 72
71515 73
71643 74
71662 75
71664 76
71695 77
71752 76
71763 76
71766 75
71814 76
71815 75
71836 76
71866 77
71867 75
71986 76
71999 75
72018 76
72038 77
72060 78
72091 77
72139 78
72219 79
72270 80
72287 81
72288 80
72302 81
72318 80
72342 81
72402 80
72432 79
72433 80
72479 81
72513 80
72661 79
72696 80
72703 79
72728 78
72745 77
72797 76
72844 75
72847 74
72886 73
72913 72
72949 73
72983 74
72987 75
73031 74
73036 75
73068 74
73079 73
73093 73
73131 74
73176 75
73196 76
73263 77
73289 76
73327 75
73340 74
73405 75
73413 74
73465 75
73468 76
73471 75
73473 76
73478 76
73479 75
73481 75
73483 75
73583 74
73625 75
73767 74
73788 75
73796 74
73804 73
73839 72
73860 73
73890 74
73950 73
74016 74
74025 73
74026 72
74028 71
74036 72
74040 73
74053 74
74095 73
74156 74
74179 75
74183 76
74232 75
74245 74
74262 75
74273 74
74282 75
74312 76
74314 75
74345 76
74355 75
74368 76
74427 77
74446 76
74453 77
74467 76
74479 75
74524 76
74578 75
74594 74
74609 73
74610 74
74611 73
74614 74
74622 74
74632 75
74663 76
74738 77
74744 78
74754 77
74755 76
74761 75
74764 73
74846 74
74849 73
74850 72
74858 71
74879 70
74934 71
75008 72
75043 73
75051 73
75080 74
75083 73
75088 72
75104 71
75122 70
75162 71
75164 70
75169 69
75173 68
75175 67
75179 66
75200 67
75213 66
75214 65
75217 64
75278 65
75289 64
75294 63
75295 62
75350 63
75359 62
75423 61
75462 60
75511 59
75512 58
75513 59
75516 60
75518 60
75523 57
75527 56
75536 55
75537 53
75550 54
75573 55
75574 54
75583 55
75600 56
75623 57
75639 58
75654 59
75658 60
75660 61
75667 62
75709 61
75711 61
75712 62
75731 63
75739 61
75742 62
75744 61
75779 62
75781 63
75784 64
75790 65
75797 66
75827 67
75835 66
75839 67
75888 68
75890 67
75895 66
75914 67
75915 68
75921 69
75963 70
75997 71
76004 72
76015 73
76034 72
76059 71
76079 70
76092 69
76163 70
76197 71
76204 72
76210 71
76211 72
76219 70
76225 69
76229 70
76283 71
76291 70
76293 69
76311 70
76325 71
76328 70
76339 71
76344 70
76351 69
76385 70
76397 71
76444 72
76463 73
76471 74
76505 75
76510 76
76533 75
76542 76
76578 75
76699 73
76700 72
76711 71
76731 72
76739 71
76760 70
76775 71
76784 68
76785 67
76811 68
76831 67
76881 68
76889 67
76890 66
76899 67
76909 68
76930 69
76935 68
76937 69
76939 68
76965 67
76966 68
77061 69
77087 70
77159 71
77162 72
77195 73
77203 73
77227 74
77250 73
77259 72
77286 73
77291 72
77315 71
77326 72
77328 73
77353 72
77370 71
77379 72
77391 73
77399 72
77400 70
77418 71
77459 72
77477 73
77495 74
77531 75
77546 76
77581 75
77587 74
77611 75
77619 76
77633 77
77659 76
77872 75
77917 74
77940 75
77989 74
77991 74
78011 73
78032 74
78066 73
78075 74
78081 73
78083 71
78091 72
78103 73
78118 74
78150 75
78156 76
78168 75
78191 76
78324 77
78331 76
78339 77
78371 74
78410 75
78447 74
78455 73
78478 74
78539 73
78543 72
78545 71
78605 69
78606 68
78609 69
78611 70
78693 69
78744 68
78758 67
78812 66
78813 67
78815 65
78819 64
78835 63
78843 64
78852 63
78863 64
78915 63
78927 64
78953 65
78963 66
78967 67
78978 68
79003 69
79051 70
79062 71
79067 70
79071 69
79095 70
79099 71
79159 72
79160 73
79177 72
79199 71
79283 72
79337 72
79338 72
79340 71
79341 70
79342 69
79349 68
79410 69
79438 70
79439 69
79448 70
79464 71
79484 72
79499 73
79505 74
79506 75
79579 76
79581 77
79587 76
79612 77
79619 78
79626 77
79630 77
79659 76
79698 77
79703 78
79867 77
79871 76
79899 76
79903 77
79917 76
79918 75
79993 74
80000 73
80013 75
80025 74
80032 73
80103 74
80141 75
80179 74
80293 73
80303 74
80307 73
80308 72
80313 71
80316 70
80345 71
80387 70
80388 71
80392 72
80459 73
80483 74
80514 75
80521 76
80526 76
80527 75
80531 74
80534 73
80536 72
80544 71
80583 72
80587 73
80602 74
80608 73
80627 72
80659 73
80660 74
80670 73
80671 72
80678 71
80688 72
80762 71
80765 72
80767 73
80780 74
80782 73
80792 72
80873 71
80927 70
80934 71
80967 70
80977 71
80982 70
80995 69
81013 70
81023 69
81032 68
81033 67
81052 66
81123 67
81141 66
81153 65
81165 66
81204 67
81275 68
81277 69
81280 68
81289 69
81292 68
81344 69
81345 70
81351 69
81358 68
81361 67
81365 66
81419 65
81489 66
81502 67
81508 66
81525 67
81540 68
81547 69
81568 70
81590 71
81599 70
81604 71
81660 72
81670 73
81727 72
81733 73
81744 74
81755 75
81790 76
81851 77
81906 78
81929 79
81935 80
81941 79
81975 80
82135 79
82190 78
82197 77
82198 76
82207 77
82246 78
82265 77
82274 76
82289 77
82327 76
82361 77
82363 78
82373 79
82384 78
82412 77
82425 78
82428 77
82432 76
82436 75
82443 74
82455 75
82541 76
82599 75
82604 74
82624 73
82634 72
82743 71
82754 72
82760 71
82770 70
82841 69
82898 70
82910 69
82951 68
83003 67
83021 66
83048 67
83051 68
83065 69
83097 71
83124 70
83167 69
83196 70
83228 69
83231 70
83251 71
83278 72
83279 73
83302 74
83334 75
83346 74
83365 75
83366 76
83376 75
83389 76
83400 77
83424 76
83431 75
83434 74
83435 75
83439 74
83541 75
83544 74
83653 75
83666 76
83717 75
83721 76
83755 77
83771 78
83786 79
83876 80
83881 81
83883 80
83886 79
84039 80
84042 81
84046 82
84058 81
84061 80
84062 79
84122 78
84130 77
84353 78
84370 79
84381 80
84394 79
84423 80
84452 79
84470 78
84482 75
84583 76
84661 75
84664 76
84668 77
84721 78
84751 79
84793 80
84810 81
84829 80
84865 79
85030 80
85054 79
85059 78
85063 77
85110 78
85115 77
85167 78
85168 77
85170 76
85182 75
85184 76
85185 75
85215 74
85222 73
85236 72
85249 73
85287 72
85296 71
85345 72
85354 71
85391 72
85443 71
85454 72
85456 71
85532 72
85545 73
85562 72
85579 73
85599 74
85656 75
85692 76
85708 77
85748 76
85751 77
85775 78
85854 77
85863 78
85885 79
85924 78
85965 79
86079 80
86189 81
86227 80
86232 81
86306 82
86307 81
86321 80
86332 79
86336 78
86364 79
86371 80
86417 79
86464 80
86466 81
86468 80
86487 79
86530 80
86643 81
86655 82
86665 81
86704 80
86711 79
86762 78
86814 79
86912 78
86916 77
86991 76
87038 75
87134 76
87135 75
87150 76
87224 77
87260 78
87286 77
87298 78
87351 77
87367 78
87387 79
87405 78
87424 79
87483 80
87518 79
87619 80
87698 81
87716 82
87776 81
87779 80
87791 79
87797 80
87814 79
87819 78
87821 79
87962 80
88011 79
88062 80
88100 79
88148 78
88167 77
88171 78
88186 77
88250 78
88291 79
88405 80
88456 81
88531 82
88559 81
88560 80
88572 81
88615 80
88648 81
88692 80
88697 79
88759 80
88778 79
88787 80
88875 79
88914 78
88929 79
89043 78
89066 77
89072 78
89086 79
89208 80
89276 79
89345 80
89391 81
89476 80
89525 79
89537 80
89543 81
89608 82
89669 81
89721 82
89750 81
89804 80
89805 79
89845 80
89931 81
89939 82
89984 81
89985 80
89987 79
90002 80
90035 81
90114 80
90132 81
90256 82
90289 83
90338 84
90392 83
90411 84
90415 82
90435 83
90503 82
90510 83
90653 82
90679 81
90708 80
90717 79
90728 80
90741 81
90775 80
90799 79
90917 80
90979 79
91079 80
91112 79
91139 78
91198 77
91257 78
91267 79
91367 80
91375 79
91377 78
91380 77
91584 76
91587 77
91594 78
91666 79
91676 78
91739 77
91747 76
91751 77
91754 76
91795 77
91852 78
91861 79
91887 79
91946 80
91950 81
92013 82
92019 81
92131 80
92162 79
92199 78
92247 79
92269 80
92271 79
92301 80
92313 81
92423 82
92480 81
92491 80
92551 81
92556 80
92573 79
92583 78
92632 77
92686 78
92715 79
92720 80
92723 79
92766 78
92823 79
92875 80
92909 79
92921 78
93009 77
93017 78
93091 77
93127 78
93131 77
93151 78
93189 79
93196 81
93215 80
93224 79
93243 78
93267 77
93321 78
93364 77
93373 78
93415 79
93479 80
93489 81
93518 82
93599 81
93604 80
93643 79
93644 78
93684 77
93687 78
93759 79
93892 78
93904 79
94115 80
94126 81
94163 80
94199 81
94203 80
94279 81
94355 80
94384 79
94415 80
94449 81
94465 82
94539 84
94575 83
94590 84
94609 83
94659 82
94712 81
94719 82
94800 83
94842 82
94863 81
94927 80
94954 79
94961 78
95004 77
95167 76
95171 77
95226 76
95255 77
95256 78
95288 77
95302 78
95324 79
95377 78
95382 79
95453 78
95545 77
95580 76
95612 77
95613 78
95636 77
95669 78
95717 77
95718 78
95788 79
95811 78
95812 77
95818 78
95872 79
95895 78
95896 77
95946 78
95954 77
96058 76
96123 77
96193 78
96198 79
96205 80
96275 79
96278 78
96327 79
96340 80
96347 79
96359 78
96371 79
96403 78
96459 79
96466 80
96488 79
96503 80
96519 81
96570 80
96624 79
96627 80
96701 79
96785 80
96805 81
96884 80
96929 79
96955 80
96975 81
96980 82
97019 81
97023 80
97107 81
97156 80
97296 79
97330 80
97339 81
97383 82
97391 83
97432 82
97439 83
97459 82
97591 81
97600 80
97627 79
97696 78
97739 79
97766 78
97835 77
97863 78
97994 79
97999 80
98052 81
98056 82
98220 83
98281 84
98408 83
98411 82
98452 83
98560 82
98578 83
98582 82
98612 81
98660 82
98713 81
98719 80
98735 79
98893 78
98928 77
98953 78
98972 77
99005 78
99059 77
99212 78
99238 77
99320 78
99336 79
99340 80
99378 81
99402 80
99483 81
99571 80
99619 81
99657 80
99670 79
99691 80
99745 79
99775 78
99788 79
99858 80
99860 81
99892 80
99894 79
99957 78
99986 77
100006 78
100014 77
100151 78
100203 79
100260 78
100323 79
100324 80
100338 79
100345 78
100356 79
100366 78
100394 79
100610 78
100648 77
100652 76
100699 77
100733 78
100748 79
100784 77
100795 78
100824 77
100835 78
100844 79
100880 78
100899 77
100979 78
101016 77
101056 78
101124 79
101149 80
101272 81
101310 83
101312 82
101424 83
101442 82
101471 81
101488 82
101501 81
101533 82
101610 81
101625 80
101628 81
101632 80
101656 81
101743 80
101744 79
101820 80
101957 79
101995 78
102007 79
102045 78
102100 77
102120 78
102152 79
102221 78
102317 79
102442 80
102461 81
102555 82
102588 83
102613 82
102741 80
102742 79
102756 80
102760 81
102768 82
102811 81
102884 80
102911 79
102916 80
103001 81
103085 82
103110 81
103130 82
103135 81
103226 80
103228 79
103283 80
103286 81
103380 80
103392 79
103449 80
103470 79
103474 78
103542 77
103548 78
103554 79
103667 80
103800 81
103819 80
103821 81
103875 80
103910 79
103953 80
103980 81
104028 82
104046 81
104059 82
104068 81
104072 82
104227 83
104342 82
104473 81
104598 82
104624 83
104653 82
104690 83
104736 84
104784 83
104808 82
104816 81
104826 80
104869 81
104976 80
105023 79
105155 78
105219 79
105224 80
105340 79
105348 78
105365 77
105366 78
105379 79
105416 78
105449 79
105452 77
105454 78
105484 79
105593 78
105617 77
105686 76
105702 77
105713 76
105720 77
105728 76
105730 77
105772 78
105797 79
105825 78
105851 77
105868 76
105872 77
105922 78
105976 77
105993 78
105998 79
106008 80
106027 81
106063 80
106132 81
106190 80
106319 81
106441 80
106499 81
106512 80
106570 81
106639 82
106693 81
106729 80
106731 81
106736 82
106936 81
106940 82
106941 81
107027 80
107126 81
107133 82
107181 81
107204 80
107272 81
107292 80
107309 79
107354 78
107397 79
107408 80
107473 81
107574 80
107589 79
107681 80
107695 81
107718 80
107754 80
107762 81
107784 82
107786 81
107810 80
107914 81
107928 82
107940 83
107989 84
108003 83
108032 84
108048 83
108096 82
108101 83
108136 84
108173 83
108212 82
108385 81
108469 80
108521 79
108541 78
108656 79
108673 78
108827 79
108874 80
108884 79
108892 80
108904 81
109138 82
109211 83
109266 82
109270 83
109320 82
109328 81
109341 82
109363 81
109380 82
109476 81
109517 80
109532 79
109606 78
109662 79
109739 80
109780 79
109785 78
109864 77
109867 76
109892 77
109900 78
109908 79
109916 78
109962 77
110071 78
110072 79
110084 80
110126 81
110253 82
110348 81
110366 80
110381 79
110398 80
110424 79
110432 78
110581 77
110584 78
110596 79
110619 80
110644 79
110661 80
110669 81
110742 82
110861 83
110887 82
110919 81
110980 82
110987 83
111033 84
111094 83
111177 82
111241 81
111266 80
111282 81
111358 80
111359 79
111361 78
111396 79
111460 80
111508 81
111513 80
111516 81
111576 80
111620 78
111640 77
111660 78
111693 77
111756 75
111882 74
111887 75
111901 76
111958 77
112030 76
112031 75
112104 76
112118 77
112120 78
112140 77
112167 76
112234 75
112236 74
112265 75
112296 76
112381 75
112420 76
112421 78
112556 79
112584 80
112625 79
112631 80
112664 81
112665 80
112667 81
112680 82
112810 83
112859 84
112868 83
112872 82
112943 81
113076 82
113115 81
113118 82
113122 81
113237 80
113340 79
113380 80
113408 81
113510 82
113552 81
113616 82
113672 83
113738 82
113806 83
113888 84
113924 83
113929 84
113988 83
113997 84
114057 83
114081 82
114132 81
114193 82
114267 81
114296 82
114342 83
114360 82
114392 81
114459 80
114511 79
114514 78
114576 79
114610 78
114695 77
114754 78
114764 77
114768 78
114771 79
114819 78
114859 77
114965 76
114983 75
115037 74
115092 73
115106 72
115117 73
115143 74
115144 73
115216 72
115225 71
115231 72
115254 73
115385 74
115428 75
115434 76
115448 77
115508 76
115513 77
115578 78
115692 79
115794 80
115797 81
115809 82
115842 83
115907 84
115923 85
115936 86
115950 87
116074 88
116079 87
116091 86
116204 85
116291 84
116303 83
116366 82
116489 83
116539 82
116576 81
116717 82
116726 81
116800 83
116822 82
116842 81
116937 82
116952 83
116954 82
117096 81
117206 80
117301 79
117329 78
117368 79
117393 80
117415 81
117420 82
117447 83
117473 82
117508 81
117588 80
117655 81
117666 80
117683 81
117824 80
117838 79
117839 80
117840 79
117924 78
117997 77
118018 78
118049 79
118060 78
118080 79
118128 78
118179 79
118232 78
118270 79
118303 80
118347 81
118403 80
118408 81
118482 80
118609 81
118625 80
118636 80
118688 79
118696 80
118702 79
118781 78
118792 77
118816 76
118853 75
118879 74
118902 75
118912 74
118916 75
118967 76
119053 75
119119 76
119165 77
119199 78
119270 77
119296 76
119312 77
119318 78
119336 77
119360 78
119451 80
119463 79
119488 78
119509 79
119553 78
119556 77
119737 78
119752 79
119788 80
119801 79
119821 80
119856 81
119864 82
119884 81
119887 80
119899 79
119929 80
120018 81
120047 80
120084 81
120104 82
120144 81
120210 82
120235 81
120256 80
120258 79
120284 77
120286 76
120292 75
120330 74
120332 73
120359 72
120385 71
120445 72
120494 73
120631 74
120639 75
120716 76
120766 75
120804 74
120844 75
120858 76
120902 77
120960 78
121000 77
121053 78
121078 77
121111 78
121140 79
121143 78
121184 77
121191 78
121195 79
121236 80
121250 81
121331 80
121342 81
121412 80
121468 81
121489 79
121556 78
121651 79
121659 78
121716 77
121740 76
121768 75
121769 74
121858 75
121897 74
121916 73
121923 72
121978 73
122091 74
122174 75
122292 76
122349 77
122354 78
122355 79
122391 78
122411 77
122416 78
122417 79
122444 80
122455 81
122481 80
122550 81
122556 82
122587 81
122614 80
122638 81
122717 80
122797 79
122853 78
122940 79
122941 78
123002 77
123026 76
123124 77
123150 76
123154 75
123179 76
123255 77
123267 78
123310 79
123350 78
123360 76
123418 77
123602 76
123603 77
123607 76
123716 75
123718 76
123740 75
123748 76
123790 77
123844 78
123855 79
123868 78
123915 79
124068 80
124154 79
124160 80
124161 81
124257 82
124397 83
124456 82
124513 81
124544 82
124624 81
124719 80
124750 81
124784 80
124791 81
124860 80
124884 79
124885 80
124902 81
124923 80
124935 79
125118 80
125226 79
125289 78
125339 79
125428 80
125458 81
125500 82
125610 81
125756 82
125927 83
125941 82
125947 81
125974 82
125975 81
125984 80
126151 81
126195 82
126201 81
126295 80
126314 79
126326 78
126353 77
126393 78
126482 79
126563 80
126588 79
126662 78
126736 77
126773 78
126900 77
126963 78
126995 79
127011 80
127044 81
127069 80
127119 79
127126 80
127212 81
127218 82
127225 81
127266 82
127332 83
127419 82
127430 81
127512 82
127658 81
127700 80
127776 79
127825 78
127850 77
127853 76
127882 77
127893 78
127894 79
128058 80
128061 79
128071 80
128072 79
128088 80
128105 79
128208 78
128335 79
128336 78
128354 79
128379 78
128390 79
128419 78
128423 77
128592 76
128596 75
128604 74
128667 75
128677 76
128788 77
128852 76
128864 75
128874 74
128883 75
128940 74
128949 75
128954 76
128959 75
129014 76
129129 75
129137 76
129183 75
129184 74
129188 75
129192 76
129230 77
129257 78
129320 77
129344 76
129348 75
129373 74
129447 73
129448 74
129529 75
129530 76
129538 77
129552 76
129574 77
129613 76
129628 77
129640 78
129675 77
129724 78
129752 79
129898 80
130008 79
130018 78
130030 77
130032 76
130092 77
130096 78
130158 77
130203 78
130242 79
130251 80
130275 79
130298 80
130444 79
130478 80
130483 79
130653 78
130706 79
130751 78
130896 79
130900 80
130907 81
131036 80
131046 81
131048 80
131122 79
131131 80
131155 79
131161 80
131172 79
131218 80
131405 81
131451 82
131525 81
131538 80
131543 79
131556 78
131562 77
131616 76
131702 77
131753 76
131756 77
131877 78
131880 77
131881 78
131936 79
132030 80
132119 79
132204 80
132216 79
132222 80
132252 79
132259 78
132320 77
132332 78
132563 77
132577 78
132613 77
132682 76
132709 77
132724 76
132729 75
132744 76
132749 77
132761 76
132788 77
132887 76
132888 75
132894 76
132898 77
132948 78
133002 77
133008 76
133095 75
133102 76
133110 77
133135 76
133163 75
133231 76
133251 75
133318 76
133334 77
133485 76
133551 77
133679 76
133703 77
133727 78
133740 77
133762 76
133788 77
133800 78
133864 77
134002 78
134014 77
134063 78
134069 79
134132 80
134137 80
134152 79
134255 80
134283 79
134287 80
134300 81
134372 80
134401 79
134432 80
134439 79
134458 80
134483 79
134599 78
134631 79
134651 80
134783 81
134802 80
134859 79
134868 78
134874 77
134875 76
134936 75
135075 76
135108 75
135111 76
135114 75
135188 76
135213 75
135217 74
135221 73
135255 74
135267 75
135369 76
135448 77
135504 78
135512 77
135558 78
135625 77
135636 76
135640 77
135705 76
135709 77
135717 78
135842 79
135936 80
135943 81
135950 80
135985 81
136000 80
136004 79
136012 80
136079 79
136106 80
136222 81
136307 82
136309 83
136350 82
136385 81
136420 80
136452 81
136596 80
136597 79
136646 80
136652 81
136844 82
136941 83
137021 82
137024 81
137050 80
137066 79
137105 78
137164 79
137209 80
137242 79
137250 80
137260 81
137333 80
137416 81
137504 80
137524 81
137688 82
137799 81
137814 80
137904 79
137908 80
138011 79
138066 78
138077 79
138079 78
138080 77
138147 76
138149 75
138157 74
138165 75
138182 76
138191 75
138271 74
138316 73
138356 74
138384 73
138400 74
138452 73
138538 72
138546 73
138625 74
138634 75
138653 76
138664 77
138704 78
138752 79
138780 78
138828 79
138892 78
138912 79
138917 78
138924 79
138929 78
138942 77
138975 76
139019 75
139130 76
139162 77
139174 78
139224 79
139246 78
139303 77
139307 76
139339 75
139397 76
139420 77
139551 76
139692 77
139720 78
139760 79
139775 78
139817 80
139833 81
139870 82
139938 83
139946 82
139959 83
140036 82
140179 83
140236 82
140239 81
140304 80
140311 79
140428 78
140469 77
140474 78
140504 79
140678 78
140693 79
140742 80
140764 81
140785 80
140900 81
140953 82
140980 81
141070 80
141087 81
141098 82
141155 81
141188 82
141240 81
141326 82
141421 81
141428 80
141438 79
141505 80
141518 81
141584 80
141644 81
141836 82
141900 81
141906 80
141963 79
142023 78
142069 77
142076 78
142182 77
142218 78
142248 79
142320 80
142400 81
142410 82
142456 83
142488 82
142551 81
142584 80
142612 81
142639 80
142748 79
142795 78
142800 77
142940 76
143011 75
143056 76
143059 77
143060 76
143064 75
143140 76
143226 75
143239 74
143263 73
143293 74
143360 73
143453 74
143468 74
143575 75
143582 74
143591 75
143660 76
143666 77
143727 78
143836 77
143851 76
143868 77
143933 78
143951 79
143980 80
144020 81
144026 80
144028 81
144032 80
144055 81
144172 80
144244 79
144271 80
144306 81
144328 81
144382 80
144391 79
144455 80
144486 79
144605 78
144616 79
144646 80
144649 81
144652 82
144754 81
144891 80
144939 81
144947 80
144997 81
145116 82
145124 81
145126 80
145180 79
145232 80
145267 81
145308 82
145428 81
145544 82
145605 82
145631 83
145640 84
145768 85
145844 86
145867 85
145868 84
145897 83
145921 82
146148 83
146211 82
146302 81
146318 80
146343 81
146397 80
146440 79
146442 78
146444 77
146472 76
146522 75
146589 74
146604 75
146668 76
146669 77
146703 76
146747 77
146839 78
146969 77
146970 78
147036 77
147097 78
147133 79
147136 80
147144 79
147164 80
147252 81
147258 83
147356 82
147364 80
147480 81
147487 80
147568 79
147680 78
147766 79
147780 80
147809 79
147829 78
147848 79
148034 80
148147 79
148180 80
148189 81
148216 80
148287 81
148369 80
148390 81
148568 82
148577 83
148600 82
148604 83
148814 84
148832 83
148841 82
148844 83
148956 82
148988 81
149065 80
149132 79
149153 78
149168 79
149181 78
149292 77
149320 76
149324 75
149325 74
149360 75
149448 75
149499 76
149548 75
149551 74
149576 73
149582 72
149591 73
149598 72
149620 73
149640 72
149642 73
149659 74
149707 75
149818 76
149878 75
149885 76
149932 75
150068 76
150117 77
150121 78
150128 79
150172 80
150173 80
150234 81
150252 82
150294 81
150296 80
150324 79
150356 78
150427 79
150454 78
150546 77
150565 78
150568 79
150598 78
150609 79
150662 78
150675 79
150682 78
150704 77
150756 76
150759 77
150838 76
150848 77
150961 76
150992 75
151105 76
151107 77
151128 78
151139 79
151153 78
151181 77
151284 78
151428 77
151500 78
151547 77
151577 76
151594 77
151596 78
151600 80
151614 81
151629 82
151660 81
151744 80
151752 81
151775 82
151792 83
151856 82
151896 83
151969 82
151994 83
152036 84
152116 83
152117 82
152168 81
152185 80
152241 79
152282 78
152293 77
152342 78
152436 79
152526 78
152540 77
152552 76
152558 77
152564 76
152628 77
152692 76
152706 75
152740 76
152813 77
152892 78
152923 77
152932 78
152961 79
152984 80
153017 79
153024 78
153034 77
153110 78
153140 77
153145 76
153192 77
153220 78
153336 78
153344 79
153364 78
153369 79
153508 80
153528 79
153542 78
153611 77
153649 76
153652 75
153747 74
153781 75
153920 76
153974 77
153978 76
153994 77
154024 76
154035 77
154048 76
154071 75
154091 74
154098 75
154163 76
154207 77
154233 78
154268 77
154292 78
154360 79
154414 80
154453 81
154504 82
154518 81
154540 80
154548 79
154648 80
154695 81
154711 80
154757 81
154772 82
154829 83
155108 82
155224 83
155249 82
155256 83
155368 82
155384 83
155444 84
155471 83
155480 82
155528 81
155531 80
155602 79
155614 78
155668 79
155750 78
155828 77
156068 76
156140 75
156210 74
156227 75
156244 76
156256 75
156266 76
156276 77
156336 78
156344 79
156358 78
156365 77
156392 78
156537 79
156593 78
156631 77
156649 78
156682 77
156727 76
156778 75
156936 74
156947 75
156968 76
156969 77
156988 76
156992 75
157064 76
157110 77
157121 78
157132 79
157180 78
157232 77
157291 76
157295 77
157304 75
157320 74
157337 75
157365 74
157383 75
157392 76
157496 77
157498 76
157500 75
157502 76
157612 77
157617 78
157628 79
157656 80
157751 79
157878 80
157891 81
157921 82
157926 83
157943 84
157992 83
158060 82
158076 81
158107 80
158151 81
158155 80
158156 79
158244 80
158253 79
158328 80
158384 81
158417 80
158424 81
158491 80
158523 81
158710 80
158712 81
158788 80
158841 81
158844 80
158954 79
159054 80
159112 81
159188 80
159192 81
159319 80
159334 79
159372 80
159399 79
159488 78
159510 79
159527 79
159544 78
159556 79
159598 78
159638 79
159672 80
159701 79
159773 78
159824 80
159920 79
159941 80
159968 79
159971 78
160014 77
160065 76
160133 75
160274 76
160305 77
160328 76
160393 75
160395 74
160400 75
160447 76
160497 77
160584 78
160636 79
160664 80
160698 81
160716 82
160806 81
160818 80
160828 81
160865 82
161065 81
161093 80
161159 81
161225 80
161238 81
161266 80
161363 81
161384 82
161440 81
161499 80
161563 79
161677 80
161775 81
161830 80
161940 81
162000 82
162036 83
162056 82
162132 81
162136 82
162202 81
162290 80
162309 81
162321 82
162502 81
162552 80
162568 79
162588 78
162596 79
162648 78
162661 77
162703 76
162706 75
162727 76
162730 75
162731 76
162735 77
162908 76
162929 77
162952 76
162973 77
163004 76
163051 77
163064 78
163104 77
163148 78
163204 79
163275 80
163374 81
163394 82
163402 81
163422 80
163436 79
163502 80
163540 79
163600 80
163601 79
163629 80
163652 81
163664 80
163681 79
163682 78
163871 79
163943 80
164152 79
164188 78
164221 79
164308 78
164318 79
164364 80
164392 79
164423 78
164464 79
164515 78
164529 79
164536 78
164593 77
164597 76
164614 75
164653 74
164671 75
164701 74
164808 75
164837 76
164864 75
164899 76
164911 77
165000 78
165045 77
165087 78
165124 79
165135 78
165144 79
165148 78
165169 79
165188 78
165219 77
165253 78
165277 79
165420 78
165426 79
165530 78
165539 79
165564 80
165578 79
165604 80
165631 79
165699 80
165701 79
165729 80
165813 81
165953 80
165958 79
165976 78
166131 79
166245 78
166258 77
166261 76
166264 77
166286 76
166291 75
166298 76
166332 77
166373 78
166374 80
166381 79
166388 80
166468 81
166527 80
166647 79
166656 78
166719 79
166749 78
166772 79
166811 78
166815 76
166924 77
166938 78
166965 79
167017 78
167085 77
167087 78
167141 79
167144 80
167193 81
167311 82
167356 83
167401 82
167469 81
167488 82
167500 83
167534 82
167577 81
167608 82
167637 81
167744 80
167758 79
167765 78
167797 77
167928 76
167929 75
168032 74
168065 75
168091 74
168106 73
168215 74
168277 73
168298 74
168322 75
168325 76
168361 77
168434 78
168457 77
168497 76
168517 77
168653 78
168680 79
168704 80
168712 81
168785 82
168787 83
168965 82
168991 83
169046 84
169052 85
169114 84
169203 85
169238 84
169245 83
169299 82
169409 83
169569 82
169741 81
169742 80
169842 81
169919 82
169969 81
170069 82
170077 81
170134 82
170254 81
170400 80
170407 81
170489 82
170524 81
170570 82
170573 83
170617 84
170681 83
170781 82
170831 81
170906 82
170947 81
170981 80
170989 81
171081 80
171105 79
171134 80
171161 79
171237 78
171305 79
171337 80
171400 79
171513 80
171531 79
171549 78
171649 79
171675 80
171721 79
171793 80
171841 81
171846 80
171861 79
171880 80
171926 81
171935 82
171996 83
172020 82
172033 83
172093 82
172125 81
172145 80
172169 81
172233 80
172302 79
172308 80
172416 79
172453 78
172466 77
172469 78
172785 77
172824 76
172828 75
172873 76
172893 77
172906 78
172927 79
172946 78
172970 79
173057 78
173071 77
173089 78
173118 77
173136 76
173147 75
173257 74
173295 75
173312 76
173325 77
173350 78
173401 77
173525 76
173528 77
173624 78
173664 79
173669 80
173677 78
173684 77
173708 78
173795 77
173828 75
173866 76
173927 75
174037 76
174114 77
174141 76
174142 75
174144 74
174148 75
174210 76
174233 77
174285 78
174309 77
174394 78
174421 79
174430 78
174496 79
174558 80
174561 81
174575 80
174614 79
174639 78
174669 79
174686 80
174722 79
174916 80
174985 81
175000 80
175004 81
175009 80
175025 81
175028 82
175036 83
175074 82
175327 83
175357 84
175433 85
175529 84
175553 83
175639 82
175699 81
175701 82
175733 81
175738 80
175793 79
175982 80
176030 81
176053 80
176056 79
176192 80
176214 81
176280 80
176390 81
176402 82
176419 81
176459 80
176537 81
176547 80
176577 81
176665 80
176754 79
176758 78
176825 79
176848 78
176904 77
176959 78
176985 79
176997 78
177037 79
177062 80
177102 81
177107 80
177137 79
177141 80
177148 79
177188 78
177248 79
177284 78
177311 79
177386 78
177483 77
177509 78
177569 79
177574 78
177809 79
177937 78
178019 77
178072 78
178077 79
178111 80
178174 81
178247 80
178307 79
178322 80
178445 82
178461 81
178468 82
178497 82
178616 81
178709 80
178922 81
178926 80
178977 79
179022 80
179058 81
179128 80
179155 81
179157 82
179161 83
179229 81
179237 80
179262 81
179546 80
179548 79
179610 80
179634 79
179692 80
179726 79
179745 78
179777 79
179833 80
179871 79
179875 78
179979 77
180079 76
180092 75
180100 74
180114 73
180179 74
180245 75
180252 76
180316 77
180389 78
180405 77
180426 78
180471 77
180533 78
180577 79
180600 80
180610 79
180616 78
180721 77
180748 78
180766 77
180800 78
180883 77
180912 78
180959 79
180981 78
180982 77
181011 78
181095 77
181097 78
181151 77
181157 78
181193 79
181300 80
181305 79
181414 80
181418 81
181424 82
181464 81
181523 82
181559 81
181583 80
181605 81
181760 80
181761 81
181877 82
181894 83
181982 82
181989 83
182060 84
182078 83
182082 82
182092 81
182144 80
182187 81
182205 80
182342 79
182435 78
182444 79
182445 78
182489 79
182591 80
182646 79
182682 78
182696 77
182765 76
182801 77
182841 76
182844 75
182873 76
182953 77
183033 78
183059 79
183126 78
183201 77