0 78
34 77
40 76
81 77
115 78
148 77
181 78
200 79
208 78
280 79
304 80
316 81
431 82
626 81
657 82
710 82
729 81
740 80
745 79
782 80
785 79
795 78
930 79
931 78
1099 79
1127 80
1133 81
1167 82
1231 83
1300 82
1412 83
1503 84
1616 83
1636 82
1660 81
1708 80
1712 79
1715 80
1783 81
1822 80
1901 79
1907 80
1958 79
2000 78
2017 79
2077 80
2088 79
2117 78
2158 79
2189 80
2234 79
2265 78
2266 77
2327 78
2361 77
2384 76
2484 77
2487 76
2519 77
2558 78
2568 79
2575 78
2600 77
2638 76
2725 77
2809 78
2828 77
2898 76
2940 75
2941 76
2982 77
2986 78
3094 79
3097 80
3204 81
3253 80
3339 81
3346 80
3403 81
3507 82
3553 83
3561 84
3672 85
3673 86
3676 85
3703 84
3808 85
3946 86
4050 85
4065 84
4077 83
4121 82
4130 81
4253 80
4338 81
4437 80
4459 79
4506 80
4559 81
4589 80
4600 79
4613 78
4633 79
4657 80
4709 79
4717 80
4805 79
4819 78
4847 77
4967 76
5058 77
5128 78
5197 79
5218 78
5233 77
5237 78
5299 79
5310 80
5385 81
5399 80
5424 81
5443 80
5457 81
5493 80
5524 81
5650 82
5723 83
5781 84
5785 85
5791 84
5821 83
5914 82
5937 81
6029 80
6158 81
6270 82
6338 81
6346 79
6347 78
6417 79
6446 80
6497 81
6583 82
6586 83
6614 82
6682 81
6710 80
6732 81
6857 82
6894 81
6928 80
6953 81
7046 80
7052 79
7113 78
7143 79
7340 80
7410 81
7446 80
7538 81
7542 82
7561 83
7574 84
7586 85
7639 84
7650 85
7724 86
7744 85
7931 84
8044 83
8050 82
8122 81
8148 82
8162 81
8212 80
8222 79
8389 78
8466 79
8482 78
8601 79
8687 80
8698 81
8802 80
8898 79
8918 80
8926 79
8946 80
8998 81
9029 82
9050 81
9074 82
9131 83
9174 82
9263 81
9450 80
9484 81
9488 80
9695 79
9721 78
9730 80
9736 79
9742 80
9779 79
9782 78
9816 77
9846 76
9858 75
9880 76
9898 77
9950 78
10024 77
10167 76
10249 75
10253 76
10258 77
10274 76
10278 77
10285 78
10301 77
10304 78
10354 77
10406 78
10441 77
10486 78
10641 79
10661 80
10678 81
10739 82
10772 83
10794 82
10814 83
10839 84
10859 85
10891 84
10931 83
11018 82
11087 81
11245 80
11282 81
11338 80
11357 81
11406 82
11415 83
11465 82
11466 81
11545 80
11615 79
11758 78
11790 77
11906 76
11926 77
11934 76
11943 77
11976 76
11980 77
12076 78
12135 79
12220 78
12248 77
12335 76
12366 77
12371 76
12455 77
12469 76
12482 77
12485 78
12501 79
12527 78
12554 79
12570 80
12584 81
12586 82
12676 81
12690 82
12758 81
12790 82
12804 83
12878 84
12890 85
13026 84
13176 83
13198 82
13209 81
13284 80
13317 79
13354 80
13407 81
13471 82
13509 81
13599 82
13606 83
13610 82
13663 81
13761 80
13763 78
13818 79
13902 80
13938 81
13947 80
13958 81
13980 80
13989 79
13998 80
14042 81
14087 80
14151 79
14252 78
14291 77
14341 76
14358 77
14416 78
14461 77
14478 78
14548 79
14600 78
14603 79
14682 78
14740 79
14753 80
14754 81
14772 82
14778 81
14878 82
14912 83
14940 82
14996 83
15000 84
15018 85
15066 84
15110 83
15243 82
15246 81
15395 82
15448 81
15462 80
15490 79
15491 78
15573 79
15592 80
15626 81
15714 80
15815 81
15842 82
15866 83
15922 84
15968 83
15984 82
16013 81
16017 82
16080 81
16091 80
16116 79
16206 80
16274 81
16316 80
16358 79
16375 78
16410 77
16462 78
16491 79
16528 80
16530 81
16556 80
16578 79
16601 80
16744 81
16768 80
16943 79
17050 80
17062 79
17098 80
17129 81
17197 80
17231 79
17236 80
17262 79
17306 78
17337 79
17338 81
17364 82
17476 81
17523 80
17579 81
17838 80
17850 81
18007 82
18055 83
18059 84
18157 83
18174 82
18190 83
18196 82
18323 81
18399 82
18476 83
18512 84
18520 85
18688 84
18690 83
18709 82
18710 81
18826 82
18877 83
18958 82
19054 83
19136 84
19140 85
19162 84
19186 83
19282 84
19287 83
19322 82
19390 83
19511 82
19628 83
19786 82
19788 81
19847 82
19890 83
19938 84
19974 85
20074 84
20149 85
20198 84
20249 83
20343 84
20434 83
20542 82
20584 83
20654 82
20708 81
20807 80
20854 81
20903 82
20967 81
21009 80
21146 81
21203 82
21271 81
21309 80
21346 81
21400 80
21452 79
21498 78
21554 79
21555 80
21598 81
21619 82
21630 83
21647 82
21652 81
21761 80
21888 81
21893 80
21918 79
21924 78
22055 79
22190 78
22252 79
22258 80
22298 81
22336 80
22415 81
22458 82
22486 81
22508 80
22548 81
22686 82
22698 81
22751 80
22764 79
22783 80
22801 81
22842 79
22993 78
23017 79
23020 80
23030 79
23070 78
23194 77
23255 78
23330 79
23371 80
23418 81
23434 82
23512 83
23546 84
23559 85
23609 84
23634 83
23645 84
23742 83
23767 84
23773 83
23782 82
23800 81
23939 80
23940 81
23991 80
24054 81
24106 82
24251 81
24334 82
24420 83
24491 84
24571 85
24609 84
24629 83
24645 82
24718 81
24819 82
24849 81
24886 80
24938 79
25047 78
25102 77
25192 78
25223 79
25250 80
25296 81
25360 80
25410 81
25421 82
25461 81
25511 82
25517 83
25607 84
25686 83
25740 82
25822 83
25902 82
26070 83
26090 82
26125 81
26163 82
26174 81
26188 80
26208 79
26322 80
26327 79
26338 80
26366 78
26465 77
26472 78
26506 77
26510 78
26523 79
26586 78
26902 77
26953 78
27014 79
27020 78
27074 79
27090 78
27174 79
27178 78
27199 79
27226 80
27233 79
27363 80
27383 79
27497 80
27545 81
27631 80
27744 81
27759 80
27770 81
27774 82
27794 81
27900 82
28044 81
28067 80
28070 79
28107 80
28158 81
28243 82
28302 83
28322 84
28328 83
28334 82
28381 81
28436 80
28459 81
28586 82
28595 81
28640 80
28704 81
28784 82
28791 83
28793 82
28984 81
28997 80
29064 81
29065 80
29067 81
29068 80
29091 79
29284 78
29285 79
29334 78
29338 77
29366 78
29375 77
29382 78
29414 79
29416 80
29471 81
29486 82
29506 83
29642 84
29681 83
29697 84
29726 85
29738 86
29772 85
29859 84
29864 85
29892 84
30087 83
30142 81
30163 82
30181 81
30192 82
30257 81
30267 80
30286 81
30306 80
30406 79
30494 80
30518 81
30556 80
30658 81
30660 80
30666 79
30698 80
30785 79
30887 78
30901 79
30913 78
30915 76
30921 75
30924 76
30926 77
30982 76
30993 75
31094 76
31095 77
31186 78
31187 77
31254 76
31307 75
31369 74
31410 75
31454 76
31499 75
31502 76
31504 77
31522 78
31557 77
31559 78
31575 77
31683 76
31704 75
31705 76
31772 77
31810 78
31974 79
31978 78
32016 79
32028 78
32038 79
32053 80
32066 79
32112 80
32177 81
32210 82
32298 81
32344 82
32460 81
32468 82
32518 81
32594 82
32611 81
32642 80
32655 79
32700 78
32731 79
32745 80
32758 81
32775 80
32837 79
32857 80
32903 81
32922 82
32945 83
33012 82
33024 81
33042 80
33136 79
33143 78
33149 79
33223 78
33228 77
33231 76
33240 77
33262 76
33324 75
33363 76
33370 75
33383 74
33390 76
33419 75
33459 76
33590 75
33595 76
33610 77
33678 78
33716 79
33828 80
33860 79
33878 78
33889 77
33942 78
33980 79
34003 80
34029 81
34072 82
34098 81
34108 80
34130 81
34223 82
34296 83
34403 82
34416 83
34500 84
34526 83
34591 82
34625 81
34626 82
34766 83
34790 84
34880 85
34902 84
34952 85
35024 84
35038 85
35109 84
35171 83
35339 82
35413 83
35421 82
35472 81
35506 82
35535 81
35572 82
35614 83
35724 84
35752 85
35763 84
35788 83
35821 84
35870 83
35950 82
36000 81
36011 80
36062 81
36109 82
36135 81
36138 80
36378 79
36398 80
36404 79
36410 80
36615 81
36630 82
36657 81
36688 82
36694 81
36705 82
36752 81
36793 82
36852 81
36890 82
37022 81
37042 82
37166 83
37194 82
37198 81
37204 80
37206 81
37325 82
37338 81
37364 82
37397 81
37490 80
37504 81
37597 80
37619 81
37670 80
37744 79
37772 80
37779 81
37863 82
37897 81
37934 82
38008 83
38080 84
38148 83
38149 82
38228 83
38238 84
38274 85
38382 84
38410 83
38469 84
38473 85
38510 84
38532 83
38603 82
38622 81
38642 80
38675 81
38676 80
38710 79
38720 78
38730 77
38735 76
38792 74
38945 73
39020 74
39079 73
39184 74
39251 73
39294 74
39296 75
39309 76
39350 77
39351 76
39375 77
39390 78
39417 79
39423 78
39443 77
39607 78
39629 77
39684 78
39794 80
39797 81
39802 82
39812 83
39915 84
39941 85
39994 86
40166 85
40186 86
40207 85
40222 84
40232 85
40264 84
40402 83
40458 82
40694 83
40806 84
40833 83
40870 82
40901 81
40924 80
40926 79
40970 80
41007 79
41040 78
41083 77
41122 78
41198 78
41253 77
41280 78
41315 77
41347 76
41468 77
41478 78
41498 77
41552 78
41560 79
41610 80
41660 81
41666 80
41738 81
41800 82
41890 83
41902 84
41952 85
42013 84
42021 83
42022 82
42064 83
42252 82
42255 83
42310 82
42316 81
42333 82
42409 81
42420 80
42426 81
42571 80
42584 79
42627 78
42642 79
42722 78
42730 79
42763 78
42781 77
42810 78
42819 77
42854 78
42946 79
42948 78
42951 77
43037 76
43072 77
43077 76
43141 75
43264 76
43323 77
43346 78
43348 79
43414 80
43422 79
43475 80
43482 81
43502 81
43555 82
43589 83
43591 84
43606 85
43649 84
43670 83
43690 84
43704 83
43892 82
44046 83
44148 84
44166 82
44170 83
44191 82
44198 83
44202 84
44260 83
44302 84
44327 83
44353 82
44410 80
44534 79
44610 78
44624 79
44762 80
44763 81
44931 82
45014 81
45022 82
45043 81
45167 82
45270 83
45303 82
45326 81
45367 80
45439 81
45518 82
45569 83
45578 82
45597 83
45648 82
45778 81
45785 80
45794 81
45797 82
45827 83
45945 82
45995 83
46010 84
46018 83
46123 82
46134 83
46154 82
46198 81
46248 82
46269 81
46288 80
46305 81
46462 80
46487 79
46490 80
46514 79
46529 78
46642 79
46698 80
46708 81
46844 82
46860 83
46923 82
46957 83
47014 83
47130 82
47131 81
47138 82
47159 83
47182 84
47206 85
47255 84
47279 83
47401 82
47545 83
47555 82
47572 81
47588 82
47596 81
47599 80
47606 79
47610 78
47705 79
47890 80
47975 79
48068 80
48118 79
48126 80
48186 81
48192 82
48194 83
48265 84
48373 83
48388 84
48433 83
48614 81
48640 80
48646 81
48672 80
48722 79
48738 78
48742 79
48787 78
48792 79
48862 78
48994 77
49023 76
49042 75
49052 74
49102 73
49122 72
49182 73
49210 74
49211 75
49217 76
49236 75
49245 76
49332 75
49359 76
49371 77
49373 78
49376 77
49386 78
49444 77
49477 76
49521 77
49523 76
49606 77
49622 78
49659 79
49680 81
49726 80
49790 81
49793 80
49803 79
49826 80
49827 82
49835 81
49848 80
49870 81
49935 82
50058 83
50063 84
50119 83
50237 82
50255 83
50308 82
50412 81
50469 82
50515 83
50547 82
50568 81
50787 82
50846 81
50847 82
50948 81
50967 82
50968 81
50986 82
51009 83
51175 82
51237 83
51270 82
51334 81
51350 82
51381 81
51419 80
51454 79
51489 80
51538 79
51586 78
51767 77
51835 78
51923 77
51978 76
51986 77
52028 76
52038 77
52048 76
52081 77
52137 78
52161 79
52178 80
52322 79
52354 80
52385 81
52394 82
52429 81
52446 80
52455 81
52532 82
52535 83
52546 84
52766 83
52794 82
52827 81
52886 80
52902 79
52938 77
52977 76
53033 77
53066 78
53070 79
53104 80
53115 81
53122 82
53138 81
53161 80
53213 79
53424 80
53432 81
53490 80
53501 79
53543 78
53601 79
53675 80
53700 81
53740 80
53783 81
53819 80
53885 79
53906 80
53909 79
53926 78
53928 77
53990 78
54030 79
54138 80
54178 79
54346 78
54384 77
54386 78
54411 77
54419 78
54420 77
54440 78
54441 79
54483 80
54496 81
54504 80
54518 81
54546 80
54550 81
54556 80
54611 79
54682 77
54726 76
54730 77
54758 78
54786 79
54838 80
54936 81
54997 80
55002 81
55054 80
55087 79
55109 80
55110 81
55132 80
55173 79
55232 78
55238 79
55311 80
55350 81
55611 82
55689 83
55690 84
55730 85
55774 86
55794 85
55802 86
55964 87
55990 86
56053 85
56138 84
56154 83
56226 82
56435 83
56475 82
56505 81
56514 82
56617 83
56623 84
56735 83
56770 82
56777 81
56778 82
56839 83
56871 82
56872 81
56956 80
57048 81
57148 82
57267 81
57318 82
57348 81
57434 82
57457 81
57565 80
57610 79
57615 78
57623 77
57634 76
57672 77
57691 78
57699 77
57812 78
57873 79
57906 80
57947 81
58084 82
58093 83
58101 82
58161 83
58255 82
58269 81
58300 82
58303 83
58461 84
58516 85
58719 84
58751 83
58754 82
58788 81
58808 80
58948 79
59047 78
59065 79
59088 78
59105 79
59122 80
59125 79
59128 78
59193 77
59293 76
59340 77
59343 76
59345 75
59376 73
59454 74
59562 75
59607 76
59610 75
59648 76
59714 77
59727 78
59754 79
59811 80
59990 81
60052 80
60062 81
60099 82
60109 83
60193 84
60194 83
60203 82
60215 81
60331 82
60392 83
60436 82
60490 81
60498 80
60505 81
60515 80
60769 81
60890 80
60953 79
60970 78
60973 79
60974 78
60977 77
60999 78
61024 77
61086 76
61171 77
61237 78
61262 79
61274 78
61300 77
61395 78
61419 79
61466 78
61518 80
61525 81
61539 80
61576 79
61590 78
61630 79
61640 78
61696 77
61714 76
61786 77
61799 78
61802 77
61825 78
61870 80
61879 79
61958 80
61959 79
61987 78
62048 77
62078 76
62093 75
62118 76
62126 77
62130 78
62329 79
62340 80
62350 79
62415 78
62454 77
62460 78
62465 77
62502 78
62517 79
62543 78
62555 79
62572 78
62578 79
62708 78
62751 79
62765 80
62855 81
62878 82
62987 83
63087 82
63198 81
63199 80
63258 81
63259 82
63321 83
63349 82
63388 83
63478 82
63533 81
63546 80
63547 79
63625 78
63733 79
63806 80
63841 79
63918 78
63934 79
63938 78
63993 79
64000 80
64009 81
64130 80
64187 79
64188 78
64242 77
64258 78
64292 77
64314 78
64322 77
64342 78
64390 77
64409 78
64435 79
64437 80
64481 79
64491 77
64532 78
64614 77
64622 76
64625 75
64739 76
64740 77
64778 78
64806 79
64904 78
64930 77
64948 76
65028 75
65056 74
65058 73
65059 72
65090 71
65107 72
65147 73
65150 74
65181 75
65188 76
65326 77
65344 78
65346 79
65391 78
65417 77
65421 78
65422 77
65492 76
65510 77
65538 78
65619 79
65646 80
65720 79
65725 78
65815 79
65855 78
65873 77
65897 78
65900 79
65956 78
65965 77
66000 78
66038 77
66044 78
66143 77
66169 76
66170 77
66202 76
66210 77
66229 76
66236 77
66250 76
66288 77
66346 78
66402 79
66458 80
66504 79
66521 78
66550 77
66554 78
66555 79
66705 80
66758 79
66818 78
66840 77
66842 78
66903 79
66913 80
66930 79
66985 78
66998 79
67068 80
67070 79
67150 78
67197 78
67222 79
67223 80
67231 81
67240 82
67254 81
67274 80
67314 81
67526 82
67548 81
67554 82
67586 83
67618 82
67686 81
67706 82
67733 81
67748 80
67763 81
67894 80
67911 79
67945 78
67982 77
68026 76
68027 75
68062 76
68086 75
68121 76
68157 75
68195 76
68255 77
68386 76
68400 75
68454 76
68462 77
68630 76
68634 75
68694 76
68736 77
68759 76
68762 75
68767 76
68846 77
68888 78
68946 79
68982 80
69006 79
69074 80
69126 79
69174 80
69183 79
69277 80
69297 81
69390 80
69422 81
69460 82
69574 83
69638 84
69665 83
69666 82
69698 83
69746 82
69795 83
69870 82
69902 83
70088 82
70158 83
70186 82
70215 81
70242 80
70254 81
70534 82
70670 83
70754 84
70779 82
70810 83
70842 82
71027 83
71188 82
71209 81
71272 82
71279 83
71331 84
71352 83
71458 84
71496 85
71612 86
71640 85
71648 86
71943 85
71952 84
72051 83
72066 82
72108 81
72150 80
72293 81
72331 82
72398 81
72405 82
72452 81
72466 80
72539 79
72548 80
72638 81
72738 80
72750 79
72786 80
72842 79
72843 80
72847 79
72868 80
72909 81
73064 82
73098 81
73215 80
73228 81
73366 82
73373 81
73385 80
73454 79
73478 78
73502 79
73515 78
73545 79
73551 78
73654 79
73703 80
73751 79
73755 80
73783 81
73799 80
74070 81
74094 82
74103 81
74141 82
74194 81
74218 82
74242 84
74283 83
74319 81
74325 82
74355 83
74405 84
74538 83
74544 82
74654 83
74690 82
74915 84
74929 83
74942 84
74964 83
75022 82
75038 83
75065 82
75190 83
75223 84
75255 83
75287 82
75291 81
75416 80
75435 81
75447 82
75514 81
75531 80
75588 79
75642 80
75669 81
75709 80
75714 79
75771 80
75872 81
75897 82
75976 81
75978 80
76051 79
76138 80
76187 79
76271 80
76370 81
76371 82
76422 81
76424 82
76534 81
76564 82
76575 83
76607 84
76615 84
76623 83
76717 82
76775 81
76874 80
76961 79
76986 78
77002 79
77058 80
77083 79
77088 78
77093 77
77141 78
77163 77
77180 78
77209 79
77287 78
77291 77
77407 78
77534 77
77579 76
77643 75
77664 76
77672 76
77718 77
77719 78
77738 78
77755 77
77864 76
77903 75
77970 76
78063 77
78105 78
78142 79
78160 80
78198 81
78231 82
78255 83
78292 82
78359 83
78581 84
78582 85
78619 84
78691 85
78735 84
78741 83
78758 82
78762 81
78851 80
78868 79
78896 78
78962 79
78996 78
79218 79
79234 78
79283 79
79367 80
79371 79
79437 80
79511 79
79517 80
79542 81
79677 80
79710 79
79741 80
79759 79
79843 78
79847 79
79900 80
79915 81
79972 80
79981 81
80057 82
80127 81
80135 80
80155 79
80242 78
80251 77
80298 76
80361 75
80394 76
80422 77
80439 78
80551 79
80575 80
80609 81
80683 82
80712 83
80723 84
80823 83
80853 82
80857 81
80868 80
80942 81
80955 80
80966 81
80996 80
81035 79
81040 78
81045 77
81080 78
81203 79
81261 78
81438 77
81523 78
81539 77
81570 78
81590 79
81591 80
81611 79
81618 78
81681 79
81708 80
81777 81
81823 82
81931 81
81964 82
82053 81
82078 80
82104 79
82133 78
82147 77
82158 78
82195 79
82245 78
82263 79
82271 80
82308 81
82461 80
82526 81
82547 82
82619 83
82627 84
82643 83
82649 82
82682 81
82790 82
82804 83
82822 84
82857 83
82879 82
82911 83
82973 82
83062 83
83074 82
83076 81
83089 80
83180 81
83195 80
83283 81
83305 80
83319 81
83334 82
83392 83
83439 82
83490 81
83538 80
83580 79
83581 78
83598 79
83603 78
83615 77
83676 78
83729 77
83755 76
83795 75
83835 74
83860 73
83918 74
83937 75
83963 74
83973 73
84037 74
84039 73
84086 74
84113 75
84127 74
84133 73
84186 74
84217 73
84295 74
84297 75
84303 74
84334 75
84335 76
84349 77
84423 78
84445 79
84461 78
84483 79
84507 78
84513 79
84515 80
84523 79
84526 78
84572 79
84604 78
84654 77
84732 78
84775 80
84803 81
84865 80
84966 81
85032 82
85049 83
85099 82
85131 83
85143 82
85159 83
85200 84
85239 83
85269 82
85273 81
85456 80
85515 79
85600 80
85607 79
85716 78
85740 79
85747 80
85827 79
85855 80
85931 81
85972 82
85996 81
86069 82
86123 83
86160 84
86307 83
86385 82
86406 81
86454 82
86497 83
86542 84
86563 85
86623 84
86705 83
86727 84
86785 83
86814 84
86892 83
86952 82
87027 83
87110 82
87147 81
87271 80
87274 79
87275 80
87278 79
87438 80
87461 81
87490 80
87498 79
87542 78
87549 77
87576 78
87667 79
87764 80
87804 81
87851 82
87968 83
88003 82
88026 83
88133 84
88151 83
88164 84
88258 83
88297 84
88377 83
88579 82
88610 81
88646 82
88656 83
88688 84
88942 85
88999 84
89006 83
89032 82
89046 83
89097 82
89125 81
89133 80
89139 79
89239 80
89362 79
89370 78
89373 76
89383 75
89496 76
89530 77
89536 78
89635 77
89749 78
89782 77
89784 78
89790 79
89841 80
89850 79
89884 80
89907 79
90029 78
90097 79
90101 80
90117 79
90137 78
90138 77
90143 76
90164 74
90165 71
90254 72
90270 71
90283 70
90289 71
90295 72
90311 73
90378 72
90416 73
90421 74
90429 73
90489 74
90501 74
90507 75
90605 74
90612 73
90677 74
90684 73
90694 74
90775 76
90808 77
90811 78
90845 77
90849 78
90862 77
90866 78
90880 77
90938 78
90947 77
90962 78
91023 79
91118 78
91134 79
91137 80
91140 81
91146 81
91172 80
91213 81
91220 80
91227 79
91251 78
91261 79
91264 78
91407 77
91408 76
91443 75
91449 74
91518 73
91547 74
91554 73
91562 74
91564 73
91568 72
91580 71
91601 70
91609 71
91614 72
91622 71
91624 70
91630 69
91631 70
91693 71
91711 70
91719 71
91818 72
91848 71
91889 72
91909 71
91931 72
91949 73
91995 72
92085 71
92089 72
92095 71
92107 70
92108 69
92134 70
92158 71
92165 73
92173 72
92223 73
92252 74
92253 75
92255 71
92259 70
92264 69
92295 68
92314 67
92361 66
92396 67
92429 66
92457 67
92475 68
92482 69
92483 67
92487 66
92491 65
92505 66
92514 65
92534 66
92549 65
92572 66
92635 65
92667 66
92668 67
92674 67
92680 66
92681 65
92706 66
92722 67
92737 68
92744 69
92747 68
92754 67
92784 68
92785 66
92790 65
92795 64
92819 65
92855 64
92859 63
92869 64
92877 63
92879 62
92915 63
92917 64
92921 63
92947 64
92961 63
92967 64
93049 63
93079 64
93081 65
93107 66
93115 64
93133 65
93135 66
93139 65
93143 64
93173 65
93180 66
93191 67
93194 66
93195 65
93211 64
93212 65
93231 66
93232 68
93291 69
93299 67
93373 66
93378 67
93382 68
93391 69
93395 70
93403 69
93457 68
93480 69
93542 68
93551 67
93568 68
93581 67
93591 68
93614 69
93615 70
93655 71
93678 72
93681 71
93702 72
93708 71
93739 72
93787 71
93807 72
93819 71
93835 72
93841 71
93846 70
93847 69
93883 68
93913 69
93979 68
93980 67
93988 68
93999 69
94039 70
94083 71
94109 72
94123 73
94130 72
94162 73
94173 72
94179 73
94191 74
94228 73
94232 74
94331 75
94359 76
94460 77
94467 79
94492 80
94500 79
94505 80
94514 79
94515 78
94522 77
94570 76
94633 77
94690 78
94697 77
94744 78
94755 79
94767 78
94772 78
94830 79
94863 78
94871 77
94880 78
94884 77
94945 76
95013 75
95030 76
95033 75
95090 76
95121 77
95167 78
95190 79
95265 78
95291 79
95331 78
95333 79
95380 80
95393 81
95399 80
95473 81
95476 80
95525 81
95640 80
95659 81
95703 80
95725 81
95733 80
95811 79
95838 80
95871 79
95952 80
96015 81
96064 80
96066 79
96079 78
96120 77
96146 76
96148 75
96194 76
96223 77
96273 78
96357 79
96380 78
96385 79
96387 80
96389 79
96403 80
96487 81
96591 80
96619 81
96661 82
96808 81
96874 80
96908 81
96947 80
96970 79
96994 80
97054 82
97092 81
97159 82
97221 83
97288 84
97289 83
97299 82
97343 79
97356 78
97555 77
97562 76
97642 77
97681 79
97685 80
97732 81
97747 82
97804 81
97873 80
97907 79
97975 78
97983 79
97988 80
98080 81
98152 82
98187 83
98249 82
98272 83
98299 84
98432 85
98455 84
98505 85
98595 83
98607 82
98671 83
98731 82
98813 81
98818 82
98847 81
98981 80
99036 81
99070 82
99075 81
99147 80
99157 81
99201 80
99220 79
99315 80
99316 79
99403 78
99419 78
99534 77
99555 78
99567 77
99572 76
99587 77
99595 78
99767 78
99809 79
99890 80
99891 81
99996 81
100021 82
100089 81
100097 80
100109 81
100118 82
100224 83
100242 82
100272 81
100299 80
100307 79
100339 78
100400 77
100405 78
100411 79
100458 80
100461 79
100462 78
100464 77
100622 78
100631 79
100671 80
100748 81
100791 80
100839 79
100879 80
100903 79
100910 78
100943 79
101037 80
101039 79
101131 80
101133 80
101195 81
101308 82
101551 83
101559 82
101564 81
101604 80
101626 79
101627 78
101636 79
101675 80
101731 82
101746 81
101754 82
102026 81
102102 80
102201 81
102257 80
102295 81
102324 82
102327 83
102384 82
102410 81
102414 82
102520 83
102532 84
102565 83
102613 84
102626 83
102675 84
102683 83
102685 82
102688 81
102786 80
102799 81
102979 82
103001 81
103043 80
103088 81
103126 80
103223 79
103232 78
103383 79
103440 78
103448 79
103513 80
103544 79
103549 80
103635 79
103678 80
103709 81
103867 80
103926 81
103948 82
103951 81
104010 80
104080 81
104115 82
104123 81
104127 80
104178 81
104220 80
104268 81
104395 82
104509 81
104609 80
104627 81
104696 80
104703 79
104751 80
104757 81
104873 82
104907 83
104909 82
104912 83
104959 84
104960 83
104964 82
104979 81
104985 82
105025 81
105066 80
105216 79
105267 78
105287 77
105288 76
105296 75
105301 76
105315 77
105323 78
105407 79
105448 80
105451 81
105504 80
105507 81
105606 80
105621 81
105743 80
105899 79
105902 80
105917 81
105983 80
106021 78
106027 79
106029 80
106091 79
106092 78
106151 79
106171 80
106211 81
106235 80
106269 81
106275 82
106309 81
106339 82
106547 83
106751 82
106765 81
106772 80
106777 80
106791 79
106797 78
106811 79
106835 78
106934 79
107025 78
107057 79
107095 78
107099 79
107135 78
107163 77
107176 76
107208 75
107232 76
107251 77
107294 76
107343 77
107347 76
107418 77
107493 76
107560 75
107575 74
107579 75
107603 74
107672 75
107680 76
107691 77
107731 78
107835 77
107848 76
107861 77
107910 76
107953 75
107990 74
108005 75
108075 74
108165 75
108237 76
108251 75
108261 74
108334 73
108354 74
108358 75
108373 76
108420 77
108431 78
108447 79
108478 80
108527 81
108538 82
108583 83
108620 82
108623 83
108631 82
108714 81
108741 80
108798 79
108898 80
108927 81
108995 80
109001 81
109003 80
109087 79
109111 78
109235 79
109255 80
109334 81
109395 82
109396 83
109404 82
109440 81
109498 82
109535 83
109648 84
109718 83
109759 82
109780 83
109827 82
109854 83
109897 84
110047 83
110112 82
110145 81
110196 80
110287 79
110423 78
110489 77
110515 78
110526 77
110539 76
110540 75
110575 76
110637 77
110654 78
110696 79
110709 80
110803 79
110805 80
110849 81
110875 83
110999 84
111050 83
111055 84
111069 83
111148 84
111217 83
111245 82
111274 81
111467 82
111531 81
111580 82
111603 81
111637 80
111727 81
111747 82
111750 83
111835 84
112163 83
112187 82
112193 83
112312 84
112387 85
112438 86
112675 85
112695 84
112698 83
112709 84
112717 83
112719 82
112767 81
112791 80
112861 79
112916 78
112927 77
112951 78
112953 77
112967 76
112979 75
113027 74
113079 73
113120 74
113180 75
113200 76
113239 75
113261 76
113349 77
113370 76
113418 77
113507 75
113521 76
113588 77
113618 78
113657 77
113702 78
113707 79
113804 78
113831 77
113843 78
113845 79
113868 78
113876 79
113907 78
114054 79
114072 78
114075 79
114080 78
114083 77
114122 78
114126 79
114139 78
114180 77
114251 76
114255 75
114309 76
114356 75
114387 76
114555 77
114592 76
114687 75
114710 76
114712 75
114769 76
114824 77
114829 78
114879 79
114899 80
114926 81
114951 80
114976 79
115008 80
115100 81
115105 82
115166 81
115213 82
115249 81
115259 82
115268 83
115269 84
115335 83
115343 82
115421 83
115475 84
115482 83
115598 82
115665 81
115731 80
115791 81
115827 80
115882 78
115901 79
115982 78
115992 79
116047 78
116103 77
116104 76
116190 77
116248 78
116258 77
116334 76
116394 77
116396 78
116447 77
116514 76
116517 77
116535 78
116620 79
116674 80
116743 79
116843 78
116849 79
116869 78
116902 79
116937 78
116953 77
116958 78
116999 77
117055 78
117090 79
117144 80
117165 81
117220 82
117291 83
117296 82
117346 83
117361 82
117436 81
117439 80
117511 81
117540 80
117586 79
117604 80
117614 79
117631 78
117738 77
117806 78
117822 79
117838 80
117847 79
117886 78
117920 79
117930 78
117932 77
117941 78
117970 77
117975 78
118074 77
118136 78
118152 79
118202 80
118251 81
118269 82
118287 81
118471 83
118476 82
118503 83
118511 84
118632 83
118640 84
118668 83
118823 84
118835 83
118874 82
118933 83
118959 82
119020 81
119062 82
119130 83
119193 81
119219 80
119255 81
119295 82
119307 81
119364 80
119378 79
119425 78
119439 77
119453 76
119555 77
119575 76
119607 77
119675 76
119680 77
119747 76
119780 75
119824 76
119835 77
119887 78
119911 79
119947 78
119979 79
120049 80
120052 81
120056 82
120070 83
120187 82
120256 83
120416 82
120437 83
120444 82
120544 83
120551 82
120553 81
120574 80
120634 79
120641 79
120664 80
120798 79
120805 78
120857 77
120881 76
120971 77
121004 76
121039 77
121054 76
121063 77
121068 78
121095 77
121120 78
121174 79
121214 80
121233 79
121276 78
121315 79
121318 80
121323 81
121378 80
121428 79
121450 80
121484 79
121575 78
121630 77
121642 78
121667 79
121697 80
121713 81
121723 82
121747 81
121810 80
121855 79
121898 78
121925 79
121980 78
121985 79
122035 77
122084 76
122191 77
122231 78
122268 77
122316 78
122338 77
122348 78
122449 77
122488 76
122527 75
122657 76
122678 77
122688 78
122795 77
122818 76
122832 77
122836 78
122863 79
123043 80
123086 79
123147 78
123174 79
123198 78
123247 79
123278 80
123283 79
123299 78
123312 79
123332 80
123334 81
123367 82
123399 83
123468 84
123519 83
123603 82
123697 83
123711 82
123718 81
123767 80
123811 81
123834 80
123842 79
123907 78
123913 77
123930 78
124010 77
124044 78
124100 79
124115 80
124151 79
124183 80
124205 79
124259 78
124279 79
124314 78
124347 79
124459 80
124465 81
124590 82
124602 81
124631 82
124634 81
124723 80
124755 79
124756 78
124863 77
124868 76
124874 77
124877 78
124903 79
124990 80
125035 81
125113 82
125307 83
125357 82
125363 83
125371 82
125385 81
125409 82
125499 81
125534 80
125557 81
125601 80
125631 79
125791 80
125844 79
125857 80
125887 81
125958 82
125975 81
125980 82
125982 83
126056 84
126073 83
126139 82
126163 81
126299 82
126345 81
126392 82
126433 83
126442 84
126483 83
126498 82
126769 83
126794 82
126802 83
127004 82
127094 81
127109 82
127181 83
127358 82
127363 81
127367 82
127407 83
127462 82
127487 81
127533 80
127574 79
127601 80
127610 79
127768 80
127779 81
127841 80
127930 79
127955 78
127992 79
127995 80
128019 81
128191 82
128210 81
128276 82
128283 83
128287 84
128298 83
128309 82
128379 81
128428 82
128477 81
128533 80
128599 81
128619 82
128736 83
128751 82
128796 81
128840 82
128971 81
129043 82
129104 81
129111 82
129125 81
129131 80
129145 81
129153 82
129160 81
129218 80
129285 79
129383 78
129388 77
129413 78
129441 79
129503 78
129529 79
129655 78
129682 77
129699 76
129704 77
129730 78
129788 79
129830 78
129837 79
129867 80
129874 79
129899 80
129947 79
129961 80
130054 79
130059 80
130181 79
130217 78
130252 79
130256 80
130278 79
130279 80
130388 81
130399 82
130484 83
130533 82
130596 83
130609 82
130772 83
130807 84
130828 83
130850 84
130868 85
130878 84
130962 83
131004 82
131058 81
131067 80
131139 79
131329 78
131428 77
131502 78
131610 77
131635 76
131655 77
131682 76
131695 77
131731 76
131797 75
131802 74
131804 75
131827 76
131848 77
131896 78
131911 79
131919 80
132080 81
132104 82
132152 83
132174 82
132287 83
132351 84
132372 85
132390 84
132467 83
132468 82
132513 83
132626 84
132640 83
132679 82
132709 83
132723 84
132775 83
132807 82
132837 81
132847 82
132883 81
132979 80
133050 81
133055 82
133075 81
133140 80
133157 81
133164 80
133175 79
133198 78
133219 79
133243 78
133283 77
133284 76
133391 75
133407 76
133417 75
133419 74
133494 73
133554 72
133584 73
133632 74
133645 75
133716 76
133755 77
133757 76
133772 77
133835 78
133836 79
133840 80
133889 81
133942 80
133951 79
133972 80
134027 81
134055 82
134057 83
134215 84
134232 83
134246 82
134285 81
134323 82
134335 81
134406 80
134442 81
134464 80
134489 79
134623 78
134636 79
134705 78
134738 79
134775 78
134819 77
134919 76
134937 77
134982 76
134991 77
135063 76
135067 75
135107 74
135153 75
135197 76
135213 77
135253 78
135281 79
135333 80
135335 81
135362 82
135366 83
135396 82
135398 81
135436 82
135443 83
135507 82
135614 81
135635 82
135731 83
135827 84
135885 83
136085 82
136159 83
136177 82
136178 81
136210 82
136219 81
136253 80
136383 79
136387 78
136443 79
136454 78
136510 77
136521 76
136537 75
136695 74
136722 73
136764 74
136799 75
136867 74
136972 75
136991 76
137049 77
137055 78
137077 79
137216 78
137225 79
137243 80
137269 81
137336 82
137378 83
137458 82
137475 83
137481 82
137589 81
137590 80
137602 81
137735 82
137747 83
137750 82
137759 81
137806 82
137821 81
137838 80
137980 81
138002 80
138004 81
138145 82
138203 81
138239 80
138309 81
138314 82
138465 83
138468 82
138529 83
138554 82
138579 81
138683 81
138733 80
138760 81
138799 80
138807 81
138921 80
138956 81
139113 82
139116 81
139166 82
139215 81
139280 80
139281 79
139309 78
139332 77
139335 78
139351 77
139364 76
139371 77
139440 78
139478 79
139501 78
139506 77
139517 78
139571 77
139622 76
139666 75
139693 74
139697 75
139735 74
139757 75
139784 76
139797 77
139891 78
139925 79
139994 81
140108 82
140139 83
140223 84
140229 83
140256 82
140257 83
140303 84
140318 85
140372 86
140603 85
140716 87
140798 88
140817 87
140951 86
140952 85
141019 84
141111 83
141164 82
141176 81
141177 80
141211 79
141230 80
141296 79
141349 80
141401 79
141451 78
141471 77
141559 78
141589 77
141687 76
141707 75
141715 76
141774 75
141823 74
141917 73
141921 72
141923 73
141924 74
141960 75
141967 76
142020 77
142055 76
142083 75
142143 76
142169 77
142193 76
142246 77
142252 78
142267 79
142391 79
142431 80
142454 81
142574 82
142628 81
142837 80
142866 79
142915 80
142924 79
142947 78
143064 79
143082 80
143087 79
143147 80
143167 79
143196 80
143313 81
143407 82
143431 81
143457 82
143471 83
143490 84
143544 83
143547 82
143765 80
143769 79
143999 80
144020 79
144034 78
144038 77
144059 76
144070 75
144073 76
144137 75
144155 74
144231 75
144245 76
144287 77
144318 76
144412 75
144479 76
144510 77
144512 78
144518 79
144519 80
144521 79
144723 80
144735 81
144891 82
144901 83
144911 82
144947 83
145049 84
145059 85
145252 84
145254 83
145269 84
145274 83
145286 84
145393 83
145399 82
145410 81
145412 80
145448 79
145521 78
145564 79
145600 78
145620 79
145796 80
145834 79
145884 78
145895 79
145957 78
146001 77
146011 76
146112 77
146191 78
146195 79
146205 80
146224 81
146394 80
146424 81
146425 82
146428 83
146450 84
146508 83
146576 82
146590 83
146616 82
146650 81
146716 82
146856 83
146857 82
146862 81
146877 80
146883 81
146914 80
146930 79
146997 78
146999 79
147027 78
147036 77
147163 78
147228 77
147315 76
147322 75
147331 74
147371 75
147403 76
147410 77
147431 78
147477 77
147498 79
147507 78
147624 77
147686 76
147710 77
147714 78
147787 79
147796 80
147842 79
147940 80
148024 81
148031 82
148059 81
148068 80
148167 81
148324 82
148382 81
148455 82
148494 83
148552 82
148624 81
148626 82
148662 81
148748 80
148776 79
148781 78
148812 77
148816 78
148928 79
149002 80
149008 79
149015 80
149032 79
149069 80
149104 79
149193 80
149365 81
149399 80
149411 81
149504 82
149520 83
149565 82
149713 81
149714 80
149751 81
149828 82
149865 81
149889 82
149943 83
150012 84
150107 83
150122 84
150159 85
150192 86
150221 85
150225 84
150366 83
150436 82
150524 81
150566 80
150584 79
150612 80
150651 79
150675 78
150819 77
150827 78
150890 79
150905 80
150941 81
150958 80
151026 81
151030 80
151048 79
151142 80
151154 81
151173 80
151202 79
151217 78
151224 79
151225 80
151338 79
151386 78
151452 77
151482 76
151564 77
151688 79
151696 78
151723 77
151767 76
151796 77
151902 76
151950 75
151970 75
152017 76
152086 77
152133 78
152134 77
152139 78
152220 79
152360 80
152372 79
152375 80
152376 81
152380 82
152390 83
152432 82
152568 83
152607 84
152608 85
152707 84
152756 83
152757 82
152763 81
152832 80
152883 79
152905 78
153038 77
153112 76
153114 77
153125 76
153183 75
153188 76
153277 75
153282 76
153361 77
153393 78
153414 77
153433 76
153451 75
153572 76
153624 75
153638 76
153645 77
153667 78
153688 77
153691 78
153706 79
153744 80
153766 81
153819 82
153875 83
153920 82
154195 81
154214 80
154232 81
154306 80
154311 82
154434 83
154517 84
154523 83
154597 81
154625 82
154628 83
154640 82
154641 83
154668 82
154752 83
154914 84
154930 83
154932 81
154938 82
155124 83
155196 82
155203 83
155266 82
155396 83
155422 82
155442 83
155495 82
155547 83
155612 82
155776 81
155930 82
155957 83
155999 82
156001 81
156026 82
156078 83
156182 84
156224 83
156228 82
156237 81
156276 82
156360 81
156365 82
156408 81
156535 80
156540 81
156583 80
156605 79
156727 80
156732 81
156778 82
156820 81
156851 80
156984 79
157035 80
157063 79
157074 80
157093 81
157147 80
157162 79
157186 80
157332 79
157337 78
157426 79
157452 80
157456 81
157596 82
157628 81
157647 80
157648 81
157704 82
157714 81
157751 80
157783 81
157894 82
157934 81
158000 80
158005 79
158060 80
158085 79
158096 78
158160 79
158207 80
158215 81
158221 80
158235 79
158245 80
158320 81
158357 80
158388 81
158404 82
158426 83
158460 84
158472 85
158564 84
158630 83
158637 82
158832 81
158866 82
158898 81
158936 80
158937 81
158945 80
158968 81
159024 80
159025 81
159086 82
159120 81
159121 80
159125 79
159208 78
159417 77
159448 78
159471 79
159629 80
159642 81
159683 80
159702 79
159745 80
159883 81
159900 82
159946 81
159958 82
160123 81
160156 80
160161 81
160164 82
160224 81
160225 82
160238 81
160285 82
160299 81
160306 80
160430 79
160458 78
160497 77
160521 78
160530 79
160638 78
160692 77
160694 78
160721 77
160820 78
160824 79
160873 80
161067 81
161080 82
161096 83
161136 84
161215 83
161229 82
161238 81
161262 82
161266 81
161291 82
161363 81
161532 82
161708 81
161725 82
161731 81
161742 82
161752 81
161782 80
161804 79
161851 80
162030 79
162087 78
162112 79
162160 78
162174 77
162289 78
162311 77
162356 78
162405 79
162413 80
162524 81
162592 82
162612 83
162712 82
162811 83
162812 84
162821 85
162840 86
163048 85
163085 84
163100 85
163144 84
163150 83
163288 82
163415 81
163492 80
163560 79
163575 78
163624 79
163640 78
163655 79
163731 80
163802 81
163932 80
163940 81
163962 80
164033 81
164134 80
164193 79
164195 78
164227 78
164240 79
164432 80
164467 81
164496 80
164534 81
164624 80
164687 81
164801 82
164844 83
164851 84
164896 83
164964 82
164974 83
165045 82
165052 81
165080 82
165094 83
165095 82
165184 81
165380 82
165434 81
165443 80
165556 81
165659 82
165666 83
165754 84
165789 83
165805 84
165856 83
165868 82
165874 81
165910 80
166028 81
166261 82
166295 83
166296 82
166303 83
166432 82
166494 83
166511 82
166527 81
166542 80
166664 79
166712 80
166743 81
166794 80
166796 79
166806 78
166935 79
166965 78
166971 77
167020 76
167036 77
167044 78
167051 77
167200 76
167212 77
167243 76
167307 77
167347 78
167395 77
167403 78
167412 79
167416 78
167466 79
167513 80
167576 81
167585 80
167600 79
167616 80
167640 79
167651 78
167659 77
167664 76
167696 77
167764 76
167804 75
167910 76
167984 75
167998 76
168041 75
168044 76
168055 75
168086 76
168096 77
168101 78
168134 79
168152 80
168268 79
168320 79
168333 78
168385 79
168400 80
168409 79
168466 78
168474 79
168537 80
168609 81
168659 80
168676 79
168752 78
168780 79
168914 80
168961 79
169060 80
169106 81
169134 80
169217 79
169285 80
169288 79
169333 80
169336 81
169340 82
169396 81
169566 82
169574 83
169614 82
169771 83
169772 84
169836 83
169837 82
169842 83
169931 82
170016 81
170043 82
170234 81
170236 79
170260 78
170409 79
170464 78
170476 79
170536 78
170537 79
170562 80
170572 81
170593 80
170612 81
170766 82
170845 81
170856 82
170872 83
170949 84
171009 83
171031 84
171036 85
171060 84
171116 85
171136 84
171238 83
171351 82
171458 81
171470 80
171600 81
171616 80
171627 81
171760 82
171771 83
171779 82
172003 83
172054 82
172099 83
172160 82
172168 81
172189 82
172197 81
172314 82
172349 81
172392 80
172395 81
172431 80
172460 79
172466 78
172497 77
172607 78
172632 79
172719 78
172747 79
172877 78
172898 77
172946 78
172997 79
173009 80
173052 79
173132 78
173165 79
173184 80
173204 79
173209 80
173238 79
173268 78
173307 79
173403 80
173450 81
173464 80
173468 81
173631 82
173640 81
173673 82
173687 83
173754 84
173762 85
173840 87
173916 86
173949 85
174014 84
174015 83
174127 84
174216 83
174239 82
174245 81
174301 80
174329 79
174404 80
174464 79
174725 78
174739 79
174756 78
174778 79
174794 80
174923 82
175034 83
175060 84
175104 85
175141 86
175298 85
175386 84
175400 83
175441 84
175463 83
175524 82
175542 81
175575 80
175592 79
175648 80
175736 79
175760 80
175768 79
175788 80
175938 79
175948 78
176007 79
176026 78
176098 79
176100 78
176120 79
176165 80
176181 79
176226 80
176273 81
176324 82
176340 83
176398 82
176512 81
176663 82
176701 83
176704 82
176716 83
176724 84
176755 85
176888 86
176895 85
176916 84
177018 83
177129 82
177176 83
177287 82
177322 83
177395 82
177479 81
177492 82
177505 81
177512 80
177516 81
177688 80
177689 79
177826 78
177878 77
177895 78
177925 79
177928 78
177999 79
178006 80
178069 81
178149 82
178150 83
178188 82
178192 83
178276 84
178281 83
178287 84
178291 83
178348 82
178371 81
178424 82
178470 83
178471 82
178504 81
178531 80
178660 79
178756 80
178764 79
178896 80
178964 81
178981 82
179025 81
179064 80
179223 81
179234 82
179261 83
179300 82
179316 83
179420 84
179504 83
179550 82
179552 83
179679 84
179736 83
179744 84
179772 85
179801 84
179812 85
179856 84
179928 83
179942 82
180094 81
180124 80
180181 80
180237 79
180248 78
180313 77
180348 76
180397 77
180428 78
180506 77
180522 78
180556 79
180579 78
180604 76
180728 75
180755 77
180884 78
180888 77
180889 78
180891 77
181030 78
181047 79
181104 80
181145 81
181191 82
181280 83
181321 82
181352 83
181360 82
181398 83
181400 82
181430 81
181567 82
181660 81
181680 82
181708 81
181736 82
181880 81
182003 80
182012 79
182173 78
182275 79
182284 80
182300 81
182376 82
182470 81
182499 80
182515 79
182544 78
182582 77
182628 78
182672 79
182675 80
182688 79
182757 78
182762 79
182780 80
182808 81
182828 80
182884 79
182916 78
182977 77
183024 76
183039 77
183080 78
183124 79
183138 78
183200 77
183263 78
183280 79
183294 78
183300 79
183314 80
183330 80
183472 80
183584 79
183645 80
183675 81
183707 80
183717 79
183865 78
183869 77
183886 78