0 82
185 81
262 82
281 83
371 82
412 81
450 82
485 83
524 82
661 81
664 82
680 81
789 82
826 83
871 84
909 83
1069 84
1173 83
1213 84
1235 83
1293 82
1296 81
1365 82
1426 83
1463 82
1477 83
1484 82
1578 83
1604 82
1654 83
1697 84
1738 85
1753 84
1855 85
1897 84
1917 83
1969 82
2033 81
2046 80
2077 81
2191 80
2393 79
2418 78
2444 79
2503 78
2532 79
2569 78
2621 77
2629 78
2638 79
2725 80
2766 81
2778 80
2817 79
2859 80
2985 81
3013 82
3041 83
3065 82
3191 83
3321 84
3327 85
3476 86
3526 85
3605 86
3668 84
3733 85
3763 84
3831 83
3893 84
3929 83
3966 82
4247 81
4261 80
4339 79
4446 80
4525 81
4638 82
4683 83
4704 84
4770 85
4845 84
4888 83
4897 84
4918 83
4986 82
5012 83
5111 84
5118 85
5384 84
5439 83
5618 82
5705 83
5741 82
5747 81
5754 80
5813 79
5986 80
6049 81
6152 80
6203 81
6296 82
6305 83
6322 84
6325 85
6362 84
6374 83
6406 84
6414 83
6460 84
6465 85
6469 84
6472 83
6530 82
6537 81
6633 80
6729 79
6779 78
6785 77
6792 76
6811 75
6841 74
6853 73
6862 72
6863 71
6901 72
7065 73
7100 72
7150 73
7222 74
7236 75
7237 76
7243 77
7341 78
7352 79
7367 80
7393 81
7462 82
7532 82
7581 81
7594 80
7640 81
7641 82
7764 81
7770 82
7793 83
7844 82
7849 83
7963 84
7974 83
8009 82
8103 81
8151 82
8162 83
8233 84
8324 85
8337 84
8340 82
8345 81
8369 82
8505 83
8507 82
8516 83
8549 84
8583 83
8594 84
8595 83
8622 82
8693 81
8924 82
8945 83
9053 82
9087 81
9116 80
9229 79
9245 78
9313 79
9366 80
9380 81
9415 80
9449 79
9469 80
9474 81
9522 80
9574 81
9605 82
9838 83
9880 84
9907 83
9969 82
10078 83
10081 82
10085 83
10128 84
10139 83
10177 82
10190 81
10211 80
10216 79
10219 78
10222 77
10226 75
10296 76
10343 75
10357 74
10369 75
10375 74
10409 73
10445 72
10553 73
10561 71
10611 72
10621 74
10688 75
10702 76
10707 75
10708 74
10721 73
10829 74
10885 75
10891 74
10896 75
10970 75
10974 74
10985 75
11083 74
11118 75
11122 76
11134 75
11145 76
11167 75
11226 76
11232 77
11233 76
11269 75
11289 74
11316 75
11384 74
11397 75
11405 74
11451 73
11516 74
11529 75
11549 74
11593 75
11612 76
11678 75
11723 74
11775 73
11820 72
11829 73
11842 74
11867 75
12028 76
12045 75
12055 74
12059 76
12065 75
12091 76
12093 77
12095 76
12141 75
12153 76
12229 77
12230 76
12257 77
12300 78
12303 76
12345 77
12360 78
12369 77
12424 76
12427 75
12486 76
12488 75
12497 74
12498 72
12521 71
12531 70
12567 71
12611 70
12613 71
12629 70
12637 69
12642 70
12685 71
12689 69
12690 68
12715 67
12777 68
12842 69
12873 70
12947 69
12950 70
12955 71
12964 70
13009 71
13010 72
13016 71
13018 69
13020 70
13026 69
13027 69
13031 70
13035 69
13037 70
13041 69
13153 70
13160 69
13185 70
13191 70
13202 69
13241 70
13248 71
13260 70
13261 69
13325 70
13329 71
13333 70
13344 70
13398 71
13405 72
13409 73
13472 74
13482 73
13491 72
13493 71
13542 70
13554 71
13576 70
13594 69
13600 68
13625 69
13641 70
13649 69
13653 70
13662 68
13663 66
13727 66
13734 66
13769 67
13820 68
13830 69
13893 70
13902 71
13908 72
13933 71
13957 72
13997 73
14014 72
14068 73
14073 72
14074 71
14080 70
14083 69
14084 68
14085 67
14087 68
14091 67
14165 68
14171 67
14175 68
14187 69
14245 70
14253 71
14257 69
14285 70
14298 69
14311 70
14314 71
14365 72
14387 71
14394 72
14401 73
14409 74
14429 73
14435 74
14452 74
14456 73
14460 72
14462 73
14466 72
14475 71
14477 72
14505 73
14513 74
14518 73
14617 74
14648 75
14665 74
14714 73
14735 72
14759 73
14800 72
14805 71
14851 70
14857 69
14859 70
14860 69
14866 68
14885 67
14886 66
14892 67
14895 66
14938 67
14950 66
14970 67
14997 68
15010 67
15017 66
15054 67
15074 66
15081 67
15085 68
15089 68
15091 69
15105 70
15112 71
15117 72
15129 71
15131 70
15135 71
15136 70
15142 71
15151 70
15205 71
15267 72
15269 71
15276 70
15314 71
15364 72
15437 73
15453 74
15500 73
15501 72
15540 73
15555 72
15605 73
15725 74
15733 73
15743 73
15778 74
15781 75
15784 76
15785 77
15794 76
15809 77
15814 76
15821 77
15899 78
15901 77
15909 78
15925 77
15926 76
15936 75
16048 76
16062 77
16074 78
16077 77
16125 78
16144 77
16171 76
16211 77
16214 76
16282 77
16293 76
16329 77
16399 78
16400 77
16413 76
16449 75
16463 76
16521 77
16556 78
16576 77
16641 76
16717 75
16808 76
16823 76
16827 77
16842 78
16865 77
16867 78
16911 77
16919 76
16989 77
17039 78
17066 79
17228 80
17263 79
17321 78
17341 79
17360 78
17415 77
17471 78
17551 79
17601 78
17617 77
17642 76
17689 77
17839 76
17840 77
17842 78
17869 79
17907 80
17975 79
17976 80
17993 81
18087 80
18110 81
18115 80
18117 81
18155 82
18181 81
18193 80
18253 81
18273 82
18421 81
18455 80
18463 79
18508 78
18549 79
18613 80
18637 81
18739 80
18751 81
18758 82
18761 83
18800 84
18924 83
19114 82
19130 83
19137 84
19181 83
19185 84
19194 83
19232 82
19252 81
19272 80
19361 79
19521 78
19551 77
19573 78
19575 79
19624 78
19634 77
19644 76
19677 75
19719 76
19787 76
19866 75
19869 74
19878 75
19965 76
19980 77
19998 76
20055 77
20095 78
20097 79
20242 80
20245 81
20325 82
20374 81
20381 82
20387 81
20398 82
20520 83
20619 82
20686 81
20711 82
20811 83
20966 82
20994 81
21009 80
21021 79
21113 78
21124 79
21157 80
21192 81
21197 82
21229 81
21269 80
21365 79
21516 78
21529 77
21561 78
21577 79
21578 80
21591 81
21654 82
21663 83
21846 82
21863 83
21877 84
21976 83
22009 82
22057 83
22105 82
22113 83
22224 82
22273 81
22292 82
22447 81
22457 82
22505 81
22533 80
22537 79
22587 78
22629 77
22659 78
22686 79
22772 80
22902 79
22923 78
22977 80
23005 81
23017 82
23035 81
23083 80
23088 79
23136 78
23175 79
23210 80
23254 81
23340 80
23415 81
23452 80
23458 81
23465 82
23554 81
23565 82
23586 81
23589 80
23655 79
23662 80
23770 81
23784 82
23823 83
24077 82
24089 81
24133 80
24209 79
24211 80
24215 81
24298 80
24301 79
24334 80
24405 81
24440 80
24450 79
24513 80
24548 79
24614 80
24651 81
24747 82
24873 83
24927 82
24933 81
25030 80
25046 81
25064 80
25066 79
25100 78
25160 79
25165 78
25202 77
25233 78
25238 79
25310 80
25313 81
25349 82
25419 81
25477 80
25537 79
25686 80
25772 79
25809 78
25877 77
25903 78
25944 79
25971 78
25984 79
26149 80
26202 81
26232 80
26235 81
26309 82
26329 83
26340 82
26425 83
26494 84
26578 85
26672 86
26680 85
26777 84
26881 83
26935 82
26992 81
27008 82
27046 81
27060 80
27097 81
27161 80
27238 81
27243 80
27309 79
27313 78
27314 77
27332 78
27353 77
27363 78
27370 79
27441 80
27469 79
27577 80
27613 79
27654 78
27668 77
27669 76
27692 77
27695 78
27769 79
27793 78
27808 79
27809 80
27884 81
27933 82
27996 81
28009 80
28033 81
28105 80
28121 79
28161 78
28205 77
28219 76
28294 77
28347 78
28358 79
28372 80
28381 81
28431 82
28521 81
28529 82
28539 81
28619 80
28666 79
28685 78
28729 79
28761 80
28793 79
28837 78
28872 77
28881 78
28889 77
28905 76
28937 77
29013 78
29069 77
29266 78
29301 77
29335 78
29337 79
29366 80
29459 81
29506 80
29534 79
29549 78
29605 79
29615 78
29617 77
29620 78
29636 79
29641 78
29685 77
29729 76
29881 75
29885 76
29982 77
29985 76
30021 77
30049 78
30061 79
30111 78
30124 79
30129 78
30133 79
30135 80
30189 81
30241 82
30242 81
30266 80
30309 81
30361 80
30387 79
30438 80
30597 81
30603 80
30633 79
30763 80
30802 79
30845 80
30855 79
30955 80
30989 81
31117 80
31122 79
31133 80
31185 79
31189 80
31215 81
31383 80
31393 79
31445 80
31457 79
31477 80
31486 79
31511 78
31545 79
31706 80
31743 79
31766 81
31901 82
31965 81
31966 82
32025 83
32069 82
32070 81
32089 80
32090 79
32117 78
32274 79
32322 78
32340 77
32387 76
32437 77
32546 78
32605 79
32607 78
32652 79
32685 80
32722 81
32741 82
32781 83
32785 84
32807 83
32814 82
32831 81
32833 80
32861 79
32968 78
32970 77
32978 78
32986 79
33093 78
33097 77
33101 76
33109 75
33159 74
33192 73
33228 74
33237 75
33262 76
33338 75
33356 76
33357 77
33387 78
33466 77
33495 78
33560 77
33696 76
33747 77
33780 78
33784 79
33794 80
33796 81
33849 80
33893 81
33928 80
33976 79
34039 80
34052 81
34127 82
34150 81
34166 82
34197 83
34209 82
34213 81
34342 80
34374 81
34402 80
34439 81
34442 80
34453 79
34470 80
34581 81
34670 82
34715 81
34773 81
34833 81
34870 80
35087 81
35109 80
35143 81
35170 80
35273 81
35337 82
35411 81
35474 82
35482 80
35522 79
35580 78
35650 79
35664 80
35667 81
35733 80
35741 79
35774 78
35792 79
35831 78
35870 79
35881 78
35917 79
36032 78
36037 79
36095 80
36125 79
36161 80
36191 79
36221 78
36273 79
36358 80
36359 81
36446 80
36525 79
36541 78
36604 77
36612 78
36659 79
36690 78
36797 79
36804 78
36829 77
36849 78
36859 79
36870 80
36873 81
36888 80
36895 79
36937 78
37046 77
37097 78
37166 79
37177 80
37206 81
37225 82
37242 81
37255 80
37306 79
37366 80
37394 79
37494 80
37506 81
37618 80
37641 81
37643 82
37654 81
37703 80
37804 79
37812 80
37959 81
37966 82
38049 81
38063 80
38124 79
38169 78
38243 79
38286 80
38288 81
38289 82
38366 83
38429 82
38519 81
38565 82
38617 83
38663 82
38707 81
38731 80
38749 81
38947 82
39039 83
39069 82
39094 81
39106 80
39110 79
39162 78
39163 77
39188 78
39215 79
39243 78
39250 79
39269 80
39371 79
39376 80
39414 81
39502 80
39534 79
39554 78
39632 79
39634 80
39657 79
39705 80
39801 81
39813 82
39825 81
39881 82
39924 81
39958 82
40030 81
40149 80
40266 81
40323 80
40326 81
40347 82
40411 81
40447 82
40564 81
40620 80
40646 79
40704 80
40725 79
40858 80
40909 81
40941 80
40949 81
40986 82
41002 81
41090 82
41154 81
41212 82
41232 83
41298 82
41327 83
41333 84
41502 85
41506 84
41509 83
41634 82
41712 81
41758 80
41762 79
41838 78
41854 79
41871 78
41882 77
41981 78
42055 77
42057 76
42067 77
42142 78
42177 79
42206 80
42237 79
42282 78
42366 77
42394 78
42438 77
42506 79
42508 80
42534 81
42589 80
42609 79
42613 80
42731 81
42739 82
42746 81
42791 80
42875 81
42952 80
42956 79
43082 80
43178 81
43242 80
43245 79
43316 78
43335 79
43342 80
43461 79
43500 80
43540 79
43593 80
43603 81
43626 80
43630 79
43704 80
43731 81
43762 80
43782 81
43812 82
43844 81
43857 82
43859 83
43914 82
43981 81
44071 80
44098 79
44222 80
44251 79
44285 78
44300 77
44309 76
44371 75
44384 76
44395 77
44441 78
44442 79
44454 80
44574 79
44641 78
44660 79
44702 80
44724 79
44730 80
44799 81
44866 82
44880 83
45026 82
45115 83
45194 82
45227 81
45263 82
45370 83
45424 82
45466 81
45522 82
45550 81
45582 82
45619 81
45690 82
45728 81
45751 82
45754 81
45911 80
45955 79
46004 80
46011 81
46034 82
46049 83
46082 82
46207 81
46214 82
46251 81
46339 80
46416 79
46437 78
46505 79
46587 80
46674 79
46720 80
46730 81
46734 82
46877 83
46929 84
46941 85
46950 84
47146 83
47185 82
47235 81
47261 82
47290 83
47340 82
47420 81
47431 80
47435 79
47471 80
47607 79
47615 80
47622 79
47662 78
47676 77
47682 78
47737 79
47771 78
47817 77
48010 78
48017 77
48066 76
48121 77
48154 78
48158 77
48162 78
48190 79
48192 80
48201 81
48254 80
48299 79
48357 80
48484 81
48502 80
48574 81
48590 82
48630 83
48695 82
48703 81
48734 80
48762 79
48846 79
48848 80
48896 79
48929 78
49129 77
49146 76
49152 75
49166 76
49174 75
49190 76
49330 75
49406 75
49426 76
49454 78
49473 77
49531 76
49590 77
49595 78
49597 79
49617 78
49643 79
49652 80
49779 79
49846 78
49914 76
49934 77
50008 78
50042 77
50110 78
50126 79
50127 80
50185 81
50187 82
50202 81
50222 82
50262 83
50273 82
50342 81
50429 82
50495 83
50517 82
50555 81
50609 80
50630 79
50641 78
50656 79
50657 78
50658 77
50757 76
50787 77
50809 76
50870 77
50872 76
50932 77
50956 76
51028 75
51034 76
51079 77
51198 78
51279 79
51290 78
51294 79
51302 80
51330 79
51342 78
51387 77
51389 78
51435 79
51526 80
51566 81
51575 82
51681 81
51741 80
51770 79
51790 80
51886 81
51901 80
51910 81
51914 80
51928 81
51935 82
51962 81
51982 82
51997 81
52022 82
52037 81
52058 82
52068 81
52152 80
52157 79
52224 78
52270 79
52318 80
52439 81
52459 80
52520 79
52534 80
52571 81
52583 80
52755 79
52807 80
52818 81
52882 80
52891 79
52940 80
52964 79
52966 78
53002 79
53034 78
53063 79
53123 80
53238 79
53471 80
53492 81
53507 82
53562 83
53567 84
53585 85
53713 86
53745 85
53754 86
53890 87
53938 86
54005 85
54082 84
54270 83
54283 82
54284 81
54366 80
54508 79
54603 80
54632 81
54658 80
54796 81
54817 80
55014 81
55039 80
55070 81
55166 82
55198 83
55239 83
55250 84
55343 85
55399 86
55460 85
55614 84
55636 85
55685 84
55771 85
55775 84
55858 83
55889 84
56029 85
56165 84
56213 85
56321 86
56351 85
56370 84
56374 85
56440 84
56494 83
56589 82
56590 81
56690 82
56708 81
56749 82
56754 81
56889 80
57012 79
57126 80
57170 81
57226 83
57483 82
57494 81
57542 82
57550 81
57570 82
57602 83
57656 82
57674 83
57765 84
57829 83
57927 84
57943 83
57967 82
58075 81
58078 80
58101 81
58158 82
58180 81
58238 80
58276 79
58402 80
58424 81
58434 82
58527 81
58530 80
58802 79
58814 78
58862 79
58890 80
58892 79
58939 78
58994 79
59022 78
59066 79
59094 78
59184 79
59195 78
59237 79
59308 80
59309 81
59355 80
59380 81
59450 82
59517 83
59544 84
59563 82
59568 81
59619 80
59738 79
59862 80
59938 79
60002 80
60050 78
60054 79
60144 78
60162 79
60176 80
60200 81
60298 80
60312 81
60342 82
60379 81
60462 80
60618 81
60630 82
60651 83
60670 82
60674 83
60678 82
60790 81
60817 80
60878 81
60907 82
60968 81
61013 80
61038 79
61054 80
61214 79
61243 78
61272 77
61338 76
61372 77
61386 78
61418 77
61454 78
61644 79
61684 80
61730 81
61782 80
61874 79
61882 78
61896 79
61946 78
61967 79
61989 80
61998 79
62065 80
62072 81
62103 82
62104 83
62154 82
62216 81
62525 80
62567 81
62594 82
62660 81
62670 82
62731 81
62762 82
62862 81
62995 82
63127 83
63241 82
63263 81
63349 80
63433 81
63446 82
63694 81
63789 82
63807 83
63894 82
63927 83
64006 82
64010 81
64072 80
64106 81
64162 82
64170 81
64245 82
64305 81
64308 82
64387 81
64487 80
64566 79
64679 80
64682 79
64710 80
64754 81
64922 80
64928 79
64930 78
64996 79
65047 78
65088 79
65118 78
65121 77
65138 78
65172 77
65176 78
65277 79
65379 80
65455 81
65494 80
65518 81
65663 82
65808 83
65860 82
65869 83
65870 82
65921 81
65925 80
65950 79
66196 80
66202 79
66258 80
66284 79
66325 78
66382 77
66398 79
66448 78
66489 77
66522 76
66548 77
66603 76
66604 77
66674 78
66730 79
66782 80
66847 81
66860 80
66882 81
67020 82
67031 83
67115 82
67148 81
67172 82
67194 83
67195 84
67198 85
67207 84
67342 83
67350 82
67353 81
67462 80
67476 79
67497 80
67593 79
67653 80
67700 79
67718 78
67878 77
67897 78
67907 79
67915 78
67938 79
67969 80
67976 81
68060 82
68098 81
68194 80
68246 79
68282 80
68304 81
68347 80
68381 79
68400 78
68509 77
68522 76
68525 75
68629 76
68694 77
68719 79
68779 80
68791 81
68820 80
68826 79
68836 78
68980 79
68995 80
69058 79
69102 80
69194 79
69211 80
69240 81
69256 80
69257 81
69363 80
69451 79
69458 78
69462 79
69570 80
69571 79
69579 78
69593 79
69614 80
69692 79
69895 78
69920 79
69970 80
69971 81
70017 82
70025 83
70054 84
70232 83
70247 82
70300 81
70480 80
70516 81
70534 82
70570 81
70584 82
70627 83
70667 82
70678 81
70698 82
70700 81
70734 80
70759 79
70834 78
70877 77
70881 76
70910 75
70954 74
70978 73
70987 72
71026 73
71039 72
71043 73
71109 74
71205 73
71282 72
71406 71
71418 71
71434 72
71466 73
71494 74
71508 75
71578 76
71581 77
71582 78
71583 79
71586 78
71590 79
71612 78
71640 79
71679 80
71688 81
71802 80
71888 81
71977 80
72018 81
72064 80
72122 81
72135 82
72166 83
72168 82
72292 81
72372 80
72390 79
72442 80
72468 81
72476 80
72503 81
72550 82
72578 83
72644 84
72653 85
72682 84
72748 83
72865 82
72887 81
72910 80
72939 81
72959 80
73052 79
73070 78
73094 77
73120 76
73122 75
73130 76
73140 77
73142 78
73166 77
73185 76
73283 75
73287 76
73337 75
73354 74
73396 75
73450 76
73473 75
73487 76
73498 77
73518 78
73521 77
73533 78
73547 79
73629 78
73698 77
73706 78
73774 79
73810 78
73822 77
73862 78
73874 79
73929 78
73953 79
73966 80
74009 79
74014 78
74016 77
74093 78
74107 79
74110 80
74230 81
74288 80
74316 79
74322 80
74440 79
74464 80
74526 81
74551 80
74610 81
74631 82
74686 81
74694 80
74702 81
74768 80
74773 82
74774 81
74818 80
74856 81
74922 80
74933 79
74998 80
75117 79
75130 78
75136 79
75155 80
75170 79
75283 80
75296 79
75346 78
75415 77
75419 76
75422 77
75513 76
75574 77
75629 76
75675 77
75706 76
75744 77
75749 78
75775 79
75853 80
75872 79
75880 78
75890 79
75977 80
76011 81
76025 80
76034 79
76078 80
76135 79
76190 80
76276 81
76281 80
76312 81
76395 80
76437 81
76449 80
76532 79
76583 80
76610 79
76672 80
76692 81
76709 82
76771 81
76775 82
76822 83
76825 82
76918 83
77009 82
77041 83
77043 82
77079 83
77147 84
77270 83
77295 84
77347 83
77422 82
77457 83
77488 82
77509 83
77568 82
77626 81
77722 80
77888 79
77900 80
77937 79
77951 80
77974 81
78082 80
78101 79
78114 80
78207 81
78251 80
78266 79
78458 80
78484 81
78538 82
78608 81
78636 80
78637 79
78760 78
78788 77
78798 78
78834 77
78903 76
78920 77
78966 76
79079 77
79083 78
79123 79
79132 78
79136 77
79161 78
79164 79
79171 78
79183 77
79198 78
79211 79
79217 78
79394 79
79414 78
79438 77
79458 76
79523 77
79540 76
79593 75
79598 76
79618 77
79703 76
79737 75
79763 76
79800 75
79814 76
79842 77
79875 78
79890 79
79898 80
79906 79
79936 80
80006 81
80015 80
80050 81
80079 82
80130 83
80186 82
80294 83
80328 82
80329 81
80351 80
80409 81
80550 80
80661 82
80711 83
80810 84
80851 83
80908 84
81060 83
81076 84
81136 83
81140 82
81218 83
81239 82
81298 83
81354 82
81396 81
81398 80
81409 81
81439 80
81443 81
81514 80
81594 79
81597 78
81602 79
81635 78
81719 77
81791 76
81873 75
81899 76
81961 75
81966 74
81974 75
81992 76
82008 75
82042 74
82066 75
82085 74
82108 75
82109 76
82144 77
82149 76
82216 77
82252 76
82308 77
82350 78
82378 79
82414 80
82428 81
82527 82
82542 81
82554 80
82563 81
82628 82
82634 83
82649 82
82764 81
82769 80
82788 79
82802 80
82836 81
82926 80
83014 81
83108 80
83243 79
83346 80
83395 79
83441 80
83512 81
83575 82
83590 83
83735 82
83751 81
83768 82
83787 83
83870 82
83952 81
83989 80
84026 78
84036 77
84058 78
84064 79
84215 80
84218 78
84234 79
84260 80
84294 79
84400 78
84403 79
84438 78
84481 79
84532 78
84557 77
84662 79
84690 80
84718 81
84848 82
84870 83
84879 84
85146 85
85196 84
85350 83
85370 82
85404 81
85446 82
85473 83
85518 82
85610 81
85631 82
85719 81
85848 80
85849 81
85874 80
85883 79
85898 80
85916 81
85926 82
86057 83
86121 84
86213 83
86303 82
86336 83
86357 82
86400 83
86401 82
86413 81
86457 80
86477 79
86537 78
86627 79
86690 78
86703 79
86707 80
86796 81
86854 80
86920 81
86968 82
87046 81
87083 82
87092 81
87125 82
87169 83
87189 82
87258 83
87286 84
87323 83
87512 82
87578 81
87638 80
87691 79
87733 78
87761 79
87834 80
87875 81
87889 82
87910 83
87972 84
88007 83
88022 82
88032 81
88082 82
88089 83
88196 84
88267 83
88288 82
88366 81
88479 82
88481 81
88548 82
88562 81
88622 80
88768 79
88781 80
88931 79
89011 79
89055 80
89082 79
89151 78
89163 79
89216 78
89286 79
89295 80
89316 79
89321 80
89365 79
89424 78
89437 79
89504 78
89596 77
89698 78
89718 79
89758 80
89906 81
90044 82
90091 83
90101 82
90158 83
90177 82
90190 81
90252 82
90281 83
90298 82
90328 81
90330 79
90372 80
90408 79
90444 80
90504 79
90562 78
90635 77
90727 78
90746 79
90851 78
90870 79
90965 80
90982 81
91001 80
91034 81
91037 82
91061 83
91082 82
91128 82
91130 83
91303 84
91313 85
91347 86
91364 85
91410 84
91440 83
91442 82
91510 81
91655 82
91679 83
91703 82
91705 81
91754 80
91825 79
91826 78
92102 77
92118 78
92214 79
92332 78
92366 79
92375 80
92400 79
92418 78
92468 79
92586 80
92653 81
92676 82
92700 81
92716 82
92748 81
92749 82
92752 81
92753 80
92789 81
92840 80
92845 79
92852 78
92889 79
92965 78
93006 77
93015 76
93033 75
93036 76
93293 77
93310 78
93342 79
93493 80
93532 81
93593 82
93655 83
93659 84
93666 83
93691 82
93754 81
93808 82
93831 81
93845 80
93905 81
93957 82
94070 81
94182 82
94227 83
94244 82
94317 81
94366 80
94406 79
94532 80
94559 79
94620 80
94622 79
94642 80
94667 79
94706 78
94756 79
94762 80
94801 79
94833 80
94926 79
94928 78
95039 77
95054 76
95065 75
95075 76
95078 75
95119 76
95141 77
95150 76
95228 77
95230 76
95304 75
95305 76
95360 75
95388 76
95405 77
95430 78
95435 77
95463 78
95610 79
95618 78
95672 77
95700 78
95723 77
95769 78
95853 79
95860 78
95914 79
95924 80
96055 79
96118 80
96126 79
96137 78
96139 77
96154 76
96165 75
96178 74
96210 75
96226 76
96274 75
96277 74
96279 75
96389 76
96390 77
96406 78
96424 77
96425 78
96442 77
96464 76
96471 77
96514 78
96551 77
96630 76
96650 77
96687 76
96771 77
96790 78
96870 79
96897 80
96926 81
97002 80
97004 79
97017 78
97027 77
97034 78
97063 77
97141 78
97154 77
97173 78
97183 79
97234 78
97239 77
97267 78
97332 77
97461 78
97478 79
97482 78
97510 77
97566 76
97602 77
97640 78
97661 77
97691 76
97727 75
97738 76
97754 77
97786 76
97859 75
97862 76
97885 75
97950 76
98014 77
98081 78
98094 79
98098 80
98125 79
98134 79
98165 78
98247 79
98306 78
98360 79
98362 78
98427 79
98436 80
98451 81
98498 80
98507 81
98512 82
98568 83
98570 82
98639 81
98666 82
98702 81
98722 80
98811 79
98822 80
98858 79
98859 78
98870 77
98880 76
98882 75
99017 74
99122 75
99150 74
99180 75
99192 76
99198 75
99209 76
99217 77
99302 78
99316 79
99322 78
99326 79
99370 80
99386 81
99482 80
99483 79
99495 80
99529 81
99578 82
99597 83
99603 82
99605 81
99615 80
99751 81
99800 80
99807 79
99881 80
99882 79
99894 78
99959 79
99962 80
99970 79
99994 78
99996 79
100008 78
100073 79
100086 80
100133 79
100149 80
100168 78
100182 77
100202 76
100226 77
100268 78
100342 77
100359 78
100398 77
100454 78
100460 77
100576 78
100634 79
100701 80
100710 79
100730 78
100743 79
100745 80
100898 81
100943 80
100998 79
101086 78
101089 79
101102 80
101111 81
101125 80
101227 81
101278 82
101318 81
101360 82
101380 83
101459 82
101515 81
101579 82
101644 83
101771 82
101782 83
101822 82
101868 81
101878 80
101887 79
101890 78
101905 79
101948 78
101981 77
102066 78
102286 79
102292 80
102328 81
102369 80
102415 79
102467 80
102488 79
102514 80
102535 81
102559 82
102569 81
102590 80
102635 81
102636 82
102694 81
102720 82
102748 81
102819 80
102887 81
102894 80
102962 81
102980 80
103051 81
103085 80
103093 79
103270 80
103278 79
103306 78
103369 77
103405 76
103460 75
103507 74
103513 73
103517 72
103530 73
103543 72
103552 73
103554 74
103559 75
103641 76
103685 75
103698 76
103707 77
103727 78
103746 79
103786 78
103787 77
103846 78
104033 79
104038 80
104060 79
104071 78
104080 79
104094 80
104283 79
104298 80
104372 81
104379 80
104418 79
104424 80
104450 81
104467 82
104486 81
104548 80
104562 79
104611 78
104632 79
104664 78
104698 79
104845 78
104850 77
104903 78
104998 79
105009 78
105027 79
105036 80
105058 81
105126 82
105129 81
105167 80
105178 81
105221 80
105227 79
105273 78
105318 79
105354 78
105376 79
105408 78
105410 77
105450 76
105495 75
105509 74
105510 75
105552 74
105570 73
105607 75
105608 76
105750 75
105779 74
105810 75
105890 74
105951 73
105981 74
106004 75
106010 74
106044 75
106093 76
106099 77
106111 78
106163 77
106168 78
106220 79
106243 78
106257 79
106274 78
106358 79
106374 80
106451 79
106476 80
106491 79
106577 80
106595 81
106600 80
106656 79
106662 78
106667 77
106686 76
106689 77
106718 78
106721 79
106736 80
106787 82
106896 81
106914 82
107043 81
107065 80
107144 81
107201 80
107304 81
107310 80
107426 79
107428 80
107430 81
107438 80
107466 79
107468 80
107539 79
107564 80
107637 81
107724 80
107890 81
107910 82
108122 83
108127 81
108177 80
108201 79
108316 80
108367 81
108422 82
108429 83
108542 84
108648 85
108649 86
108679 87
108695 86
108765 87
108799 86
108885 85
108897 84
108902 83
108910 82
108943 81
109114 80
109162 79
109202 80
109210 79
109229 80
109269 81
109306 80
109322 79
109407 80
109499 79
109579 80
109586 81
109763 80
109765 81
109814 82
109841 83
109859 82
109931 83
109947 82
109950 81
109957 82
109982 81
110007 80
110095 81
110152 82
110236 81
110266 80
110272 79
110335 80
110354 79
110424 78
110425 79
110491 80
110604 81
110652 80
110760 81
110763 79
110823 80
110874 79
110879 80
110880 79
111018 80
111111 81
111148 80
111260 81
111294 82
111303 81
111318 82
111351 81
111382 80
111399 81
111465 80
111611 79
111635 80
111641 81
111829 82
111835 81
111860 82
111880 81
112027 82
112055 83
112056 84
112069 83
112097 82
112163 81
112265 82
112323 83
112382 82
112581 81
112610 79
112659 78
112679 79
112696 78
112727 77
112747 76
112777 75
112895 76
112913 77
113087 78
113088 79
113102 80
113162 81
113255 82
113279 81
113285 82
113358 81
113427 80
113454 79
113486 80
113535 79
113538 78
113541 77
113553 78
113556 79
113614 78
113673 77
113687 76
113703 77
113751 78
113804 79
113970 80
114043 81
114063 80
114143 79
114221 78
114259 77
114311 78
114407 79
114462 80
114568 79
114636 78
114645 77
114665 76
114667 77
114681 78
114706 79
114731 80
114852 79
114859 80
114863 81
114867 80
114908 81
114926 82
114979 83
114995 84
115171 82
115205 83
115223 84
115255 83
115283 82
115287 81
115308 80
115344 81
115353 82
115371 83
115441 84
115482 83
115495 84
115546 83
115583 82
115608 81
115659 80
115684 81
115765 80
115843 81
115903 80
115929 81
115955 80
116020 81
116024 82
116028 83
116126 82
116128 81
116145 80
116150 81
116199 80
116215 79
116230 80
116248 79
116269 78
116283 77
116343 78
116439 79
116476 80
116616 78
116662 77
116811 78
116907 79
116991 80
117004 81
117028 82
117091 81
117155 82
117162 81
117177 80
117331 81
117380 82
117396 81
117465 80
117467 79
117551 78
117593 77
117622 78
117625 79
117659 78
117722 77
117728 75
117767 74
117769 73
117845 74
117894 75
117954 76
117974 78
117982 77
117991 76
117996 75
118087 76
118152 77
118160 78
118166 77
118211 78
118221 79
118227 80
118275 79
118307 80
118319 79
118325 77
118328 76
118334 75
118355 73
118396 74
118403 75
118603 74
118639 75
118716 74
118733 75
118763 76
118841 75
118865 76
118914 77
118938 78
118946 79
118984 80
119061 81
119120 82
119131 83
119198 84
119251 83
119254 84
119261 83
119300 84
119347 83
119370 82
119395 83
119464 82
119492 81
119511 80
119539 79
119548 77
119550 78
119579 77
119587 78
119719 77
119740 76
119929 75
119952 74
119953 73
119983 74
120106 75
120107 76
120164 77
120191 79
120243 80
120311 81
120382 80
120384 81
120439 82
120517 81
120568 79
120589 80
120616 81
120635 80
120668 81
120676 82
120773 81
120775 80
120845 79
120853 78
120886 77
120996 78
121066 77
121103 75
121112 75
121154 76
121223 77
121311 76
121329 77
121334 76
121381 77
121383 78
121417 77
121434 78
121443 79
121479 80
121486 79
121503 78
121527 79
121597 78
121648 77
121683 76
121719 77
121823 78
121847 77
121861 76
121874 77
121876 78
121923 79
122051 78
122118 77
122181 78
122193 79
122203 78
122258 77
122281 76
122359 77
122366 76
122447 77
122492 78
122554 79
122569 79
122626 78
122639 79
122648 80
122656 81
122680 82
122695 81
122762 80
122770 81
122798 80
122815 79
122852 78
122880 79
122905 78
122959 77
122960 76
123118 75
123143 76
123175 75
123192 74
123210 73
123212 74
123242 75
123262 76
123313 77
123317 76
123350 77
123371 76
123375 77
123546 76
123656 75
123715 76
123717 77
123786 78
123817 79
123923 80
123964 81
123967 82
123972 84
123983 83
124071 82
124109 81
124115 82
124150 81
124161 82
124324 83
124331 82
124571 83
124573 84
124578 83
124586 84
124681 83
124703 82
124771 83
124874 82
124992 83
125075 82
125078 83
125098 82
125104 83
125149 82
125150 81
125183 80
125218 79
125226 78
125240 77
125357 78
125362 79
125417 80
125419 81
125493 80
125574 81
125576 82
125578 81
125587 82
125651 81
125667 80
125682 79
125827 78
125846 79
125884 78
125961 79
125969 80
125977 79
125999 80
126036 79
126059 78
126117 79
126216 78
126263 79
126285 80
126295 79
126308 78
126425 77
126540 78
126550 79
126559 80
126575 81
126622 80
126627 81
126664 82
126667 81
126671 82
126674 83
126708 82
126747 81
126794 80
126875 82
126950 83
126963 82
127164 83
127241 82
127249 81
127250 82
127313 81
127317 80
127327 81
127407 80
127424 79
127509 80
127523 81
127558 80
127572 81
127697 80
127741 79
127744 80
127822 81
127906 82
127913 81
127935 80
127986 79
128003 78
128085 79
128087 80
128152 81
128233 80
128253 81
128276 80
128287 79
128414 80
128415 81
128448 80
128450 81
128492 82
128497 83
128519 82
128647 83
128735 83
128813 82
128878 83
129004 82
129040 81
129057 82
129060 83
129228 82
129303 81
129387 82
129400 81
129470 80
129483 79
129492 80
129513 81
129520 80
129535 79
129680 78
129743 77
129754 78
129849 77
129929 76
129973 75
129989 76
130003 75
130006 74
130015 73
130043 72
130075 73
130111 72
130184 73
130232 72
130244 74
130250 75
130267 76
130269 75
130296 76
130323 77
130375 76
130407 77
130459 76
130543 77
130557 78
130559 78
130568 79
130578 80
130585 79
130694 80
130779 81
130797 82
130805 83
130873 82
130881 81
130899 82
130903 83
130906 84
130923 83
130935 82
130955 83
130961 82
131042 81
131078 80
131111 81
131155 80
131241 81
131311 82
131375 81
131406 82
131413 81
131463 82
131487 81
131489 80
131586 81
131595 80
131671 79
131696 78
131699 77
131741 76
131750 77
131751 78
131807 79
131809 78
131839 79
131891 78
131951 77
131983 76
132065 75
132067 76
132079 77
132083 78
132190 77
132204 78
132258 79
132289 80
132319 79
132322 80
132333 81
132355 80
132449 79
132462 80
132464 81
132591 82
132599 81
132603 82
132605 81
132763 82
132775 81
132777 82
132803 81
132813 80
132931 79
132953 78
132958 79
132983 78
133015 79
133131 80
133180 79
133273 78
133288 79
133313 80
133339 79
133370 80
133375 81
133427 82
133457 81
133462 80
133467 81
133475 80
133491 79
133545 78
133550 77
133563 78
133571 79
133591 78
133743 79
133791 78
133798 79
133891 80
133972 81
133975 82
133984 83
134291 84
134355 85
134415 84
134589 83
134615 82
134618 83
134705 82
134716 83
134727 82
134760 83
134819 82
135035 83
135114 84
135154 83
135204 82
135215 83
135267 84
135325 83
135377 84
135528 83
135559 82
135563 81
135589 80
135650 81
135703 80
135819 81
135828 80
135913 79
135935 78
135950 79
135955 78
135973 77
136103 78
136142 76
136149 77
136186 76
136244 77
136304 76
136325 77
136376 78
136464 79
136475 80
136531 81
136540 82
136561 83
136587 82
136650 81
136785 82
136799 81
136833 80
136863 81
136923 80
136924 81
136937 82
137006 81
137034 82
137047 81
137081 80
137084 79
137097 78
137112 79
137183 78
137251 77
137260 78
137300 77
137339 78
137342 79
137539 78
137550 77
137623 76
137646 77
137659 78
137716 79
137751 80
137813 81
137817 80
137827 79
137832 80
137892 79
137913 80
137920 79
137947 78
138000 80
138006 79
138026 80
138048 79
138069 80
138165 81
138230 80
138257 81
138281 80
138346 79
138369 78
138399 79
138421 80
138465 81
138494 82
138532 80
138536 79
138588 80
138695 82
138941 81
138943 80
138982 81
139104 80
139114 79
139133 80
139139 81
139163 80
139263 81
139455 82
139480 81
139573 80
139624 81
139652 80
139714 81
139719 82
139755 81
139770 82
139894 81
139948 82
140015 80
140132 79
140220 78
140226 79
140227 80
140232 81
140252 80
140280 79
140371 80
140401 81
140583 82
140595 81
140596 80
140603 79
140634 80
140661 79
140662 80
140755 79
140830 78
140836 77
140841 78
140911 79
140954 78
140967 77
140993 78
141007 79
141028 78
141135 77
141187 78
141315 79
141358 78
141370 76
141381 75
141436 76
141442 77
141451 78
141539 77
141541 76
141563 75
141572 76
141646 77
141678 78
141690 77
141739 78
141756 79
141775 80
141777 79
141811 80
141860 81
141927 82
141943 83
141967 82
142032 83
142099 82
142203 81
142251 80
142255 81
142310 82
142338 83
142506 84
142525 85
142543 86
142611 85
142615 86
142838 87
143007 86
143039 85
143053 84
143061 83
143166 84
143188 83
143198 82
143368 83
143376 82
143458 81
143583 80
143613 81
143675 82
143698 83
143733 82
143903 81
143957 82
143962 81
143963 80
143967 79
143978 78
144046 77
144096 78
144105 79
144138 80
144219 81
144221 82
144298 81
144316 82
144379 81
144422 80
144537 81
144682 80
144710 81
144726 82
144762 83
144783 84
144793 83
144833 82
144835 81
144922 82
144946 83
144952 84
145046 83
145092 82
145143 83
145263 82
145279 83
145328 84
145335 83
145364 82
145410 81
145444 82
145511 81
145715 82
145791 83
145806 82
145807 81
145837 80
145924 81
146012 80
146022 79
146027 80
146048 81
146077 80
146084 79
146111 78
146229 79
146238 80
146300 81
146315 80
146316 79
146333 78
146458 80
146478 79
146563 78
146589 77
146593 76
146605 75
146747 76
146787 77
146891 76
146895 75
146943 76
146952 77
146956 76
146988 77
147023 78
147119 79
147127 78
147257 79
147273 80
147275 81
147277 80
147417 81
147439 82
147454 83
147479 84
147539 83
147564 82
147611 83
147707 84
147710 85
147910 86
147948 85
148012 84
148191 85
148193 84
148242 83
148248 84
148411 83
148443 82
148539 81
148548 80
148622 81
148691 80
148754 79
148780 77
148792 78
148793 79
148819 80
148831 79
148898 78
148909 77
148957 78
148971 79
149067 80
149127 81
149275 82
149398 83
149407 84
149423 85
149449 86
149651 85
149664 84
149736 83
149789 84
149826 83
149879 84
149896 83
149929 84
150135 83
150260 84
150326 83
150366 84
150395 83
150467 82
150479 83
150545 82
150687 83
150741 84
150848 83
150866 84
150892 83
150987 82
151006 81
151119 82
151147 81
151193 80
151302 79
151312 80
151385 81
151386 80
151439 79
151548 80
151580 81
151742 80
151763 79
151764 78
151909 79
151910 80
151911 81
151928 82
151944 83
151945 82
152042 81
152123 80
152156 81
152247 80
152361 81
152387 80
152459 81
152533 82
152551 81
152583 82
152647 80
152656 81
152710 80
152830 81
152871 82
152886 83
153059 82
153188 83
153243 84
153283 85
153293 84
153328 83
153337 82
153363 80
153503 81
153627 83
153638 82
153778 83
153814 84
153861 85
153944 84
154008 83
154031 82
154090 83
154212 82
154239 81
154264 82
154279 81
154327 82
154336 81
154391 80
154402 79
154479 78
154498 77
154499 76
154555 75
154557 76
154567 75
154598 76
154613 77
154631 78
154707 77
154712 76
154767 78
154798 79
154840 80
154843 79
154880 80
154930 81
154975 82
155040 83
155089 82
155122 81
155195 82
155271 81
155352 80
155358 81
155425 82
155446 81
155450 80
155478 79
155520 78
155563 80
155632 79
155679 80
155685 81
155695 80
155799 81
155882 80
155918 79
155925 80
155955 79
155962 78
156093 77
156105 76
156126 77
156175 76
156258 77
156261 78
156312 77
156327 78
156429 77
156434 78
156499 79
156520 80
156535 81
156536 82
156653 81
156771 82
156773 83
156853 82
156875 81
156876 82
156929 81
156935 82
157049 83
157092 84
157172 83
157223 82
157227 83
157285 84
157312 83
157314 82
157342 81
157413 80
157427 79
157444 78
157486 77
157503 78
157523 77
157579 76
157617 75
157669 76
157735 75
157740 74
157776 75
157796 74
157804 73
157811 72
157984 73
158016 74
158027 75
158028 76
158030 77
158103 78
158167 77
158178 78
158225 79
158273 80
158289 79
158323 80
158378 81
158396 80
158421 79
158468 78
158473 77
158509 76
158532 77
158582 78
158613 79
158651 80
158680 81
158705 80
158731 79
158741 78
158751 79
158791 78
158804 79
158935 78
158967 79
159012 78
159060 77
159172 76
159176 77
159214 78
159282 77
159297 78
159406 79
159410 78
159434 79
159451 78
159471 77
159479 78
159533 77
159548 78
159603 79
159621 78
159635 77
159653 76
159764 77
159777 78
159807 79
159857 80
159920 81
159957 80
160064 81
160082 82
160119 81
160135 82
160153 83
160177 82
160196 81
160219 80
160278 79
160322 80
160631 81
160715 82
160763 81
160775 80
160777 79
160783 80
160829 79
160836 80
160848 81
160896 80
160942 79
160945 80
160972 81
161035 80
161036 81
161115 80
161135 79
161283 78
161319 79
161321 80
161325 79
161337 80
161372 81
161374 82
161414 83
161563 84
161629 85
161641 86
161753 85
161805 84
161875 83
161918 84
161941 83
161957 82
161993 83
162039 82
162099 81
162259 79
162283 80
162347 81
162359 82
162423 81
162517 80
162535 79
162609 80
162663 81
162703 82
162775 81
162787 80
162799 81
162825 80
162920 79
162923 78
162987 77
162994 76
163038 77
163252 78
163257 79
163274 78
163311 79
163340 78
163364 79
163521 80
163539 79
163563 78
163629 79
163630 80
163650 79
163696 80
163717 81
163719 80
163764 81
163817 82
163823 81
163994 80
164131 81
164164 82
164214 83
164265 82
164283 83
164345 82
164435 83
164447 84
164532 83
164710 84
164750 85
164771 84
164833 83
164855 82
164951 83
165019 82
165161 81
165172 82
165231 84
165279 85
165363 84
165460 83
165461 82
165597 81
165650 80
165699 81
165719 80
165770 79
165848 78
165863 79
165876 78
165974 77
165975 76
166026 75
166096 76
166159 75
166232 74
166235 75
166241 74
166265 73
166309 72
166325 73
166359 74
166360 73
166398 74
166405 75
166418 76
166448 75
166455 76
166488 77
166507 78
166531 77
166551 78
166635 77
166659 78
166757 77
166803 78
166815 79
166837 80
166847 79
166871 80
166895 81
166899 80
166900 79
166995 80
167036 81
167079 79
167107 78
167263 79
167311 78
167384 79
167394 80
167471 81
167489 80
167504 79
167512 78
167523 79
167537 78
167564 79
167569 80
167665 81
167703 82
167883 83
168015 82
168025 81
168027 80
168036 79
168051 80
168070 79
168093 80
168094 79
168097 78
168190 77
168191 76
168227 75
168269 76
168295 77
168391 78
168413 77
168457 78
168507 77
168514 78
168561 77
168567 78
168720 79
168748 80
168786 81
168812 80
168829 81
168862 80
168891 81
168902 80
168963 81
169049 82
169127 81
169141 82
169146 81
169199 82
169274 83
169304 84
169339 85
169359 84
169473 83
169543 82
169577 81
169633 80
169635 79
169789 78
169867 77
169899 78
169927 77
169943 78
169975 79
169977 80
169995 81
170150 82
170243 83
170319 82
170328 83
170347 82
170354 83
170377 82
170455 81
170535 80
170555 81
170612 80
170663 79
170682 81
170704 80
170775 81
170787 80
170789 79
170805 80
170814 79
170953 78
170997 79
171090 78
171123 79
171145 78
171151 77
171207 76
171228 77
171259 78
171267 77
171275 78
171331 79
171353 78
171373 79
171395 80
171454 81
171643 82
171719 81
171761 80
171771 79
171790 78
171791 77
171820 76
171899 75
171929 74
171995 73
172000 74
172049 75
172097 76
172108 77
172115 78
172227 77
172324 78
172395 79
172474 80
172483 81
172484 82
172501 83
172524 82
172546 83
172561 82
172605 81
172659 82
172717 83
172875 84
172919 85
173044 84
173098 85
173107 84
173108 85
173224 84
173303 83
173322 82
173352 81
173353 80
173384 79
173387 78
173426 79
173491 78
173606 79
173723 80
173749 81
173759 82
173793 81
173846 82
173957 81
173958 80
173993 79
174057 80
174069 79
174178 78
174191 77
174255 78
174303 79
174356 80
174358 81
174391 82
174503 81
174641 82
174688 81
174690 82
174703 81
174759 82
174812 80
174941 81
174992 82
175101 81
175103 80
175125 81
175162 80
175169 79
175187 80
175446 79
175463 80
175476 79
175537 78
175577 77
175597 78
175611 79
175619 78
175736 79
175820 80
175851 79
175884 78
175905 77
175907 78
175969 77
175981 78
176028 79
176114 80
176135 81
176190 80
176218 79
176255 78
176266 77
176293 76
176318 77
176347 76
176351 77
176354 78
176403 77
176523 76
176558 75
176627 74
176642 75
176645 74
176671 75
176672 76
176683 77
176776 76
176791 77
176823 76
176831 75
176947 74
177027 75
177056 76
177102 75
177131 76
177134 75
177135 76
177140 77
177187 76
177232 77
177300 78
177303 79
177326 78
177364 77
177373 78
177403 79
177427 80
177437 79
177440 80
177460 81
177520 82
177523 83
177584 82
177629 83
177681 82
177725 83
177752 82
177802 81
177840 82
177940 81
177947 82
178001 83
178003 82
178024 81
178026 82
178119 81
178133 80
178204 79
178256 78
178326 79
178332 80
178400 79
178443 78
178494 77
178532 76
178576 77
178734 78
178800 79
178830 80
178914 79
178917 78
178932 77
178949 76
179004 77
179058 78
179081 79
179087 78
179177 77
179212 78
179216 79
179219 80
179246 81
179265 82
179316 81
179318 80
179363 81
179384 80
179437 81
179458 82
179471 83
179512 84
179551 83
179596 84
179687 85
179740 84
179908 85
179944 84
179963 83
179981 82
179987 81
180031 80
180253 79
180348 78
180378 79
180422 80
180463 79
180540 78
180573 79
180640 80
180648 79
180660 78
180673 77
180680 78
180710 79
180720 80
180772 79
180800 78
180801 77
180868 76
180963 75
180985 76
181023 75
181036 77
181042 78
181050 77
181109 78
181148 79
181232 80
181273 79