0 71
20 72
65 73
79 72
85 71
88 70
114 71
139 70
148 69
151 70
152 71
153 69
155 68
170 68
171 67
274 66
278 67
279 68
290 67
319 66
334 67
372 68
408 68
416 67
417 68
440 69
471 70
493 71
501 70
507 69
515 70
554 71
575 72
579 71
586 71
617 72
618 71
656 70
669 71
754 72
772 73
779 72
809 73
816 72
829 71
857 72
862 73
875 74
890 75
892 74
902 73
934 74
974 75
1041 74
1106 75
1131 76
1225 77
1255 78
1267 77
1270 76
1307 75
1312 74
1317 75
1345 74
1373 75
1401 74
1418 75
1422 74
1449 75
1471 76
1563 75
1571 76
1584 77
1599 78
1625 79
1640 78
1649 79
1706 80
1716 79
1724 80
1751 81
1779 80
1792 81
1799 81
1852 80
1856 81
1861 80
1892 79
1922 80
2044 79
2112 80
2119 79
2134 78
2151 77
2160 78
2252 79
2268 80
2275 81
2279 82
2303 81
2314 80
2352 81
2491 80
2516 82
2517 83
2539 82
2541 80
2542 79
2544 78
2627 77
2748 76
2755 75
2758 74
2803 73
2842 72
2895 71
2900 70
2939 71
2952 71
2954 72
2960 71
3035 72
3092 71
3094 70
3172 69
3183 70
3185 71
3188 72
3204 73
3213 74
3264 73
3283 74
3330 75
3344 74
3402 75
3540 76
3561 77
3581 76
3588 77
3596 76
3604 75
3605 76
3609 74
3643 73
3645 74
3681 75
3687 74
3695 73
3700 72
3747 73
3768 74
3779 75
3795 76
3811 75
3846 76
3853 75
3863 74
3869 75
3870 74
3879 74
3883 73
3884 72
3885 72
3886 73
3910 72
3979 73
4057 72
4059 72
4060 71
4068 70
4157 69
4162 70
4218 71
4220 72
4256 73
4264 73
4283 74
4344 75
4383 74
4440 75
4452 76
4495 77
4536 78
4544 77
4548 78
4572 77
4598 78
4608 77
4615 76
4664 77
4667 76
4838 78
4841 77
4847 76
4884 75
4928 74
4931 75
4935 74
4936 73
4973 72
5125 73
5134 70
5193 71
5196 70
5223 71
5228 70
5229 69
5234 68
5238 67
5239 66
5256 67
5259 66
5273 60
5318 61
5345 62
5356 63
5381 64
5390 65
5446 66
5484 67
5494 66
5524 67
5564 68
5568 67
5573 66
5574 65
5577 66
5594 65
5597 66
5600 65
5605 66
5617 67
5632 68
5643 68
5648 69
5657 66
5665 65
5763 66
5792 64
5806 63
5817 64
5819 63
5820 62
5830 61
5847 62
5852 63
5855 63
5863 62
5866 61
5868 59
5873 60
5892 61
5904 62
5913 56
5978 55
6040 56
6046 57
6048 56
6049 57
6062 58
6066 57
6076 57
6094 58
6114 59
6123 60
6142 59
6168 60
6173 57
6211 58
6213 59
6216 59
6223 58
6238 59
6247 60
6258 59
6263 58
6265 57
6266 58
6268 59
6269 58
6273 57
6280 58
6288 59
6289 60
6292 59
6303 58
6339 59
6344 60
6374 59
6442 60
6497 59
6521 60
6557 59
6568 60
6576 61
6622 63
6672 64
6716 63
6723 64
6725 65
6747 66
6796 67
6841 69
6847 68
6852 69
6863 68
6899 69
6935 70
7004 71
7013 70
7022 69
7025 68
7049 69
7061 70
7069 71
7086 72
7095 73
7179 74
7189 73
7242 74
7268 75
7277 77
7293 78
7310 77
7312 78
7320 79
7364 80
7394 81
7413 80
7436 79
7492 78
7569 79
7621 80
7684 79
7691 80
7716 79
7720 78
7757 77
7761 76
7763 77
7769 76
7781 75
7797 76
7848 75
7898 76
7978 77
8040 78
8059 79
8083 78
8097 77
8123 76
8129 75
8177 76
8182 75
8225 76
8233 75
8261 76
8304 75
8311 76
8328 75
8344 74
8349 73
8354 72
8461 73
8580 74
8601 73
8613 74
8628 75
8636 76
8644 75
8673 76
8692 77
8869 76
8874 75
8911 76
8960 77
9049 78
9052 79
9121 80
9141 79
9144 80
9176 79
9207 80
9213 81
9236 82
9269 83
9356 82
9423 83
9611 82
9621 81
9634 82
9725 83
9770 84
9857 83
9981 82
9990 81
10005 80
10034 81
10123 80
10157 79
10189 80
10245 81
10253 80
10334 79
10352 78
10355 77
10472 76
10500 77
10518 78
10550 79
10578 80
10588 79
10706 80
10718 79
10786 80
10803 79
10906 78
10917 77
10989 76
10993 75
11001 76
11066 77
11093 76
11165 77
11185 75
11252 76
11260 77
11288 78
11301 79
11337 78
11353 77
11397 76
11440 77
11465 76
11471 75
11506 76
11517 75
11544 76
11726 76
11779 77
11870 76
11881 77
11889 76
11954 75
11961 76
11969 75
11982 76
12009 75
12017 76
12070 77
12143 78
12196 77
12265 78
12266 79
12304 80
12373 79
12380 78
12450 77
12493 78
12494 79
12549 80
12556 79
12564 78
12577 77
12583 76
12614 75
12683 74
12702 73
12740 72
12745 73
12814 74
12865 73
12882 74
12890 75
12911 76
12915 75
13083 74
13089 75
13170 76
13180 75
13205 76
13210 77
13273 78
13289 79
13309 78
13325 79
13345 78
13355 79
13529 80
13597 81
13642 82
13668 81
13671 80
13676 79
13689 78
13700 77
13718 76
13720 75
13849 73
13854 72
13872 73
13938 74
13974 73
13981 74
14034 75
14055 74
14072 75
14082 74
14089 75
14093 76
14169 75
14281 76
14297 77
14322 78
14337 77
14352 78
14374 79
14400 80
14550 79
14564 80
14608 79
14628 78
14645 79
14661 78
14662 79
14682 80
14752 81
14756 80
14770 79
14787 78
14799 77
14866 78
14898 79
14964 80
15052 79
15081 80
15120 81
15176 80
15182 81
15197 79
15335 78
15339 77
15349 76
15361 75
15381 76
15439 77
15442 78
15538 77
15581 76
15650 75
15724 74
15738 75
15769 76
15777 77
15841 76
15854 75
15861 76
15889 77
15900 76
16001 77
16024 78
16042 79
16045 80
16059 79
16061 78
16109 79
16136 78
16253 77
16259 76
16287 75
16306 76
16309 75
16377 76
16421 75
16441 76
16491 77
16537 78
16562 79
16622 80
16660 79
16725 80
16750 81
16806 82
16870 81
16905 82
16945 83
17009 82
17013 81
17029 82
17053 81
17068 80
17083 81
17117 80
17171 79
17181 80
17340 81
17350 80
17437 79
17485 80
17505 81
17542 80
17602 81
17771 79
17793 78
17796 79
17853 78
17906 77
17945 78
18026 79
18033 80
18068 81
18105 82
18111 83
18129 84
18247 83
18254 82
18257 81
18270 80
18307 79
18326 78
18345 77
18370 76
18464 77
18491 76
18513 77
18518 78
18576 77
18657 76
18699 75
18716 76
18769 75
18829 76
18857 77
18877 76
18887 75
18896 76
18907 75
18934 76
19018 75
19022 74
19038 75
19213 76
19289 75
19366 76
19445 77
19450 78
19461 78
19490 77
19512 78
19596 79
19598 80
19627 81
19658 80
19713 79
19942 80
19945 81
19974 80
19985 79
19986 78
20009 79
20014 78
20017 77
20022 76
20063 77
20105 78
20114 79
20120 80
20130 79
20232 78
20389 77
20497 77
20512 78
20604 79
20611 78
20621 79
20658 80
20833 81
20853 80
20859 79
20969 80
21034 79
21057 80
21059 81
21068 80
21098 79
21108 80
21121 81
21168 82
21285 83
21302 82
21370 83
21430 82
21568 81
21609 80
21613 79
21617 78
21654 79
21670 80
21732 81
21800 80
21840 79
21908 80
22078 80
22103 81
22181 82
22210 81
22218 80
22222 81
22228 80
22249 81
22254 80
22266 79
22357 78
22440 79
22457 80
22473 81
22537 82
22658 83
22721 82
22746 83
22922 82
22926 83
23093 82
23140 81
23154 82
23192 81
23270 80
23296 79
23323 78
23416 79
23539 80
23725 79
23729 80
23730 81
23799 82
23806 83
23892 84
23903 83
24027 82
24029 81
24118 82
24205 81
24222 82
24234 83
24261 82
24286 81
24386 82
24397 81
24520 80
24549 79
24644 78
24645 77
24697 76
24745 77
24749 78
24780 79
24801 80
24802 79
24809 80
24921 81
24940 80
25019 79
25123 78
25187 79
25209 78
25305 79
25322 78
25385 77
25413 76
25492 77
25510 76
25513 77
25536 78
25565 79
25569 78
25626 79
25656 80
25687 79
25740 78
25760 77
25817 78
25898 77
26023 76
26032 77
26061 76
26071 75
26125 76
26145 75
26149 76
26185 75
26199 76
26234 75
26273 76
26296 75
26299 74
26312 73
26321 72
26354 73
26424 74
26467 75
26525 76
26591 75
26607 76
26661 77
26692 76
26867 77
26869 78
26876 77
26882 76
26901 77
26916 78
26936 79
26945 80
26986 79
27027 78
27032 77
27049 78
27171 77
27203 78
27223 79
27227 80
27280 81
27318 82
27417 83
27490 84
27521 85
27632 84
27691 83
27692 82
27785 81
27837 82
27885 83
27913 82
27982 83
28057 82
28077 81
28173 80
28297 81
28360 82
28431 81
28435 80
28481 81
28505 80
28631 81
28654 80
28661 81
28692 82
28785 83
28791 82
28960 83
29081 82
29101 83
29149 82
29173 81
29211 80
29258 78
29259 77
29268 78
29273 77
29347 76
29354 75
29397 76
29573 74
29688 75
29737 76
29769 75
29783 76
29815 77
29825 78
29826 79
29882 80
30015 79
30021 80
30041 79
30089 80
30102 81
30145 82
30169 83
30223 84
30224 83
30351 82
30370 80
30372 79
30379 78
30523 77
30529 78
30565 77
30606 76
30608 75
30685 74
30689 73
30720 72
30721 73
30747 72
30802 73
30901 74
30924 75
30952 76
31068 77
31069 78
31071 77
31095 78
31128 79
31141 78
31197 77
31305 76
31341 77
31428 76
31435 77
31485 76
31498 77
31552 78
31613 79
31624 80
31676 81
31777 82
31786 83
31829 82
31835 83
31843 82
31993 81
32002 80
32080 79
32096 80
32121 81
32148 82
32160 81
32253 80
32257 81
32339 82
32383 83
32409 82
32539 81
32557 80
32589 81
32602 80
32715 81
32735 80
32760 81
32772 80
32813 81
32857 80
32899 79
32965 78
33094 79
33177 80
33182 81
33193 82
33247 81
33297 82
33317 83
33338 82
33351 81
33366 82
33445 83
33616 84
33630 85
33717 84
33809 83
33819 82
33926 81
34023 80
34130 81
34193 82
34212 83
34217 82
34236 83
34240 82
34248 81
34274 82
34281 81
34334 82
34364 81
34385 80
34437 79
34452 78
34544 77
34613 76
34660 77
34673 78
34717 79
34726 80
34730 79
34733 78
34774 77
34832 76
34842 77
34876 76
34965 77
34985 76
35020 77
35070 76
35094 75
35117 76
35126 75
35140 76
35149 77
35152 78
35256 79
35274 80
35329 79
35389 80
35400 81
35430 80
35540 81
35549 80
35563 79
35657 80
35677 81
35693 82
35706 81
35709 80
35759 81
35849 82
35875 83
35970 84
36033 85
36069 84
36238 83
36312 82
36342 81
36359 82
36361 83
36406 82
36411 81
36581 82
36685 80
36709 81
36742 80
36755 79
36790 80
36814 78
36924 77
37032 78
37048 77
37093 76
37153 77
37156 78
37169 77
37177 78
37186 77
37229 78
37326 77
37329 76
37350 77
37427 76
37471 77
37473 78
37488 79
37585 80
37601 81
37623 80
37626 81
37640 82
37789 81
37791 80
37807 81
37935 82
37981 81
38031 82
38080 83
38211 82
38293 81
38329 82
38349 81
38450 82
38459 83
38537 82
38605 83
38614 82
38646 83
38665 82
38707 81
38839 82
38933 81
39008 80
39037 78
39041 79
39072 80
39109 81
39224 80
39261 81
39277 81
39377 80
39388 81
39394 82
39469 83
39731 82
39777 81
39817 80
39825 79
39839 80
39913 79
39923 78
39956 77
39996 78
40018 77
40121 76
40188 75
40231 76
40234 75
40273 76
40369 75
40375 76
40411 75
40433 76
40493 77
40502 76
40609 78
40649 79
40659 78
40718 77
40734 78
40806 79
40846 80
40853 79
40865 78
40935 79
40936 80
40939 79
41039 80
41064 81
41070 82
41074 83
41091 84
41094 83
41132 82
41135 81
41226 80
41249 79
41287 78
41299 77
41313 76
41438 75
41442 74
41492 73
41496 72
41513 73
41522 74
41528 75
41538 74
41565 75
41637 73
41718 74
41803 73
41890 74
41924 75
41975 76
42014 77
42089 78
42176 79
42190 80
42221 81
42238 82
42254 83
42378 84
42466 83
42519 84
42524 83
42580 84
42619 83
42637 82
42669 83
42692 84
42709 83
42745 82
42870 81
42884 80
42911 81
42938 82
42985 81
42990 80
42995 81
43184 80
43228 81
43277 80
43282 81
43423 82
43447 83
43449 84
43463 85
43485 84
43494 85
43497 84
43631 83
43670 82
43717 81
43780 80
43834 81
43956 81
43999 80
44101 79
44115 78
44155 79
44165 80
44202 79
44229 78
44243 77
44342 78
44353 78
44372 77
44444 76
44465 77
44514 76
44532 77
44597 75
44629 76
44657 77
44721 76
44803 75
44865 76
44888 77
44958 78
44973 79
45027 80
45093 78
45141 79
45230 80
45232 81
45258 80
45261 81
45336 82
45341 81
45376 80
45401 81
45466 80
45470 81
45478 80
45479 79
45533 78
45546 79
45557 78
45694 77
45713 76
45743 75
45813 76
45845 77
45855 76
45936 77
45938 78
45949 79
45974 78
46086 79
46132 80
46188 81
46216 80
46228 79
46299 80
46325 81
46355 82
46379 81
46453 80
46457 81
46462 80
46516 81
46520 80
46577 79
46618 78
46635 77
46637 76
46722 75
46785 76
46837 75
46878 76
46909 77
46950 78
46961 77
47017 78
47065 79
47135 80
47213 79
47286 80
47307 81
47330 80
47343 79
47345 78
47372 77
47417 78
47465 79
47483 78
47488 77
47517 76
47572 77
47613 78
47665 79
47807 80
47833 81
47835 80
47855 79
47897 80
47934 81
48056 82
48069 81
48078 82
48133 83
48167 82
48277 81
48305 80
48312 79
48366 80
48470 79
48485 78
48502 79
48627 80
48675 79
48677 78
48709 79
48712 80
48766 79
48877 78
48901 79
48966 80
48968 79
49024 78
49058 79
49081 80
49190 79
49195 78
49205 79
49337 78
49338 79
49342 80
49392 81
49428 80
49440 81
49622 80
49641 81
49663 80
49720 79
49737 78
49789 79
49802 78
49985 79
50035 78
50055 79
50066 80
50176 81
50177 82
50203 83
50261 82
50283 81
50298 80
50309 79
50310 78
50337 77
50354 78
50421 79
50529 78
50538 79
50556 78
50565 79
50570 78
50761 77
50776 76
50805 75
50840 76
50905 75
50911 74
50943 75
50978 76
51001 77
51139 78
51144 79
51161 78
51287 79
51357 80
51362 81
51366 82
51509 83
51523 84
51573 83
51587 84
51617 83
51618 82
51637 81
51644 80
51655 81
51738 80
51884 79
51889 80
51898 81
51940 80
51957 79
52033 80
52039 79
52109 78
52141 79
52152 78
52205 77
52214 78
52254 77
52347 76
52354 77
52371 76
52378 77
52398 76
52407 77
52521 76
52524 75
52585 76
52589 75
52593 76
52609 77
52635 76
52670 77
52692 78
52732 77
52757 76
52824 77
52826 78
52923 79
53096 80
53117 81
53127 80
53141 79
53148 78
53229 79
53249 78
53276 77
53279 78
53337 79
53367 78
53469 77
53495 78
53644 77
53652 78
53685 79
53709 80
53828 81
53848 82
53870 81
53909 80
53974 79
53992 78
54009 79
54030 78
54049 79
54103 78
54105 79
54177 80
54269 81
54281 80
54297 81
54381 80
54419 79
54452 80
54488 81
54629 82
54715 81
54734 80
54759 79
54917 80
54941 79
54944 78
55025 79
55092 80
55200 81
55253 82
55314 81
55328 82
55337 83
55342 84
55349 83
55419 82
55490 81
55532 80
55578 81
55653 80
55719 81
55726 80
55737 81
55849 82
55852 81
55871 80
55899 79
55953 78
55969 77
55972 78
56009 77
56017 76
56042 77
56045 78
56088 77
56093 76
56097 77
56121 76
56125 77
56186 78
56192 80
56228 79
56323 78
56327 79
56512 78
56521 79
56570 78
56607 77
56636 78
56797 79
56803 78
56834 79
56842 78
56865 79
56875 78
56881 79
56948 80
56962 81
56975 82
57025 81
57177 80
57181 81
57272 82
57295 81
57343 79
57409 78
57468 77
57470 78
57535 77
57563 78
57607 79
57629 80
57818 81
57829 82
57853 83
57905 82
58060 83
58063 84
58074 83
58201 84
58215 85
58249 84
58281 85
58321 86
58343 85
58423 84
58458 85
58459 84
58476 83
58550 82
58565 81
58660 80
58741 80
58742 81
58789 82
58794 81
58949 80
58989 79
58995 80
59036 79
59065 80
59093 79
59169 80
59221 79
59241 80
59256 81
59271 80
59325 81
59409 80
59565 79
59666 78
59677 77
59718 78
59737 79
59773 78
59790 79
59794 80
59798 79
59853 78
59861 79
59926 80
60022 79
60027 80
60129 79
60136 78
60156 77
60169 76
60224 77
60321 76
60333 75
60339 76
60344 77
60369 78
60408 77
60409 78
60415 77
60440 76
60506 77
60589 78
60629 79
60641 80
60655 81
60701 82
60726 81
60741 82
60759 83
60793 82
60857 81
60897 80
60952 79
60985 80
61054 81
61156 82
61162 81
61209 82
61243 81
61301 82
61366 81
61476 80
61551 79
61553 78
61561 79
61650 80
61693 79
61741 80
61779 81
61788 80
61814 79
61844 80
61845 79
61885 78
61886 77
61901 76
61911 77
62085 78
62147 77
62157 78
62202 79
62247 78
62257 77
62261 78
62322 79
62398 78
62402 77
62423 76
62441 77
62491 78
62493 79
62526 80
62550 81
62665 82
62720 83
62741 82
62751 81
62765 80
62949 81
62983 80
62996 79
63002 78
63006 77
63060 78
63093 79
63111 78
63187 77
63281 78
63329 77
63381 78
63385 77
63388 78
63401 79
63457 80
63466 79
63537 78
63546 79
63561 78
63649 77
63660 78
63678 77
63745 78
63747 77
63757 78
63778 77
63814 78
63855 79
63871 80
63905 79
63908 80
63967 81
64134 82
64135 83
64181 82
64185 81
64249 80
64253 81
64255 80
64335 81
64337 82
64398 81
64426 80
64662 79
64733 80
64742 81
64758 80
64764 79
64770 78
64844 77
64909 78
64971 77
64992 76
65007 75
65094 76
65123 77
65133 78
65152 77
65187 78
65188 79
65232 78
65242 79
65257 80
65325 81
65373 80
65423 81
65485 82
65540 81
65587 80
65629 81
65641 82
65718 81
65806 82
65841 81
65872 80
65964 79
65981 78
66070 79
66106 78
66159 79
66171 78
66184 79
66208 80
66264 79
66357 78
66369 79
66398 78
66464 79
66473 78
66600 79
66611 78
66629 77
66650 78
66654 77
66673 78
66680 79
66715 80
66830 79
66945 80
67049 79
67077 78
67095 79
67117 78
67120 79
67163 80
67164 81
67220 80
67268 79
67273 80
67278 79
67408 80
67442 81
67459 80
67562 79
67602 80
67721 79
67729 80
67778 81
67808 80
67836 79
67902 80
67930 81
67957 80
67959 79
67985 78
68006 77
68098 76
68112 77
68119 78
68175 79
68188 78
68198 77
68341 78
68373 79
68477 78
68531 79
68585 78
68595 79
68629 80
68668 81
68703 80
68738 79
68745 80
68758 81
68801 82
68924 83
68935 82
68960 81
69032 82
69035 81
69133 80
69162 81
69211 80
69225 79
69248 78
69280 79
69287 78
69292 79
69297 78
69317 77
69426 76
69609 75
69641 76
69645 75
69676 75
69691 76
69746 77
69749 78
69777 77
69815 78
69966 77
69991 78
69992 79
69993 80
69997 79
70038 78
70043 77
70073 76
70075 77
70081 78
70158 79
70181 78
70185 77
70197 76
70333 75
70341 74
70377 75
70413 74
70419 75
70429 74
70501 75
70551 76
70575 77
70579 78
70598 79
70612 80
70616 79
70619 80
70792 81
70812 80
70884 81
70939 82
70985 83
70986 84
71062 83
71069 82
71110 81
71165 80
71169 79
71257 80
71265 79
71295 78
71299 79
71315 80
71371 81
71446 80
71500 79
71529 78
71562 77
71587 78
71614 79
71615 80
71631 79
71651 80
71665 79
71668 78
71771 79
71971 80
72043 81
72053 82
72105 81
72136 82
72199 81
72281 80
72307 81
72330 82
72376 83
72395 84
72418 83
72533 84
72726 85
72733 84
72781 83
72815 82
72937 81
72945 82
73002 81
73046 80
73063 81
73119 82
73142 81
73243 80
73348 81
73393 80
73401 79
73404 78
73479 79
73544 78
73593 79
73621 80
73625 81
73669 80
73696 79
73758 78
73769 79
73777 78
73889 77
73976 78
74056 79
74071 80
74096 79
74113 80
74197 81
74212 80
74270 81
74405 80
74445 81
74478 82
74485 83
74494 82
74505 81
74594 82
74620 83
74633 82
74636 83
74735 82
74766 81
74848 82
74883 81
74890 79
74945 78
75001 77
75005 76
75012 75
75034 76
75101 75
75103 74
75111 73
75142 74
75206 73
75211 72
75232 73
75248 72
75272 73
75283 75
75289 74
75306 75
75346 76
75371 75
75401 76
75416 77
75480 76
75482 77
75566 76
75625 76
75637 77
75640 78
75749 79
75846 80
75885 80
75893 81
75894 80
76024 81
76091 82
76157 83
76269 84
76318 83
76322 81
76384 80
76394 81
76452 82
76483 81
76486 80
76498 79
76586 80
76630 79
76633 78
76648 77
76702 76
76721 77
76740 76
76774 75
76781 76
76841 75
76872 76
76918 77
76928 78
76998 79
77018 80
77025 81
77026 82
77074 81
77081 80
77154 81
77237 80
77289 81
77339 80
77341 81
77377 80
77409 81
77464 82
77497 81
77571 82
77597 81
77598 80
77617 81
77675 82
77683 81
77769 82
77807 81
77917 82
78077 81
78199 80
78203 81
78220 80
78241 79
78249 78
78291 79
78337 78
78406 77
78443 78
78480 79
78492 80
78618 81
78632 82
78742 83
78755 84
78797 83
78858 82
78880 81
78894 81
78968 80
78996 79
79047 80
79082 79
79089 78
79111 79
79309 78
79314 77
79335 78
79409 79
79424 80
79433 81
79448 80
79478 79
79595 80
79597 79
79697 80
79741 81
79784 80
79804 81
79884 82
79910 83
79945 84
79972 85
80084 86
80276 85
80332 84
80389 85
80421 84
80514 83
80613 84
80685 83
80787 82
80810 81
80823 80
80941 79
80944 78
80962 77
81040 78
81055 79
81076 78
81151 77
81154 76
81167 77
81391 78
81394 79
81459 78
81522 77
81551 78
81556 79
81566 80
81588 81
81594 80
81598 81
81626 82
81640 83
81706 82
81714 83
81827 82
81930 83
81942 84
81946 83
81962 82
81975 81
81978 80
82055 79
82115 78
82138 77
82188 78
82306 77
82321 78
82345 77
82472 78
82504 77
82599 78
82658 79
82663 80
82664 81
82723 82
82766 81
82794 82
82819 81
82848 82
82863 83
82899 84
82906 85
83256 84
83310 83
83362 84
83370 85
83386 86
83398 85
83399 86
83555 85
83982 84
83998 83
84107 84
84141 83
84181 82
84201 81
84415 82
84478 83
84519 84
84564 85
84777 84
84815 85
84871 84
84953 83
85047 84
85099 83
85299 82
85353 83
85361 82
85367 81
85426 82
85508 81
85524 82
85575 83
85624 84
85714 83
85764 83
85809 82
85852 81
85890 82
85970 81
86031 80
86067 81
86213 80
86253 81
86273 82
86346 81
86393 82
86411 81
86510 80
86691 79
86693 78
86826 77
86914 78
86971 79
86974 80
87006 79
87106 80
87177 81
87183 82
87195 81
87227 82
87334 81
87370 82
87382 83
87400 84
87468 83
87470 82
87533 83
87544 82
87554 81
87582 80
87627 81
87689 82
87790 81
87829 80
87885 81
88014 82
88068 81
88147 82
88198 81
88259 82
88285 81
88300 82
88318 83
88329 82
88342 83
88378 82
88405 83
88570 82
88576 81
88778 80
88791 81
88871 82
88944 81
88963 82
89002 83
89096 84
89122 85
89212 86
89249 85
89316 84
89408 85
89434 84
89555 83
89645 84
89646 83
89650 84
89656 85
89682 84
89703 83
89744 82
89751 81
89758 82
89761 81
89768 82
89834 81
89845 80
89848 79
89958 80
90127 81
90207 80
90250 81
90324 82
90352 83
90388 82
90466 83
90548 82
90602 81
90652 80
90794 79
90807 78
90861 79
90889 78
90891 79
90938 80
90945 81
91086 82
91105 83
91143 82
91161 81
91238 82
91258 81
91287 82
91301 83
91342 82
91343 83
91350 84
91466 83
91638 82
91718 83
91842 81
91866 80
91905 79
91906 78
91915 77
91918 76
91925 75
91929 74
91960 75
91978 76
92118 77
92225 78
92239 77
92306 77
92318 76
92350 77
92415 76
92418 77
92434 78
92455 77
92474 78
92506 77
92567 78
92599 79
92682 80
92711 79
92714 78
92717 79
92718 78
92721 77
92723 76
92724 75
92797 76
92887 77
92975 76
92982 77
92998 78
93029 77
93046 76
93051 77
93086 76
93089 77
93093 76
93105 75
93110 74
93236 75
93250 76
93263 75
93330 76
93354 75
93357 76
93358 77
93390 76
93396 75
93399 76
93426 75
93430 76
93443 77
93484 78
93545 79
93571 78
93628 79
93667 80
93670 81
93758 80
93759 79
93774 80
93788 81
93809 82
93921 83
94074 82
94094 83
94138 84
94140 83
94143 82
94151 81
94182 80
94198 79
94217 78
94252 79
94270 80
94283 81
94288 80
94502 79
94515 78
94533 77
94662 76
94679 77
94710 76
94732 77
94739 78
94845 79
94856 78
94859 77
94861 75
94866 74
94867 72
94979 73
95046 72
95072 73
95077 74
95105 75
95222 76
95251 77
95270 76
95310 75
95312 76
95329 77
95424 76
95426 77
95449 76
95489 75
95545 76
95591 77
95608 78
95609 77
95614 76
95615 75
95616 74
95620 73
95654 72
95667 73
95693 74
95704 73
95852 74
95920 75
95950 76
96005 75
96006 74
96083 73
96085 74
96091 75
96092 74
96094 74
96096 73
96097 72
96126 73
96176 72
96219 73
96231 72
96241 71
96326 72
96347 73
96354 72
96364 73
96461 72
96465 73
96467 72
96527 73
96540 72
96546 71
96566 72
96587 73
96595 72
96618 73
96625 72
96673 73
96683 72
96723 74
96725 73
96727 72
96730 71
96754 70
96796 69
96843 68
96846 69
96848 68
96849 68
96851 67
96853 66
96856 65
96859 64
96866 63
96939 64
96946 62
96954 61
96968 62
96986 61
97073 62
97080 63
97104 64
97115 65
97130 64
97142 66
97146 65
97154 64
97158 65
97189 64
97200 63
97202 62
97240 63
97248 65
97263 64
97290 65
97305 66
97309 67
97319 66
97330 65
97384 66
97392 67
97402 68
97448 69
97469 71
97478 70
97569 71
97575 70
97596 71
97686 70
97702 71
97719 72
97722 73
97776 74
97783 73
97790 72
97792 73
97801 72
97823 73
97838 72
97846 73
97861 72
97879 70
97882 69
97891 70
97894 69
97929 68
97935 69
97963 70
97970 69
98030 68
98042 67
98081 68
98093 69
98098 68
98106 69
98114 64
98180 63
98205 62
98210 61
98232 62
98242 61
98262 61
98270 62
98284 63
98291 62
98294 63
98297 62
98298 61
98390 62
98447 63
98450 64
98467 65
98470 64
98481 65
98486 66
98487 67
98493 66
98494 65
98507 66
98552 67
98609 66
98611 65
98613 64
98614 63
98643 65
98688 66
98753 67
98788 68
98806 69
98830 70
98852 71
98858 72
98877 71
98891 72
98898 73
98904 72
98906 71
98954 72
98959 73
98962 70
98969 71
98970 70
99006 71
99025 72
99044 73
99088 74
99102 75
99106 76
99114 75
99118 76
99129 75
99147 74
99162 75
99206 77
99222 76
99238 75
99261 76
99281 75
99294 74
99317 73
99322 72
99329 71
99331 70
99446 71
99474 72
99482 71
99568 72
99640 73
99696 74
99709 73
99712 72
99766 73
99769 74
99834 75
99835 76
99841 74
99843 75
99847 74
99942 75
100006 76
100050 78
100053 77
100054 76
100055 77
100099 78
100118 79
100159 80
100351 81
100413 82
100434 81
100484 82
100534 83
100559 82
100561 81
100594 79
100602 78
100675 77
100723 78
100798 79
100812 78
100821 77
100822 78
100828 77
100870 76
100887 77
100943 78
100960 77
101095 78
101243 79
101260 80
101262 81
101281 80
101302 81
101324 80
101386 81
101406 82
101446 81
101454 82
101468 81
101487 80
101497 81
101523 80
101526 79
101545 78
101546 77
101550 78
101618 79
101633 78
101678 77
101695 76
101714 77
101779 76
101808 77
101870 78
101964 79
102189 80
102202 79
102321 80
102338 79
102347 80
102385 81
102454 82
102501 83
102539 84
102600 85
102673 84
102781 83
102784 82
102914 81
102989 82
103026 81
103028 80
103100 81
103117 80
103159 79
103177 78
103201 79
103278 80
103374 81
103626 82
103634 83
103669 84
103782 85
103794 84
103848 83
103949 84
104001 83
104043 84
104097 83
104154 81
104155 80
104183 81
104206 80
104224 79
104241 80
104264 79
104278 78
104383 79
104392 78
104410 77
104443 76
104453 75
104474 76
104501 77
104511 78
104562 77
104713 78
104750 79
104774 78
104851 77
104895 76
104949 77
104960 78
105118 79
105139 78
105171 77
105264 78
105272 79
105317 80
105338 81
105394 82
105475 83
105567 84
105570 83
105617 84
105622 83
105654 84
105747 83
105756 84
105922 83
105948 82
105983 83
106021 82
106154 81
106217 80
106251 79
106258 78
106272 79
106284 78
106344 77
106361 78
106410 79
106420 80
106434 79
106518 80
106547 79
106560 80
106599 81
106692 80
106696 81
106798 80
106799 79
106822 78
106824 77
106862 78
106968 79
107007 80
107122 79
107124 78
107128 79
107204 80
107220 81
107233 80
107340 81
107352 80
107397 79
107426 80
107441 79
107487 78
107507 79
107530 78
107534 79
107538 80
107654 79
107755 78
107814 77
107873 76
107905 77
107918 76
107950 75
107966 76
108017 77
108026 78
108043 79
108058 80
108092 79
108137 80
108190 79
108315 80
108363 81
108364 82
108402 83
108408 84
108510 83
108525 84
108556 83
108590 82
108592 81
108610 80
108611 79
108637 80
108775 79
108778 78
108854 79
108981 78
109007 79
109017 78
109031 77
109106 78
109157 79
109158 80
109198 81
109201 82
109299 81
109320 82
109330 81
109350 82
109542 81
109571 80
109575 81
109650 82
109664 81
109718 82
109741 81
109762 82
109988 81
110021 82
110048 83
110106 82
110110 81
110144 82
110393 83
110403 82
110410 81
110446 80
110457 79
110493 80
110509 79
110608 80
110647 79
110685 78
110732 79
110770 78
110775 79
110779 80
111008 81
111013 80
111018 79
111063 80
111098 81
111180 80
111210 79
111326 80
111347 81
111373 80
111382 81
111402 80
111433 81
111448 82
111457 81
111857 82
111881 81
111891 80
111926 81
111927 82
111944 81
111951 80
111966 79
112014 80
112114 79
112200 80
112211 79
112231 80
112302 81
112397 82
112432 83
112438 84
112542 82
112595 81
112611 80
112638 79
112658 80
112709 79
112838 80
112839 79
112863 80
112917 81
112992 82
112999 81
113002 82
113290 83
113296 82
113326 81
113345 80
113348 81
113394 80
113454 81
113476 82
113554 83
113555 84
113582 85
113616 84
113698 83
113710 82
113771 81
113802 80
113834 79
113984 78
113994 77
114038 76
114080 75
114120 74
114126 75
114155 76
114171 77
114208 76
114297 75
114298 74
114312 75
114316 76
114359 77
114398 76
114407 77
114427 78
114480 77
114481 76
114492 75
114554 76
114562 75
114622 76
114663 77
114766 78
114791 79
114839 80
114845 81
114863 80
114868 79
114884 78
114909 79
114910 79
114946 78
114955 79
114986 78
115006 79
115046 80
115090 81
115139 80
115211 81
115224 82
115314 83
115362 85
115380 84
115498 83
115530 83
115552 82
115559 81
115595 80
115606 79
115778 80
115785 81
115816 80
115838 79
115870 80
116063 81
116107 82
116213 83
116233 82
116299 81
116333 80
116343 79
116393 78
116490 79
116610 80
116763 79
116770 78
116786 77
116805 78
116879 79
116897 80
116903 81
116952 82
117006 81
117019 80
117139 81
117141 82
117209 83
117222 82
117362 81
117437 80
117475 79
117599 78
117602 79
117646 80
117655 79
117704 78
117779 79
117814 78
117868 77
117902 78
118014 79
118102 80
118114 79
118129 80
118146 79
118158 78
118199 77
118200 77
118213 76
118228 77
118276 78
118338 77
118381 78
118409 79
118419 80
118490 79
118583 78
118683 79
118721 80
118757 81
118787 80
118865 81
118891 80
118929 79
118932 78
118990 79
119010 78
119041 77
119087 78
119092 79
119099 80
119215 79
119262 80
119335 79
119395 78
119400 77
119421 76
119461 75
119505 76
119630 75
119642 74
119644 75
119673 74
119718 75
119726 76
119760 77
119826 76
119834 77
119836 78
119907 79
119938 80
119964 81
119998 80
120065 81
120074 82
120085 83
120122 82
120289 83
120294 84
120326 83
120348 82
120428 81
120448 80
120511 79
120532 78
120533 79
120695 78
120820 79
120831 80
120843 79
120956 80
121006 82
121098 81
121164 80
121176 79
121220 80
121239 81
121249 82
121401 83
121426 82
121432 83
121451 84
121454 83
121462 82
121470 81
121514 82
121538 81
121560 80
121624 79
121646 78
121830 77
121854 76
121857 75
121953 74
121992 73
122021 72
122022 73
122132 74
122198 73
122202 74
122206 73
122230 74
122243 73
122290 74
122302 75
122347 74
122354 75
122373 76
122419 77
122421 78
122481 79
122594 78
122639 77
122677 78
122680 77
122690 76
122692 75
122735 76
122762 75
122813 76
122834 77
122862 78
122887 79
122888 80
122970 81
122974 80
122975 81
123060 80
123066 81
123091 80
123101 79
123162 80
123190 81
123228 80
123247 81
123339 80
123356 81
123403 82
123404 81
123449 80
123471 79
123489 78
123514 77
123591 76
123599 77
123626 78
123712 79
123736 78
123737 79
123890 80
123905 81
123914 80
123976 81
123977 80
124078 79
124162 78
124176 77
124347 78
124453 77
124483 78
124519 77
124578 78
124589 77
124603 78
124635 79
124740 80
124782 81
124912 82
124920 81
124932 82
124941 81
124958 80
124964 79
124982 78
125030 79
125048 78
125075 79
125126 80
125320 79
125351 80
125386 81
125398 80
125410 79
125437 78
125439 79
125605 80
125617 79
125655 78
125676 77
125696 76
125818 77
125851 76
125854 77
125932 76
125937 77
126022 79
126072 80
126119 79
126142 80
126190 79
126305 78
126350 77
126392 78
126421 77
126424 76
126440 77
126459 78
126466 77
126484 78
126502 79
126504 80
126534 79
126606 78
126659 79
126668 80
126700 79
126725 80
126730 79
126775 78
126934 79
126959 80
126979 81
126986 82
127027 83
127098 82
127124 81
127126 80
127236 79
127238 78
127278 77
127310 79
127362 78
127384 77
127400 78
127430 77
127537 76
127622 77
127702 76
127726 75
127748 76
127776 77
127798 76
127818 77
127831 78
127869 77
127894 78
128086 77
128094 78
128106 79
128154 78
128155 79
128158 78
128174 79
128191 80
128237 79
128297 80
128404 81
128429 82
128618 83
128668 84
128726 85
128745 86
128870 85
128946 86
128951 87
128994 86
129105 85
129270 83
129306 82
129330 83
129349 82
129462 81
129551 82
129558 81
129614 82
129633 81
129706 80
129781 79
129847 80
129941 79
129968 80
129982 79
129990 81
130018 82
130020 81
130060 80
130160 81
130323 82
130370 83
130374 82
130413 81
130450 82
130574 81
130582 82
130706 81
130761 82
130764 81
130789 82
130858 81
130865 80
130873 79
130922 80
130978 81
131007 80
131120 81
131130 82
131136 81
131225 80
131294 81
131367 82
131432 83
131454 84
131474 83
131478 82
131522 80
131542 81
131580 82
131582 83
131585 82
131588 81
131598 82
131605 81
131743 80
131838 79
131846 78
131855 77
131863 76
131869 75
131870 74
131877 73
131924 74
131975 75
131987 74
132115 75
132138 74
132226 75
132238 76
132242 77
132331 76
132332 77
132375 76
132418 77
132459 78
132465 79
132487 78
132510 77
132526 78
132530 79
132591 78
132593 77
132606 76
132610 77
132612 78
132687 77
132710 78
132716 79
132747 78
132830 79
132914 80
132920 81
132985 80
133069 81
133095 82
133228 83
133277 84
133304 83
133322 82
133335 81
133353 80
133434 81
133439 80
133474 81
133557 80
133558 81
133718 80
133721 79
133770 78
133782 79
133862 80
133927 81
133932 82
134031 81
134039 82
134077 81
134178 82
134276 83
134340 82
134512 83
134531 82
134579 83
134726 84
134774 83
134802 82
134826 83
134917 82
135089 83
135096 84
135149 83
135152 82
135179 81
135183 82
135185 81
135282 80
135394 81
135452 82
135475 83
135558 82
135563 81
135583 82
135675 81
135686 82
135753 83
135766 82
135771 81
135829 80
135833 81
135946 82
135978 83
135998 82
136057 83
136076 84
136134 83
136153 83
136205 82
136257 81
136264 80
136286 79
136300 78
136463 77
136482 78
136506 77
136746 78
136747 79
136784 80
136868 79
136916 78
137017 79
137029 78
137059 79
137086 78
137099 77
137101 78
137126 79
137140 78
137158 79
137160 78
137181 79
137209 80
137457 81
137554 82
137635 83
137679 84
137726 83
137736 84
137745 83
137838 82
137846 81
137877 80
137952 81
137959 80
137977 81
137990 80
138035 81
138081 80
138108 79
138196 78
138213 77
138220 78
138222 77
138260 76
138274 75
138310 76
138318 77
138327 76
138358 75
138367 76
138368 75
138515 76
138529 75
138532 76
138537 75
138551 76
138689 75
138721 76
138737 77
138791 78
138801 79
138803 80
138863 79
138882 78
138988 79
139003 78
139090 79
139106 80
139132 81
139171 82
139252 83
139305 84
139324 83
139342 84
139386 83
139650 82
139724 83
139735 82
139744 81
139788 82
139794 83
139860 82
139974 81
140022 80
140063 79
140294 80
140322 79
140333 80
140342 81
140378 80
140398 79
140435 78
140465 79
140474 78
140707 79
140762 78
140776 79
140866 80
140912 79
140937 80
140944 79
140953 78
140990 77
141002 78
141030 79
141052 80
141096 82
141106 81
141133 80
141138 81
141217 80
141254 79
141290 80
141292 79
141374 80
141383 79
141455 78
141506 77
141510 76
141515 75
141562 76
141584 75
141598 76
141607 75
141680 74
141787 75
141794 76
141869 77
141924 78
141939 79
141981 80
142014 79
142088 80
142094 81
142127 82
142156 83
142194 82
142198 83
142363 82
142366 83
142444 84
142448 83
142494 82
142583 83
142618 82
142644 83
142907 82
142958 81
142986 80
143054 81
143075 82
143114 83
143127 84
143195 85
143271 86
143399 85
143403 84
143544 83
143584 82
143676 81
143679 80
143783 79
143831 80
143958 81
144018 80
144051 79
144084 80
144085 79
144088 80
144133 79
144142 78
144173 79
144188 78
144301 79
144307 78
144316 77
144420 78
144450 79
144451 80
144574 79
144609 78
144624 77
144679 76
144704 77
144751 78
144783 77
144793 78
144832 79
144848 78
144850 79
144898 78
144903 79
144998 80
145221 81
145254 80
145259 81
145430 80
145435 81
145472 80
145484 81
145495 80
145504 81
145506 82
145532 83
145555 82
145573 81
145674 82
145675 81
145691 80
145735 79
145831 78
145839 77
145850 78
145857 77
145880 76
145898 75
145926 74
145947 73
145981 72
146002 73
146049 72
146090 73
146115 74
146118 75
146151 74
146220 75
146237 76
146273 77
146286 78
146329 77
146350 76
146359 77
146367 76
146386 77
146414 76
146453 77
146466 78
146679 77
146682 78
146694 77
146726 78
146812 79
146866 80
146878 81
146962 82
147015 83
147107 82
147121 81
147155 82
147187 83
147223 84
147287 83
147364 84
147367 84
147395 81
147435 80
147445 79
147551 80
147582 79
147612 78
147663 79
147779 78
147807 77
147825 78
147861 79
147881 80
147971 81
148029 80
148109 79
148129 80
148179 78
148183 79
148194 78
148227 78
148230 77
148265 76
148288 75
148328 74
148350 75
148352 74
148390 73
148412 74
148434 75
148449 76
148485 77
148561 76
148631 77
148726 78
148747 78
148761 77
148774 78
148851 77
148859 78
148892 79
148893 80
148908 79
148935 78
148953 77
148983 78
149056 77
149058 78
149063 79
149087 78
149133 79
149242 78
149247 79
149290 80
149367 81
149385 80
149421 81
149451 80
149491 79
149524 78
149533 77
149607 76
149614 77
149618 77
149623 78
149624 79
149664 78
149677 77
149742 76
149761 75
149827 76
149897 77
149911 78
149978 77
149996 78
150036 77
150044 76
150065 77
150079 78
150116 77
150147 76
150215 77
150220 78
150283 79
150300 80
150356 79
150367 80
150547 81
150601 82
150707 81
150745 80
150765 81
150766 82
150791 83
150857 82
150943 83
150984 82
151014 81
151054 82
151089 81
151144 80
151151 79
151187 78
151256 79
151288 80
151422 81
151427 82
151432 81
151477 82
151515 81
151605 80
151631 81
151649 82
151654 83
151715 82
151719 83
151814 82
151889 81
151994 80
152063 81
152117 80
152144 81
152167 82
152193 83
152202 82
152243 83
152249 84
152260 83
152265 82
152383 80
152417 81
152464 80
152472 81
152522 82
152579 83
152586 82
152589 81
152853 82
152857 83
152892 82
152957 83
152979 84
153089 85
153090 84
153189 85
153319 84
153336 85
153338 84
153403 83
153495 82
153638 81
153697 80
153735 81
153743 82
153767 81
153903 80
153940 79
154289 78
154305 77
154310 78
154318 79
154370 80
154459 79
154527 80
154548 81
154570 80
154602 81
154675 82
154679 83
154717 82
154719 83
154865 82
154910 83
155016 82
155068 81
155097 82
155226 81
155258 82
155386 83
155415 84
155419 83
155520 82
155595 81
155635 80
155651 79
155683 80
155719 79
155757 80
155769 81
155776 82
155806 81
155831 82
155833 81
155942 80
155963 79
156008 78
156142 77
156209 78
156219 77
156305 76
156310 75
156335 74
156341 75
156407 76
156411 77
156490 78
156559 79
156638 80
156644 81
156663 80
156696 81
156764 80
156871 79
156891 80
156920 79
156922 78
156931 79
156939 78
157027 79
157088 78
157250 79
157263 80
157283 79
157316 78
157329 79
157396 80
157402 79
157413 80
157447 79
157463 78
157468 77
157523 78
157539 79
157647 78
157688 77
157724 78
157737 77
157744 78
157755 79
157780 80
157819 79
157938 80
157992 81
157997 80
158031 81
158071 82
158197 83
158248 84
158259 83
158331 84
158395 82
158407 83
158428 82
158439 83
158443 84
158528 83
158559 82
158574 81
158701 80
158759 81
158771 82
158855 83
158908 84
158932 83
159063 84
159077 83
159190 82
159235 81
159278 80
159303 79
159307 80
159326 79
159382 78
159427 77
159479 76
159527 77
159568 78
159608 79
159675 78
159719 79
159831 80
159939 82
159979 83
160010 82
160013 81
160043 80
160059 79
160064 80
160084 81
160353 80
160380 79
160426 80
160499 79
160501 80
160503 81
160511 80
160527 81
160539 80
160558 79
160591 78
160599 80
160725 79
160803 78
160817 77
160841 78
160900 79
160906 80
160920 79
160982 78
160989 77
161023 78
161036 79
161043 80
161067 81
161087 80
161119 81
161128 80
161155 79
161164 80
161215 81
161228 82
161247 81
161281 80
161313 81
161321 80
161346 79
161429 78
161495 77
161551 76
161567 75
161596 76
161618 77
161651 76
161683 77
161725 78
161763 79
161807 78
161844 79
161918 78
161925 79
161926 80
161967 79
162027 80
162095 79
162108 80
162429 81
162476 82
162507 83
162527 82
162532 81
162539 82
162611 81
162642 82
162659 83
162896 82
162921 82
162922 83
162970 82
163041 83
163135 82
163153 83
163216 82
163228 81
163255 80
163327 79
163383 78
163409 77
163416 78
163483 79
163610 80
163719 79
163847 78
163849 79
163892 80
163907 81
163999 80
164024 79
164123 78
164255 79
164394 80
164432 81
164463 80
164467 81
164539 82
164615 81
164634 80
164647 81
164680 82
164739 81
164847 82
164881 81
164885 82
164962 83
164967 84
165000 83
165068 82
165075 81
165115 82
165184 83
165205 82
165255 81
165329 82
165337 83
165462 84
165477 85
165483 84
165608 83
165779 84
165827 83
165851 81
165859 82
165924 83
165990 82
166038 81
166094 80
166164 79
166248 78
166311 79
166371 78
166387 79
166392 80
166452 81
166475 82
166531 83
166611 84
166625 85
166743 84
166787 83
166835 84
166844 83
166949 82
166955 81
166963 80
166987 79
167000 80
167009 81
167042 80
167086 79
167312 78
167372 77
167467 78
167520 77
167563 76
167631 77
167651 76
167711 77
167766 78
167847 79
167855 80
167859 81
167865 82
168001 83
168009 84
168069 83
168094 84
168108 85
168256 86
168339 84
168406 83
168449 82
168477 81
168587 80
168590 79
168597 80
168667 79
168709 78
168806 77
168817 78
168845 77
168867 78
168879 79
168923 78
168983 77
169043 76
169098 77
169099 78
169132 77
169137 76
169191 75
169229 76
169252 77
169282 76
169291 77
169298 78
169312 77
169347 76
169426 75
169456 74
169495 75
169544 76
169576 77
169583 78
169593 79
169639 80
169699 81
169711 80
169795 79
169799 78
169816 79
169837 80
169903 81
169926 80
169935 81
170011 80
170044 79
170071 78
170143 79
170154 80
170198 79
170251 78
170278 77
170384 78
170431 80
170533 79
170537 78
170567 79
170595 78
170610 79
170719 80
170744 79
170776 80
170787 81
170840 82
170854 81
170964 82
170991 81
170995 82
171059 81
171209 80
171215 81
171267 82
171297 83
171365 82
171551 81
171555 82
171597 83
171598 82
171687 83
171701 82
171710 81
171777 80
171807 81
171838 82
171851 81
171907 80
171919 79
171934 78
171949 77
171983 78
172026 79
172051 78
172118 77
172140 78
172195 77
172241 78
172243 79
172347 78
172363 79
172484 78
172573 79
172610 78
172635 77
172651 78
172714 79
172767 80
172776 81
172930 82
173033 81
173086 82
173109 81
173123 82
173136 83
173216 84
173222 83
173247 84
173313 83
173373 84
173391 82
173554 81
173567 80
173686 81
173729 82
173747 81
173758 82
173787 81
173795 82
173823 83
173830 82
173899 81
174015 82
174159 81
174301 82
174322 81
174510 80
174535 81
174568 82
174591 83
174594 84
174671 85
174694 86
174785 85
174847 84
174879 85
174983 84
175053 83
175171 82
175219 80
175289 81
175338 80
175405 81
175411 80
175435 79
175474 80
175551 79
175663 80
175679 79
175684 78
175727 77
175817 78
175827 79
175834 78
175855 79
175867 80
175868 79
175903 78
175923 77
175988 76
176095 75
176151 74
176203 75
176214 76
176255 77
176261 78
176368 79
176431 80
176551 79
176555 80
176624 81
176735 82
176763 83
176890 84
176940 83
177012 84
177031 83
177101 82
177166 81
177174 82
177233 83
177274 82
177323 83
177471 82
177683 83
177811 82
177839 81
177912 82
177943 83
178016 82
178069 83
178175 83
178327 84
178382 85
178568 84
178569 85
178595 84
178606 83
178611 82
178750 83
178781 82
178939 81
178955 80
178959 81
179014 80
179126 79
179140 80
179192 79
179199 78
179232 77
179386 78
179399 79
179438 80
179625 79
179657 80
179667 81
179743 82
179789 83
179860 82
179870 81
179987 82
179995 83
180001 84
180005 85
180073 84
180158 83
180247 82
180283 81
180358 82
180365 83
180411 84
180431 83
180548 82
180588 81
180648 80
180725 81
180782 80
180795 79
180865 80
180867 81
180983 80
181003 79
181081 80
181120 79
181163 78
181186 77
181260 76
181295 77
181297 78
181383 77
181387 78
181488 79
181492 80
181493 81
181521 80
181563 79
181654 80
181700 81
181883 82
181917 81
181941 80
181964 81
181978 82
182054 83
182083 82
182123 81
182128 80
182140 81
182195 82
182244 83
182275 82
182527 83
182575 82
182608 81
182617 80
182637 79
182638 80
182683 81
182845 80
182936 79
183120 80
183163 79
183211 78
183219 77
183300 78
183317 79
183327 80
183338 79
183419 80
183576 79
183593 80
183626 81
183641 82
183688 81
183720 82
183729 81
183750 80
183895 81
183928 82
184004 83
184056 82
184095 83
184167 82
184174 81
184177 80
184184 81
184343 80
184517 81