0 84
75 83
112 82
203 83
317 82
339 81
355 82
437 83
553 82
619 83
777 84
812 85
837 86
918 85
957 86
967 85
982 84
1178 83
1192 82
1243 81
1367 82
1380 83
1398 82
1399 83
1434 82
1445 81
1497 80
1559 79
1573 80
1603 81
1670 82
1820 81
1850 80
1879 81
1970 80
2001 81
2066 80
2070 81
2102 82
2148 81
2239 80
2277 81
2285 80
2318 79
2344 80
2363 81
2395 79
2450 78
2567 79
2615 78
2654 79
2690 78
2712 77
2718 76
2736 77
2754 78
2796 79
2987 78
2988 79
3096 78
3111 77
3126 78
3187 79
3226 78
3228 79
3273 78
3279 79
3316 78
3335 79
3419 80
3450 81
3451 80
3555 81
3657 82
3663 81
3687 82
3717 83
3741 82
3812 81
3923 80
3993 79
4021 80
4088 79
4125 80
4200 81
4255 82
4263 83
4285 82
4319 81
4323 82
4375 83
4393 82
4410 83
4552 84
4560 85
4619 84
4636 85
4656 84
4678 83
4688 82
4713 81
4778 80
4795 79
4841 78
4895 79
4927 80
4939 79
4949 78
4983 79
5000 80
5023 79
5050 80
5059 79
5102 80
5203 81
5267 80
5283 79
5308 78
5419 77
5512 76
5590 75
5634 76
5643 77
5712 78
5748 79
5751 80
5753 81
5763 80
5798 81
5804 80
5863 81
5881 80
5940 81
5993 82
6047 83
6144 82
6180 83
6184 84
6187 83
6192 84
6231 83
6323 82
6344 83
6406 82
6454 83
6473 84
6546 83
6568 82
6599 81
6603 82
6620 81
6686 82
6698 81
6789 80
6818 79
6826 78
6848 77
7018 78
7021 77
7213 76
7215 75
7223 76
7283 77
7324 78
7342 79
7357 80
7446 79
7448 80
7486 81
7537 82
7586 83
7595 84
7619 83
7684 84
7771 85
7787 84
7875 83
7959 82
8071 83
8087 82
8115 83
8122 82
8139 83
8187 82
8201 81
8204 80
8327 79
8408 78
8432 77
8546 76
8659 75
8690 76
8699 75
8703 76
8730 77
8885 78
8900 79
8924 80
8946 79
8964 80
8965 81
8974 80
8975 79
9076 80
9084 79
9102 78
9105 79
9124 80
9174 81
9184 82
9189 81
9309 82
9391 81
9451 80
9477 81
9488 80
9495 79
9630 78
9679 79
9760 78
9815 77
9816 78
9852 77
9886 78
9939 79
9967 81
9969 80
9975 81
9984 80
10079 81
10170 82
10187 81
10194 80
10254 79
10316 80
10348 81
10472 82
10484 81
10505 82
10559 81
10567 80
10695 79
10700 80
10723 81
10918 80
10957 81
11002 82
11130 83
11270 82
11296 83
11332 82
11414 81
11464 80
11487 79
11491 81
11583 80
11693 81
11699 82
11763 83
11788 82
11847 81
11859 80
11871 81
11892 82
11899 81
11939 80
11955 79
12023 80
12045 79
12071 80
12083 81
12180 82
12213 81
12235 82
12266 83
12355 82
12396 81
12427 82
12502 81
12647 82
12743 83
12784 82
13053 81
13065 82
13082 83
13104 84
13147 83
13184 82
13263 83
13330 82
13347 81
13429 82
13538 83
13548 82
13563 81
13623 82
13626 81
13711 80
13727 79
13736 80
13809 81
13949 82
13953 81
13962 82
13963 81
13991 80
14011 79
14031 78
14041 77
14152 78
14211 79
14219 80
14247 81
14303 80
14388 79
14421 80
14453 79
14535 78
14567 79
14585 78
14631 79
14640 78
14732 79
14803 80
14843 81
14927 82
15043 79
15077 78
15111 77
15118 78
15170 79
15315 80
15318 81
15325 82
15367 83
15411 84
15415 83
15479 82
15508 83
15576 82
15607 81
15651 80
15655 82
15694 81
15731 80
15751 81
15825 80
15831 79
15920 78
15935 77
16033 78
16037 79
16115 78
16127 78
16182 79
16336 80
16339 81
16441 80
16484 79
16520 78
16545 79
16560 80
16583 79
16731 80
16772 79
16807 80
16848 81
16860 82
16871 83
16938 84
17142 85
17249 86
17305 85
17325 84
17369 85
17413 84
17452 83
17503 82
17542 81
17583 82
17592 81
17639 80
17766 79
17827 78
17882 79
17915 78
17957 77
18031 78
18056 79
18075 78
18113 78
18149 79
18166 78
18179 79
18256 78
18258 79
18339 78
18386 77
18387 78
18418 79
18512 80
18531 79
18577 80
18615 79
18617 80
18664 79
18665 80
18687 81
18751 80
18784 81
18880 80
18915 81
18949 82
18973 83
19027 82
19111 81
19307 82
19309 81
19325 80
19355 79
19461 78
19462 77
19496 76
19537 75
19549 74
19558 73
19579 74
19652 75
19693 76
19771 77
19796 78
19835 79
19883 80
19923 81
19943 80
19999 79
20105 80
20127 81
20195 80
20198 79
20201 80
20210 81
20235 80
20246 81
20247 80
20308 81
20345 82
20360 81
20454 80
20503 81
20515 82
20611 83
20615 82
20647 81
20660 80
20668 81
20860 80
20871 81
20965 82
20983 83
21014 82
21058 83
21211 82
21219 83
21347 82
21369 83
21403 82
21454 81
21526 80
21550 81
21931 82
21937 83
22080 84
22102 83
22107 84
22226 85
22247 86
22427 85
22447 84
22459 83
22464 82
22474 81
22504 80
22640 79
22679 78
22680 79
22691 78
22847 79
22913 80
22920 81
22954 80
22999 81
23193 82
23229 81
23284 82
23434 83
23475 82
23507 83
23542 84
23567 83
23571 82
23659 83
23769 82
23807 81
23853 80
23915 79
23947 78
23949 77
23972 78
23991 79
24052 78
24098 79
24112 80
24165 79
24271 78
24419 77
24451 76
24458 77
24523 78
24583 79
24618 80
24774 81
24786 82
24816 81
24862 80
24923 81
24966 82
25007 83
25031 84
25039 83
25055 82
25095 81
25239 82
25280 81
25387 79
25428 78
25437 79
25443 80
25618 79
25691 80
25735 79
25795 78
25855 77
25868 78
25992 79
26071 78
26074 77
26137 78
26161 77
26167 76
26199 77
26222 78
26247 79
26255 80
26289 81
26323 82
26380 83
26409 84
26419 85
26502 84
26514 83
26667 84
26725 83
26771 82
26798 83
26915 82
26995 83
27039 84
27127 83
27267 82
27279 81
27371 80
27373 79
27377 78
27384 79
27407 80
27410 79
27416 78
27585 79
27595 80
27689 81
27694 82
27717 81
27810 80
27847 81
27903 82
27916 83
27986 82
28027 83
28030 84
28193 85
28194 84
28244 83
28256 84
28259 85
28364 84
28383 83
28391 82
28408 81
28508 80
28510 79
28628 78
28656 79
28699 80
28706 79
28783 80
28853 79
28938 80
29003 81
29099 80
29135 79
29159 78
29195 77
29212 78
29260 79
29355 78
29368 79
29371 80
29387 81
29389 80
29422 81
29600 80
29624 81
29699 80
29731 79
29759 80
29811 81
29833 80
29871 81
29903 80
29975 79
29982 78
30167 79
30168 80
30244 81
30272 80
30370 79
30403 80
30428 81
30458 82
30482 81
30485 82
30528 83
30551 84
30577 85
30628 84
30639 83
30699 82
30720 83
30722 82
30877 83
30896 84
30914 85
30947 84
31005 85
31031 84
31041 83
31145 84
31154 83
31303 82
31315 81
31371 82
31372 80
31377 79
31562 78
31601 79
31627 78
31639 79
31744 80
31753 79
31834 78
31836 77
31848 78
31913 77
31989 76
32029 77
32040 78
32099 77
32125 78
32138 79
32142 80
32215 81
32223 82
32263 81
32347 80
32554 81
32582 82
32611 83
32674 82
32691 81
32698 82
32726 83
32784 82
32785 81
32787 80
32950 79
33011 80
33096 79
33154 80
33174 81
33208 80
33310 81
33311 82
33321 81
33382 82
33395 81
33407 82
33437 83
33543 82
33547 83
33583 82
33793 83
33803 82
33829 81
33958 82
34063 81
34096 82
34123 81
34152 80
34210 79
34292 80
34313 81
34403 82
34501 81
34523 82
34686 81
34687 82
34750 81
34772 82
34811 83
34859 82
34877 83
34915 82
35024 81
35055 82
35056 81
35066 80
35152 81
35244 82
35251 83
35371 84
35543 83
35549 82
35578 83
35607 82
35650 81
35738 80
35807 78
35889 79
35916 78
35932 79
35971 78
36020 77
36075 78
36230 77
36295 78
36404 79
36443 80
36521 79
36547 78
36569 79
36571 78
36612 79
36651 80
36689 81
36755 80
36766 79
36894 78
36919 79
36996 80
37070 81
37086 82
37124 81
37138 82
37159 83
37167 82
37239 83
37291 82
37295 84
37480 83
37496 82
37531 83
37535 82
37610 81
37691 80
37702 79
37712 80
37737 81
37747 82
37787 83
37876 82
37958 83
38031 82
38032 81
38100 82
38262 81
38406 82
38432 81
38470 80
38571 81
38607 79
38654 78
38723 79
38736 80
38777 79
38784 80
38794 79
38824 78
39011 79
39018 78
39091 79
39154 80
39159 79
39206 78
39224 79
39239 78
39241 79
39281 78
39306 77
39327 78
39328 79
39333 78
39404 77
39424 78
39436 77
39531 78
39542 79
39555 78
39574 77
39626 78
39652 79
39663 78
39714 79
39768 80
39823 79
39850 80
39883 79
39887 78
39927 77
39946 76
39956 75
40036 76
40039 75
40063 74
40091 73
40099 74
40124 75
40131 74
40208 75
40215 74
40216 73
40241 72
40253 73
40329 74
40339 76
40373 75
40455 76
40483 77
40505 76
40523 77
40584 78
40614 79
40615 80
40635 81
40645 80
40647 81
40708 82
40783 83
40999 82
41056 81
41092 80
41119 81
41140 80
41148 81
41175 80
41184 81
41328 80
41347 81
41455 82
41458 83
41574 82
41575 81
41698 80
41710 79
41739 78
41758 79
41822 78
41827 79
41857 80
41892 81
41939 80
41956 79
41967 78
41998 79
42055 78
42143 79
42167 78
42228 79
42380 80
42414 81
42439 80
42527 81
42575 80
42585 79
42592 78
42606 77
42607 78
42620 77
42658 76
42704 77
42796 78
42851 77
42852 76
42877 77
42899 76
42950 77
42951 78
42994 79
43052 78
43057 79
43063 80
43089 81
43090 82
43146 83
43181 82
43387 83
43411 82
43494 81
43503 80
43570 81
43595 80
43612 79
43640 78
43656 77
43658 78
43667 79
43719 80
43745 79
43770 78
43787 77
43802 78
43870 79
43894 78
43916 77
43927 78
43942 79
44087 78
44167 79
44175 78
44183 76
44184 77
44187 78
44206 79
44231 80
44348 79
44358 78
44365 77
44368 78
44399 79
44412 78
44439 79
44462 78
44475 79
44547 78
44563 79
44612 78
44626 77
44632 78
44707 77
44708 76
44779 75
44780 74
44833 73
44838 72
44884 71
44916 70
44932 69
44933 68
45010 69
45047 70
45081 71
45087 72
45103 71
45106 72
45174 71
45229 72
45251 73
45315 74
45346 75
45389 76
45391 77
45392 76
45399 75
45400 73
45439 74
45471 75
45483 74
45484 73
45588 74
45600 73
45622 74
45664 75
45685 74
45698 75
45747 76
45763 77
45769 76
45815 77
45831 78
45839 77
45843 78
45851 77
45867 78
45890 79
46035 79
46055 78
46076 79
46131 77
46205 78
46221 77
46226 77
46255 78
46263 78
46321 79
46331 78
46407 79
46496 78
46511 77
46516 78
46522 77
46527 76
46591 77
46599 76
46615 75
46635 74
46638 75
46661 76
46671 75
46683 74
46684 73
46691 72
46771 73
46778 73
46780 71
46781 69
46787 68
46811 69
46813 69
46814 68
46823 67
46824 66
46875 67
46878 68
46885 67
46888 66
46971 65
46972 63
46974 62
46991 63
47019 64
47051 63
47061 64
47080 63
47111 64
47203 65
47229 66
47251 67
47287 68
47299 69
47303 68
47363 69
47369 68
47375 67
47382 66
47403 67
47413 68
47427 67
47431 68
47467 69
47519 68
47525 69
47527 70
47535 69
47538 70
47567 71
47615 70
47622 71
47629 70
47634 69
47635 70
47637 70
47640 69
47655 68
47658 69
47665 70
47671 69
47679 70
47682 71
47703 72
47704 72
47724 73
47746 72
47759 73
47816 74
47822 73
47828 72
47868 73
47879 74
47903 73
47904 72
47923 73
47933 74
47956 75
47994 74
47999 73
48009 72
48013 73
48027 72
48035 73
48045 72
48067 71
48091 72
48194 71
48226 72
48229 73
48238 72
48262 72
48268 73
48271 73
48275 72
48279 71
48280 71
48282 70
48319 69
48321 70
48357 71
48359 70
48374 69
48379 70
48415 69
48440 70
48445 68
48448 67
48449 66
48453 65
48481 64
48484 63
48487 64
48529 63
48641 62
48647 61
48648 60
48679 61
48692 62
48708 63
48731 62
48732 61
48733 60
48735 61
48748 60
48820 61
48825 60
48827 61
48834 59
48875 60
48879 59
48882 58
48883 57
48885 56
48891 55
48892 54
48899 55
48915 56
48925 57
48928 56
48930 57
48946 56
48954 57
48981 58
48989 59
48995 60
49023 61
49024 62
49076 63
49078 62
49079 63
49119 64
49127 64
49130 65
49166 66
49221 67
49230 66
49232 65
49278 66
49279 65
49299 67
49381 68
49387 70
49392 71
49393 70
49431 69
49440 70
49452 69
49460 70
49482 69
49502 70
49550 71
49560 72
49563 73
49564 74
49565 75
49567 74
49654 75
49683 76
49695 75
49703 76
49736 77
49832 76
49834 77
49842 76
49874 75
49878 74
49971 75
49976 76
49979 77
50012 78
50028 77
50071 76
50089 77
50109 78
50131 77
50138 76
50161 77
50219 78
50267 77
50299 76
50315 77
50419 77
50423 78
50424 79
50444 80
50505 79
50558 80
50559 79
50569 78
50572 77
50629 78
50658 77
50697 78
50727 77
50733 76
50739 77
50744 78
50803 77
50832 76
50852 75
50884 74
50969 73
50988 74
50990 73
51071 74
51086 75
51135 76
51160 75
51163 76
51172 75
51193 76
51281 77
51293 78
51331 79
51343 80
51408 79
51507 80
51605 81
51614 80
51685 81
51690 82
51733 81
51740 80
51789 81
51871 82
51889 81
51983 80
52048 81
52083 80
52125 81
52168 80
52191 79
52236 80
52259 79
52291 80
52315 79
52371 80
52401 81
52482 82
52541 83
52698 82
52727 81
52730 82
52831 81
52873 82
52875 81
52885 82
52911 83
52950 84
52999 83
53035 82
53039 81
53042 80
53080 79
53104 78
53131 79
53374 80
53477 79
53480 78
53495 79
53630 80
53644 81
53659 80
53822 79
53882 80
53911 81
53926 82
53927 83
53935 82
53992 81
54012 80
54029 79
54071 78
54080 79
54194 80
54306 79
54359 78
54363 79
54365 78
54407 79
54410 80
54413 79
54443 78
54533 77
54547 76
54573 77
54641 78
54744 77
54779 78
54803 79
54804 78
54866 77
54903 78
54961 77
54962 76
54978 77
55043 76
55064 77
55065 78
55110 77
55193 76
55233 77
55308 76
55321 75
55367 76
55406 76
55472 75
55491 76
55522 75
55556 76
55557 75
55616 76
55695 75
55800 74
55807 75
55847 76
55853 75
55929 76
56014 77
56039 78
56075 77
56094 78
56119 77
56135 79
56171 78
56172 79
56180 80
56315 81
56316 82
56380 83
56406 82
56420 81
56458 82
56563 83
56660 84
56807 83
56950 82
56986 81
57010 80
57029 81
57037 80
57043 81
57067 80
57079 79
57131 78
57187 79
57233 80
57279 79
57345 80
57348 81
57555 80
57625 81
57643 80
57711 79
57763 80
57813 79
57825 80
57832 81
57879 82
57895 83
57921 82
58021 83
58109 82
58127 83
58173 84
58179 83
58268 82
58291 83
58318 82
58366 83
58531 82
58621 83
58650 84
58920 82
58932 81
59027 80
59043 79
59057 78
59079 79
59152 78
59203 77
59208 78
59365 79
59366 80
59401 79
59468 78
59477 79
59500 80
59617 79
59627 80
59660 79
59679 78
59717 77
59759 78
59779 77
59803 78
59887 77
59905 78
59911 79
59931 78
60002 79
60012 80
60059 79
60067 80
60124 79
60287 78
60316 79
60323 80
60353 79
60380 78
60399 77
60401 77
60402 76
60415 75
60472 76
60513 75
60604 74
60664 73
60695 74
60700 75
60704 76
60745 77
60746 76
60771 75
60797 76
60952 75
60955 76
60974 77
61023 78
61053 79
61061 78
61069 79
61146 80
61189 81
61281 82
61328 81
61412 82
61546 81
61564 82
61605 83
61629 82
61699 81
61766 82
61889 83
62085 82
62136 83
62139 84
62203 85
62208 86
62265 85
62366 86
62465 84
62530 83
62696 84
62711 83
62717 82
62742 81
62754 80
62824 79
62866 80
63044 81
63208 82
63345 81
63376 82
63390 83
63412 82
63417 83
63479 82
63584 81
63617 82
63659 81
63700 82
63748 81
63751 80
63762 79
63795 78
63838 79
63868 80
63943 79
64021 78
64113 77
64150 78
64200 79
64343 80
64376 79
64435 80
64458 81
64459 80
64466 79
64507 78
64515 79
64570 78
64604 77
64609 78
64612 79
64655 80
64670 81
64697 80
64748 81
64757 80
64758 79
64778 80
64864 79
64908 78
65066 79
65134 78
65143 79
65205 80
65228 79
65425 80
65458 81
65463 82
65549 83
65586 84
65685 83
65876 84
65885 85
65965 84
66009 85
66120 86
66142 85
66155 84
66392 83
66459 84
66567 83
66613 82
66652 81
66724 80
66732 79
66767 80
66778 81
66842 80
67062 81
67177 82
67178 81
67234 82
67268 83
67284 82
67456 83
67620 84
67713 85
67718 84
67768 85
67834 84
67891 83
67912 82
67996 81
68053 81
68095 80
68132 79
68136 78
68180 79
68356 80
68379 79
68541 80
68620 81
68655 80
68744 81
68788 80
68828 81
68829 82
68897 81
68931 80
68939 79
69056 80
69074 81
69136 80
69170 81
69204 80
69232 81
69319 82
69391 83
69448 82
69489 81
69515 82
69615 83
69639 82
69728 81
69759 80
69764 79
69816 80
69846 81
69877 80
69879 81
69881 80
69896 81
69900 80
70056 79
70156 78
70227 79
70242 80
70281 81
70346 80
70350 81
70371 82
70448 83
70477 84
70509 83
70650 84
70787 83
70883 82
70904 83
70940 84
71031 85
71163 84
71271 83
71297 84
71340 85
71368 84
71416 83
71504 84
71508 83
71580 82
71621 81
71623 80
71704 78
71766 77
71888 78
71921 77
71940 76
71947 75
71956 76
72018 77
72127 76
72147 77
72162 78
72225 79
72243 80
72324 81
72340 82
72471 83
72480 84
72620 83
72639 82
72642 83
72658 82
72700 83
72719 82
72737 81
73034 82
73072 83
73118 82
73155 83
73157 82
73165 83
73188 82
73289 83
73352 82
73420 83
73440 82
73614 81
73658 82
73730 83
73750 82
73770 81
73824 80
73840 81
73914 80
73920 82
74045 83
74164 82
74188 83
74191 82
74215 81
74300 80
74340 81
74360 82
74496 81
74534 82
74610 81
74614 80
74676 81
74825 82
74920 81
74943 80
74963 81
75012 82
75039 83
75040 82
75149 81
75204 79
75288 78
75314 79
75368 80
75398 78
75412 77
75432 78
75478 77
75485 78
75522 79
75563 80
75596 81
75723 82
75788 81
75893 82
75979 81
76024 83
76039 82
76200 83
76288 84
76339 85
76427 84
76477 83
76481 84
76505 83
76642 82
76668 83
76772 82
76867 81
76896 80
76968 81
77016 80
77105 81
77108 82
77215 83
77305 82
77347 83
77358 82
77366 83
77450 82
77522 81
77532 82
77579 81
77653 82
77792 83
77811 82
77923 81
77960 80
78005 81
78008 80
78130 81
78164 82
78211 81
78213 82
78231 83
78256 82
78266 83
78339 82
78372 83
78373 84
78384 85
78414 84
78842 83
78888 82
78902 81
78932 82
78996 81
79036 80
79120 79
79131 80
79134 81
79162 80
79204 79
79296 80
79344 81
79412 82
79468 81
79477 80
79530 79
79578 78
79580 79
79586 78
79619 79
79688 80
79692 79
79694 78
79716 77
79868 76
79935 77
79990 78
79992 79
80128 78
80135 77
80146 78
80191 77
80204 76
80255 77
80287 78
80291 77
80292 78
80344 79
80374 80
80382 81
80384 80
80514 81
80534 80
80696 81
80701 82
80735 81
80817 82
80819 81
80841 82
80848 81
80876 80
80893 79
80954 78
81025 77
81039 76
81077 75
81101 76
81104 77
81132 78
81280 77
81291 76
81301 75
81377 76
81398 75
81581 76
81592 77
81631 76
81641 77
81697 78
81708 79
81710 80
81716 79
81720 80
81731 81
81774 82
81797 83
81900 84
81977 85
82098 86
82110 85
82208 84
82356 83
82363 82
82391 81
82393 80
82394 79
82400 78
82417 79
82473 78
82496 77
82504 78
82553 77
82714 78
82717 77
82780 78
82806 78
82808 77
82828 76
83027 75
83042 76
83105 77
83127 78
83172 77
83200 76
83228 75
83259 76
83290 77
83301 78
83342 77
83368 78
83378 77
83444 76
83501 77
83525 78
83544 77
83620 78
83676 79
83728 80
83760 79
83793 80
83807 81
83820 82
83837 81
83843 80
83960 81
84012 82
84068 83
84112 84
84209 85
84249 84
84292 83
84442 84
84578 83
84585 82
84626 81
84638 80
84673 81
84680 80
84745 81
84880 82
84885 81
84916 82
84996 81
85116 82
85168 81
85194 80
85196 81
85232 82
85279 83
85309 82
85319 81
85425 80
85525 81
85556 82
85633 83
85674 82
85764 81
85829 82
85865 81
85909 82
86001 81
86005 82
86062 81
86065 80
86167 81
86415 82
86510 83
86536 81
86624 82
86806 83
86873 82
86883 83
86907 84
86927 85
86946 84
86988 83
86995 82
87068 83
87109 82
87115 81
87134 80
87152 79
87194 78
87196 77
87335 78
87364 79
87469 80
87502 79
87648 78
87688 79
87716 78
87823 79
87825 80
87870 81
87896 80
87992 79
88020 78
88021 79
88023 80
88027 79
88042 80
88087 81
88143 80
88172 79
88184 78
88312 79
88328 80
88369 81
88546 80
88551 79
88640 80
88696 81
88697 82
88712 83
88812 82
88896 81
88975 80
89008 79
89025 78
89047 77
89127 76
89136 77
89140 78
89216 79
89220 80
89223 79
89226 80
89234 79
89268 78
89350 79
89440 78
89548 79
89567 80
89711 79
89829 80
89830 79
89864 80
89880 81
89964 82
89982 83
89987 84
90092 83
90096 82
90134 81
90140 80
90158 79
90168 80
90177 81
90179 80
90214 79
90268 80
90289 79
90297 78
90303 79
90436 78
90461 79
90552 80
90586 81
90588 80
90616 79
90676 80
90682 79
90784 80
90856 81
90921 80
91004 81
91077 80
91196 81
91236 82
91259 81
91319 82
91339 83
91372 84
91393 85
91427 84
91510 85
91616 84
91640 83
91729 82
91895 83
91903 84
91944 83
91980 82
92039 81
92156 82
92174 83
92190 82
92261 83
92308 82
92429 81
92469 82
92516 83
92517 82
92565 81
92652 82
92675 81
92734 80
92764 82
92865 81
92948 80
92986 81
93029 80
93116 81
93208 80
93217 81
93236 82
93261 81
93272 82
93296 83
93326 84
93345 85
93392 86
93421 85
93456 83
93474 82
93504 83
93580 81
93740 80
93787 79
93853 78
93854 77
93872 78
93884 77
93888 78
93892 77
93900 78
93952 76
94011 77
94040 78
94109 77
94129 76
94137 77
94265 78
94288 79
94329 78
94464 77
94489 78
94521 79
94546 80
94568 81
94600 82
94649 81
94657 80
94664 79
94682 80
94697 81
94752 82
94808 83
94832 82
94843 83
94856 84
94892 83
94896 82
95121 81
95144 80
95274 79
95276 80
95343 79
95344 78
95349 77
95390 78
95397 77
95424 78
95532 79
95718 80
95757 81
95779 82
95812 83
95870 84
95893 83
95956 82
95970 83
96076 84
96151 85
96176 84
96179 85
96208 86
96335 85
96395 84
96552 83
96668 82
96676 83
96687 82
96696 81
96704 80
96792 79
96829 80
96868 79
96881 78
97020 79
97101 80
97111 79
97123 78
97191 79
97219 78
97252 79
97369 78
97498 78
97568 79
97602 80
97644 81
97657 82
97660 81
97748 82
97751 83
97775 82
97779 81
97814 80
97832 79
97868 80
97962 79
98005 78
98008 79
98119 78
98201 79
98240 78
98244 79
98280 80
98305 79
98312 78
98379 79
98444 80
98464 81
98558 80
98564 79
98580 78
98681 77
98708 76
98772 75
98798 76
98829 77
98856 78
98894 79
98921 78
98994 79
98996 80
99011 81
99020 80
99024 81
99077 80
99088 81
99090 82
99092 83
99150 82
99332 83
99356 82
99403 81
99473 80
99500 79
99664 78
99666 77
99710 76
99713 75
99723 74
99732 73
99744 74
99749 75
99835 76
99836 77
99882 78
99977 77
100001 78
100012 79
100056 80
100189 79
100211 78
100256 77
100288 78
100336 77
100383 78
100492 79
100500 78
100510 79
100540 78
100544 79
100632 80
100634 81
100666 82
100686 81
100708 82
100899 81
100909 80
100912 79
100937 78
100960 79
100976 78
100998 79
101124 80
101158 79
101201 78
101240 77
101244 76
101389 75
101416 74
101428 76
101465 77
101488 78
101497 79
101518 78
101526 79
101578 80
101654 81
101708 80
101738 79
101805 80
101852 81
101874 80
101915 81
101920 82
101961 81
101997 80
102058 81
102060 82
102081 83
102119 82
102130 81
102173 82
102195 83
102376 84
102580 85
102638 84
102642 83
102679 82
102724 81
102745 80
102799 79
102806 80
102876 79
102925 80
102966 79
103001 78
103028 77
103183 78
103294 79
103334 78
103375 77
103422 78
103426 79
103509 80
103531 79
103571 80
103597 79
103612 80
103669 79
103672 80
103683 79
103733 78
103819 77
103839 76
103979 75
104012 76
104053 77
104083 78
104148 79
104150 80
104185 79
104208 78
104218 79
104256 78
104274 77
104324 78
104332 79
104347 78
104395 77
104418 78
104483 77
104512 78
104612 77
104645 78
104688 79
104730 80
104744 79
104758 80
104859 79
104871 80
104884 79
104888 80
104976 79
104985 80
105077 78
105124 77
105196 78
105285 79
105299 80
105352 81
105384 80
105444 79
105457 78
105467 77
105504 78
105532 79
105560 80
105563 79
105651 78
105669 77
105684 78
105692 77
105723 76
105741 77
105786 76
105815 75
105921 76
105932 77
105940 76
106133 77
106163 76
106252 77
106301 78
106316 79
106344 81
106400 82
106438 83
106443 84
106452 85
106474 84
106548 85
106556 84
106740 85
106763 84
106842 83
106873 81
106946 80
106961 81
107183 82
107188 81
107203 80
107234 79
107257 78
107271 77
107317 78
107399 77
107431 78
107510 79
107544 78
107574 79
107781 80
107811 81
107860 80
107925 81
108040 80
108080 79
108127 80
108184 79
108190 80
108264 81
108288 80
108348 81
108383 80
108387 81
108590 82
108597 84
108640 85
108690 84
108717 83
108751 82
108796 81
108827 82
108925 83
108977 82
108988 81
109043 82
109048 83
109096 82
109104 83
109152 81
109212 80
109332 78
109352 79
109388 78
109420 77
109465 78
109537 77
109544 78
109611 79
109720 80
109768 81
109824 80
109844 81
109877 80
109892 81
109896 82
109926 83
109959 82
109983 83
110024 84
110037 83
110044 82
110229 81
110264 80
110324 81
110382 82
110386 83
110493 82
110512 81
110540 80
110603 79
110684 80
110754 81
110780 82
110854 81
110915 80
110942 79
110953 80
110972 81
110976 80
111140 79
111152 80
111197 79
111246 80
111260 81
111291 80
111337 81
111376 80
111427 81
111432 80
111443 79
111527 78
111549 79
111611 80
111632 81
111692 80
111728 81
111753 82
111814 81
111896 80
111996 79
112000 79
112028 78
112074 79
112137 80
112180 81
112202 80
112263 79
112266 78
112457 79
112488 77
112510 78
112524 79
112533 80
112587 79
112660 80
112728 81
112770 82
112775 81
112832 80
112835 81
112874 80
112900 78
112902 79
113044 80
113047 81
113160 80
113208 81
113286 80
113341 81
113366 80
113423 79
113540 78
113621 78
113664 79
113753 78
113809 79
113862 80
113890 79
113905 78
113908 79
113955 80
113971 81
113972 80
114088 81
114169 80
114240 81
114362 82
114451 81
114452 80
114519 81
114558 82
114592 81
114597 82
114652 81
114716 80
114720 81
114767 82
114836 81
114846 80
114952 81
115061 80
115114 81
115144 80
115152 79
115295 80
115336 82
115352 83
115405 82
115441 83
115456 82
115516 83
115591 82
115593 81
115600 80
115717 79
115764 80
115928 81
115977 80
116019 81
116022 80
116037 81
116080 80
116153 81
116186 80
116196 78
116197 79
116242 80
116259 79
116280 78
116381 79
116396 80
116417 79
116488 80
116504 79
116529 78
116533 77
116539 76
116561 75
116696 76
116697 77
116721 78
116731 79
116759 78
116816 77
116830 76
116888 77
116929 78
116940 77
117000 76
117027 77
117028 78
117054 79
117073 78
117079 77
117107 76
117148 77
117202 76
117221 77
117330 76
117406 75
117411 76
117430 75
117437 76
117496 75
117500 74
117518 73
117534 74
117547 75
117598 74
117610 73
117660 74
117668 75
117680 74
117688 76
117699 77
117715 78
117740 77
117742 76
117785 77
117838 78
117892 79
118024 78
118046 79
118091 80
118160 79
118162 78
118180 79
118248 78
118297 79
118363 80
118365 81
118392 82
118420 81
118466 80
118484 81
118571 81
118608 82
118696 81
118792 80
118920 81
118948 82
118980 81
118995 80
119059 81
119164 80
119294 79
119365 78
119375 79
119411 80
119413 79
119474 78
119479 77
119536 76
119568 77
119599 78
119635 79
119649 80
119872 79
119920 78
119954 77
119970 78
119995 79
120016 78
120020 79
120039 78
120156 79
120226 78
120228 79
120276 78
120302 79
120392 80
120434 81
120605 82
120644 83
120726 82
120832 84
120848 83
120896 82
120907 83
120924 82
120987 83
121044 82
121051 81
121070 82
121097 81
121188 82
121307 81
121321 80
121523 81
121561 80
121654 79
121760 78
121777 79
121813 78
121847 79
121863 80
121864 81
121891 80
121908 79
121911 78
121975 79
122004 78
122010 79
122253 78
122259 79
122354 80
122357 81
122390 80
122480 81
122552 80
122560 81
122627 82
122643 81
122656 82
122886 83
122914 84
122941 83
122942 84
123015 83
123053 84
123055 83
123075 84
123079 85
123120 84
123245 83
123248 82
123282 81
123291 80
123439 79
123473 78
123480 79
123525 80
123610 81
123612 80
123708 81
123722 80
123756 81
123800 80
123933 81
123936 82
123968 81
123984 80
123985 78
123998 79
124100 78
124101 79
124105 80
124236 81
124264 82
124277 81
124302 82
124340 81
124403 80
124405 81
124487 80
124540 81
124541 82
124592 83
124600 82
124805 81
124807 80
124874 79
124958 78
124985 77
125096 76
125097 75
125148 74
125153 75
125168 76
125172 77
125241 78
125316 79
125355 80
125468 80
125472 81
125500 82
125527 83
125578 82
125621 83
125649 82
125723 83
125744 84
125953 85
125970 84
125987 83
126100 82
126199 83
126206 84
126208 83
126231 82
126320 81
126327 80
126533 81
126640 80
126671 81
126700 80
126764 81
126863 82
126940 83
126957 81
126958 80
126962 79
126968 80
126976 81
127027 80
127074 81
127140 80
127149 79
127196 78
127216 79
127357 80
127420 81
127439 82
127520 83
127575 84
127628 85
127686 84
127724 85
127788 84
127801 85
127820 84
127888 85
127940 84
127965 83
128000 82
128180 81
128202 80
128336 79
128349 80
128375 79
128386 80
128394 79
128465 80
128508 79
128560 80
128570 79
128697 78
128711 79
128728 80
128742 79
128774 78
128802 77
128804 76
128896 77
128912 76
129140 77
129143 78
129204 79
129269 81
129311 80
129353 81
129372 82
129398 83
129420 82
129424 83
129490 84
129584 85
129606 84
129621 85
129694 84
129820 85
129916 84
129990 83
130030 82
130079 81
130216 80
130223 79
130270 80
130288 79
130328 78
130346 79
130356 78
130360 79
130374 78
130385 77
130446 78
130478 77
130483 78
130524 79
130540 80
130587 81
130605 79
130744 78
130768 77
130793 76
130838 75
130849 74
130853 75
130860 74
130951 75
131029 73
131045 72
131106 73
131109 72
131164 71
131177 71
131226 72
131232 73
131240 74
131241 75
131304 74
131319 75
131336 76
131612 77
131624 78
131636 79
131650 80
131688 81
131700 80
131801 81
131832 82
131857 83
131868 82
131940 83
131969 84
131984 83
132037 84
132042 83
132078 82
132213 83
132279 82
132318 81
132340 80
132365 81
132457 79
132584 80
132589 79
132603 80
132627 79
132765 80
132813 79
132828 80
132834 81
132872 82
132970 81
132971 82
132984 83
133074 82
133091 83
133153 82
133226 83
133353 82
133478 81
133504 82
133505 81
133547 82
133664 83
133703 82
133790 83
133815 82
134070 83
134105 82
134288 83
134305 82
134315 83
134369 82
134451 83
134485 84
134505 83
134574 82
134594 83
134697 82
134866 83
134913 82
134933 83
135025 82
135038 81
135115 82
135128 81
135258 82
135268 81
135397 80
135437 79
135475 80
135549 79
135601 78
135620 77
135633 78
135750 77
135782 76
135811 77
135812 78
135849 77
135868 78
135869 79
135874 78
135968 77
136043 76
136049 77
136104 78
136142 79
136185 80
136195 79
136213 78
136266 79
136297 80
136412 79
136418 78
136445 80
136497 81
136509 80
136528 81
136578 82
136600 81
136701 80
136734 79
136753 80
136814 81
136825 80
136864 79
136942 78
137045 77
137069 76
137084 77
137102 78
137113 77
137117 78
137274 77
137309 78
137364 79
137496 80
137565 81
137589 82
137597 83
137639 82
137674 83
137681 84
137687 85
137714 86
137719 87
138077 86
138143 85
138222 84
138293 83
138295 82
138318 81
138388 82
138395 81
138429 80
138445 78
138497 77
138583 76
138647 75
138657 76
138679 75
138700 77
138733 76
138758 75
138843 76
138857 75
138985 76
138989 77
139002 78
139140 79
139191 80
139192 81
139362 82
139424 81
139533 81
139538 82
139555 83
139572 82
139623 81
139634 82
139733 81
139759 80
139781 81
139830 82
139870 83
139929 82
139985 83
140037 82
140077 81
140082 82
140165 83
140272 82
140279 83
140364 84
140384 85
140491 84
140510 83
140527 82
140593 83
140667 82
140677 83
140738 82
140761 83
140877 82
140901 81
140904 80
141022 79
141027 78
141051 79
141097 80
141212 79
141313 78
141383 77
141417 76
141465 75
141487 76
141495 77
141502 78
141530 79
141564 80
141601 79
141666 80
141689 81
141720 80
141755 79
141785 78
141867 79
141937 80
142088 81
142093 82
142100 83
142123 82
142150 83
142153 82
142246 83
142265 82
142267 81
142424 82
142517 83
142557 84
142645 83
142660 82
142765 81
142806 82
142834 81
142897 80
142969 81
143161 82
143199 81
143236 80
143241 81
143281 82
143328 81
143347 80
143383 81
143501 82
143508 83
143637 82
143724 83
143725 84
143750 83
143899 82
143957 83
144030 84
144045 83
144100 82
144111 83
144118 82
144173 83
144265 82
144445 81
144479 80
144485 79
144504 80
144538 79
144569 78
144650 79
144738 80
144749 79
144774 80
144837 81
144897 80
144917 81
144922 80
144938 79
144971 80
145095 79
145120 78
145121 77
145261 78
145301 79
145313 80
145340 81
145461 80
145477 81
145494 80
145575 81
145661 82
145725 81
145729 80
145741 81
145746 80
145813 81
145905 82
145921 81
146181 82
146233 81
146255 82
146259 81
146298 82
146341 81
146349 80
146380 79
146399 80
146435 79
146441 80
146571 81
146671 82
146689 83
146735 82
146753 81
146801 82
146889 81
146954 80
146973 79
146992 78
147117 77
147177 78
147237 79
147253 80
147293 81
147326 82
147401 81
147405 82
147421 81
147453 80
147497 81
147515 82
147562 81
147580 82
147646 81
147708 82
147787 81
147862 80
147881 81
147899 82
147956 81
148023 80
148085 79
148111 78
148199 79
148201 80
148237 79
148268 80
148282 81
148308 82
148433 83
148457 82
148493 83
148513 82
148517 83
148553 82
148708 83
148825 82
148888 81
148893 80
148902 79
148905 78
148911 79
148941 78
148993 79
149068 78
149161 79
149181 78
149195 77
149207 78
149269 79
149393 80
149411 79
149466 80
149493 81
149541 80
149652 81
149671 80
149681 81
149749 82
149805 81
149831 82
149861 83
149875 82
149921 83
149956 82
150033 81
150034 80
150228 81
150233 82
150258 83
150299 84
150320 83
150382 82
150546 83
150613 82
150626 83
150657 84
150689 83
150710 82
150753 81
150983 80
151023 81
151069 82
151110 81
151125 82
151150 81
151220 82
151259 83
151305 84
151341 83
151365 82
151420 81
151452 82
151529 81
151530 80
151544 79
151557 78
151566 79
151572 78
151573 77
151664 76
151785 77
151811 78
151825 77
151841 78
151862 77
151962 76
152001 77
152023 78
152112 79
152181 80
152215 81
152237 82
152321 83
152447 84
152456 85
152469 84
152502 85
152709 84
152721 85
152766 86
152836 85
152938 84
153043 85
153109 84
153144 83
153153 84
153211 83
153267 84
153372 83
153469 82
153493 81
153535 80
153544 81
153577 80
153720 81
153751 80
153781 81
153859 82
153901 83
153904 82
153913 83
154033 84
154056 83
154124 84
154190 83
154312 82
154335 81
154453 80
154461 81
154466 80
154487 81
154530 80
154568 81
154580 82
154622 83
154691 82
154768 81
154838 80
154842 81
154898 82
154928 83
155039 84
155065 83
155075 84
155237 83
155241 82
155264 83
155357 84
155377 83
155512 82
155516 81
155538 82
155609 81
155801 79
155817 78
155826 77
155891 76
155936 75
155943 76
155945 77
155964 76
155978 75
156001 76
156041 77
156092 78
156273 79
156287 78
156318 77
156333 76
156403 77
156419 76
156422 75
156435 76
156488 77
156494 78
156521 79
156589 81
156605 82
156645 83
156672 82
156702 81
156731 82
156791 81
156817 80
156864 79
156974 80
156995 79
157005 78
157065 77
157152 76
157167 77
157175 76
157256 77
157285 74
157305 75
157316 76
157391 77
157455 78
157469 77
157502 78
157594 79
157633 80
157761 81
157766 82
157798 81
157838 82
157881 83
157909 84
158038 83
158052 82
158067 83
158073 84
158237 85
158268 84
158303 83
158397 82
158425 81
158456 80
158485 79
158514 80
158577 79
158587 78
158617 77
158641 78
158659 77
158810 78
158817 77
158825 76
158911 75
158993 76
159015 77
159017 78
159141 77
159145 78
159276 77
159298 78
159309 79
159398 78
159402 79
159456 80
159493 81
159557 82
159636 83
159834 84
159883 83
159899 84
159981 85
160024 84
160061 83
160111 84
160129 83
160149 84
160254 83
160257 82
160386 81
160625 82
160642 81
160648 80
160760 79
160764 80
160853 79
160902 80
160997 78
161041 79
161089 80
161093 81
161120 82
161180 83
161365 82
161379 81
161446 80
161472 79
161544 78
161575 77
161625 76
161627 75
161684 76
161686 75
161697 76
161779 77
161886 78
161891 79
161893 80
161917 81
162119 80
162127 82
162227 81
162298 80
162346 81
162357 82
162521 83
162608 82
162631 83
162656 84
162661 83
162678 82
162737 81
162773 80
162854 79
162894 80
162974 79