0 81
21 80
81 81
90 80
161 81
164 80
177 81
200 82
254 81
305 82
422 83
435 84
437 85
513 84
556 83
669 84
689 83
731 82
752 81
844 80
880 81
896 80
948 81
973 82
999 81
1059 80
1082 81
1086 80
1087 79
1129 80
1133 79
1178 80
1252 79
1268 78
1342 79
1457 78
1500 77
1515 78
1541 79
1578 78
1611 79
1653 78
1741 79
1794 80
1873 79
1924 78
1931 79
1933 80
1997 79
2029 80
2125 81
2172 82
2177 81
2186 80
2317 81
2322 82
2323 81
2374 82
2378 81
2379 80
2516 79
2571 80
2600 81
2621 82
2698 81
2704 80
2707 79
2737 78
2793 77
2856 78
2981 77
3057 78
3085 79
3109 78
3136 77
3154 78
3169 79
3176 80
3201 81
3261 82
3287 81
3343 80
3369 79
3484 80
3503 79
3522 80
3541 81
3609 82
3671 83
3725 82
3774 81
3787 80
3798 79
3869 80
3931 81
3955 82
4117 81
4156 82
4165 81
4197 82
4204 83
4221 81
4301 80
4392 81
4421 82
4721 83
4763 84
4773 83
4797 82
4806 83
4841 82
4846 81
4934 80
4960 79
5010 80
5157 81
5223 80
5233 79
5236 78
5245 79
5250 80
5293 79
5334 78
5365 79
5449 80
5518 81
5523 82
5581 81
5584 80
5594 79
5609 80
5698 79
5705 78
5738 77
5791 78
5901 79
5923 80
5957 81
5967 80
5969 79
6008 80
6015 80
6017 78
6020 77
6024 77
6031 76
6081 77
6093 78
6114 79
6176 80
6203 81
6213 80
6215 79
6224 78
6257 77
6388 76
6445 75
6448 74
6462 75
6594 74
6622 75
6626 74
6653 73
6655 74
6659 75
6664 74
6668 73
6670 73
6748 74
6785 75
6817 74
6938 75
6945 74
7004 75
7087 76
7099 75
7100 74
7124 75
7153 76
7165 77
7201 78
7220 77
7221 76
7230 77
7282 76
7312 75
7315 74
7339 75
7377 76
7413 77
7436 78
7459 79
7465 80
7503 81
7557 80
7635 79
7648 80
7691 79
7710 78
7713 79
7722 78
7777 79
7790 80
7800 81
7805 80
7806 79
7807 77
7880 78
7916 79
7926 77
7929 76
7953 75
8065 76
8085 77
8088 76
8121 75
8181 74
8186 73
8189 74
8203 73
8225 74
8300 73
8304 74
8309 74
8326 75
8345 76
8351 75
8355 74
8410 75
8422 74
8427 73
8429 73
8504 72
8549 71
8553 72
8571 71
8580 72
8589 72
8613 73
8674 72
8699 71
8700 72
8701 71
8726 72
8747 73
8749 72
8790 71
8793 70
8795 69
8832 70
8836 71
8857 72
8893 73
8898 74
8907 73
8908 72
8923 71
8963 70
8965 69
8989 70
9003 71
9008 70
9105 69
9106 70
9108 69
9118 68
9125 69
9133 68
9178 69
9207 70
9222 71
9241 72
9317 73
9351 74
9363 75
9413 74
9417 73
9469 74
9475 75
9488 74
9515 74
9533 73
9534 74
9542 73
9543 71
9554 69
9557 68
9585 66
9590 65
9592 66
9593 67
9602 64
9623 65
9654 66
9691 67
9710 68
9718 68
9721 67
9726 66
9752 65
9761 66
9769 65
9777 63
9825 64
9856 65
9857 64
9859 65
9872 66
9902 67
9907 66
9911 67
9924 68
9926 67
9938 68
9940 67
10005 68
10013 66
10017 67
10029 66
10033 67
10049 68
10057 67
10069 68
10079 69
10083 70
10100 71
10109 70
10143 71
10203 70
10217 71
10219 70
10222 69
10265 68
10293 70
10301 69
10306 70
10323 71
10325 70
10341 69
10409 69
10417 70
10429 71
10436 72
10468 73
10481 72
10526 71
10539 72
10541 73
10576 74
10597 73
10602 72
10656 71
10677 72
10685 71
10705 70
10721 71
10733 72
10827 73
10857 74
10951 75
10971 76
10993 77
11022 76
11065 75
11072 74
11077 75
11078 76
11125 75
11138 76
11169 77
11185 78
11226 79
11265 78
11337 79
11350 80
11382 79
11416 78
11447 77
11462 78
11512 77
11574 76
11628 75
11749 76
11782 75
11812 76
11824 75
11841 74
11867 75
11908 76
11945 77
11965 76
12010 75
12086 74
12098 73
12118 74
12186 73
12192 74
12195 75
12229 74
12263 75
12297 76
12300 77
12307 78
12314 79
12318 78
12377 77
12482 76
12513 77
12564 76
12601 77
12612 78
12643 79
12700 80
12705 79
12717 78
12813 77
12863 76
12873 77
12929 78
12942 79
12988 80
12991 81
13039 80
13052 79
13121 77
13152 78
13186 77
13276 76
13341 77
13376 77
13409 78
13421 79
13453 80
13479 79
13489 78
13497 79
13593 80
13598 79
13615 80
13628 81
13669 82
13713 83
13748 84
13758 85
13927 84
14044 85
14105 84
14261 85
14290 86
14365 85
14396 84
14402 83
14413 84
14471 83
14605 82
14652 81
14675 80
14790 79
14801 80
14987 81
15097 82
15127 81
15224 82
15345 81
15380 82
15399 83
15430 82
15521 81
15532 80
15550 79
15551 80
15609 81
15838 80
15840 81
15869 82
15917 81
16020 82
16162 83
16173 84
16215 83
16223 81
16268 80
16405 79
16441 78
16486 79
16496 80
16501 81
16521 80
16645 81
16661 80
16696 81
16789 82
16829 80
16981 81
17026 80
17033 81
17043 82
17094 83
17197 82
17223 83
17307 82
17345 81
17375 80
17449 81
17613 82
17625 83
17635 82
17681 81
17701 80
17798 79
17821 80
17833 81
17841 82
18075 83
18120 82
18149 83
18197 82
18223 81
18233 82
18260 83
18416 82
18464 83
18510 84
18649 83
18663 82
18681 81
18734 82
18773 83
18837 82
18870 81
18885 80
18942 81
18997 82
19012 81
19115 80
19193 81
19194 80
19218 79
19264 80
19301 81
19311 80
19426 81
19512 82
19600 81
19696 82
19698 83
19712 84
19752 85
19793 84
19797 85
19943 84
19952 83
19955 82
19979 81
19980 82
20018 83
20053 82
20093 81
20229 80
20394 79
20422 78
20446 79
20460 78
20537 77
20538 78
20553 79
20564 80
20577 81
20619 80
20689 81
20699 82
20948 83
20957 82
21064 83
21082 82
21094 81
21169 80
21200 79
21232 80
21277 79
21281 80
21405 79
21511 80
21525 81
21528 82
21540 83
21725 82
21730 81
21797 80
21853 81
21881 82
21886 83
21906 82
21972 80
22017 79
22069 78
22142 77
22200 76
22201 77
22321 78
22477 77
22496 78
22536 79
22568 78
22583 79
22588 78
22607 77
22614 78
22670 77
22715 78
22758 77
22782 76
22796 77
22813 76
22865 75
22955 76
23017 77
23047 76
23078 77
23100 78
23113 79
23129 76
23133 77
23181 76
23222 77
23227 78
23310 77
23316 76
23325 75
23347 76
23387 77
23436 78
23437 79
23449 80
23477 81
23514 82
23593 81
23684 80
23721 81
23794 82
23833 83
23899 82
23965 81
23976 80
23997 81
24034 82
24040 81
24059 82
24089 81
24319 80
24320 81
24374 82
24397 83
24417 82
24437 83
24445 81
24457 80
24557 79
24558 78
24619 77
24642 76
24758 77
24798 76
24844 77
24865 78
24874 79
25013 80
25148 79
25286 80
25292 81
25295 82
25296 81
25329 82
25425 83
25448 82
25483 81
25484 82
25570 81
25577 82
25778 83
25853 82
25871 81
25876 80
25883 79
25885 78
25899 77
25926 76
25965 77
25984 78
25988 79
26071 80
26081 78
26088 79
26097 78
26118 77
26284 78
26497 79
26580 78
26605 79
26625 78
26661 79
26680 80
26713 79
26725 77
26760 78
26768 79
26879 80
26961 81
27005 82
27012 81
27034 82
27053 81
27163 80
27174 81
27189 82
27209 81
27300 80
27416 79
27429 78
27434 79
27445 80
27473 81
27601 82
27628 81
27637 82
27645 83
27667 82
27701 81
27827 80
27837 79
27909 80
27968 81
27981 82
28098 81
28129 82
28159 81
28175 82
28185 83
28194 82
28314 81
28418 82
28441 81
28501 80
28511 81
28583 80
28592 81
28612 80
28694 78
28838 77
29026 78
29062 79
29095 78
29114 79
29201 80
29266 81
29278 80
29295 79
29351 80
29393 81
29394 82
29510 81
29512 80
29514 79
29682 80
29707 81
29777 82
29800 83
29887 82
29907 83
30035 84
30178 82
30216 83
30232 84
30358 83
30383 82
30433 81
30465 82
30466 83
30551 82
30674 83
30693 82
30727 81
30776 80
30865 81
30877 82
30890 83
30917 82
30931 83
30987 82
30999 83
31050 82
31147 83
31161 82
31176 81
31205 82
31333 83
31365 82
31412 83
31455 82
31463 81
31496 82
31509 83
31608 82
31622 83
31729 84
31867 83
31961 84
32007 83
32109 82
32148 83
32182 84
32209 83
32547 84
32693 83
32710 84
32713 83
32747 82
32748 81
32801 82
32826 83
32926 84
32989 83
33079 82
33123 83
33215 82
33221 81
33253 82
33290 83
33324 82
33414 81
33454 80
33558 81
33687 82
33713 81
33717 80
33732 81
33741 82
33745 81
33810 80
33829 81
33850 82
33885 81
34066 82
34155 81
34234 82
34242 81
34331 80
34337 79
34338 80
34343 79
34393 80
34433 81
34450 80
34460 81
34609 80
34717 81
34719 82
34747 83
34762 82
34837 81
34857 80
34905 81
34909 80
35056 81
35061 80
35155 81
35196 80
35210 79
35213 78
35324 79
35325 80
35490 81
35537 80
35575 81
35666 82
35685 83
35737 82
35818 81
35828 80
35874 79
35905 78
35906 79
35965 78
36006 79
36074 78
36109 77
36137 78
36208 79
36289 80
36300 81
36322 82
36326 81
36335 80
36423 81
36457 82
36482 81
36509 82
36541 81
36597 80
36669 81
36681 80
36713 79
36725 80
36768 81
36893 82
36914 81
36919 82
36987 83
37042 82
37053 81
37102 80
37137 79
37202 80
37221 79
37226 80
37401 81
37413 82
37520 83
37532 84
37593 85
37598 86
37607 87
37641 86
37655 85
37691 84
37711 83
37712 84
37732 83
37793 82
37799 81
38013 80
38181 81
38209 82
38333 81
38493 80
38497 81
38502 81
38548 82
38651 81
38770 80
38799 79
38841 80
38860 79
38868 78
38915 77
38925 78
38988 77
39073 76
39089 77
39215 78
39221 77
39298 78
39402 79
39405 80
39625 79
39775 80
39817 79
39871 80
39927 81
39958 82
39981 83
40032 84
40107 85
40150 86
40322 86
40379 85
40387 84
40389 83
40510 82
40526 81
40581 82
40629 83
40632 82
40781 83
40880 82
41022 83
41054 82
41071 83
41078 82
41126 81
41145 80
41192 79
41254 78
41289 79
41365 78
41409 77
41450 76
41484 75
41491 76
41515 77
41517 78
41564 77
41669 76
41719 75
41735 74
41809 73
41827 74
41845 73
41850 74
41906 74
41953 73
41975 74
41984 73
42029 74
42146 75
42162 76
42193 77
42196 78
42199 79
42289 80
42292 81
42387 82
42413 83
42570 82
42573 83
42610 82
42630 81
42723 80
42726 79
42773 80
42785 79
42786 78
42924 79
42939 80
42962 79
42965 78
43085 79
43185 80
43248 79
43265 80
43286 81
43301 80
43346 81
43375 80
43423 81
43426 82
43427 83
43525 82
43544 81
43613 82
43700 81
43735 82
43854 83
43901 84
44014 83
44033 84
44044 83
44050 84
44097 83
44138 82
44157 83
44165 82
44220 81
44250 82
44270 83
44340 82
44365 81
44442 80
44587 81
44645 80
44722 81
44728 80
44742 79
44805 78
44806 79
44836 78
44928 79
45017 78
45080 79
45153 78
45187 77
45226 76
45284 77
45476 79
45504 80
45540 79
45581 78
45582 77
45613 78
45661 77
45697 76
45700 77
45710 78
45720 79
45747 80
45749 79
45775 78
45807 79
45820 78
45880 77
45965 76
45969 75
46038 76
46048 77
46078 78
46161 79
46196 78
46209 77
46214 76
46229 77
46273 78
46297 77
46324 76
46373 77
46422 78
46472 79
46579 78
46613 79
46693 78
46696 77
46712 78
46765 79
46833 80
46934 79
46941 78
46957 77
46977 78
46980 79
46991 78
47150 79
47205 80
47233 79
47306 78
47331 79
47378 78
47389 77
47401 78
47412 77
47422 76
47451 77
47482 76
47491 77
47582 78
47689 79
47714 78
47739 79
47741 78
47745 79
47746 80
47787 79
47892 78
47912 79
47913 78
47931 79
47979 80
47997 79
48017 80
48039 79
48051 78
48105 77
48158 76
48160 77
48192 78
48284 77
48358 78
48413 79
48426 78
48440 79
48477 78
48497 79
48524 78
48554 79
48689 80
48744 81
48753 82
48814 81
48889 80
48893 79
48902 78
49044 77
49069 76
49085 75
49109 76
49126 77
49129 78
49167 77
49192 78
49195 77
49197 78
49219 79
49282 80
49289 79
49401 81
49429 82
49457 81
49481 82
49506 81
49553 80
49612 79
49636 78
49675 79
49833 80
49857 81
49869 83
49925 82
50017 81
50024 80
50104 81
50109 80
50143 79
50147 78
50158 79
50180 78
50197 77
50238 76
50263 77
50320 78
50333 77
50339 78
50374 77
50405 78
50461 79
50491 78
50529 79
50569 78
50692 79
50726 78
50732 79
50749 78
50753 79
50771 78
50812 79
50858 78
50878 79
50941 78
50965 79
50981 80
50985 81
51027 82
51086 81
51108 80
51114 79
51143 78
51161 79
51193 80
51249 81
51309 82
51365 83
51401 82
51432 81
51460 82
51464 83
51498 82
51525 83
51607 82
51633 81
51713 82
51783 83
51853 82
51927 83
51987 82
52262 83
52281 82
52286 81
52292 80
52382 81
52403 82
52450 83
52493 84
52513 83
52516 82
52591 83
52595 83
52625 82
52626 81
52710 82
52753 83
52863 82
52866 81
52894 80
52926 81
53057 82
53185 83
53211 82
53221 81
53297 80
53301 81
53345 82
53369 81
53436 82
53502 82
53582 83
53721 82
53747 81
53777 80
53808 79
53933 78
54110 77
54167 78
54213 79
54238 80
54239 79
54272 80
54276 81
54302 80
54350 79
54368 80
54394 81
54408 82
54459 81
54634 82
54635 83
54649 82
54797 83
54853 84
54933 83
54974 82
55050 83
55069 82
55145 83
55209 84
55334 83
55386 82
55421 81
55514 82
55593 81
55738 82
55739 83
55761 82
55763 81
55841 82
55857 83
55965 82
55973 81
55993 82
56001 81
56045 80
56082 81
56110 80
56125 79
56132 78
56245 79
56331 78
56428 79
56433 80
56439 79
56443 78
56463 79
56469 78
56493 77
56540 78
56578 77
56665 78
56701 77
56707 76
56713 75
56802 76
56874 76
56909 75
56915 74
56921 75
56969 76
57007 75
57024 76
57074 75
57087 76
57155 77
57237 78
57245 77
57343 76
57353 77
57414 76
57421 77
57424 76
57465 77
57476 76
57479 75
57485 74
57547 75
57561 74
57612 75
57613 76
57621 75
57668 76
57709 77
57720 78
57753 79
57785 80
57878 81
57888 82
57950 83
58035 84
58064 83
58088 84
58117 83
58129 82
58175 83
58187 82
58234 83
58358 82
58361 81
58431 80
58443 79
58494 80
58569 79
58733 80
58780 79
58819 80
58885 79
58890 78
58896 77
58982 78
58990 79
59095 80
59104 79
59105 78
59172 77
59208 78
59218 77
59231 76
59241 75
59248 76
59290 77
59306 76
59414 77
59527 79
59554 78
59574 77
59617 78
59639 79
59667 78
59680 77
59708 78
59709 79
59718 80
59792 81
59824 80
59868 81
59874 80
59963 79
59976 80
59994 79
60004 78
60006 79
60042 78
60063 79
60144 80
60170 81
60218 80
60310 81
60345 80
60382 79
60423 80
60493 81
60541 80
60582 79
60628 78
60650 79
60670 78
60689 79
60730 78
60734 79
60801 80
60828 81
60854 82
60882 83
60891 82
60974 81
60996 80
61000 79
61012 78
61066 79
61177 80
61186 81
61262 80
61273 81
61282 82
61322 80
61350 81
61356 80
61383 81
61411 80
61443 81
61446 82
61467 81
61474 80
61498 79
61598 80
61735 79
61740 78
61766 77
61814 76
61817 77
61837 76
61845 75
61858 76
61875 75
61970 76
61985 75
62066 74
62092 75
62107 74
62131 73
62142 72
62198 71
62258 72
62335 73
62336 74
62339 75
62374 74
62409 75
62415 76
62466 77
62470 78
62515 79
62561 78
62646 77
62657 78
62689 79
62691 80
62765 81
62766 82
62801 83
62806 82
62874 83
62880 82
62888 83
62957 82
62978 81
63054 82
63182 81
63279 80
63280 81
63297 80
63316 81
63382 82
63389 83
63407 82
63415 81
63568 82
63599 81
63624 82
63698 83
63725 82
63805 83
63806 84
63836 83
63858 82
63867 83
63876 84
64086 83
64202 82
64233 83
64270 82
64332 81
64342 80
64345 79
64411 78
64420 77
64439 76
64473 75
64579 76
64625 75
64682 76
64719 75
64730 76
64745 77
64838 78
64867 79
64893 78
64904 79
65068 80
65162 79
65174 80
65182 81
65222 82
65238 83
65301 84
65528 83
65545 82
65546 83
65564 82
65568 81
65579 82
65613 81
65640 80
65737 79
65774 77
65791 78
65815 78
65828 77
65860 76
65882 77
65945 78
66039 79
66086 80
66186 81
66213 82
66220 83
66238 82
66353 83
66362 84
66371 83
66466 82
66474 83
66617 84
66767 83
66785 84
66800 85
66811 85
66850 83
66886 82
66917 81
66934 80
66959 79
67070 80
67089 81
67446 82
67463 81
67506 82
67512 83
67538 82
67550 81
67577 80
67586 81
67702 80
67718 79
67781 80
67806 81
67851 80
67938 81
67939 80
67961 79
67982 78
67998 79
68064 78
68125 77
68137 78
68196 77
68254 76
68275 77
68382 78
68403 79
68452 80
68461 79
68478 80
68574 81
68611 80
68614 79
68726 80
68786 79
68787 80
68828 79
68890 80
68969 81
69031 82
69052 83
69136 82
69145 83
69198 82
69314 83
69326 84
69382 85
69462 84
69482 83
69528 82
69564 81
69692 80
69708 79
69771 80
69783 81
69790 79
69800 78
69895 79
69943 78
69974 77
69994 78
70137 79
70138 80
70234 81
70270 80
70382 79
70455 78
70503 77
70551 76
70566 77
70578 79
70663 80
70723 81
70755 80
70790 79
70804 80
70837 81
70917 82
70977 83
71054 82
71055 80
71065 81
71163 82
71246 80
71274 79
71284 78
71362 79
71459 80
71467 79
71595 78
71644 80
71648 79
71659 80
71662 81
71726 80
71764 79
71802 80
71950 81
72032 80
72033 81
72110 82
72142 83
72166 82
72206 81
72278 82
72281 81
72290 80
72370 79
72386 78
72446 77
72638 79
72686 78
72708 79
72709 80
72715 79
72734 80
72781 79
72790 80
72914 81
72954 82
73067 83
73098 84
73134 85
73174 86
73186 85
73214 84
73290 83
73395 81
73397 79
73443 78
73592 79
73726 78
73755 79
73818 80
73825 79
73883 78
73893 79
73902 78
73904 77
73955 78
73981 79
73984 80
73999 81
74018 80
74033 81
74138 82
74193 83
74208 82
74210 81
74354 83
74402 82
74459 83
74483 82
74502 81
74506 82
74507 81
74563 80
74618 79
74731 80
74766 81
74870 80
74989 79
75026 80
75042 79
75062 78
75091 79
75148 78
75231 79
75247 78
75302 79
75334 80
75450 81
75460 80
75482 81
75508 80
75594 81
75630 82
75632 83
75740 82
75782 81
75826 82
75951 83
75983 82
76057 81
76108 80
76132 79
76154 78
76220 77
76281 78
76336 77
76351 76
76357 75
76369 76
76486 75
76525 76
76527 75
76619 76
76661 77
76695 76
76718 78
76762 79
76794 78
76867 79
76873 78
76900 77
77006 78
77041 79
77073 80
77129 81
77130 82
77235 83
77236 84
77263 83
77341 82
77354 83
77363 82
77398 81
77410 82
77606 81
77686 80
77717 79
77747 80
77752 79
77838 78
77845 77
77854 76
77882 77
77903 76
77949 75
78006 76
78041 78
78098 77
78101 78
78102 79
78109 78
78126 77
78170 78
78189 77
78306 78
78325 79
78550 78
78557 77
78594 78
78601 79
78625 78
78674 77
78750 76
78773 75
78775 76
78818 78
78893 77
78913 78
78950 77
79001 78
79046 79
79052 80
79065 81
79082 82
79095 83
79338 84
79474 85
79502 85
79521 84
79528 83
79565 84
79639 85
79698 86
79746 85
79862 84
79939 83
79940 82
79947 81
79999 82
80111 81
80119 80
80131 79
80181 78
80200 77
80201 76
80230 75
80331 76
80370 77
80522 78
80540 77
80573 76
80574 77
80576 78
80594 79
80620 78
80642 79
80644 80
80774 81
80787 82
80793 81
80811 80
80879 79
80914 78
80949 79
80977 78
81028 79
81103 78
81129 79
81132 78
81150 79
81179 78
81225 79
81230 78
81282 77
81308 76
81310 77
81347 76
81369 78
81435 79
81466 80
81530 79
81567 80
81605 79
81612 78
81613 79
81674 80
81691 79
81765 80
81782 81
81882 82
82052 81
82056 82
82057 83
82058 82
82136 81
82231 82
82298 81
82328 80
82362 79
82382 80
82399 79
82434 78
82485 79
82530 80
82549 79
82575 78
82606 79
82757 80
82779 79
82861 78
83078 77
83086 78
83106 79
83110 78
83116 79
83186 80
83201 81
83323 82
83339 83
83369 84
83374 85
83438 86
83444 87
83455 86
83503 85
83504 84
83520 83
83538 82
83570 80
83652 79
83714 78
83722 79
83734 80
83767 79
83768 78
83869 79
83889 78
83898 79
83934 80
83958 81
83969 82
84029 83
84092 82
84145 83
84162 82
84189 81
84200 80
84249 79
84250 78
84400 79
84420 78
84586 79
84587 78
84618 77
84658 76
84682 77
84711 78
84802 79
84806 80
84809 81
84826 82
84866 83
84966 84
85125 85
85210 84
85244 85
85266 84
85319 83
85325 84
85362 83
85363 82
85396 81
85402 80
85602 81
85637 82
85650 83
85662 82
85734 80
85791 81
85802 79
85875 78
85908 79
85940 78
85957 77
85970 76
85975 75
85994 74
86054 75
86108 74
86114 73
86274 74
86355 75
86370 76
86382 77
86418 76
86434 75
86488 76
86595 77
86602 78
86640 79
86735 80
86742 81
86769 82
86777 83
86782 82
86864 83
86896 84
86914 82
86946 83
87022 84
87085 83
87104 82
87180 83
87181 84
87219 83
87230 82
87246 81
87250 82
87293 83
87310 84
87351 83
87434 82
87628 83
87654 82
87674 83
87708 82
87714 83
87722 82
87806 81
87854 80
87901 79
87977 78
87990 79
87994 78
88020 79
88103 78
88126 79
88219 78
88399 77
88427 78
88470 79
88616 80
88646 79
88836 80
88882 81
88931 82
88936 83
88967 82
89028 81
89067 80
89107 79
89139 80
89246 79
89334 80
89350 81
89390 80
89442 79
89445 80
89446 81
89510 80
89535 79
89735 80
89808 81
89878 80
89906 79
89949 78
90002 79
90029 80
90030 81
90047 80
90080 79
90118 80
90126 79
90138 80
90189 79
90193 78
90275 77
90286 76
90314 77
90354 78
90362 77
90456 76
90459 77
90586 76
90619 77
90622 76
90653 77
90684 78
90701 79
90716 80
90792 79
90847 78
90860 79
90886 80
90951 81
90957 80
90958 81
91183 80
91211 79
91216 80
91303 80
91305 79
91317 80
91321 79
91330 80
91542 79
91562 80
91632 79
91666 78
91734 77
91830 78
91890 77
91931 78
91947 79
91994 78
92004 77
92006 76
92052 77
92082 78
92182 77
92206 78
92245 79
92358 80
92365 79
92366 78
92378 79
92421 80
92438 81
92450 82
92497 83
92515 84
92618 85
92674 84
92736 83
92742 84
92895 85
92929 84
92998 83
93031 82
93056 81
93058 80
93059 79
93124 78
93150 77
93261 78
93274 79
93374 78
93498 79
93520 80
93586 81
93590 80
93633 81
93668 80
93716 81
93807 80
93901 79
93915 79
93948 80
93998 79
94114 80
94124 79
94135 78
94154 79
94189 80
94203 81
94232 80
94254 81
94280 82
94336 80
94375 81
94477 80
94513 79
94527 80
94539 81
94550 80
94618 78
94643 77
94645 78
94731 77
94789 78
94826 79
94850 78
94869 77
94891 76
94892 75
95012 75
95045 76
95050 77
95070 76
95102 77
95127 76
95135 77
95151 76
95236 75
95267 76
95310 77
95321 76
95418 77
95448 78
95472 79
95474 80
95479 79
95527 80
95576 81
95626 82
95712 81
95730 82
95739 83
95755 82
95882 81
95941 82
95966 83
96021 82
96163 83
96200 84
96299 85
96304 86
96444 85
96492 84
96504 85
96554 84
96706 84
96714 85
96730 84
96868 83
96927 82
96928 81
97110 80
97135 79
97136 78
97146 77
97154 78
97162 79
97206 80
97431 81
97494 82
97542 81
97560 82
97562 83
97802 82
97940 82
97979 83
98039 82
98044 83
98078 82
98088 81
98254 80
98287 79
98346 78
98348 77
98353 78
98370 79
98465 80
98485 79
98577 78
98578 79
98617 78
98700 79
98770 80
98805 79
98844 78
98852 79
98918 80
98950 81
99038 80
99074 81
99124 82
99184 81
99209 82
99301 81
99311 80
99355 79
99368 78
99391 79
99426 78
99462 79
99489 78
99564 79
99670 78
99706 79
99707 78
99712 79
99736 79
99822 80
99859 81
99902 80
100068 79
100152 78
100198 77
100201 76
100205 75
100214 76
100254 77
100262 76
100309 75
100329 76
100333 75
100336 74
100406 75
100480 76
100486 77
100540 78
100566 77
100615 78
100634 77
100859 79
100936 78
100971 77
100995 78
101063 79
101075 80
101094 79
101144 80
101146 81
101186 83
101200 84
101231 85
101250 84
101315 83
101336 84
101374 83
101387 84
101394 85
101407 84
101523 83
101526 82
101553 81
101637 80
101706 79
101747 78
101834 79
101904 80
101952 81
101977 80
102087 79
102090 78
102114 79
102169 78
102217 79
102246 80
102286 81
102287 82
102353 83
102429 82
102430 81
102486 80
102535 81
102642 82
102677 83
102694 82
102780 81
102804 82
102858 81
102873 80
102883 79
102956 78
103038 77
103042 78
103050 77
103128 76
103186 77
103201 76
103209 77
103246 76
103299 75
103305 76
103314 77
103317 78
103321 77
103322 78
103572 79
103606 80
103630 81
103669 80
103674 81
103733 82
103835 83
103915 84
103954 83
103956 84
104030 83
104055 82
104122 81
104182 82
104242 81
104275 80
104293 81
104336 82
104520 81
104540 82
104565 83
104583 82
104584 81
104690 80
104694 79
104712 78
104721 77
104722 76
104770 75
104781 74
104783 75
104846 76
104866 77
105005 78
105105 77
105125 78
105128 77
105167 78
105236 79
105294 80
105300 79
105338 78
105348 79
105356 78
105425 79
105453 80
105454 79
105484 80
105520 79
105528 78
105608 79
105690 78
105814 77
105979 76
106042 75
106047 76
106101 77
106115 78
106168 79
106212 80
106242 81
106250 82
106262 81
106384 82
106510 81
106632 80
106638 81
106641 80
106642 79
106705 80
106711 81
106731 80
106736 79
106742 80
106761 79
107140 80
107141 79
107142 80
107246 81
107278 82
107381 81
107404 82
107422 83
107484 82
107558 83
107568 82
107590 83
107678 81
107702 82
107739 81
107762 80
107857 81
107885 82
107886 81
107987 82
108030 83
108198 82
108204 83
108214 82
108244 81
108265 82
108294 81
108295 80
108385 79
108418 78
108450 79
108543 80
108582 79
108632 80
108643 81
108682 80
108762 81
108830 82
108898 81
108958 82
108979 81
109090 80
109114 79
109120 80
109157 79
109174 78
109194 79
109222 78
109262 79
109282 78
109346 79
109350 80
109425 81
109430 80
109538 81
109554 82
109790 83
109804 82
109812 83
109846 82
109855 83
109874 84
109892 85
109934 84
109935 83
109942 82
110058 83
110098 84
110147 83
110157 84
110209 83
110274 82
110304 81
110354 80
110356 81
110422 80
110450 79
110535 78
110544 77
110577 78
110689 79
110802 78
110803 77
110945 76
111006 77
111015 76
111050 75
111051 76
111075 77
111149 78
111151 79
111152 80
111153 81
111164 82
111170 83
111225 82
111238 83
111342 82
111358 81
111386 80
111423 81
111534 82
111645 81
111647 80
111658 79
111792 78
111794 76
111805 75
111926 76
111964 75
111974 76
111975 75
112025 76
112086 75
112087 74
112107 73
112116 74
112126 73
112127 74
112168 73
112184 72
112285 73
112289 72
112358 72
112378 73
112415 74
112473 75
112474 76
112500 77
112502 78
112586 79
112710 80
112743 81
112746 80
112799 81
112829 82
112866 81
112874 82
112907 81
112995 82
113011 81
113034 80
113110 81
113111 82
113116 81
113138 80
113141 79
113281 78
113283 77
113360 78
113398 77
113422 76
113576 77
113603 78
113615 79
113663 80
113681 79
113710 80
113714 81
113731 80
113837 79
113847 80
113976 81
113982 80
114026 81
114063 82
114140 83
114159 85
114235 84
114252 83
114310 82
114454 83
114598 82
114652 81
114659 80
114685 79
114773 80
114790 79
114867 80
114895 79
114984 78
115000 79
115014 80
115022 79
115094 78
115129 77
115155 76
115173 77
115175 76
115185 77
115305 76
115337 77
115402 78
115470 77
115538 78
115588 79
115614 78
115646 77
115658 78
115674 79
115719 80
115730 81
115739 82
115834 81
115835 80
115920 81
115950 82
116004 83
116058 84
116076 85
116196 86
116218 85
116236 84
116372 85
116444 84
116480 83
116491 82
116507 83
116574 82
116626 81
116629 80
116646 79
116647 80
116746 81
116760 80
116770 79
116779 80
116817 81
116851 80
117001 81
117034 80
117040 79
117042 77
117046 78
117047 77
117054 76
117055 75
117056 74
117074 75
117112 74
117146 75
117194 74
117202 75
117285 74
117308 75
117318 73
117321 72
117412 71
117442 70
117447 71
117487 72
117578 71
117582 72
117583 73
117596 72
117600 71
117630 72
117654 71
117807 72
117817 72
117866 73
117870 72
117878 71
117884 72
117904 71
117911 72
117942 71
117943 69
117944 70
117982 71
117988 72
117997 71
118018 72
118023 73
118026 72
118036 71
118093 72
118105 71
118106 72
118122 73
118128 72
118129 71
118154 72
118174 71
118199 70
118210 71
118242 70
118326 71
118366 70
118370 70
118375 71
118382 70
118383 69
118444 70
118466 71
118491 70
118504 71
118620 72
118691 72
118695 71
118701 72
118709 73
118713 72
118715 70
118716 70
118724 69
118758 68
118768 67
118780 68
118781 69
118782 68
118802 67
118813 66
118815 67
118816 66
118822 65
118830 66
118832 66
118833 65
118834 64
118842 65
118915 64
118950 65
118958 65
118966 66
119032 67
119062 68
119070 67
119148 68
119159 69
119164 70
119170 69
119177 68
119181 67
119183 66
119208 67
119263 68
119272 67
119288 68
119301 69
119321 70
119322 69
119378 70
119386 69
119398 68
119407 67
119438 68
119446 69
119453 68
119454 67
119455 66
119487 67
119498 68
119514 69
119522 68
119523 67
119536 68
119562 67
119671 68
119693 67
119756 68
119780 67
119850 69
119852 70
119853 69
119856 68
119862 67
119865 66
119872 65
119893 66
119914 67
119930 68
119954 67
119973 66
119982 67
119984 68
119985 69
119990 68
120003 69
120020 70
120022 71
120032 70
120041 69
120045 69
120055 68
120058 67
120060 68
120138 69
120140 68
120146 69
120151 68
120154 67
120162 68
120188 69
120196 68
120207 69
120217 68
120229 69
120242 70
120279 69
120282 68
120374 69
120388 67
120389 68
120418 69
120428 68
120442 67
120506 68
120509 67
120510 66
120534 67
120574 68
120582 69
120588 70
120595 69
120596 70
120606 69
120637 70
120654 69
120667 70
120670 71
120681 72
120789 71
120817 72
120826 73
120847 74
120888 75
120897 76
120901 78
120928 79
120942 80
120963 79
120988 80
121003 79
121049 80
121056 81
121091 82
121146 83
121147 82
121203 83
121255 82
121362 81
121394 80
121398 78
121402 77
121418 77
121421 76
121450 77
121525 76
121550 75
121557 74
121571 73
121576 74
121594 75
121655 76
121664 77
121678 76
121681 77
121738 78
121770 77
121780 78
121794 79
121796 80
121807 79
121845 80
121989 79
122113 80
122194 79
122230 78
122262 79
122342 80
122353 81
122356 80
122396 81
122398 82
122418 81
122438 80
122450 81
122468 80
122471 79
122522 80
122533 79
122639 78
122849 77
122882 76
122886 77
122962 78
122990 79
123022 80
123044 81
123133 80
123162 79
123180 80
123185 81
123225 80
123235 81
123240 80
123251 78
123340 79
123360 80
123361 81
123382 80
123402 81
123501 82
123646 81
123669 80
123729 79
123746 78
123751 79
123821 78
123839 77
123864 76
123977 77
124006 78
124042 77
124122 78
124158 79
124197 78
124241 79
124254 80
124287 79
124350 80
124362 81
124403 80
124497 79
124536 78
124570 79
124578 78
124581 77
124589 76
124695 77
124734 76
124735 75
124749 74
124754 73
124907 74
124916 73
124926 74
124990 73
125015 72
125021 73
125072 74
125090 75
125115 74
125139 75
125162 74
125227 75
125233 74
125250 75
125261 76
125310 77
125311 76
125322 75
125354 76
125406 77
125419 78
125549 79
125619 78
125632 77
125731 78
125743 77
125767 78
125790 79
125808 80
125865 79
125880 78
125902 79
125935 80
125982 81
126106 80
126121 79
126204 80
126232 79
126242 80
126263 79
126292 78
126334 77
126335 76
126391 77
126438 76
126519 77
126586 76
126599 75
126600 74
126617 73
126635 72
126670 73
126774 74
126775 75
126818 76
126862 77
126875 76
126887 77
127008 78
127027 79
127081 80
127091 81
127106 82
127259 83
127266 82
127273 83
127281 84
127439 83
127459 82
127462 81
127494 82
127544 81
127552 80
127555 79
127623 78
127698 77
127700 76
127702 75
127730 76
127757 75
127804 74
127846 75
127878 76
127905 77
127916 76
127958 75
128030 76
128111 75
128146 76
128156 77
128235 78
128290 79
128292 80
128354 79
128381 80
128400 81
128443 80
128485 79
128559 78
128620 79
128655 78
128662 77
128793 78
128811 77
128814 76
128842 75
128933 76
128983 77
129110 76
129142 77
129154 78
129170 79
129203 78
129259 79
129300 78
129302 77
129318 78
129342 79
129406 78
129427 77
129487 78
129500 79
129541 80
129549 81
129553 82
129673 81
129691 82
129699 81
129779 80
129787 81
129851 80
129927 79
129939 80
129955 79
130043 78
130047 77
130172 76
130217 75
130270 76
130295 75
130299 74
130302 73
130321 74
130335 75
130543 76
130554 77
130557 78
130578 77
130584 78
130639 79
130640 78
130650 79
130660 80
130666 79
130682 78
130702 79
130711 78
130814 79
130858 80
130995 81
131018 80
131066 79
131067 80
131078 81
131118 82
131153 81
131162 80
131235 81
131268 80
131285 79
131294 80
131354 81
131407 80
131415 79
131448 78
131461 77
131528 78
131576 77
131589 78
131657 77
131705 76
131771 77
131845 78
131858 79
131863 80
131878 81
131943 82
131956 81
132046 80
132076 81
132151 80
132262 81
132275 82
132301 83
132307 82
132466 83
132494 84
132519 83
132532 82
132649 81
132739 80
132741 81
132767 80
132796 79
132803 78
132848 77
132903 78
132919 79
132983 78
133037 79
133055 78
133058 77
133184 76
133235 77
133240 76
133292 75
133397 76
133411 75
133437 76
133512 77
133532 76
133566 77
133568 78
133578 79
133668 78
133671 77
133674 76
133713 77
133745 76
133782 77
133805 78
133807 79
133879 80
133915 79
133997 80
134003 78
134013 77
134014 75
134021 75
134027 74
134087 75
134088 76
134115 77
134127 78
134151 77
134159 76
134174 77
134178 78
134247 77
134340 76
134366 77
134381 76
134522 75
134538 74
134556 73
134633 74
134637 75
134674 76
134715 77
134827 78
134877 77
134930 78
134955 79
134964 78
134967 77
134970 76
135027 75
135033 76
135035 77
135080 78
135086 79
135115 78
135131 77
135158 78
135161 79
135211 80
135307 81
135313 82
135349 83
135391 84
135448 83
135497 82
135517 81
135584 80
135608 79
135679 80
135692 81
135771 80
135859 79
135908 78
135963 77
135975 76
136005 75
136012 76
136013 77
136038 78
136104 79
136183 80
136227 79
136232 78
136271 79
136309 81
136371 80
136419 81
136447 80
136611 81
136629 80
136723 81
136735 82
136766 83
136782 82
136865 83
136883 82
136912 83
136980 82
137027 83
137083 84
137155 83
137327 82
137329 83
137343 82
137359 81
137423 82
137456 80
137487 79
137490 78
137499 79
137555 78
137587 79
137589 78
137714 79
137857 80
137859 79
137934 78
137950 79
138029 78
138037 77
138074 78
138083 77
138107 76
138108 77
138124 78
138235 77
138331 78
138507 79
138514 80
138569 79
138572 78
138584 79
138592 80
138703 81
138727 82
138766 83
138775 82
138809 83
138823 82
138867 83
138871 82
138905 83
138906 84
138968 83
139070 82
139211 81
139220 80
139228 79
139238 80
139321 79
139484 80
139567 79
139578 80
139620 79
139622 78
139655 77
139683 76
139723 75
139743 76
139840 77
139842 78
139955 79
139956 78
139984 79
140184 78
140196 79
140197 80
140352 81
140385 82
140417 83
140567 84
140573 82
140680 82
140727 81
140735 80
140774 79
140791 78
140798 77
140832 78
140908 79
140966 78
141035 79
141047 78
141063 79
141076 80
141077 81
141081 80
141150 79
141199 80
141204 79
141247 78
141266 79
141321 78
141368 77
141427 76
141450 77
141481 78
141543 79
141560 78
141564 77
141629 76
141671 77
141707 78
141714 79
141734 80
141842 81
141858 82
141859 81
141915 82
141997 83
142022 82
142047 81
142065 80
142111 79
142201 80
142211 79
142259 80
142278 79
142305 78
142376 79
142558 80
142577 79
142583 80
142731 79
142748 80
142766 81
142923 80
143011 81
143062 80
143073 81
143091 80
143123 81
143129 82
143138 83
143239 82
143275 80
143357 81
143487 80
143533 81
143542 82
143713 81
143727 82
143773 81
143925 82
143964 81
144035 80
144058 79
144111 80
144207 81
144243 80
144244 79
144266 78
144269 77
144297 78
144325 77
144355 76
144379 77
144384 78
144439 79
144490 78
144548 79
144595 78
144681 79
144737 80
144755 78
144777 77
144827 78
144860 79
144935 80
145019 81
145039 80
145057 81
145071 82
145078 81
145116 82
145121 83
145175 84
145195 83
145263 84
145271 83
145354 82
145375 83
145529 82
145631 81
145636 82
145735 81
145789 80
145879 81
145956 80
145975 79
145985 80
145986 79
146077 78
146088 77
146198 78
146212 80
146214 81
146239 80
146315 81
146388 80
146455 79
146487 80
146544 81
146551 80
146626 79
146640 80
146641 79
146680 78
146699 77
146822 76
146839 75
146850 76
146858 77
146882 78
146933 77
146940 78
146946 77
146967 78
147003 77
147057 76
147060 77
147071 76
147159 77
147275 76
147302 75
147331 76
147351 74
147358 73
147420 74
147482 73
147503 74
147519 75
147616 76
147723 75
147751 76
147775 77
147800 76
147803 77
147873 78
147877 79
147951 78
147955 79
148077 80
148079 81
148112 82
148119 81
148127 80
148166 81
148172 80
148173 79
148187 80
148243 81
148421 82
148463 81
148475 82
148543 81
148548 82
148602 81
148623 80
148644 81
148684 80
148778 79
148807 80
148835 79
148888 80
148897 79
148956 78
149052 79
149247 80
149259 81
149261 80
149273 81
149284 80
149301 79
149351 80
149366 81
149375 82
149402 83
149429 82
149460 83
149465 84
149487 82
149577 81
149614 82
149685 81
149694 80
149708 81
149747 80
149904 81
149947 79
150083 80
150123 81
150172 82
150339 81
150359 82
150370 83
150374 82
150395 83
150466 82
150479 81
150483 82
150511 81
150549 82
150689 81
150690 80
150827 79
150941 80
150942 81
150948 82
150984 81
151059 79
151088 80
151090 79
151127 80
151329 79
151360 80
151391 81
151394 80
151402 79
151431 78
151461 79
151469 80
151527 81
151556 80
151577 79
151638 78
151644 77
151659 76
151806 77
151859 76
151883 77
151911 78
151964 77
151967 78
152020 77
152063 78
152072 77
152074 76
152153 77
152235 78
152249 77
152255 78
152262 79
152304 80
152353 81
152393 80
152467 81
152522 82
152543 80
152609 81
152679 82
152707 80
152733 79
152822 78
152831 79
152837 80
153008 81
153043 80
153047 78
153057 79
153079 78
153119 80
153228 81
153236 80
153323 81
153363 80
153418 79
153427 80
153503 80
153571 81
153573 82
153655 80
153939 79
153961 78
153968 79
154038 80
154126 81
154191 82
154209 83
154243 82
154306 81
154313 80
154381 81
154398 80
154466 81
154479 82
154510 81
154516 80
154561 79
154565 78
154573 79
154575 80
154612 78
154620 77
154631 78
154701 77
154727 78
154739 79
154775 78
154786 79
154871 78
154895 79
154980 80
154995 79
154998 80
155004 81
155020 82
155040 81
155139 80
155197 81
155207 82
155264 81
155303 81
155310 82
155418 81
155419 80
155439 79
155554 78
155556 77
155563 78
155605 79
155630 80
155639 79
155677 78
155875 77
155879 76
156018 77
156023 78
156039 77
156040 76
156124 77
156131 78
156139 79
156143 80
156149 79
156171 78
156194 79
156263 80
156303 81
156316 80
156363 79
156387 80
156467 79
156479 78
156519 77
156557 78
156603 79
156644 78
156655 77
156699 76
156711 75
156766 74
156769 75
156799 76
156833 75
156840 76
156905 77
156911 78
156916 79
156921 78
156927 77
156948 76
156962 77
157100 78
157149 79
157167 80
157183 79
157333 80
157335 81
157361 82
157363 80
157377 81
157415 82
157524 81
157567 82
157575 80
157583 81
157639 80
157651 81
157693 82
157756 81
157768 80
157787 81
157909 80
157939 81
157947 80
157963 79
157975 80
158005 81
158029 80
158043 79
158062 78
158104 77
158116 78
158224 77
158265 76
158290 77
158335 78
158351 79
158397 80
158403 79
158435 80
158475 79
158481 80
158488 81
158611 82
158736 81
158751 80
158842 81
158885 82
158972 81
159048 80
159059 79
159072 78
159096 79
159113 78
159243 79
159327 80
159348 81
159360 80
159433 81
159436 82
159498 82
159510 81
159587 79
159615 78
159637 79
159791 80
159800 79
159803 78
159814 79
159893 78
159908 79
159959 78
160049 79
160120 80
160190 79
160247 80
160260 81
160267 82
160395 83
160407 84
160434 83
160452 82
160584 83
160591 84
160609 83
160628 82
160731 81
160802 82
160805 81
160827 82
160995 81
161015 80
161070 79
161071 78