0 0
0 1
13 2
60 3
77 4
102 5
151 5
163 5
186 6
203 6
234 7
313 7
321 8
331 8
397 9
446 10
447 11
528 11
571 12
585 13
653 12
655 13
791 14
886 15
919 15
919 16
928 15
976 15
981 16
1015 16
1078 15
1126 16
1130 17
1210 18
1250 18
1290 18
1365 19
1396 19
1489 20
1507 21
1517 22
1547 23
1555 24
1631 25
1651 26
1728 27
1731 27
1817 27
1841 26
1865 26
1883 26
1943 26
1978 26
1984 27
2002 28
2039 28
2052 29
2171 28
2182 29
2269 29
2287 30
2314 30
2338 29
2376 29
2393 30
2446 30
2503 30
2507 31
2555 31
2611 31
2612 31
2636 32
2759 32
2854 33
2898 34
2907 35
2964 36
2999 37
3091 37
3092 38
3100 38
3119 38
3138 39
3154 39
3295 39
3335 38
3366 39
3378 40
3383 40
3391 40
3427 41
3430 41
3451 40
3523 41
3563 42
3593 42
3675 43
3683 44
3685 45
3712 44
3715 43
3721 42
3738 42
3787 43
3829 43
3987 43
3989 44
4003 45
4045 45
4086 45
4107 44
4113 43
4119 44
4120 44
4132 43
4286 44
4290 45
4291 46
4315 46
4346 46
4355 46
4430 47
4436 48
4454 49
4500 50
4559 51
4578 52
4677 53
4704 54
4775 55
4775 55
4836 55
4931 56
5005 57
5029 56
5145 55
5147 56
5162 57
5235 56
5326 57
5331 57
5392 58
5406 59
5414 60
5415 59
5460 60
5527 61
5549 61
5715 61
5746 62
5879 63
5890 63
5951 64
5987 64
5995 65
5997 66
6003 67
6004 68
6005 67
6029 67
6031 66
6063 67
6107 68
6141 68
6166 67
6171 66
6201 65
6208 65
6327 66
6337 67
6365 67
6367 66
6375 65
6451 66
6507 65
6523 64
6578 63
6622 62
6631 61
6681 60
6722 61
6749 62
6774 63
6905 64
6910 65
6931 66
6949 67
6972 68
7014 67
7028 66
7034 65
7039 66
7096 67
7100 68
7204 67
7325 68
7358 69
7367 70
7368 71
7471 70
7482 69
7594 68
7681 69
7701 68
7763 67
7766 68
7770 67
7781 66
7862 67
7919 68
7967 68
8143 69
8303 70
8304 71
8304 72
8323 71
8442 70
8476 69
8492 68
8545 69
8548 68
8603 67
8615 66
8727 67
8750 66
8781 65
8836 65
8842 64
8879 65
8898 64
8900 65
8927 66
8989 65
9018 66
9084 67
9086 68
9139 67
9167 68
9186 69
9295 68
9296 69
9311 68
9319 67
9335 68
9367 67
9375 68
9565 69
9579 68
9647 69
9693 68
9727 67
9756 68
9787 67
9788 66
9794 65
9829 66
9865 65
10020 66
10039 65
10055 66
10083 65
10093 64
10180 65
10262 66
10265 67
10320 66
10367 66
10376 67
10419 68
10472 69
10535 70
10565 69
10678 68
10679 69
10683 68
10687 67
10711 66
10753 65
10772 66
10787 67
10815 66
10823 65
10835 64
10879 63
10905 64
10910 63
11079 64
11141 63
11187 64
11229 63
11276 64
11326 65
11342 64
11368 65
11378 64
11382 63
11421 62
11447 63
11456 64
11472 65
11515 66
11515 67
11546 66
11563 65
11587 66
11621 65
11707 66
11717 67
11721 68
11731 67
11747 66
11747 65
11793 66
11852 67
11887 66
11975 67
12009 68
12115 67
12134 66
12167 67
12225 66
12257 65
12293 64
12339 65
12491 64
12527 63
12543 64
12548 65
12592 65
12601 66
12675 67
12682 68
12787 67
12789 68
12827 69
12839 70
12846 71
12943 72
13000 71
13047 70
13075 69
13099 70
13106 71
13155 70
13191 71
13227 70
13287 71
13299 70
13312 71
13317 70
13343 69
13443 68
13520 67
13520 66
13535 65
13581 64
13591 63
13619 62
13628 63
13644 64
13645 63
13651 62
13663 61
13742 62
13773 61
13793 60
13820 59
13823 60
13887 59
13907 60
13907 61
13946 62
13954 61
14074 60
14080 61
14084 60
14089 61
14176 62
14250 63
14260 62
14263 63
14291 64
14297 65
14332 66
14425 65
14430 66
14491 65
14553 66
14554 67
14560 68
14562 69
14579 70
14588 71
14614 70
14638 69
14658 69
14796 68
14805 69
14877 70
14971 69
14984 68
14988 69
15011 68
15045 67
15100 68
15151 67
15195 68
15199 67
15256 68
15260 67
15267 68
15270 69
15347 70
15357 69
15391 68
15464 69
15467 70
15732 69
15760 68
15785 69
15801 70
15812 71
15855 72
15890 71
15902 70
15933 71
15955 72
15970 71
16072 70
16201 69
16205 70
16207 69
16288 70
16327 69
16355 70
16384 69
16406 68
16447 69
16508 70
16561 69
16571 68
16600 69
16701 68
16727 67
16742 66
16759 67
16761 68
16781 69
16783 68
16787 69
16804 68
16862 69
17009 68
17107 67
17158 66
17194 67
17212 66
17215 67
17218 68
17220 69
17227 70
17251 69
17309 70
17338 69
17365 68
17371 69
17446 70
17495 69
17497 68
17503 69
17557 70
17590 69
17667 70
17689 69
17703 68
17713 67
17758 68
17771 67
17839 66
17976 65
18010 66
18018 67
18094 68
18103 67
18171 66
18186 67
18222 66
18223 65
18224 64
18239 63
18247 64
18334 65
18367 64
18383 65
18454 64
18511 63
18575 64
18599 65
18606 66
18607 65
18626 64
18666 65
18670 64
18737 65
18839 64
18839 63
18851 64
18896 65
18971 66
18991 67
18999 68
19080 69
19093 68
19129 67
19193 66
19215 65
19235 64
19241 65
19369 66
19418 67
19425 68
19489 69
19490 68
19499 69
19538 70
19572 71
19574 70
19575 71
19609 72
19620 71
19643 70
19664 69
19695 68
19823 67
20015 66
20039 65
20063 64
20087 65
20095 64
20095 65
20205 66
20207 67
20263 68
20273 69
20294 70
20320 70
20335 71
20415 72
20415 71
20445 72
20657 71
20683 70
20711 69
20731 70
20732 71
20784 72
20787 71
20793 70
20795 69
20817 68
20844 67
20855 68
20908 69
20909 68
20939 67
20989 66
21001 65
21006 64
21012 63
21025 62
21067 61
21082 62
21083 61
21131 62
21185 63
21201 62
21216 61
21277 62
21287 63
21291 64
21298 63
21335 64
21369 65
21373 64
21448 63
21549 64
21568 65
21611 66
21677 67
21682 66
21701 65
21759 66
21759 67
21761 68
21766 69
21784 68
21807 69
21831 70
21831 71
21851 72
21867 71
21900 70
21946 69
21995 68
22043 67
22048 68
22091 69
22249 70
22303 69
22333 68
22339 67
22341 68
22433 69
22435 70
22459 69
22508 68
22514 69
22522 68
22526 69
22562 68
22629 69
22651 70
22664 71
22719 70
22725 71
22774 72
22783 71
22817 70
22879 69
22917 68
22944 67
23082 68
23090 69
23110 70
23121 69
23155 68
23163 69
23171 68
23215 67
23234 66
23251 65
23341 66
23341 67
23359 66
23377 65
23425 66
23509 67
23510 66
23517 67
23635 66
23643 67
23646 68
23817 67
23863 68
23873 69
23875 70
23918 69
23922 70
23983 69
23989 70
23994 69
24029 68
24061 69
24063 70
24103 69
24108 70
24143 69
24219 70
24303 69
24314 70
24327 71
24354 72
24459 71
24485 70
24519 71
24547 72
24587 73
24588 72
24640 71
24660 72
24682 73
24734 72
24745 71
24849 70
24939 71
24955 70
24985 69
24992 68
25054 69
25085 68
25199 67
25301 68
25339 67
25388 66
25404 65
25440 66
25453 65
25534 66
25603 67
25608 68
25618 69
25619 70
25627 69
25639 68
25715 69
25760 70
25899 71
25927 70
26021 71
26051 72
26064 71
26100 72
26121 73
26162 72
26170 71
26248 72
26360 71
26404 70
26415 71
26567 72
26572 71
26627 70
26629 71
26687 72
26736 71
26756 70
26797 69
26808 68
26850 69
26882 70
27040 69
27066 68
27074 69
27128 68
27145 69
27199 70
27203 71
27209 72
27349 73
27388 72
27448 71
27502 70
27510 69
27583 68
27611 69
27617 68
27631 67
27639 68
27664 69
27670 68
27686 67
27691 68
27702 67
27732 66
27788 67
27817 66
28019 67
28063 68
28071 67
28097 68
28105 69
28111 68
28123 69
28129 68
28200 69
28227 68
28303 67
28343 66
28360 67
28387 66
28417 65
28426 66
28437 65
28442 64
28446 63
28451 62
28454 61
28501 62
28539 61
28545 62
28608 63
28771 64
28787 63
28819 64
28856 65
28956 66
28979 65
29039 66
29053 65
29089 64
29102 65
29135 66
29136 65
29150 66
29259 67
29259 68
29262 69
29265 68
29291 69
29336 68
29359 67
29360 66
29369 65
29409 66
29416 67
29497 66
29509 65
29567 64
29570 65
29675 64
29677 65
29679 66
29691 65
29727 65
29727 66
29738 67
29759 66
29767 65
29807 66
29895 65
29927 64
29964 63
30016 64
30077 63
30105 62
30111 63
30112 62
30195 63
30202 64
30202 63
30342 64
30345 65
30355 64
30398 65
30411 66
30426 65
30441 66
30595 65
30598 66
30598 67
30642 66
30659 65
30676 64
30736 63
30743 64
30743 65
30771 66
30851 65
30857 66
30870 65
30873 66
30873 67
30883 66
30885 65
30886 66
30908 67
30930 68
30964 69
31022 70
31073 71
31139 72
31179 71
31243 70
31259 71
31262 72
31319 71
31324 70
31372 71
31375 72
31421 71
31493 70
31560 69
31560 68
31595 67
31635 68
31720 69
31724 68
31735 67
31756 66
31769 65
31833 64
31907 65
31921 66
31925 67
31960 68
31962 67
31980 68
32041 67
32060 68
32106 67
32147 66
32216 67
32217 68
32229 69
32231 68
32329 69
32331 70
32467 69
32491 70
32493 71
32533 72
32550 73
32552 74
32558 73
32575 72
32631 71
32659 70
32662 71
32743 72
32755 71
32759 70
32767 71
32847 70
32872 69
32950 68
32950 67
32987 66
33043 65
33092 66
33095 65
33106 64
33187 63
33239 64
33263 65
33296 66
33343 67
33444 68
33489 67
33527 68
33527 69
33583 70
33637 71
33650 72
33651 73
33655 72
33723 73
33775 74
33777 73
33783 72
33831 73
33897 74
33907 73
33975 72
33976 71
34063 72
34107 73
34115 72
34167 71
34180 70
34250 69
34309 68
34311 69
34419 70
34491 71
34563 72
34571 73
34593 72
34596 71
34643 72
34790 73
34793 74
34794 73
34847 72
34936 71
34954 72
34965 71
34993 70
35096 69
35101 68
35196 69
35204 68
35239 67
35291 66
35304 65
35366 66
35393 67
35402 68
35431 67
35479 68
35565 67
35570 66
35573 67
35679 66
35745 67
35762 66
35815 65
35822 66
35880 65
35883 64
35900 63
35903 64
35913 65
35967 64
35971 65
36004 64
36018 63
36050 64
36054 65
36175 66
36234 67
36258 68
36285 69
36357 70
36419 69
36463 70
36762 69
36886 68
36908 67
36919 66
37060 67
37060 68
37079 69
37104 70
37131 71
37135 70
37175 69
37185 68
37200 69
37320 68
37371 67
37386 68
37423 67
37500 66
37505 65
37511 66
37530 65
37564 66
37643 67
37663 68
37671 67
37747 66
37832 65
37861 64
37871 63
37896 64
37908 64
37951 65
37955 66
37987 67
38007 68
38007 69
38059 70
38063 71
38065 70
38129 69
38135 68
38232 69
38236 70
38241 69
38300 70
38323 69
38364 68
38381 67
38391 68
38417 69
38423 68
38423 67
38439 66
38514 67
38535 66
38563 65
38592 66
38616 67
38649 66
38758 67
38787 68
38789 69
38836 70
38864 69
38896 68
38941 69
38975 68
38975 67
38991 66
39113 65
39137 64
39264 63
39272 64
39280 65
39321 64
39323 65
39370 66
39374 67
39377 67
39377 68
39415 67
39435 68
39462 69
39476 70
39515 71
39557 70
39576 69
39646 68
39653 67
39694 68
39701 69
39769 70
39791 71
39828 70
39886 69
39933 68
39969 69
39971 70
40086 71
40087 70
40099 69
40148 70
40189 71
40193 70
40199 71
40201 72
40223 71
40257 72
40263 71
40266 72
40309 71
40347 70
40358 69
40471 68
40483 67
40503 68
40510 67
40511 66
40603 65
40628 64
40660 65
40682 66
40705 67
40791 66
40861 65
40891 66
40903 67
40943 68
40951 67
41005 68
41014 69
41070 70
41151 71
41205 72
41232 71
41243 70
41312 71
41339 70
41343 71
41411 72
41493 73
41507 74
41543 73
41612 72
41624 71
41634 72
41642 73
41642 74
41666 73
41677 72
41692 71
41720 72
41739 71
41739 72
41747 71
41846 72
41849 73
41857 72
41933 71
41956 71
42023 70
42027 69
42076 70
42120 69
42152 70
42231 69
42248 68
42262 67
42284 68
42292 67
42300 66
42302 67
42303 68
42338 67
42415 68
42422 69
42423 68
42529 67
42588 66
42648 65
42649 64
42678 65
42706 64
42714 63
42768 62
42768 62
42769 61
42771 60
42776 59
42779 58
42784 58
42871 59
42874 58
42956 59
42971 58
43013 57
43015 58
43097 59
43136 58
43181 57
43196 58
43251 59
43252 60
43261 61
43263 62
43268 63
43275 62
43280 63
43284 64
43309 63
43327 64
43336 65
43448 66
43469 67
43484 68
43522 69
43573 70
43588 71
43662 72
43670 73
43691 74
43698 73
43710 74
43724 73
43724 74
43727 73
43730 74
43730 74
43732 73
43732 72
43733 71
43733 70
43735 69
43737 68
43738 68
43739 68
43841 67
43877 68
43878 69
43946 68
43964 69
44032 70
44089 69
44096 68
44171 69
44175 70
44195 69
44262 70
44291 69
44337 70
44348 69
44350 68
44351 67
44356 66
44363 67
44405 66
44430 67
44433 68
44435 67
44438 66
44576 67
44579 66
44581 67
44587 66
44588 65
44593 66
44593 66
44595 65
44595 64
44596 63
44596 64
44603 63
44605 62
44619 61
44675 60
44679 61
44688 60
44724 61
44818 62
44818 63
44840 62
44844 62
44847 63
44848 62
44897 63
44899 62
44902 61
44905 60
44947 59
45003 58
45005 57
45012 58
45019 59
45021 60
45027 59
45132 58
45134 59
45139 60
45146 60
45148 59
45150 58
45155 57
45159 58
45170 57
45171 56
45214 55
45232 56
45243 57
45256 58
45267 57
45343 56
45373 57
45373 56
45383 55
45383 54
45438 53
45467 54
45467 53
45470 54
45501 53
45507 52
45519 53
45543 54
45552 55
45576 56
45611 56
45613 57
45616 58
45652 59
45668 58
45670 59
45671 58
45707 59
45715 60
45723 59
45723 58
45726 57
45767 58
45775 57
45780 56
45804 57
45809 58
45815 57
45815 58
45820 57
45851 58
45851 59
45853 60
45868 59
45899 58
45899 57
45903 58
45915 58
45946 59
45947 60
45956 59
45956 58
45957 57
45957 56
45957 55
45964 54
46000 55
46022 54
46042 55
46046 56
46054 57
46055 58
46063 58
46063 57
46066 57
46076 56
46078 55
46105 56
46155 57
46162 56
46170 55
46191 56
46195 56
46195 57
46199 56
46201 55
46203 54
46213 55
46264 56
46391 55
46428 55
46445 56
46461 55
46463 54
46468 53
46485 52
46508 51
46513 52
46518 51
46518 50
46520 49
46536 48
46537 49
46544 48
46544 47
46547 48
46567 47
46571 46
46635 47
46643 47
46670 46
46671 47
46672 48
46675 49
46676 50
46702 51
46703 52
46703 53
46711 54
46711 53
46718 54
46736 53
46741 54
46748 53
46748 52
46757 51
46759 52
46775 53
46807 52
46843 53
46851 54
46861 53
46867 54
46871 54
46872 55
46875 55
46879 54
46917 54
46928 55
46964 56
46967 57
46975 58
46976 59
47012 60
47110 61
47112 60
47127 61
47137 60
47161 61
47164 62
47168 61
47189 60
47195 61
47273 62
47307 63
47314 64
47378 63
47378 64
47383 63
47393 62
47427 63
47467 64
47471 65
47474 66
47479 65
47484 66
47497 67
47542 68
47575 67
47587 66
47607 67
47615 66
47625 67
47629 68
47639 67
47651 68
47655 69
47697 70
47731 71
47739 70
47766 71
47800 70
47894 71
47899 70
47949 71
47960 70
48020 71
48131 72
48182 73
48183 72
48193 73
48270 74
48280 73
48332 74
48379 75
48410 74
48593 73
48632 74
48831 75
48832 76
48857 75
48980 76
49038 77
49215 78
49251 77
49331 76
49450 77
49636 78
49661 77
49751 78
49923 79
50276 80
50311 81
50314 82
50315 83
50321 82
50573 83
50623 82
50735 81
50968 80
51140 81
51149 82
51162 81
51183 80
51198 79
51295 78
51418 77
51512 76
51578 77
51697 76
51767 77
51787 76
51809 75
51840 76
51901 75
52212 74
52259 75
52310 74
52311 73
52372 74
52447 73
52469 72
52515 73
52606 72
52608 71
52614 72
52636 73
52655 72
52667 71
52693 70
52701 69
52747 70
52806 71
52844 70
52867 71
52930 70
52953 69
53022 68
53067 67
53138 68
53191 69
53207 68
53208 67
53209 66
53223 67
53224 68
53299 67
53351 66
53369 67
53403 68
53432 67
53435 66
53459 67
53507 66
53508 65
53531 64
53607 63
53623 62
53631 61
53643 60
53678 61
53679 62
53687 61
53713 62
53725 61
53727 60
53732 59
53752 58
53763 59
53779 58
53780 59
53792 60
53800 61
53832 62
53835 61
53876 60
53883 61
53909 62
53911 63
53919 62
53949 61
53958 62
53963 61
54007 62
54083 61
54096 62
54106 61
54136 60
54171 61
54180 62
54182 61
54248 60
54267 61
54274 60
54281 61
54287 60
54313 61
54331 60
54339 61
54356 60
54356 59
54403 60
54424 61
54425 60
54431 59
54444 58
54446 57
54453 56
54497 57
54551 58
54584 59
54610 60
54625 61
54627 60
54717 61
54719 62
54794 61
54852 62
54887 63
54897 64
54897 65
54910 66
54926 67
54933 68
54934 69
54935 68
55003 67
55026 68
55039 69
55055 68
55072 67
55075 66
55087 65
55135 66
55158 65
55163 66
55226 65
55243 66
55251 65
55252 66
55271 67
55319 66
55351 67
55362 66
55415 65
55448 66
55514 67
55520 68
55559 69
55572 70
55675 71
55680 72
55681 71
55712 72
55740 73
55779 74
55780 75
55872 74
55909 73
55915 74
55967 75
56087 74
56123 75
56219 76
56223 75
56306 76
56317 77
56409 78
56412 79
56488 78
56775 77
56784 76
56795 77
56801 77
56803 76
56804 76
56804 76
56805 75
56805 74
56805 74
56805 73
56805 72
56805 71
56807 70
56810 69
56812 69
56813 68
56925 67
56932 68
56955 67
57007 66
57080 67
57087 66
57099 65
57111 66
57120 65
57120 64
57120 63
57145 62
57154 61
57259 62
57351 63
57359 62
57366 61
57367 62
57375 61
57376 61
57376 60
57376 59
57376 58
57379 59
57388 58
57398 57
57425 58
57447 59
57491 60
57542 59
57597 60
57619 61
57639 62
57675 61
57679 62
57721 63
57722 62
57723 61
57733 61
57733 60
57764 61
57769 62
57801 63
57804 62
57830 61
57831 62
57853 61
57860 61
57935 62
57943 63
57944 64
57945 63
57947 62
57948 63
57949 62
57952 61
57956 60
57963 60
57996 61
58008 60
58013 59
58016 58
58054 59
58067 60
58151 61
58165 62
58175 61
58180 60
58181 59
58185 58
58189 57
58327 58
58335 59
58338 59
58339 60
58356 61
58356 60
58361 59
58364 58
58366 57
58366 56
58370 55
58395 56
58423 57
58424 57
58428 56
58429 55
58431 54
58463 53
58464 54
58469 53
58470 52
58472 51
58473 50
58474 49
58475 48
58499 49
58517 50
58520 49
58525 48
58527 47
58530 46
58545 45
58594 46
58597 46
58603 45
58662 46
58665 45
58678 44
58692 45
58705 45
58708 44
58711 43
58712 44
58720 43
58765 44
58777 45
58778 46
58779 45
58784 44
58784 44
58785 43
58786 42
58789 41
58789 42
58791 41
58792 40
58792 39
58801 40
58816 41
58818 40
58821 41
58845 42
58859 41
58863 40
58863 39
58865 38
58867 37
58867 36
58869 35
58871 35
58871 36
58877 35
58879 36
58880 35
58883 34
58885 33
58886 34
58887 33
58888 33
58889 32
58891 33
58894 33
58904 34
58950 35
58966 34
59001 35
59002 36
59010 37
59017 37
59018 36
59020 35
59023 35
59024 35
59029 35
59030 35
59059 36
59071 37
59073 38
59083 37
59087 38
59092 38
59093 38
59094 38
59094 37
59096 36
59096 35
59099 35
59100 34
59100 34
59100 34
59100 34
59104 34
59104 34
59106 33
59150 34
59154 33
59157 32
59160 31
59164 32
59171 32
59184 33
59191 33
59199 33
59203 32
59222 33
59226 34
59227 33
59228 32
59232 33
59239 34
59243 34
59255 33
59260 32
59260 32
59260 32
59262 31
59267 31
59271 30
59272 30
59276 29
59276 28
59276 27
59279 26
59280 25
59280 24
59282 23
59289 22
59291 21
59325 22
59343 23
59388 24
59418 25
59422 26
59430 27
59460 28
59462 27
59464 26
59465 26
59466 26
59469 26
59472 26
59473 25
59475 26
59476 25
59476 24
59482 25
59492 25
59492 26
59492 26
59492 27
59495 27
59496 27
59498 28
59500 28
59500 28
59500 28
59500 28
59500 27
59500 28
59501 29
59503 29
59507 29
59508 28
59511 28
59514 28
59515 28
59516 28
59516 28
59516 28
59516 27
59516 27
59516 27
59517 27
59517 27
59518 27
59519 27
59520 27
59520 26
59520 26
59520 26
59530 25
59565 26
59574 27
59579 28
59587 28
59588 28
59594 28
59596 29
59600 30
59604 30
59606 31
59615 31
59617 31
59620 30
59623 31
59625 30
59626 29
59636 28
59707 27
59710 26
59717 25
59736 25
59738 25
59742 25
59764 25
59764 24
59764 24
59764 25
59764 25
59764 26
59764 26
59764 26
59765 25
59765 25
59765 26
59765 26
59765 27
59765 28
59768 27
59768 27
59769 28
59769 29
59769 29
59769 30
59773 31
59775 31
59777 30
59779 29
59779 29
59836 30
59837 30
59838 30
59841 31
59844 31
59845 30
59848 30
59848 30
59850 29
59850 28
59851 27
59866 28
59871 29
59879 29
59880 30
59889 31
59902 31
59902 31
59918 32
59930 32
59940 33
59963 34
59968 35
59986 36
59995 36
60007 37
60013 38
60021 39
60026 39
60026 38
60033 38
60063 39
60070 39
60071 39
60075 38
60075 37
60077 37
60077 36
60080 35
60081 35
60082 34
60083 33
60088 34
60090 35
60103 36
60108 37
60147 38
60155 38
60158 37
60159 38
60161 38
60167 37
60168 36
60170 37
60175 38
60175 38
60176 37
60179 37
60179 37
60195 37
60196 37
60199 38
60201 38
60211 38
60211 38
60215 39
60216 40
60220 40
60220 40
60230 41
60232 42
60233 42
60237 41
60238 40
60239 40
60246 39
60247 38
60247 37
60252 38
60252 38
60254 37
60257 37
60259 37
60261 37
60278 38
60281 37
60282 37
60287 38
60289 38
60290 37
60290 37
60296 38
60299 39
60308 39
60318 38
60319 38
60320 39
60336 38
60352 39
60357 40
60396 41
60396 42
60398 41
60399 42
60415 42
60436 43
60520 44
60531 43
60538 42
60539 41
60558 40
60570 40
60591 40
60596 41
60600 41
60608 42
60613 42
60613 42
60616 42
60620 42
60623 41
60627 42
60628 41
60631 40
60647 39
60711 40
60722 39
60730 39
60730 38
60733 38
60734 39
60735 39
60737 39
60741 39
60741 38
60743 38
60747 37
60751 36
60762 37
60779 38
60787 37
60792 38
60804 39
60816 38
60826 37
60827 36
60850 37
60858 36
60859 37
60873 38
60883 37
60885 36
60892 36
60892 35
60892 34
60895 33
60908 32
60932 33
60943 34
60946 33
60957 34
60964 35
61010 36
61016 37
61020 38
61024 39
61024 40
61051 41
61052 42
61095 43
61101 44
61129 44
61142 44
61147 43
61153 43
61154 42
61157 42
61158 41
61163 41
61163 42
61164 42
61165 42
61171 42
61171 42
61175 42
61181 42
61181 41
61187 41
61191 41
61193 42
61266 42
61271 43
61274 44
61277 45
61279 46
61281 47
61284 46
61285 47
61288 46
61290 45
61311 46
61395 47
61398 48
61440 49
61450 50
61450 49
61458 48
61459 47
61472 46
61497 47
61515 46
61550 47
61557 46
61560 45
61573 46
61574 47
61575 48
61576 49
61584 50
61602 51
61608 52
61615 53
61616 53
61618 52
61619 51
61619 51
61620 52
61621 51
61625 50
61627 49
61628 49
61630 48
61651 49
61658 50
61666 51
61666 52
61693 51
61695 51
61697 52
61699 52
61700 51
61705 51
61707 51
61710 50
61710 51
61737 50
61737 49
61737 50
61739 49
61743 49
61743 48
61750 49
61784 50
61864 51
61876 52
61890 53
61890 52
61890 52
61890 52
61896 52
61896 52
61896 51
61903 51
61958 50
61968 51
61969 50
61972 51
61980 51
61980 50
61980 49
61980 49
61989 50
61994 51
62007 50
62038 49
62048 50
62055 51
62057 51
62057 51
62058 51
62059 51
62062 51
62063 50
62064 49
62073 49
62080 49
62083 49
62084 49
62144 48
62172 48
62173 49
62175 48
62176 47
62177 46
62177 45
62177 45
62179 44
62182 43
62183 43
62183 43
62185 43
62228 44
62228 45
62230 45
62232 45
62235 45
62239 46
62239 46
62244 45
62246 44
62246 44
62247 45
62255 44
62260 45
62282 46
62283 45
62289 44
62289 43
62292 43
62302 42
62412 43
62417 44
62421 43
62424 42
62424 41
62425 40
62427 40
62431 40
62434 40
62434 40
62435 39
62437 39
62442 38
62444 37
62448 36
62449 35
62526 36
62536 37
62539 36
62540 36
62541 35
62543 35
62548 34
62552 35
62554 36
62571 35
62582 35
62585 36
62592 35
62592 36
62594 37
62596 36
62601 35
62602 34
62603 33
62606 34
62606 33
62611 32
62614 32
62622 32
62625 33
62649 32
62656 33
62658 32
62678 33
62679 32
62680 32
62683 32
62689 31
62718 32
62718 33
62726 34
62727 34
62728 34
62729 34
62731 34
62736 35
62738 35
62739 35
62740 35
62742 35
62744 35
62746 35
62747 34
62748 34
62751 33
62752 33
62764 34
62788 33
62796 34
62809 33
62809 32
62809 32
62809 31
62810 30
62818 31
62829 31
62831 30
62837 29
62838 29
62843 30
62853 31
62862 32
62867 33
62896 33
62923 34
62924 34
62934 34
62939 33
62940 33
62940 33
62941 32
62947 32
62948 33
62964 34
62966 34
62968 34
62973 33
62978 33
62986 32
62995 33
62995 34
62998 34
63003 35
63006 35
63006 35
63008 35
63022 36
63031 37
63035 36
63036 37
63040 36
63040 36
63043 36
63044 37
63048 37
63049 37
63049 37
63049 37
63051 36
63051 36
63054 35
63063 35
63063 35
63090 36
63097 35
63097 35
63099 36
63104 36
63104 35
63115 36
63115 37
63117 37
63122 36
63122 37
63122 36
63127 36
63129 36
63131 36
63133 36
63134 35
63134 34
63151 35
63173 35
63218 35
63219 36
63224 37
63232 36
63232 35
63232 34
63232 33
63232 32
63253 33
63273 34
63279 35
63291 34
63305 34
63307 33
63307 34
63313 33
63316 32
63326 33
63328 32
63340 31
63359 32
63359 31
63377 32
63379 32
63383 32
63386 31
63388 31
63408 30
63428 31
63428 32
63428 33
63436 32
63437 32
63441 33
63442 32
63448 33
63454 32
63456 33
63457 32
63457 32
63459 32
63459 32
63460 32
63461 32
63461 33
63463 33
63464 33
63465 33
63466 33
63466 33
63466 33
63466 32
63468 33
63468 33
63468 33
63469 32
63482 31
63509 32
63564 33
63569 34
63582 34
63608 35
63614 36
63616 36
63617 37
63620 36
63620 36
63621 36
63626 36
63633 36
63640 37
63640 37
63641 38
63641 37
63642 36
63643 36
63644 35
63645 34
63649 33
63652 32
63655 32
63655 31
63657 32
63676 33
63689 34
63699 35
63705 35
63712 34
63712 33
63716 34
63716 34
63716 33
63717 33
63720 33
63721 34
63721 34
63722 35
63723 35
63724 34
63724 34
63725 33
63798 34
63823 35
63835 36
63840 36
63845 37
63846 37
63846 36
63848 35
63853 35
63854 35
63868 36
63871 37
63875 37
63877 36
63877 35
63884 34
63884 33
63884 32
63884 31
63884 30
63886 29
63889 29
63896 30
63909 31
63918 32
63922 33
63960 34
63977 35
64000 36
64070 37
64116 38
64123 39
64134 40
64142 41
64145 40
64146 40
64146 40
64148 40
64148 40
64150 40
64151 39
64151 39
64154 39
64157 38
64169 37
64184 38
64218 39
64219 38
64221 39
64226 40
64228 41
64229 40
64237 39
64238 40
64266 41
64300 42
64308 41
64308 40
64308 39
64308 39
64320 40
64326 41
64333 40
64341 41
64342 41
64345 41
64349 40
64353 41
64368 40
64368 39
64368 39
64408 40
64416 41
64427 42
64438 41
64442 42
64457 41
64463 42
64523 43
64524 43
64529 44
64532 45
64544 44
64550 45
64565 46
64581 46
64601 47
64625 46
64629 47
64629 48
64629 49
64632 50
64664 49
64664 48
64664 47
64664 46
64668 47
64676 48
64677 47
64684 48
64697 47
64707 48
64708 47
64710 48
64721 47
64724 48
64729 47
64731 48
64731 47
64768 48
64775 49
64818 50
64826 51
64830 50
64843 51
64852 52
64862 52
64926 53
64938 52
64960 51
64972 52
64972 53
64975 52
64975 53
64980 52
64980 51
64995 50
65005 49
65059 49
65084 50
65106 49
65112 50
65126 51
65152 52
65213 52
65220 53
65220 54
65225 53
65225 54
65227 54
65229 53
65229 53
65232 52
65240 51
65260 52
65273 53
65277 54
65277 55
65283 56
65284 57
65288 58
65356 59
65390 60
65393 61
65437 62
65440 63
65442 64
65455 63
65492 62
65524 63
65536 64
65570 63
65609 64
65612 65
65617 64
65619 65
65656 64
65668 63
65687 62
65723 61
65730 62
65761 61
65777 62
65804 63
65818 62
65830 61
65836 62
65839 61
65846 62
65858 61
65886 62
65888 61
65940 62
65976 63
65979 62
65983 62
65983 61
65987 60
65993 59
66000 60
66041 61
66223 62
66275 63
66290 64
66311 63
66334 64
66348 63
66348 62
66350 61
66359 60
66371 61
66390 61
66392 61
66393 60
66397 59
66397 59
66398 58
66398 57
66492 58
66509 59
66516 58
66523 57
66524 56
66579 57
66620 57
66620 58
66624 57
66625 56
66632 56
66663 57
66666 56
66667 55
66667 55
66668 54
66690 54
66692 55
66693 56
66696 56
66698 55
66744 56
66759 57
66759 56
66769 55
66775 54
66783 55
66785 54
66786 54
66787 53
66788 52
66790 52
66790 51
66791 51
66793 51
66793 51
66794 51
66794 50
66794 50
66795 49
66795 49
66796 49
66796 49
66796 49
66797 49
66800 49
66800 48
66804 49
66829 50
66907 51
66974 52
66987 51
66987 52
66987 51
66990 50
66991 49
67041 50
67043 49
67055 49
67068 50
67076 49
67116 48
67116 47
67160 47
67168 46
67171 45
67176 46
67183 47
67210 46
67218 45
67270 46
67308 45
67310 46
67319 47
67335 48
67372 49
67372 49
67379 50
67382 49
67383 48
67384 49
67385 50
67386 49
67388 48
67412 49
67445 50
67447 51
67455 51
67460 50
67461 49
67462 48
67463 47
67495 48
67496 49
67500 50
67503 51
67512 52
67524 51
67524 50
67524 49
67524 48
67524 47
67524 46
67524 45
67528 45
67536 44
67536 43
67584 44
67590 43
67592 42
67593 43
67597 42
67599 43
67599 42
67600 41
67601 40
67602 40
67603 40
67604 41
67612 40
67641 39
67642 40
67647 40
67664 40
67664 40
67664 40
67667 41
67699 40
67700 41
67701 41
67703 42
67703 42
67708 41
67711 40
67713 39
67714 39
67756 40
67765 40
67768 39
67770 38
67791 37
67821 38
67834 38
67847 39
67850 40
67855 40
67856 39
67873 38
67874 39
67874 38
67878 39
67878 38
67884 37
67884 36
67884 37
67885 36
67894 36
67932 37
67937 37
67939 36
67964 35
67973 34
67973 33
67988 34
68003 34
68005 33
68006 32
68020 31
68023 30
68029 31
68040 30
68041 29
68045 28
68052 29
68060 28
68084 28
68087 29
68088 28
68088 29
68092 28
68092 27
68093 28
68099 27
68123 27
68162 28
68165 29
68167 30
68168 31
68169 31
68172 30
68173 30
68175 31
68178 30
68180 31
68181 31
68183 30
68185 30
68185 30
68186 30
68187 29
68188 29
68188 29
68189 29
68191 28
68192 27
68194 27
68194 26
68196 25
68197 25
68198 25
68199 24
68200 24
68200 23
68203 23
68217 24
68232 25
68240 25
68240 25
68240 25
68240 25
68240 24
68240 23
68240 22
68241 23
68247 22
68250 21
68260 22
68269 22
68269 22
68274 22
68274 22
68281 23
68344 24
68344 25
68349 24
68349 25
68377 24
68413 25
68417 26
68422 25
68424 26
68438 27
68450 28
68450 28
68461 29
68466 30
68468 31
68468 31
68468 32
68476 31
68482 32
68487 33
68496 32
68496 31
68496 31
68496 30
68499 30
68502 30
68504 29
68505 29
68527 30
68543 31
68569 32
68571 33
68581 33
68583 33
68583 32
68585 32
68588 33
68613 33
68646 34
68660 35
68678 35
68678 36
68689 37
68692 38
68696 38
68698 37
68699 37
68699 36
68701 37
68703 36
68704 36
68706 36
68709 36
68709 35
68709 34
68729 35
68730 36
68733 37
68741 37
68796 38
68796 39
68797 40
68806 41
68880 42
68887 43
68932 44
68949 45
68976 44
68977 45
68978 45
68980 46
68985 45
69014 46
69014 47
69016 46
69022 47
69023 46
69024 46
69024 46
69026 45
69026 44
69027 43
69029 42
69030 41
69071 40
69084 41
69088 41
69093 42
69100 42
69100 41
69100 42
69108 41
69108 41
69109 40
69128 41
69134 42
69135 43
69141 42
69144 41
69147 40
69148 39
69153 38
69154 39
69154 40
69156 39
69156 38
69156 37
69156 36
69160 35
69165 34
69165 34
69165 34
69172 33
69175 32
69190 33
69192 34
69192 35
69208 34
69208 33
69212 33
69221 34
69232 33
69284 34
69292 33
69294 32
69294 32
69296 32
69296 32
69296 32
69296 32
69297 33
69305 32
69311 33
69311 34
69312 35
69319 35
69323 34
69332 35
69339 36
69356 37
69356 38
69359 39
69368 38
69368 38
69395 38
69405 39
69414 38
69415 38
69424 39
69427 40
69453 41
69457 41
69459 42
69468 41
69480 42
69491 43
69507 42
69542 41
69544 42
69546 41
69550 42
69552 41
69552 42
69557 43
69614 44
69617 45
69678 44
69687 45
69697 46
69700 47
69706 48
69752 49
69760 49
69764 50
69777 51
69780 52
69785 53
69785 52
69788 51
69800 50
69806 49
69808 50
69850 51
69854 52
69865 53
69873 54
69873 53
69883 52
69888 53
69905 54
69931 53
69944 54
69947 55
69947 56
69957 55
69960 56
69965 56
69965 56
69968 56
69968 55
69968 55
69968 54
69971 54
69971 53
69972 53
69976 52
69996 51
69998 52
70011 53
70056 54
70082 53
70088 54
70096 55
70108 56
70116 56
70121 56
70124 55
70127 55
70161 54
70200 55
70211 56
70215 57
70219 58
70220 57
70223 56
70261 55
70270 56
70281 55
70282 56
70291 57
70296 58
70297 58
70301 57
70301 56
70302 55
70302 54
70303 54
70304 53
70336 52
70340 51
70377 50
70387 51
70396 52
70408 51
70496 52
70512 51
70516 50
70518 51
70525 50
70530 49
70531 50
70536 50
70536 50
70537 50
70587 51
70589 52
70593 52
70594 51
70619 52
70634 52
70634 51
70635 51
70636 50
70636 50
70636 50
70636 51
70637 50
70637 50
70637 50
70643 49
70644 48
70646 48
70646 47
70647 46
70648 45
70650 45
70657 44
70684 45
70714 44
70714 45
70723 45
70728 44
70729 44
70732 45
70736 44
70736 43
70768 44
70771 44
70773 43
70782 44
70837 45
70844 44
70844 43
70844 43
70844 42
70870 42
70871 43
70875 42
70876 41
70877 40
70886 41
70887 40
70905 41
70923 42
70976 43
70981 44
71007 45
71012 46
71018 46
71020 47
71024 47
71024 47
71025 48
71032 47
71032 46
71036 47
71037 46
71039 45
71040 44
71043 43
71044 42
71046 41
71108 42
71115 43
71116 42
71122 41
71144 41
71147 40
71148 41
71154 41
71156 40
71158 41
71161 42
71180 43
71251 43
71258 42
71266 42
71272 43
71280 42
71288 43
71300 42
71300 43
71348 42
71354 41
71355 42
71378 41
71380 42
71381 42
71393 41
71396 41
71398 42
71403 42
71405 42
71410 42
71414 41
71417 41
71419 42
71444 43
71453 44
71453 45
71493 46
71496 47
71498 46
71498 45
71499 44
71504 43
71507 42
71513 41
71578 42
71590 41
71594 42
71605 43
71628 42
71629 43
71644 44
71651 45
71654 46
71656 47
71660 48
71663 49
71663 50
71667 49
71668 48
71669 47
71680 46
71681 45
71728 46
71740 47
71791 48
71792 49
71801 50
71836 51
71836 52
71836 53
71844 52
71860 51
71876 52
71894 53
71896 53
71919 54
71924 53
71931 52
71935 53
71943 54
71946 54
71984 55
72040 56
72051 55
72054 54
72057 55
72073 54
72074 53
72077 52
72082 53
72084 54
72086 55
72150 56
72157 55
72176 54
72214 55
72226 56
72230 57
72233 58
72236 59
72236 60
72254 59
72255 60
72255 61
72262 60
72265 61
72275 62
72279 63
72281 62
72281 61
72316 62
72333 63
72343 64
72352 63
72422 64
72468 65
72476 64
72505 63
72517 62
72536 63
72552 64
72631 63
72646 64
72649 65
72688 64
72701 65
72733 66
72741 65
72866 66
72883 65
72922 66
72938 65
72942 66
72976 65
72996 64
73061 65
73087 64
73094 65
73099 66
73106 67
73108 66
73125 67
73130 68
73131 69
73138 70
73190 71
73208 72
73217 73
73315 74
73320 75
73320 76
73320 77
73339 76
73391 75
73416 74
73522 75
73584 74
73638 73
73648 74
73689 75
73696 74
73710 73
73752 72
73798 71
73820 70
73832 69
73848 68
73873 67
73903 66
73912 67
74075 68
74110 67
74150 68
74155 69
74165 68
74220 67
74224 68
74288 69
74292 70
74334 71
74350 72
74354 73
74356 72
74356 71
74444 72
74608 73
74624 74
74636 75
74695 76
74723 75
74910 74
74931 73
74955 72
74993 73
75135 74
75200 75
75200 76
75216 77
75225 76
75268 77
75296 78
75306 77
75339 76
75360 75
75519 76
75660 75
75664 74
75716 73
75804 74
75913 75
75926 76
75931 77
76188 76
76228 77
76230 78
76327 77
76380 78
76435 77
76486 76
76515 77
76560 78
76608 77
76624 76
76656 77
76772 76
76814 77
76917 78
77024 79
77025 80
77142 79
77267 80
77460 79
77474 78
77512 77
77528 76
77539 75
77568 74
77612 73
77651 72
77664 71
77665 70
77795 71
77796 72
77796 73
77932 74
77988 75
78007 74
78034 73
78047 72
78047 73
78066 74
78066 73
78074 72
78121 71
78179 70
78202 69
78239 68
78312 67
78352 66
78352 67
78368 66
78395 65
78399 64
78400 63
78401 62
78494 63
78590 64
78607 63
78674 64
78678 63
78687 64
78708 63
78736 62
78751 63
78763 62
78824 63
78824 64
78841 65
78860 64
78864 65
78922 64
78968 63
78969 62
79012 61
79022 60
79025 59
79038 58
79061 59
79083 58
79131 59
79131 58
79133 59
79160 58
79242 57
79260 56
79273 55
79275 54
79278 55
79286 56
79290 57
79292 57
79349 58
79349 59
79352 58
79370 59
79373 58
79392 59
79400 60
79404 61
79412 60
79461 59
79475 58
79530 57
79540 56
79566 57
79628 56
79652 57
79661 58
79672 57
79675 58
79686 59
79689 60
79705 59
79726 58
79782 59
79796 58
79808 57
79808 56
79831 57
79848 56
79881 57
79904 56
79916 55
79926 56
79942 55
79964 56
79969 57
79977 58
79984 57
80037 58
80060 59
80092 60
80110 59
80116 60
80116 61
80163 62
80164 61
80183 62
80215 61
80240 62
80264 61
80289 60
80326 61
80332 62
80348 63
80353 62
80357 63
80363 64
80415 65
80435 66
80500 65
80506 66
80549 65
80550 64
80556 65
80561 64
80566 65
80692 66
80735 67
80747 66
80756 65
80793 64
80801 65
80816 66
80818 67
80822 68
80825 67
80860 66
80953 67
80971 68
80979 69
80995 70
81074 69
81085 68
81120 69
81213 70
81235 69
81262 70
81276 69
81316 68
81323 69
81330 70
81331 69
81385 68
81393 67
81413 66
81432 67
81449 68
81497 69
81664 68
81750 69
81755 70
81812 71
81828 70
81836 69
81888 70
81928 71
81968 72
82000 73
82024 74
82205 73
82276 72
82276 71
82322 70
82356 71
82376 70
82409 71
82469 70
82495 69
82508 70
82584 69
82588 70
82591 71
82596 70
82601 71
82615 72
82617 73
82617 74
82620 75
82814 74
82821 73
82943 72
82953 73
83079 72
83085 73
83121 72
83145 71
83148 70
83203 69
83240 68
83244 67
83256 66
83275 67
83436 68
83440 69
83627 68
83630 67
83707 68
83734 69
83933 70
83973 71
83976 72
83976 73
83976 74
83976 75
84025 74
84168 75
84236 76
84357 75
84364 76
84380 75
84409 76
84441 77
84452 76
84549 75
84562 74
84629 73
84672 72
84738 71
84847 72
84853 73
84864 74
84868 75
84946 76
84971 77
85012 76
85040 75
85088 76
85098 75
85189 74
85196 73
85224 74
85278 73
85311 74
85314 73
85404 74
85407 75
85432 76
85457 77
85463 78
85472 79
85476 78
85483 77
85503 76
85506 75
85532 74
85538 73
85546 72
85562 71
85580 72
85677 71
85694 70
85811 69
85816 68
85902 67
85917 66
85980 65
85999 66
86015 65
86097 66
86124 65
86136 64
86172 65
86197 64
86212 63
86231 64
86231 65
86337 66
86343 67
86400 66
86404 67
86440 66
86455 67
86467 66
86495 65
86501 66
86506 67
86539 68
86637 69
86649 70
86649 71
86659 70
86684 69
86719 68
86750 67
86752 66
86796 67
86796 66
86849 67
86893 66
86912 67
86915 66
86916 67
86921 68
86957 67
87044 66
87047 65
87089 64
87093 65
87098 64
87098 65
87098 64
87105 65
87111 64
87112 63
87114 62
87160 63
87181 64
87304 65
87307 66
87332 65
87400 64
87426 63
87434 64
87444 63
87461 62
87485 61
87493 60
87494 61
87499 60
87528 59
87530 60
87557 61
87564 60
87600 61
87693 62
87709 63
87718 62
87732 63
87735 64
87783 63
87798 64
87804 65
87916 64
87956 65
87957 66
87964 67
87978 68
87989 67
88046 66
88052 65
88052 66
88060 65
88068 64
88084 63
88119 64
88136 63
88184 62
88184 61
88200 60
88208 59
88210 58
88262 57
88267 56
88268 55
88268 54
88271 53
88275 52
88281 51
88293 50
88294 49
88305 48
88307 47
88314 46
88329 45
88349 44
88356 45
88363 44
88369 45
88373 44
88384 45
88431 44
88441 43
88466 42
88492 41
88494 40
88528 39
88541 38
88556 37
88572 36
88576 37
88595 38
88596 39
88609 38
88622 39
88705 40
88720 41
88729 42
88734 43
88740 44
88770 45
88775 46
88783 45
88784 46
88809 47
88828 46
88846 47
88853 48
88856 49
88870 50
88894 49
88903 50
88904 51
88914 52
88936 53
88940 52
88960 53
89024 54
89026 53
89026 52
89029 53
89030 52
89050 51
89118 52
89120 51
89120 50
89152 49
89157 50
89180 51
89194 50
89196 49
89236 50
89236 51
89244 50
89248 51
89295 50
89316 49
89406 50
89440 51
89440 52
89441 53
89448 54
89486 53
89491 54
89536 55
89544 54
89548 55
89549 56
89550 55
89551 54
89563 55
89592 54
89620 55
89621 56
89631 57
89632 58
89654 57
89688 58
89690 57
89707 58
89707 57
89712 56
89778 55
89779 56
89824 57
89826 56
89832 55
89832 54
89832 55
89865 56
89867 57
89868 57
89905 56
89943 57
89985 56
89985 55
89992 56
89992 57
90000 56
90000 55
90012 54
90030 55
90034 56
90037 55
90041 54
90052 53
90062 52
90113 53
90117 52
90188 52
90188 51
90192 50
90214 49
90233 50
90292 51
90322 52
90329 53
90332 54
90339 55
90340 54
90373 53
90388 52
90412 51
90434 52
90437 51
90455 50
90484 51
90500 52
90524 53
90532 52
90543 51
90547 52
90552 51
90620 52
90652 53
90661 54
90758 55
90768 54
90789 53
90792 52
90819 51
90828 52
90828 53
90836 54
90837 53
90848 52
90876 51
90904 50
90930 51
90958 50
90982 51
90993 50
91028 49
91029 48
91031 49
91040 48
91073 49
91074 50
91116 51
91118 52
91120 53
91124 54
91124 53
91125 54
91128 55
91133 54
91158 53
91172 54
91197 55
91218 54
91224 55
91260 56
91280 57
91300 58
91300 59
91307 60
91311 59
91320 60
91320 61
91337 62
91372 61
91386 62
91440 61
91451 60
91452 59
91460 60
91463 61
91500 62
91509 61
91525 60
91569 59
91579 58
91596 59
91619 60
91621 59
91622 60
91622 61
91626 60
91632 59
91672 58
91720 59
91721 60
91728 59
91823 58
91828 57
91900 58
91900 59
91909 58
91920 57
91924 58
92004 57
92041 58
92053 57
92055 58
92071 57
92072 56
92093 57
92112 56
92116 55
92152 54
92160 55
92183 54
92238 55
92289 54
92317 55
92321 56
92366 55
92405 54
92433 55
92512 56
92532 57
92532 58
92540 59
92544 58
92553 57
92572 58
92580 57
92609 56
92640 57
92659 56
92691 57
92693 56
92696 57
92708 58
92713 59
92715 60
92749 61
92754 60
92758 61
92762 62
92803 63
92844 64
92857 65
92857 64
92954 65
92965 66
92981 65
92984 66
92987 67
92990 68
92992 67
92997 66
93019 65
93111 66
93132 67
93144 66
93161 65
93183 64
93188 65
93197 64
93223 63
93223 62
93224 61
93268 60
93281 61
93300 62
93300 63
93319 62
93326 61
93346 60
93357 59
93395 60
93439 59
93444 58
93476 59
93503 58
93517 57
93564 58
93565 57
93565 58
93575 57
93600 58
93600 59
93608 58
93628 59
93630 60
93664 59
93736 60
93772 59
93777 60
93860 61
93892 62
93912 61
94035 60
94038 59
94062 58
94065 57
94065 56
94084 55
94095 56
94100 57
94104 58
94113 59
94120 58
94130 57
94154 58
94161 57
94187 58
94200 57
94201 56
94203 57
94212 56
94234 55
94268 54
94284 53
94314 54
94332 55
94356 56
94411 57
94413 56
94419 56
94427 57
94427 58
94428 59
94438 60
94452 61
94497 62
94504 61
94505 60
94506 61
94516 60
94548 61
94582 62
94584 61
94612 60
94620 59
94625 58
94626 57
94640 56
94657 57
94663 58
94736 59
94740 60
94804 59
94810 58
94813 57
94830 56
94862 55
94875 56
94901 57
94920 58
94927 59
94928 60
94928 59
94946 60
95029 61
95046 60
95056 61
95062 62
95077 61
95080 60
95159 59
95181 58
95182 57
95188 56
95251 55
95299 54
95334 53
95335 54
95346 53
95349 52
95351 51
95354 50
95360 51
95368 50
95370 51
95373 50
95380 49
95391 50
95398 51
95400 51
95405 50
95421 51
95425 52
95462 53
95468 54
95475 55
95509 54
95510 53
95533 52
95538 51
95571 52
95582 53
95590 54
95647 53
95675 54
95675 55
95709 54
95750 55
95772 56
95788 57
95804 56
95812 57
95812 56
95834 57
95837 56
95851 57
95852 58
95856 57
95868 58
95942 59
95957 58
95988 57
96000 56
96025 57
96025 58
96059 59
96068 60
96096 59
96100 58
96143 59
96156 60
96159 61
96192 60
96193 61
96229 60
96252 61
96258 60
96265 61
96269 62
96271 61
96288 62
96300 61
96346 60
96358 59
96414 60
96445 61
96486 60
96498 61
96525 62
96574 61
96578 62
96603 63
96606 64
96649 63
96653 64
96660 63
96698 64
96700 63
96700 62
96711 61
96720 62
96722 61
96726 60
96733 59
96734 60
96736 59
96748 60
96751 61
96752 62
96754 63
96756 62
96761 61
96768 60
96793 59
96793 60
96882 59
96885 58
96899 59
96985 60
96985 59
96991 58
97027 57
97036 58
97037 59
97083 58
97099 57
97104 58
97118 59
97120 60
97132 61
97141 60
97141 59
97144 58
97161 59
97165 58
97185 59
97212 60
97220 59
97223 60
97228 59
97317 60
97318 61
97329 62
97354 63
97385 62
97387 61
97399 60
97410 61
97425 60
97480 59
97524 58
97556 59
97564 58
97568 59
97572 60
97589 59
97590 60
97605 59
97609 60
97616 61
97620 60
97645 59
97648 58
97657 57
97658 56
97660 55
97676 54
97678 53
97701 52
97708 53
97728 52
97746 53
97746 52
97796 53
97811 52
97821 51
97842 52
97877 53
97910 54
97917 53
97935 52
97992 51
97994 52
98016 51
98026 50
98030 51
98104 52
98131 53
98133 54
98141 55
98145 56
98168 55
98173 56
98176 57
98179 56
98208 55
98210 54
98237 55
98241 56
98252 55
98259 56
98284 57
98308 58
98344 57
98359 56
98359 57
98371 56
98373 55
98403 54
98424 55
98447 56
98475 57
98490 58
98492 59
98520 58
98552 57
98559 58
98560 59
98560 60
98563 61
98568 60
98570 61
98580 60
98622 59
98634 58
98661 59
98665 58
98667 57
98668 56
98673 55
98686 54
98692 53
98724 54
98808 55
98812 54
98821 55
98822 56
98869 55
98874 54
98945 53
98956 54
98964 53
98964 54
98972 55
98973 56
98975 57
98984 58
99008 58
99012 59
99025 60
99039 59
99060 58
99064 57
99066 58
99068 57
99074 58
99081 57
99098 56
99104 55
99148 56
99149 57
99193 56
99207 55
99224 56
99265 55
99267 56
99336 55
99358 54
99362 55
99364 54
99391 53
99432 52
99434 51
99480 50
99509 51
99542 50
99544 49
99556 48
99583 49
99593 48
99616 49
99616 50
99618 49
99624 48
99628 49
99639 50
99643 51
99646 52
99653 53
99657 54
99672 55
99681 56
99683 55
99692 54
99728 53
99752 54
99762 55
99784 56
99836 55
99877 56
99895 57
99897 58
99899 57
99899 58
99902 59
99925 58
99970 59
100000 60
100133 59
100140 58
100145 59
100149 60
100150 61
100150 62
100181 63
100188 62
100264 61
100284 60
100304 61
100306 62
100310 63
100339 62
100357 63
100364 64
100364 63
100369 64
100371 63
100406 62
100426 63
100432 64
100469 63
100504 62
100504 61
100524 62
100524 63
100540 62
100574 61
100577 62
100578 61
100584 60
100593 61
100597 62
100598 63
100600 62
100603 61
100606 60
100610 59
100680 58
100690 57
100698 58
100752 57
100755 56
100792 57
100812 58
100815 59
100839 60
100845 59
100936 58
100969 57
100993 58
100996 57
101006 56
101010 55
101012 54
101016 55
101020 56
101021 55
101044 54
101052 53
101052 52
101060 53
101064 52
101118 51
101131 50
101140 49
101149 50
101168 49
101191 50
101191 49
101224 50
101232 49
101252 50
101254 51
101360 52
101366 53
101369 52
101371 51
101380 50
101382 49
101424 48
101479 47
101496 48
101501 47
101505 46
101540 47
101550 48
101619 49
101660 50
101664 51
101664 52
101676 53
101676 54
101684 53
101684 52
101684 53
101690 54
101730 53
101756 54
101759 55
101768 56
101799 57
101812 58
101840 59
101894 60
101915 61
101944 60
102019 61
102067 60
102072 59
102075 58
102077 57
102082 56
102122 57
102136 56
102137 55
102141 56
102145 55
102149 56
102149 55
102161 56
102166 55
102223 54
102223 53
102224 54
102233 55
102252 56
102292 55
102295 54
102301 53
102312 54
102333 53
102352 52
102366 53
102368 54
102379 55
102381 54
102384 55
102417 56
102444 57
102463 56
102465 55
102467 54
102519 53
102539 54
102539 55
102540 56
102555 57
102572 58
102597 57
102665 56
102707 57
102709 58
102719 57
102719 58
102720 59
102762 58
102768 57
102796 56
102803 55
102833 56
102852 55
102852 56
102855 55
102856 56
102880 55
102898 56
102927 55
102953 56
102967 55
102975 54
102984 53
102992 52
103014 51
103056 52
103084 51
103084 50
103116 51
103120 50
103147 51
103151 52
103172 53
103180 52
103183 53
103185 52
103198 53
103218 54
103268 53
103275 52
103285 53
103298 52
103316 53
103318 54
103318 55
103380 56
103395 57
103433 58
103435 59
103439 60
103463 61
103467 62
103478 61
103493 60
103552 59
103567 60
103624 61
103633 60
103659 61
103672 60
103713 61
103740 60
103740 61
103741 62
103747 62
103749 63
103756 62
103756 61
103812 60
103846 59
103852 58
103888 57
103899 56
103905 57
103940 58
103943 59
103946 60
103980 61
104015 62
104072 61
104077 62
104080 63
104113 62
104146 63
104169 64
104176 63
104188 64
104188 65
104196 64
104224 63
104243 62
104249 61
104281 60
104300 61
104304 62
104320 61
104332 60
104349 59
104411 58
104438 59
104443 58
104444 59
104456 58
104514 57
104559 56
104568 55
104568 56
104569 55
104592 54
104640 55
104718 56
104756 55
104773 54
104790 55
104792 56
104792 57
104800 56
104814 55
104826 54
104828 53
104856 52
104860 53
104864 54
104871 55
104877 54
104888 55
104980 54
104997 55
105004 56
105012 57
105060 56
105073 55
105076 56
105095 57
105130 56
105152 57
105232 58
105260 59
105270 58
105272 59
105274 58
105309 57
105361 58
105361 59
105367 60
105371 59
105391 58
105396 59
105396 60
105428 59
105459 58
105461 59
105490 58
105533 59
105576 60
105578 61
105588 62
105588 61
105593 62
105602 61
105642 62
105680 61
105680 60
105684 61
105688 62
105692 63
105692 62
105700 63
105705 64
105731 63
105835 64
105840 65
105852 66
105858 65
105860 64
105870 63
105887 62
105940 61
105942 62
105946 61
105948 62
105950 61
105950 60
105971 59
105983 60
105984 61
106006 60
106042 59
106054 60
106073 59
106132 58
106144 59
106161 60
106228 59
106245 58
106251 57
106252 56
106253 55
106283 56
106284 55
106296 54
106297 53
106303 54
106309 53
106322 52
106327 51
106341 50
106341 49
106355 48
106372 49
106379 48
106395 47
106406 48
106453 49
106454 50
106464 49
106551 48
106552 49
106564 50
106571 49
106591 50
106599 49
106600 50
106630 51
106631 52
106633 53
106647 54
106708 53
106717 54
106746 55
106746 56
106751 57
106752 58
106753 59
106792 60
106808 59
106811 60
106819 61
106905 62
106906 63
106914 62
106920 61
106928 60
106934 59
106939 58
106940 59
106957 58
106965 59
107012 58
107060 57
107068 58
107085 59
107128 60
107176 59
107187 58
107188 57
107209 58
107215 59
107223 60
107225 59
107235 60
107237 59
107280 60
107314 59
107316 58
107317 59
107319 58
107326 57
107347 58
107348 59
107348 60
107348 61
107353 62
107360 63
107395 64
107441 63
107491 64
107499 63
107506 62
107525 63
107541 62
107552 63
107599 62
107607 61
107614 60
107643 59
107646 58
107648 57
107669 56
107681 57
107685 58
107692 59
107700 58
107748 59
107788 60
107809 61
107836 60
107874 59
107884 60
107884 61
107893 60
107921 59
107940 60
107980 61
108002 62
108068 61
108072 60
108095 59
108124 60
108128 59
108132 60
108133 61
108143 62
108156 63
108171 62
108191 61
108220 60
108237 59
108274 58
108277 57
108350 58
108354 57
108363 58
108410 59
108413 60
108432 59
108439 58
108465 57
108472 58
108511 59
108522 58
108522 59
108524 60
108558 59
108612 60
108636 61
108636 62
108681 63
108688 62
108696 61
108698 62
108722 61
108732 62
108744 61
108755 62
108796 61
108846 60
108847 61
108852 62
108865 63
108870 64
108893 65
108893 64
108927 63
108940 64
108950 65
108952 66
108958 65
108972 66
109008 67
109030 66
109037 67
109095 66
109098 65
109100 64
109104 63
109126 62
109143 61
109212 60
109269 59
109292 58
109309 59
109309 60
109332 59
109341 60
109345 59
109350 58
109389 57
109400 56
109413 57
109440 58
109447 59
109452 58
109465 57
109473 56
109536 57
109544 58
109548 59
109552 60
109577 59
109634 58
109664 57
109685 58
109738 59
109739 60
109812 59
109845 58
109860 59
109900 60
109904 59
109906 60
109922 61
109931 62
109953 61
109980 60
109986 59
110018 58
110073 59
110094 58
110097 59
110110 60
110133 61
110134 62
110135 63
110135 64
110137 65
110142 66
110148 67
110247 68
110254 69
110257 70
110263 71
110278 70
110280 69
110280 68
110307 67
110356 68
110368 69
110419 68
110566 67
110581 66
110587 67
110625 68
110672 69
110672 70
110726 71
110739 72
110752 71
110754 70
110780 71
110801 70
110820 69
110831 68
110844 67
110877 68
110885 67
110900 66
110906 65
110927 66
110960 67
110960 68
110980 67
111036 66
111062 65
111063 64
111070 65
111099 66
111100 65
111103 64
111146 65
111160 64
111172 63
111181 62
111181 61
111184 62
111188 61
111276 62
111328 61
111339 60
111341 61
111344 62
111346 61
111384 62
111408 61
111427 60
111490 59
111518 58
111528 57
111543 58
111555 57
111582 58
111584 57
111599 58
111600 57
111601 56
111604 55
111608 54
111613 53
111626 52
111726 51
111756 52
111756 51
111849 52
111864 53
111864 54
111867 53
111867 54
111869 53
111874 54
111900 53
111903 52
111967 53
111976 54
111977 55
112010 54
112032 55
112040 54
112062 55
112071 54
112072 55
112074 56
112134 57
112154 58
112202 57
112208 58
112233 59
112255 60
112272 59
112304 60
112304 61
112349 62
112349 63
112415 64
112453 65
112456 66
112459 67
112459 68
112462 69
112482 68
112497 67
112520 66
112540 67
112541 66
112549 65
112554 64
112588 63
112588 62
112600 61
112620 62
112636 63
112643 64
112644 63
112653 62
112663 61
112670 60
112704 61
112729 62
112764 61
112765 60
112780 61
112791 60
112856 61
112902 60
112922 59
112924 60
112927 61
112930 60
112932 61
112935 62
112989 61
112998 60
113046 61
113047 60
113047 59
113056 58
113131 59
113136 58
113141 59
113141 60
113156 59
113164 58
113184 59
113192 58
113192 57
113196 56
113238 57
113240 58
113333 57
113336 58
113368 57
113380 58
113384 57
113391 58
113401 57
113402 58
113414 57
113416 58
113424 57
113428 56
113434 55
113436 56
113444 55
113498 56
113536 55
113554 56
113574 55
113590 56
113618 55
113676 56
113680 57
113718 58
113731 57
113740 56
113779 57
113800 58
113804 59
113812 58
113814 59
113816 58
113816 57
113844 58
113844 59
113849 60
113852 59
113936 58
113952 59
113969 60
113982 59
113994 60
114061 61
114063 62
114069 61
114085 62
114125 61
114133 60
114147 59
114190 60
114201 59
114212 60
114220 59
114222 58
114247 57
114257 56
114271 57
114332 56
114335 57
114360 56
114362 55
114383 56
114385 57
114386 58
114390 59
114400 58
114436 57
114459 58
114471 59
114496 58
114510 57
114559 58
114584 59
114592 58
114632 57
114680 58
114689 57
114736 58
114741 57
114755 56
114775 57
114845 58
114848 57
114891 56
114895 57
114900 58
114906 59
114938 58
114938 57
114948 56
114957 57
114964 56
114967 57
114975 58
114986 57
114996 58
115000 57
115008 58
115024 59
115043 60
115067 61
115092 62
115096 61
115099 62
115102 63
115132 62
115282 61
115283 60
115292 59
115300 60
115336 59
115345 60
115378 61
115385 62
115391 61
115432 60
115440 59
115453 58
115462 59
115467 58
115475 59
115484 58
115484 59
115485 60
115496 59
115502 60
115511 59
115549 58
115552 57
115572 58
115580 57
115580 56
115596 55
115614 54
115659 55
115675 54
115675 55
115691 56
115716 55
115743 56
115793 55
115833 54
115845 55
115849 54
115855 53
115865 52
115876 53
115887 52
115888 53
115892 54
115952 53
115961 54
116054 53
116077 54
116088 55
116119 56
116144 55
116159 54
116172 53
116184 52
116201 51
116213 52
116252 51
116273 52
116280 51
116284 50
116292 49
116294 50
116297 51
116299 52
116302 51
116338 50
116351 49
116356 50
116357 51
116363 52
116372 53
116396 54
116396 55
116459 54
116507 55
116512 56
116514 57
116520 58
116546 59
116604 60
116605 61
116605 62
116607 63
116615 64
116643 63
116663 62
116672 63
116675 62
116683 63
116768 64
116768 65
116782 64
116787 63
116810 64
116819 63
116820 62
116823 61
116825 62
116888 61
116893 62
116915 61
116929 60
116949 59
116986 60
116994 61
117000 60
117054 61
117055 60
117078 59
117118 58
117122 59
117132 58
117133 57
117148 56
117167 57
117176 58
117179 57
117200 56
117208 55
117236 56
117262 55
117275 56
117295 55
117297 54
117379 53
117402 54
117428 55
117435 56
117490 55
117496 54
117561 53
117563 54
117570 55
117579 54
117595 55
117599 56
117600 57
117603 58
117604 59
117608 58
117612 57
117612 56
117616 55
117666 56
117686 55
117693 54
117724 53
117799 54
117820 55
117852 56
117866 55
117874 56
117877 55
117878 54
117892 55
117905 56
117931 57
117991 56
118023 57
118030 58
118030 59
118057 60
118057 61
118060 62
118062 63
118068 62
118071 63
118080 62
118163 63
118187 64
118196 65
118206 66
118264 67
118269 66
118277 65
118280 66
118323 67
118323 68
118384 67
118399 66
118403 67
118423 66
118466 65
118476 64
118487 65
118489 64
118498 65
118501 64
118525 65
118554 64
118582 63
118605 62
118608 61
118621 62
118653 61
118656 60
118656 59
118672 58
118684 57
118722 58
118727 59
118728 58
118733 57
118744 58
118772 57
118772 58
118780 57
118788 58
118803 59
118808 58
118821 57
118850 56
118854 55
118866 54
118871 53
118873 52
118881 53
118896 54
118944 55
118948 54
118956 55
119012 54
119018 53
119032 54
119046 55
119109 56
119116 57
119140 56
119145 55
119154 54
119184 55
119226 54
119235 53
119258 54
119312 53
119314 52
119348 53
119348 54
119352 55
119356 54
119357 53
119358 52
119368 53
119368 52
119412 51
119417 52
119426 51
119453 52
119484 51
119521 52
119536 53
119557 54
119562 55
119565 56
119567 57
119576 56
119619 57
119692 58
119728 57
119733 56
119742 57
119744 56
119773 57
119790 56
119799 57
119815 58
119818 57
119824 56
119856 57
119872 58
119909 59
119910 58
119939 57
119947 58
119952 59
119952 60
119953 59
119993 60
119999 61
120014 60
120020 59
120020 60
120026 61
120042 60
120049 59
120140 58
120153 57
120153 56
120156 57
120227 56
120230 55
120268 56
120276 55
120277 56
120281 55
120297 56
120304 55
120324 54
120332 53
120335 54
120353 55
120360 54
120370 55
120374 54
120377 53
120388 52
120394 53
120399 52
120400 51
120401 52
120403 51
120472 50
120473 49
120476 48
120476 49
120528 50
120537 49
120556 50
120557 49
120560 50
120571 51
120583 52
120698 53
120700 54
120706 55
120709 56
120714 55
120723 56
120769 55
120772 54
120790 55
120804 56
120811 57
120820 56
120832 57
120840 56
120880 55
120885 54
120912 55
120989 56
120992 57
120992 58
120992 57
120994 56
120994 57
121012 58
121024 59
121070 58
121092 59
121141 58
121143 57
121147 56
121168 57
121168 58
121172 57
121197 56
121257 57
121258 56
121265 55
121268 54
121275 55
121278 56
121298 57
121368 56
121392 55
121425 56
121449 57
121461 56
121512 55
121515 54
121540 53
121555 54
121556 53
121566 52
121573 53
121605 54
121613 55
121625 54
121625 55
121628 56
121635 57
121655 56
121657 55
121676 54
121704 55
121713 56
121740 57
121741 58
121744 59
121759 60
121816 59
121824 58
121848 59
121968 58
121987 57
121996 56
122041 57
122056 58
122057 59
122065 58
122065 59
122066 60
122096 59
122152 60
122169 61
122174 60
122233 61
122243 62
122293 63
122335 64
122337 65
122340 64
122369 63
122406 62
122445 61
122484 62
122485 63
122488 64
122493 65
122536 66
122537 67
122537 66
122545 65
122546 64
122604 65
122679 66
122684 67
122688 68
122688 69
122696 68
122698 69
122752 68
122768 67
122829 68
122832 69
122844 68
122864 69
122901 68
122972 67
122984 66
123032 67
123053 66
123086 67
123098 66
123099 65
123106 64
123108 63
123112 64
123113 63
123185 62
123232 61
123236 60
123288 59
123317 58
123326 59
123352 60
123353 61
123354 60
123358 61
123361 62
123368 61
123376 60
123433 59
123445 58
123456 59
123467 60
123537 61
123551 62
123554 63
123560 64
123580 65
123605 66
123619 67
123626 68
123657 69
123673 70
123727 69
123728 68
123731 67
123804 66
123806 65
123809 64
123851 63
123874 62
123875 61
123887 60
123939 59
123948 60
124022 59
124078 60
124087 61
124095 60
124101 59
124104 58
124108 57
124116 58
124117 59
124124 58
124125 57
124133 58
124135 57
124136 56
124139 57
124140 58
124141 59
124142 58
124147 57
124177 56
124204 55
124253 56
124256 55
124286 54
124289 55
124360 56
124377 57
124484 58
124528 59
124531 60
124554 59
124563 60
124595 61
124611 60
124624 61
124625 62
124636 63
124823 64
124844 65
124851 64
124896 63
124904 62
124918 61
124925 62
124929 63
124950 64
124984 63
124992 63
125000 62
125016 61
125038 62
125074 61
125081 60
125085 59
125112 58
125156 59
125178 58
125216 57
125226 58
125227 59
125231 60
125240 59
125310 58
125354 57
125355 56
125369 57
125376 56
125380 55
125381 56
125395 55
125400 56
125450 57
125456 56
125520 57
125547 58
125553 59
125612 58
125612 59
125656 60
125682 59
125697 60
125799 61
125802 62
125811 61
125834 60
125838 59
125867 58
125872 59
125873 60
125880 59
125881 58
125881 59
125948 58
125949 57
125952 58
125956 59
125958 60
125960 59
125965 58
125970 57
125971 56
125975 55
125977 54
126072 53
126075 54
126086 53
126102 54
126105 55
126118 54
126121 53
126128 54
126129 55
126164 54
126168 53
126170 54
126194 53
126211 54
126212 55
126222 54
126229 55
126235 56
126241 57
126243 58
126342 57
126372 58
126408 59
126448 58
126456 57
126504 58
126513 59
126524 58
126612 57
126623 56
126663 55
126679 56
126685 57
126685 58
126776 57
126780 58
126781 59
126787 60
126793 61
126800 60
126801 59
126803 58
126809 57
126812 56
126842 57
126873 58
126910 59
126916 58
126930 57
126933 58
126984 59
127038 60
127067 61
127121 60
127121 60
127127 61
127164 62
127166 61
127169 60
127214 61
127224 60
127228 59
127241 58
127280 57
127296 56
127308 55
127313 56
127317 55
127376 54
127394 55
127408 56
127419 55
127438 54
127451 55
127466 56
127471 57
127521 58
127526 59
127548 60
127580 59
127601 60
127626 59
127629 58
127658 59
127677 58
127684 59
127722 58
127725 59
127729 60
127736 59
127758 60
127771 59
127796 60
127800 59
127802 58
127806 57
127823 58
127859 59
127917 60
127918 61
127919 60
127924 61
127974 60
128013 61
128013 62
128033 61
128057 62
128084 63
128103 62
128124 63
128144 62
128147 61
128147 60
128164 61
128333 62
128394 61
128420 60
128421 59
128503 60
128505 61
128505 62
128506 61
128508 60
128532 59
128544 58
128552 59
128580 60
128588 61
128600 62
128608 63
128628 64
128652 65
128657 64
128677 65
128682 64
128683 65
128696 64
128757 65
128768 64
128856 63
128893 64
128900 63
128933 64
128940 65
128975 64
129003 65
129013 64
129014 63
129017 64
129032 63
129080 62
129110 63
129138 62
129157 61
129162 60
129174 59
129179 58
129183 57
129186 58
129188 59
129261 58
129297 57
129368 56
129374 57
129419 56
129424 55
129428 56
129443 55
129471 56
129507 55
129508 54
129510 53
129558 54
129586 53
129608 54
129614 55
129615 56
129615 57
129616 56
129621 55
129692 56
129762 57
129793 56
129795 57
129796 56
129797 57
129871 58
129907 59
129965 60
129983 59
130033 60
130059 61
130075 60
130109 59
130145 58
130225 59
130225 60
130225 61
130225 62
130237 63
130328 62
130335 61
130342 62
130361 61
130365 62
130367 63
130371 62
130385 63
130392 62
130442 61
130445 62
130446 63
130448 64
130453 65
130481 64
130488 65
130514 64
130551 65
130592 64
130617 63
130635 64
130726 63
130733 64
130757 63
130766 64
130773 63
130776 64
130792 65
130795 64
130836 65
130845 64
130865 65
130871 64
130871 63
130872 62
130877 61
130910 60
130921 59
130961 58
130974 57
130998 58
131009 59
131049 58
131059 59
131169 60
131172 61
131176 60
131195 61
131196 62
131198 61
131201 62
131226 63
131254 64
131290 63
131323 62
131350 63
131351 64
131451 65
131469 64
131469 63
131491 64
131580 65
131593 64
131593 63
131600 62
131635 61
131715 60
131742 59
131742 58
131765 59
131795 58
131817 59
131821 58
131861 59
131922 60
131923 59
131932 58
131977 59
131997 60
132000 61
132005 62
132022 63
132025 63
132037 64
132037 65
132038 66
132049 67
132061 66
132065 67
132089 66
132118 67
132139 68
132151 67
132196 66
132231 67
132312 66
132356 65
132359 64
132377 63
132377 62
132405 61
132417 60
132425 61
132429 60
132432 59
132441 60
132452 59
132461 58
132462 57
132467 56
132521 57
132553 56
132595 57
132609 56
132609 55
132609 54
132636 55
132639 54
132640 53
132646 54
132650 55
132654 56
132671 55
132716 56
132728 57
132739 58
132749 57
132767 56
132780 55
132782 56
132810 57
132837 58
132837 59
132837 60
132840 61
132861 60
132883 59
132924 58
133050 57
133077 56
133077 55
133105 54
133205 55
133231 56
133232 57
133255 56
133261 57
133279 56
133293 55
133301 56
133301 57
133305 58
133306 59
133307 60
133307 59
133308 58
133308 59
133356 60
133357 61
133357 62
133403 61
133422 60
133445 59
133449 58
133517 57
133540 58
133541 59
133577 60
133606 59
133610 60
133616 61
133623 60
133688 61
133817 62
133861 61
133873 60
133873 59
133901 58
133945 59
133963 60
133973 61
134009 60
134019 59
134020 58
134025 59
134029 60
134035 61
134036 60
134037 59
134050 58
134095 57
134101 56
134114 55
134120 56
134125 57
134138 58
134144 57
134226 58
134233 59
134235 58
134262 59
134266 60
134266 59
134269 58
134271 59
134277 60
134277 61
134278 60
134317 59
134325 58
134333 59
134341 58
134429 59
134429 60
134448 59
134451 60
134454 61
134471 62
134482 61
134487 62
134487 61
134508 60
134525 61
134533 60
134567 59
134577 60
134586 61
134630 60
134656 61
134658 60
134661 59
134672 58
134726 57
134729 58
134729 59
134737 60
134745 61
134757 62
134773 62
134778 61
134799 62
134821 61
134821 60
134970 59
134973 58
134980 57
135037 58
135046 57
135059 58
135069 57
135075 56
135115 55
135119 54
135138 55
135147 54
135173 53
135181 52
135182 51
135185 50
135199 51
135233 51
135253 52
135261 51
135261 50
135273 49
135283 50
135293 51
135303 50
135341 51
135365 52
135391 51
135415 52
135457 53
135498 54
135548 53
135552 52
135570 53
135570 54
135570 55
135570 56
135591 57
135605 56
135608 57
135613 58
135616 57
135617 58
135642 57
135661 58
135665 59
135668 58
135683 59
135685 58
135753 57
135807 56
135853 55
135856 54
135882 55
135889 56
135918 55
135945 54
135948 53
135950 54
135950 53
135973 54
135975 55
135983 54
136003 55
136013 54
136020 55
136029 54
136068 55
136086 56
136096 55
136101 56
136102 55
136126 56
136127 57
136143 56
136145 57
136153 56
136185 57
136241 58
136259 57
136271 58
136275 59
136314 58
136321 57
136337 58
136371 57
136420 58
136483 57
136484 56
136484 55
136485 54
136493 53
136525 52
136527 53
136536 52
136538 53
136555 54
136570 55
136583 54
136621 53
136639 54
136678 53
136693 52
136707 53
136742 52
136745 51
136745 50
136766 49
136785 50
136805 51
136843 52
136844 51
136849 50
136931 51
136938 52
136939 53
136951 54
136961 53
136962 52
136972 53
136987 54
136993 53
137047 52
137079 53
137093 54
137143 53
137160 54
137166 55
137172 56
137189 57
137217 56
137245 57
137253 56
137259 57
137262 58
137270 59
137282 60
137341 61
137373 60
137376 61
137396 62
137429 61
137443 60
137468 61
137471 62
137477 63
137477 64
137481 63
137585 64
137609 63
137623 62
137623 61
137641 60
137655 59
137658 60
137665 59
137665 58
137665 57
137669 56
137677 57
137737 58
137753 57
137757 58
137787 59
137797 58
137797 57
137798 56
137800 55
137811 56
137829 55
137829 54
137895 55
137903 54
137915 53
137917 54
137943 55
137947 56
137963 55
137992 54
138000 53
138002 54
138085 55
138095 54
138116 53
138166 53
138172 54
138217 55
138225 54
138273 55
138281 54
138313 55
138323 56
138337 55
138343 56
138349 55
138367 56
138370 57
138380 56
138425 57
138446 58
138469 59
138472 60
138481 59
138557 58
138562 59
138566 58
138595 57
138597 56
138603 55
138627 56
138629 57
138629 58
138643 57
138647 56
138698 55
138724 56
138745 55
138749 54
138767 55
138769 56
138769 57
138782 56
138791 55
138805 54
138809 55
138828 54
138869 55
138885 54
138908 53
138911 52
138912 51
138989 52
138989 53
139009 54
139010 55
139011 54
139013 53
139028 54
139040 55
139043 54
139050 55
139052 56
139057 55
139070 54
139097 55
139135 56
139146 57
139154 57
139161 57
139202 58
139210 59
139247 60
139287 61
139329 62
139341 61
139347 62
139365 61
139373 62
139378 61
139452 60
139453 61
139473 62
139493 63
139493 62
139494 61
139499 60
139503 59
139505 58
139561 59
139569 60
139592 59
139705 60
139708 59
139717 60
139729 59
139737 58
139741 57
139754 56
139802 57
139810 56
139814 57
139815 58
139819 57
139821 56
139821 57
139823 58
139828 57
139834 56
139913 57
139954 56
139970 57
140033 58
140036 57
140041 56
140047 57
140082 56
140082 55
140093 54
140129 55
140155 56
140170 57
140185 56
140212 57
140239 58
140250 57
140251 56
140263 57
140265 58
140273 57
140301 56
140332 57
140349 58
140358 57
140374 58
140450 57
140468 58
140473 59
140534 58
140538 57
140549 56
140573 55
140609 56
140621 57
140621 58
140631 59
140646 60
140665 59
140676 58
140680 57
140682 56
140689 55
140705 56
140717 55
140739 54
140761 53
140764 52
140765 51
140769 50
140773 51
140774 52
140797 53
140818 52
140837 51
140924 52
140925 53
140946 54
140985 53
140995 52
141004 53
141021 54
141035 53
141045 54
141066 53
141085 54
141096 53
141100 54
141105 53
141136 54
141136 53
141169 54
141169 55
141174 56
141177 55
141182 56
141218 55
141237 56
141250 57
141318 58
141333 57
141333 58
141375 59
141396 58
141398 59
141400 58
141401 59
141404 60
141411 59
141429 60
141453 59
141471 58
141480 59
141485 60
141509 59
141538 60
141545 61
141556 60
141577 59
141678 60
141694 59
141701 58
141714 57
141760 56
141789 57
141798 56
141823 55
141829 56
141845 55
141859 56
141914 55
141918 54
141922 55
141945 54
141965 55
141966 54
141968 55
142001 54
142002 55
142006 54
142046 55
142113 54
142131 55
142134 54
142187 55
142196 54
142213 55
142216 56
142220 55
142224 56
142232 55
142239 54
142240 53
142252 52
142301 51
142308 52
142311 53
142313 54
142316 55
142319 54
142320 55
142322 56
142393 57
142399 58
142444 59
142451 58
142453 57
142461 58
142468 59
142468 60
142518 59
142605 58
142670 57
142698 58
142733 59
142758 60
142773 59
142797 58
142825 59
142844 60
142847 59
142860 60
142883 59
142893 60
142922 59
142926 60
142938 61
142945 62
142954 63
142962 62
143033 61
143035 60
143058 61
143065 60
143076 61
143099 60
143101 61
143126 62
143138 63
143139 62
143143 61
143159 62
143171 63
143186 62
143186 61
143189 62
143194 61
143201 62
143201 63
143201 62
143227 61
143291 60
143341 61
143359 62
143362 63
143370 64
143370 65
143401 64
143404 63
143412 62
143414 61
143426 60
143448 59
143451 58
143454 57
143501 56
143527 57
143527 58
143528 59
143530 60
143547 59
143642 60
143665 59
143668 58
143689 57
143696 56
143736 57
143745 56
143773 55
143802 54
143821 55
143829 54
143861 55
143863 56
143901 57
143914 58
143936 57
143954 58
143972 59
143974 60
143979 61
143984 62
143993 61
144063 62
144092 63
144101 62
144121 63
144141 64
144253 63
144253 62
144285 63
144289 64
144300 63
144307 64
144338 63
144340 62
144363 61
144403 60
144409 59
144449 60
144474 59
144476 58
144484 59
144493 60
144497 59
144549 60
144573 59
144574 60
144592 61
144597 60
144691 61
144707 60
144730 59
144741 60
144741 61
144743 62
144761 61
144777 60
144794 59
144805 58
144809 59
144856 58
144862 57
144867 58
144869 59
144880 58
144895 59
144898 58
144898 59
144900 60
144903 61
144921 62
144969 63
145049 64
145065 63
145073 62
145081 63
145093 62
145156 63
145251 62
145256 63
145257 64
145321 63
145333 62
145333 61
145357 62
145397 61
145411 60
145437 59
145445 58
145446 57
145446 56
145472 57
145474 56
145478 57
145508 58
145512 57
145514 58
145532 57
145537 56
145552 57
145557 56
145557 55
145613 54
145643 55
145685 56
145715 55
145729 56
145741 57
145748 58
145755 57
145759 58
145763 59
145764 60
145774 59
145787 58
145841 59
145849 58
145909 59
145949 60
145956 61
145960 60
145962 59
145980 60
145988 59
145990 60
145994 61
145997 60
146001 59
146009 58
146110 57
146145 58
146222 57
146244 56
146264 55
146265 56
146273 55
146306 54
146312 55
146333 56
146335 57
146357 56
146369 55
146373 56
146455 57
146466 58
146487 59
146528 60
146545 59
146551 58
146574 57
146621 58
146669 57
146677 58
146678 57
146725 56
146725 55
146732 54
146773 55
146781 54
146785 55
146793 56
146812 57
146819 56
146824 57
146847 56
146848 55
146867 54
146922 55
146923 56
146929 57
146936 58
146957 59
146963 60
146977 61
147032 62
147041 61
147043 60
147050 61
147053 62
147054 61
147073 62
147082 63
147083 64
147097 63
147129 64
147129 65
147133 66
147137 65
147211 64
147248 63
147261 62
147265 63
147281 64
147307 63
147340 62
147357 61
147372 62
147409 61
147443 62
147461 61
147467 60
147521 59
147541 60
147548 61
147549 60
147550 59
147559 58
147566 59
147605 58
147609 59
147616 60
147624 59
147668 58
147679 57
147704 58
147704 59
147705 60
147761 61
147784 60
147786 59
147795 58
147879 57
147881 56
147892 55
147908 54
147960 55
147988 54
147989 53
148037 54
148060 55
148071 54
148105 55
148118 56
148124 57
148129 56
148140 57
148170 56
148214 55
148217 54
148229 55
148229 56
148232 57
148234 56
148242 55
148246 54
148308 55
148315 56
148316 57
148318 56
148340 57
148341 58
148359 57
148400 56
148400 57
148413 56
148461 57
148461 58
148462 59
148469 58
148529 59
148561 60
148573 61
148592 62
148609 61
148620 62
148625 63
148629 64
148641 63
148665 62
148704 61
148741 62
148793 63
148802 64
148837 63
148840 62
148870 63
148883 64
148884 63
148889 64
148894 63
148897 62
148897 61
148900 60
148903 61
148909 62
148949 61
148969 60
148999 59
148999 58
149024 57
149028 58
149037 59
149037 60
149045 59
149047 60
149085 59
149138 58
149177 59
149177 60
149204 59
149299 58
149330 57
149346 58
149346 59
149408 58
149408 57
149417 56
149417 55
149417 54
149425 55
149455 56
149455 57
149485 56
149493 57
149499 58
149501 59
149506 58
149592 59
149594 58
149599 59
149601 60
149673 61
149683 62
149685 61
149699 60
149712 61
149790 62
149811 63
149856 64
149871 63
149877 64
149879 63
149879 62
149881 61
149888 62
149955 61
149983 60
149984 59
149986 58
150058 57
150100 56
150108 55
150109 54
150118 55
150135 54
150137 53
150156 52
150161 51
150170 50
150176 51
150177 52
150183 53
150191 52
150199 51
150256 52
150259 53
150262 52
150278 53
150285 54
150317 55
150318 54
150325 53
150326 54
150341 53
150348 53
150393 52
150393 51
150401 50
150434 51
150451 52
150467 51
150471 50
150474 51
150485 52
150489 51
150504 52
150582 53
150588 54
150620 53
150681 52
150685 53
150721 52
150733 51
150745 52
150762 51
150778 52
150780 53
150781 54
150817 53
150851 54
150857 53
150863 54
150883 55
150889 56
150891 57
150944 56
150957 55
150958 56
150962 55
150990 56
150992 55
151000 56
151003 55
151005 56
151009 55
151029 56
151090 57
151090 58
151119 57
151145 56
151146 57
151149 56
151243 55
151265 54
151303 53
151305 54
151306 53
151317 54
151327 53
151329 54
151337 55
151381 54
151388 53
151409 54
151416 55
151417 54
151441 55
151441 56
151470 57
151471 58
151473 59
151482 58
151509 59
151530 58
151549 59
151564 60
151565 61
151569 62
151572 63
151575 64
151578 63
151586 62
151605 63
151751 64
151810 63
151813 64
151817 65
151822 64
151831 63
151857 62
151861 61
151866 62
151869 63
151877 62
151877 61
151888 60
151908 59
151945 58
151945 57
151976 58
152011 57
152036 58
152039 59
152042 58
152075 57
152078 56
152085 55
152109 54
152160 55
152168 56
152232 57
152246 56
152274 55
152277 56
152331 57
152331 56
152337 57
152342 58
152354 57
152423 56
152424 55
152428 56
152437 55
152439 54
152448 53
152451 52
152473 53
152481 52
152500 53
152527 54
152569 55
152569 56
152580 55
152584 54
152588 53
152597 54
152597 55
152610 56
152615 57
152618 58
152655 59
152664 58
152690 57
152734 58
152736 59
152738 60
152740 61
152801 62
152829 63
152855 64
152868 65
152897 64
152917 63
152925 62
152931 63
152973 62
152982 61
152992 60
152993 61
153004 62
153005 63
153015 62
153016 63
153024 62
153061 63
153089 62
153090 61
153109 62
153113 61
153125 60
153197 61
153197 62
153206 61
153221 60
153285 59
153304 58
153305 57
153332 58
153357 57
153359 56
153362 55
153379 56
153393 57
153403 56
153405 57
153431 56
153441 55
153451 54
153456 53
153456 52
153461 51
153481 50
153489 51
153517 52
153537 51
153597 52
153609 51
153621 52
153626 51
153662 50
153704 49
153713 50
153729 49
153776 48
153779 49
153789 50
153789 51
153792 52
153799 53
153810 54
153813 53
153841 52
153841 53
153857 52
153865 53
153885 54
153885 55
153890 56
153901 57
153936 58
153941 57
153981 58
153981 59
154007 58
154030 59
154036 60
154044 59
154080 58
154101 57
154144 56
154145 57
154146 56
154169 57
154189 58
154200 59
154208 60
154208 59
154214 60
154222 59
154241 60
154268 59
154279 60
154283 61
154285 62
154290 61
154292 60
154301 59
154321 58
154321 59
154323 58
154325 59
154333 58
154333 57
154333 56
154333 55
154333 54
154334 53
154337 54
154356 53
154521 52
154550 53
154550 54
154550 55
154550 54
154555 55
154561 54
154599 55
154612 56
154612 57
154654 58
154661 57
154701 56
154717 57
154717 56
154730 55
154776 54
154777 55
154785 54
154785 55
154833 56
154860 55
154863 56
154870 55
154917 54
154957 55
154957 56
154961 57
154976 58
154978 57
154984 58
155010 59
155030 58
155033 57
155053 58
155059 59
155064 60
155097 59
155110 60
155179 61
155188 62
155204 63
155241 62
155261 63
155261 64
155271 65
155273 66
155276 67
155289 66
155289 65
155355 66
155363 65
155377 64
155389 63
155401 62
155417 63
155420 64
155432 63
155452 62
155461 61
155500 62
155529 61
155531 62
155534 61
155540 60
155568 59
155583 60
155585 59
155594 58
155620 57
155652 56
155663 55
155665 54
155669 55
155676 54
155684 53
155704 52
155713 53
155713 54
155740 55
155752 54
155770 53
155776 54
155779 55
155817 54
155837 55
155837 56
155844 57
155865 58
155878 59
155887 60
155887 59
155973 60
155978 61
155982 60
156024 59
156027 58
156101 59
156126 60
156168 59
156191 58
156192 59
156194 58
156213 57
156277 56
156280 55
156292 56
156309 55
156311 56
156312 55
156320 56
156327 57
156353 56
156407 57
156425 56
156425 55
156441 56
156442 57
156465 56
156501 55
156519 54
156529 53
156548 54
156558 55
156598 56
156601 55
156611 56
156646 55
156662 56
156673 57
156768 58
156779 59
156784 60
156837 61
156850 62
156905 63
156941 62
156964 61
156982 60
156986 59
157017 60
157017 61
157017 61
157021 60
157023 61
157028 62
157029 63
157046 62
157095 61
157098 62
157124 63
157124 64
157137 65
157139 66
157145 65
157301 64
157301 63
157352 64
157365 63
157370 62
157392 62
157396 63
157401 64
157404 63
157439 62
157444 63
157445 64
157469 65
157480 66
157495 65
157583 64
157585 63
157586 62
157590 61
157622 60
157679 59
157685 60
157726 59
157729 60
157733 61
157760 60
157762 59
157774 58
157778 59
157825 60
157825 59
157829 60
157841 61
157841 62
157877 61
157887 60
157934 61
157949 62
158012 63
158022 62
158045 63
158136 62
158145 61
158146 60
158182 59
158196 58
158197 59
158208 58
158211 57
158273 56
158280 55
158294 54
158301 53
158340 54
158341 55
158345 54
158348 55
158353 54
158364 53
158392 54
158409 53
158410 52
158419 53
158446 54
158478 53
158508 52
158510 53
158513 52
158597 53
158599 54
158603 53
158604 54
158605 55
158607 56
158613 55
158617 54
158640 53
158699 54
158712 53
158716 52
158724 53
158746 54
158749 55
158767 54
158773 54
158777 53
158841 52
158843 53
158845 54
158883 55
158894 56
158961 55
158970 54
158985 53
158994 52
159017 51
159023 52
159024 53
159033 54
159033 55
159054 56
159056 57
159066 56
159133 57
159209 58
159210 59
159213 60
159213 61
159257 60
159273 59
159287 58
159295 57
159298 56
159304 57
159309 56
159322 57
159362 58
159463 59
159473 60
159478 61
159482 60
159497 59
159512 60
159517 61
159524 62
159544 61
159565 60
159626 59
159658 60
159661 59
159686 60
159701 59
159759 58
159759 59
159765 58
159769 57
159782 56
159788 57
159790 58
159794 59
159797 58
159798 57
159814 58
159847 57
159855 56
159881 55
159913 56
159970 57
159974 58
159976 59
159981 58
159982 59
159990 58
160034 57
160065 56
160086 57
160095 56
160118 57
160129 56
160132 55
160133 56
160133 55
160140 56
160199 55
160231 56
160261 55
160273 56
160277 57
160281 56
160293 55
160313 56
160318 57
160332 56
160398 55
160419 56
160432 55
160466 56
160480 57
160480 58
160480 59
160483 60
160486 61
160490 60
160494 59
160513 58
160514 57
160516 56
160563 57
160573 58
160576 59
160578 60
160581 59
160589 60
160589 61
160615 60
160627 59
160699 60
160706 61
160746 60
160753 61
160754 62
160762 63
160773 62
160811 63
160865 64
160917 65
160936 66
160944 65
160950 64
160956 63
161027 62
161049 63
161053 62
161055 61
161088 60
161100 59
161101 58
161133 57
161133 56
161139 55
161157 54
161177 55
161212 54
161267 53
161272 54
161273 55
161326 56
161340 57
161344 56
161345 57
161349 56
161390 55
161400 54
161402 53
161437 54
161453 55
161465 56
161521 57
161537 58
161548 57
161561 56
161581 55
161597 54
161600 55
161605 56
161607 55
161644 56
161649 55
161669 56
161721 55
161730 56
161736 55
161736 56
161739 57
161740 58
161741 59
161752 60
161769 59
161770 58
161773 59
161793 60
161805 59
161805 58
161805 57
161822 58
161885 57
161959 58
161997 57
162009 56
162025 55
162031 56
162035 55
162061 56
162068 57
162070 56
162092 57
162097 58
162125 57
162131 56
162133 55
162141 54
162149 53
162153 54
162167 55
162170 54
162173 53
162173 52
162178 51
162221 52
162227 53
162230 52
162231 53
162232 54
162249 53
162251 54
162255 54
162259 55
162333 56
162353 55
162373 56
162454 55
162459 56
162461 55
162469 56
162510 55
162519 56
162531 55
162544 54
162562 55
162564 56
162566 57
162566 58
162603 59
162610 60
162637 61
162647 62
162648 61
162679 60
162699 59
162764 58
162820 57
162873 56
162890 55
162901 54
162917 53
162921 52
162922 53
162927 52
162929 51
162949 52
162950 53
162961 52
162983 51
162985 50
163005 51
163005 52
163005 53
163013 52
163045 51
163053 52
163056 51
163060 50
163078 51
163083 52
163188 53
163189 54
163225 55
163334 54
163353 55
163356 56
163357 57
163360 58
163360 59
163361 60
163365 61
163366 62
163367 63
163370 64
163373 65
163397 64
163403 63
163409 62
163417 63
163429 64
163463 63
163474 64
163477 63
163487 62
163505 61
163516 62
163518 63
163596 62
163610 61
163624 62
163628 61
163634 62
163685 61
163717 62
163741 61
163742 60
163750 61
163759 62
163773 63
163785 64
163807 63
163809 62
163813 63
163814 64
163815 63
163833 64
163857 65
163932 64
163985 63
163989 62
164006 61
164060 62
164065 61
164108 60
164142 59
164145 58
164166 57
164191 56
164192 55
164200 54
164204 55
164225 56
164228 55
164233 54
164233 53
164264 54
164266 53
164301 54
164307 55
164315 56
164337 57
164341 56
164356 55
164397 56
164398 57
164403 58
164484 57
164491 58
164513 59
164549 58
164570 57
164584 58
164585 59
164589 60
164593 59
164614 60
164628 59
164632 58
164636 59
164647 60
164650 59
164695 60
164718 61
164729 60
164733 61
164780 62
164801 63
164802 64
164825 63
164832 62
164837 61
164845 62
164845 63
164880 62
164907 61
164923 60
164925 61
164939 60
165032 59
165035 60
165065 61
165073 60
165081 59
165085 58
165102 57
165103 58
165119 59
165146 59
165175 60
165184 59
165184 60
165191 59
165255 60
165272 59
165274 58
165278 57
165281 56
165322 57
165344 58
165351 59
165414 58
165427 59
165430 58
165436 57
165440 56
165441 55
165441 54
165452 53
165457 52
165464 53
165468 52
165482 51
165487 52
165505 53
165517 54
165590 55
165598 56
165602 56
165620 55
165653 56
165656 57
165661 56
165665 56
165667 55
165669 54
165672 53
165675 52
165694 53
165703 52
165703 53
165703 52
165708 51
165710 50
165723 49
165749 50
165749 51
165751 52
165759 53
165764 54
165789 55
165796 56
165860 55
165876 56
165878 57
165904 58
165913 59
165921 58
165921 57
165957 57
165965 56
165975 56
165976 55
165993 54
166011 55
166011 54
166017 53
166058 52
166067 51
166083 50
166090 51
166111 52
166161 53
166233 54
166236 55
166237 54
166240 55
166242 54
166262 53
166266 52
166279 53
166285 52
166285 51
166292 50
166301 49
166308 49
166308 48
166309 48
166311 49
166313 49
166314 48
166315 47
166316 46
166316 45
166321 44
166321 43
166322 42
166322 42
166322 41
166323 40
166324 39
166351 38
166353 39
166356 40
166360 40
166360 40
166360 39
166362 38
166363 37
166363 36
166369 37
166389 38
166396 39
166397 38
166397 37
166403 37
166406 37
166453 38
166457 38
166461 37
166461 37
166461 37
166461 37
166468 37
166469 37
166470 37
166470 36
166485 36
166513 35
166557 36
166570 37
166607 38
166644 39
166648 40
166648 41
166656 42
166660 41
166665 40
166681 41
166730 40
166732 39
166752 40
166763 39
166767 40
166769 41
166777 42
166784 41
166785 41
166786 41
166787 41
166787 40
166790 40
166809 41
166833 42
166841 43
166867 44
166869 45
166883 46
166896 46
166898 47
166909 47
166909 48
166920 49
166926 49
166927 49
166932 50
166941 50
166946 49
167018 50
167021 49
167021 48
167025 47
167027 46
167029 45
167029 44
167032 45
167032 44
167033 45
167035 44
167039 43
167051 42
167051 42
167052 41
167057 42
167061 41
167069 42
167127 43
167130 44
167150 44
167156 45
167170 46
167189 46
167203 47
167222 48
167230 47
167241 47
167245 46
167291 47
167319 48
167321 47
167327 46
167336 47
167370 48
167410 47
167435 46
167436 46
167436 45
167438 44
167438 45
167439 44
167440 43
167443 43
167444 44
167445 43
167445 42
167445 41
167446 40
167487 41
167493 42
167513 43
167524 42
167527 41
167528 41
167529 40
167529 41
167533 41
167535 42
167535 43
167538 42
167541 41
167544 40
167545 39
167549 40
167550 40
167553 40
167554 39
167554 38
167559 37
167565 38
167573 37
167574 36
167579 37
167580 38
167581 38
167585 39
167589 40
167591 39
167593 38
167601 37
167601 36
167605 36
167643 36
167645 37
167653 37
167653 36
167653 35
167653 34
167654 33
167658 32
167670 33
167697 34
167709 35
167743 36
167766 37
167769 38
167784 38
167785 39
167787 40
167791 39
167812 38
167822 37
167822 36
167824 36
167824 36
167825 36
167825 36
167825 35
167827 35
167827 36
167830 36
167831 36
167831 36
167834 35
167834 35
167836 35
167836 34
167836 34
167836 33
167836 33
167837 32
167845 33
167858 32
167858 32
167865 33
167869 32
167924 31
167929 32
167930 31
167934 30
167934 29
167936 28
167967 29
167972 28
167972 27
168005 28
168019 29
168023 30
168023 30
168025 29
168028 28
168030 28
168035 27
168037 26
168041 25
168042 26
168043 26
168043 26
168045 25
168045 26
168045 27
168045 27
168046 28
168049 28
168050 28
168132 29
168138 30
168150 30
168174 31
168175 32
168179 32
168181 33
168181 32
168184 32
168185 32
168186 31
168186 31
168187 31
168187 31
168187 31
168188 31
168188 31
168188 31
168189 31
168191 30
168192 29
168225 30
168237 31
168237 32
168241 32
168241 32
168241 31
168266 32
168270 31
168270 31
168270 31
168271 31
168272 30
168272 30
168277 30
168280 30
168297 31
168311 32
168319 33
168322 33
168332 33
168333 34
168335 34
168335 34
168384 35
168387 35
168387 34
168388 34
168392 34
168397 33
168409 32
168422 33
168422 34
168425 35
168427 35
168431 34
168431 34
168433 33
168434 33
168434 32
168444 31
168462 32
168469 32
168469 31
168469 31
168469 30
168483 29
168489 29
168497 30
168501 30
168507 29
168514 30
168526 31
168527 30
168528 30
168529 30
168531 31
168534 30
168535 30
168535 30
168535 30
168535 30
168536 30
168536 29
168537 29
168537 30
168538 30
168538 30
168538 30
168539 30
168542 30
168542 30
168542 30
168542 29
168545 29
168546 29
168558 29
168558 28
168558 28
168558 27
168565 28
168598 29
168617 28
168625 29
168633 29
168633 29
168633 28
168633 27
168634 27
168637 27
168641 27
168643 27
168645 26
168648 27
168648 26
168648 26
168662 27
168665 26
168666 26
168667 26
168670 26
168672 26
168676 27
168676 26
168677 25
168679 24
168689 25
168691 26
168698 26
168702 26
168704 26
168709 26
168713 25
168713 24
168714 24
168717 24
168717 24
168717 24
168717 24
168720 23
168723 22
168726 23
168769 24
168781 24
168781 24
168781 23
168781 22
168783 23
168791 23
168796 24
168821 23
168825 24
168827 25
168827 26
168830 25
168869 26
168877 25
168877 25
168880 26
168911 25
168913 24
168932 25
168941 26
168941 26
168941 26
168941 26
168952 27
168954 27
168957 27
168974 28
168975 29
168977 30
168977 31
168984 32
168987 33
168989 34
168989 33
168990 32
168996 31
169000 30
169021 31
169029 30
169046 31
169050 32
169054 33
169068 33
169073 34
169110 35
169111 36
169112 37
169141 38
169193 37
169209 38
169211 38
169213 37
169216 38
169216 39
169219 40
169219 39
169221 38
169221 38
169222 37
169223 36
169224 36
169225 35
169226 34
169228 33
169230 32
169230 32
169233 31
169234 31
169252 32
169253 32
169279 33
169286 32
169289 33
169296 34
169297 35
169307 36
169309 35
169313 35
169326 34
169327 33
169337 34
169338 34
169346 34
169348 34
169350 33
169353 32
169357 32
169358 31
169362 31
169362 31
169363 30
169364 29
169367 29
169377 30
169405 31
169417 32
169425 32
169472 33
169472 34
169477 33
169477 33
169498 34
169501 35
169523 36
169529 37
169543 38
169543 37
169551 36
169556 35
169559 34
169569 35
169588 36
169591 37
169593 38
169599 37
169601 37
169601 36
169602 36
169602 35
169603 35
169604 34
169606 34
169611 33
169634 34
169676 33
169676 34
169676 33
169676 33
169679 33
169680 33
169681 33
169681 33
169682 33
169684 33
169684 33
169685 33
169686 32
169687 31
169704 32
169717 33
169717 33
169721 33
169725 32
169726 31
169726 30
169726 30
169726 30
169727 30
169727 29
169727 29
169733 30
169788 31
169802 32
169805 31
169806 30
169806 29
169807 30
169810 29
169842 30
169845 31
169849 32
169850 32
169851 32
169851 31
169852 31
169855 30
169855 29
169855 29
169857 29
169857 29
169859 29
169861 29
169862 29
169866 30
169870 30
169872 30
169874 30
169874 30
169876 30
169877 29
169877 28
169877 27
169877 26
169880 27
169883 27
169884 28
169884 28
169885 28
169889 28
169891 28
169892 27
169894 26
169896 26
169902 26
169929 27
169930 26
169952 27
169953 28
169961 27
169964 26
169968 25
169993 26
170009 25
170009 24
170009 23
170014 24
170017 25
170017 26
170090 26
170092 27
170125 28
170136 27
170139 26
170169 27
170183 28
170189 29
170191 28
170193 27
170193 27
170195 27
170195 28
170198 29
170198 30
170201 30
170205 30
170208 30
170217 30
170254 31
170259 31
170260 31
170268 31
170268 30
170275 31
170277 32
170281 33
170285 33
170291 33
170291 32
170292 32
170293 31
170296 30
170297 30
170298 30
170298 29
170299 29
170299 30
170301 29
170301 28
170301 27
170301 27
170302 27
170302 27
170302 26
170302 25
170303 25
170304 25
170338 26
170346 25
170347 25
170348 25
170354 25
170355 24
170355 25
170356 25
170357 24
170358 23
170358 22
170362 22
170362 23
170364 23
170366 22
170367 22
170368 21
170374 22
170383 21
170391 20
170395 20
170400 21
170404 22
170407 22
170413 21
170413 22
170417 22
170421 21
170422 21
170424 21
170458 22
170474 23
170485 24
170488 25
170489 25
170490 24
170515 23
170515 22
170518 22
170519 23
170522 23
170522 22
170523 22
170523 22
170523 21
170524 21
170526 21
170527 21
170529 22
170537 21
170568 22
170593 23
170597 24
170603 25
170608 25
170615 26
170616 27
170617 27
170617 26
170621 26
170621 27
170634 26
170634 26
170634 25
170635 24
170635 23
170649 23
170653 24
170661 25
170663 24
170664 25
170666 26
170667 27
170674 27
170674 27
170678 26
170681 26
170682 26
170685 26
170705 27
170708 27
170710 27
170712 27
170712 26
170712 25
170714 25
170714 24
170715 23
170716 23
170717 22
170718 22
170718 22
170719 21
170719 21
170720 20
170720 20
170720 19
170721 19
170722 19
170722 19
170723 18
170724 18
170730 19
170730 20
170733 21
170736 22
170742 21
170746 22
170746 22
170746 22
170748 22
170748 22
170750 22
170753 22
170754 21
170757 21
170773 22
170813 23
170819 24
170829 25
170836 24
170874 25
170879 26
170884 25
170885 25
170889 25
170889 24
170894 23
170894 23
170894 22
170894 21
170895 21
170895 21
170895 21
170895 21
170895 21
170895 20
170895 19
170897 20
170897 20
170897 21
170899 20
170907 20
170908 19
170908 18
170908 18
170908 18
170965 19
171025 20
171029 20
171029 20
171039 21
171053 22
171056 23
171059 22
171065 22
171068 21
171071 21
171073 20
171077 20
171077 21
171078 20
171081 20
171085 20
171085 19
171093 18
171094 18
171099 17
171099 18
171104 18
171110 17
171112 17
171118 17
171127 18
171141 17
171160 18
171162 18
171162 18
171165 17
171168 17
171168 16
171173 16
171185 17
171187 18
171189 18
171197 17
171220 18
171228 19
171239 19
171240 19
171243 19
171262 18
171267 17
171270 16
171273 17
171282 17
171285 16
171288 15
171292 16
171297 17
171298 18
171319 19
171345 20
171347 20
171355 19
171360 20
171380 21
171385 22
171405 23
171405 24
171405 25
171417 26
171419 27
171429 28
171430 28
171445 27
171450 28
171455 28
171456 28
171457 28
171483 29
171483 30
171501 30
171513 31
171515 32
171525 33
171526 32
171529 33
171543 34
171549 34
171554 34
171554 34
171554 34
171555 33
171563 33
171565 34
171597 34
171609 35
171611 36
171613 37
171617 37
171617 36
171623 35
171631 35
171632 35
171634 35
171636 36
171641 35
171681 36
171684 37
171685 37
171689 38
171694 38
171695 37
171713 38
171713 37
171714 38
171718 39
171718 40
171718 41
171721 42
171733 43
171766 44
171770 43
171807 43
171807 42
171836 43
171869 44
171872 45
171877 44
171885 45
171887 45
171893 44
171913 43
171913 44
171919 44
171923 45
171929 46
171937 47
171940 46
171945 45
171945 44
171977 43
171977 42
171978 43
171985 42
171986 42
171989 41
172002 42
172019 43
172029 42
172034 43
172034 44
172061 45
172069 44
172069 43
172069 42
172070 41
172070 41
172072 42
172078 43
172087 42
172096 41
172114 42
172127 43
172130 42
172146 43
172148 44
172177 43
172198 42
172201 43
172221 44
172228 43
172265 42
172265 41
172274 42
172277 42
172286 41
172293 42
172293 43
172293 44
172305 43
172309 44
172325 45
172369 46
172369 47
172377 48
172379 49
172385 50
172389 51
172393 52
172432 51
172458 52
172499 53
172512 54
172581 55
172590 56
172609 57
172637 58
172637 59
172668 60
172738 59
172768 60
172776 61
172777 62
172781 63
172783 64
172786 65
172814 64
172816 63
172829 64
172858 65
172878 66
172885 67
172897 68
172907 69
172914 70
172961 69
172980 70
173009 69
173017 68
173017 67
173045 66
173057 65
173071 66
173101 65
173153 64
173181 63
173194 64
173240 63
173241 64
173254 65
173277 64
173297 65
173327 64
173369 63
173369 64
173489 65
173505 66
173505 67
173510 68
173533 69
173553 68
173557 67
173618 68
173669 69
173724 68
173793 69
173845 70
173904 71
174037 72
174073 71
174118 70
174147 71
174153 70
174313 71
174315 72
174315 73
174354 74
174397 75
174398 76
174473 75
174611 74
174669 75
174697 76
174720 75
174745 74
174806 75
174807 74
174821 75
174969 74
174999 75
175006 76
175031 77
175049 76
175253 77
175283 78
175573 77
175615 76
175640 75
175865 74
175875 73
176059 72
176093 73
176111 74
176123 73
176160 72
176189 71
176249 72
176332 73
176449 74
176503 75
176506 76
176667 75
176921 74
176989 75
176996 76
177017 77
177044 76
177073 77
177222 78
177267 77
177403 76
177442 75
177486 76
177673 75
177890 74
177934 73
177987 74
178031 75
178139 74
178147 73
178148 72
178148 71
178150 70
178164 69
178282 68
178301 67
178379 66
178385 65
178483 64
178488 63
178492 64
178519 65
178533 66
178563 67
178569 68
178609 67
178623 68
178637 69
178645 68
178747 67
178780 68
178795 69
178830 70
178842 71
178862 70
178885 69
178892 68
178925 67
178931 66
178977 65
179005 64
179007 65
179022 64
179027 63
179032 62
179053 61
179105 60
179153 59
179180 60
179183 61
179184 62
179227 63
179284 64
179288 63
179306 62
179388 63
179414 62
179424 61
179441 60
179448 59
179474 58
179491 59
179500 60
179507 59
179513 58
179533 59
179553 58
179554 57
179599 58
179663 57
179708 56
179711 57
179759 58
179765 59
179765 60
179767 61
179774 62
179775 63
179776 64
179820 63
179849 64
179902 63
179930 62
179933 63
179933 64
179977 63
180036 62
180044 63
180050 64
180089 63
180156 62
180176 63
180182 64
180188 63
180189 64
180218 65
180218 64
180232 63
180245 64
180312 65
180313 66
180329 67
180356 66
180371 65
180380 66
180429 65
180447 66
180450 67
180501 66
180506 65
180529 64
180553 63
180581 62
180593 61
180596 60
180625 59
180637 58
180647 59
180656 60
180657 61
180752 62
180773 63
180774 62
180775 61
180775 62
180854 63
180917 64
180944 65
180981 64
180982 65
181001 66
181001 67
181032 66
181058 67
181097 66
181122 65
181225 64
181296 65
181296 64
181297 63
181316 62
181317 63
181404 62
181458 63
181458 64
181479 65
181545 64
181577 65
181589 66
181619 67
181651 66
181681 65
181701 66
181734 67
181741 68
181742 69
181785 70
181860 69
181865 70
181922 71
181925 72
182005 73
182019 72
182046 71
182086 70
182108 69
182109 68
182112 67
182157 66
182175 67
182227 66
182256 65
182285 66
182288 67
182293 68
182330 69
182338 68
182339 67
182360 68
182387 67
182416 66
182425 65
182427 64
182443 65
182457 66
182465 65
182533 64
182578 65
182604 66
182637 67
182647 68
182747 67
182752 68
182753 67
182813 66
182841 67
182862 68
182869 69
183015 70
183043 71
183051 70
183069 69
183112 68
183135 69
183253 70
183420 71
183435 72
183513 73
183529 74
183533 73
183564 74
183594 73
183705 74
183711 73
183809 72
183817 73
183817 74
183953 75
184065 76
184093 75
184145 76
184171 75
184221 74
184293 75
184294 76
184294 77
184296 78
184329 79
184359 78
184418 77
184510 76
184587 77
184621 76
184689 75
184694 74
184756 73
184795 72
184804 73
184894 72
184976 71
184988 70
185011 69
185129 68
185147 69
185167 70
185391 69
185393 70
185419 71
185464 72
185531 71
185573 72
185630 71
185670 72
185711 71
185770 72
185775 73
185782 72
185784 73
185886 72
185892 73
185944 72
185970 73
185986 74
186028 75
186041 76
186047 77
186048 78
186107 77
186156 76
186200 75
186348 74
186354 73
186364 72
186390 71
186441 72
186445 71
186458 72
186462 71
186470 70
186489 69
186527 68
186570 67
186581 66
186582 65
186637 64
186675 63
186692 64
186693 65
186711 64
186744 63
186756 64
186762 65
186857 64
186926 63
186963 62
186987 63
187059 64
187076 65
187078 66
187095 67
187168 68
187176 67
187201 66
187237 67
187242 66
187287 67
187328 68
187336 67
187393 66
187447 67
187460 66
187477 67
187517 66
187523 67
187525 68
187585 67
187679 66
187688 67
187697 66
187710 67
187742 68
187768 69
187830 70
187835 71
187853 72
187874 73
187902 72
187907 71
187917 72
187941 71
187948 70
187969 69
188019 68
188034 69
188070 68
188113 69
188147 70
188151 71
188223 70
188238 69
188281 70
188307 69
188313 68
188314 67
188333 68
188339 69
188340 70
188456 69
188541 68
188621 69
188679 70
188679 69
188722 68
188725 67
188799 68
188806 69
188821 68
188829 69
189015 68
189023 67
189034 68
189087 67
189137 66
189213 67
189221 68
189321 69
189401 68
189413 67
189445 68
189446 67
189473 68
189481 67
189495 66
189495 65
189530 64
189549 63
189562 62
189565 61
189566 62
189571 61
189588 62
189604 63
189620 64
189645 63
189706 64
189734 63
189766 64
189778 65
189822 64
189893 63
189981 64
189986 65
190011 66
190056 65
190057 64
190082 63
190193 62
190199 63
190203 62
190221 61
190297 62
190452 63
190461 64
190488 65
190488 66
190534 67
190561 66
190566 65
190573 66
190599 67
190626 68
190634 69
190689 69
190793 70
190833 71
190834 72
190841 71
190853 72
190866 71
190928 72
190958 71
190970 70
190981 69
191032 68
191043 69
191060 68
191113 67
191216 68
191240 67
191241 66
191289 67
191319 68
191357 67
191393 68
191421 67
191488 68
191500 69
191549 70
191693 69
191725 70
191833 71
191857 70
191917 71
191933 72
191934 73
191934 74
191944 73
192092 72
192117 71
192143 70
192233 71
192265 72
192266 73
192301 72
192370 73
192411 74
192415 73
192425 74
192449 73
192461 72
192466 71
192466 72
192494 73
192605 74
192682 73
192696 72
192800 73
192898 74
192989 75
193080 74
193101 73
193114 74
193127 75
193136 74
193160 73
193223 74
193246 73
193305 74
193313 75
193324 74
193369 73
193415 72
193415 73
193455 74
193580 75
193653 76
193702 75
193791 74
193819 73
193830 72
193854 73
193857 72
193962 73
193974 72
193980 71
193992 70
194007 69
194026 68
194063 67
194132 68
194145 67
194169 68
194182 67
194183 68
194214 69
194223 70
194377 69
194467 70
194483 71
194556 70
194581 71
194589 70
194671 69
194680 68
194693 67
194710 68
194716 67
194736 66
194827 67
194859 68
194866 69
194903 70
194915 69
194915 70
194939 69
194946 70
194953 71
194989 70
195069 69
195090 70
195109 69
195114 68
195117 69
195121 68
195123 67
195148 68
195150 69
195305 68
195327 67
195358 66
195360 67
195395 66
195408 65
195427 64
195429 63
195487 62
195535 63
195594 64
195607 65
195609 64
195656 63
195690 62
195695 63
195697 64
195714 65
195749 64
195782 65
195845 66
195859 67
195880 66
195969 67
195990 66
196008 65
196023 64
196101 65
196119 66
196121 67
196133 68
196215 67
196283 68
196334 67
196344 68
196466 69
196498 68
196508 69
196528 70
196573 71
196584 70
196657 71
196705 70
196742 69
196770 70
196855 69
196872 68
196882 67
196909 66
196909 67
196913 68
196916 69
196926 68
196929 69
196983 68
196994 67
196996 68
197006 67
197098 68
197101 69
197129 68
197138 69
197173 68
197325 69
197390 70
197454 69
197466 70
197466 71
197486 70
197512 69
197563 70
197594 69
197617 70
197645 69
197650 68
197762 69
197803 68
197804 69
197864 68
197882 67
197885 66
197893 67
197897 66
197923 67
197930 66
197961 67
197998 66
198020 65
198022 64
198070 65
198106 64
198121 65
198150 66
198318 67
198360 68
198367 69
198368 68
198370 69
198503 68
198526 69
198526 70
198526 69
198577 70
198580 71
198582 72
198595 73
198616 72
198766 71
198807 72
198813 71
198854 72
198930 71
198948 70
198991 69
198996 68
199001 67
199016 68
199074 69
199086 70
199106 69
