0 0
0 1
10 1
56 1
198 2
379 2
386 2
386 3
404 3
424 4
434 4
593 5
606 5
667 5
704 5
796 5
905 5
929 5
985 5
1080 6
1109 6
1153 7
1193 8
1207 9
1272 9
1307 10
1470 10
1500 11
1510 12
1557 12
1630 12
1653 12
1680 12
1741 12
1781 13
1824 13
1902 13
1968 13
1989 14
2032 15
2040 16
2042 17
2051 17
2085 18
2134 18
2169 19
2177 19
2219 20
2228 20
2301 20
2395 20
2429 21
2438 20
2440 19
2450 19
2457 20
2463 19
2485 20
2533 20
2581 21
2617 22
2625 23
2629 22
2630 23
2674 24
2716 24
2723 24
2737 24
2753 25
2796 25
2831 25
3018 26
3055 25
3058 25
3081 25
3086 25
3094 26
3128 27
3137 27
3185 28
3215 29
3235 28
3499 29
3504 30
3513 31
3524 31
3544 31
3579 31
3588 31
3616 31
3681 32
3755 32
3773 33
3789 34
3795 35
3795 35
3806 35
3814 36
3816 36
3817 37
3825 37
3865 36
3913 37
3943 38
3994 39
4010 40
4026 40
4028 41
4036 42
4037 43
4086 43
4089 43
4166 43
4217 44
4420 45
4450 44
4469 44
4477 45
4479 46
4485 47
4506 48
4520 47
4521 46
4521 47
4521 47
4543 47
4552 46
4562 45
4593 45
4613 45
4621 45
4670 44
4694 44
4694 45
4701 44
4737 45
4742 45
4742 46
4753 47
4782 48
4910 47
4945 47
4960 48
4963 49
4966 49
4967 50
4994 51
4996 52
5005 52
5022 52
5069 51
5090 52
5102 53
5103 54
5107 55
5137 54
5144 55
5197 54
5198 55
5217 56
5234 57
5236 56
5254 55
5348 54
5381 55
5456 54
5531 53
5533 54
5577 55
5649 56
5660 55
5664 54
5685 54
5713 55
5719 56
5757 57
5786 56
5826 55
5848 56
5849 57
5851 58
5864 57
5961 58
5991 59
6006 60
6077 60
6078 59
6095 58
6121 59
6170 59
6209 60
6241 59
6391 58
6405 57
6425 58
6426 59
6435 58
6514 57
6587 58
6609 59
6633 60
6667 60
6734 60
6742 61
6782 62
6838 62
6844 61
6981 60
6997 59
7011 60
7029 61
7031 62
7033 63
7042 64
7063 64
7254 65
7315 64
7341 63
7386 64
7394 65
7417 65
7418 66
7429 67
7433 66
7472 65
7506 64
7508 63
7510 62
7622 63
7675 64
7676 65
7705 66
7714 67
7802 66
7834 67
7865 67
7885 68
7890 69
8005 70
8014 71
8052 72
8096 71
8150 70
8163 69
8175 68
8237 69
8334 70
8357 69
8409 68
8468 69
8526 70
8595 71
8625 72
8686 71
8728 70
8793 71
8887 72
8919 73
8985 72
9041 71
9054 70
9123 71
9125 72
9185 73
9213 74
9220 73
9226 74
9371 73
9471 72
9538 71
9557 70
9585 69
9612 70
9666 69
9710 70
9711 71
9721 72
9757 71
9854 70
9898 69
9920 68
9961 67
10054 66
10067 67
10198 68
10198 67
10209 66
10210 65
10245 66
10249 67
10254 68
10358 69
10389 68
10517 69
10525 70
10533 71
10556 72
10586 71
10625 72
10632 71
10645 71
10647 70
10668 69
10671 68
10706 67
10799 68
10833 69
10845 70
10872 71
10921 70
10961 71
11034 70
11079 71
11081 70
11212 69
11233 70
11234 71
11241 72
11277 71
11303 70
11378 69
11433 68
11450 67
11464 68
11527 67
11594 66
11622 65
11629 66
11645 65
11730 66
11733 65
11735 66
11738 67
11887 66
11894 67
11900 68
11925 67
11944 68
12033 67
12048 66
12060 65
12092 64
12102 63
12115 64
12144 63
12167 62
12169 63
12260 64
12280 63
12290 62
12308 61
12358 62
12364 63
12387 62
12404 61
12424 62
12495 61
12516 62
12518 63
12564 62
12589 63
12608 64
12626 63
12634 64
12697 65
12698 64
12720 63
12765 62
12900 61
12953 62
12959 61
12974 62
13053 63
13055 64
13065 63
13125 64
13141 65
13203 64
13216 65
13219 64
13262 65
13263 64
13269 65
13271 66
13286 65
13363 64
13373 65
13378 66
13462 67
13469 68
13489 67
13490 68
13500 67
13537 68
13546 67
13550 68
13589 67
13631 68
13798 67
13799 66
13799 65
13862 64
13880 63
13883 64
13884 65
13900 64
13921 65
13970 64
13972 63
14012 62
14018 61
14032 62
14073 61
14074 62
14083 63
14129 64
14134 63
14143 62
14161 61
14237 62
14243 63
14258 62
14272 63
14273 62
14307 61
14407 60
14410 61
14415 62
14437 61
14486 60
14517 61
14560 62
14652 63
14663 64
14669 65
14686 64
14705 65
14705 66
14705 67
14706 68
14706 69
14709 70
14721 71
14724 72
14736 71
14809 70
14835 69
14870 70
14885 69
14921 68
14945 67
15019 66
15053 67
15077 66
15082 65
15098 64
15115 65
15120 64
15154 63
15199 64
15210 63
15216 64
15282 65
15282 66
15294 65
15326 64
15358 65
15476 64
15557 65
15580 64
15582 63
15585 64
15684 63
15786 62
15792 63
15801 64
15853 63
15867 62
15871 63
15872 64
15876 65
15885 66
15901 67
15909 66
15924 67
15930 66
15933 67
15937 66
16026 67
16139 68
16148 67
16185 66
16201 67
16258 68
16309 69
16321 68
16354 69
16363 70
16381 71
16416 72
16441 73
16532 72
16554 71
16585 70
16611 71
16704 72
16711 73
16745 72
16777 71
16807 72
16870 73
16894 72
16950 73
16957 74
17015 75
17111 74
17132 73
17134 72
17169 71
17193 72
17197 71
17219 70
17286 71
17369 72
17376 71
17474 70
17481 71
17485 72
17641 71
17815 70
17817 71
17846 70
17878 71
17878 72
17894 73
17898 74
17908 75
18004 74
18126 75
18126 76
18137 75
18230 76
18240 77
18326 76
18354 75
18460 74
18497 75
18514 74
18535 73
18547 72
18656 73
18735 74
18737 75
18795 74
18828 73
18864 72
18951 71
18962 72
19021 71
19026 70
19043 69
19134 68
19177 67
19181 66
19197 67
19209 68
19285 67
19354 66
19369 65
19408 66
19426 67
19478 66
19498 67
19510 66
19525 65
19621 66
19622 67
19690 68
19693 69
19775 70
19826 69
19844 70
19851 71
19891 70
19898 69
20038 68
20102 69
20174 70
20218 69
20290 68
20322 67
20322 68
20353 67
20428 68
20470 67
20471 66
20482 67
20527 66
20548 65
20559 66
20585 65
20623 66
20629 67
20655 68
20681 67
20685 66
20696 67
20912 68
20933 69
20938 70
20945 69
20983 68
20995 67
20999 68
21058 67
21085 66
21150 67
21227 68
21288 67
21315 66
21379 65
21405 66
21415 65
21421 66
21431 65
21434 66
21551 65
21554 64
21636 63
21669 64
21680 65
21694 64
21710 65
21720 66
21746 65
21750 66
21809 67
21854 66
21874 67
21893 66
21950 67
22069 66
22079 67
22093 68
22113 67
22162 68
22190 67
22222 66
22251 65
22252 66
22254 67
22293 66
22294 65
22306 64
22327 63
22333 62
22366 61
22449 62
22463 63
22481 64
22550 63
22571 64
22581 63
22600 64
22607 63
22651 64
22686 63
22692 62
22718 61
22761 60
22779 61
22784 60
22791 61
22833 62
22862 63
22878 64
22881 63
22890 62
22909 61
22912 60
22992 61
22993 62
23195 63
23275 64
23283 63
23338 64
23370 65
23391 64
23416 63
23420 64
23448 63
23475 64
23475 65
23502 64
23541 65
23581 66
23582 67
23684 68
23737 69
23744 70
23788 69
23798 70
23828 71
23835 72
23865 73
23905 72
23979 73
23995 72
24001 71
24024 70
24248 69
24249 68
24269 67
24275 68
24332 67
24381 66
24430 67
24433 66
24463 67
24466 68
24521 69
24547 70
24628 71
24634 72
24645 71
24670 70
24698 69
24787 68
24794 67
24847 66
24876 65
24890 64
24950 65
24950 66
24956 67
24963 66
24975 65
25017 66
25021 67
25192 66
25259 65
25276 66
25313 67
25315 68
25320 69
25407 70
25441 71
25447 70
25500 69
25552 70
25570 71
25590 70
25719 71
25755 72
25766 71
25838 70
25848 69
25871 70
25897 71
25900 72
25907 73
25908 74
25931 73
25968 72
25973 71
25981 70
26007 69
26206 68
26280 67
26290 68
26296 69
26343 68
26361 67
26368 66
26398 65
26446 66
26448 65
26451 66
26452 67
26455 68
26494 67
26543 66
26549 65
26598 66
26609 65
26618 64
26635 63
26666 64
26678 63
26691 64
26743 63
26767 62
26782 61
26795 62
26838 61
26900 62
26933 63
26961 62
26964 61
26981 62
26995 63
27008 62
27019 63
27020 63
27069 64
27072 65
27095 66
27126 65
27190 66
27220 67
27259 68
27286 69
27298 70
27438 71
27454 70
27464 69
27505 70
27531 71
27636 70
27705 71
27718 70
27772 69
27826 68
27858 67
27965 66
27985 67
28088 68
28095 69
28107 68
28171 67
28314 68
28329 69
28330 70
28361 71
28410 72
28410 73
28422 74
28436 75
28482 76
28489 77
28492 78
28543 79
28592 80
28604 79
28841 78
28848 77
28862 76
28874 75
28886 74
28886 75
28887 76
28891 77
28900 76
28948 75
28975 74
29008 73
29021 72
29050 71
29050 70
29065 69
29103 68
29174 67
29299 66
29310 65
29318 66
29368 65
29375 64
29484 63
29509 64
29523 65
29523 66
29525 65
29554 64
29566 65
29578 66
29796 65
29798 66
29832 65
29840 66
29874 65
29928 66
29941 65
29988 66
29998 65
30085 64
30106 63
30122 64
30134 63
30142 64
30188 63
30194 62
30231 63
30235 62
30242 61
30278 62
30282 63
30286 64
30305 63
30359 62
30375 63
30378 64
30418 65
30465 66
30505 65
30522 64
30656 65
30751 64
30794 63
30794 62
30822 61
30825 62
30856 63
30867 62
30918 61
30977 61
30983 62
30991 63
30992 64
31084 63
31090 64
31102 65
31150 64
31166 65
31214 66
31249 67
31258 66
31268 67
31307 68
31331 67
31350 66
31362 67
31406 68
31406 67
31422 68
31509 67
31544 68
31565 69
31579 70
31659 71
31678 72
31684 71
31691 72
31695 73
31698 72
31734 71
31802 72
32087 71
32129 72
32186 73
32194 74
32206 73
32251 72
32290 73
32306 72
32315 71
32354 72
32355 73
32373 74
32387 73
32515 72
32551 71
32554 70
32558 69
32593 70
32680 71
32705 70
32930 71
33086 72
33150 73
33226 74
33259 73
33314 74
33317 75
33332 74
33412 73
33435 72
33442 71
33507 70
33520 69
33614 70
33696 69
33715 70
33750 69
33759 68
33814 67
33828 66
33855 65
33857 64
33938 63
33984 64
34017 63
34031 64
34042 63
34082 62
34084 63
34108 64
34118 63
34141 64
34162 65
34184 64
34225 63
34235 64
34286 65
34300 66
34312 67
34386 68
34421 67
34423 66
34429 67
34440 68
34502 67
34556 68
34589 67
34627 68
34651 69
34651 70
34653 71
34746 71
34854 72
34859 72
34863 73
34954 72
35070 73
35083 72
35118 71
35162 70
35187 69
35235 70
35346 69
35404 68
35527 69
35619 68
35690 67
35758 68
35799 69
35857 70
35909 71
35936 70
35951 71
36006 72
36087 73
36132 72
36158 71
36160 71
36164 70
36228 71
36249 72
36321 73
36368 72
36450 72
36454 71
36473 70
36477 71
36478 70
36483 71
36485 70
36553 69
36560 68
36608 67
36620 68
36642 67
36642 66
36656 65
36663 66
36690 67
36754 66
36778 67
36786 66
36791 65
36802 64
36803 63
36892 64
36915 63
36934 64
36951 65
37054 66
37062 66
37067 65
37074 64
37130 63
37164 64
37174 63
37186 64
37206 63
37322 64
37333 65
37375 66
37384 67
37393 67
37394 66
37410 65
37434 64
37436 63
37446 64
37484 65
37489 65
37495 64
37579 63
37602 64
37610 65
37626 66
37631 67
37631 66
37633 65
37640 65
37643 65
37645 64
37646 64
37647 65
37656 64
37656 65
37658 64
37686 65
37694 64
37694 63
37694 62
37694 62
37707 62
37732 61
37754 60
37766 59
37770 58
37778 57
37780 56
37810 57
37824 56
37824 56
37826 56
37828 55
37830 54
37830 53
37831 53
37834 53
37836 52
37874 51
37914 52
37917 53
37922 52
37923 52
37923 51
37925 50
37926 49
37926 48
37930 47
37937 46
37937 46
37937 45
37953 45
37962 45
37981 44
37987 45
37995 45
37997 44
37999 44
38009 45
38015 44
38020 45
38022 46
38022 45
38023 44
38024 43
38027 44
38028 43
38029 43
38034 42
38034 41
38034 40
38034 39
38039 38
38039 37
38039 36
38039 36
38040 35
38041 34
38045 33
38086 34
38086 33
38098 32
38130 33
38165 34
38176 35
38180 36
38199 36
38209 37
38210 36
38214 35
38214 35
38218 34
38222 34
38224 33
38226 32
38226 31
38227 31
38229 31
38231 30
38234 30
38237 29
38290 30
38296 31
38302 31
38305 30
38307 29
38307 29
38307 30
38312 30
38314 29
38316 29
38318 29
38321 29
38325 29
38327 29
38331 29
38339 30
38343 29
38374 30
38400 31
38414 32
38435 33
38468 34
38470 35
38479 36
38490 36
38518 36
38518 36
38518 36
38522 37
38526 37
38527 36
38527 35
38527 35
38527 34
38528 34
38528 33
38528 33
38528 33
38528 32
38528 32
38528 31
38529 30
38529 29
38529 29
38529 29
38529 28
38530 27
38531 26
38535 25
38538 24
38549 25
38570 26
38577 27
38581 27
38588 27
38589 28
38606 29
38648 30
38653 31
38654 31
38655 31
38658 31
38659 31
38660 30
38661 30
38661 29
38662 28
38664 28
38666 27
38670 26
38671 25
38672 25
38674 24
38675 23
38676 23
38677 23
38678 24
38678 24
38680 24
38684 23
38687 23
38687 23
38688 23
38688 23
38688 23
38689 22
38690 22
38691 22
38691 22
38693 22
38693 22
38694 23
38695 23
38700 23
38703 23
38704 23
38704 23
38710 23
38712 23
38714 23
38715 24
38724 23
38724 22
38728 21
38760 22
38770 23
38778 23
38778 23
38778 23
38778 23
38797 24
38811 25
38823 26
38854 27
38858 28
38860 29
38866 28
38866 28
38866 28
38868 28
38868 28
38868 28
38869 27
38870 26
38871 26
38877 26
38879 26
38880 26
38910 27
38919 27
38919 27
38919 27
38920 26
38920 26
38920 26
38920 26
38934 27
38934 28
38942 27
38944 26
38964 27
38992 28
39006 29
39007 30
39008 31
39013 30
39025 30
39041 31
39051 30
39054 29
39075 30
39082 29
39082 29
39082 28
39086 28
39086 28
39086 29
39088 29
39091 29
39106 28
39125 29
39134 30
39137 31
39139 30
39141 29
39145 28
39147 28
39149 29
39150 28
39158 28
39170 29
39181 29
39182 30
39187 31
39195 31
39204 30
39207 31
39236 30
39241 29
39284 30
39290 29
39291 30
39292 30
39293 30
39294 31
39296 31
39313 32
39317 31
39334 32
39342 32
39354 33
39357 32
39358 32
39361 33
39363 33
39364 34
39371 33
39383 32
39404 33
39408 34
39425 33
39427 33
39428 32
39432 33
39441 32
39462 33
39463 32
39466 32
39474 33
39475 33
39488 34
39490 33
39506 34
39518 35
39561 36
39567 36
39568 36
39571 35
39572 34
39573 35
39576 35
39577 34
39578 34
39578 33
39579 32
39579 32
39585 31
39586 30
39586 29
39586 29
39588 29
39618 29
39629 30
39641 31
39642 32
39642 31
39650 30
39653 29
39658 29
39659 29
39678 30
39707 31
39710 32
39727 33
39731 32
39759 31
39762 32
39762 33
39766 32
39769 31
39769 31
39771 31
39773 32
39777 33
39781 33
39784 32
39785 32
39785 32
39786 31
39786 31
39786 31
39791 31
39793 31
39794 31
39794 30
39801 31
39811 32
39854 33
39858 34
39874 34
39881 35
39882 36
39884 35
39890 36
39891 36
39894 35
39904 35
39910 36
39918 37
39927 37
39928 37
39930 37
39931 37
39935 37
39937 37
39937 37
39937 36
39938 37
39944 38
39944 39
39944 38
39946 37
39946 36
39948 35
39948 36
39949 36
39950 37
39950 36
39953 36
39958 35
39962 34
39982 35
39991 35
39993 36
40007 35
40011 34
40011 35
40011 35
40012 35
40013 34
40013 34
40023 34
40023 34
40024 34
40025 33
40028 33
40029 33
40029 33
40030 34
40032 34
40034 33
40034 34
40034 35
40062 36
40073 37
40073 37
40080 36
40081 36
40086 36
40088 37
40094 36
40094 37
40100 37
40109 36
40110 35
40119 36
40120 35
40120 35
40120 35
40127 34
40128 34
40131 34
40155 33
40158 34
40158 35
40159 36
40161 35
40164 36
40255 37
40269 38
40273 39
40276 39
40279 40
40281 40
40282 39
40282 39
40284 39
40287 39
40287 39
40291 38
40293 38
40293 38
40339 39
40357 38
40375 39
40399 40
40403 41
40406 40
40408 40
40409 40
40412 40
40412 40
40419 39
40420 40
40421 40
40421 40
40424 40
40438 41
40454 40
40463 39
40474 40
40479 41
40485 41
40486 42
40506 43
40539 43
40540 42
40590 43
40597 43
40600 44
40601 43
40605 43
40606 43
40607 43
40610 44
40611 45
40611 45
40612 46
40615 46
40619 45
40620 46
40621 46
40626 45
40685 46
40730 46
40730 47
40738 47
40740 47
40740 47
40742 46
40742 45
40742 44
40742 44
40744 43
40745 43
40746 43
40746 43
40746 42
40747 41
40749 40
40749 40
40749 39
40750 38
40756 38
40776 38
40776 38
40781 38
40787 37
40791 36
40822 37
40825 37
40845 38
40856 37
40872 36
40872 37
40875 36
40876 35
40879 36
40921 37
40929 38
40936 38
41000 37
41002 38
41009 39
41011 40
41016 39
41037 40
41054 41
41067 40
41067 39
41081 40
41106 40
41114 39
41115 40
41120 41
41120 41
41121 41
41128 40
41129 40
41129 40
41129 39
41129 38
41131 39
41135 38
41137 37
41139 36
41140 36
41140 36
41141 35
41141 36
41148 35
41148 34
41151 33
41157 32
41157 31
41159 31
41162 32
41166 31
41166 30
41167 30
41175 30
41190 30
41194 30
41194 30
41194 30
41204 31
41242 32
41272 33
41300 33
41311 34
41312 35
41320 34
41320 35
41321 34
41322 34
41325 34
41330 34
41330 34
41332 34
41332 34
41332 34
41332 34
41333 34
41334 34
41334 34
41334 35
41370 34
41370 34
41370 33
41370 34
41373 33
41376 33
41376 32
41378 33
41378 32
41380 31
41386 31
41386 31
41386 31
41390 32
41394 32
41394 32
41394 32
41402 31
41402 30
41402 29
41403 28
41403 28
41403 29
41403 28
41403 27
41403 26
41404 25
41405 25
41407 26
41410 25
41414 25
41418 24
41474 25
41504 26
41514 25
41517 24
41519 24
41519 24
41523 23
41523 23
41525 23
41526 22
41527 21
41529 20
41538 21
41543 22
41543 23
41578 24
41586 24
41586 24
41586 24
41587 24
41587 23
41587 23
41587 23
41589 22
41610 23
41667 24
41677 24
41685 24
41686 24
41687 24
41687 24
41693 25
41699 25
41700 26
41704 26
41704 26
41705 25
41706 24
41706 24
41708 24
41709 23
41709 22
41710 23
41712 22
41714 22
41715 22
41718 22
41718 21
41731 22
41760 23
41795 24
41797 23
41798 22
41799 21
41800 22
41800 21
41801 20
41802 19
41803 20
41803 20
41803 20
41806 20
41806 19
41808 18
41809 18
41812 18
41812 18
41815 17
41815 18
41819 18
41821 18
41821 18
41822 18
41822 18
41824 18
41826 19
41827 19
41827 18
41827 18
41832 17
41833 17
41833 18
41836 18
41839 18
41843 19
41891 18
41902 19
41911 20
41942 21
41950 22
41962 23
41962 24
41969 25
41985 26
41999 27
42000 28
42006 29
42010 29
42019 30
42026 31
42034 32
42038 33
42040 34
42042 33
42042 32
42042 32
42047 33
42049 34
42053 33
42060 32
42061 31
42078 32
42079 33
42082 34
42086 33
42086 33
42087 32
42088 32
42088 32
42088 32
42089 33
42090 33
42091 33
42095 32
42095 32
42096 32
42098 31
42099 31
42101 31
42101 31
42150 32
42153 33
42158 32
42158 32
42158 32
42160 31
42163 30
42164 30
42207 31
42211 31
42220 31
42223 30
42229 31
42238 32
42245 33
42247 33
42247 34
42254 35
42259 36
42276 37
42276 37
42284 36
42306 37
42306 38
42322 39
42337 39
42340 38
42344 37
42347 36
42385 37
42385 38
42390 38
42399 37
42403 37
42404 37
42410 36
42410 37
42411 38
42414 37
42414 38
42420 37
42423 37
42423 37
42424 36
42427 36
42427 36
42458 36
42462 36
42465 35
42466 34
42466 35
42468 35
42474 34
42474 34
42474 34
42502 33
42526 32
42526 32
42531 32
42538 33
42567 32
42571 33
42586 34
42624 33
42641 34
42642 35
42643 36
42650 35
42650 34
42653 35
42655 35
42656 35
42658 34
42658 34
42659 35
42659 35
42662 35
42663 34
42663 33
42665 33
42668 33
42668 33
42669 33
42711 34
42714 35
42717 36
42721 35
42722 34
42722 34
42722 34
42723 33
42723 32
42736 33
42737 34
42762 33
42784 34
42791 33
42793 32
42796 31
42802 30
42804 31
42812 30
42819 30
42841 31
42848 32
42850 33
42850 34
42878 35
42901 36
42902 37
42919 38
42932 37
42939 38
42946 39
42969 40
42972 41
42982 41
43010 40
43022 39
43028 40
43029 39
43034 38
43037 37
43039 38
43043 37
43044 38
43049 37
43086 37
43090 38
43098 39
43107 40
43177 41
43180 41
43188 41
43207 41
43209 40
43213 41
43234 40
43234 41
43234 40
43235 40
43235 41
43235 41
43235 42
43235 41
43235 40
43235 41
43235 42
43238 43
43241 42
43241 41
43249 41
43249 42
43249 41
43250 42
43256 42
43260 42
43263 42
43264 41
43267 40
43267 39
43268 40
43279 39
43288 40
43307 40
43335 41
43336 41
43341 41
43342 42
43342 41
43350 41
43350 40
43350 40
43350 40
43350 39
43355 38
43355 37
43355 37
43355 36
43358 35
43359 34
43361 33
43362 34
43363 34
43376 33
43403 34
43406 35
43406 34
43407 35
43407 34
43407 34
43407 34
43409 33
43411 33
43411 32
43414 31
43417 31
43417 30
43419 29
43420 30
43423 30
43426 29
43438 30
43439 31
43441 30
43442 31
43446 31
43447 32
43448 31
43450 30
43451 30
43451 30
43451 29
43453 28
43454 28
43455 27
43455 27
43456 27
43457 27
43476 28
43477 27
43485 26
43510 27
43517 27
43518 26
43518 25
43522 25
43544 26
43649 27
43656 26
43661 25
43666 26
43671 27
43673 27
43676 28
43677 29
43680 29
43681 28
43709 29
43721 29
43721 28
43723 29
43724 28
43725 27
43725 26
43727 25
43780 24
43782 24
43782 25
43783 24
43784 24
43788 24
43788 24
43790 24
43806 25
43818 24
43821 23
43822 22
43826 22
43829 21
43836 20
43838 21
43846 20
43846 19
43850 20
43850 21
43859 22
43862 21
43862 21
43862 21
43862 21
43862 20
43864 21
43866 22
43868 22
43873 22
43874 22
43880 22
43880 22
43880 22
43884 21
43884 21
43885 21
43885 21
43886 21
43915 22
43926 21
43944 22
43962 23
43963 24
43968 25
43969 26
43971 26
43974 27
43974 27
43975 28
43976 27
43976 27
43979 27
43979 27
43980 28
44002 29
44020 30
44020 29
44024 29
44096 30
44098 31
44106 32
44121 31
44121 31
44124 32
44125 33
44126 34
44130 33
44200 34
44207 33
44210 32
44210 33
44217 32
44219 32
44244 33
44251 32
44251 33
44258 32
44266 33
44266 34
44266 34
44268 35
44269 36
44270 37
44278 38
44283 39
44288 40
44290 39
44293 39
44297 38
44312 39
44362 40
44377 41
44382 40
44394 41
44398 40
44403 39
44407 38
44408 39
44411 40
44416 39
44442 40
44466 41
44466 41
44466 41
44469 41
44471 41
44472 41
44473 41
44478 41
44498 42
44503 43
44505 42
44508 41
44537 42
44538 43
44548 42
44563 43
44564 44
44585 44
44590 43
44600 43
44602 42
44607 43
44617 42
44629 42
44631 43
44633 44
44639 45
44649 46
44715 45
44726 44
44740 45
44744 45
44758 46
44760 47
44771 47
44771 48
44798 49
44808 49
44811 49
44811 50
44812 49
44813 49
44821 48
44851 48
44852 49
44852 48
44852 47
44855 47
44855 47
44856 46
44857 46
44861 45
44863 44
44865 44
44865 43
44866 44
44870 45
44918 46
44922 47
44926 46
44926 45
44926 44
44926 43
44926 43
44927 43
44931 43
44935 42
44935 41
44935 40
44935 39
44936 40
44966 41
44980 40
44988 39
44998 38
44999 37
45000 38
45000 37
45000 37
45001 37
45001 37
45002 37
45005 37
45006 36
45007 36
45010 35
45012 34
45020 35
45029 34
45032 35
45033 34
45040 35
45091 36
45124 37
45147 36
45147 37
45153 37
45155 37
45159 36
45162 36
45164 37
45188 38
45191 37
45224 36
45236 37
45247 38
45252 37
45266 38
45270 37
45270 36
45271 35
45319 36
45323 35
45323 34
45323 35
45331 34
45332 33
45345 32
45353 33
45374 34
45377 35
45386 34
45392 34
45393 35
45394 35
45396 36
45403 36
45403 35
45407 34
45411 35
45413 36
45414 37
45414 36
45414 35
45420 35
45420 35
45422 34
45422 33
45424 33
45425 34
45425 33
45425 32
45426 31
45427 30
45427 29
45428 29
45429 29
45430 28
45430 29
45431 29
45433 28
45434 27
45434 26
45434 25
45434 25
45434 24
45435 24
45435 23
45441 23
45445 23
45447 24
45470 25
45494 26
45523 27
45530 27
45530 26
45536 27
45539 27
45558 26
45571 27
45590 28
45616 28
45616 28
45618 28
45618 29
45618 30
45619 29
45621 30
45621 31
45622 31
45624 30
45625 29
45628 28
45630 28
45632 27
45633 28
45638 27
45640 26
45646 25
45650 24
45652 23
45653 22
45655 23
45674 24
45678 25
45686 24
45694 25
45742 26
45758 27
45758 28
45781 27
45783 27
45784 27
45789 27
45793 26
45794 26
45795 26
45810 27
45821 27
45825 26
45826 26
45826 26
45826 25
45826 25
45826 24
45828 24
45828 23
45829 23
45831 23
45831 23
45831 23
45831 23
45831 22
45832 22
45832 22
45832 22
45832 21
45832 20
45836 19
45837 18
45837 19
45838 19
45839 20
45839 19
45840 18
45842 17
45842 17
45842 18
45843 18
45844 18
45845 17
45846 17
45849 17
45849 17
45849 17
45853 18
45856 18
45864 19
45919 20
45950 19
45952 19
45953 19
45954 20
45955 19
45959 18
45959 18
45959 18
45964 18
45965 17
45970 18
45978 17
46005 18
46009 19
46012 19
46014 19
46014 20
46017 19
46017 19
46018 18
46018 18
46019 18
46019 18
46019 18
46020 18
46021 18
46021 18
46021 18
46023 18
46023 18
46024 18
46025 18
46027 18
46028 18
46030 17
46030 17
46030 17
46032 17
46032 17
46035 18
46071 19
46082 20
46085 21
46099 22
46109 23
46111 24
46118 24
46123 25
46189 26
46193 27
46195 28
46195 29
46198 28
46198 29
46202 29
46209 29
46211 28
46214 27
46219 26
46220 25
46258 26
46266 26
46268 25
46272 24
46273 23
46274 24
46278 24
46308 23
46314 24
46320 25
46331 25
46335 26
46358 27
46358 28
46389 27
46394 27
46394 26
46396 25
46397 24
46398 25
46400 26
46419 27
46427 26
46428 27
46431 26
46431 25
46435 25
46436 26
46436 26
46438 27
46441 28
46444 29
46445 29
46448 30
46452 30
46456 30
46466 31
46476 32
46493 33
46495 32
46496 32
46498 31
46501 31
46504 31
46505 30
46505 30
46506 30
46507 30
46508 29
46508 29
46530 30
46553 31
46554 30
46556 29
46559 28
46563 28
46577 27
46578 28
46578 29
46614 30
46618 31
46620 32
46627 33
46659 34
46709 35
46713 36
46714 37
46718 38
46722 39
46723 38
46726 38
46731 38
46732 37
46741 36
46741 36
46744 35
46779 36
46806 36
46808 36
46809 36
46810 37
46814 37
46816 36
46817 35
46838 36
46840 36
46841 36
46842 35
46845 35
46847 36
46847 35
46848 35
46852 34
46853 33
46853 32
46861 33
46861 34
46864 35
46870 36
46873 36
46873 35
46876 36
46876 37
46878 38
46879 37
46879 37
46881 37
46882 36
46883 35
46886 34
46888 33
46889 32
46893 32
46893 32
46894 32
46895 32
46895 32
46896 32
46897 33
46897 32
46930 33
46930 34
46930 33
46938 32
46938 31
46977 30
46978 30
46981 31
46985 31
47006 32
47010 32
47010 32
47010 31
47010 30
47019 29
47020 28
47020 27
47020 28
47021 27
47024 26
47025 26
47031 25
47054 26
47063 27
47069 26
47072 26
47074 25
47074 24
47074 23
47080 23
47081 22
47084 22
47086 23
47086 23
47092 24
47098 23
47113 22
47134 21
47138 22
47191 23
47192 24
47197 25
47197 24
47204 24
47207 25
47208 24
47209 24
47209 23
47215 23
47258 24
47261 25
47267 25
47267 25
47267 25
47267 25
47270 26
47271 27
47274 28
47283 29
47290 29
47310 28
47310 27
47319 28
47323 27
47325 28
47366 29
47381 28
47382 27
47386 26
47388 27
47388 27
47388 26
47390 26
47392 26
47396 27
47398 28
47405 29
47407 30
47446 29
47447 30
47453 31
47459 32
47463 33
47466 33
47471 33
47476 32
47482 31
47485 30
47485 29
47486 30
47486 29
47491 29
47520 30
47526 30
47534 31
47537 32
47547 33
47558 34
47566 33
47566 33
47570 34
47570 34
47578 34
47580 34
47581 33
47582 33
47587 33
47597 34
47605 35
47607 35
47608 35
47610 36
47611 35
47615 34
47617 33
47618 34
47621 34
47621 33
47625 33
47626 32
47626 31
47626 31
47626 31
47646 32
47675 33
47676 33
47689 34
47694 35
47695 34
47700 34
47701 35
47701 35
47705 35
47705 36
47706 36
47706 36
47706 36
47706 35
47707 34
47707 33
47709 32
47710 32
47710 31
47711 30
47716 29
47716 29
47717 28
47733 29
47739 29
47741 30
47741 30
47743 30
47743 30
47743 30
47743 30
47748 30
47749 30
47749 30
47751 30
47753 30
47754 29
47778 30
47780 31
47784 32
47795 33
47796 33
47804 33
47807 33
47816 32
47835 33
47844 32
47848 31
47861 30
47862 31
47878 32
47886 31
47886 30
47893 31
47918 32
47926 32
47926 32
47926 31
47938 30
47943 31
47960 32
47994 33
48002 33
48002 33
48002 33
48002 32
48026 31
48035 32
48042 32
48051 33
48055 34
48055 33
48057 33
48058 33
48060 32
48061 31
48062 30
48064 29
48065 28
48068 28
48070 29
48082 30
48121 30
48129 30
48131 29
48134 29
48138 30
48142 31
48146 31
48161 30
48171 31
48177 32
48199 31
48200 32
48218 33
48226 32
48242 33
48244 34
48248 34
48250 34
48251 34
48251 34
48251 34
48251 33
48252 33
48254 34
48254 33
48255 33
48256 33
48256 33
48258 33
48258 33
48258 32
48259 31
48260 31
48262 30
48262 30
48262 29
48264 29
48264 29
48267 28
48274 27
48281 28
48298 29
48302 29
48302 29
48310 28
48310 29
48310 28
48310 28
48319 28
48319 28
48323 29
48325 28
48349 29
48358 30
48358 30
48368 30
48373 31
48389 32
48393 33
48400 32
48402 31
48403 31
48403 30
48406 31
48406 30
48406 29
48410 28
48411 27
48412 27
48442 28
48443 29
48454 30
48459 31
48473 32
48518 33
48518 34
48523 34
48523 33
48526 33
48537 33
48560 34
48570 35
48572 36
48578 36
48588 36
48589 35
48591 34
48593 35
48593 35
48593 35
48594 34
48594 34
48596 33
48598 33
48598 33
48600 32
48602 32
48626 33
48647 32
48648 33
48659 34
48691 34
48700 33
48702 34
48721 35
48731 36
48735 36
48736 35
48737 34
48740 33
48740 33
48747 32
48749 31
48776 32
48782 33
48787 34
48791 33
48794 33
48794 32
48794 32
48794 32
48794 33
48846 34
48869 35
48878 35
48880 35
48884 35
48910 36
48929 37
48935 36
48957 37
48960 36
48970 36
48970 36
48970 35
48971 34
48973 35
48979 34
48981 35
48984 34
48990 33
49004 34
49005 33
49035 34
49036 35
49038 36
49038 37
49042 36
49045 35
49046 35
49046 34
49048 34
49078 35
49104 36
49124 37
49134 37
49139 38
49143 38
49143 38
49144 38
49146 38
49147 38
49147 37
49148 37
49149 36
49150 36
49150 36
49151 36
49153 36
49154 36
49154 36
49155 35
49156 34
49162 33
49162 33
49162 32
49164 33
49183 34
49191 35
49198 36
49202 36
49203 35
49203 36
49204 35
49206 34
49207 33
49208 34
49230 35
49277 36
49279 37
49287 36
49316 37
49338 38
49350 37
49355 36
49360 35
49361 36
49381 37
49386 38
49398 37
49398 37
49403 38
49432 39
49434 39
49434 38
49434 38
49438 38
49438 37
49438 36
49438 35
49442 34
49442 34
49445 34
49470 35
49478 34
49478 34
49478 34
49482 35
49485 36
49491 36
49491 36
49495 36
49503 35
49507 34
49511 33
49516 32
49522 31
49544 32
49554 33
49562 33
49562 32
49563 32
49583 33
49584 34
49589 35
49596 36
49622 37
49625 37
49626 37
49634 38
49641 39
49656 40
49658 40
49661 40
49662 39
49662 39
49668 39
49671 38
49714 39
49721 38
49724 37
49726 36
49737 37
49747 36
49747 37
49750 37
49750 37
49750 37
49753 37
49763 38
49776 38
49810 39
49826 40
49834 41
49870 42
49874 43
49878 42
49881 42
49919 43
49921 42
49967 43
49971 44
49973 45
49976 45
49980 45
49980 44
49984 43
49985 42
49985 41
50002 42
50004 41
50006 40
50013 39
50025 38
50030 38
50030 37
50036 38
50050 39
50058 38
50058 37
50058 36
50058 35
50058 36
50062 37
50072 36
50075 35
50075 36
50078 37
50084 36
50085 35
50105 36
50134 37
50140 38
50142 39
50151 38
50151 38
50151 38
50169 39
50203 40
50211 39
50214 38
50215 39
50222 38
50222 37
50225 38
50228 39
50229 38
50264 39
50283 40
50290 41
50313 42
50320 43
50338 44
50342 45
50348 44
50358 45
50362 46
50368 45
50370 44
50377 43
50379 42
50390 43
50406 44
50406 45
50414 44
50414 43
50414 43
50414 44
50415 43
50418 42
50426 41
50432 42
50454 41
50497 40
50498 41
50530 42
50538 42
50538 42
50538 41
50538 41
50549 41
50552 42
50553 42
50555 43
50556 42
50560 41
50561 40
50593 40
50593 41
50664 40
50667 41
50694 42
50702 43
50737 44
50755 43
50755 44
50768 44
50771 44
50773 45
50774 44
50778 45
50783 44
50783 43
50785 42
50786 41
50788 40
50793 39
50794 40
50799 41
50804 42
50806 43
50814 42
50818 43
50828 42
50833 43
50850 44
50862 45
50869 44
50874 45
50886 44
50895 44
50942 45
50959 46
50970 47
50975 48
50979 49
50984 50
50987 51
50992 52
51044 53
51047 54
51064 55
51071 55
51073 55
51074 54
51075 53
51076 54
51077 54
51084 53
51085 53
51086 53
51086 52
51143 53
51150 52
51175 51
51175 52
51176 53
51202 54
51202 55
51211 54
51214 53
51278 54
51317 55
51326 54
51326 54
51328 53
51443 52
51454 53
51461 52
51477 51
51485 50
51488 51
51502 50
51546 51
51546 52
51546 53
51549 54
51550 55
51558 55
51558 55
51558 54
51558 53
51563 52
51566 51
51595 52
51597 53
51599 52
51600 53
51602 53
51605 53
51610 53
51611 53
51612 53
51613 53
51613 53
51613 53
51614 52
51631 53
51642 52
51642 52
51706 51
51708 52
51716 51
51718 50
51737 49
51738 50
51748 51
51753 52
51828 53
51834 53
51834 53
51834 52
51834 52
51835 51
51835 50
51837 51
51840 50
51841 49
51844 48
51845 47
51846 46
51872 46
51874 47
51875 48
51875 49
51876 48
51876 48
51877 48
51878 48
51929 49
51930 48
51970 47
51971 47
51972 47
51975 46
51977 45
51985 45
51985 44
52015 45
52024 46
52026 46
52046 47
52055 47
52058 48
52058 47
52058 47
52058 46
52063 46
52063 46
52072 46
52075 46
52078 45
52080 45
52082 45
52082 44
52083 44
52083 43
52084 43
52085 43
52088 43
52118 44
52151 45
52154 46
52156 45
52160 46
52161 45
52167 44
52168 43
52170 43
52210 44
52246 45
52251 46
52276 47
52280 47
52281 47
52285 46
52306 47
52314 46
52344 45
52346 46
52347 47
52353 46
52364 45
52364 45
52366 45
52367 44
52368 44
52369 43
52369 44
52369 44
52370 44
52372 43
52375 43
52377 44
52377 43
52394 42
52423 43
52438 44
52454 43
52455 44
52455 45
52456 46
52458 45
52464 44
52464 43
52465 42
52468 42
52469 41
52470 40
52470 39
52471 39
52473 38
52474 37
52474 36
52474 35
52476 34
52478 33
52478 32
52506 33
52538 32
52552 33
52557 32
52563 32
52563 32
52564 31
52594 32
52608 32
52611 33
52612 33
52613 33
52614 33
52615 32
52617 32
52620 31
52622 31
52623 31
52623 30
52623 30
52626 30
52634 31
52642 30
52642 29
52642 28
52650 29
52653 30
52658 30
52661 29
52671 30
52674 31
52728 30
52743 31
52754 32
52760 31
52781 32
52814 33
52827 32
52827 32
52828 32
52831 33
52839 32
52839 31
52841 31
52846 30
52846 30
52847 29
52849 28
52849 27
52854 28
52854 29
52855 30
52857 31
52863 31
52868 32
52870 31
52873 32
52877 33
52878 32
52884 32
52894 33
52910 34
52931 34
52952 33
52953 32
52958 33
52958 34
52962 33
52968 34
52968 33
52968 32
52969 31
52969 30
52969 29
53032 29
53034 30
53036 30
53037 30
53038 30
53038 30
53039 31
53042 30
53044 30
53046 30
53047 30
53048 30
53050 29
53053 30
53062 31
53086 32
53104 33
53125 32
53129 33
53136 33
53139 34
53144 34
53170 35
53170 36
53177 37
53194 36
53210 37
53214 38
53215 38
53221 38
53224 37
53246 38
53250 37
53252 37
53254 36
53254 36
53254 36
53254 35
53255 34
53255 33
53255 33
53255 33
53255 32
53255 31
53255 30
53255 30
53258 30
53260 29
53262 30
53262 30
53265 30
53266 30
53267 31
53270 31
53276 30
53282 30
53283 29
53315 30
53330 31
53339 32
53386 33
53395 33
53396 34
53396 35
53398 35
53399 36
53406 35
53406 35
53406 34
53408 33
53410 34
53418 33
53418 32
53418 31
53426 32
53433 31
53436 30
53436 30
53438 29
53440 29
53444 28
53474 28
53475 29
53478 29
53478 29
53478 29
53478 29
53479 28
53479 27
53487 28
53488 28
53492 27
53550 28
53569 27
53570 28
53593 29
53599 30
53619 31
53619 32
53619 33
53626 33
53653 34
53660 35
53660 36
53668 37
53674 38
53682 37
53682 37
53682 36
53689 37
53713 38
53730 39
53736 40
53738 40
53738 40
53738 39
53742 40
53747 39
53751 38
53752 37
53752 36
53754 35
53786 36
53791 37
53792 37
53795 38
53795 37
53795 37
53795 37
53796 38
53798 38
53807 39
53808 39
53809 38
53810 39
53811 39
53857 40
53859 41
53861 42
53887 41
53906 42
54042 43
54043 44
54058 45
54063 46
54070 47
54070 48
54075 47
54116 46
54120 45
54122 46
54124 45
54126 45
54127 44
54129 43
54138 42
54142 43
54142 44
54151 43
54151 43
54151 42
54167 43
54176 44
54184 43
54188 42
54201 43
54238 44
54238 45
54252 46
54277 45
54283 46
54290 47
54290 48
54298 49
54304 50
54346 51
54359 52
54379 51
54387 50
54390 49
54402 50
54426 51
54430 52
54430 53
54460 54
54553 53
54564 54
54566 55
54566 56
54566 57
54566 58
54578 57
54584 56
54587 55
54591 54
54595 53
54597 52
54600 51
54625 52
54670 51
54677 52
54689 53
54690 54
54772 55
54785 56
54834 55
54841 56
54844 56
54847 57
54849 58
54851 58
54860 57
54866 56
54866 55
54870 56
54878 55
54914 55
54940 54
54950 54
54984 55
54984 55
54984 54
54984 53
54984 52
54985 53
54985 52
54986 51
54986 50
54987 50
54991 49
54992 48
54992 47
54994 46
55006 47
55034 48
55041 49
55070 48
55072 49
55081 50
55081 49
55084 48
55090 48
55090 48
55091 48
55094 48
55094 48
55096 47
55096 46
55099 46
55099 46
55103 45
55104 44
55104 44
55105 44
55105 43
55105 42
55111 42
55111 41
55112 40
55116 39
55118 39
55119 38
55120 39
55125 39
55129 38
55129 37
55154 36
55154 35
55154 34
55230 33
55237 34
55246 35
55253 36
55253 35
55256 36
55266 37
55316 38
55403 37
55403 38
55403 37
55404 36
55404 37
55404 38
55416 39
55426 40
55427 39
55432 38
55433 39
55437 38
55439 38
55440 38
55442 38
55443 38
55445 38
55447 38
55448 37
55448 38
55451 38
55453 37
55454 36
55466 37
55507 38
55517 39
55526 38
55540 38
55551 39
55552 38
55559 37
55559 38
55561 38
55562 37
55586 38
55590 37
55590 36
55599 37
55602 36
55606 35
55606 34
55606 34
55606 33
55618 32
55641 33
55646 34
55647 33
55650 34
55653 34
55657 33
55658 32
55659 31
55660 30
55660 29
55663 28
55671 27
55749 28
55749 29
55758 29
55762 30
55767 31
55770 31
55772 32
55777 32
55779 32
55813 32
55834 33
55837 34
55847 34
55848 33
55848 33
55849 33
55854 34
55854 33
55857 34
55861 33
55866 32
55867 32
55872 33
55874 32
55874 32
55876 31
55893 30
55931 31
55938 31
55938 31
55939 32
55966 33
55966 34
55980 35
55981 36
55988 37
55990 38
55995 38
55995 37
56026 38
56038 39
56038 40
56040 39
56046 38
56046 37
56047 36
56047 35
56047 34
56047 33
56047 33
56048 33
56048 32
56048 32
56048 31
56072 32
56092 33
56098 34
56099 34
56106 35
56114 34
56118 35
56148 35
56162 36
56177 36
56182 35
56193 36
56202 37
56202 38
56212 37
56241 36
56259 37
56265 38
56269 39
56270 40
56275 41
56279 42
56284 41
56284 42
56285 41
56290 40
56303 39
56306 40
56315 41
56371 42
56377 43
56378 42
56382 43
56386 42
56441 43
56449 42
56456 41
56482 42
56487 43
56512 44
56517 45
56520 46
56529 47
56532 48
56560 47
56574 48
56594 49
56602 50
56614 51
56618 52
56620 53
56629 52
56633 51
56649 51
56659 52
56659 53
56667 52
56667 53
56701 54
56703 55
56707 56
56746 55
56750 56
56766 57
56794 58
56800 59
56800 60
56805 59
56807 58
56810 57
56862 58
56865 57
56866 56
56904 57
56918 58
56963 59
56974 58
57012 57
57039 58
57041 57
57042 58
57044 59
57045 60
57045 61
57048 62
57049 61
57051 62
57088 61
57115 60
57117 59
57128 60
57128 59
57140 60
57154 61
57158 60
57208 61
57208 62
57226 61
57254 60
57283 61
57302 62
57353 63
57355 64
57355 65
57357 66
57362 65
57375 66
57429 67
57450 68
57458 67
57494 66
57521 65
57523 64
57528 63
57542 62
57548 63
57550 64
57567 63
57612 62
57622 61
57642 62
57746 63
57749 64
57805 65
57816 66
57844 67
57895 66
57896 67
57905 68
57925 69
58050 70
58067 71
58094 70
58104 69
58123 70
58128 69
58300 68
58306 69
58335 68
58365 69
58420 68
58510 69
58513 70
58522 71
58523 72
58534 73
58570 74
58577 73
58592 74
58657 73
58710 72
58728 73
58729 74
58764 75
59018 76
59032 75
59062 76
59091 75
59159 74
59215 75
59286 74
59295 75
59302 74
59304 73
59306 74
59413 75
59416 74
59546 75
59547 76
59548 77
59683 76
59759 77
60012 76
60042 75
60055 76
60073 75
60085 76
60211 77
60264 76
60510 75
60530 74
60542 75
60679 76
60691 77
60802 78
60808 77
60886 78
61232 77
61274 78
61275 79
61283 78
61645 79
62006 78
62539 79
62555 78
62635 77
62636 76
62641 75
62662 74
62814 73
62834 74
62925 73
62937 72
62954 71
62972 70
63036 71
63037 72
63040 73
63102 72
63107 71
63142 70
63145 71
63158 70
63166 69
63197 68
63338 67
63362 66
63370 67
63388 68
63403 67
63413 66
63514 65
63514 64
63550 65
63553 66
63576 65
63577 64
63583 63
63598 62
63627 61
63658 62
63666 63
63671 62
63678 61
63679 60
63684 59
63712 58
63740 57
63762 56
63798 57
63802 56
63892 57
63893 58
63895 59
63961 60
63966 59
63974 60
63974 61
64050 60
64067 61
64079 60
64118 59
64150 58
64182 58
64193 59
64205 58
64215 59
64218 58
64270 57
64273 58
64277 59
64278 60
64302 59
64308 60
64344 61
64374 62
64396 61
64410 60
64414 61
64430 62
64431 61
64431 62
64476 63
64487 62
64510 63
64518 62
64519 61
64545 60
64556 59
64568 58
64577 57
64600 56
64601 57
64605 58
64646 59
64651 60
64683 61
64685 62
64698 61
64714 62
64722 61
64747 62
64814 63
64822 64
64894 65
64894 66
64908 67
64908 66
64966 65
64998 66
64998 65
65034 66
65046 67
65047 66
65066 67
65086 68
65097 67
65130 66
65140 65
65166 66
65170 67
65209 66
65294 67
65295 66
65302 65
65314 64
65406 65
65430 66
65438 65
65438 64
65461 65
65501 66
65561 67
65571 68
65598 69
65601 68
65630 67
65666 68
65687 69
65806 70
65859 71
65861 72
65943 73
65994 72
66047 73
66084 72
66110 71
66219 72
66220 73
66226 74
66242 75
66319 74
66426 73
66445 72
66549 71
66634 70
66638 71
66702 70
66751 69
66798 68
66822 67
66823 66
66831 67
66871 66
67056 67
67114 66
67118 65
67179 66
67180 67
67185 68
67220 69
67296 70
67438 71
67477 72
67582 71
67585 72
67586 73
67634 74
67668 75
67750 76
67775 75
67837 74
67874 75
67904 75
67986 76
68157 75
68175 74
68206 75
68217 76
68231 77
68314 78
68327 77
68335 76
68378 75
68438 74
68551 75
68605 76
68636 75
68650 74
68725 73
68738 74
68794 75
68797 74
68854 73
68860 72
68938 73
68974 74
69002 75
69218 76
69272 77
69301 76
69320 75
69363 76
69411 75
69417 76
69440 75
69615 74
69878 73
70005 72
70029 73
70039 72
70048 73
70086 72
70118 73
70140 74
70258 75
70258 74
70267 73
70338 72
70406 71
70414 72
70508 71
70558 70
70576 69
70592 70
70606 71
70614 70
70644 71
70739 72
70751 71
70808 70
70831 69
70839 68
70851 69
70860 68
70882 69
70888 68
70958 67
71046 68
71080 69
71082 68
71086 69
71111 68
71130 67
71150 66
71151 65
71170 64
71229 63
71285 62
71285 63
71295 64
71323 63
71346 62
71352 61
71356 62
71518 61
71526 62
71550 63
71563 64
71601 63
71607 62
71638 61
71642 60
71642 59
71652 58
71674 57
71683 56
71684 57
71686 56
71698 57
71703 58
71704 59
71740 58
71767 59
71769 60
71850 61
71859 62
71918 61
72015 60
72020 59
72033 60
72042 59
72058 58
72058 57
72069 56
72070 55
72079 56
72079 57
72135 58
72138 57
72154 58
72155 59
72160 60
72235 59
72254 60
72282 61
72294 62
72302 61
72374 62
72376 63
72390 62
72396 63
72426 63
72462 64
72469 65
72483 66
72502 67
72530 68
72613 67
72635 66
72637 67
72647 66
72696 65
72733 64
72782 63
72878 62
72918 63
72918 64
72950 63
73070 62
73078 63
73078 64
73079 65
73141 64
73171 65
73174 66
73210 65
73221 66
73223 67
73252 68
73286 69
73292 70
73298 69
73302 70
73328 69
73464 70
73472 69
73478 68
73600 67
73622 66
73631 67
73652 66
73662 65
73662 64
73667 65
73684 66
73689 67
73700 66
73742 65
73744 64
73806 65
73840 66
73843 67
73918 66
73968 67
73983 68
74001 67
74004 68
74023 69
74087 68
74161 67
74175 68
74186 67
74193 66
74206 67
74215 66
74233 65
74241 64
74245 63
74272 64
74314 65
74327 64
74384 65
74430 64
74438 65
74438 66
74444 67
74447 68
74550 69
74554 68
74562 69
74562 70
74655 71
74698 72
74746 71
74823 72
74876 73
74884 74
74901 75
74910 74
74926 73
74970 74
75050 73
75146 72
75212 73
75214 72
75242 71
75242 70
75266 69
75350 70
75358 71
75448 70
75466 71
75483 72
75546 71
75576 70
75630 71
75659 72
75680 73
75680 74
75738 73
75906 74
75906 75
75991 76
76068 75
76159 76
76164 77
76183 76
76222 75
76254 74
76285 73
76305 72
76314 71
76386 72
76386 73
76394 72
76405 73
76422 72
76517 73
76561 72
76569 71
76701 70
76710 71
76838 70
76943 69
77074 70
77081 71
77096 72
77106 71
77127 72
77206 71
77280 72
77312 71
77387 72
77530 73
77533 74
77562 75
77636 74
77642 75
77658 74
77659 73
77679 74
77755 73
77890 72
77947 71
77975 70
77991 69
78021 68
78028 68
78047 69
78065 70
78067 69
78186 70
78296 69
78299 70
78380 69
78432 70
78446 71
78522 70
78568 69
78593 68
78700 67
78706 68
78755 67
78791 66
78810 65
78826 64
78828 63
78840 62
78841 61
78853 60
78906 59
78913 60
78915 61
78915 62
78923 63
78994 64
79043 63
79067 62
79079 61
79126 60
79134 61
79142 60
79163 59
79187 60
79192 60
79192 61
79196 62
79230 63
79298 64
79311 65
79311 66
79349 65
79484 64
79490 65
79504 64
79516 65
79524 66
79538 65
79552 64
79553 63
79561 62
79578 61
79582 60
79587 59
79623 60
79633 61
79662 60
79732 59
79746 58
79796 59
79799 60
79828 61
79843 62
79844 61
79910 60
79934 61
79942 60
79970 61
79973 62
79982 63
79982 64
80029 65
80052 64
80080 65
80088 64
80094 63
80119 64
80119 63
80178 64
80246 63
80311 64
80334 65
80337 64
80364 65
80385 66
80404 65
80446 64
80507 63
80512 64
80516 63
80547 64
80566 63
80587 64
80675 65
80675 66
80676 67
80676 68
80726 67
80743 66
80794 67
80795 68
80900 67
80909 66
80962 67
80962 68
80969 69
80971 70
80982 71
81174 70
81186 69
81194 70
81202 69
81204 70
81214 69
81242 68
81323 67
81338 66
81344 67
81346 68
81359 69
81360 70
81424 69
81424 70
81435 71
81454 72
81475 73
81478 72
81505 73
81519 72
81545 71
81554 70
81600 69
81644 68
81742 69
81769 68
81821 67
81834 66
81855 67
81896 68
81903 69
81993 70
82013 69
82018 70
82019 71
82078 70
82085 69
82108 70
82236 71
82277 72
82278 73
82278 74
82346 75
82397 76
82413 75
82466 74
82546 73
82574 72
82602 71
82681 70
82726 69
82746 70
82977 71
82979 72
82979 73
83046 74
83062 75
83070 76
83071 75
83095 74
83231 73
83266 74
83300 73
83305 74
83391 75
83447 76
83519 75
83579 74
83630 73
83771 72
83850 71
83870 72
83878 73
83934 72
83940 71
83999 70
84015 69
84027 68
84034 67
84114 68
84155 69
84166 68
84203 69
84329 68
84365 69
84366 70
84406 71
84440 72
84451 71
84490 72
84502 73
84599 74
84602 75
84647 76
84743 75
84783 74
84841 73
84867 72
84978 71
85090 70
85095 71
85110 72
85185 73
85190 72
85307 71
85397 72
85413 73
85457 72
85480 71
85487 70
85499 69
85509 68
85536 69
85572 70
85723 69
85725 70
85778 71
85794 72
85804 71
85975 72
86058 71
86066 70
86123 71
86123 72
86198 73
86242 74
86246 75
86261 74
86268 73
86296 72
86306 71
86335 70
86336 69
86379 68
86414 69
86423 70
86545 71
86558 70
86559 69
86569 70
86701 69
86707 68
86811 67
86831 66
86843 67
86932 68
86940 69
86992 68
87009 67
87043 66
87058 65
87073 66
87076 65
87082 64
87100 63
87115 62
87119 61
87222 62
87229 63
87234 63
87245 64
87260 65
87363 66
87443 67
87500 68
87500 69
87505 68
87506 69
87506 70
87556 69
87557 68
87608 69
87640 70
87698 69
87763 70
87813 69
87838 70
87931 69
87951 68
87993 67
88012 66
88026 65
88062 66
88062 67
88102 68
88128 69
88138 70
88186 69
88267 70
88344 71
88356 70
88363 71
88371 72
88377 71
88408 70
88507 69
88566 70
88595 69
88602 68
88636 67
88659 66
88665 65
88668 66
88683 65
88694 64
88752 63
88755 62
88833 61
88899 62
88905 61
88907 60
88999 61
89022 60
89035 61
89045 62
89063 63
89069 62
89107 61
89116 60
89121 59
89153 60
89177 59
89180 60
89259 59
89269 58
89298 57
89340 58
89363 59
89392 60
89397 61
89403 62
89452 61
89474 62
89497 63
89517 64
89554 64
89584 63
89635 62
89643 63
89667 64
89675 63
89679 64
89697 63
89714 64
89718 65
89757 66
89810 65
89822 64
89831 65
89840 66
89865 67
89907 66
89937 67
89940 68
89974 69
89976 68
90025 69
90027 68
90031 67
90031 66
90074 67
90087 66
90116 65
90207 64
90215 65
90285 66
90286 65
90321 64
90337 65
90414 64
90448 65
90525 66
90534 65
90536 64
90559 65
90652 66
90771 65
90776 66
90847 67
90856 68
90859 69
90862 70
90875 71
90903 72
90906 73
90907 74
90946 75
91011 76
91053 75
91055 76
91079 75
91080 74
91220 75
91280 74
91289 75
91334 74
91366 73
91378 72
91393 71
91435 72
91445 72
91459 71
91487 70
91544 69
91544 68
91575 69
91575 70
91575 71
91611 70
91622 69
91667 68
91771 67
91825 68
91866 67
91898 68
91939 67
91971 68
92002 69
92023 68
92036 67
92086 66
92099 67
92159 66
92204 67
92209 66
92219 67
92253 66
92306 65
92366 66
92399 67
92510 66
92608 67
92612 66
92787 67
92817 68
92887 67
92893 68
92907 69
92911 70
92920 71
92927 70
92935 71
92943 70
92967 71
93026 72
93133 73
93135 72
93210 73
93223 74
93229 73
93233 72
93359 73
93468 74
93567 75
93592 74
93623 75
93687 76
93689 77
93719 78
93749 77
93902 76
93988 75
93997 74
94025 73
94067 74
94087 73
94131 74
94131 75
94151 74
94211 75
94229 76
94239 75
94337 74
94390 73
94431 74
94437 73
94485 74
94495 73
94512 72
94519 71
94675 70
94755 69
94888 70
94946 71
94948 72
94987 73
94990 72
94992 71
95004 70
95048 71
95202 72
95246 73
95307 72
95318 71
95356 70
95424 69
95435 70
95447 71
95517 72
95553 71
95599 72
95607 71
95666 72
95666 73
95736 74
95754 75
95798 74
95838 75
95908 74
96030 73
96050 74
96051 75
96058 76
96115 75
96119 76
96126 77
96143 76
96160 75
96176 74
96181 73
96203 74
96223 73
96241 72
96351 71
96359 70
96388 71
96458 70
96492 69
96536 68
96539 67
96589 66
96601 65
96620 66
96653 65
96708 66
96750 67
96823 68
96847 67
96929 68
96936 69
96939 68
97091 67
97094 68
97145 69
97150 70
97160 71
97205 70
97237 69
97268 68
97331 69
97333 68
97337 69
97407 68
97459 67
97479 68
97479 69
97498 68
97527 67
97532 66
97547 67
97570 66
97606 65
97619 66
97642 67
97671 68
97700 69
97704 68
97755 67
97761 68
97862 68
97894 69
97959 68
97967 69
97969 68
97988 67
98018 68
98023 67
98031 68
98099 69
98135 68
98203 67
98204 66
98247 67
98302 68
98369 69
98455 70
98492 69
98495 68
98498 69
98546 68
98593 67
98667 68
98701 69
98751 68
98753 69
98773 70
98801 69
98855 70
98897 71
98914 70
98922 71
98934 70
98998 69
99024 68
99079 67
99097 66
99167 67
99169 68
99182 67
99198 68
99276 69
99395 68
99418 69
99419 68
99426 69
99451 68
99508 67
99534 66
99595 67
99616 66
99626 67
99631 66
99637 65
99651 66
99659 65
99676 64
99699 65
99703 66
99727 65
99815 66
99840 67
99899 68
99899 69
99908 70
99931 69
99932 68
99935 67
100027 68
100057 69
100151 68
100166 67
100167 66
100181 67
100190 68
100254 69
100303 68
100323 69
100361 70
100382 71
100416 72
100485 73
100574 72
100591 71
100610 70
100619 69
100744 70
100746 71
100781 70
100786 71
100799 72
100846 71
100871 72
100878 71
101053 70
101144 69
101177 70
101211 69
101254 70
101255 71
101255 72
101264 71
101276 70
101299 71
101355 72
101412 71
101463 72
101463 73
101484 74
101559 75
101656 76
101660 75
101665 74
101716 73
101718 72
101755 71
101866 70
101872 69
101877 68
101923 67
101967 66
101992 67
102025 66
102059 67
102071 68
102103 67
102173 66
102185 65
102259 66
102276 67
102303 68
102319 67
102344 68
102360 69
102428 68
102445 69
102466 68
102491 67
102548 68
102583 69
102749 68
102762 69
102779 70
102807 71
102855 72
102882 71
102917 70
102954 69
102968 70
103001 71
103001 72
103012 73
103036 72
103125 73
103132 72
103230 73
103255 72
103329 71
103331 72
103363 73
103379 72
103399 71
103424 72
103554 71
103569 70
103614 69
103627 68
103658 69
103677 68
103711 67
103771 68
103779 67
103794 68
103807 69
103819 68
103877 67
103879 68
103889 69
103915 68
103955 69
104004 70
104091 69
104150 68
104202 69
104207 70
104319 69
104323 68
104325 69
104468 68
104469 69
104563 69
104564 70
104607 71
104731 72
104731 73
104741 72
104744 73
104758 72
104795 71
104834 72
104847 71
104918 72
104921 71
104971 70
104971 69
105048 70
105155 69
105171 70
105178 69
105239 70
105239 71
105246 70
105259 69
105280 70
105386 69
105389 70
105405 71
105435 70
105582 69
105631 68
105687 67
105803 68
105810 69
105860 70
105873 71
105935 70
105935 69
106023 70
106075 71
106107 70
106159 71
106160 70
106164 71
106171 70
106187 71
106191 72
106212 73
106259 72
106318 71
106340 70
106392 69
106423 68
106427 67
106436 66
106436 65
106580 66
106603 65
106659 64
106695 65
106705 64
106734 65
106803 66
106885 65
106907 64
106962 65
107001 66
107009 67
107010 68
107063 67
107078 66
107078 65
107093 64
107102 65
107125 66
107163 65
107163 66
107190 67
107203 68
107458 69
107472 70
107494 71
107497 70
107504 69
107520 70
107526 71
107612 70
107627 71
107635 70
107683 71
107720 70
107720 69
107769 70
107869 69
107902 68
107961 69
107969 70
107980 71
107981 72
108039 71
108163 72
108166 73
108172 74
108239 73
108246 72
108351 73
108368 72
108390 71
108395 70
108428 71
108431 70
108496 71
108521 70
108563 71
108571 72
108578 73
108584 74
108659 75
108682 76
108720 75
108733 74
108743 73
108911 72
108913 71
108945 70
108967 69
109041 70
109042 71
109083 70
109153 69
109176 68
109290 69
109323 68
109354 69
109379 68
109432 69
109440 70
109442 69
109475 68
109492 69
109582 70
109596 71
109597 72
109598 71
109627 70
109653 71
109708 72
109735 71
109826 72
109944 71
109989 72
110001 73
110006 74
110013 75
110058 74
110087 75
110154 76
110252 77
110263 78
110416 77
110471 76
110507 75
110561 74
110567 73
110594 74
110597 73
110721 72
110723 71
110751 70
110755 69
110781 68
110807 67
110874 66
110920 65
111033 66
111067 67
111111 66
111151 67
111155 68
111155 67
111183 68
111213 67
111224 68
111241 67
111253 66
111312 65
111330 66
111331 67
111354 68
111369 67
111459 68
111490 67
111502 68
111519 67
111537 66
111610 67
111654 66
111680 67
111701 66
111736 65
111741 64
111775 65
111775 66
111801 67
111809 68
111877 67
111922 68
111939 69
111939 70
111965 69
111967 68
111982 67
111985 68
112015 69
112044 68
112110 69
112111 70
112184 69
112212 68
112263 67
112303 66
112310 65
112310 64
112319 63
112336 64
112346 65
112400 66
112409 67
112411 68
112414 67
112460 68
112471 67
112483 66
112579 65
112588 66
112642 67
112673 68
112763 69
112766 68
112776 67
112803 68
112826 69
112867 68
112880 67
112883 66
112899 67
112914 66
112971 67
113017 66
113030 65
113107 66
113183 65
113192 66
113217 65
113242 64
113263 65
113301 66
113449 67
113461 68
113494 67
113519 68
113583 67
113635 66
113660 67
113689 66
113698 65
113717 66
113742 67
113750 66
113795 67
113804 66
113841 65
113915 66
113986 67
114048 68
114065 67
114111 68
114179 69
114221 70
114255 69
114277 68
114281 69
114295 70
114331 71
114338 72
114359 73
114368 74
114489 73
114496 72
114513 73
114525 74
114525 73
114526 72
114596 71
114649 70
114671 69
114686 70
114687 71
114743 72
114895 73
114979 74
115025 73
115063 72
115135 71
115162 70
115175 71
115196 72
115337 71
115376 70
115451 69
115455 70
115481 71
115483 72
115489 73
115491 72
115513 73
115528 74
115566 75
115618 76
115619 77
115678 76
115743 77
115816 76
115857 75
115884 74
115987 73
115996 72
116059 73
116073 74
116107 73
116170 72
116197 71
116238 70
116261 71
116356 70
116471 71
116499 72
116548 71
116612 70
116649 69
116666 70
116675 71
116755 70
116774 71
116784 72
116790 71
116843 70
116865 71
116903 70
116942 71
116943 72
116949 73
117035 74
117047 75
117091 76
117127 75
117166 74
117241 75
117357 74
117377 73
117394 74
117426 73
117433 74
117476 75
117547 74
117592 75
117620 74
117644 73
117654 72
117710 73
117835 72
117877 73
117951 72
118019 71
118058 72
118120 71
118130 72
118245 71
118249 70
118299 69
118341 70
118367 71
118367 72
118379 73
118429 72
118439 73
118532 72
118555 73
118555 74
118619 73
118656 74
118713 73
118766 72
118792 71
118824 72
118899 71
118903 70
118947 69
118967 68
119005 69
119032 70
119048 71
119128 70
119180 69
119217 70
119287 71
119335 70
119382 69
119463 68
119478 69
119491 70
119508 71
119550 70
119573 71
119579 72
119581 73
119641 72
119684 73
119704 72
119704 71
119719 70
119787 69
119793 68
119794 69
119812 68
119855 67
119951 66
119967 65
120024 64
120093 63
120100 64
120121 63
120151 62
120158 63
120184 62
120191 63
120227 62
120227 63
120238 64
120347 63
120400 62
120422 63
120451 62
120455 63
120519 62
120531 61
120547 60
120589 59
120593 60
120603 59
120646 60
120647 61
120831 60
120831 61
120867 62
120879 63
120899 64
120899 65
120975 66
121004 67
121017 68
121021 67
121099 68
121155 69
121172 68
121245 69
121246 70
121261 69
121290 70
121307 71
121327 70
121352 69
121375 70
121408 71
121535 70
121561 71
121637 72
121644 71
121660 72
121707 71
121743 70
121797 71
121835 70
121975 71
122007 72
122007 73
122007 74
122008 75
122031 76
122064 77
122064 78
122117 77
122122 76
122186 75
122227 76
122315 75
122360 76
122360 77
122362 78
122427 77
122445 76
122467 75
122498 74
122566 75
122568 76
122570 77
122585 76
122647 75
122753 74
122758 73
122774 74
122818 73
122838 72
122842 73
122879 72
122899 73
123014 72
123017 71
123079 70
123283 71
123293 70
123306 69
123315 68
123345 67
123351 68
123478 69
123523 68
123547 69
123588 70
123594 69
123663 68
123690 67
123708 68
123763 69
123799 70
123809 71
123820 70
123906 69
123909 68
123915 69
123916 68
123963 67
123972 68
123991 69
124068 68
124100 69
124185 70
124200 71
124203 72
124212 73
124251 72
124319 71
124407 72
124409 73
124445 72
124475 73
124524 72
124553 73
124578 72
124667 73
124759 74
124796 75
124801 76
124876 77
124944 76
125009 75
125017 74
125019 73
125050 74
125055 75
125068 74
125081 73
125135 74
125146 75
125181 74
125228 75
125255 74
125322 73
125369 74
125378 75
125419 74
125576 73
125616 72
125641 73
125765 72
125765 71
125766 72
125775 71
125792 70
125808 69
125897 68
125899 69
125959 70
125971 71
126004 72
126089 71
126234 72
126310 71
126363 70
126367 69
126374 68
126507 67
126534 68
126675 69
126729 70
126730 69
126737 70
126738 71
126753 72
126757 73
126762 74
126764 75
126792 74
126834 75
126991 76
127009 75
127092 74
127119 73
127135 72
127142 71
127192 72
127280 73
127327 72
127351 73
127372 72
127383 71
127439 70
127451 69
127468 70
127555 71
127557 72
127601 71
127619 72
127638 71
127714 70
127764 69
127777 70
127788 71
127843 72
127916 71
127979 72
128009 71
128054 72
128056 71
128121 70
128167 69
128211 70
128255 71
128287 70
128323 71
128333 72
128424 73
128451 72
128699 73
128709 72
128780 73
128810 74
128811 73
128849 72
128859 71
128881 70
128939 71
128948 70
128982 69
128987 68
129049 69
129115 68
129214 67
129235 68
129270 69
129291 68
129318 67
129374 66
129452 67
129453 68
129491 69
129522 68
129551 67
129612 68
129617 69
129625 70
129650 71
129656 72
129656 73
129656 74
129724 75
129741 74
129791 75
129799 74
129819 73
129847 74
129872 75
129940 76
129962 75
129963 74
129967 73
129979 72
129991 71
130063 70
130063 69
130075 68
130087 67
130105 66
130170 65
130171 64
130193 65
130211 64
130227 63
130245 64
130247 65
130278 64
130320 63
130437 64
130515 63
130547 64
130595 63
130598 64
130601 65
130631 66
130689 67
130714 68
130719 67
130863 68
130870 69
130891 68
130951 69
130951 68
130959 69
130959 70
131018 71
131027 72
131034 71
131104 70
131139 71
131167 70
131278 69
131284 68
131367 67
131370 68
131399 69
131446 70
131457 69
131529 68
131600 69
131604 68
131659 69
131668 68
131795 69
131811 70
131885 71
131892 72
131901 73
131948 72
131999 73
132045 74
132051 73
132114 74
132161 73
132168 73
132196 72
132227 73
132315 72
132360 73
132372 74
132414 73
132461 74
132537 73
132590 72
132604 71
132607 72
132641 71
132655 70
132669 69
132690 68
132690 69
132771 68
132777 67
132778 66
132782 65
132783 64
132815 65
132863 64
132935 65
133041 66
133041 65
133047 66
133067 65
133105 66
133201 65
133210 66
133300 67
133334 68
133338 69
133343 70
133358 69
133419 70
133447 71
133499 72
133526 71
133611 72
133748 73
133749 72
133750 73
133769 74
133788 75
133823 74
133851 73
133955 72
133959 71
133993 72
134007 73
134140 74
134238 73
134251 72
134299 71
134305 70
134322 71
134337 70
134395 71
134407 70
134407 69
134421 70
134465 69
134468 68
134511 67
134522 68
134523 69
134548 70
134576 69
134604 70
134620 71
134627 72
134631 71
134763 72
134775 71
134789 72
134801 71
134839 70
134855 69
134864 70
134971 71
134985 70
134999 69
135031 68
135051 67
135107 68
135164 67
135253 66
135309 65
135334 64
135396 65
135465 64
135500 65
135679 64
135696 65
135700 64
135725 65
135769 66
135793 67
135803 68
135806 67
135850 68
135864 67
135922 66
135976 67
136005 68
136005 69
136041 68
136054 69
136112 70
136133 71
136183 70
136225 71
136296 70
136323 71
136350 70
136357 71
136385 70
136422 69
136424 68
136544 69
136582 68
136583 67
136629 68
136736 69
136741 70
136787 69
136809 70
136813 71
136840 70
136894 70
136898 71
136901 72
136927 71
136973 70
136984 69
137031 70
137170 71
137182 70
137259 69
137312 68
137409 69
137410 68
137413 67
137475 66
137501 65
137531 64
137611 63
137650 64
137658 63
137670 64
137679 63
137720 62
137733 61
137792 62
137796 63
137848 62
137879 63
137880 64
137880 65
137882 64
137895 63
138003 64
138071 65
138144 64
138151 65
138168 66
138194 67
138299 66
138304 65
138342 65
138348 64
138366 65
138415 66
138415 67
138425 68
138470 69
138476 70
138492 71
138518 70
138519 69
138539 70
138539 71
138587 70
138603 69
138624 68
138663 67
138712 66
138762 67
138764 66
138809 67
138891 66
138923 67
138924 68
138943 67
138979 68
139027 67
139060 68
139069 67
139091 68
139150 69
139165 68
139171 69
139233 68
139313 67
139328 68
139359 67
139412 66
139555 67
139556 68
139562 69
139573 70
139574 69
139576 68
139578 67
139611 68
139652 69
139666 70
139718 71
139747 72
139755 71
139946 70
139967 71
139974 72
139989 71
140034 72
140050 71
140132 70
140167 71
140172 70
140181 69
140189 70
140205 69
140207 68
140291 67
140305 66
140311 65
140329 64
140375 65
140427 64
140495 63
140499 62
140524 63
140592 64
140620 65
140653 64
140735 65
140736 66
140758 67
140920 68
140921 69
140927 70
140989 69
141017 70
141093 71
141108 72
141172 71
141227 70
141251 69
141306 68
141307 67
141319 66
141358 67
141361 66
141372 65
141376 64
141395 65
141410 66
141439 67
141501 66
141526 65
141559 66
141559 67
141652 66
141661 65
141739 66
141759 65
141807 64
141834 65
141847 66
141853 65
141863 66
141903 67
141920 66
141984 65
142010 64
142023 65
142025 66
142027 67
142164 68
142172 69
142188 68
142219 69
142227 68
142259 67
142265 68
142279 67
142285 68
142287 69
142339 68
142383 69
142404 70
142437 69
142533 68
142582 67
142584 66
142625 65
142658 64
142665 63
142705 64
142718 65
142739 64
142743 63
142758 62
142785 61
142871 60
142919 59
142933 60
142988 59
143037 60
143126 59
143135 60
143154 61
143190 62
143205 63
143248 64
143251 65
143254 64
143254 65
143259 64
143415 65
143427 66
143435 65
143465 66
143471 67
143531 68
143551 69
143556 70
143574 69
143613 70
143683 69
143689 68
143743 69
143777 68
143790 67
143820 68
143828 69
143852 70
143867 69
144048 70
144049 69
144067 68
144130 69
144131 68
144139 69
144155 70
144164 71
144194 70
144303 69
144318 70
144358 71
144433 70
144451 71
144472 72
144479 71
144482 72
144594 71
144663 72
144676 73
144684 74
144721 73
144738 72
144777 71
144787 70
144836 71
144850 70
144880 69
144891 68
144936 69
145085 68
145108 67
145151 66
145160 67
145162 68
145170 67
145212 68
145225 67
145274 66
145305 65
145331 65
145339 66
145344 67
145377 68
145383 69
145467 68
145548 69
145570 68
145633 69
145734 70
145759 69
145827 68
145845 69
145852 70
145868 71
145885 72
145886 71
145906 70
145930 71
145962 70
145995 69
146049 68
146071 69
146087 68
146163 67
146184 68
146244 67
146258 66
146313 65
146331 64
146348 65
146387 64
146395 65
146407 66
146408 67
146483 66
146505 67
146514 66
146572 67
146614 68
146643 69
146649 70
146731 69
146731 68
146733 67
146793 68
146805 69
146847 70
146928 71
146967 70
147011 71
147072 70
147118 69
147120 68
147142 67
147145 68
147152 67
147163 68
147191 67
147218 66
147226 67
147230 68
147295 67
147315 68
147355 69
147369 70
147545 71
147563 70
147606 69
147711 68
147717 67
147736 68
147747 67
147762 68
147766 67
147767 68
147843 67
147855 66
147873 65
147976 66
148043 67
148045 68
148071 69
148075 68
148153 67
148159 68
148229 69
148260 68
148325 69
148388 70
148439 71
148466 72
148466 73
148471 74
148559 73
148567 74
148624 75
148627 74
148666 73
148679 72
148701 71
148799 72
148800 73
148803 72
148842 71
148865 72
148908 73
148984 72
148997 71
149014 72
149161 73
149184 74
149195 75
149203 74
149231 73
149245 72
149251 73
149263 74
149277 73
149319 74
149327 73
149328 72
149374 71
149448 72
149453 73
149476 74
149477 73
149567 74
149675 75
149715 76
149724 77
149731 76
149751 75
149806 74
149931 73
149951 72
149952 71
150074 72
150096 71
150143 72
150233 73
150251 72
150254 71
150257 70
150285 69
150335 70
150711 69
150820 70
150841 71
150841 72
150855 72
150899 73
150907 74
150954 75
150955 76
151061 75
151236 74
151240 75
151248 76
151300 75
151318 74
151338 73
151378 72
151428 73
151447 72
151453 71
151523 72
151541 71
151567 70
151616 69
151619 68
151652 69
151660 70
151718 69
151725 70
151817 69
151868 68
151895 69
151906 68
152017 69
152074 68
152075 67
152080 66
152083 65
152145 64
152185 63
152198 62
152228 63
152231 63
152239 62
152256 63
152259 64
152289 65
152327 66
152344 65
152370 64
152463 65
152477 66
152482 67
152593 66
152677 66
152683 67
152737 66
152751 67
152767 68
152796 67
152804 68
152883 67
152925 68
152933 69
152995 68
153023 69
153065 68
153099 69
153099 70
153108 71
153169 70
153198 69
153312 68
153342 69
153364 70
153365 71
153392 70
153456 69
153466 68
153553 69
153569 68
153625 69
153673 70
153680 71
153682 72
153763 71
153791 70
153803 69
153835 70
153839 71
153939 70
153949 71
153976 70
153987 71
153997 70
154015 69
154070 70
154110 69
154110 70
154176 69
154180 70
154185 71
154216 70
154371 71
154391 70
154503 69
154508 68
154535 67
154543 66
154578 65
154621 66
154654 67
154676 68
154679 67
154772 68
154778 67
154807 66
154839 65
154864 66
154891 65
154903 66
154964 65
154972 64
155000 65
155017 66
155030 67
155072 68
155076 69
155078 70
155177 71
155195 72
155218 71
155231 70
155236 69
155242 70
155299 69
155299 68
155326 67
155364 68
155480 67
155491 68
155491 67
155492 66
155499 67
155508 68
155632 67
155659 68
155670 67
155678 66
155683 65
155713 66
155727 65
155737 64
155744 65
155824 64
155862 65
155910 66
155999 65
156049 64
156051 63
156119 64
156140 63
156172 64
156248 63
156250 64
156252 65
156260 66
156284 67
156296 68
156300 69
156324 70
156367 71
156442 72
156467 71
156477 70
156488 71
156493 70
156494 69
156504 70
156505 69
156558 68
156620 67
156632 66
156657 65
156768 64
156823 65
156849 64
156894 65
156898 66
156938 67
156954 66
156955 67
156958 68
156996 69
157132 70
157134 69
157190 68
157192 67
157215 66
157237 65
157271 66
157275 67
157356 66
157400 65
157410 64
157533 65
157533 66
157659 67
157688 68
157707 67
157736 68
157751 67
157800 66
157820 67
157829 68
157837 69
157848 70
157887 71
158074 72
158079 71
158230 72
158321 73
158335 74
158418 73
158424 74
158432 73
158452 74
158481 75
158528 74
158543 75
158544 74
158545 75
158644 74
158667 73
158711 72
158720 71
158755 70
158771 69
158795 68
158872 67
158902 68
158926 67
158973 66
158994 65
159038 64
159038 65
159040 64
159055 65
159088 64
159107 65
159124 66
159160 67
159273 68
159304 69
159304 70
159314 71
159322 70
159352 69
159439 70
159516 69
159534 70
159539 71
159555 70
159600 71
159640 70
159673 69
159712 68
159712 67
159728 68
159744 69
159753 70
159796 71
159812 72
159916 71
159919 72
159983 73
160027 72
160128 73
160139 74
160143 75
160144 76
160216 75
160263 76
160264 77
160281 78
160293 79
160294 78
160425 77
160596 76
160633 75
160678 74
160760 74
160771 75
160774 76
160780 75
160792 74
160866 75
160870 74
161055 75
161075 74
161109 73
161200 72
161258 71
161356 70
161379 69
161412 70
161441 69
161454 68
161564 67
161586 68
161651 67
161699 68
161776 67
161808 66
161830 67
161840 68
161870 69
161918 70
161995 71
162018 72
162083 71
162102 72
162102 71
162102 72
162190 71
162206 70
162216 71
162217 72
162217 73
162249 72
162401 71
162428 70
162460 69
162491 70
162531 69
162582 68
162620 67
162638 68
162680 69
162690 70
162716 69
162725 68
162763 67
162788 66
162932 66
163057 65
163122 64
163146 65
163146 66
163168 65
163205 66
163292 65
163338 66
163368 67
163444 66
163448 67
163452 66
163657 67
163662 66
163676 65
163696 66
163761 67
163848 68
163901 69
163902 70
163904 71
163904 72
163911 72
163912 73
163912 74
163928 73
163932 72
163963 71
163982 70
164000 71
164044 72
164061 73
164144 72
164155 73
164200 72
164243 73
164266 72
164284 71
164308 70
164315 71
164342 70
164396 69
164405 68
164412 69
164419 68
164420 67
164469 68
164551 67
164591 66
164608 65
164622 64
164680 65
164682 66
164692 65
164773 66
164778 65
164784 64
164798 63
164806 64
164852 65
164936 64
164942 63
164966 64
164969 65
164973 64
164977 65
165100 66
165132 67
165168 68
165218 69
165232 68
165348 69
165390 70
165399 69
165400 70
165529 69
165561 70
165579 71
165610 72
165676 73
165686 74
165737 75
165780 76
165790 75
165865 76
165974 77
165998 78
166119 77
166209 76
166232 75
166242 74
166313 73
166387 72
166442 71
166456 72
166464 71
166478 70
166532 69
166566 70
166590 71
166684 70
166745 69
166768 70
166784 71
166857 72
167041 71
167084 70
167113 69
167138 68
167152 67
167212 68
167216 69
167286 68
167291 69
167297 68
167350 69
167352 70
167358 71
167424 72
167516 73
167576 72
167692 73
167692 74
167697 75
167728 74
167792 75
167864 74
167899 75
167903 76
167939 75
167939 74
167941 73
167941 72
167942 71
167964 70
168006 69
168049 70
168063 71
168064 72
168100 71
168128 70
168184 69
168206 68
168227 69
168300 68
168388 67
168551 66
168566 65
168591 64
168625 65
168664 66
168741 65
168748 66
168812 65
168815 66
168843 67
168849 68
168886 67
168953 68
168993 69
169024 69
169035 68
169040 69
169079 70
169086 69
169089 70
169128 69
169136 70
169202 69
169252 68
169316 69
169364 70
169474 71
169491 70
169513 71
169516 72
169605 71
169656 72
169679 73
169693 74
169696 75
169706 74
169711 75
169818 76
169869 75
169944 74
169952 73
169985 74
170035 75
170090 74
170111 75
170144 74
170158 73
170187 72
170268 71
170300 70
170308 69
170374 70
170374 71
170496 70
170503 69
170561 68
170600 67
170673 68
170715 69
170719 70
170757 71
170788 70
170812 71
170913 70
170916 71
170936 72
171044 73
171120 72
171160 71
171300 70
171320 71
171332 72
171355 71
171381 70
171388 69
171389 68
171410 67
171426 66
171504 67
171560 66
171577 65
171612 64
171629 63
171670 62
171732 63
171733 64
171792 63
171812 64
171812 65
171820 66
171824 66
171856 67
171856 66
171863 65
171876 64
171926 65
171943 66
171974 65
171984 64
171999 63
172105 62
172161 61
172168 62
172168 63
172196 64
172210 63
172230 62
172252 63
172254 64
172264 63
172264 64
172278 65
172289 64
172343 65
172351 64
172359 65
172364 66
172432 67
172460 66
172464 67
172503 66
172616 65
172649 64
172687 65
172700 64
172710 65
172721 66
172732 67
172765 68
172812 69
172842 68
173060 69
173067 70
173100 69
173104 70
173132 71
173149 70
173239 71
173243 72
173265 71
173270 72
173304 71
173321 70
173321 69
173331 70
173459 69
173528 70
173538 71
173561 70
173618 69
173692 70
173692 69
173733 70
173739 70
173740 69
173748 70
173804 69
173870 70
173887 71
173935 70
173940 69
173952 70
174151 69
174188 70
174304 71
174308 72
174310 73
174341 74
174455 75
174479 74
174511 73
174524 72
174544 73
174560 72
174604 71
174621 70
174629 69
174687 70
174723 69
174784 68
174791 69
174814 68
174892 69
174997 68
175080 69
175083 70
175108 71
175146 70
175204 71
175204 72
175389 71
175389 70
175401 69
175417 68
175450 67
175465 68
175549 69
175554 68
175617 69
175624 68
175656 69
175665 68
175844 67
175855 68
175872 69
175883 70
175886 71
175889 70
175924 69
176022 70
176186 69
176208 70
176228 69
176299 68
176336 67
176345 68
176350 69
176351 70
176389 71
176409 72
176452 73
176452 74
176457 73
176458 72
176494 73
176516 72
176542 71
176567 72
176705 73
176714 72
176728 73
176748 72
176803 71
176813 72
176824 71
176872 70
177015 71
177067 70
177133 69
177141 68
177179 67
177264 68
177264 69
177310 68
177404 67
177470 68
177509 67
177514 68
177526 67
177526 68
177556 69
177604 70
177624 69
177684 68
177696 69
177698 70
177728 71
177744 72
177747 71
177752 70
177961 69
177999 68
178012 67
178022 68
178041 69
178128 68
178168 69
178175 70
178195 71
178375 72
178416 73
178430 72
178448 73
178469 72
178508 73
178510 74
178539 75
178564 74
178684 73
178694 72
178723 73
178728 74
178732 75
178828 76
178831 75
178862 74
178904 73
178910 72
178968 73
178985 72
178986 71
178999 70
179044 69
179064 70
179068 69
179136 68
179152 67
179261 66
179304 65
179319 64
179340 65
179344 66
179412 65
179415 64
179424 63
179468 62
179539 61
179544 62
179606 63
179649 64
179667 63
179680 64
179724 65
179726 66
179784 65
179809 64
179813 65
179814 64
179823 63
179973 64
179984 65
180057 64
180084 63
180096 62
180121 63
180133 62
180136 63
180162 62
180228 63
180270 64
180336 65
180416 64
180492 65
180523 66
180546 65
180573 66
180592 67
180593 66
180598 67
180619 66
180682 65
180717 66
180738 67
180738 68
180742 69
180750 70
180845 71
180851 70
180860 71
180888 72
180932 73
180953 74
180977 75
181012 74
181094 75
181112 74
181134 73
181183 72
181184 71
181283 70
181340 71
181348 70
181364 69
181377 68
181384 67
181385 68
181424 67
181448 66
181449 65
181488 66
181500 65
181542 66
181605 65
181605 64
181608 63
181611 62
181623 63
181640 62
181669 63
181813 64
181847 65
181850 66
181852 67
181883 68
181926 69
181948 70
181966 69
181978 70
182018 69
182060 68
182079 69
182114 68
182124 67
182188 68
182219 69
182232 70
182268 69
182282 68
182315 69
182342 70
182352 69
182356 70
182407 69
182411 70
182473 71
182522 72
182565 71
182627 70
182649 69
182695 70
182729 71
182754 70
182773 69
182843 68
182907 69
182920 68
183036 67
183073 68
183158 67
183179 68
183199 67
183382 66
183405 67
183406 68
183412 67
183444 68
183452 67
183702 68
183716 69
183744 70
183755 69
183757 68
183796 69
183868 70
183883 69
183919 70
183927 69
183946 68
183948 67
183964 68
183999 67
184033 68
184100 69
184141 70
184176 69
184205 68
184243 67
184252 68
184252 67
184253 66
184253 67
184332 68
184424 67
184495 68
184500 69
184510 68
184522 69
184648 70
184735 69
184752 70
184815 71
184825 70
184866 71
184904 70
184966 71
184969 72
185076 71
185172 72
185180 71
185180 70
185276 69
185309 68
185382 67
185418 66
185428 65
185461 66
185472 67
185476 68
185570 67
185578 68
185584 69
185589 70
185707 71
185721 70
185755 69
185804 70
185811 69
185834 70
185873 71
185946 70
186010 71
186046 70
186104 69
186113 70
186148 71
186244 72
186272 73
186283 72
186320 71
186370 70
186391 69
186445 68
186464 69
186484 68
186487 67
186548 66
186567 65
186655 66
186709 67
186718 68
186760 67
186828 66
186832 65
186834 66
186942 67
186964 66
186996 67
187017 68
187059 69
187120 68
187164 69
187173 70
187204 69
187267 68
187271 67
187304 68
187325 67
187364 66
187394 67
187470 68
187500 69
187502 70
187507 71
187579 70
187663 69
187740 70
187748 69
187773 68
187798 67
187921 68
188000 69
188002 70
188013 71
188016 72
188064 71
188069 72
188276 73
188301 72
188350 73
188353 74
188391 75
188410 76
188415 75
188432 74
188433 73
188512 74
188521 75
188524 76
188613 77
188708 76
188725 75
188728 74
188751 75
188772 74
188862 73
188862 72
188916 71
188956 70
188961 69
188998 68
189004 69
189029 68
189041 67
189043 68
189051 67
189074 66
189106 67
189107 66
189108 65
189128 66
189168 67
189298 68
189404 67
189445 68
189466 67
189498 68
189520 67
189531 66
189565 67
189567 68
189568 69
189580 70
189588 69
189684 68
189688 69
189825 68
189844 69
189853 68
189915 69
189948 68
189976 67
190003 66
190013 67
190047 68
190128 67
190132 68
190144 69
190152 70
190157 69
190205 68
190212 69
190219 68
190265 67
190299 68
190400 69
190439 68
190452 67
190501 68
190502 69
190528 70
190542 71
190569 72
190583 71
190719 70
190731 69
190756 68
190774 69
190776 70
190822 71
190843 70
190844 71
190868 70
190869 71
190912 72
190920 71
190952 72
191176 73
191179 72
191230 71
191285 70
191299 69
191341 70
191365 69
191382 70
191390 69
191447 70
191512 69
191524 70
191529 71
191557 72
191619 71
191643 72
191684 71
191701 72
191743 71
191783 70
191793 71
191802 72
191842 73
191976 72
192048 71
192200 72
192238 71
192245 72
192245 71
192271 72
192287 71
192372 70
192464 71
192464 72
192481 73
192493 73
192502 74
192504 75
192505 76
192598 77
192638 76
192676 75
192748 74
192764 75
192832 74
192844 73
192869 72
192892 73
192906 72
192940 73
192968 72
193016 73
193035 72
193044 71
193068 72
193149 71
193154 72
193223 73
193225 72
193394 71
193500 70
193512 69
193534 68
193584 67
193688 68
193767 69
193797 68
193816 67
193824 68
193859 67
193925 68
193956 69
193956 68
193958 69
193983 68
193992 67
194001 68
194031 69
194133 68
194143 67
194166 68
194232 67
194304 68
194386 67
194396 66
194444 67
194472 68
194474 69
194580 70
194606 69
194619 68
194657 67
194704 68
194716 69
194718 68
194719 67
194755 66
194784 67
194806 66
194897 67
194915 68
194920 69
194950 69
194988 70
194989 69
194996 68
195018 69
195048 70
195194 71
195205 72
195215 71
195300 72
195328 71
195330 72
195359 71
195363 70
195513 71
195557 72
195563 73
195720 72
195768 73
195774 74
195809 75
195872 76
195892 75
195915 74
196032 73
196048 74
196076 75
196160 74
196249 73
196250 74
196260 73
196332 72
196334 71
196440 70
196460 71
196462 70
196506 69
196524 68
196561 67
196564 66
196566 67
196592 66
196605 65
196609 64
196609 63
196892 62
196959 63
196983 64
197036 65
197062 64
197158 65
197176 64
197189 65
197189 66
197197 65
197229 66
197240 65
197260 66
197341 67
197408 68
197436 69
197460 70
197463 71
197463 72
197494 73
197537 72
197559 73
197565 72
197596 71
197598 70
197607 69
197618 70
197649 71
197737 70
197752 69
197815 68
197844 67
197845 68
197880 69
197890 68
197909 67
197912 66
197958 67
197960 68
198032 68
198250 67
198273 66
198275 65
198300 64
198311 63
198325 64
198340 65
198341 66
198370 67
198427 66
198485 65
198497 66
198565 67
198565 68
198566 69
198753 70
198756 71
198774 70
198801 69
198816 68
198817 67
198870 66
198899 67
198928 66
198962 67
199024 66
199074 67
199080 66
199084 67
199090 68
199097 69
199112 70
199120 69
199127 70
199162 69
199180 70
199182 71
199188 72
199223 73
199224 72
199233 71
199548 72
199550 73
199598 72
199619 73
199666 72
199737 71
199757 70
199804 69
199808 68
199842 69
199878 70
199898 71
