0 0
0 0
70 1
113 2
195 3
214 3
273 4
290 4
296 5
300 6
328 7
340 8
341 9
426 10
614 10
642 11
658 12
705 12
736 11
764 11
840 12
890 13
957 14
982 14
996 14
998 14
1001 15
1030 15
1030 16
1038 17
1098 18
1152 17
1165 18
1298 18
1334 18
1339 19
1358 20
1424 21
1429 22
1437 23
1485 24
1496 25
1574 25
1586 25
1597 26
1614 26
1642 25
1649 25
1654 25
1671 25
1899 24
1942 24
1990 25
1992 26
1999 27
2008 27
2060 28
2097 29
2195 30
2202 31
2210 31
2265 31
2290 31
2303 30
2390 31
2430 32
2433 33
2438 32
2511 33
2512 34
2551 34
2603 33
2609 32
2616 32
2629 31
2679 32
2716 33
2746 34
2775 33
2842 34
2843 35
2916 34
3021 35
3068 35
3102 36
3103 37
3115 38
3122 38
3186 39
3278 38
3313 39
3313 40
3330 40
3375 39
3415 39
3456 40
3464 41
3486 42
3526 43
3529 42
3788 43
3826 42
3967 42
4022 43
4023 44
4070 45
4108 46
4117 46
4143 46
4214 47
4250 47
4280 47
4340 47
4362 46
4386 46
4388 46
4446 46
4450 45
4478 46
4493 47
4510 46
4626 47
4662 47
4678 46
4722 47
4730 46
4732 46
4741 46
4761 46
4784 47
4806 48
4834 49
4902 50
4902 51
4930 52
5008 52
5159 52
5169 52
5176 53
5226 54
5246 53
5277 54
5316 55
5388 56
5389 57
5392 58
5494 59
5602 60
5663 61
5685 61
5719 60
5774 59
5803 59
5817 58
5834 57
5870 58
5874 57
5907 57
5940 57
5977 58
6036 59
6050 58
6070 59
6075 60
6093 59
6288 58
6434 57
6447 56
6448 56
6486 56
6491 56
6503 55
6511 54
6512 53
6534 54
6562 54
6595 53
6650 52
6677 53
6691 54
6742 55
6757 55
6818 54
6841 54
6852 54
6853 53
6924 54
6929 55
6943 56
6974 55
6990 56
7006 56
7011 57
7061 58
7069 57
7085 58
7087 58
7122 59
7159 58
7165 57
7181 56
7197 55
7207 56
7211 57
7236 56
7303 57
7338 58
7345 59
7370 60
7372 61
7380 60
7410 59
7470 60
7483 61
7510 62
7589 61
7593 62
7595 61
7604 62
7627 63
7690 64
7696 63
7702 64
7702 65
7758 66
7883 65
7896 66
7927 65
8002 64
8047 65
8055 64
8060 65
8098 66
8110 65
8119 66
8127 67
8206 66
8225 67
8227 68
8368 67
8381 68
8430 67
8450 66
8517 67
8628 68
8714 67
8718 68
8718 69
8739 68
8741 67
8766 68
8953 67
9057 68
9071 67
9082 66
9083 65
9087 64
9114 63
9118 62
9123 63
9126 64
9140 63
9154 62
9191 63
9229 64
9279 64
9309 63
9312 62
9398 63
9422 64
9434 65
9439 64
9492 63
9735 62
9742 63
9752 64
9765 63
9783 64
9787 65
9838 64
9846 65
9872 66
9923 65
9967 66
9997 67
10021 68
10026 67
10030 66
10068 65
10108 64
10121 63
10216 64
10217 65
10322 66
10388 65
10394 66
10408 67
10416 68
10424 67
10438 68
10441 69
10442 70
10469 70
10532 71
10554 70
10573 69
10602 70
10670 71
10747 70
10826 69
10845 70
10852 71
10873 70
10874 71
10951 70
10967 71
11009 72
11013 71
11111 72
11192 73
11302 74
11467 75
11551 74
11581 73
11583 74
11616 73
11674 73
11699 74
11776 73
11794 74
11886 73
11983 72
12007 71
12038 70
12068 71
12090 70
12182 69
12203 68
12214 67
12262 68
12390 69
12408 68
12419 67
12665 66
12691 67
12747 68
12754 67
12791 68
12801 67
12900 68
12963 69
12981 68
13000 69
13018 70
13104 69
13140 70
13142 71
13169 70
13190 69
13222 70
13256 71
13274 70
13301 69
13386 68
13397 69
13407 70
13409 69
13458 70
13548 69
13600 70
13627 69
13668 70
13755 69
13766 68
13842 69
13860 68
13868 67
13925 68
14002 67
14043 68
14047 67
14047 66
14061 67
14061 66
14105 67
14209 66
14226 67
14241 66
14290 65
14334 66
14348 67
14359 68
14359 69
14363 70
14394 71
14464 70
14470 71
14525 70
14542 71
14567 70
14612 69
14651 70
14757 69
14761 70
14774 71
14825 70
14885 71
14918 70
14920 69
15002 68
15003 67
15005 68
15056 69
15103 70
15106 71
15183 70
15199 69
15214 70
15253 71
15447 70
15452 69
15479 70
15510 69
15530 70
15532 71
15532 72
15543 73
15553 72
15662 71
15722 70
15788 69
15823 68
15895 67
15914 68
15924 69
15942 68
15946 67
15978 66
16007 65
16023 66
16024 67
16034 66
16209 65
16218 66
16235 67
16257 68
16551 69
16552 70
16564 69
16588 70
16642 71
16649 72
16660 71
16695 72
16706 71
16707 70
16729 69
16790 68
16794 67
16833 66
16958 67
16960 68
16997 67
17038 68
17125 67
17148 66
17154 67
17156 68
17161 69
17162 70
17258 71
17338 70
17342 69
17362 68
17415 69
17433 68
17460 69
17461 70
17470 69
17474 68
17527 67
17533 66
17538 65
17547 66
17570 65
17576 64
17646 65
17661 66
17727 65
17798 64
17858 63
17882 64
17927 65
17961 66
17970 65
17994 66
18008 65
18010 64
18030 65
18112 64
18159 65
18169 64
18171 65
18190 64
18211 65
18249 66
18310 65
18311 64
18352 63
18438 62
18459 63
18460 64
18470 65
18472 66
18572 67
18573 68
18574 69
18578 70
18642 71
18675 72
18718 73
18751 72
18779 73
18813 74
18813 75
18889 74
18972 73
18980 74
19045 75
19090 74
19095 73
19099 72
19133 73
19277 74
19346 75
19353 74
19398 73
19442 72
19588 71
19588 70
19619 69
19652 70
19671 69
19671 68
19835 67
19850 66
19864 67
19869 68
19883 67
19895 66
19912 65
19970 66
20073 67
20145 68
20166 67
20194 68
20282 69
20343 68
20418 69
20421 70
20457 69
20486 70
20502 69
20505 70
20599 71
20635 70
20644 71
20651 72
20749 72
20755 73
20758 72
20760 73
20782 72
20790 73
20833 72
20934 71
20943 70
20990 69
21060 70
21092 71
21147 72
21169 71
21214 70
21224 69
21242 70
21319 69
21367 68
21460 67
21468 68
21481 67
21486 66
21514 65
21552 64
21558 65
21560 66
21562 67
21570 68
21570 69
21663 68
21706 67
21723 68
21738 69
21739 70
21822 71
21880 72
21899 73
21902 74
21915 73
21964 72
21994 71
22005 72
22029 73
22046 72
22095 71
22096 70
22113 71
22146 70
22150 71
22211 70
22254 69
22282 70
22335 71
22342 70
22416 69
22432 68
22441 67
22478 66
22561 65
22605 64
22678 63
22721 62
22751 63
22860 62
22879 63
22882 62
22897 61
22900 62
22921 63
22966 62
23043 63
23046 64
23102 63
23110 64
23130 63
23135 62
23206 63
23213 64
23277 65
23279 64
23322 65
23333 66
23342 67
23375 66
23410 67
23475 68
23478 67
23481 66
23526 67
23526 68
23534 69
23534 70
23613 71
23630 70
23646 71
23647 72
23790 71
23832 70
23904 69
23929 70
23946 71
23955 70
23997 69
24012 68
24058 69
24099 68
24106 67
24123 66
24146 65
24218 64
24258 63
24290 64
24308 63
24360 64
24375 65
24382 64
24510 65
24537 66
24642 67
24662 68
24721 67
24770 68
24778 69
24834 68
24845 67
24888 68
24891 67
24921 68
24947 67
25007 68
25063 67
25084 68
25090 67
25108 66
25127 65
25184 64
25221 65
25233 64
25247 63
25294 64
25302 65
25381 64
25395 65
25399 64
25490 65
25493 64
25501 65
25509 66
25546 65
25570 66
25574 65
25575 66
25678 67
25678 68
25685 69
25699 70
25699 69
25710 68
25718 69
25732 68
25907 67
25991 66
25997 67
26002 68
26018 69
26080 68
26137 67
26156 66
26212 65
26251 66
26254 67
26259 68
26260 69
26264 70
26267 71
26374 70
26408 69
26428 68
26479 67
26577 66
26639 65
26658 66
26737 65
26742 64
26768 65
26859 64
26866 63
26868 62
26873 63
26884 64
27010 65
27016 66
27022 67
27024 68
27031 67
27036 68
27053 69
27086 68
27098 67
27151 66
27226 65
27258 66
27270 67
27280 68
27284 69
27307 68
27331 67
27368 66
27375 65
27379 64
27418 63
27422 62
27430 61
27482 62
27495 63
27596 64
27687 65
27689 64
27693 63
27729 64
27758 63
27766 62
27828 63
27833 64
27835 65
27929 66
27953 65
27964 66
28026 67
28142 68
28162 69
28165 70
28170 71
28247 70
28322 69
28336 70
28362 69
28390 70
28392 69
28394 70
28428 69
28439 70
28443 69
28568 68
28579 69
28603 70
28630 71
28643 70
28647 71
28720 70
28770 69
28799 70
28808 71
28915 70
28927 69
28930 68
28934 69
28950 68
29007 67
29013 68
29041 69
29051 68
29204 67
29216 68
29230 67
29243 68
29245 67
29317 66
29331 67
29399 68
29462 67
29563 68
29574 67
29613 66
29635 67
29646 68
29666 69
29704 68
29729 67
29750 66
29846 65
29851 64
29881 63
29895 64
29899 63
29913 64
29915 65
30003 66
30011 65
30012 64
30064 63
30094 62
30141 63
30141 64
30177 65
30205 64
30238 65
30251 66
30258 67
30273 66
30285 65
30289 64
30291 65
30324 66
30347 65
30358 66
30360 65
30364 64
30364 63
30366 62
30366 62
30367 62
30368 62
30423 61
30423 60
30519 59
30534 60
30547 59
30588 58
30634 57
30635 58
30637 57
30643 56
30651 57
30651 56
30652 57
30653 56
30662 55
30671 54
30799 55
30802 56
30813 57
30824 57
30827 58
30932 59
30932 59
30955 58
31011 57
31045 58
31064 59
31103 60
31174 59
31176 58
31186 59
31206 58
31218 57
31225 56
31226 57
31227 56
31230 56
31232 55
31256 56
31319 56
31321 55
31322 56
31323 55
31323 55
31323 54
31328 54
31330 54
31357 55
31365 54
31365 54
31366 55
31366 55
31366 54
31387 53
31392 54
31397 53
31526 54
31572 55
31580 56
31602 55
31604 56
31605 55
31607 54
31630 53
31631 52
31649 53
31714 54
31823 53
31831 54
31840 53
31845 54
31863 53
31866 52
31910 53
31926 54
31947 55
31950 55
32007 56
32011 57
32013 57
32013 57
32016 56
32016 55
32017 55
32018 54
32019 53
32021 52
32022 52
32023 53
32023 54
32026 53
32082 52
32105 51
32115 52
32142 53
32177 54
32189 55
32196 54
32215 55
32225 55
32229 55
32229 56
32230 57
32240 56
32272 57
32283 58
32338 59
32351 60
32355 59
32355 59
32358 60
32392 59
32392 58
32403 57
32449 58
32459 59
32469 58
32471 57
32471 56
32471 55
32472 55
32500 54
32528 55
32559 56
32570 57
32574 56
32601 57
32610 58
32675 59
32681 58
32682 57
32685 56
32689 55
32707 54
32730 53
32731 53
32731 52
32731 52
32806 53
32847 52
32862 53
32873 52
32876 53
32913 54
32913 55
32915 54
32972 55
32986 56
32995 57
33007 58
33040 59
33061 60
33063 59
33089 58
33094 57
33097 58
33107 58
33129 57
33138 58
33139 59
33147 59
33147 58
33147 57
33195 58
33215 57
33223 58
33232 57
33232 57
33232 56
33232 55
33232 56
33232 55
33233 54
33233 53
33233 52
33237 51
33239 50
33247 51
33255 50
33260 49
33290 48
33305 49
33331 50
33339 49
33386 50
33387 51
33394 52
33396 53
33434 52
33448 51
33486 50
33511 51
33514 50
33523 51
33523 52
33527 51
33527 52
33565 52
33575 53
33579 54
33587 53
33600 52
33619 53
33627 52
33670 53
33687 54
33727 55
33800 54
33811 55
33868 56
33868 57
33875 56
33896 57
33907 58
33908 59
33921 58
33944 57
33975 58
33988 59
34003 60
34011 61
34067 60
34070 61
34087 62
34098 63
34113 64
34199 65
34211 66
34275 65
34291 66
34291 67
34303 66
34403 67
34436 68
34450 67
34467 66
34471 67
34501 66
34521 67
34529 66
34563 67
34635 68
34699 67
34703 68
34751 69
34759 70
34832 71
34838 72
34879 71
34911 72
34967 73
34981 72
35087 73
35090 74
35094 75
35120 74
35179 73
35439 74
35508 73
35509 74
35536 73
35551 74
35557 73
35740 74
35791 75
35799 74
35923 73
35943 74
35947 73
36011 74
36214 75
36282 74
36351 75
36716 76
36911 75
37087 74
37107 75
37177 74
37203 75
37204 76
37501 77
37531 76
37603 77
37603 78
37623 77
37795 78
37872 77
37882 76
37904 75
37986 74
38041 73
38057 72
38088 71
38090 70
38216 69
38278 68
38391 67
38427 68
38522 67
38535 68
38566 69
38580 70
38609 69
38653 70
38662 71
38665 70
38723 71
38780 70
38811 69
38838 68
38877 67
38920 66
39004 65
39015 64
39037 63
39055 64
39122 65
39122 66
39249 67
39381 68
39398 69
39402 70
39420 69
39427 70
39430 71
39472 70
39492 69
39504 68
39522 69
39539 70
39545 69
39561 70
39563 71
39566 70
39590 71
39634 70
39636 71
39660 72
39705 71
39731 72
39781 71
39889 70
39899 69
39909 68
39939 67
39984 66
39990 65
39991 64
39992 63
40015 62
40039 61
40087 60
40099 61
40123 60
40142 59
40145 58
40147 57
40199 56
40215 55
40231 54
40237 55
40241 56
40254 55
40255 56
40345 57
40369 56
40428 55
40456 56
40461 55
40491 54
40540 55
40552 56
40559 57
40564 58
40575 59
40579 60
40583 61
40593 62
40612 63
40619 62
40623 61
40635 62
40640 63
40641 62
40651 61
40659 60
40671 59
40693 58
40697 57
40718 58
40774 57
40795 56
40795 55
40803 56
40826 57
40842 58
40861 57
40868 56
40872 55
40880 56
40891 55
40906 56
40947 57
40973 56
41001 55
41001 54
41028 53
41038 52
41100 53
41154 54
41171 55
41202 56
41224 57
41264 56
41266 57
41267 58
41298 57
41321 58
41323 59
41350 60
41357 59
41391 60
41405 61
41431 62
41431 63
41475 64
41475 65
41482 66
41503 67
41522 66
41541 67
41600 68
41605 69
41619 68
41649 69
41684 68
41735 69
41744 70
41771 69
41775 70
41800 69
41811 68
41892 67
41924 66
41925 67
41928 67
41932 68
41934 69
41968 70
41991 69
42023 68
42046 67
42077 68
42105 69
42138 70
42397 71
42411 70
42444 71
42452 72
42555 71
42556 72
42586 71
42591 72
42601 71
42613 72
42681 71
42687 70
42758 69
42903 70
42926 69
43011 70
43124 71
43151 72
43241 71
43276 72
43307 73
43368 74
43391 73
43410 74
43439 75
43481 74
43503 73
43575 74
43715 75
43793 76
43834 77
43908 76
43965 75
44038 74
44082 73
44131 72
44219 71
44309 72
44344 73
44483 74
44523 75
44542 74
44544 73
44546 72
44609 71
44649 72
44667 71
44680 70
44777 71
44875 70
44879 71
44991 72
45116 73
45117 74
45274 75
45327 76
45448 75
45501 76
45526 75
45629 74
45635 73
45737 74
45743 75
45765 74
45771 75
45799 76
45971 75
45996 76
46039 75
46041 74
46075 75
46088 74
46096 75
46144 76
46211 77
46236 76
46236 75
46260 74
46266 73
46301 72
46369 71
46479 70
46483 69
46486 68
46503 67
46534 68
46542 69
46543 70
46547 69
46591 68
46612 67
46817 68
46828 67
46931 66
46939 67
46947 66
46996 67
47007 68
47094 69
47123 68
47139 69
47203 68
47239 69
47291 70
47297 71
47298 72
47302 73
47321 74
47367 75
47433 74
47436 75
47457 74
47493 73
47545 72
47546 71
47574 72
47583 71
47591 72
47633 71
47683 70
47703 69
47708 68
47741 67
47940 66
47954 65
47961 64
48031 63
48057 62
48071 61
48071 60
48127 61
48171 62
48191 61
48223 60
48260 61
48267 60
48297 61
48299 60
48311 61
48337 60
48355 61
48382 62
48427 61
48428 60
48434 59
48446 60
48482 59
48508 60
48511 61
48564 62
48572 63
48587 62
48607 61
48616 62
48655 63
48847 64
48895 65
48908 64
48915 65
48967 66
48988 67
49103 66
49151 67
49165 66
49183 65
49218 66
49282 65
49318 64
49351 63
49358 62
49372 63
49382 64
49383 65
49383 66
49393 67
49408 66
49420 67
49465 68
49479 69
49479 70
49483 71
49500 70
49512 71
49518 70
49535 71
49546 70
49640 71
49725 72
49769 73
49795 74
49839 73
49861 72
49899 71
49915 70
49924 69
49960 68
49968 69
50029 68
50035 67
50051 66
50069 65
50089 64
50094 63
50098 64
50145 65
50147 66
50169 65
50274 66
50329 65
50344 64
50347 65
50371 66
50509 67
50527 68
50530 67
50654 66
50659 65
50662 66
50688 65
50802 66
50825 67
50847 66
50859 65
50866 66
50867 67
50892 66
50916 67
50922 66
50943 65
50952 66
50965 67
51023 68
51087 69
51140 70
51219 69
51306 70
51340 71
51341 72
51378 71
51390 70
51399 69
51471 70
51505 69
51516 68
51618 67
51683 66
51720 67
51786 66
51818 65
51939 66
51939 67
51971 66
51995 67
52020 68
52047 69
52056 68
52126 69
52130 70
52158 71
52179 72
52284 73
52369 74
52416 75
52422 76
52449 77
52453 78
52457 79
52507 78
52511 77
52799 76
52843 77
52870 76
52882 75
52887 74
52899 75
52910 74
52911 75
52918 75
53012 76
53027 75
53074 74
53236 73
53266 74
53326 73
53491 72
53498 73
53559 74
53651 73
53716 72
53783 71
53784 70
53870 69
53887 70
53903 71
53907 70
53953 69
53975 70
53983 71
53984 70
53985 69
54152 70
54155 69
54158 68
54180 69
54272 68
54279 67
54285 68
54327 67
54421 66
54499 67
54532 66
54623 67
54637 68
54684 69
54756 68
54779 69
54793 68
54813 69
54935 70
54957 69
55024 70
55108 69
55130 68
55151 67
55171 68
55178 69
55178 70
55208 71
55241 70
55338 69
55352 70
55375 69
55407 68
55479 69
55511 68
55525 67
55527 66
55536 67
55553 66
55570 67
55627 66
55627 65
55634 64
55656 63
55688 62
55735 63
55825 62
55888 61
55959 62
55967 61
56006 62
56043 61
56099 62
56111 61
56113 60
56117 59
56127 60
56154 61
56162 62
56176 63
56263 64
56270 65
56271 66
56277 67
56331 68
56346 69
56413 70
56413 71
56468 72
56478 73
56567 74
56600 73
56615 72
56623 71
56675 72
56723 71
56746 72
56787 71
56793 72
56799 73
56819 72
56839 71
56840 70
56840 69
56843 68
56859 67
56882 66
56894 67
56971 66
56972 65
57024 66
57104 65
57121 64
57127 63
57141 64
57156 65
57211 66
57228 67
57230 68
57247 67
57294 66
57327 65
57344 64
57383 63
57398 62
57450 63
57473 62
57479 61
57488 60
57512 59
57539 58
57551 59
57556 60
57567 61
57639 62
57739 61
57763 62
57793 61
57995 62
58002 63
58028 64
58032 65
58065 66
58070 67
58174 68
58192 67
58263 66
58264 65
58300 66
58410 65
58415 64
58459 65
58459 66
58469 67
58469 68
58474 69
58552 70
58754 71
58771 70
58780 71
58850 70
58867 69
58872 68
58900 67
58927 68
58927 69
58927 70
58939 71
58948 72
58952 73
59020 74
59020 73
59048 72
59148 71
59239 70
59268 71
59331 72
59375 71
59417 72
59443 71
59461 70
59465 71
59538 70
59561 69
59584 68
59587 69
59640 68
59743 67
59839 66
59942 67
59951 68
60013 69
60040 70
60075 69
60135 70
60142 71
60179 72
60245 71
60254 72
60256 73
60356 72
60381 71
60388 70
60410 69
60411 70
60431 69
60464 68
60479 69
60520 68
60571 67
60659 68
60685 69
60699 70
60703 71
60732 70
60774 69
60825 70
60835 71
60843 70
60844 71
60852 70
60924 69
61054 70
61098 69
61162 68
61191 67
61246 68
61289 69
61291 70
61330 71
61340 70
61341 69
61363 68
61434 69
61435 70
61439 71
61471 70
61491 71
61503 70
61556 71
61571 70
61587 69
61597 68
61602 69
61636 70
61720 69
61723 68
61822 69
61879 68
61944 67
61948 66
62005 65
62008 64
62038 63
62044 64
62047 65
62087 64
62155 65
62234 66
62256 67
62387 68
62387 69
62543 68
62547 69
62600 68
62600 67
62662 68
62691 67
62721 68
62725 69
62783 68
62789 69
62864 68
62888 67
62895 66
62914 67
62924 66
62943 65
63031 64
63044 63
63058 64
63059 65
63067 64
63093 63
63108 62
63158 63
63217 62
63235 61
63236 62
63247 61
63262 60
63285 61
63287 60
63311 61
63376 62
63383 61
63394 62
63404 61
63425 62
63427 63
63537 62
63543 61
63571 62
63618 63
63637 64
63665 65
63679 66
63695 67
63839 68
63847 69
63887 70
63903 69
63955 70
64013 69
64050 70
64052 71
64086 70
64187 71
64199 72
64217 73
64282 74
64283 75
64329 74
64380 73
64385 72
64404 71
64409 70
64447 71
64490 72
64512 71
64567 70
64611 69
64614 70
64634 71
64639 72
64656 71
64714 70
64717 69
64727 68
64802 67
64831 68
64840 69
64923 68
64947 67
64975 66
64979 65
65010 66
65014 67
65054 66
65120 67
65196 68
65279 67
65347 68
65363 67
65417 68
65419 67
65447 68
65452 69
65480 68
65561 69
65615 70
65647 71
65677 70
65726 69
65746 68
65755 69
65912 68
65924 69
65955 68
65960 69
65971 70
66037 71
66058 70
66083 71
66108 72
66158 73
66219 74
66372 75
66408 74
66515 73
66518 74
66525 73
66586 74
66620 75
66633 76
66671 75
66714 76
66730 75
66783 74
66843 73
66871 72
66894 71
66906 70
66952 69
66964 70
67000 69
67003 70
67063 69
67098 68
67166 67
67252 68
67379 69
67434 68
67464 69
67467 70
67491 69
67512 70
67658 71
67661 72
67747 73
67790 72
67807 71
67840 70
67860 69
67881 68
67965 67
67991 66
68005 67
68079 66
68089 67
68243 68
68257 67
68279 68
68371 67
68450 68
68487 69
68495 70
68497 69
68514 68
68571 67
68614 66
68638 67
68664 68
68704 67
68755 68
68776 67
68807 66
68827 67
68876 68
68909 67
68945 66
68978 67
68985 68
68995 69
69027 68
69027 67
69075 68
69083 67
69154 68
69178 67
69300 66
69402 67
69414 66
69495 65
69522 64
69541 65
69562 64
69571 65
69571 66
69637 67
69692 68
69697 69
69701 70
69751 71
69756 72
69814 73
69866 74
69884 75
69975 76
69991 75
70019 76
70080 77
70082 76
70108 75
70109 74
70127 73
70214 72
70215 73
70267 72
70281 71
70406 70
70417 71
70455 70
70491 71
70503 70
70510 71
70545 70
70631 69
70675 68
70723 67
70731 66
70774 67
70875 68
70891 69
70908 68
70915 69
70943 70
70946 71
70983 72
70993 71
71059 70
71073 69
71296 70
71332 69
71393 70
71409 69
71423 70
71467 71
71478 72
71491 73
71530 72
71620 71
71643 70
71684 69
71751 68
71853 69
71868 68
71869 67
71918 66
71963 67
71994 66
72023 65
72048 64
72067 63
72078 62
72081 63
72081 64
72106 65
72118 64
72142 65
72143 64
72160 63
72224 62
72315 63
72315 64
72315 65
72357 66
72367 65
72412 65
72417 66
72426 67
72435 66
72529 65
72558 66
72603 67
72707 66
72714 67
72728 66
72735 65
72836 64
72851 65
72852 66
72859 65
72915 64
72918 63
72923 64
72940 65
72979 64
72982 65
73000 64
73090 65
73090 64
73126 65
73131 66
73134 67
73153 68
73167 69
73173 68
73231 67
73304 68
73312 67
73509 66
73518 65
73552 66
73568 67
73568 68
73586 69
73587 68
73588 67
73609 66
73713 67
73934 68
73938 67
73954 66
74015 67
74027 66
74030 67
74109 68
74170 69
74177 70
74182 69
74191 68
74227 69
74227 70
74235 69
74308 68
74313 67
74315 66
74363 67
74367 68
74396 67
74410 66
74454 65
74488 66
74515 67
74515 68
74526 69
74612 70
74612 71
74712 70
74732 71
74741 72
74745 71
74871 72
74931 71
74935 70
74960 69
74966 68
74975 67
75129 68
75139 67
75149 66
75208 65
75216 64
75323 65
75345 64
75367 65
75375 64
75412 65
75421 66
75423 67
75423 68
75423 69
75423 70
75451 71
75460 72
75474 71
75484 70
75527 71
75620 72
75627 73
75663 74
75799 73
75837 72
75853 71
75867 70
75884 69
75902 70
75916 69
75922 68
75973 67
75985 66
76008 65
76008 64
76016 65
76021 66
76104 67
76118 66
76202 67
76203 68
76203 68
76229 67
76297 68
76320 69
76357 68
76366 69
76386 68
76505 69
76532 70
76574 69
76638 70
76696 69
76779 70
76795 71
76799 70
76856 71
76902 70
76903 71
76903 72
76911 71
76972 70
77021 69
77031 68
77115 69
77343 70
77343 71
77391 72
77407 73
77460 74
77503 75
77505 76
77611 75
77617 74
77636 73
77696 72
77713 73
77732 74
77789 73
77818 74
77822 73
77837 72
77849 73
77918 74
77932 73
77982 72
77983 71
77992 72
78147 71
78177 72
78179 73
78371 74
78382 73
78396 72
78553 73
78560 72
78683 73
78703 72
78718 71
78774 72
78776 73
78782 72
78831 71
78879 72
78883 73
79044 72
79056 71
79080 70
79092 69
79107 68
79155 69
79199 69
79251 70
79277 71
79286 70
79312 69
79343 68
79354 69
79390 68
79396 67
79404 68
79404 67
79439 66
79546 67
79548 66
79549 65
79553 64
79570 63
79581 62
79592 63
79756 64
79759 65
79773 66
79789 67
79935 66
79956 65
79978 66
79979 67
80074 68
80131 69
80167 70
80208 71
80210 72
80267 73
80285 72
80343 71
80459 72
80519 71
80541 72
80552 73
80591 72
80607 71
80607 72
80619 71
80632 70
80701 69
80776 68
80782 67
80785 68
80835 69
80841 68
80907 67
80914 66
80930 65
80973 66
80978 67
81037 68
81046 67
81050 68
81111 67
81257 68
81263 67
81265 66
81279 67
81311 68
81327 69
81407 70
81663 69
81687 68
81729 67
81801 68
81805 67
81809 66
81874 67
81880 66
81880 67
81886 68
81904 69
81909 70
81910 71
82017 70
82031 71
82066 72
82103 71
82163 72
82175 73
82175 74
82282 73
82365 72
82402 71
82405 72
82419 73
82469 74
82470 73
82491 74
82493 73
82499 72
82514 71
82515 70
82541 69
82595 68
82595 67
82622 68
82626 67
82651 66
82699 67
82699 68
82755 69
82775 68
82787 67
82871 66
82917 65
82917 64
82919 63
82921 64
83017 65
83021 66
83069 65
83103 64
83131 63
83152 64
83168 65
83179 64
83261 65
83323 64
83323 63
83346 62
83365 61
83385 60
83426 61
83427 60
83443 61
83447 60
83453 59
83454 58
83510 57
83541 58
83587 59
83629 58
83666 57
83695 56
83862 57
83864 56
83919 57
83923 58
83946 59
84047 60
84057 61
84071 62
84091 61
84102 62
84108 63
84155 64
84167 65
84169 64
84194 65
84201 66
84207 67
84207 68
84211 69
84308 68
84320 69
84338 68
84345 69
84359 70
84366 71
84449 70
84484 71
84505 70
84510 71
84631 70
84643 69
84700 68
84708 67
84725 66
84740 65
84745 66
84769 67
84789 66
84811 67
84849 68
85077 69
85095 68
85202 67
85211 68
85222 69
85236 68
85264 69
85266 70
85270 71
85307 72
85308 73
85377 74
85386 73
85506 72
85514 73
85717 74
85826 73
85887 74
85935 73
86010 72
86051 73
86133 72
86207 71
86223 70
86226 69
86231 68
86234 67
86242 68
86284 67
86342 68
86371 67
86428 66
86446 67
86446 68
86447 69
86453 68
86483 67
86568 68
86605 67
86638 66
86736 65
86761 66
86762 67
86783 66
86845 65
86892 64
86899 65
86943 66
86944 67
86944 68
86985 67
87029 66
87035 67
87062 68
87065 69
87116 68
87163 69
87164 70
87172 71
87338 72
87339 73
87429 72
87431 71
87436 72
87459 71
87500 72
87527 71
87545 72
87559 73
87639 74
87663 73
87799 72
87815 71
87827 70
87832 69
87965 68
88020 69
88024 70
88107 69
88227 68
88266 67
88325 66
88341 67
88352 66
88389 65
88437 66
88450 65
88452 66
88459 67
88527 66
88563 67
88598 66
88643 67
88740 68
88762 69
88799 68
88802 67
88807 68
88815 67
88883 68
88926 69
89085 68
89094 69
89111 70
89118 71
89134 72
89224 73
89229 74
89279 75
89295 74
89467 75
89523 76
89524 75
89526 74
89579 74
89643 73
89741 74
89747 75
89769 74
89787 73
89808 72
89837 71
89929 72
89943 71
89960 70
89975 71
89985 70
90004 69
90023 68
90163 67
90186 68
90203 67
90225 66
90253 67
90256 68
90338 67
90474 66
90475 65
90498 64
90501 63
90530 64
90539 65
90547 64
90572 63
90576 64
90623 65
90644 64
90664 63
90667 62
90686 61
90747 62
90751 63
90754 64
90793 63
90873 62
90883 63
90960 62
91002 63
91055 62
91062 63
91071 62
91080 63
91136 62
91143 63
91186 64
91196 65
91207 64
91254 65
91266 64
91284 65
91287 66
91341 65
91375 66
91391 67
91445 68
91464 69
91473 70
91548 69
91549 70
91590 69
91665 70
91689 71
91739 72
91746 71
91772 72
91785 71
91875 70
91902 69
91908 68
92055 67
92096 68
92127 67
92170 66
92279 67
92282 68
92366 69
92391 68
92393 69
92639 70
92640 71
92681 72
92684 71
92688 72
92695 73
92695 74
92839 73
92917 74
93069 75
93077 76
93119 77
93159 76
93163 75
93236 76
93394 77
93403 76
93414 75
93434 76
93447 75
93528 76
93554 75
93604 76
93618 75
93631 74
93648 73
93723 72
93791 71
93823 72
93862 73
93909 72
93987 71
94067 72
94124 71
94157 70
94164 69
94177 68
94195 67
94224 68
94283 67
94488 66
94536 65
94582 64
94587 65
94597 66
94640 67
94673 68
94742 67
94760 67
94842 68
94859 67
94922 68
95004 69
95018 70
95051 69
95107 68
95111 69
95132 70
95138 71
95179 72
95203 73
95205 74
95280 73
95283 72
95323 71
95378 70
95378 69
95428 70
95541 69
95543 70
95562 69
95565 70
95579 71
95581 72
95591 71
95601 70
95615 69
95686 68
95751 67
95767 66
95767 65
95777 66
95787 67
95801 66
95840 67
95943 66
96010 65
96021 66
96059 67
96163 66
96205 65
96211 66
96233 67
96336 68
96338 69
96405 70
96423 71
96432 70
96543 71
96547 72
96581 73
96697 72
96701 71
96767 70
96812 69
96831 68
96884 69
96933 68
96958 67
96984 68
97007 69
97114 70
97115 69
97127 68
97200 67
97255 66
97269 67
97304 66
97324 67
97427 66
97442 65
97454 66
97458 67
97459 66
97526 67
97563 66
97579 65
97611 66
97618 67
97658 68
97665 69
97671 68
97687 67
97757 66
97799 67
97811 68
97889 69
97889 68
97900 67
97922 66
97987 65
98113 64
98116 63
98135 64
98142 63
98193 62
98219 63
98247 62
98260 63
98275 64
98302 65
98324 66
98340 67
98373 66
98379 65
98417 66
98421 67
98467 68
98498 69
98505 70
98511 69
98531 70
98563 69
98600 70
98601 71
98619 70
98628 69
98629 68
98651 67
98671 68
98758 67
98786 66
98789 67
98847 68
98860 69
98879 70
98947 71
98958 70
99056 71
99074 70
99141 69
99172 68
99286 67
99293 68
99319 67
99392 66
99402 67
99424 68
99431 69
99432 70
99454 69
99479 68
99499 67
99535 68
99542 67
99553 66
99603 67
99677 68
99806 67
99816 68
99818 69
99818 70
99883 69
99903 70
100029 71
100035 70
100059 71
100065 72
100068 73
100142 74
100208 75
100214 74
100233 75
100248 74
100248 73
100303 72
100373 71
100381 72
100600 71
100638 70
100650 69
100680 70
100735 69
100811 70
100839 71
100923 72
100928 73
100928 74
100943 73
101012 72
101037 73
101077 74
101166 73
101229 72
101236 73
101336 72
101438 71
101448 70
101454 69
101464 68
101527 69
101557 68
101570 69
101608 70
101613 69
101614 68
101618 67
101638 66
101687 67
101744 68
101769 67
101882 68
101890 69
102031 70
102116 71
102134 72
102148 73
102211 74
102236 73
102241 72
102258 73
102304 72
102304 71
102310 70
102376 69
102377 70
102486 71
102658 70
102672 69
102740 68
102751 69
102762 68
102796 67
102877 66
102895 65
102903 64
102903 63
102966 64
102967 65
103015 64
103021 65
103065 64
103084 63
103122 62
103188 63
103197 64
103211 65
103228 66
103228 67
103230 66
103247 65
103287 64
103321 63
103361 62
103369 63
103413 64
103422 65
103440 64
103452 65
103458 66
103555 67
103619 68
103632 69
103676 68
103703 67
103724 68
103811 69
103848 70
103854 69
103873 70
103879 71
103940 72
103955 71
104025 72
104072 73
104119 72
104153 71
104226 70
104263 69
104264 68
104267 69
104273 68
104310 67
104315 68
104328 69
104347 68
104391 67
104491 68
104555 69
104556 68
104579 67
104656 68
104660 69
104690 68
104720 67
104744 68
104751 69
104752 70
104756 71
104772 70
104776 69
104783 68
104828 67
104844 66
104886 67
104899 68
104904 69
104912 70
104912 71
104980 70
104992 69
105040 68
105054 67
105068 68
105092 69
105104 68
105106 69
105265 68
105288 67
105305 68
105310 67
105313 68
105320 67
105328 68
105413 67
105445 68
105447 67
105452 66
105453 66
105453 66
105454 66
105460 65
105460 64
105460 63
105460 63
105461 62
105461 61
105462 60
105464 60
105466 59
105467 58
105469 57
105475 56
105491 56
105494 55
105499 56
105503 55
105601 54
105606 53
105685 52
105700 53
105716 54
105755 55
105792 54
105804 53
105841 52
105877 53
105879 54
105880 53
105882 52
105884 52
105889 52
105890 52
105890 52
105893 51
105916 52
105930 52
105931 53
105933 52
105937 52
105939 51
106004 52
106008 53
106026 52
106027 52
106027 51
106042 52
106042 53
106044 53
106052 52
106071 53
106100 54
106107 55
106116 56
106130 55
106131 56
106163 57
106174 57
106176 58
106180 57
106181 56
106181 55
106190 54
106198 53
106199 52
106200 51
106202 50
106203 49
106234 50
106247 49
106251 48
106253 47
106260 47
106266 46
106275 47
106282 48
106296 47
106297 47
106299 46
106318 47
106319 48
106324 49
106327 50
106333 49
106343 48
106353 48
106353 47
106373 46
106375 46
106375 45
106377 46
106382 46
106448 47
106457 46
106460 47
106462 48
106463 49
106524 48
106525 49
106528 48
106532 47
106541 46
106580 45
106584 46
106585 47
106588 46
106590 47
106631 46
106716 46
106762 47
106763 48
106771 48
106772 47
106776 48
106779 47
106784 47
106792 48
106801 49
106804 50
106813 49
106818 50
106829 49
106852 50
106867 49
106871 50
106879 50
106880 49
106885 50
106910 49
106921 48
106921 47
106922 48
106923 47
106935 46
106946 47
106950 48
106952 49
106952 50
106954 51
106957 51
106979 51
106980 51
106982 51
106983 50
106984 50
106985 49
106986 48
106986 47
106987 47
106988 47
106989 46
106989 46
106991 45
106992 44
106994 43
106994 43
106994 42
106998 42
106998 41
107032 42
107036 43
107044 42
107044 41
107047 42
107048 42
107048 41
107048 40
107048 39
107048 38
107052 38
107057 38
107057 38
107065 38
107066 39
107070 38
107088 39
107135 39
107145 38
107146 37
107146 36
107150 37
107160 36
107169 35
107172 34
107179 35
107184 34
107184 34
107184 33
107189 34
107203 35
107205 36
107217 37
107231 37
107244 36
107260 37
107261 37
107265 36
107271 35
107279 36
107334 35
107354 36
107356 36
107358 35
107360 36
107369 37
107378 38
107380 39
107405 39
107406 40
107412 39
107417 38
107418 37
107432 37
107433 36
107434 37
107440 36
107441 35
107443 35
107444 35
107445 35
107510 34
107519 34
107521 34
107527 34
107528 34
107529 34
107533 34
107533 33
107535 33
107537 32
107537 31
107537 30
107539 29
107541 29
107542 28
107542 27
107542 27
107542 27
107547 28
107568 29
107580 28
107580 27
107584 26
107584 27
107584 26
107584 26
107592 27
107592 27
107600 26
107600 26
107608 25
107610 26
107615 27
107619 26
107619 25
107619 24
107633 25
107700 26
107714 26
107720 27
107734 27
107735 27
107736 27
107736 27
107739 28
107740 29
107743 29
107747 30
107752 31
107764 32
107768 33
107818 33
107819 33
107820 32
107822 31
107823 32
107825 31
107827 30
107827 29
107828 30
107829 29
107830 29
107835 29
107840 30
107844 31
107848 30
107876 31
107900 32
107908 32
107931 33
107938 32
107939 31
107939 30
107941 31
107941 31
107943 31
107943 31
107948 31
107949 31
107950 30
107951 29
107951 29
107952 30
107952 30
107964 29
107968 28
107971 27
107981 26
107982 27
107983 26
107984 25
107991 24
107993 23
108016 24
108028 25
108029 26
108030 26
108032 25
108032 25
108032 25
108035 25
108036 25
108036 26
108039 26
108040 26
108040 25
108040 24
108040 23
108040 23
108042 24
108045 23
108046 23
108048 23
108048 23
108049 23
108051 23
108051 23
108056 24
108064 24
108069 25
108072 26
108072 27
108088 26
108100 27
108101 28
108108 28
108109 27
108113 27
108121 28
108145 29
108147 29
108166 30
108184 29
108186 30
108216 29
108216 28
108216 27
108220 28
108223 28
108223 29
108226 30
108349 31
108352 30
108353 30
108355 29
108361 28
108363 28
108393 29
108412 29
108416 30
108419 31
108425 30
108425 31
108426 30
108433 30
108460 30
108465 29
108465 30
108469 30
108471 31
108475 30
108493 31
108496 32
108510 33
108518 33
108524 34
108527 35
108530 35
108532 35
108534 34
108539 34
108541 35
108548 36
108555 36
108556 36
108556 36
108557 36
108558 35
108568 34
108582 35
108592 36
108592 37
108610 37
108611 38
108618 39
108632 40
108636 41
108648 42
108678 43
108685 44
108714 44
108715 43
108718 43
108720 42
108720 43
108721 43
108723 42
108732 43
108735 44
108766 45
108792 46
108798 47
108828 48
108828 48
108832 48
108836 48
108838 48
108840 49
108840 49
108843 48
108844 48
108864 47
108891 48
108895 49
108904 48
108936 49
108936 50
108990 51
108995 50
109001 50
109002 50
109006 50
109006 50
109013 50
109013 51
109017 51
109020 51
109022 50
109024 50
109025 50
109030 51
109030 50
109032 51
109060 52
109066 51
109096 52
109108 51
109116 52
109121 53
109122 52
109127 53
109128 54
109140 53
109140 52
109141 52
109143 51
109157 50
109204 50
109204 50
109224 49
109224 50
109240 51
109240 52
109252 53
109273 52
109278 53
109283 52
109302 53
109305 52
109320 52
109324 53
109346 54
109357 53
109358 52
109453 53
109455 54
109480 55
109496 54
109496 53
109526 54
109543 55
109553 56
109553 56
109553 57
109555 57
109556 57
109732 58
109741 57
109743 58
109747 57
109747 56
109798 57
109830 58
109844 59
109892 58
109911 59
109925 60
109925 61
109929 60
109944 59
109967 60
109994 61
110000 62
110021 63
110026 64
110132 64
110137 65
110193 66
110198 65
110205 66
110256 67
110325 66
110351 67
110399 68
110408 67
110459 68
110489 69
110513 70
110520 71
110525 72
110594 71
110696 72
110728 71
110765 72
110807 71
110818 72
110846 71
110867 72
110908 73
110912 74
110923 73
110942 72
111072 73
111074 74
111126 75
111141 74
111215 75
111216 74
111261 73
111343 74
111737 75
111739 76
111745 77
111750 76
111828 75
111969 76
112029 77
112034 78
112135 79
112147 78
112191 77
112232 76
112277 75
112373 76
112376 75
112639 74
112675 73
112677 72
112678 71
112680 70
113058 71
113081 70
113134 71
113222 72
113233 73
113330 72
113409 73
113611 74
113655 75
113726 76
113802 77
113873 76
113892 77
113950 76
113962 77
114128 76
114224 77
114234 76
114289 75
114348 76
114352 77
114476 76
114504 75
114524 74
114540 75
114572 76
114575 77
114715 78
114884 79
114985 78
114989 77
115004 78
115028 77
115040 76
115108 75
115160 76
115164 75
115204 74
115238 73
115248 72
115251 71
115377 70
115384 69
115468 68
115477 67
115484 66
115500 67
115502 68
115506 69
115514 68
115537 67
115552 66
115565 65
115583 64
115652 65
115690 66
115717 65
115720 66
115720 67
115784 68
115824 67
115854 68
115885 69
115912 70
115927 71
115936 70
115977 69
115980 68
115986 67
116079 66
116081 65
116094 64
116118 65
116132 66
116140 65
116209 64
116308 63
116339 64
116380 65
116410 65
116422 64
116425 63
116441 62
116476 61
116481 60
116541 59
116541 60
116555 61
116636 62
116650 61
116677 60
116678 59
116680 60
116697 59
116739 60
116756 59
116860 60
116876 61
116880 62
116888 63
116927 64
116936 63
116937 64
116950 63
116973 62
116984 63
117039 62
117044 61
117064 62
117092 63
117093 64
117099 65
117155 66
117180 67
117240 66
117250 65
117270 66
117272 67
117290 68
117306 67
117326 66
117387 65
117392 66
117423 67
117423 66
117486 65
117504 66
117552 65
117552 66
117553 65
117557 64
117565 63
117569 64
117612 63
117624 62
117667 63
117715 62
117720 61
117772 62
117779 63
117779 64
117802 63
117879 62
117902 63
117904 64
117907 65
117976 66
118003 65
118050 64
118083 65
118091 66
118092 67
118092 68
118187 69
118191 70
118206 69
118208 68
118231 69
118232 70
118274 69
118316 70
118337 71
118450 70
118457 69
118460 68
118496 69
118504 70
118505 69
118565 68
118584 67
118599 68
118689 67
118700 68
118717 69
118720 68
118735 69
118799 68
118831 69
118900 68
118913 69
118951 70
118987 71
118995 72
119003 71
119014 72
119051 73
119080 72
119080 71
119152 72
119206 71
119239 70
119301 69
119305 70
119372 71
119419 72
119448 71
119487 70
119554 71
119624 70
119628 71
119698 70
119803 69
119866 70
119880 71
119897 72
120017 73
120097 72
120111 71
120302 70
120377 71
120404 72
120472 73
120551 74
120566 73
120596 74
120596 75
120640 76
120644 77
120796 76
120832 75
121016 74
121030 75
121072 74
121261 73
121280 72
121329 73
121354 72
121379 71
121658 70
121728 69
121735 70
121749 71
121750 72
121757 73
121764 74
121770 75
121892 74
122044 75
122056 74
122162 73
122201 74
122247 73
122258 72
122296 73
122327 74
122436 75
122436 74
122444 73
122538 72
122658 71
122672 70
122693 69
122789 68
122845 67
122894 66
122902 65
122913 66
122915 67
122926 67
122992 66
123013 65
123056 64
123114 63
123164 64
123164 65
123164 66
123164 67
123169 68
123172 69
123213 70
123234 71
123240 70
123272 69
123302 68
123316 69
123353 70
123359 69
123364 70
123415 69
123431 68
123473 67
123539 66
123597 65
123604 64
123625 63
123628 64
123629 65
123636 64
123644 63
123672 62
123692 61
123734 60
123753 61
123788 62
123840 61
123841 60
123848 61
123856 60
123934 59
123946 60
123965 59
123972 60
124000 61
124000 62
124008 61
124032 62
124137 63
124218 62
124228 61
124272 62
124304 63
124307 64
124368 63
124374 62
124382 61
124411 62
124441 63
124446 64
124447 65
124468 66
124488 67
124521 68
124528 69
124576 70
124624 69
124638 70
124648 71
124656 70
124665 69
124668 68
124684 67
124692 68
124705 69
124737 68
124764 67
124781 66
124799 67
124845 66
124854 65
124869 66
124871 65
124890 64
124892 63
124900 62
124903 61
124948 62
124974 61
124976 62
125023 63
125078 64
125078 63
125091 64
125102 65
125108 64
125151 63
125216 62
125251 63
125259 64
125284 63
125290 62
125318 61
125335 62
125365 63
125381 64
125396 63
125402 64
125512 65
125514 64
125516 65
125633 64
125653 65
125654 66
125656 65
125658 66
125661 67
125664 68
125664 67
125693 66
125723 65
125735 64
125780 65
125810 66
125854 67
125878 68
125910 67
125926 68
125944 67
125974 68
126067 69
126067 68
126070 69
126070 70
126085 69
126131 68
126136 67
126184 68
126184 69
126184 70
126191 69
126224 70
126268 71
126285 70
126358 71
126358 70
126430 71
126443 72
126508 71
126561 70
126592 69
126642 68
126689 69
126697 68
126712 69
126728 68
126740 67
126755 66
126756 65
126851 64
126856 65
126892 64
126969 65
126979 66
126988 67
127048 68
127100 67
127137 66
127148 67
127277 66
127292 65
127313 66
127315 65
127352 66
127360 67
127363 68
127379 67
127470 68
127522 67
127537 66
127578 67
127693 68
127694 69
127767 68
127773 69
127872 70
127889 71
127901 70
127920 69
127931 70
128004 69
128012 70
128013 71
128123 70
128126 71
128158 72
128199 73
128286 74
128298 73
128371 74
128377 73
128415 72
128443 71
128446 70
128456 69
128467 70
128520 71
128540 70
128622 69
128641 68
128685 69
128703 68
128719 69
128739 68
128760 69
128765 70
128772 69
129080 70
129148 71
129152 72
129156 71
129158 72
129362 73
129384 74
129384 75
129393 74
129436 75
129533 76
129589 77
129611 76
129653 75
129665 76
129670 75
129699 74
129704 75
129716 74
129769 75
129798 74
129804 73
129872 72
129872 71
130047 70
130093 69
130105 68
130130 67
130152 68
130168 67
130181 68
130260 67
130268 66
130463 67
130464 66
130464 65
130575 66
130578 67
130583 68
130603 69
130658 70
130686 71
130699 70
130699 71
130714 70
130882 69
130886 68
130951 67
130964 68
131024 67
131053 68
131074 69
131084 68
131092 67
131117 68
131120 67
131140 68
131152 67
131184 68
131227 67
131286 66
131297 67
131344 66
131368 65
131396 64
131424 63
131446 64
131448 65
131451 66
131472 67
131472 68
131480 69
131482 70
131519 69
131539 70
131749 71
131801 70
131849 69
131860 68
131912 69
131921 70
132021 71
132051 72
132069 71
132096 70
132097 69
132132 68
132144 69
132164 68
132248 67
132307 66
132320 67
132336 66
132337 65
132338 64
132420 65
132421 66
132426 65
132438 66
132477 65
132576 64
132608 63
132625 64
132653 65
132654 66
132675 65
132680 64
132720 65
132725 66
132729 67
132745 66
132801 65
132840 64
132843 65
132878 66
132889 65
132916 64
132928 65
132930 66
132934 67
132967 68
132988 67
133016 66
133053 67
133071 68
133117 69
133118 70
133126 71
133149 72
133153 71
133171 70
133239 69
133262 68
133284 69
133360 68
133380 67
133399 66
133523 65
133524 64
133524 63
133533 62
133554 63
133558 62
133603 61
133613 62
133652 63
133784 64
133792 65
133885 66
133921 65
134002 66
134032 65
134041 64
134052 65
134088 64
134111 65
134117 64
134120 65
134123 66
134161 65
134168 64
134173 63
134176 64
134187 65
134203 66
134258 67
134272 68
134287 69
134315 68
134412 69
134416 68
134509 67
134512 66
134524 65
134559 66
134561 65
134568 66
134598 65
134654 64
134682 63
134700 62
134701 63
134705 62
134740 63
134745 64
134780 65
134829 64
134832 65
134836 66
134856 65
134880 64
134895 63
134948 62
134957 61
134981 62
134996 63
135028 64
135062 63
135068 64
135215 65
135248 66
135296 65
135341 66
135404 65
135466 66
135498 67
135592 68
135627 69
135721 70
135801 71
135803 72
135810 73
135908 74
135982 73
136008 72
136032 73
136056 72
136077 71
136107 70
136208 71
136216 70
136221 69
136245 68
136348 69
136374 70
136382 71
136416 72
136510 71
136530 72
136537 73
136586 74
136617 73
136840 74
136874 73
136887 74
136901 75
136923 76
136969 75
137005 76
137017 75
137040 74
137069 73
137110 74
137123 73
137142 72
137148 71
137162 70
137254 71
137256 72
137340 71
137356 70
137412 69
137436 70
137439 71
137460 72
137571 71
137577 72
137597 71
137608 72
137610 73
137656 72
137689 71
137708 72
137716 73
137821 74
137883 73
137898 72
137909 71
137912 72
137924 73
138013 72
138030 73
138052 72
138140 72
138168 71
138276 70
138373 69
138374 68
138380 69
138390 70
138427 69
138478 70
138529 71
138541 72
138632 71
138701 70
138744 69
138756 68
138802 69
138807 70
138824 69
138868 68
138889 69
138899 70
138899 71
138916 72
138928 73
138941 72
138947 73
139022 72
139146 71
139218 70
139244 71
139296 70
139329 69
139357 70
139357 71
139393 70
139428 69
139525 70
139558 71
139566 72
139656 71
139694 72
139712 73
139730 72
139732 71
139756 70
139763 69
139769 70
139779 69
139780 68
139802 67
139850 66
139855 67
139958 68
140012 67
140085 66
140154 65
140185 64
140239 63
140286 64
140335 63
140345 64
140348 65
140351 66
140355 67
140356 68
140362 67
140364 66
140364 65
140369 66
140464 67
140479 68
140480 69
140505 68
140524 67
140616 66
140691 65
140756 66
140766 67
140780 66
140818 65
140890 66
140891 67
140922 68
140951 67
140967 68
140981 67
141012 66
141061 67
141066 68
141109 69
141132 68
141168 69
141183 69
141184 68
141184 67
141184 66
141187 65
141188 65
141192 64
141195 64
141196 63
141197 62
141330 63
141337 63
141337 63
141337 63
141338 62
141524 63
141533 64
141540 63
141552 62
141565 63
141569 64
141577 65
141584 64
141589 63
141589 62
141594 61
141600 60
141609 61
141610 60
141615 61
141618 62
141624 62
141628 61
141629 60
141630 59
141631 58
141632 57
141637 57
141650 58
141651 58
141653 57
141653 56
141655 55
141660 54
141662 53
141662 53
141676 54
141739 53
141769 54
141778 53
141778 52
141778 51
141778 50
141806 51
141857 50
141880 51
141888 51
141888 50
141953 51
141959 50
141960 51
141988 52
141994 53
141996 52
141996 52
141997 51
141997 51
141997 50
142003 49
142008 48
142014 47
142029 48
142054 49
142065 48
142084 49
142107 48
142152 49
142188 48
142208 49
142226 50
142232 51
142255 50
142256 49
142258 50
142259 51
142261 50
142301 51
142304 52
142312 51
142314 51
142317 50
142345 51
142372 52
142382 51
142400 52
142412 53
142423 54
142424 55
142490 56
142496 57
142504 56
142507 57
142518 56
142524 57
142527 56
142532 55
142536 56
142548 57
142551 56
142569 57
142569 58
142591 59
142598 60
142660 61
142660 62
142715 61
142737 60
142749 61
142776 62
142796 63
142796 64
142797 63
142811 64
142936 65
142943 64
142974 65
142977 66
142978 67
142997 66
142999 65
143013 66
143103 66
143108 65
143116 66
143128 67
143136 66
143208 67
143209 68
143220 67
143220 68
143287 69
143312 68
143408 67
143413 68
143423 67
143436 66
143444 67
143506 68
143592 69
143592 70
143745 69
143756 70
143757 69
143772 70
143845 71
143847 72
143858 71
143882 72
143913 71
143918 72
143983 73
144038 74
144102 73
144133 72
144241 73
144258 72
144274 71
144492 72
144499 73
144564 72
144671 71
144683 72
144692 73
144695 74
144725 73
144755 74
144829 75
145075 74
145084 75
145086 76
145089 77
145094 78
145122 77
145252 78
145317 79
145349 78
145369 79
145371 80
145522 79
145760 78
145770 77
145800 76
146027 77
146143 78
146152 79
146168 78
146285 79
146293 80
146446 79
146575 78
146638 79
146668 80
146707 79
146794 78
146879 77
147060 78
147066 79
147071 78
147158 77
147272 78
147284 77
147296 76
147358 75
147645 74
147706 73
147712 74
147733 73
147760 72
147777 73
147784 72
147918 71
148016 70
148071 69
148073 68
148122 69
148160 68
148190 69
148245 70
148401 71
148461 72
148495 73
148525 72
148541 73
148612 72
148628 71
148639 70
148647 71
148657 70
148677 69
148679 70
148693 69
148699 68
148727 69
148753 68
148808 67
148820 66
148844 65
148853 66
148871 65
148872 64
148891 63
148948 62
148973 61
149003 62
149019 61
149020 62
149030 63
149058 62
149087 61
149123 62
149124 61
149127 62
149167 61
149188 60
149201 59
149204 58
149265 59
149288 60
149299 59
149322 60
149325 61
149326 62
149329 63
149341 64
149374 65
149408 64
149448 63
149452 62
149466 61
149476 60
149489 59
149497 58
149514 57
149532 56
149547 55
149548 54
149580 55
149588 56
149594 57
149661 58
149670 59
149731 58
149743 59
149752 58
149772 59
149785 58
149786 57
149788 56
149788 57
149804 56
149808 57
149828 58
149846 59
149886 58
149923 59
149924 60
149950 59
149964 60
150008 61
150019 60
150036 61
150048 62
150048 63
150055 64
150073 65
150086 66
150128 67
150128 68
150156 69
150192 68
150236 67
150298 66
150310 65
150327 64
150348 65
150364 66
150376 67
150421 68
150456 67
150456 66
150632 65
150677 66
150707 67
150712 68
150714 69
150719 68
150748 67
150761 68
150812 69
150819 68
150892 69
150892 68
150912 69
150920 68
150988 67
150990 68
151030 69
151034 70
151062 70
151064 71
151070 70
151156 71
151156 70
151167 69
151170 68
151208 67
151228 66
151318 65
151364 66
151425 67
151532 68
151533 67
151572 68
151579 67
151582 68
151612 69
151616 70
151628 71
151679 70
151758 71
151822 72
151876 71
151876 72
151985 71
152003 72
152017 71
152044 70
152128 71
152132 70
152152 71
152224 70
152272 71
152283 70
152356 71
152375 70
152398 71
152487 72
152500 71
152520 72
152528 71
152543 70
152596 69
152602 68
152711 69
152752 70
152780 71
152789 72
152790 73
152791 72
152794 73
152912 72
152912 71
152928 70
152992 69
152996 70
153065 71
153089 72
153104 73
153129 72
153192 71
153211 70
153212 69
153244 68
153250 69
153255 70
153300 69
153315 68
153341 69
153440 68
153578 69
153612 70
153616 69
153625 68
153669 67
153768 68
153864 69
153893 70
153893 71
153894 72
153896 73
153917 74
154023 75
154036 74
154227 73
154269 74
154270 75
154283 74
154328 73
154352 72
154360 73
154396 72
154452 71
154495 72
154498 71
154504 70
154517 69
154546 70
154564 71
154576 70
154754 69
154797 68
154856 69
154970 68
154987 69
155044 70
155120 69
155181 70
155197 71
155243 70
155266 71
155274 70
155332 69
155432 70
155444 71
155520 70
155644 69
155685 68
155757 69
155793 68
155855 69
155946 70
155948 71
155950 70
155978 71
155979 70
156008 71
156048 72
156070 71
156119 70
156123 69
156130 70
156132 71
156138 72
156161 73
156196 73
156276 72
156303 71
156341 70
156362 69
156366 68
156370 69
156375 70
156392 69
156425 68
156473 69
156480 68
156530 69
156532 68
156552 67
156573 66
156576 67
156583 66
156592 65
156620 64
156672 63
156752 62
156763 63
156784 62
156837 61
156845 62
156860 63
156862 62
156936 61
156999 60
157016 59
157030 58
157052 59
157152 60
157159 61
157181 60
157217 59
157248 60
157250 59
157260 60
157261 61
157265 62
157305 61
157395 62
157428 63
157434 64
157472 65
157520 66
157528 67
157531 68
157566 67
157590 66
157619 67
157626 68
157673 69
157676 68
157704 67
157706 66
157744 67
157752 68
157753 69
157775 68
157777 67
157785 66
157789 67
157875 66
157883 65
157883 64
157916 65
157945 64
157956 65
157956 66
157961 67
158048 68
158049 69
158104 68
158124 69
158128 70
158174 71
158177 72
158232 73
158239 72
158292 71
158329 70
158352 69
158373 70
158390 69
158423 70
158445 69
158472 70
158472 71
158508 70
158523 71
158528 70
158586 69
158590 68
158600 69
158647 70
158680 69
158726 68
158733 67
158744 66
158758 65
158852 66
158853 67
158949 66
158960 67
158966 66
159048 65
159156 64
159187 65
159193 66
159193 66
159203 67
159400 68
159405 67
159439 66
159448 65
159471 64
159514 65
159564 66
159575 67
159606 66
159609 65
159651 66
159659 65
159664 66
159713 67
159747 66
159764 65
159776 64
159782 63
159784 64
159793 65
159962 64
159990 63
160002 64
160050 65
160052 64
160073 63
160089 64
160112 65
160118 66
160191 67
160238 66
160323 67
160323 68
160347 69
160422 70
160475 71
160539 72
160604 71
160644 70
160644 69
160652 70
160652 71
160657 72
160664 73
160668 74
160668 73
160688 74
160754 73
160769 72
160800 73
160804 74
160845 75
160992 74
161068 73
161089 72
161246 73
161372 72
161412 71
161438 72
161496 71
161596 72
161618 73
161652 74
161653 75
161654 74
161673 73
161703 72
161708 71
161837 70
161892 69
161952 70
161960 69
161962 68
162081 67
162084 66
162125 67
162156 66
162188 67
162207 66
162208 65
162286 64
162368 65
162380 66
162424 67
162477 68
162478 69
162547 70
162554 71
162604 72
162646 71
162720 72
162759 73
162841 72
162900 73
162924 72
162992 71
162996 72
163000 73
163040 72
163103 73
163143 72
163215 73
163383 74
163385 75
163408 74
163417 73
163521 72
163532 73
163561 72
163593 73
163627 72
163634 71
163732 70
163752 69
163773 68
163776 69
163780 70
163781 71
163799 70
163824 69
163829 68
163863 69
163930 70
163936 71
163997 70
164008 69
164026 68
164058 69
164076 68
164084 67
164096 68
164121 69
164191 70
164254 71
164254 72
164256 71
164266 70
164325 71
164332 70
164405 69
164420 68
164425 69
164488 68
164555 69
164564 68
164592 69
164597 68
164668 67
164676 66
164728 65
164730 64
164918 63
165016 62
165038 63
165084 64
165138 65
165152 66
165168 67
165169 68
165195 67
165219 68
165228 67
165285 68
165304 69
165321 70
165336 69
165366 68
165404 69
165408 68
165432 67
165456 66
165476 65
165601 64
165637 65
165652 64
165652 65
165680 64
165799 63
165868 64
165879 65
165903 64
165923 65
165931 66
165944 65
165995 64
166004 65
166015 64
166098 63
166114 64
166147 65
166209 64
166216 65
166220 66
166272 67
166288 66
166292 65
166344 64
166371 65
166373 64
166380 63
166390 62
166396 61
166443 62
166445 62
166445 63
166448 62
166466 61
166510 62
166511 63
166535 62
166568 63
166568 64
166575 65
166588 64
166595 65
166597 66
166636 65
166690 66
166700 67
166742 66
166750 67
166794 66
166842 65
166863 64
166866 65
166889 64
166941 63
166955 62
166984 63
167029 62
167041 61
167058 62
167124 61
167145 62
167162 61
167220 60
167240 61
167255 62
167262 63
167262 62
167296 63
167325 64
167396 65
167399 66
167416 67
167417 66
167456 65
167460 66
167681 67
167681 68
167742 69
167752 70
167757 69
167798 68
167858 67
167859 68
167869 69
167900 70
167909 69
167913 70
167928 70
167953 71
167979 70
168011 69
168090 70
168104 71
168110 70
168141 69
168176 68
168339 69
168340 68
168390 69
168436 70
168449 71
168506 72
168609 71
168616 72
168649 73
168690 72
168724 73
168735 74
168765 75
168800 76
168857 77
168869 76
168941 75
169044 76
169056 75
169095 74
169105 73
169117 72
169117 71
169141 70
169198 69
169228 68
169299 69
169301 70
169317 71
169327 72
169384 71
169425 72
169436 73
169449 72
169460 71
169569 70
169605 71
169626 70
169649 69
169733 68
169749 67
169769 68
169770 69
169786 68
169850 67
170037 68
170041 69
170055 70
170125 71
170241 70
170265 71
170350 70
170365 69
170381 69
170405 68
170441 69
170482 70
170581 69
170612 68
170633 69
170799 70
170851 71
170881 70
170978 71
170978 72
171000 73
171012 74
171099 73
171120 72
171161 71
171195 72
171202 71
171249 72
171321 73
171326 72
171453 71
171485 70
171496 69
171497 70
171506 71
171533 70
171535 71
171598 72
171744 73
171766 72
171849 71
171889 70
171993 69
172018 68
172041 67
172047 68
172067 67
172085 68
172088 69
172137 68
172145 69
172163 68
172180 69
172205 68
172389 69
172405 70
172408 71
172455 72
172539 71
172570 72
172592 73
172628 72
172657 71
172753 72
172825 71
172825 70
172830 69
172834 68
172879 67
172901 68
172906 67
172932 66
172948 67
173035 68
173049 69
173077 70
173101 69
173112 68
173119 67
173325 68
173361 67
173367 66
173376 65
173436 66
173440 67
173447 68
173469 69
173514 70
173531 71
173533 72
173534 73
173543 72
173646 73
173659 72
173659 73
173669 74
173723 73
173758 74
173771 73
173783 72
173797 73
173800 72
173802 71
173839 70
173845 69
173857 68
173882 67
173882 66
173949 67
173966 66
173977 65
173986 66
174069 65
174091 64
174126 63
174141 62
174267 63
174294 62
174311 63
174343 62
174363 61
174369 62
174406 63
174428 62
174486 63
174554 62
174581 63
174601 64
174602 65
174621 64
174650 63
174695 64
174703 63
174737 64
174737 65
174753 64
174786 65
174786 64
174809 65
174816 66
174826 67
174834 68
174943 69
174994 68
175025 69
175068 68
175112 69
175119 70
175207 69
175266 70
175279 71
175279 72
175280 71
175287 72
175289 73
175365 72
175397 73
175410 74
175416 73
175421 72
175546 73
175613 72
175626 73
175669 74
175692 73
175706 72
175773 71
175781 70
175865 71
175949 72
175960 73
175972 74
176116 73
176187 74
176229 73
176244 72
176318 73
176325 72
176369 73
176370 72
176438 73
176532 72
176558 71
176577 70
176609 71
176743 70
176762 69
176765 68
176808 67
176849 66
176879 67
176892 66
176921 65
176943 66
176971 65
176983 64
177011 65
177018 66
177072 65
177092 66
177097 67
177149 66
177185 67
177189 66
177214 67
177217 66
177268 65
177310 66
177383 65
177391 66
177424 65
177434 66
177437 67
177552 68
177561 69
177573 70
177616 69
177652 70
177665 71
177685 72
177704 73
177740 72
177823 71
177837 70
177857 71
177876 72
177923 71
177953 72
177961 71
178051 70
178058 71
178061 72
178087 71
178088 72
178126 71
178249 70
178291 69
178362 70
178481 71
178577 70
178585 71
178618 72
178637 73
178638 74
178643 75
178644 74
178658 75
178666 76
178670 77
178711 78
178719 79
178866 80
178932 81
178995 80
179052 79
179102 78
179179 77
179181 76
179200 75
179218 76
179274 75
179279 74
179302 73
179361 72
179410 71
179441 70
179461 71
179469 70
179470 69
179478 70
179599 69
179646 68
179709 69
179709 70
179765 71
179801 70
179928 71
179929 72
180081 71
180138 72
180145 71
180195 70
180201 69
180221 70
180253 69
180261 68
180265 69
180307 68
180430 69
180432 70
180458 71
180473 70
180529 69
180605 70
180607 69
180677 70
180681 69
180697 70
180729 71
180797 72
180821 73
180864 72
180866 73
180867 74
180933 75
180971 74
180972 73
180999 74
181034 73
181156 72
181165 73
181189 72
181190 71
181201 70
181221 69
181225 68
181282 67
181357 68
181363 67
181365 66
181447 65
181479 64
181483 65
181559 64
181570 63
181581 64
181600 63
181621 64
181655 63
181658 64
181667 65
181707 66
181764 65
181969 66
181971 65
182043 66
182048 65
182088 66
182088 65
182093 66
182109 65
182169 66
182214 65
182221 66
182228 67
182318 68
182325 67
182349 68
182402 69
182416 70
182423 69
182466 68
182491 67
182495 68
182544 69
182655 70
182677 69
182705 70
182762 71
182777 70
182823 69
182827 68
182861 67
182865 66
182881 67
182908 66
182908 67
182925 68
182937 69
182959 68
183024 69
183028 70
183129 69
183134 68
183320 69
183324 70
183329 71
183332 72
183366 73
183414 74
183415 75
183457 76
183485 77
183526 76
183608 77
183645 76
183654 75
183768 74
183779 73
183781 72
183870 71
183911 72
183924 73
183946 72
183992 71
184008 70
184031 69
184101 70
184194 69
184226 70
184248 69
184276 68
184277 67
184359 66
184425 67
184473 66
184510 65
184533 64
184593 63
184594 64
184599 65
184631 66
184657 65
184717 64
184814 65
184890 64
184924 63
184981 64
184999 65
185063 66
185072 65
185081 66
185115 67
185140 68
185195 67
185215 68
185215 69
185239 68
185262 69
185289 70
185352 69
185375 70
185411 69
185440 68
185457 67
185484 68
185579 67
185580 66
185617 67
185658 68
185658 69
185661 70
185669 71
185717 70
185767 71
185903 72
185973 73
186005 72
186101 73
186163 74
186221 75
186233 76
186239 77
186296 78
186545 77
186613 76
186641 75
186651 74
186705 73
186711 72
186804 71
186836 72
186848 73
186849 74
186885 73
186926 74
186929 73
186933 72
186961 71
187019 70
187081 69
187090 68
187404 69
187428 70
187436 71
187456 72
187478 71
187527 70
187553 71
187661 72
187668 73
187674 74
187675 73
187677 72
187709 71
187764 70
187877 71
187929 70
187937 71
187949 72
187952 71
187974 70
188088 69
188113 70
188118 71
188169 72
188217 71
188285 72
188369 71
188428 70
188455 69
188458 70
188525 71
188573 70
188618 69
188627 68
188655 69
188691 68
188699 69
188758 70
188848 69
188848 70
188849 69
188877 68
188884 69
188909 68
188961 67
188992 68
189005 67
189082 66
189091 65
189107 64
189218 63
189218 62
189281 61
189314 62
189319 63
189336 64
189338 65
189393 66
189433 67
189436 66
189464 67
189535 68
189569 69
189597 70
189673 69
189723 68
189736 69
189741 68
189801 69
189833 70
189863 69
189918 70
189925 71
190090 70
190119 71
190161 70
190217 71
190234 70
190268 69
190286 68
190315 67
190331 66
190383 67
190388 66
190392 67
190407 68
190461 69
190479 68
190602 69
190602 70
190667 71
190689 70
190777 71
190824 72
190899 73
190900 74
190936 75
191009 74
191012 75
191062 74
191089 73
191200 72
191210 71
191240 72
191260 71
191274 72
191361 71
191371 70
191393 69
191456 68
191467 69
191549 70
191550 71
191557 72
191581 73
191589 74
191609 73
191609 72
191699 73
191702 74
191703 73
191710 72
191751 71
191754 72
191773 71
191830 70
191965 69
192049 68
192103 69
192105 70
192107 69
192108 70
192128 69
192180 68
192210 67
192223 66
192229 65
192301 64
192332 65
192345 66
192453 67
192458 68
192488 67
192502 66
192521 67
192528 66
192533 67
192535 66
192580 65
192589 64
192598 63
192633 62
192711 63
192734 62
192796 63
192813 64
192818 65
192824 66
192861 67
192873 66
192925 65
192931 66
192975 65
192995 64
193037 63
193044 64
193045 65
193082 64
193161 63
193167 64
193169 65
193265 66
193331 67
193337 68
193354 67
193392 66
193405 67
193584 68
193593 69
193601 68
193611 69
193642 70
193654 71
193762 70
193798 71
193927 72
193943 71
193956 70
193977 71
193996 72
194006 71
194041 70
194053 69
194071 70
194086 69
194092 70
194098 71
194146 70
194177 69
194210 70
194223 69
194235 68
194258 69
194301 68
194387 67
194397 66
194412 67
194423 68
194426 67
194444 68
194448 69
194456 70
194501 71
194516 70
194567 69
194569 70
194655 69
194662 68
194760 67
194789 68
194857 69
194878 68
194890 67
194962 68
194995 67
195090 66
195090 67
195114 66
195167 65
195182 66
195196 67
195198 66
195328 67
195423 68
195469 67
195481 68
195481 67
195515 66
195521 67
195536 68
195537 69
195542 70
195569 71
195586 72
195612 73
195699 72
195735 73
195737 74
195741 73
195799 74
195897 73
195933 72
195952 73
195982 72
196023 71
196073 70
196090 71
196097 70
196098 69
196116 68
196219 69
196245 70
196283 69
196346 70
196370 71
196370 72
196370 73
196419 74
196452 73
196482 72
196491 73
196537 72
196605 71
196629 70
196642 71
196691 70
196750 69
196756 68
196854 67
196857 66
196881 65
196889 66
196893 67
196913 66
196938 67
196942 68
196948 69
196967 68
196993 67
197073 66
197157 65
197268 66
197297 65
197328 64
197382 63
197408 62
197411 63
197433 64
197434 63
197452 64
197456 65
197528 64
197536 65
197563 66
197589 67
197601 68
197631 67
197714 66
197769 65
197781 66
197790 67
197807 66
197828 67
197829 68
197867 69
197925 68
197929 67
197950 68
197965 69
198017 70
198117 69
198159 68
198220 69
198228 70
198239 71
198246 72
198256 73
198259 72
198302 71
198338 70
