0 0
0 1
17 1
27 1
41 1
50 2
89 2
98 2
239 3
268 4
285 5
364 5
425 6
429 6
442 6
470 6
480 7
577 7
582 8
646 8
659 8
698 8
714 9
798 9
836 9
839 9
852 9
872 9
875 10
907 10
963 11
970 12
1015 12
1029 13
1078 14
1086 14
1111 14
1146 14
1195 14
1218 14
1244 15
1264 15
1284 15
1306 15
1319 16
1330 16
1362 16
1406 16
1414 16
1421 16
1429 17
1442 17
1486 17
1496 17
1530 17
1546 18
1573 19
1574 20
1577 21
1606 21
1622 21
1644 21
1644 21
1649 21
1649 21
1658 22
1670 23
1674 24
1678 25
1701 24
1766 24
1841 25
1854 25
1919 26
1930 27
2018 27
2023 26
2031 27
2077 28
2097 28
2126 29
2136 30
2150 31
2211 30
2236 31
2241 30
2245 31
2246 32
2249 32
2250 33
2250 34
2257 35
2282 35
2350 36
2370 37
2370 38
2438 39
2450 39
2452 39
2463 40
2466 41
2526 41
2567 42
2567 42
2571 43
2576 43
2597 44
2671 43
2676 42
2677 42
2679 42
2679 43
2681 43
2686 44
2690 45
2692 44
2696 43
2722 43
2769 44
2843 44
2997 43
3005 44
3022 44
3049 45
3098 46
3100 45
3127 44
3163 43
3180 44
3199 43
3206 44
3275 45
3279 45
3282 46
3306 47
3327 48
3346 49
3435 50
3477 51
3482 52
3482 53
3522 54
3578 55
3581 56
3582 57
3625 57
3703 58
3742 59
3794 60
3894 59
3944 58
3962 59
3986 59
4025 58
4028 59
4082 58
4106 57
4153 58
4171 57
4182 58
4190 59
4191 60
4212 61
4221 60
4272 60
4473 60
4498 61
4499 62
4568 63
4588 62
4612 63
4676 64
4685 65
4717 66
4780 65
4974 64
5086 63
5123 63
5172 63
5234 62
5267 63
5350 62
5476 63
5569 63
5587 62
5618 63
5799 64
5802 65
5807 66
5878 67
5906 66
5952 67
6160 66
6229 67
6266 67
6268 68
6271 69
6279 69
6284 70
6369 71
6381 70
6507 70
6582 69
6601 68
6670 69
6674 68
6698 67
6701 66
6770 66
6777 65
6868 64
6945 63
6947 62
6999 63
7067 64
7069 63
7094 64
7101 65
7155 66
7278 67
7281 68
7290 69
7437 68
7531 67
7546 66
7549 65
7579 64
7615 65
7659 64
7797 64
7843 65
7851 66
7858 65
7860 64
7905 63
7923 62
7956 63
8006 62
8062 61
8074 62
8075 63
8088 62
8093 61
8138 62
8179 63
8206 64
8254 63
8261 62
8267 63
8325 62
8343 61
8360 62
8364 63
8496 64
8558 64
8600 63
8644 62
8646 63
8648 62
8665 61
8693 60
8721 61
8723 62
8801 63
8806 62
8807 63
8818 62
8830 61
8843 60
8845 59
8897 58
8899 57
8926 56
8933 57
8945 58
8947 59
8948 58
8994 57
9022 56
9030 57
9031 58
9050 57
9118 56
9153 57
9173 56
9174 55
9180 56
9182 57
9194 58
9312 57
9322 56
9362 57
9425 56
9442 57
9443 58
9443 59
9448 60
9450 59
9525 60
9526 61
9537 62
9579 63
9642 62
9695 61
9703 62
9711 63
9722 62
9755 63
9805 62
9876 61
9885 62
9894 63
9902 62
9921 63
9925 62
9936 61
9938 62
9996 63
9996 64
10018 65
10034 64
10102 65
10129 64
10131 63
10132 62
10150 61
10155 60
10156 59
10164 58
10258 57
10270 56
10283 57
10334 58
10350 59
10386 58
10402 57
10408 56
10410 55
10480 56
10534 55
10539 56
10582 56
10583 57
10596 56
10607 57
10672 56
10734 57
10746 58
10790 59
10791 60
10858 61
10910 62
10911 63
10920 62
10938 63
11008 64
11038 65
11047 66
11137 67
11180 68
11181 67
11190 68
11222 67
11318 66
11319 66
11414 67
11414 66
11443 65
11502 66
11505 65
11516 66
11563 67
11567 68
11591 67
11626 68
11627 69
11628 70
11716 71
11738 72
11743 71
11743 72
11794 71
11860 70
11914 70
11966 71
11966 72
12020 73
12041 72
12050 73
12111 72
12154 71
12204 70
12217 69
12223 68
12246 69
12278 70
12375 69
12376 68
12434 67
12554 68
12593 67
12650 68
12681 67
12711 66
12779 65
12834 66
12912 67
12934 68
12998 69
13033 68
13122 69
13158 70
13255 69
13262 68
13285 67
13316 68
13378 67
13436 68
13452 69
13607 70
13620 71
13625 72
13692 71
13724 72
13728 73
13782 74
13836 75
13890 76
14019 75
14065 74
14070 73
14081 73
14163 72
14174 71
14183 70
14186 69
14235 70
14289 69
14302 70
14326 71
14354 70
14366 69
14368 68
14446 67
14495 68
14526 67
14550 68
14558 67
14560 66
14591 67
14624 68
14846 67
14882 68
15040 69
15069 68
15075 69
15137 70
15222 71
15325 72
15419 71
15419 70
15515 71
15525 72
15544 73
15544 74
15545 75
15565 74
15635 73
15678 74
15771 75
15849 76
16005 75
16025 74
16039 75
16056 74
16067 73
16099 72
16103 71
16110 70
16190 69
16234 68
16246 67
16260 66
16269 65
16274 64
16279 65
16279 66
16286 65
16304 64
16342 65
16344 66
16369 65
16375 66
16445 65
16456 66
16488 67
16534 66
16597 65
16601 64
16690 65
16692 64
16713 63
16720 64
16724 65
16733 66
16733 67
16741 66
16828 67
16846 66
16858 67
16932 68
16940 69
17022 70
17124 69
17161 70
17202 71
17210 70
17215 71
17242 70
17245 69
17274 68
17285 67
17319 66
17324 67
17338 66
17354 67
17355 68
17359 67
17370 66
17398 67
17436 66
17441 65
17485 64
17529 63
17549 64
17570 65
17581 64
17612 65
17659 64
17669 65
17674 66
17740 67
17745 66
17775 65
17790 66
17826 65
17848 64
17857 63
17862 64
17902 63
17909 62
17910 61
17928 62
18015 61
18035 60
18046 59
18047 60
18082 59
18104 58
18129 57
18152 58
18181 58
18182 57
18243 58
18247 59
18249 60
18326 59
18388 60
18478 61
18510 62
18518 63
18524 64
18548 63
18629 64
18662 63
18720 64
18737 63
18756 64
18775 65
18799 66
18802 67
18892 66
18918 67
18923 68
18952 69
19044 68
19105 67
19145 66
19155 67
19163 68
19179 69
19229 68
19241 67
19304 68
19311 67
19318 66
19324 65
19328 64
19381 65
19479 66
19487 67
19570 68
19570 67
19612 66
19633 65
19666 64
19694 63
19702 64
19704 65
19798 66
19817 65
19837 66
19870 65
19906 66
19907 67
19928 68
19960 69
20140 68
20143 69
20151 68
20151 68
20186 67
20192 66
20195 65
20220 64
20259 65
20321 66
20326 65
20379 66
20418 65
20427 66
20528 65
20537 64
20562 63
20578 64
20685 63
20767 62
20776 63
20798 64
20825 65
20862 64
20869 65
20881 66
20914 67
20914 66
20922 67
20960 66
20962 67
20965 68
20966 69
20977 70
21004 71
21046 72
21087 71
21133 70
21178 69
21363 70
21394 69
21395 68
21410 67
21416 66
21522 65
21549 64
21554 65
21565 66
21577 67
21614 66
21636 65
21641 66
21650 67
21672 68
21695 69
21703 70
21703 71
21792 70
21822 69
21896 70
21978 71
21986 70
22042 71
22154 70
22245 71
22260 70
22276 69
22302 68
22308 67
22330 66
22406 65
22461 66
22480 65
22486 66
22538 67
22555 68
22585 69
22588 70
22779 71
22831 72
22848 71
22971 72
22981 73
23022 74
23079 73
23127 72
23141 71
23184 72
23213 71
23263 72
23265 73
23282 74
23379 75
23379 76
23427 75
23486 76
23515 75
23538 74
23652 73
23663 72
23673 73
23684 74
23735 73
23759 74
23775 73
23821 72
23825 71
23847 70
23977 71
23978 70
24021 69
24034 68
24037 69
24065 70
24075 69
24117 68
24267 67
24278 68
24499 69
24538 68
24583 69
24650 68
24664 67
24693 66
24756 67
24756 68
24766 67
24838 68
24840 67
24904 68
24929 67
24935 66
24936 67
24972 66
24983 65
25069 64
25104 65
25118 64
25143 65
25153 64
25154 63
25179 64
25186 63
25195 64
25255 63
25259 62
25267 61
25279 62
25282 63
25298 62
25327 61
25331 60
25332 59
25339 58
25393 59
25533 60
25547 61
25551 62
25600 61
25627 60
25663 61
25811 60
25855 61
25855 62
25870 61
25949 62
25968 61
25983 62
26005 61
26005 60
26064 59
26077 60
26168 61
26191 62
26211 63
26223 64
26228 64
26280 63
26293 62
26363 63
26363 63
26387 64
26403 65
26415 66
26444 66
26448 67
26458 68
26525 69
26535 68
26567 69
26580 68
26627 69
26687 68
26703 67
26762 66
26777 65
26789 66
26803 67
26803 68
26830 68
26911 69
26940 70
26999 69
27007 70
27043 69
27141 70
27191 69
27227 68
27349 69
27353 70
27357 69
27358 70
27403 71
27403 72
27439 71
27472 70
27483 71
27588 72
27616 71
27637 70
27707 71
27763 70
27767 69
27820 68
27840 67
27852 66
27942 67
27946 66
28031 65
28040 66
28072 65
28088 66
28090 67
28123 66
28138 65
28142 66
28155 65
28179 64
28225 65
28228 64
28328 65
28334 66
28399 67
28459 68
28473 69
28509 70
28521 69
28552 70
28559 71
28572 72
28619 71
28635 70
28677 69
28679 68
28698 67
28706 68
28785 69
28796 68
28870 67
28897 68
28905 67
28971 68
28996 69
29023 70
29023 71
29067 72
29069 71
29110 72
29114 73
29117 72
29247 71
29312 72
29452 73
29493 74
29539 73
29559 72
29639 71
29653 70
29655 71
29660 70
29666 69
29680 68
29704 67
29719 66
29761 65
29769 66
29779 65
29780 66
29795 65
29801 66
29854 65
29861 66
29986 65
30011 66
30021 67
30046 68
30163 69
30163 70
30176 69
30182 70
30199 69
30224 70
30370 69
30399 70
30431 71
30438 72
30591 73
30591 72
30623 71
30659 72
30667 71
30739 70
30740 69
30761 68
30788 67
30860 66
30879 67
30958 66
30969 65
31000 66
31059 65
31091 64
31097 65
31101 66
31139 67
31146 68
31206 67
31221 66
31244 67
31249 66
31305 65
31317 66
31456 65
31464 64
31503 63
31530 64
31539 65
31578 64
31627 65
31630 66
31632 67
31633 66
31692 67
31704 68
31706 69
31799 68
31800 69
31802 70
31815 71
31824 72
31880 73
31887 72
31951 71
31963 72
31969 73
32087 72
32117 71
32149 72
32153 71
32162 70
32177 69
32191 68
32224 69
32253 68
32300 67
32314 66
32420 65
32421 64
32500 63
32528 62
32547 61
32572 60
32588 61
32659 60
32675 61
32676 62
32682 63
32682 64
32720 65
32726 64
32779 63
32850 62
32851 63
32876 64
32883 63
32913 62
33039 61
33095 60
33106 59
33159 58
33197 59
33200 58
33267 59
33270 60
33309 59
33316 60
33350 61
33370 62
33370 61
33414 60
33430 61
33485 62
33543 63
33548 64
33603 63
33653 64
33735 65
33738 66
33770 67
33775 68
33803 69
33831 70
33949 69
34013 70
34019 71
34035 72
34044 73
34102 72
34138 71
34167 70
34235 69
34248 68
34279 67
34291 66
34334 67
34351 68
34360 69
34363 70
34522 71
34524 71
34550 72
34561 73
34570 72
34683 73
34714 74
34718 75
34749 74
34765 73
34793 72
34806 71
34853 72
34867 71
34901 70
34903 69
35009 70
35037 69
35094 68
35117 67
35148 66
35238 65
35253 64
35272 63
35364 64
35458 65
35499 64
35541 63
35556 64
35557 65
35558 66
35559 67
35560 68
35659 69
35737 70
35738 71
35817 72
35903 73
35924 72
35970 71
36005 70
36020 71
36039 72
36051 71
36055 70
36075 69
36111 70
36115 71
36116 70
36191 69
36200 68
36208 69
36208 70
36210 71
36272 72
36368 71
36495 72
36502 71
36529 70
36548 71
36555 70
36590 71
36640 70
36670 69
36672 70
36720 71
36772 70
36844 69
36971 70
36999 69
37017 70
37035 69
37071 70
37084 69
37091 68
37093 67
37108 66
37116 65
37131 64
37139 63
37152 62
37186 61
37195 62
37203 61
37203 62
37215 61
37234 60
37235 61
37249 62
37254 61
37397 60
37440 61
37551 62
37640 63
37651 64
37657 65
37670 66
37674 67
37791 66
37829 67
37838 68
37900 69
37932 70
37992 71
38039 70
38070 69
38081 68
38094 69
38119 68
38139 67
38180 68
38193 67
38193 66
38207 65
38222 66
38249 65
38303 66
38307 67
38333 68
38378 69
38384 70
38389 69
38395 68
38473 69
38479 68
38484 69
38485 70
38507 69
38516 68
38527 69
38527 70
38613 69
38643 68
38675 67
38707 68
38740 69
38783 68
38814 69
38836 68
38855 69
38925 70
38926 71
38945 70
38947 69
38951 70
38959 69
38979 70
38987 69
39007 68
39079 69
39131 70
39131 71
39205 70
39231 69
39259 68
39291 67
39428 66
39429 65
39483 64
39508 63
39548 62
39553 63
39559 64
39604 65
39609 66
39615 67
39667 66
39679 65
39716 64
39751 65
39788 66
39795 65
39803 66
39803 67
39814 66
39828 65
39857 64
39867 63
39939 64
39952 63
39995 62
39997 61
40039 62
40105 63
40127 62
40138 63
40163 64
40251 63
40257 64
40262 65
40347 64
40365 65
40377 66
40383 67
40394 68
40449 69
40523 68
40523 67
40571 68
40683 69
40683 70
40716 69
40733 68
40739 67
40745 66
40765 67
40784 66
40785 65
40835 66
40860 67
40863 66
40902 65
40952 66
40956 67
40967 68
40969 69
41138 68
41159 67
41179 68
41232 67
41285 68
41287 69
41338 68
41411 67
41429 66
41430 65
41436 66
41563 67
41572 68
41622 69
41636 68
41711 69
41725 70
41730 71
41731 70
41731 69
41749 68
41755 69
41765 70
41804 71
41859 70
41907 69
41923 70
41961 71
41972 72
42112 73
42128 72
42175 71
42182 72
42214 71
42282 70
42283 69
42283 68
42324 67
42361 68
42469 69
42561 70
42611 71
42679 72
42735 73
42895 74
42915 73
43012 74
43036 73
43104 72
43141 73
43177 74
43178 75
43231 74
43427 75
43429 76
43443 77
43571 76
43580 77
43641 76
43710 75
43765 74
43766 73
43897 72
43905 71
43907 72
43965 71
44037 70
44051 69
44082 68
44167 67
44272 66
44279 67
44338 68
44374 69
44430 68
44464 67
44506 68
44508 67
44547 66
44605 65
44612 66
44643 65
44663 64
44683 63
44705 62
44758 63
44798 62
44801 63
44803 64
44807 63
44825 64
44844 65
44849 66
44853 67
44879 68
44879 69
44881 70
44912 69
44926 70
44957 69
45031 68
45111 67
45262 66
45279 65
45283 64
45315 63
45325 62
45337 63
45339 64
45339 65
45390 64
45403 63
45432 64
45496 63
45531 64
45543 65
45579 64
45587 65
45616 64
45644 65
45663 66
45664 67
45710 66
45756 67
45772 66
45782 67
45803 68
45827 67
45838 66
45865 65
45904 66
45920 65
45923 64
45965 65
45984 65
46041 64
46097 63
46119 64
46120 65
46123 66
46123 67
46153 68
46189 69
46239 68
46292 67
46321 66
46397 65
46424 64
46431 63
46541 64
46566 65
46573 66
46651 65
46651 64
46653 63
46687 64
46736 63
46763 62
46815 61
46836 62
46885 63
46888 62
46909 63
46940 62
46959 63
46986 62
47036 63
47090 62
47115 61
47119 62
47164 63
47219 64
47223 63
47235 64
47235 65
47251 64
47296 63
47320 64
47328 65
47350 64
47397 65
47453 64
47454 63
47541 63
47543 64
47548 64
47571 63
47695 62
47715 63
47715 63
47715 64
47723 63
47723 64
47771 65
47779 64
47880 65
47887 64
47907 65
47941 64
47961 65
47978 66
48012 65
48083 66
48096 67
48099 68
48106 69
48109 70
48137 69
48186 68
48207 69
48229 70
48287 69
48289 68
48291 69
48296 68
48399 69
48403 70
48406 69
48409 68
48426 69
48428 70
48536 71
48539 72
48587 71
48608 72
48609 73
48643 72
48682 71
48742 72
48750 71
48761 70
48843 69
48844 68
48852 69
48858 68
48859 69
48863 68
48872 67
48896 66
48978 65
49039 64
49046 63
49149 62
49163 61
49168 60
49199 61
49299 62
49300 63
49317 64
49318 65
49378 66
49386 67
49409 68
49423 69
49468 68
49510 69
49526 70
49535 71
49539 72
49602 71
49703 72
49707 73
49712 72
49730 71
49757 70
49794 69
49814 70
49967 69
49969 70
50091 71
50115 72
50146 71
50154 72
50185 71
50211 72
50221 71
50284 72
50305 73
50344 74
50346 75
50497 74
50569 75
50833 74
50848 75
50854 74
50869 75
50920 74
50980 73
51005 74
51012 75
51069 74
51146 75
51243 74
51335 75
51434 74
51470 73
51508 74
51553 75
51554 76
51554 75
51588 75
51600 74
51601 73
51614 74
51689 75
51796 74
51912 73
51929 72
51984 71
51995 70
52023 69
52166 70
52176 69
52189 68
52191 69
52214 68
52227 67
52339 66
52348 65
52436 66
52437 67
52440 68
52461 69
52540 68
52553 67
52582 68
52680 67
52722 66
52734 67
52735 66
52765 67
52779 66
52780 65
52803 64
52853 63
52899 62
52940 61
52944 62
52953 63
52999 64
53036 65
53040 64
53047 63
53059 64
53077 63
53081 64
53112 63
53123 64
53132 63
53201 64
53228 65
53297 66
53306 65
53331 66
53339 65
53341 66
53342 65
53397 66
53447 67
53571 66
53583 65
53588 66
53625 67
53742 66
53760 65
53836 64
53846 63
53923 64
53948 65
54017 66
54076 67
54107 66
54107 65
54114 66
54117 67
54187 66
54197 65
54231 64
54292 65
54293 66
54355 65
54431 66
54475 67
54513 66
54537 67
54559 66
54576 65
54583 66
54603 67
54623 68
54635 69
54642 70
54689 69
54699 68
54723 67
54825 68
54863 67
54877 68
54890 67
54941 68
55022 69
55025 68
55027 67
55035 66
55039 65
55055 66
55138 67
55199 68
55205 69
55215 70
55224 71
55224 70
55299 69
55350 68
55463 67
55499 68
55563 67
55596 68
55626 69
55661 68
55698 67
55711 66
55772 65
55773 66
55783 67
55815 68
55847 67
55855 68
55861 69
55866 70
55894 71
55911 72
56043 71
56055 70
56072 69
56255 70
56260 69
56294 70
56295 71
56303 70
56315 71
56328 70
56330 69
56331 68
56389 69
56411 68
56418 67
56430 66
56441 67
56442 68
56452 69
56579 68
56585 67
56620 66
56636 65
56647 64
56709 63
56727 64
56748 65
56771 64
56772 65
56815 64
56844 65
56887 64
56915 65
56955 66
56967 65
56971 66
56979 65
57051 66
57068 67
57068 68
57087 67
57110 66
57191 67
57211 66
57313 67
57325 68
57342 67
57348 68
57390 67
57533 68
57567 67
57567 66
57578 65
57587 66
57631 65
57632 66
57657 67
57719 66
57758 65
57762 66
57822 65
57835 66
57921 67
57971 68
57978 67
58055 68
58122 69
58131 68
58231 69
58284 70
58286 71
58323 72
58339 71
58395 70
58551 69
58609 70
58663 69
58677 70
58717 69
58724 70
58809 71
58816 70
58899 71
58993 72
58994 73
59001 74
59018 73
59075 72
59099 73
59100 74
59206 75
59213 74
59222 73
59294 73
59319 72
59360 71
59418 70
59441 69
59443 70
59522 71
59559 70
59619 71
59711 70
59743 71
59750 70
59752 71
59757 72
59769 73
59773 72
59783 71
59795 70
59803 69
59823 68
59840 67
59847 66
59928 67
59981 66
60005 67
60032 66
60101 65
60133 64
60148 63
60166 62
60200 61
60229 62
60259 61
60311 60
60364 61
60388 62
60406 63
60420 64
60420 65
60491 64
60553 63
60585 64
60648 63
60672 64
60693 63
60706 64
60804 65
60805 66
60808 67
60815 68
60829 67
60843 66
60844 65
60907 66
60913 65
60927 64
60929 65
60992 66
60999 65
61001 66
61117 65
61148 66
61203 65
61234 65
61235 64
61271 63
61295 62
61300 61
61319 62
61347 63
61418 64
61421 63
61525 64
61528 65
61529 66
61533 67
61547 66
61563 65
61566 66
61581 67
61603 66
61671 65
61708 66
61708 67
61767 68
61835 69
61835 68
61842 69
61843 70
61876 71
61882 72
61891 71
61955 70
61979 69
61988 68
61998 69
62019 70
62029 69
62070 68
62139 67
62147 68
62151 67
62159 66
62234 65
62260 64
62261 63
62319 62
62455 63
62462 64
62463 65
62495 64
62495 65
62530 66
62555 67
62557 68
62570 69
62573 68
62874 69
62876 68
62882 67
62885 68
62915 69
62973 68
63015 69
63020 70
63094 71
63126 70
63159 71
63159 70
63160 71
63195 70
63215 71
63227 72
63231 73
63250 72
63264 71
63283 72
63293 71
63411 72
63415 71
63416 72
63420 73
63497 72
63511 73
63539 72
63585 73
63595 72
63613 73
63623 72
63657 71
63699 70
63707 69
63725 68
63731 68
63732 67
63788 66
63799 67
63799 66
63806 67
63807 68
63834 67
63839 66
63872 65
63888 64
63945 63
64005 62
64055 61
64171 60
64191 61
64200 62
64201 63
64235 62
64279 63
64297 62
64300 63
64364 62
64371 63
64393 64
64410 63
64486 62
64496 63
64500 64
64515 63
64549 64
64563 63
64577 64
64603 65
64629 66
64646 65
64650 66
64735 65
64748 64
64757 63
64760 62
64798 63
64945 62
64969 63
64979 64
64994 63
65107 62
65144 63
65167 62
65171 63
65213 62
65250 61
65256 62
65264 61
65372 62
65373 63
65382 64
65450 65
65453 66
65461 67
65480 68
65482 67
65486 66
65559 67
65563 68
65606 69
65606 70
65607 71
65609 72
65653 73
65661 74
65664 73
65677 74
65807 73
65883 72
65973 71
66013 72
66023 73
66037 72
66038 73
66041 74
66109 75
66110 74
66121 73
66132 72
66215 71
66276 70
66276 71
66443 72
66452 71
66515 70
66515 69
66535 68
66554 69
66569 70
66570 71
66578 72
66578 73
66681 74
66706 73
66775 72
66828 71
66960 72
66976 73
66985 72
66993 73
66999 72
67019 71
67024 70
67040 69
67040 70
67219 69
67227 68
67244 67
67252 68
67261 67
67326 66
67415 67
67432 68
67439 67
67439 66
67448 67
67472 68
67479 69
67487 68
67505 67
67616 66
67623 67
67649 66
67667 67
67676 66
67701 65
67747 66
67825 67
67924 68
67966 67
67971 66
67989 65
68027 64
68056 65
68060 66
68061 67
68071 66
68099 65
68131 66
68319 67
68323 68
68323 69
68358 70
68393 71
68420 72
68509 73
68543 74
68546 75
68569 76
68573 75
68594 76
68645 75
68712 74
68723 73
68758 74
68810 73
68825 74
68884 73
68927 74
68970 73
69003 72
69050 73
69056 72
69114 71
69142 72
69231 73
69263 72
69333 73
69338 74
69347 73
69361 72
69455 71
69482 70
69526 71
69563 70
69571 69
69600 70
69608 71
69667 70
69669 69
69702 70
69748 69
69906 70
69912 71
69917 70
70004 69
70018 68
70019 67
70044 66
70135 67
70276 66
70279 67
70279 68
70285 69
70295 70
70344 69
70348 68
70363 67
70404 66
70451 67
70495 68
70519 69
70529 70
70588 69
70656 70
70681 71
70693 70
70735 69
70735 68
70762 69
70786 70
70795 69
70795 70
70810 69
70842 68
70854 69
70855 70
70894 71
71081 70
71085 71
71116 70
71131 69
71147 68
71239 67
71251 66
71267 65
71282 64
71292 63
71319 64
71320 65
71354 66
71392 65
71420 66
71445 65
71462 66
71470 67
71506 66
71526 65
71559 64
71573 65
71575 66
71584 67
71596 66
71639 65
71669 66
71670 67
71779 66
71792 67
71797 68
71810 69
71814 68
71836 67
71852 68
71852 69
71863 70
71927 69
72025 68
72074 67
72080 66
72099 67
72176 66
72210 65
72211 66
72258 65
72267 64
72296 65
72300 66
72322 67
72358 68
72386 69
72458 68
72471 69
72483 68
72552 69
72554 70
72560 71
72612 72
72613 71
72659 70
72732 71
72738 70
72765 69
72824 68
72846 67
72862 68
72959 67
73012 66
73014 67
73019 68
73026 69
73035 70
73133 69
73155 68
73191 67
73191 66
73268 65
73291 66
73293 67
73315 66
73327 65
73335 66
73369 65
73447 66
73488 65
73512 66
73534 67
73541 66
73541 67
73573 66
73609 65
73623 66
73632 65
73651 66
73689 65
73753 64
73830 65
73863 66
73899 67
73914 68
73919 69
73949 68
73977 67
73988 66
73993 67
74004 68
74069 67
74091 66
74177 67
74184 68
74202 69
74223 68
74225 69
74241 68
74270 69
74301 68
74319 67
74322 66
74359 65
74391 66
74467 65
74473 64
74489 65
74508 66
74518 65
74554 64
74609 65
74625 66
74635 65
74674 66
74729 65
74772 66
74788 67
74826 68
74831 69
74851 68
74914 67
74926 66
74946 65
74999 66
75008 65
75027 66
75048 67
75079 68
75132 69
75196 68
75208 69
75230 70
75423 71
75432 72
75443 71
75476 70
75488 71
75511 70
75527 69
75636 68
75642 69
75726 70
75806 71
75808 72
75811 73
75819 72
75901 73
75935 72
76042 71
76071 72
76091 73
76120 72
76145 71
76148 70
76163 71
76198 72
76199 71
76200 72
76232 71
76364 70
76368 69
76398 68
76459 67
76524 68
76554 67
76603 68
76615 69
76631 70
76657 71
76667 72
76694 73
76699 74
76708 75
76766 76
76773 75
76791 74
76860 73
76866 72
76911 71
77043 72
77103 71
77140 70
77251 71
77256 70
77278 69
77292 70
77343 69
77382 68
77435 67
77458 68
77481 69
77487 70
77495 71
77520 70
77569 71
77655 70
77687 71
77717 70
77760 69
77763 68
77779 67
77851 68
77871 69
77896 70
77902 69
77907 70
77910 69
77944 68
77995 69
78036 70
78127 71
78139 70
78140 71
78188 72
78247 71
78261 70
78285 71
78310 70
78351 69
78369 68
78375 69
78378 70
78511 71
78559 70
78705 71
78734 70
78747 69
78804 70
78812 71
78817 70
78854 71
78960 70
78974 71
79035 72
79037 71
79055 70
79156 69
79163 70
79196 69
79255 70
79332 71
79363 72
79391 73
79459 74
79576 75
79619 74
79679 73
79689 72
79691 73
79710 74
79764 73
79781 72
79838 73
79840 74
79921 73
79982 74
79999 75
80050 74
80156 73
80201 74
80235 73
80276 72
80286 71
80332 70
80366 69
80460 68
80534 69
80567 68
80589 69
80632 70
80643 71
80682 70
80743 69
80744 68
80751 69
80768 68
80780 69
80845 70
80868 71
80868 70
80881 71
80888 72
80914 71
80952 72
80963 71
81046 70
81069 69
81086 68
81251 67
81262 68
81286 67
81292 68
81390 67
81401 68
81438 69
81439 70
81476 69
81478 68
81493 67
81541 66
81543 65
81558 66
81569 65
81594 64
81599 65
81628 64
81651 63
81679 62
81716 61
81727 62
81779 63
81781 62
81793 63
81814 62
81822 63
81830 64
81891 65
81919 66
81928 67
81939 66
81952 65
81967 66
81986 67
81990 66
82007 65
82091 64
82219 65
82241 66
82242 67
82243 68
82249 69
82368 68
82374 67
82379 66
82384 67
82400 68
82411 69
82453 70
82471 71
82481 72
82612 71
82628 70
82645 71
82645 70
82655 69
82657 68
82707 67
82763 66
82867 67
82898 68
82899 67
82943 66
82944 67
82957 68
82971 67
83003 68
83027 67
83091 66
83183 67
83324 66
83379 67
83407 66
83411 65
83412 64
83413 63
83416 63
83418 63
83419 62
83423 62
83424 61
83425 60
83425 60
83427 61
83464 60
83535 61
83567 60
83573 61
83645 60
83648 61
83657 60
83673 59
83694 59
83696 60
83706 59
83731 60
83747 61
83752 62
83752 61
83753 61
83816 62
83829 61
83885 62
83914 63
83969 64
83972 65
83979 64
84013 65
84013 65
84088 66
84122 65
84166 66
84171 65
84179 64
84201 65
84203 64
84211 63
84228 64
84236 63
84243 63
84257 62
84263 63
84264 62
84296 63
84301 62
84303 61
84304 60
84308 59
84311 59
84312 58
84314 57
84314 58
84341 59
84364 60
84374 59
84375 60
84399 59
84410 60
84420 59
84427 58
84427 58
84446 59
84538 58
84547 57
84549 56
84618 57
84656 56
84679 56
84679 56
84681 55
84682 54
84684 53
84685 52
84686 51
84689 51
84696 51
84696 52
84696 51
84703 50
84715 51
84723 50
84723 49
84740 48
84776 48
84779 47
84784 46
84789 45
84792 46
84800 47
84803 46
84804 45
84804 44
84808 43
84811 42
84812 41
84812 40
84812 39
84819 38
84822 37
84879 38
84899 37
84901 36
84905 37
84931 36
84947 37
84949 38
84954 39
84956 38
84957 38
84963 38
84963 37
84963 36
84965 35
84968 34
84970 33
84982 34
84986 33
85048 32
85085 33
85094 34
85096 35
85096 34
85103 35
85103 34
85106 35
85107 34
85111 35
85111 34
85119 33
85120 32
85127 31
85130 30
85154 31
85155 32
85161 33
85163 33
85163 32
85167 33
85170 32
85170 32
85171 33
85174 33
85178 34
85180 33
85183 32
85184 31
85187 31
85187 31
85188 31
85189 30
85195 31
85209 32
85211 33
85217 32
85217 32
85218 32
85218 33
85218 32
85219 32
85219 32
85219 32
85220 31
85220 31
85220 30
85220 29
85220 28
85223 27
85225 26
85225 25
85226 25
85230 25
85234 25
85251 26
85268 27
85307 28
85312 29
85326 28
85367 29
85371 30
85375 30
85381 29
85415 30
85418 31
85436 31
85440 32
85449 33
85449 32
85449 33
85449 34
85452 34
85454 33
85454 34
85455 33
85456 33
85459 32
85461 31
85466 30
85500 31
85511 32
85514 33
85535 32
85548 33
85555 34
85556 35
85560 36
85561 36
85566 35
85595 36
85600 37
85600 38
85602 39
85603 39
85604 38
85604 37
85604 37
85606 37
85606 36
85608 35
85608 34
85608 33
85609 32
85609 32
85609 33
85612 32
85613 32
85614 31
85615 31
85616 31
85616 30
85617 30
85617 30
85628 30
85629 30
85632 30
85634 31
85653 32
85659 31
85660 31
85660 30
85661 31
85676 32
85700 33
85703 32
85704 32
85705 32
85705 32
85705 31
85713 31
85715 31
85716 30
85727 30
85751 31
85759 31
85760 31
85767 31
85773 32
85782 31
85783 31
85783 32
85783 32
85789 32
85791 32
85791 33
85806 33
85838 34
85839 35
85842 36
85843 37
85847 38
85848 37
85851 36
85852 35
85852 34
85852 33
85856 33
85856 33
85867 33
85869 34
85870 33
85873 32
85875 32
85927 33
85931 34
85955 35
85963 36
85977 37
85986 36
85987 35
85995 34
86054 33
86061 34
86079 35
86080 36
86084 37
86087 36
86087 36
86090 37
86146 38
86160 37
86162 38
86173 39
86174 40
86175 41
86176 40
86181 39
86188 38
86190 38
86192 38
86197 37
86201 38
86203 39
86235 40
86243 39
86245 40
86251 41
86254 40
86317 39
86317 40
86319 41
86324 42
86328 41
86336 42
86351 43
86352 44
86359 44
86365 44
86393 45
86413 46
86419 47
86427 46
86431 46
86445 47
86463 48
86465 49
86468 50
86469 50
86484 51
86488 50
86489 51
86495 52
86547 51
86568 50
86572 51
86578 51
86586 52
86599 53
86626 54
86639 55
86648 56
86659 57
86675 56
86680 57
86695 58
86711 59
86722 58
86735 59
86746 60
86756 61
86763 62
86815 61
86855 61
86867 60
86876 61
86882 60
86898 59
86919 58
86949 59
86955 60
86968 61
87036 62
87068 63
87074 64
87097 63
87144 64
87149 65
87155 64
87191 65
87276 64
87352 65
87355 65
87355 65
87356 64
87356 64
87356 63
87357 63
87359 64
87359 64
87360 64
87364 63
87367 62
87367 61
87463 62
87520 63
87530 62
87533 61
87536 60
87575 61
87584 60
87614 61
87617 62
87627 63
87714 64
87733 65
87739 64
87740 63
87740 62
87740 62
87744 61
87745 60
87747 59
87749 58
87750 57
87760 58
87764 57
87765 56
87769 55
87773 56
87833 57
87833 58
87834 59
87837 58
87841 57
87843 58
87843 57
87844 56
87844 55
87846 54
87847 53
87848 52
87848 51
87848 52
87853 51
87855 50
87855 50
87856 49
87863 50
87986 51
87987 50
87992 49
87997 48
88000 47
88028 48
88029 49
88031 50
88035 49
88035 49
88036 49
88037 48
88038 47
88050 48
88059 47
88062 46
88077 45
88078 46
88079 46
88083 46
88083 46
88084 46
88087 46
88089 45
88091 44
88092 44
88126 45
88136 44
88138 45
88143 45
88148 44
88155 43
88196 44
88198 44
88199 44
88199 44
88205 43
88206 42
88206 42
88207 42
88213 41
88213 41
88213 41
88213 41
88227 42
88235 43
88243 42
88244 41
88274 42
88279 41
88281 41
88283 40
88284 40
88286 39
88289 39
88311 38
88315 39
88323 38
88324 37
88324 36
88324 35
88324 34
88324 33
88355 34
88357 35
88362 36
88364 36
88364 37
88368 36
88372 37
88373 36
88382 36
88434 37
88444 36
88467 37
88471 37
88472 36
88476 37
88479 36
88480 35
88480 34
88480 33
88481 34
88489 35
88490 35
88491 35
88497 35
88498 34
88499 33
88501 33
88502 33
88505 32
88508 32
88527 32
88528 33
88531 34
88539 34
88551 33
88608 34
88609 35
88612 34
88618 34
88619 33
88622 32
88623 31
88624 31
88624 30
88625 29
88626 30
88627 31
88644 32
88654 32
88657 31
88664 30
88667 30
88667 29
88695 30
88696 31
88705 32
88708 33
88716 33
88780 34
88810 35
88819 36
88820 37
88823 36
88825 36
88825 36
88827 35
88837 35
88851 36
88851 37
88859 37
88860 37
88863 36
88869 36
88875 37
88953 36
88988 37
89015 37
89017 37
89019 36
89020 37
89028 37
89034 36
89038 35
89052 36
89059 35
89069 34
89090 35
89091 36
89092 37
89094 38
89101 38
89104 37
89107 38
89111 39
89139 40
89149 39
89151 38
89163 39
89165 40
89165 39
89166 40
89167 41
89169 40
89171 39
89175 40
89178 40
89179 39
89179 40
89180 39
89181 40
89186 39
89187 38
89192 39
89193 38
89194 39
89194 39
89198 40
89208 40
89227 39
89228 39
89228 38
89232 37
89247 38
89287 39
89291 40
89300 40
89301 40
89301 40
89301 40
89301 39
89308 40
89313 39
89316 38
89328 39
89334 40
89367 39
89368 38
89369 37
89379 38
89384 38
89385 38
89387 37
89387 36
89388 35
89391 34
89399 35
89399 36
89401 37
89407 37
89409 38
89412 37
89413 37
89414 37
89415 36
89420 35
89525 36
89529 37
89543 38
89548 37
89587 37
89589 38
89591 37
89591 38
89599 37
89603 36
89621 37
89626 38
89627 38
89627 39
89630 39
89634 39
89640 40
89647 41
89673 42
89683 43
89703 44
89708 44
89709 45
89712 46
89713 46
89713 45
89713 44
89713 43
89713 42
89713 42
89713 42
89713 41
89714 41
89714 40
89723 39
89747 39
89755 40
89759 39
89781 39
89783 40
89791 39
89796 40
89839 41
89870 42
89877 41
89892 42
89942 43
89971 42
89990 43
89992 44
89995 45
89998 45
90003 46
90012 47
90020 48
90025 47
90043 48
90088 49
90103 50
90113 50
90115 49
90116 48
90120 49
90123 48
90127 49
90129 48
90135 47
90139 46
90155 47
90161 48
90168 49
90195 50
90196 51
90196 52
90251 53
90267 54
90272 53
90279 54
90287 55
90291 56
90296 57
90319 58
90327 57
90339 58
90342 57
90348 56
90352 56
90368 55
90375 56
90388 57
90388 58
90388 59
90388 60
90389 59
90427 60
90429 59
90487 60
90492 59
90511 60
90580 59
90587 60
90593 60
90596 61
90596 60
90654 61
90670 60
90767 61
90784 62
90830 63
90839 64
90840 65
90901 66
90908 67
90909 68
90912 69
90915 68
90949 69
90956 68
91027 69
91047 70
91059 71
91071 72
91163 71
91165 72
91196 71
91231 70
91247 69
91258 70
91259 69
91276 68
91310 69
91353 68
91376 69
91400 68
91433 69
91459 70
91523 69
91610 70
91687 69
91699 70
91728 71
91758 70
91799 71
91924 72
92016 71
92035 72
92036 73
92089 74
92099 73
92116 74
92117 75
92132 76
92137 75
92159 76
92311 77
92458 78
92515 77
92551 76
92557 77
92582 78
92590 77
92613 78
92677 77
92700 76
92985 77
93102 76
93435 77
93498 76
93574 75
93594 76
93597 77
93825 76
93932 77
94090 76
94139 77
94214 76
94326 77
94439 78
94524 77
94615 78
94643 79
94795 80
94852 79
95293 78
95395 77
95627 76
95634 75
95638 74
95655 73
95655 74
95659 73
95672 72
95695 71
95712 70
95750 69
95763 68
95840 67
95883 68
95926 67
95935 68
95939 67
95959 66
96041 67
96051 66
96053 65
96105 64
96112 65
96153 66
96238 67
96302 66
96331 65
96360 66
96424 65
96436 66
96437 65
96485 66
96501 65
96571 64
96631 63
96637 62
96688 63
96706 64
96716 65
96739 66
96770 65
96780 64
96792 63
96815 64
96815 65
96826 66
96834 67
96852 66
96895 67
96927 68
96943 67
96956 66
96998 65
96998 64
96999 63
97027 62
97044 61
97047 60
97074 61
97074 60
97136 59
97162 58
97163 59
97180 58
97191 57
97212 56
97265 57
97288 56
97316 55
97343 54
97356 53
97383 52
97394 53
97403 52
97408 51
97409 52
97411 51
97416 52
97452 51
97487 52
97490 53
97511 52
97567 53
97592 52
97607 53
97616 54
97617 55
97624 56
97638 55
97663 56
97663 57
97680 56
97766 57
97785 58
97805 59
97817 58
97829 59
97843 60
97871 59
97898 60
97912 61
97918 60
97960 59
97975 60
98015 61
98016 62
98021 61
98028 60
98044 59
98052 60
98052 61
98052 62
98113 61
98125 62
98156 63
98188 62
98190 63
98191 62
98202 63
98220 62
98224 61
98249 60
98255 61
98262 62
98278 61
98301 62
98310 63
98364 64
98434 65
98436 66
98436 67
98439 68
98461 69
98476 68
98552 67
98558 68
98578 69
98594 70
98631 69
98648 68
98678 67
98697 68
98727 69
98749 68
98792 67
98803 68
98812 67
98840 66
98875 65
98895 64
98959 63
98969 64
98970 65
99109 66
99140 65
99214 64
99224 63
99284 64
99292 63
99302 62
99307 61
99313 62
99355 63
99356 64
99367 65
99408 66
99412 67
99448 66
99562 67
99590 66
99764 65
99768 66
99768 67
99820 68
99836 69
99837 68
99856 67
99869 66
99875 67
99877 68
99878 69
99879 70
99882 71
99884 70
99885 71
99968 70
99980 69
100033 68
100036 67
100068 68
100068 69
100071 70
100078 69
100084 70
100165 69
100232 70
100240 69
100290 70
100316 71
100324 70
100330 69
100336 68
100404 67
100477 66
100480 67
100545 66
100579 65
100582 64
100591 63
100632 64
100660 63
100775 64
100776 63
100864 64
100893 65
100909 66
100917 67
100918 68
101003 67
101017 68
101064 67
101100 68
101100 68
101185 69
101247 68
101264 69
101343 70
101354 69
101369 70
101417 71
101510 72
101570 71
101571 72
101620 73
101648 74
101732 73
101733 74
101733 75
101733 76
101814 77
101896 78
101944 79
101966 78
102052 77
102101 78
102136 77
102192 76
102194 75
102260 74
102277 73
102420 74
102438 73
102499 72
102578 73
102632 74
102633 73
102636 74
102740 73
102748 74
102791 73
102845 74
103027 75
103044 74
103077 73
103094 72
103136 73
103145 72
103155 71
103195 72
103199 71
103253 70
103274 69
103298 68
103300 67
103368 66
103445 67
103449 68
103451 69
103473 68
103480 69
103664 68
103668 69
103703 70
103760 69
103899 68
103953 69
103968 70
103972 69
104030 68
104048 67
104084 66
104191 67
104212 68
104223 69
104230 68
104247 67
104248 66
104296 67
104352 68
104416 67
104454 68
104494 67
104509 68
104510 69
104512 68
104519 69
104519 68
104579 69
104600 68
104625 69
104637 68
104676 67
104716 68
104740 69
104744 68
104793 67
104828 66
104874 65
104893 64
104897 63
104907 62
104926 61
104940 60
104978 61
105000 62
105008 61
105011 62
105060 63
105130 64
105145 65
105149 66
105172 65
105221 66
105225 65
105244 64
105376 63
105384 64
105397 65
105410 66
105450 65
105463 66
105465 67
105512 66
105520 65
105521 66
105539 65
105559 64
105614 65
105625 66
105642 67
105658 66
105667 65
105703 66
105752 67
105755 66
105774 65
105798 64
105847 65
105866 64
105904 65
105909 66
105912 65
105944 66
106034 67
106036 66
106150 65
106167 66
106168 65
106173 64
106246 65
106255 66
106261 67
106261 68
106278 69
106324 68
106356 69
106396 68
106491 67
106494 68
106508 69
106562 68
106601 67
106665 68
106699 69
106723 68
106739 69
106792 68
106797 67
106803 66
106820 67
106862 66
106897 65
106981 66
107018 67
107058 66
107064 67
107088 66
107140 67
107209 68
107217 69
107360 70
107467 69
107477 68
107499 69
107505 70
107716 71
107738 72
107752 71
107776 72
107853 73
107855 72
107868 73
107870 72
107895 73
107900 74
107935 73
107962 74
107967 73
107984 74
108009 75
108044 76
108052 75
108096 74
108108 73
108179 72
108286 73
108464 72
108465 73
108471 74
108567 75
108571 76
108654 75
108663 74
108685 73
108736 74
108794 73
108878 72
108908 73
108910 72
108935 73
108990 72
109000 71
109071 70
109233 69
109240 70
109304 69
109317 70
109350 71
109399 72
109408 73
109425 74
109466 75
109468 74
109488 75
109526 74
109553 73
109572 74
109610 75
109642 74
109700 73
109728 72
109756 71
109928 72
109960 71
110108 72
110161 73
110173 74
110176 73
110186 72
110244 73
110257 72
110340 73
110367 72
110457 71
110528 70
110550 71
110586 70
110589 71
110638 70
110648 69
110653 68
110655 67
110662 66
110740 65
110794 64
110800 63
110820 64
110904 65
110929 66
111088 67
111195 68
111218 69
111308 68
111342 69
111350 70
111353 71
111367 72
111394 73
111404 72
111498 71
111522 70
111564 71
111565 72
111708 71
111725 70
111740 71
111756 72
111912 73
111940 72
111946 71
111959 72
111963 71
111980 70
112031 70
112040 71
112054 70
112117 69
112127 70
112188 69
112321 68
112343 67
112362 68
112432 67
112436 66
112517 65
112524 66
112529 67
112535 68
112627 69
112660 70
112687 69
112750 70
112754 71
112755 72
112786 71
112832 72
112860 71
112896 70
112911 71
112954 70
112992 71
113088 72
113093 73
113110 72
113124 71
113164 70
113168 69
113173 68
113204 67
113216 66
113236 65
113255 64
113257 63
113277 64
113350 65
113410 64
113438 65
113441 64
113533 63
113540 64
113541 65
113560 64
113576 63
113586 64
113599 63
113603 62
113616 61
113620 62
113668 63
113681 64
113740 63
113757 64
113816 65
113860 64
113863 65
113947 64
113991 63
113992 64
113992 65
114000 64
114003 65
114028 66
114039 67
114075 68
114088 69
114123 70
114127 71
114128 72
114219 71
114224 70
114228 71
114251 70
114305 71
114412 70
114428 69
114457 70
114459 71
114479 70
114528 71
114605 70
114620 69
114662 68
114728 69
114780 68
114798 67
114855 68
114861 69
114871 68
114886 67
114912 68
114912 69
114920 70
114936 69
114952 70
114988 69
115015 70
115100 69
115174 68
115322 69
115325 68
115328 69
115348 68
115391 67
115443 66
115447 67
115448 68
115452 69
115459 70
115480 71
115514 70
115540 69
115651 70
115652 70
115680 69
115791 70
115877 69
115937 68
115990 69
116004 68
116052 69
116083 70
116096 71
116147 70
116169 71
116206 70
116230 69
116235 68
116264 67
116270 68
116278 69
116290 68
116302 67
116304 66
116326 67
116352 68
116388 67
116520 68
116536 67
116724 66
116724 67
116724 68
116771 67
116864 68
116867 69
116868 68
116901 69
116979 70
116984 71
116996 70
117032 71
117124 70
117132 69
117134 70
117144 69
117168 70
117184 69
117184 68
117246 69
117312 68
117403 67
117405 66
117520 67
117576 68
117579 69
117617 68
117675 67
117695 68
117756 69
117836 70
117836 71
117872 72
117969 73
117999 72
118008 73
118048 74
118054 75
118140 74
118170 75
118219 74
118233 75
118269 76
118400 77
118420 76
118420 75
118421 74
118513 75
118625 74
118628 73
118742 72
118755 73
118756 74
118780 75
118780 74
118824 73
118832 72
118844 71
118845 70
118868 69
118877 68
118877 67
118889 66
118948 65
119025 64
119061 65
119188 64
119218 65
119220 66
119236 67
119252 68
119264 69
119316 70
119360 69
119360 68
119402 67
119471 66
119501 65
119501 66
119567 67
119614 66
119617 65
119653 64
119692 65
119692 66
119745 67
119760 68
119763 69
119765 68
119777 69
119799 70
119856 69
119904 68
119924 69
119939 70
119990 69
120014 68
120036 69
120208 70
120208 69
120240 68
120240 69
120251 70
120267 71
120304 70
120304 69
120370 68
120532 69
120552 68
120565 69
120581 70
120585 69
120617 68
120658 67
120697 68
120697 69
120728 68
120729 69
120733 68
120746 69
120756 70
120840 69
120920 68
120957 69
120964 68
120971 69
121008 70
121008 71
121018 70
121038 69
121044 68
121132 69
121221 68
121226 69
121249 68
121276 67
121325 68
121352 69
121462 70
121544 71
121556 72
121596 71
121620 70
121634 69
121648 68
121689 67
121692 66
121746 67
121790 66
121860 65
121888 66
121928 67
121946 66
122012 67
122013 66
122060 65
122116 64
122131 65
122145 66
122151 65
122158 66
122188 67
122243 68
122296 67
122305 66
122316 67
122326 68
122347 67
122490 68
122492 69
122523 70
122549 71
122560 72
122639 73
122740 74
122772 73
122774 74
122820 73
122835 72
122856 71
122875 70
122997 71
122999 72
123172 71
123251 72
123255 71
123351 70
123477 71
123493 70
123505 69
123534 70
123576 71
123640 70
123641 69
123660 70
123685 69
123754 70
123763 71
123796 71
123828 70
123834 69
123845 68
123877 69
123996 68
124004 69
124035 68
124067 69
124111 70
124148 69
124178 70
124214 69
124248 70
124311 69
124313 68
124368 69
124444 70
124448 71
124449 72
124509 71
124510 70
124527 69
124560 68
124581 69
124657 70
124704 71
124820 70
124840 71
124932 72
124937 71
124942 70
124979 71
125004 72
125054 71
125091 72
125110 71
125135 72
125258 73
125262 74
125283 75
125375 76
125386 77
125389 76
125427 75
125553 76
125626 75
125663 76
125664 75
125718 74
125788 73
125799 72
125808 71
125904 70
125929 71
125946 72
125952 71
126077 70
126081 71
126081 72
126083 73
126137 74
126182 73
126220 72
126286 71
126357 72
126362 73
126453 72
126456 71
126461 72
126471 73
126495 72
126556 73
126556 74
126635 75
126650 74
126667 73
126672 72
126676 73
126841 72
126852 71
126894 72
127050 71
127080 70
127111 69
127113 70
127119 70
127168 69
127218 68
127219 67
127309 66
127318 67
127369 68
127403 67
127417 66
127435 67
127541 68
127553 67
127575 66
127628 67
127637 68
127638 69
127660 68
127664 69
127664 70
127724 71
127744 70
127807 69
127865 68
127980 67
128012 68
128018 69
128019 70
128035 69
128041 68
128059 67
128130 68
128157 69
128180 68
128226 67
128268 66
128272 65
128280 66
128288 67
128319 68
128334 67
128351 66
128356 67
128404 66
128412 67
128421 68
128444 67
128448 66
128448 65
128458 64
128471 63
128482 64
128503 65
128526 64
128653 65
128719 64
128740 65
128760 64
128778 63
128844 62
128848 63
128878 64
128885 65
128890 66
128899 65
128912 64
128914 65
129020 64
129064 63
129070 62
129112 61
129113 60
129115 61
129144 60
129144 59
129168 60
129195 61
129211 60
129255 59
129276 60
129287 61
129292 60
129339 61
129425 62
129456 63
129456 64
129466 65
129479 64
129524 65
129525 66
129556 65
129580 64
129580 63
129607 64
129620 65
129660 66
129695 67
129701 66
129718 67
129739 66
129744 67
129874 68
129880 69
129927 68
129960 67
130039 68
130044 69
130044 70
130046 71
130051 72
130055 73
130055 74
130100 75
130209 76
130291 77
130301 76
130305 77
130313 76
130379 75
130453 74
130464 73
130494 72
130519 73
130540 72
130588 71
130663 72
130691 71
130708 72
130753 71
130777 70
130814 69
130853 70
130867 69
130883 68
130896 69
130898 70
130930 71
131068 70
131107 69
131124 68
131127 67
131144 66
131148 65
131255 66
131256 67
131332 66
131337 67
131404 68
131424 67
131456 68
131573 67
131666 68
131729 69
131730 70
131732 71
131740 70
131782 71
131788 72
131796 71
131883 72
131900 73
131970 74
131972 75
131972 74
131998 73
132180 72
132182 73
132200 72
132238 71
132267 72
132272 71
132304 70
132306 71
132321 70
132352 71
132402 70
132414 69
132449 68
132449 67
132556 66
132573 65
132583 64
132598 65
132612 66
132640 67
132649 66
132693 67
132764 68
132802 69
132805 68
132814 69
132872 68
132928 69
132963 68
133018 69
133033 68
133069 69
133217 68
133226 69
133230 70
133265 69
133296 68
133319 69
133326 68
133332 67
133356 68
133373 67
133464 68
133464 69
133499 70
133552 71
133607 72
133708 71
133764 72
133834 73
133864 72
133885 73
133900 72
133950 71
133969 70
133975 69
134088 68
134154 67
134164 68
134243 67
134271 68
134276 67
134355 68
134364 67
134392 68
134452 69
134464 70
134529 69
134616 70
134752 69
134762 68
134792 69
134820 68
134844 67
134849 66
134872 65
134891 66
134893 67
134946 68
134992 69
135056 70
135056 71
135110 72
135122 73
135188 72
135325 73
135340 72
135428 73
135442 74
135516 73
135518 73
135532 72
135549 73
135596 72
135676 71
135705 72
135748 71
135824 72
135849 71
135875 70
135877 69
135881 68
135891 69
135897 70
135935 71
135936 72
135936 71
136053 70
136074 69
136143 70
136204 69
136272 68
136432 69
136461 70
136464 69
136472 70
136525 69
136560 68
136614 67
136677 66
136679 65
136681 64
136694 65
136704 66
136704 67
136773 68
136839 67
136897 68
136901 67
136940 68
136940 69
136941 70
137002 69
137020 70
137106 71
137113 70
137125 71
137206 70
137324 71
137330 72
137359 71
137372 70
137404 69
137438 70
137486 71
137524 70
137564 69
137604 70
137607 71
137666 72
137692 73
137732 74
137736 73
137747 72
137777 73
137840 72
137908 73
137908 72
137934 73
137950 72
137995 73
138005 72
138015 71
138024 72
138113 71
138197 70
138212 69
138235 68
138240 67
138318 68
138368 69
138380 68
138420 69
138461 70
138464 71
138475 72
138481 71
138529 70
138572 71
138585 72
138599 71
138600 72
138600 71
138636 70
138844 69
138849 70
138882 69
138930 68
138981 67
139058 68
139073 67
139080 68
139156 67
139192 68
139240 67
139311 68
139323 69
139324 70
139368 71
139448 70
139459 71
139566 70
139571 71
139650 70
139709 69
139739 70
139746 71
139790 72
139795 71
139816 70
139837 71
139851 70
139867 69
139881 70
139893 69
139912 68
139914 67
139941 66
139945 65
139967 64
139984 65
140097 64
140101 63
140115 62
140124 63
140124 64
140143 63
140153 62
140164 63
140230 62
140243 63
140243 64
140246 65
140256 64
140268 63
140307 62
140384 63
140432 64
140458 65
140464 64
140470 65
140472 66
140532 65
140600 64
140657 63
140689 62
140692 61
140785 62
140838 63
140840 64
140848 63
140860 64
140889 63
140925 64
140933 65
140980 64
141006 65
141009 66
141168 67
141217 66
141236 67
141236 68
141242 69
141246 70
141275 71
141292 72
141315 73
141322 72
141324 71
141346 72
141358 73
141359 74
141407 75
141418 74
141558 73
141588 72
141599 73
141621 74
141692 73
141692 72
141719 71
141731 72
141740 73
141746 72
141756 71
141780 70
141790 69
141792 68
141793 67
141819 66
141855 65
141919 66
141942 67
141946 66
141994 67
142060 68
142170 67
142179 66
142188 67
142193 66
142201 67
142206 66
142224 67
142243 68
142285 67
142296 68
142314 67
142326 66
142329 67
142390 66
142400 65
142404 66
142411 65
142438 64
142546 63
142585 64
142618 65
142724 66
142752 65
142796 64
142808 63
142821 64
142858 65
142861 64
142976 63
142979 64
143013 63
143103 64
143109 63
143153 64
143175 63
143227 64
143235 65
143250 64
143267 63
143283 64
143286 65
143350 64
143371 65
143419 64
143420 65
143470 64
143495 63
143497 64
143560 65
143566 66
143605 65
143620 66
143625 67
143688 66
143696 67
143736 67
143736 68
143803 67
143831 68
143850 69
143880 68
143968 69
144022 68
144055 67
144073 68
144091 69
144097 69
144098 68
144104 69
144131 68
144216 69
144229 70
144261 69
144291 68
144306 67
144320 68
144344 67
144375 66
144432 67
144492 68
144517 69
144598 70
144625 71
144634 70
144714 71
144724 70
144732 71
144733 72
144746 71
144760 70
144801 69
144848 70
144874 71
144903 70
145008 69
145048 68
145115 69
145128 68
145162 67
145194 66
145268 65
145278 66
145280 67
145280 68
145345 69
145362 70
145362 71
145364 70
145374 69
145421 70
145504 71
145515 72
145548 71
145652 70
145682 69
145715 70
145728 71
145735 70
145836 71
145839 72
145885 71
145932 72
145958 71
146010 72
146029 71
146077 70
146180 71
146181 70
146236 71
146284 70
146465 69
146485 68
146488 69
146549 68
146656 67
146716 68
146744 69
146752 68
146920 69
146933 70
147016 71
147038 72
147039 71
147064 72
147102 73
147156 74
147182 73
147202 72
147250 73
147257 74
147312 73
147362 72
147376 73
147425 72
147565 71
147608 72
147608 73
147608 74
147629 75
147629 75
147664 74
147668 73
147678 72
147687 71
147700 70
147704 71
147714 72
147742 71
147787 72
147883 73
147944 72
147972 71
148040 70
148125 69
148168 68
148198 67
148212 68
148257 69
148315 70
148397 71
148437 70
148509 71
148530 70
148583 71
148634 72
148635 73
148664 74
148719 75
148740 74
148796 73
148809 72
148834 73
148852 72
148885 71
149070 70
149076 71
149083 70
149115 69
149116 70
149117 69
149169 68
149192 67
149200 68
149228 69
149229 70
149235 71
149237 72
149237 73
149270 74
149308 73
149394 72
149395 71
149442 72
149449 72
149453 71
149454 70
149496 69
149648 68
149651 67
149658 66
149683 65
149697 64
149721 65
149768 64
149772 63
149777 62
149778 61
149821 62
149824 61
149881 62
149912 61
149913 62
149984 61
149985 60
149985 59
149985 58
149990 59
149995 59
149996 58
150000 58
150001 57
150027 56
150036 57
150093 58
150118 57
150118 56
150121 57
150125 56
150125 55
150127 55
150128 55
150129 55
150135 56
150166 57
150168 56
150191 57
150255 58
150257 57
150263 56
150265 56
150266 56
150267 56
150280 56
150299 55
150304 54
150378 54
150380 54
150384 55
150384 54
150384 53
150385 52
150388 51
150390 50
150435 51
150502 52
150547 53
150555 54
150585 55
150589 56
150600 57
150610 56
150665 55
150670 56
150683 56
150684 56
150684 56
150684 55
150685 54
150686 53
150686 52
150690 51
150691 51
150692 50
150692 49
150693 48
150703 49
150736 50
150779 51
150787 50
150789 51
150792 50
150859 50
150861 50
150920 51
150928 51
150932 50
150935 51
150936 50
150938 49
150939 50
150940 49
150947 48
150948 47
150953 48
150954 47
151069 48
151074 47
151080 46
151084 47
151119 46
151123 46
151125 45
151132 45
151136 46
151148 47
151155 46
151176 47
151178 46
151183 46
151184 46
151186 46
151187 45
151190 44
151191 43
151192 43
151204 44
151246 44
151249 45
151249 46
151254 46
151259 46
151259 46
151260 45
151261 44
151262 44
151264 43
151265 43
151265 42
151265 41
151266 40
151266 40
151267 39
151270 38
151271 38
151304 39
151304 38
151308 37
151309 36
151322 37
151326 38
151336 38
151338 38
151370 39
151413 38
151418 39
151418 38
151456 39
151458 40
151463 39
151464 40
151464 39
151465 38
151465 37
151465 36
151471 35
151475 34
151500 34
151553 35
151557 36
151561 37
151563 36
151566 35
151568 34
151569 34
151569 33
151570 33
151573 32
151574 32
151574 32
151576 31
151576 31
151577 31
151578 31
151580 30
151580 29
151581 29
151582 29
151582 29
151632 30
151633 31
151633 32
151638 33
151640 33
151640 32
151641 32
151641 33
151641 32
151643 31
151644 31
151644 30
151644 29
151645 28
151645 27
151645 26
151646 26
151648 27
151649 27
151664 27
151716 28
151724 27
151728 28
151729 27
151735 28
151738 28
151739 28
151740 28
151743 27
151744 28
151745 27
151748 26
151748 26
151752 25
151752 25
151752 24
151756 24
151759 25
151767 24
151767 23
151791 24
151801 24
151807 23
151840 24
151843 24
151843 24
151852 25
151856 25
151857 25
151857 24
151858 25
151859 25
151861 25
151862 25
151863 24
151863 24
151868 25
151896 26
151901 27
151904 28
151920 29
151934 29
151934 28
151939 28
151960 27
151960 26
151960 25
151961 24
151961 23
151962 24
151963 24
151964 24
151964 25
151965 24
151965 24
151966 23
151968 23
151968 22
151971 22
151975 23
151979 22
151987 22
151989 22
151991 21
151991 21
151993 22
151995 22
151997 22
151998 22
151998 21
151998 21
151998 21
151999 21
152003 21
152004 21
152007 21
152017 22
152017 21
152027 20
152033 19
152034 20
152035 20
152036 20
152038 20
152039 20
152041 20
152043 20
152045 19
152072 20
152088 21
152126 21
152127 22
152131 21
152134 21
152135 22
152140 23
152140 22
152141 22
152141 22
152144 21
152145 20
152145 21
152145 21
152148 22
152148 22
152148 22
152149 22
152152 21
152152 22
152153 22
152154 22
152155 22
152155 22
152157 22
152157 22
152178 22
152187 23
152194 23
152194 23
152197 23
152198 23
152216 22
152216 23
152219 22
152244 23
152261 24
152275 24
152278 24
152280 23
152285 23
152296 23
152297 23
152297 23
152300 24
152336 25
152338 26
152343 26
152344 25
152348 26
152371 27
152371 27
152372 27
152374 26
152377 26
152377 26
152381 26
152381 26
152386 26
152392 27
152410 27
152423 27
152423 26
152424 26
152425 26
152425 26
152425 26
152425 27
152427 27
152430 27
152431 26
152432 26
152432 26
152435 26
152435 25
152437 25
152465 26
152465 26
152466 25
152467 25
152467 24
152468 24
152469 24
152471 24
152472 25
152472 26
152473 26
152475 26
152476 27
152476 27
152478 27
152501 27
152503 27
152503 27
152505 28
152523 29
152524 30
152525 31
152527 32
152533 33
152534 33
152537 32
152539 32
152543 32
152563 31
152567 32
152574 33
152600 34
152607 34
152608 33
152608 33
152609 32
152609 32
152609 32
152612 31
152643 32
152656 31
152657 30
152663 31
152664 32
152672 31
152673 31
152673 31
152673 31
152673 31
152673 30
152674 30
152681 29
152686 29
152721 30
152726 31
152732 31
152737 30
152748 31
152755 31
152758 30
152759 30
152759 30
152760 31
152760 32
152763 32
152772 33
152780 33
152781 33
152782 34
152783 33
152784 32
152784 31
152788 30
152788 31
152796 31
152797 31
152797 31
152797 30
152797 30
152797 29
152797 29
152797 29
152798 28
152798 28
152799 28
152800 27
152822 28
152825 27
152828 28
152832 29
152838 28
152839 28
152845 28
152884 29
152884 30
152922 31
152940 30
152943 31
152947 31
152971 30
152989 31
152991 31
152991 31
153001 30
153003 30
153038 31
153048 32
153050 31
153057 32
153068 31
153072 32
153075 32
153103 33
153104 34
153104 35
153112 34
153168 35
153171 36
153185 37
153194 37
153197 38
153203 37
153208 36
153212 37
153217 38
153218 39
153236 38
153252 39
153254 40
153263 39
153267 38
153271 38
153274 38
153276 39
153279 40
153301 41
153324 42
153360 43
153368 42
153380 43
153385 44
153391 45
153392 46
153395 47
153403 48
153406 47
153420 48
153430 49
153433 50
153456 49
153488 50
153505 51
153505 52
153506 53
153530 54
153548 55
153551 54
153583 55
153621 54
153653 55
153678 54
153680 55
153680 56
153685 57
153702 58
153710 59
153734 60
153736 61
153741 62
153743 63
153758 62
153771 63
153789 62
153831 63
153868 62
153879 63
153880 62
153891 63
153896 62
153901 63
153908 62
153908 61
153924 60
153929 61
153932 62
153942 63
153946 62
153950 61
153951 60
153971 61
153974 62
154026 63
154059 62
154080 63
154128 62
154142 61
154164 60
154170 61
154205 62
154251 63
154266 62
154268 61
154270 62
154308 61
154309 62
154375 61
154409 60
154428 61
154451 62
154479 63
154509 64
154513 63
154592 62
154656 63
154700 62
154724 63
154728 64
154738 65
154752 66
154780 67
154792 68
154809 69
154826 70
154857 71
154868 70
154901 71
154930 72
154937 73
155040 74
155041 75
155045 76
155047 77
155122 76
155136 77
155144 76
155145 75
155207 74
155332 75
155397 74
155451 75
155544 74
155644 75
155700 76
155720 75
155731 76
155748 75
155827 75
155838 76
155905 75
155967 74
156235 75
156300 76
156316 77
156724 78
156737 79
156908 80
157320 81
157828 82
157829 82
158228 83
158448 82
158556 83
158572 82
158591 81
158610 80
158692 81
159009 80
159084 79
159381 80
159412 79
159440 78
159495 77
159496 76
159496 75
159497 76
159520 75
159524 74
159530 73
159540 72
159555 71
159592 70
159620 69
159648 68
159685 67
159812 66
159827 65
159870 64
159909 63
159959 62
159982 61
160017 60
160025 59
160052 60
160054 61
160064 62
160079 63
160081 64
160116 63
160157 64
160162 63
160164 64
160174 63
160185 62
160192 61
160201 60
160228 59
160240 58
160260 59
160263 60
160264 61
160277 60
160280 59
160292 58
160323 57
160325 56
160425 55
160479 56
160487 55
160491 56
160493 55
160499 56
160529 55
160545 54
160559 55
160561 56
160568 55
160579 56
160590 57
160599 58
160606 57
160636 56
160638 55
160640 54
160657 55
160657 56
160673 56
160694 55
160706 56
160724 57
160756 56
160773 55
160801 56
160810 57
160828 56
160868 55
160876 56
160882 55
160913 54
160916 55
160951 56
160952 55
160953 54
160964 55
160972 56
160979 55
160980 54
160984 53
160991 54
161036 53
161053 54
161056 53
161068 54
161083 55
161104 56
161112 55
161129 56
161134 57
161166 56
161192 57
161247 58
161248 57
161272 58
161276 57
161288 58
161310 57
161324 56
161356 55
161360 54
161364 55
161372 56
161385 55
161395 56
161429 55
161440 56
161449 57
161460 56
161518 57
161548 56
161548 57
161567 56
161568 57
161651 58
161654 59
161654 58
161699 57
161704 58
161709 57
161710 56
161732 57
161742 58
161752 59
161776 60
161776 59
161858 60
161875 59
161885 60
161890 61
161900 62
161900 63
161903 64
161929 63
161963 64
161966 65
161976 66
161979 65
162048 66
162072 65
162089 66
162143 65
162150 64
162154 65
162154 66
162166 67
162188 66
162203 67
162214 66
162247 67
162298 66
162311 67
162373 66
162406 67
162520 68
162592 69
162592 70
162598 71
162668 70
162688 71
162689 72
162694 73
162696 72
162697 73
162831 72
162867 73
162877 72
162966 71
162967 72
163013 71
163014 70
163051 69
163080 70
163093 71
163100 72
163102 71
163119 70
163124 71
163136 70
163165 69
163189 68
163190 67
163361 68
163376 69
163445 70
163468 71
163476 70
163551 69
163602 68
163617 69
163624 70
163635 71
163676 72
163761 73
163766 74
163801 75
163804 76
163844 75
163856 76
163920 75
163970 76
164104 77
164115 76
164146 75
164429 74
164432 75
164445 74
164529 75
164542 76
164634 77
164888 78
164895 77
164992 76
165484 77
165669 76
165732 77
165833 78
165917 79
165934 78
165972 79
166061 78
166087 77
166398 76
166618 77
166672 76
166857 75
166865 76
166913 75
166918 74
166929 73
166990 72
167022 73
167048 74
167059 73
167089 72
167134 71
167231 72
167246 71
167268 70
167280 71
167305 72
167316 73
167369 74
167389 75
167405 74
167420 73
167451 72
167529 71
167530 72
167532 73
167537 74
167564 75
167570 74
167606 75
167623 74
167625 73
167636 72
167643 71
167659 72
167665 71
167683 70
167697 69
167719 68
167744 67
167749 66
167793 65
167825 64
167858 65
167889 64
167908 63
167912 62
167929 61
168025 60
168041 59
168060 58
168067 57
168092 56
168110 55
168145 56
168168 57
168211 56
168224 55
168231 54
168276 53
168303 54
168306 55
168333 56
168333 57
168361 58
168368 57
168385 56
168393 55
168418 54
168418 55
168472 54
168474 55
168490 54
168564 55
168567 56
168581 57
168609 58
168615 57
168665 57
168666 56
168700 57
168740 58
168745 59
168747 58
168757 59
168821 60
168864 61
168877 60
168906 59
168929 58
168935 59
168942 60
169005 61
169009 60
169035 61
169052 62
169057 61
169069 62
169109 61
169129 62
169134 63
169153 62
169179 63
169182 64
169223 65
169227 66
169292 65
169307 64
169317 65
169340 64
169435 63
169508 62
169511 61
169513 60
169514 61
169514 61
169515 61
169516 61
169517 62
169517 61
169517 60
169520 59
169520 59
169520 58
169521 58
169525 57
169525 56
169531 57
169555 58
169565 57
169567 58
169569 59
169570 59
169572 60
169575 60
169606 61
169668 62
169677 61
169682 62
169703 63
169705 64
169727 65
169771 66
169784 65
169785 64
169787 63
169790 62
169790 61
169800 60
169853 59
169853 58
169883 59
169950 60
169951 61
169962 60
169962 59
170117 60
170128 59
170129 58
170131 57
170134 56
170134 56
170136 55
170138 55
170141 54
170168 55
170218 56
170223 57
170231 58
170233 58
170238 57
170238 56
170241 55
170245 54
170246 53
170248 52
170272 51
170281 52
170284 53
170286 52
170289 52
170289 51
170289 50
170289 49
170379 50
170382 51
170392 52
170397 51
170399 50
170402 49
170402 48
170402 47
170407 46
170485 45
170497 44
170505 45
170508 44
170520 45
170536 44
170594 43
170618 42
170618 41
170632 42
170678 43
170685 42
170705 43
170715 42
170724 43
170740 42
170749 42
170753 43
170770 43
170770 43
170770 42
170770 42
170770 41
170773 40
170773 41
170781 41
170782 40
170782 39
170791 39
170796 38
170818 39
170820 40
170824 39
170827 38
170833 37
170838 36
170852 37
170852 38
170857 37
170867 36
170870 35
170870 36
170892 35
170930 36
170935 35
170947 36
170957 37
170957 36
171000 37
171003 38
171009 39
171010 40
171011 41
171017 40
171019 41
171041 42
171065 43
171065 42
171081 43
171085 42
171093 43
171093 44
171101 43
171101 42
171101 41
171101 40
171101 39
171107 40
171108 41
171110 42
171110 43
171110 44
171112 44
171113 44
171124 43
171137 44
171162 45
171163 46
171201 47
171221 46
171225 46
171226 47
171233 46
171234 45
171241 46
171241 47
171269 48
171287 49
171323 50
171325 51
171337 52
171337 53
171339 54
171342 55
171342 55
171345 56
171349 57
171386 58
171386 59
171391 60
171435 61
171440 60
171443 61
171489 62
171489 63
171503 62
171510 61
171538 60
171542 59
171543 60
171573 61
171582 60
171590 59
171601 58
171656 59
171696 58
171698 57
171707 58
171715 57
171720 56
171727 57
171762 58
171764 57
171773 56
171793 57
171793 58
171801 59
171801 60
171805 59
171813 58
171821 58
171821 58
171821 58
171821 57
171825 56
171825 55
171825 54
171825 54
171830 54
171831 53
171831 52
171839 53
171868 54
171902 55
171928 56
171966 55
171969 56
172033 57
172037 58
172041 57
172041 56
172045 56
172046 55
172047 55
172049 56
172192 56
172198 56
172213 57
172251 58
172251 59
172301 60
172323 61
172338 62
172417 63
172425 62
172433 63
172442 62
172443 61
172445 60
172452 59
172473 60
172513 61
172517 62
172569 63
172574 64
172609 65
172609 64
172683 65
172693 66
172694 65
172698 64
172698 63
172701 62
172713 63
172738 64
172817 65
172825 64
172825 63
172844 62
172900 63
172921 62
172960 63
172994 64
172997 65
172998 64
173004 63
173065 62
173069 61
173081 60
173093 61
173099 62
173103 61
173106 60
173107 59
173156 58
173159 59
173160 58
173230 59
173237 58
173298 59
173304 58
173304 57
173305 57
173308 56
173309 55
173311 54
173311 54
173313 53
173314 52
173315 52
173318 51
173319 51
173322 51
173370 50
173381 51
173388 51
173391 50
173392 49
173393 50
173401 49
173409 50
173486 51
173494 52
173495 53
173498 52
173499 51
173504 50
173506 51
173507 50
173511 49
173547 50
173552 50
173553 49
173555 48
173555 47
173555 47
173559 46
173563 45
173574 46
173574 45
173576 45
173577 44
173578 43
173590 42
173598 42
173641 43
173677 43
173677 42
173685 41
173729 40
173741 39
173767 40
173777 41
173781 40
173782 39
173789 38
173794 37
173801 38
173821 39
173825 38
173825 37
173829 38
173832 37
173837 36
173837 36
173838 36
173839 36
173842 36
173845 35
173846 35
173847 35
173864 36
173872 35
173925 34
173957 35
173958 36
173962 35
173966 35
173966 35
173975 34
173979 33
173979 32
173980 33
173981 32
174014 33
174034 32
174036 31
174037 32
174041 33
174048 34
174057 35
174063 34
174068 34
174069 35
174072 34
174096 35
174100 36
174107 37
174121 38
174125 37
174128 36
174129 35
174132 36
174143 37
174161 38
174163 37
174166 36
174168 36
174171 35
174172 36
174173 36
174175 36
174175 37
174176 37
174179 37
174197 36
174255 37
174265 38
174265 38
174265 37
174265 37
174266 37
174267 38
174270 37
174271 37
174273 37
174275 37
174275 37
174275 36
174275 35
174276 34
174296 35
174299 36
174305 36
174305 36
174305 35
174317 35
174327 35
174349 36
174362 35
174362 36
174363 35
174369 36
174371 37
174373 36
174373 35
174373 34
174379 33
174382 32
174396 33
174426 32
174437 31
174445 32
174453 31
174453 30
174458 29
174458 28
174458 27
174477 28
174480 29
174482 30
174483 31
174492 32
174497 33
174545 34
174550 34
174552 35
174553 34
174553 34
174556 33
174556 33
174556 32
174557 33
174558 32
174561 32
174561 31
174562 31
174562 31
174604 32
174610 31
174641 32
174651 33
174651 34
174656 33
174666 33
174667 32
174667 32
174667 32
174667 31
174668 30
174669 31
174673 30
174674 29
174674 28
174674 27
174679 26
174679 25
174680 25
174683 24
174687 25
174701 26
174729 27
174729 26
174737 25
174738 24
174749 25
174771 26
174792 25
174795 26
174798 25
174804 25
174808 26
174815 27
174839 28
174844 27
174847 27
174853 27
174854 26
174857 26
174858 26
174859 25
174860 25
174863 25
174864 25
174873 26
174873 27
174913 28
174913 29
174926 30
174935 30
174938 30
174939 30
174939 29
174942 29
174944 29
174955 30
174957 31
174970 30
174976 30
174976 30
174976 30
174976 30
174979 30
174979 30
174998 30
174999 30
174999 29
175000 29
175000 30
175002 30
175007 30
175015 31
175025 32
175025 33
175029 32
175039 32
175065 33
175088 34
175092 34
175093 33
175093 34
175093 34
175096 34
175096 34
175097 34
175097 34
175098 34
175101 33
175103 33
175103 33
175104 32
175104 32
175106 33
175111 33
175111 33
175112 33
175113 33
175113 33
175114 33
175114 32
175114 32
175115 32
175117 32
175117 32
175118 32
175119 32
175119 32
175120 31
175124 31
175124 31
175125 31
175134 32
175141 32
175186 33
175201 34
175239 34
175239 35
175242 34
175257 35
175279 36
175279 37
175299 38
175310 39
175312 39
175318 40
175319 39
175323 38
175324 37
175325 38
175325 37
175326 36
175347 37
175377 38
175383 37
175385 37
175389 37
175389 36
175389 35
175389 34
175422 35
175426 36
175430 36
175434 36
175438 36
175438 35
175438 35
175445 34
175446 34
175447 34
175448 35
175449 35
175449 36
175451 35
175454 36
175478 36
175479 36
175479 36
175483 37
175485 36
175486 35
175493 35
175493 35
175500 36
175517 37
175517 38
175589 37
175590 38
175591 39
175596 38
175596 39
175606 38
175610 38
175615 37
175624 37
175625 36
175626 37
175626 36
175633 35
175635 34
175637 33
175641 34
175644 33
175645 33
175645 32
175648 31
175651 32
175663 31
175665 31
175668 31
175708 31
175719 31
175721 31
175722 30
175724 30
175732 31
175732 31
175733 31
175733 31
175733 31
175735 30
175735 29
175737 28
175737 28
175738 28
175738 28
175739 28
175741 28
175744 27
175744 26
175744 25
175746 25
175746 24
175748 24
175763 25
175773 26
175777 25
175777 25
175777 24
175777 23
175777 22
175778 23
175779 24
175781 25
175788 26
175851 27
175853 28
175858 29
175858 30
175861 31
175876 30
175877 30
175880 31
175882 30
175916 31
175922 32
175924 33
175931 34
175953 35
175962 34
175962 33
175962 32
175962 31
175962 30
175979 31
176006 32
176050 33
176067 34
176069 35
176074 35
176090 34
176091 33
176097 34
176104 34
176105 33
176105 33
176122 34
176168 35
176173 36
176181 35
176185 36
176193 37
176196 38
176201 37
176201 36
176201 36
176201 36
176210 37
176213 37
176235 36
176274 37
176279 38
176279 38
176281 39
176287 38
176289 39
176289 38
176291 37
176297 37
176301 38
176309 38
176310 38
176313 38
176317 38
176318 38
176318 38
176319 38
176320 38
176321 37
176321 37
176322 36
176322 37
176322 36
176326 36
176326 35
176327 35
176329 34
176329 33
176329 33
176329 32
176330 31
176330 30
176330 30
176345 31
176353 30
176353 29
176356 29
176357 30
176365 30
176365 30
176370 29
176370 29
176371 29
176373 30
176380 31
176389 30
176390 30
176417 31
176431 30
176477 30
176481 31
176489 32
176500 33
176501 33
176505 33
176508 33
176510 33
176511 33
176512 32
176513 31
176513 30
176513 30
176516 29
176516 29
176517 28
176518 28
176518 27
176519 27
176519 27
176520 27
176521 27
176521 27
176522 27
176525 27
176526 28
176527 29
176530 29
176531 28
176534 27
176534 26
176534 25
176534 24
176534 23
176536 23
176537 23
176537 23
176539 22
176543 21
176545 20
176545 20
176547 19
176549 19
176551 19
176593 20
176601 19
176605 20
176608 19
176608 20
176611 21
176613 22
176623 21
176625 22
176630 21
176630 20
176633 20
176633 19
176633 19
176638 19
176640 18
176643 18
176676 19
176685 18
176685 18
176695 17
176704 17
176706 17
176706 17
176706 17
176706 17
176707 18
176709 17
176711 17
176716 17
176717 16
176742 17
176755 18
176760 18
176764 18
176774 18
176774 18
176774 18
176775 18
176787 19
176799 19
176805 19
176806 19
176821 20
176825 21
176832 22
176835 21
176837 21
176837 21
176839 21
176843 21
176844 21
176847 21
176849 21
176853 22
176868 23
176870 23
176876 24
176882 23
176885 24
176896 23
176897 23
176897 23
176897 23
176902 23
176902 24
176912 24
176913 23
176915 23
176918 22
176919 22
176919 22
176919 22
176920 23
176923 23
176923 22
176925 22
176926 21
176926 21
176932 21
176958 20
176958 19
176959 20
176967 19
176968 19
176972 18
176974 18
176976 19
176989 20
176997 20
176997 20
177001 19
177001 18
177004 17
177005 17
177005 17
177009 18
177011 19
177018 20
177020 20
177023 19
177033 20
177049 19
177079 19
177081 20
177085 21
177085 21
177092 22
177093 21
177093 22
177095 22
177103 22
177107 23
177109 23
177110 23
177117 24
177135 23
177150 24
177161 24
177162 23
177165 23
177166 23
177169 23
177179 24
177181 24
177185 25
177186 26
177188 26
177189 26
177205 27
177210 28
177212 28
177213 27
177213 27
177213 27
177213 27
177253 27
177255 26
177263 25
177273 26
177281 25
177281 25
177281 25
177294 26
177308 27
177314 26
177320 25
177321 24
177325 24
177326 24
177326 23
177334 24
177337 24
177341 24
177353 24
177358 25
177360 24
177361 24
177361 24
177362 25
177368 24
177372 24
177380 24
177413 25
177417 25
177419 26
177423 27
177428 28
177433 28
177436 28
177438 28
177440 27
177442 27
177442 27
177443 27
177444 28
177445 28
177450 28
177455 27
177457 27
177465 28
177473 27
177473 27
177478 28
177479 27
177481 27
177485 27
177485 27
177489 26
177499 25
177501 25
177504 25
177506 26
177530 27
177535 28
177545 28
177545 27
177545 26
177545 26
177545 26
177545 26
177546 25
177546 25
177547 24
177552 23
177552 22
177553 22
177558 22
177561 23
177573 24
177641 25
177644 26
177646 27
177646 27
177646 27
177649 26
177649 25
177664 26
177690 27
177696 27
177697 28
177700 27
177702 27
177705 27
177712 26
177713 25
177727 25
177727 25
177740 25
177753 26
177769 27
177769 27
177770 28
177770 29
177772 28
177773 28
177773 27
177775 26
177776 25
177776 24
177776 23
177777 22
177777 21
177778 20
177779 20
177783 19
177784 19
177784 18
177786 18
177814 19
177822 20
177829 20
177830 20
177832 19
177833 19
177834 18
177835 18
177835 18
177837 18
177837 17
177838 17
177839 18
177854 18
177861 17
177861 16
177863 15
177863 15
177863 16
177865 16
177865 16
177865 16
177866 15
177869 15
177871 14
177871 14
177873 13
177873 13
177877 13
177909 14
177917 13
177917 13
177917 13
177966 14
177977 14
177981 14
177998 15
178001 14
178007 14
178007 13
178017 12
178024 12
178025 12
178030 11
178033 12
178041 12
178041 13
178049 14
178053 15
178055 15
178061 15
178061 14
178061 14
178061 13
178066 14
178073 14
178073 14
178089 15
178099 15
178106 15
178106 15
178111 16
178116 16
178118 17
178118 17
178118 18
178119 18
178123 19
178126 19
178126 18
178127 18
178127 18
178129 18
178129 17
178130 16
178134 15
178136 15
178139 15
178141 14
178157 15
178157 15
178164 16
178168 16
178175 17
178177 18
178182 17
178182 18
178185 18
178185 18
178185 17
178185 18
178185 18
178185 18
178185 18
178187 19
178194 19
178197 20
178200 19
178200 20
178213 19
178265 20
178269 21
178270 22
178271 21
178316 22
178348 22
178349 22
178350 22
178350 22
178350 22
178353 23
178353 24
178353 24
178355 23
178356 24
178360 24
178363 24
178380 23
178436 22
178441 22
178451 23
178460 24
178465 25
178469 26
178471 25
178473 25
178474 25
178474 25
178476 26
178477 26
178477 25
178478 24
178482 24
178483 23
178484 22
178486 22
178487 22
178488 22
178488 21
178488 21
178488 22
178492 22
178492 22
178494 22
178495 22
178496 21
178514 22
178576 23
178577 24
178579 24
178591 25
178594 25
178606 26
178613 27
178613 28
178621 28
178627 28
178634 28
178634 27
178647 26
178647 27
178648 26
178649 26
178650 27
178653 27
178657 28
178657 27
178657 26
178661 26
178697 27
178709 28
178713 29
178740 30
178764 31
178782 32
178783 31
178784 31
178793 32
178797 31
178801 30
178806 31
178818 30
178850 31
178857 30
178858 29
178858 29
178860 29
178864 29
178866 29
178868 29
178870 30
178870 29
178871 29
178871 29
178876 29
178878 29
178880 29
178882 30
178889 31
178891 32
178899 32
178901 33
178903 33
178904 34
178917 33
178917 32
178918 32
178923 33
178934 34
178934 33
178955 34
178957 33
178958 34
178965 35
178966 35
178967 36
178981 36
178982 37
178986 36
179001 37
179013 38
179013 39
179013 40
179013 41
179037 40
179041 41
179044 42
179052 43
179057 44
179057 45
179081 46
179100 45
179100 46
179104 45
179108 44
179111 43
179115 43
179152 44
179157 43
179160 44
179161 45
179169 44
179233 45
179233 46
179242 47
179246 48
179248 48
179250 47
179250 47
179252 47
179266 46
179269 45
179273 46
179305 46
179341 47
179348 48
179358 49
179366 48
179369 49
179372 48
179461 47
179464 48
179465 49
179477 50
179506 51
179514 50
179518 50
179523 50
179525 50
179528 51
179528 50
179548 51
179562 50
179580 50
179597 49
179623 48
179624 49
179661 48
179666 49
179685 50
179700 49
179721 50
179725 49
179733 50
179735 49
179736 49
179741 50
179741 49
179745 50
179745 51
179772 50
179776 51
179778 50
179795 51
179817 52
179849 53
179932 54
179936 55
179944 56
180005 57
180026 58
180037 57
180070 58
180077 59
180079 58
180080 59
180141 60
180153 61
180154 62
180159 63
180162 64
180173 63
180181 64
180181 65
180193 66
180213 67
180238 68
180249 69
180303 68
180331 69
180334 70
180371 71
180525 72
180560 71
180567 70
180575 71
180588 72
180599 71
180605 71
180607 72
180657 71
180657 70
180694 71
180828 70
180880 71
180915 72
180975 73
181008 72
181025 71
181149 72
181228 71
181272 72
181346 73
181417 74
181417 75
181417 74
181543 75
181801 76
181853 77
181855 78
181917 77
181928 78
181953 79
182045 78
182069 77
182138 76
182289 77
182418 78
182549 77
183229 78
183235 79
183235 78
183253 77
183407 78
183546 77
183588 78
183737 79
183917 80
183964 79
184016 78
184021 79
184031 78
184165 79
184377 78
184424 77
184524 78
184617 77
184733 76
184869 75
184880 74
184881 75
184890 75
184965 74
185046 75
185052 76
185101 75
185133 74
185174 73
185184 72
185228 73
185267 72
185280 71
185311 70
185374 71
185393 70
185393 69
185396 70
185396 69
185396 68
185397 67
185397 66
185398 65
185402 64
185402 63
185407 63
185425 64
185475 63
185552 62
185569 61
185577 62
185579 63
185693 62
185761 61
185762 60
185765 60
185767 59
185771 58
185778 57
185805 56
185805 55
185837 56
185837 57
185841 58
185847 59
185902 58
185935 59
185950 58
185951 57
185952 56
185958 55
185959 54
185962 53
185997 52
186001 53
186009 52
186009 51
186031 50
186058 49
186075 48
186080 47
186089 46
186147 47
186150 48
186153 47
186154 46
186154 45
186157 45
186157 44
186157 43
186159 42
186164 41
186168 40
186170 40
186175 40
186220 41
186222 42
186232 43
186254 44
186257 44
186272 43
186285 42
186294 43
186303 43
186304 44
186312 44
186314 44
186339 43
186349 44
186376 44
186380 45
186386 45
186417 46
186463 47
186469 46
186479 46
186482 45
186484 44
186484 43
186485 44
186487 43
186488 43
186488 42
186493 41
186495 41
186497 40
186498 39
186521 38
186534 38
186543 39
186547 38
186556 37
186556 36
186565 37
186574 38
186584 39
186584 39
186584 38
186588 38
186589 39
186592 38
186594 37
186595 37
186595 36
186600 37
186602 36
186603 35
186635 34
186642 35
186644 36
186661 37
186688 36
186689 37
186705 38
186750 39
186760 38
186763 38
186766 39
186773 40
186773 41
186777 40
186786 41
186792 40
186801 41
186802 42
186812 43
186818 42
186869 41
186869 40
186869 39
186869 39
186872 40
186917 40
186919 41
186921 42
186923 43
186925 42
186926 43
186929 44
186930 45
186954 45
186960 45
186970 44
186971 45
186981 44
186989 43
187000 43
187021 44
187058 44
187061 45
187062 46
187063 45
187064 44
187065 44
187072 43
187081 43
187130 44
187151 45
187163 46
187165 47
187173 47
187174 46
187177 45
187177 44
187177 43
187177 43
187177 42
187178 41
187181 40
187181 39
187201 38
187201 39
187205 40
187212 39
187213 40
187255 41
187300 42
187302 42
187305 43
187309 42
187309 41
187309 40
187312 39
187317 40
187325 40
187333 41
187334 40
187345 41
187365 40
187369 41
187375 40
187377 40
187381 40
187381 40
187418 39
187432 38
187436 37
187463 38
187468 39
187475 40
187477 41
187479 42
187506 43
187519 44
187582 43
187585 44
187596 45
187615 44
187631 45
187635 46
187644 47
187644 47
187677 48
187685 49
187693 48
187697 49
187701 49
187729 50
187729 51
187730 50
187746 51
187757 52
187766 52
187766 52
187766 51
187780 52
187802 53
187805 54
187849 55
187859 56
187864 57
187865 58
187921 59
187949 60
187973 61
187985 62
188001 63
188019 63
188029 64
188029 65
188040 66
188097 67
188105 66
188105 65
188105 65
188105 65
188105 64
188118 63
188119 63
188128 64
188141 65
188215 64
188237 65
188245 64
188256 63
188262 62
188265 62
188297 61
188330 62
188357 63
188357 64
188365 63
188365 62
188365 61
188365 61
188365 60
188365 59
188368 58
188368 57
188370 57
188373 56
188374 56
188375 56
188377 56
188377 55
188469 55
188493 54
188494 54
188505 53
188577 54
188585 53
188589 54
188626 53
188633 54
188647 55
188649 56
188673 57
188733 56
188738 56
188745 57
188797 58
188801 59
188805 58
188834 57
188835 57
188835 58
188836 57
188837 57
188838 56
188841 55
188843 54
188843 53
188845 52
188845 51
188846 50
188847 49
188848 48
188931 49
188941 50
188953 49
189017 50
189027 51
189069 52
189109 51
189129 52
189137 51
189138 52
189145 51
189167 52
189184 51
189186 50
189186 49
189187 48
189191 47
189196 48
189220 49
189229 48
189231 48
189232 47
189233 48
189233 49
189233 48
189234 47
189237 46
189238 46
189265 47
189275 46
189280 47
189299 48
189305 47
189325 46
189325 45
189325 46
189335 45
189360 46
189368 45
189373 44
189373 45
189373 44
189374 43
189375 42
189402 43
189411 44
189411 45
189416 44
189422 44
189423 45
189425 44
189429 43
189453 44
189465 45
189492 45
189493 46
189541 45
189553 46
189593 47
189597 46
189621 47
189645 48
189658 47
189659 48
189661 47
189664 46
189684 47
189692 47
189694 46
189695 45
189697 44
189709 44
189709 43
189710 44
189711 45
189712 44
189720 45
189721 44
189729 45
189729 44
189746 45
189746 46
189753 47
189783 48
189785 49
189791 48
189823 49
189850 50
189868 49
189879 48
189893 49
189895 50
189903 51
189958 52
189959 51
189997 52
190015 51
190017 52
190030 52
190030 51
190043 52
190048 51
190099 52
190101 53
190131 53
190165 52
190167 53
190170 54
190172 55
190177 54
190179 53
190218 52
190235 53
190255 54
190257 55
190258 54
190264 55
190292 56
190306 57
190306 58
190313 58
190316 59
190318 60
190343 59
190352 60
190386 61
190444 62
190452 61
190463 60
190490 61
190513 62
190554 63
190566 64
190570 65
190602 64
190614 65
190621 66
190672 65
190684 64
190687 63
190693 62
190695 61
190723 62
190744 63
190810 64
190856 65
190872 66
190877 67
190965 68
191054 67
191119 68
191123 67
191128 67
191192 66
191196 67
191242 68
191243 69
191245 70
191256 71
191267 70
191275 69
191292 70
191302 69
191351 70
191362 71
191385 70
191440 71
191507 70
191550 69
191571 70
191653 71
191736 70
191746 71
191748 72
191763 71
191818 71
191830 70
191877 69
191897 70
191995 71
192015 72
192017 73
192085 74
192085 75
192088 74
192142 75
192177 74
192355 75
192379 76
192429 75
192445 76
192476 77
192579 76
192605 75
192610 74
