0 0
0 0
4 0
47 1
92 2
107 3
164 4
198 5
253 5
272 6
279 7
293 8
311 9
359 9
409 9
477 10
477 10
497 11
508 12
645 12
694 12
714 13
800 13
843 12
851 11
949 11
960 12
977 13
984 14
993 15
1025 16
1082 17
1140 17
1147 17
1155 18
1171 19
1186 20
1285 19
1289 19
1317 20
1348 21
1380 22
1384 22
1396 22
1407 21
1419 22
1436 22
1437 23
1440 23
1448 24
1537 23
1599 23
1688 23
1696 24
1708 25
1716 25
1743 25
1752 25
1790 26
1800 26
1802 25
1812 25
1867 24
1880 24
1884 24
1918 23
1966 24
1997 25
2065 25
2079 24
2094 24
2168 24
2184 24
2227 25
2320 26
2335 27
2360 27
2433 27
2480 27
2492 26
2502 27
2517 28
2580 29
2583 29
2601 30
2616 31
2645 32
2700 33
2740 34
2748 33
2760 33
2788 33
2904 34
2904 35
2906 36
2915 37
2960 38
2993 38
3001 39
3052 39
3081 40
3085 41
3180 42
3220 43
3221 44
3241 43
3252 44
3363 45
3364 44
3391 44
3496 45
3556 44
3609 45
3626 44
3628 43
3632 44
3667 43
3728 44
3762 45
3848 46
3892 47
3894 48
3896 49
3980 48
3994 49
4028 50
4068 51
4133 51
4304 50
4323 50
4326 49
4340 48
4360 49
4360 50
4496 50
4512 51
4536 52
4542 53
4658 53
4752 53
4776 54
4820 53
4836 52
4862 52
4928 51
4972 50
4984 49
5068 48
5071 48
5082 47
5106 47
5209 48
5225 48
5279 49
5300 49
5332 49
5356 48
5376 49
5384 48
5384 47
5389 48
5402 47
5463 47
5512 48
5560 49
5576 49
5588 49
5595 50
5680 51
5692 52
5692 53
5695 52
5726 53
5756 52
5824 52
5838 53
5840 54
5841 55
5852 55
5896 56
5934 56
5973 57
5980 58
6005 59
6023 60
6086 60
6113 61
6114 62
6136 62
6156 63
6158 64
6164 64
6187 63
6198 64
6227 65
6236 64
6286 63
6296 64
6306 63
6318 62
6332 61
6336 62
6344 61
6412 61
6527 60
6555 61
6596 61
6655 60
6660 59
6686 59
6706 59
6740 58
6792 57
6832 58
6875 59
6940 60
6972 59
6978 58
6984 59
7017 60
7035 61
7054 60
7056 61
7066 60
7080 59
7177 60
7183 61
7215 62
7221 63
7226 64
7263 63
7284 64
7352 65
7360 66
7382 65
7419 66
7429 65
7470 66
7494 66
7497 67
7552 66
7585 65
7588 66
7620 67
7629 66
7660 65
7663 66
7753 67
7757 68
7772 67
7777 68
7783 67
7826 66
7829 67
7836 68
7845 69
7866 68
7878 69
7912 68
7980 67
7996 68
7998 69
7999 70
8010 71
8157 70
8161 71
8162 72
8162 71
8165 71
8165 70
8169 69
8169 68
8173 67
8173 66
8177 66
8190 65
8211 64
8220 65
8259 64
8259 63
8304 64
8339 63
8357 64
8374 63
8388 62
8391 63
8394 64
8504 63
8505 62
8539 62
8547 61
8556 60
8601 61
8663 62
8673 62
8673 62
8675 61
8677 60
8679 59
8684 58
8727 57
8892 58
8893 59
8917 58
8919 57
8922 57
8925 58
8928 59
8929 59
8933 58
8935 57
8938 57
8940 56
8951 56
8952 55
8954 55
8962 56
9031 55
9052 54
9144 53
9173 52
9232 53
9233 54
9237 53
9244 52
9249 51
9253 52
9257 53
9263 52
9267 52
9268 52
9271 51
9276 50
9277 49
9334 50
9343 51
9352 50
9372 51
9385 52
9390 51
9390 50
9392 49
9394 49
9396 48
9417 47
9422 47
9422 47
9427 47
9447 48
9451 47
9454 48
9456 47
9456 48
9471 47
9480 47
9480 46
9480 45
9501 44
9515 45
9556 44
9571 45
9576 46
9582 47
9583 48
9584 48
9586 47
9587 46
9591 46
9591 47
9593 47
9593 47
9595 47
9597 46
9598 46
9600 45
9601 45
9604 44
9607 44
9607 44
9668 45
9676 44
9695 44
9695 43
9696 44
9698 44
9702 43
9703 43
9720 44
9724 44
9733 45
9734 45
9748 44
9748 43
9757 44
9762 43
9776 42
9825 41
9840 42
9845 43
9848 42
9849 41
9849 40
9849 39
9851 39
9853 39
9854 38
9857 38
9861 38
9929 39
9957 38
9965 37
9971 37
9972 36
9975 35
9976 35
9976 34
9977 33
9977 32
9977 31
9982 30
9988 31
9994 31
9995 32
10000 31
10006 31
10007 31
10007 31
10007 31
10007 32
10007 32
10008 32
10008 32
10008 31
10008 32
10008 31
10010 30
10014 30
10015 31
10016 31
10016 31
10024 32
10035 32
10036 31
10043 30
10078 31
10166 32
10166 33
10172 34
10180 34
10182 34
10186 35
10194 34
10240 35
10241 35
10242 35
10244 36
10249 37
10260 38
10276 39
10300 40
10304 41
10305 40
10308 40
10309 39
10312 38
10312 39
10317 38
10319 37
10319 38
10327 37
10338 36
10342 36
10342 36
10346 36
10354 37
10354 37
10354 38
10355 37
10356 36
10362 35
10380 34
10380 35
10383 34
10405 35
10407 34
10416 33
10436 34
10443 33
10444 32
10445 31
10445 31
10445 30
10445 29
10452 28
10472 28
10472 28
10473 28
10473 27
10495 28
10498 27
10539 26
10553 25
10553 25
10567 25
10583 26
10599 27
10601 26
10609 25
10610 26
10613 25
10617 24
10620 24
10620 24
10621 25
10621 26
10622 26
10622 26
10622 25
10623 26
10627 25
10630 25
10631 25
10651 26
10658 25
10659 26
10659 26
10660 25
10660 24
10662 25
10662 24
10665 24
10667 23
10668 23
10673 24
10676 24
10676 24
10677 24
10677 24
10678 23
10679 22
10681 22
10681 22
10691 21
10692 21
10696 20
10696 20
10696 21
10696 22
10705 22
10705 23
10710 24
10716 24
10716 24
10717 24
10717 24
10717 24
10717 24
10717 25
10720 25
10720 25
10720 24
10722 24
10722 24
10723 24
10723 23
10726 24
10729 24
10731 23
10733 22
10734 21
10738 21
10739 21
10743 21
10745 21
10747 21
10750 22
10753 22
10753 22
10767 22
10776 23
10780 22
10781 21
10781 20
10782 19
10785 18
10788 18
10819 19
10824 18
10826 18
10826 18
10826 17
10829 17
10829 18
10830 18
10837 19
10838 19
10848 19
10856 20
10864 20
10870 20
10883 21
10887 22
10890 22
10896 21
10903 21
10907 21
10908 22
10925 23
10926 24
10936 24
10939 25
10946 25
10948 25
10950 24
10951 24
10952 24
10954 24
10960 24
10960 24
10968 25
10968 26
10968 27
10969 28
10976 28
10976 28
10977 27
10977 27
10977 27
10977 27
10977 27
10977 27
10977 26
10978 26
10978 26
10978 26
10978 26
10980 26
10981 26
10987 26
11002 27
11002 28
11007 29
11021 29
11026 30
11028 29
11036 29
11038 29
11040 30
11044 29
11083 28
11087 28
11095 28
11134 29
11134 30
11135 29
11135 28
11139 28
11144 29
11144 28
11152 29
11152 28
11154 27
11166 27
11174 28
11205 29
11216 30
11223 30
11225 31
11231 30
11233 29
11233 28
11238 28
11244 29
11252 28
11252 27
11260 26
11305 27
11306 27
11378 28
11380 29
11383 28
11388 27
11397 26
11398 26
11405 27
11422 27
11425 27
11448 28
11449 29
11449 30
11455 30
11456 30
11461 30
11464 30
11464 31
11465 32
11466 31
11468 30
11469 29
11469 30
11470 29
11470 29
11470 29
11471 28
11472 28
11474 28
11474 29
11475 29
11478 28
11480 27
11480 26
11480 26
11480 25
11480 24
11482 23
11483 22
11484 22
11485 22
11489 22
11491 21
11529 22
11540 23
11544 24
11574 24
11576 23
11576 22
11577 22
11577 22
11578 23
11578 24
11588 25
11588 24
11605 25
11616 26
11640 27
11659 28
11664 27
11668 28
11672 28
11673 28
11690 29
11702 30
11704 31
11709 30
11719 31
11724 32
11730 31
11770 32
11779 33
11791 34
11792 35
11799 34
11800 35
11802 36
11804 37
11806 38
11812 39
11815 40
11818 39
11820 39
11821 39
11826 38
11831 38
11832 37
11859 38
11860 37
11866 38
11878 37
11902 38
11914 37
11915 38
11916 37
11917 37
11924 37
11926 38
11933 38
11957 37
11962 38
11996 39
12013 40
12019 39
12045 39
12046 38
12053 39
12055 38
12096 39
12112 40
12120 41
12120 42
12149 41
12193 40
12195 39
12197 40
12204 39
12234 40
12241 39
12242 39
12251 38
12254 39
12260 40
12261 41
12309 42
12312 43
12314 42
12315 43
12321 43
12340 44
12347 45
12348 44
12353 43
12354 43
12354 42
12354 41
12354 40
12354 39
12354 38
12355 37
12355 37
12355 36
12356 35
12356 34
12356 33
12356 32
12364 33
12404 32
12407 31
12408 32
12408 32
12408 32
12410 32
12410 33
12413 32
12414 32
12417 32
12417 31
12418 32
12426 31
12426 32
12430 33
12433 34
12469 35
12471 36
12500 37
12506 38
12520 39
12520 40
12521 41
12521 40
12524 41
12529 42
12563 43
12582 44
12586 43
12588 43
12594 42
12595 42
12596 41
12597 40
12598 39
12599 38
12609 38
12612 39
12620 38
12637 39
12640 39
12640 39
12641 39
12641 38
12685 39
12688 40
12708 41
12744 42
12752 43
12752 42
12757 41
12763 40
12765 40
12773 40
12774 41
12774 40
12775 39
12776 39
12776 39
12777 39
12780 39
12783 39
12785 39
12785 38
12812 39
12819 39
12821 39
12821 39
12821 39
12822 39
12822 39
12823 38
12824 39
12826 38
12837 39
12856 40
12857 40
12858 40
12860 39
12862 38
12863 38
12864 38
12864 37
12867 37
12870 36
12871 35
12900 36
12907 35
12919 35
12940 36
12951 37
12953 36
12955 35
12965 36
12967 35
12969 35
12976 34
13025 35
13046 36
13051 36
13052 36
13052 36
13054 37
13062 36
13064 37
13069 38
13071 38
13081 39
13083 39
13086 38
13087 37
13088 38
13089 37
13092 36
13092 37
13094 37
13095 37
13096 36
13100 35
13100 34
13101 33
13101 32
13101 31
13102 30
13108 31
13122 31
13154 32
13160 31
13164 32
13189 33
13220 34
13238 34
13264 35
13268 36
13272 35
13273 35
13278 35
13280 36
13280 37
13281 37
13285 37
13288 36
13288 36
13336 37
13345 38
13347 37
13353 38
13356 39
13390 40
13393 39
13394 38
13396 38
13400 37
13401 37
13404 38
13405 38
13405 37
13406 38
13414 38
13416 39
13426 40
13429 41
13436 41
13436 40
13442 41
13444 40
13448 39
13453 39
13458 38
13475 39
13484 40
13485 41
13492 40
13493 41
13502 40
13505 40
13505 39
13505 38
13505 37
13505 36
13505 37
13507 36
13532 37
13536 38
13543 39
13547 40
13548 39
13556 38
13564 38
13574 37
13575 38
13660 39
13663 39
13692 40
13704 41
13707 42
13711 41
13723 40
13733 41
13764 41
13764 41
13774 42
13776 41
13785 40
13799 39
13800 40
13808 39
13818 38
13848 38
13852 39
13852 38
13852 38
13872 37
13879 38
13907 39
13916 39
13918 38
13918 38
13922 38
13924 38
13929 38
13929 37
13929 36
13930 35
13930 34
13930 33
13930 33
13930 33
13930 33
13931 32
13931 31
13933 31
13939 30
13942 31
13980 31
13983 32
13983 32
13984 31
13984 30
13985 31
13985 30
13987 29
13987 29
13987 28
13988 27
13988 27
13989 27
13990 27
13990 26
13992 26
13993 25
13993 24
13994 23
13995 22
14004 21
14007 21
14019 22
14031 21
14031 20
14031 21
14031 21
14032 20
14037 20
14038 19
14041 20
14081 21
14099 22
14111 23
14111 24
14118 25
14123 26
14124 27
14129 26
14129 25
14184 26
14186 27
14189 28
14196 27
14204 28
14211 29
14237 29
14238 28
14238 27
14250 28
14252 29
14260 28
14285 27
14286 28
14289 29
14290 28
14292 29
14292 29
14297 29
14297 28
14298 27
14299 26
14320 27
14330 28
14350 28
14359 29
14360 30
14365 31
14366 30
14372 31
14386 32
14413 33
14415 34
14416 35
14428 36
14428 37
14433 38
14436 38
14441 37
14444 36
14445 35
14447 34
14449 33
14451 32
14456 32
14464 33
14465 32
14468 33
14512 34
14513 35
14517 36
14518 35
14567 36
14572 35
14577 36
14579 35
14581 36
14591 37
14616 38
14633 37
14648 38
14666 39
14670 40
14671 41
14675 42
14679 41
14683 41
14683 41
14687 42
14687 41
14687 41
14688 40
14692 39
14695 39
14697 39
14698 38
14709 39
14716 40
14740 41
14748 42
14800 41
14806 42
14808 41
14818 41
14820 42
14821 41
14822 40
14824 41
14829 40
14831 39
14833 39
14836 40
14836 39
14842 40
14872 39
14872 38
14874 39
14876 40
14879 39
14895 38
14896 39
14896 40
14899 39
14908 40
14953 39
14970 40
15000 41
15004 42
15006 41
15008 42
15021 41
15065 42
15065 43
15066 42
15068 42
15069 43
15070 42
15071 43
15071 42
15075 41
15094 41
15126 42
15133 43
15148 42
15151 43
15153 44
15160 44
15178 45
15197 46
15204 47
15204 46
15210 47
15212 48
15213 47
15216 48
15224 49
15228 49
15258 48
15265 49
15267 50
15285 50
15294 51
15332 52
15340 51
15341 50
15348 51
15352 52
15357 53
15372 54
15373 54
15382 53
15386 53
15400 52
15473 53
15475 54
15476 53
15478 52
15523 53
15564 54
15568 55
15574 56
15576 55
15576 54
15577 53
15577 53
15619 54
15626 55
15636 56
15652 57
15659 56
15659 57
15684 56
15684 55
15687 56
15693 55
15704 54
15732 55
15738 54
15745 55
15764 54
15768 55
15791 56
15796 55
15796 54
15797 53
15850 52
15856 53
15859 52
15863 53
15864 52
15864 51
15881 52
15903 51
15952 52
15988 51
15992 52
16017 51
16028 50
16042 51
16051 52
16059 53
16060 54
16066 55
16068 54
16068 53
16072 52
16133 53
16151 54
16231 53
16282 52
16292 53
16320 54
16328 55
16344 56
16360 55
16455 56
16460 57
16484 57
16496 58
16499 59
16567 60
16568 61
16584 62
16608 63
16615 64
16720 65
16788 66
16828 67
16828 67
16872 68
16897 67
16911 68
16912 69
16920 70
16976 69
16996 70
17001 69
17059 70
17077 69
17120 70
17130 71
17133 70
17140 69
17291 70
17324 69
17348 70
17377 71
17380 72
17460 73
17506 74
17536 73
17668 74
17738 75
17951 76
17996 77
18020 76
18088 75
18224 74
18256 73
18279 74
18305 75
18412 76
18504 77
18620 78
18661 79
18763 78
18876 79
18970 78
19152 77
19373 78
19483 79
19624 80
19885 79
19926 80
19928 81
19976 82
20016 83
20296 82
20420 81
20965 82
20986 81
21055 80
21278 81
21401 82
21434 81
21435 80
21490 79
21493 78
21561 77
21609 76
21652 75
21657 74
21785 73
21833 74
21850 73
21909 72
21970 73
22042 72
22065 73
22092 72
22108 71
22145 70
22189 69
22213 68
22229 69
22231 68
22232 69
22246 68
22300 67
22323 66
22330 67
22414 68
22428 67
22435 66
22439 65
22469 66
22529 65
22532 64
22536 63
22560 62
22588 61
22614 62
22631 61
22642 62
22646 61
22653 62
22667 63
22719 64
22758 63
22768 62
22780 61
22795 60
22850 59
22853 60
22874 59
22887 58
22892 57
22892 56
22895 55
22909 54
22945 55
23007 56
23016 57
23021 58
23056 57
23133 58
23140 57
23159 56
23185 55
23225 54
23236 53
23245 52
23264 51
23271 52
23278 53
23280 54
23289 53
23296 54
23310 55
23332 56
23344 55
23360 54
23365 55
23395 56
23401 57
23415 58
23459 57
23488 58
23489 59
23496 58
23500 59
23503 60
23522 61
23524 60
23528 59
23552 58
23557 57
23572 58
23614 59
23618 60
23640 61
23641 62
23664 63
23668 64
23677 63
23684 62
23686 61
23698 60
23757 59
23793 58
23818 57
23826 56
23826 57
23834 58
23837 57
23841 58
23847 57
23889 58
23900 59
23901 58
23902 59
23930 60
23965 61
23968 62
24032 61
24049 60
24121 59
24148 60
24149 61
24149 62
24149 63
24162 64
24163 65
24164 66
24172 65
24173 64
24340 65
24376 66
24408 65
24424 66
24444 65
24544 66
24554 65
24556 64
24568 63
24594 64
24599 65
24609 64
24624 63
24656 64
24697 65
24742 66
24744 65
24757 64
24769 65
24771 66
24820 67
24821 68
25028 69
25036 68
25088 69
25208 70
25232 69
25274 70
25352 69
25357 70
25407 69
25408 68
25492 69
25496 70
25504 69
25549 70
25576 71
25679 70
25716 71
25760 70
25765 71
25812 72
25861 71
25913 70
25943 69
25956 68
26016 69
26024 68
26034 69
26157 70
26188 69
26199 68
26208 69
26267 70
26304 71
26372 72
26373 73
26373 74
26381 73
26388 74
26400 75
26410 76
26592 77
26602 76
26620 75
26648 76
26671 75
26779 74
26802 73
26828 74
26867 75
26926 74
26976 75
27035 74
27048 73
27191 74
27258 74
27262 75
27356 74
27498 73
27528 74
27545 75
27819 74
27828 73
27912 74
27946 73
28149 74
28155 75
28187 76
28194 77
28281 78
28447 77
28467 78
28582 77
28601 76
28687 75
28729 74
28802 73
28933 72
28939 71
28982 72
28995 73
29036 74
29041 75
29101 74
29131 73
29200 74
29204 73
29242 74
29312 75
29313 76
29333 75
29396 74
29425 73
29459 74
29525 75
29541 76
29562 75
29627 76
29628 77
29632 76
29634 77
29640 76
29644 75
29646 74
29680 73
29720 72
29800 71
29868 70
29959 71
29968 70
29970 69
29999 68
30001 67
30009 66
30034 65
30069 64
30166 65
30233 64
30235 63
30240 62
30270 61
30305 62
30315 63
30394 64
30396 64
30400 65
30411 66
30416 65
30418 64
30486 63
30516 62
30528 63
30546 64
30548 63
30555 64
30644 63
30669 64
30671 63
30677 62
30823 61
30871 60
30872 59
30879 58
30960 57
30969 56
30986 57
30992 56
31021 55
31072 56
31080 57
31084 58
31085 57
31117 56
31130 55
31135 54
31155 55
31166 56
31183 57
31218 56
31258 57
31291 58
31301 57
31316 58
31317 59
31343 60
31344 61
31346 62
31357 63
31357 64
31359 63
31380 64
31465 63
31496 62
31502 61
31516 60
31538 61
31540 62
31579 61
31603 62
31613 63
31617 64
31656 65
31737 64
31755 65
31756 66
31759 67
31812 68
31821 67
31823 66
31835 65
31851 66
31888 65
31897 66
31903 67
31928 66
31982 65
32009 64
32023 65
32024 64
32035 65
32036 66
32048 65
32052 64
32108 65
32171 66
32174 65
32244 66
32255 67
32259 68
32292 69
32326 70
32377 71
32381 72
32405 71
32477 70
32545 69
32566 70
32592 71
32620 72
32620 73
32629 72
32632 73
32712 74
32717 75
32804 76
32812 77
32824 76
32842 75
32868 76
32870 75
33030 74
33161 73
33161 72
33162 71
33186 72
33205 71
33210 72
33214 71
33272 70
33396 69
33420 70
33430 71
33432 72
33433 73
33492 72
33535 73
33537 74
33588 73
33596 74
33657 73
33699 72
33735 71
33840 70
33852 69
33858 68
33863 67
33884 68
33947 67
33967 66
33996 65
34005 66
34006 67
34015 66
34019 65
34063 66
34100 65
34133 66
34157 65
34218 66
34220 65
34433 66
34585 67
34611 68
34732 67
34776 68
34777 69
34795 70
34828 71
34936 70
34948 71
34982 72
35011 71
35023 72
35073 71
35088 72
35092 73
35120 74
35128 73
35182 72
35203 73
35229 74
35255 73
35272 74
35320 73
35330 72
35372 73
35428 72
35462 73
35489 72
35502 71
35553 70
35705 71
35714 70
35754 69
35836 70
35854 71
35859 72
35904 73
35943 74
36102 73
36160 72
36226 71
36238 70
36247 71
36259 72
36300 71
36364 70
36381 71
36393 72
36399 71
36408 70
36411 69
36461 70
36497 71
36504 70
36519 69
36693 68
36710 67
36740 66
36770 65
36785 66
36795 67
36839 66
36891 67
36928 66
36936 67
36988 68
37004 69
37075 68
37094 69
37097 70
37140 71
37143 70
37144 69
37205 70
37209 71
37219 70
37271 69
37282 68
37295 69
37349 70
37404 71
37404 70
37423 69
37432 68
37440 69
37460 68
37540 67
37577 66
37591 67
37617 68
37639 67
37706 68
37815 67
37825 66
37838 65
37882 64
37887 65
37915 66
37915 67
37984 68
37988 69
38034 70
38038 71
38069 70
38149 69
38243 68
38253 69
38347 70
38402 71
38418 70
38424 69
38424 68
38464 67
38498 68
38501 67
38525 66
38572 67
38573 68
38578 69
38583 68
38617 67
38693 68
38784 67
38785 66
38799 67
38809 66
38841 67
38920 66
38924 65
38934 64
38961 65
38964 66
38975 65
39098 64
39129 63
39156 62
39182 63
39221 64
39264 63
39323 64
39346 63
39395 64
39395 65
39395 66
39401 65
39414 64
39423 65
39445 64
39453 65
39481 64
39487 65
39521 64
39587 65
39601 64
39661 63
39737 64
39809 63
39817 64
39857 65
39857 66
39859 67
39861 68
39865 69
39868 70
39871 71
39879 70
39913 71
39915 72
40065 73
40077 74
40243 75
40264 74
40265 73
40285 72
40301 73
40302 74
40333 73
40370 72
40409 73
40409 74
40416 73
40431 72
40434 73
40442 72
40469 71
40469 70
40661 69
40665 68
40679 67
40705 68
40772 69
40775 68
40783 67
40802 66
40803 65
40814 66
40835 65
40843 64
40843 63
40969 64
40976 65
41033 66
41091 67
41116 68
41126 67
41133 66
41158 65
41337 64
41340 65
41340 66
41465 67
41465 66
41473 67
41485 66
41493 67
41494 66
41588 67
41609 66
41625 67
41637 66
41677 65
41721 66
41723 65
41725 66
41773 67
41866 66
41876 67
42024 66
42089 67
42113 68
42113 69
42176 70
42207 69
42207 70
42260 71
42343 72
42353 73
42385 74
42473 73
42509 74
42529 73
42537 74
42546 75
42601 74
42624 73
42648 74
42653 73
42693 72
42886 71
42953 70
42962 69
42980 70
42985 69
42987 68
43022 67
43054 68
43055 69
43125 70
43149 69
43189 68
43315 69
43363 70
43397 69
43429 70
43439 71
43482 70
43508 71
43513 72
43531 73
43580 72
43586 71
43669 70
43709 69
43733 70
43747 69
43817 70
43822 69
43827 70
43835 71
43865 70
43915 71
43915 72
43915 71
43917 70
44000 71
44157 72
44163 71
44209 70
44220 69
44251 68
44304 67
44313 66
44320 67
44329 66
44340 67
44352 66
44354 65
44377 66
44473 65
44597 66
44625 67
44629 68
44632 67
44632 68
44635 67
44636 68
44677 69
44777 70
44871 71
44872 72
44928 71
44983 72
44992 73
45015 72
45039 71
45047 72
45071 71
45093 72
45102 73
45139 72
45142 73
45148 72
45188 73
45206 72
45300 71
45305 70
45316 71
45335 70
45382 69
45393 70
45398 71
45434 72
45525 71
45628 72
45661 71
45737 72
45797 71
45812 70
45837 69
45841 68
45983 69
46000 70
46016 69
46020 68
46042 69
46044 68
46064 69
46114 70
46209 69
46277 68
46280 69
46289 68
46369 69
46485 68
46497 69
46521 70
46536 69
46594 68
46595 67
46623 66
46638 65
46840 64
46869 63
46903 64
46923 65
46923 64
46930 65
46981 64
46981 63
47009 64
47030 65
47117 64
47195 65
47232 66
47243 67
47244 68
47246 69
47247 70
47289 71
47352 72
47352 73
47397 74
47420 73
47501 72
47521 73
47585 74
47672 75
47693 74
47716 73
47721 72
47752 71
47762 70
47781 71
47781 72
47784 73
47789 74
47792 73
47817 72
47832 73
47852 72
47873 72
47883 71
47893 70
47991 69
48014 68
48084 69
48147 68
48203 67
48229 66
48238 67
48249 66
48250 65
48257 66
48265 65
48289 66
48313 65
48488 66
48497 65
48510 66
48541 67
48552 66
48557 65
48583 64
48583 65
48610 65
48738 66
48768 67
48833 66
48840 67
48888 66
48897 67
48935 68
48942 69
49008 68
49045 69
49085 68
49093 67
49110 68
49144 67
49165 68
49188 67
49232 66
49278 67
49287 68
49334 67
49457 68
49457 69
49460 70
49468 71
49477 70
49524 71
49549 72
49577 71
49608 70
49618 69
49620 70
49621 71
49648 72
49750 73
49755 72
49772 73
49826 74
49957 75
49957 76
49967 75
49976 74
50020 73
50041 72
50047 73
50069 72
50096 71
50114 72
50121 71
50178 70
50245 69
50270 68
50294 69
50296 68
50303 69
50306 70
50375 71
50405 72
50414 73
50419 72
50420 71
50501 72
50509 71
50594 70
50614 71
50633 70
50673 69
50740 68
50768 67
50798 66
50802 67
50815 68
50829 69
50929 70
50930 69
50969 70
50973 69
51023 68
51085 67
51128 66
51162 65
51203 66
51213 65
51247 64
51269 65
51325 66
51373 65
51470 66
51470 67
51518 68
51532 67
51722 68
51755 69
51763 70
51791 71
51797 70
51826 69
51829 70
51854 71
51958 70
51974 71
52025 72
52036 73
52045 72
52051 73
52185 72
52215 71
52291 70
52296 71
52376 70
52490 69
52521 70
52524 69
52541 68
52561 69
52561 68
52585 67
52608 66
52629 67
52650 66
52729 67
52749 68
52755 67
52793 66
52824 67
52836 67
52865 68
52882 67
52949 66
53007 65
53044 66
53047 67
53075 68
53117 67
53129 66
53206 67
53287 68
53297 69
53297 68
53337 67
53357 68
53410 69
53428 68
53516 69
53539 70
53601 71
53618 70
53619 71
53620 72
53630 73
53646 72
53692 71
53696 70
53701 69
53802 70
53867 71
54006 70
54017 71
54025 70
54026 71
54083 70
54091 69
54096 68
54104 67
54109 66
54145 65
54160 66
54197 67
54235 66
54267 67
54274 68
54338 67
54353 66
54357 65
54381 64
54418 65
54463 66
54489 67
54533 66
54626 67
54631 68
54683 69
54791 70
54832 71
54839 72
54865 71
54937 72
55074 73
55103 74
55112 75
55119 74
55149 73
55185 74
55194 73
55204 72
55230 71
55262 70
55272 69
55282 68
55286 67
55289 66
55309 65
55332 64
55370 63
55387 62
55417 61
55481 60
55515 59
55528 60
55537 61
55541 62
55566 61
55584 60
55620 61
55624 60
55710 61
55740 62
55771 63
55835 62
55842 61
55932 60
55940 61
55944 60
56002 59
56030 58
56062 59
56101 58
56134 57
56149 58
56158 59
56242 60
56250 61
56284 60
56324 61
56336 62
56342 61
56377 62
56418 63
56421 64
56500 65
56525 64
56549 65
56549 64
56557 63
56568 64
56573 65
56597 66
56628 67
56637 66
56685 65
56712 66
56715 67
56715 68
56828 67
56841 68
56873 69
56873 70
56896 71
57008 72
57046 71
57098 70
57098 71
57099 72
57105 73
57127 72
57129 71
57268 70
57268 69
57283 70
57361 69
57462 68
57463 67
57482 66
57514 65
57520 66
57527 67
57553 66
57566 65
57600 64
57604 63
57606 64
57660 63
57705 64
57707 63
57723 64
57734 63
57780 64
57783 65
57809 66
57818 65
57821 66
57863 67
57929 66
57986 67
58005 66
58097 65
58133 64
58224 63
58245 64
58246 65
58252 64
58256 65
58383 64
58395 65
58398 64
58405 63
58437 64
58464 63
58481 64
58488 65
58527 66
58564 67
58573 68
58621 67
58643 68
58682 69
58769 68
58788 69
58788 68
58836 67
58857 66
58880 67
58916 68
58917 69
58925 68
59001 69
59013 68
59043 69
59050 68
59065 67
59069 68
59105 67
59180 68
59324 67
59371 68
59378 67
59398 68
59407 69
59481 70
59485 71
59574 72
59616 73
59657 72
59669 71
59679 72
59684 73
59704 74
59712 75
59770 76
59791 77
59867 78
59872 77
59889 76
59997 75
60003 76
60044 75
60051 74
60090 75
60095 76
60110 75
60111 74
60137 73
60224 72
60242 71
60253 71
60254 72
60310 73
60422 72
60442 73
60452 72
60463 71
60550 70
60556 71
60565 70
60640 71
60673 70
60781 69
60813 70
60884 71
60916 70
60945 69
61015 68
61061 69
61086 70
61201 69
61317 68
61337 67
61493 66
61509 65
61525 64
61552 63
61557 64
61592 65
61621 66
61621 65
61625 66
61625 67
61625 68
61627 67
61686 66
61705 65
61719 66
61740 67
61780 68
61842 69
61853 68
61887 69
61928 70
61993 71
62125 70
62141 69
62181 68
62241 69
62241 70
62292 71
62346 72
62441 71
62565 70
62566 71
62577 70
62585 71
62585 72
62609 71
62652 70
62691 69
62697 70
62698 69
62709 70
62729 69
62749 68
62828 67
62830 66
62833 67
62844 66
62869 65
62880 66
62944 65
62997 66
63011 65
63020 66
63049 65
63105 64
63169 63
63206 64
63213 63
63245 64
63246 63
63253 62
63253 62
63266 63
63271 64
63322 65
63357 64
63369 63
63435 64
63479 65
63484 64
63510 65
63518 66
63542 65
63544 64
63664 65
63717 64
63753 65
63755 66
63817 65
63853 66
63864 67
63872 66
63934 67
63971 66
64073 67
64102 66
64117 65
64201 64
64284 65
64290 66
64342 67
64376 66
64408 67
64424 66
64473 67
64509 68
64516 67
64560 66
64633 65
64644 66
64645 67
64646 68
64652 69
64736 70
64755 71
64825 72
64836 71
64843 70
64917 71
64941 72
64949 71
64950 70
64972 69
64989 70
65005 71
65046 70
65106 69
65166 68
65200 69
65256 70
65257 71
65347 70
65450 69
65545 68
65565 69
65591 70
65595 71
65657 70
65697 69
65776 70
65778 71
65874 72
65988 73
66053 72
66061 71
66093 72
66147 73
66170 72
66184 71
66227 70
66244 69
66281 70
66310 71
66313 70
66321 70
66341 69
66397 68
66410 69
66413 70
66430 71
66467 70
66502 69
66589 68
66715 67
66722 68
66758 67
66758 68
66782 67
66801 68
66805 69
66809 68
66810 67
66906 68
66922 69
66992 70
67089 71
67111 70
67122 71
67133 72
67140 71
67202 72
67246 71
67399 72
67440 71
67463 70
67472 69
67515 68
67536 67
67541 68
67569 69
67597 70
67599 69
67610 70
67669 71
67673 70
67675 71
67685 70
67724 69
67755 68
67813 69
67858 68
67862 69
67877 68
67957 67
68072 66
68073 65
68105 66
68116 65
68129 64
68132 65
68134 64
68149 63
68193 62
68197 61
68201 62
68218 63
68283 64
68374 65
68378 66
68442 65
68459 66
68517 67
68553 66
68627 67
68658 68
68758 67
68860 68
68867 69
68868 68
68929 69
68942 68
68954 69
68970 70
68977 69
68982 68
69025 69
69076 68
69081 69
69088 70
69089 71
69127 70
69156 69
69157 70
69162 71
69244 72
69245 73
69356 74
69368 73
69377 72
69453 71
69466 70
69518 71
69519 72
69529 71
69535 70
69544 71
69544 72
69745 71
69766 70
69777 69
69901 68
69904 67
69948 66
70013 67
70047 66
70068 65
70077 66
70091 65
70106 64
70118 63
70157 62
70175 61
70193 62
70243 63
70310 64
70313 65
70325 64
70373 65
70408 64
70450 63
70477 62
70497 63
70532 62
70541 63
70542 64
70542 63
70585 62
70653 61
70661 62
70689 63
70709 64
70715 65
70720 66
70741 65
70835 64
70854 65
70870 64
70892 65
70943 66
70981 65
70994 64
71003 63
71025 62
71082 63
71141 64
71141 65
71188 66
71189 65
71209 66
71265 67
71265 66
71266 67
71359 68
71401 69
71401 70
71431 69
71517 68
71521 67
71561 66
71606 67
71637 68
71647 67
71665 68
71665 67
71672 68
71685 67
71704 68
71765 69
71798 70
71981 71
71983 70
72002 69
72007 68
72015 69
72033 70
72033 71
72049 72
72053 73
72061 74
72092 73
72173 72
72236 73
72236 74
72237 75
72271 74
72333 73
72397 72
72424 71
72520 70
72529 69
72562 68
72565 67
72565 66
72577 65
72633 64
72634 65
72639 66
72665 67
72674 66
72697 65
72698 64
72699 63
72741 62
72745 61
72781 60
72829 61
72857 62
72898 63
72984 64
73091 65
73146 66
73193 66
73275 67
73285 68
73341 69
73399 70
73416 71
73478 70
73585 71
73590 72
73608 71
73667 72
73668 73
73685 72
73695 71
73718 72
73721 73
73749 72
73757 73
73773 72
73790 71
73805 70
73816 71
73816 70
73825 69
73923 68
74083 69
74085 68
74134 69
74176 68
74179 67
74218 66
74223 67
74225 68
74226 69
74253 68
74257 69
74285 70
74325 71
74360 70
74409 71
74671 72
74672 73
74700 72
74764 71
74831 70
74845 69
74878 70
74878 71
74883 70
74905 69
74909 70
74911 71
74957 70
74984 71
75029 72
75057 71
75085 70
75189 69
75206 70
75265 69
75272 68
75294 69
75297 68
75336 67
75375 66
75447 67
75477 66
75482 67
75493 68
75493 69
75529 68
75553 67
75556 68
75685 67
75700 68
75714 69
75779 68
75809 67
75821 66
75824 67
75905 68
75912 69
75925 68
75969 67
75985 66
76019 67
76027 68
76204 67
76291 68
76303 69
76378 70
76386 71
76469 72
76488 71
76552 70
76565 69
76580 68
76585 67
76590 66
76639 65
76661 66
76669 65
76749 64
76784 65
76817 64
76893 65
76906 66
76924 67
76937 68
76977 69
76997 68
77025 69
77039 70
77180 71
77189 70
77199 69
77208 70
77219 71
77221 72
77291 71
77299 70
77348 69
77405 70
77428 71
77450 72
77454 71
77488 70
77490 69
77507 70
77554 71
77604 70
77629 69
77699 68
77753 67
77776 66
77793 65
77828 64
77865 63
77866 64
77885 65
77889 64
77899 65
77909 66
78023 67
78041 66
78104 65
78109 64
78146 65
78186 64
78226 63
78266 62
78281 63
78289 64
78295 63
78329 64
78333 65
78335 66
78486 67
78494 66
78521 67
78521 66
78557 67
78641 68
78651 69
78693 70
78747 71
78832 72
78838 71
78867 71
78911 70
78915 71
78949 70
78959 69
79001 68
79034 69
79089 70
79093 71
79105 72
79105 73
79135 74
79189 75
79209 74
79221 73
79381 72
79420 73
79440 72
79547 73
79557 74
79591 75
79592 76
79654 75
79705 74
79814 73
79867 72
79892 73
79937 72
79993 71
80023 70
80034 69
80038 68
80053 69
80061 68
80066 67
80091 68
80101 67
80132 66
80149 67
80199 66
80217 67
80217 68
80218 69
80247 68
80281 67
80297 66
80319 65
80338 64
80427 65
80510 64
80516 65
80610 66
80629 67
80643 68
80649 67
80713 67
80713 68
80718 69
80722 68
80759 67
80769 68
80924 69
81043 70
81070 71
81073 72
81109 71
81126 70
81166 71
81185 70
81194 69
81233 70
81238 69
81300 68
81315 69
81398 70
81399 69
81401 70
81439 71
81508 72
81567 71
81571 70
81595 69
81645 70
81692 71
81699 72
81721 71
81766 70
81841 71
81892 72
81900 73
81905 74
81982 73
82053 72
82053 71
82161 70
82209 71
82250 70
82330 69
82334 68
82361 67
82414 66
82453 67
82455 68
82457 67
82504 66
82511 67
82606 66
82616 67
82620 68
82657 67
82668 68
82688 67
82690 68
82715 69
82753 68
82758 69
82772 68
82806 69
82813 68
82853 69
82883 68
82889 67
82948 66
82956 67
82973 66
82996 65
83065 64
83125 63
83169 63
83197 64
83214 63
83232 62
83278 63
83314 62
83396 63
83397 62
83405 63
83405 64
83413 63
83420 64
83421 65
83426 66
83447 67
83493 66
83505 67
83555 68
83609 69
83626 68
83869 69
83869 70
83871 69
83874 70
83874 71
83898 70
83925 71
84014 72
84022 73
84050 72
84074 71
84085 70
84087 69
84089 70
84089 71
84100 70
84118 69
84293 68
84297 69
84305 68
84311 69
84345 68
84394 69
84394 70
84397 71
84429 70
84497 69
84520 68
84534 69
84539 70
84541 69
84542 70
84570 71
84572 72
84597 73
84607 72
84609 71
84609 71
84610 70
84610 70
84610 69
84610 68
84611 67
84611 67
84615 66
84616 65
84617 64
84620 63
84729 62
84800 63
84871 64
84879 63
84913 64
84913 65
84955 64
84988 63
85009 64
85013 63
85021 62
85022 62
85066 61
85078 62
85081 62
85081 61
85082 61
85082 61
85084 60
85087 59
85091 58
85094 57
85094 56
85095 56
85096 55
85101 56
85160 55
85185 56
85195 56
85205 57
85264 56
85285 57
85294 56
85296 55
85296 55
85299 54
85299 53
85300 52
85301 51
85307 50
85307 51
85318 50
85321 49
85322 48
85327 47
85349 46
85349 45
85349 44
85350 44
85408 44
85409 43
85417 42
85419 43
85420 43
85433 42
85433 41
85470 42
85476 41
85511 41
85529 42
85533 42
85534 41
85541 40
85541 39
85541 39
85542 38
85542 38
85542 37
85542 38
85542 37
85547 36
85566 35
85643 36
85665 37
85666 38
85668 37
85670 37
85690 36
85690 35
85693 35
85696 35
85696 35
85697 34
85697 34
85698 35
85698 34
85700 33
85703 32
85708 33
85720 34
85720 35
85723 34
85724 33
85725 32
85728 32
85729 31
85732 30
85742 29
85757 30
85764 29
85770 28
85773 27
85805 28
85810 27
85812 26
85812 27
85814 26
85817 25
85818 26
85818 25
85828 24
85830 23
85833 22
85842 21
85853 22
85895 23
85895 24
85902 24
85913 25
85913 26
85914 27
85954 28
86000 29
86006 30
86023 29
86040 29
86065 30
86072 31
86073 30
86073 31
86081 30
86081 30
86082 30
86082 29
86082 29
86082 28
86082 27
86082 26
86089 27
86096 28
86098 29
86100 30
86103 31
86112 32
86112 33
86124 33
86148 34
86148 35
86158 34
86172 35
86189 36
86194 37
86210 38
86212 37
86213 36
86227 37
86233 36
86234 35
86236 35
86238 36
86238 35
86239 34
86242 35
86243 36
86243 35
86245 34
86245 33
86248 32
86249 32
86265 33
86294 34
86304 35
86318 36
86325 37
86329 38
86343 39
86378 40
86412 41
86417 42
86432 43
86437 43
86437 43
86441 43
86442 42
86454 41
86455 42
86474 43
86476 44
86481 45
86481 44
86481 43
86483 42
86488 41
86491 41
86493 42
86493 42
86503 43
86533 42
86540 43
86557 42
86558 41
86558 41
86561 40
86581 41
86584 42
86589 41
86590 40
86593 39
86594 40
86597 39
86600 40
86602 40
86603 39
86607 38
86611 39
86641 40
86649 41
86692 42
86707 43
86709 44
86709 45
86711 46
86713 45
86715 44
86717 43
86717 42
86717 41
86718 40
86718 40
86720 39
86721 38
86724 38
86724 37
86725 37
86726 38
86727 37
86760 38
86761 39
86766 40
86768 39
86772 40
86773 41
86781 41
86816 42
86831 42
86841 43
86864 44
86865 43
86865 43
86865 43
86866 43
86879 42
86889 43
86913 44
86983 45
86987 44
86991 43
86993 44
86997 45
87017 46
87098 46
87117 47
87117 47
87117 46
87119 45
87119 45
87123 45
87124 44
87124 43
87125 42
87126 41
87145 42
87153 41
87153 40
87164 41
87165 41
87166 40
87198 41
87204 40
87221 40
87223 39
87233 40
87246 41
87250 42
87253 43
87259 42
87259 41
87263 42
87264 41
87264 41
87266 40
87266 39
87266 39
87268 38
87269 39
87273 39
87275 39
87275 40
87275 40
87281 41
87284 40
87287 39
87289 38
87289 37
87354 37
87391 38
87393 39
87396 40
87398 41
87398 42
87400 42
87412 41
87413 40
87413 39
87432 40
87461 41
87465 42
87468 41
87469 40
87469 39
87470 38
87470 37
87470 37
87470 37
87470 37
87470 36
87472 35
87476 34
87485 34
87487 33
87487 34
87488 33
87493 34
87497 34
87501 35
87502 34
87503 34
87513 35
87541 36
87549 37
87579 38
87579 39
87581 38
87610 39
87675 40
87681 41
87693 42
87696 42
87697 43
87699 43
87701 44
87705 43
87706 44
87749 45
87773 44
87773 44
87776 45
87777 46
87785 45
87786 46
87809 47
87811 46
87836 47
87853 48
87853 47
87868 46
87873 47
87874 48
87879 49
87881 50
87888 49
87901 50
87905 51
87925 52
87936 53
87952 52
87970 51
88009 50
88014 51
88016 52
88017 53
88018 54
88019 53
88031 54
88037 55
88037 56
88041 57
88045 58
88045 57
88072 56
88076 57
88076 56
88079 55
88081 56
88089 55
88089 54
88090 53
88100 54
88109 55
88112 54
88127 55
88161 56
88191 55
88273 56
88273 57
88274 58
88313 59
88320 58
88334 59
88334 60
88334 61
88334 62
88334 63
88343 62
88381 63
88391 62
88416 63
88419 62
88431 63
88465 64
88465 65
88489 66
88541 65
88565 66
88574 65
88649 64
88684 65
88685 64
88715 63
88717 64
88728 63
88732 64
88773 63
88778 62
88793 63
88793 64
88916 65
88953 64
88973 65
89013 64
89107 63
89116 64
89201 63
89220 62
89221 63
89261 64
89261 65
89336 66
89341 67
89353 66
89386 67
89434 66
89450 67
89571 68
89605 69
89613 68
89625 67
89659 68
89664 69
89665 70
89805 69
89847 70
89981 69
90045 70
90089 69
90125 70
90126 71
90134 72
90180 73
90181 74
90188 75
90285 74
90373 75
90381 74
90462 73
90586 72
90625 73
90649 74
90715 73
90727 72
90737 71
90737 70
90773 71
90780 72
90782 73
90866 72
91005 73
91033 74
91071 75
91210 74
91222 75
91266 74
91321 75
91340 74
91513 75
91549 74
91581 75
91628 76
91635 75
91706 74
91765 75
91769 74
91890 75
92164 76
92231 75
92386 74
92405 75
92693 76
92772 77
92792 76
92953 77
93025 76
93167 75
93174 76
93334 75
93461 76
93575 75
93595 76
93641 77
93648 78
93693 77
93693 76
93782 77
93788 76
93823 75
93825 74
93847 73
93923 74
93926 73
93935 72
93977 71
93981 70
94009 69
94061 68
94138 67
94144 66
94147 65
94175 64
94185 65
94197 66
94226 65
94230 64
94230 63
94234 64
94275 63
94287 64
94298 65
94309 64
94361 63
94368 63
94370 62
94382 61
94397 62
94434 63
94451 62
94485 61
94510 62
94532 63
94539 62
94584 63
94593 64
94598 63
94625 64
94645 65
94670 64
94671 63
94708 62
94716 63
94716 62
94719 61
94723 62
94804 63
94805 62
94825 61
94836 62
94837 61
94869 62
94896 61
94897 60
94900 61
94917 60
94919 59
94926 58
94953 57
94974 58
94987 59
95031 58
95065 57
95097 58
95105 57
95115 56
95124 57
95145 56
95177 55
95198 56
95200 55
95202 56
95215 57
95245 56
95249 57
95270 58
95339 59
95419 58
95430 59
95476 58
95483 59
95485 58
95486 59
95489 60
95514 59
95529 58
95549 57
95556 58
95556 57
95613 56
95653 55
95654 56
95674 57
95678 58
95681 59
95684 60
95689 61
95745 62
95792 61
95793 62
95806 61
95868 60
95878 61
95892 62
95906 63
96017 64
96035 63
96043 64
96046 65
96100 66
96126 65
96143 66
96153 67
96156 66
96159 65
96180 66
96185 67
96215 68
96222 67
96269 66
96279 67
96284 68
96289 67
96296 66
96335 67
96435 66
96441 67
96445 68
96561 69
96566 70
96568 71
96571 72
96590 71
96591 70
96593 69
96612 68
96633 69
96641 68
96689 69
96719 70
96742 69
96746 70
96762 69
96868 68
96877 67
96964 68
96991 67
97012 66
97038 67
97041 66
97081 65
97109 64
97114 65
97121 66
97149 65
97225 66
97281 67
97313 66
97316 65
97320 66
97408 65
97485 66
97496 65
97500 66
97596 65
97609 66
97719 65
97739 66
97749 67
97754 68
97852 67
97869 68
97871 69
97881 70
97884 69
97892 70
97907 69
98009 70
98036 71
98053 72
98072 71
98143 72
98145 73
98161 74
98165 73
98333 72
98426 71
98438 70
98557 71
98557 72
98558 73
98559 74
98563 75
98568 74
98568 75
98659 74
98697 75
98904 76
98907 77
98965 76
98971 75
98981 76
99005 75
99020 74
99022 73
99042 74
99053 75
99072 74
99084 75
99085 74
99090 75
99099 74
99126 73
99197 72
99313 73
99404 72
99445 71
99471 70
99575 69
99668 70
99668 71
99674 72
99682 73
99741 74
99762 75
99895 76
99926 77
99975 76
100092 75
100168 74
100172 75
100178 76
100194 75
100205 75
100212 74
100239 73
100447 72
100473 71
100502 72
100653 71
100656 70
100744 71
100784 72
100797 73
100823 72
100872 71
100884 70
100945 71
100964 72
100981 71
101056 72
101057 73
101057 74
101058 75
101068 76
101115 75
101178 76
101364 75
101447 74
101483 73
101486 72
101486 71
101524 70
101525 71
101529 72
101530 71
101561 70
101585 69
101589 70
101662 69
101678 68
101777 67
101793 66
101803 65
101937 66
101937 67
101945 68
101961 67
101966 68
101967 67
101995 66
102017 67
102090 66
102100 67
102111 68
102169 69
102239 68
102313 67
102330 66
102335 65
102338 64
102361 65
102361 66
102368 67
102369 66
102375 67
102375 66
102391 65
102391 64
102399 63
102431 62
102457 63
102463 64
102505 65
102531 64
102540 65
102610 66
102641 65
102655 64
102657 65
102665 66
102676 67
102708 66
102711 65
102732 64
102781 63
102823 62
102824 63
102846 62
102905 61
102907 62
102936 63
102957 62
102969 61
102998 60
102999 61
103047 60
103051 59
103052 60
103146 61
103151 62
103249 61
103249 60
103266 61
103273 60
103278 59
103306 60
103380 61
103410 62
103497 61
103499 62
103584 61
103650 62
103658 63
103665 64
103685 63
103697 64
103805 65
103857 66
103864 67
103918 68
103933 67
103960 68
103975 69
104021 70
104027 69
104064 70
104064 69
104085 68
104110 67
104168 66
104179 65
104189 66
104201 67
104201 68
104206 67
104237 66
104246 67
104294 68
104335 69
104338 70
104353 71
104407 72
104429 71
104443 70
104445 69
104467 68
104538 67
104544 68
104556 69
104565 68
104585 69
104606 68
104616 67
104633 66
104646 65
104649 64
104683 65
104716 66
104739 67
104821 68
104844 67
104863 66
104937 67
104937 66
105005 67
105041 66
105053 67
105054 68
105161 69
105174 70
105244 69
105257 68
105313 69
105319 70
105321 71
105325 72
105336 71
105342 71
105380 72
105381 73
105382 74
105395 75
105416 74
105535 73
105537 74
105542 73
105557 72
105654 73
105721 72
105722 71
105732 70
105733 69
105767 68
105846 69
105856 68
105868 67
105889 66
105961 67
106056 68
106061 67
106088 66
106093 65
106141 66
106215 67
106248 68
106285 67
106322 68
106442 67
106458 66
106471 65
106488 66
106549 67
106589 68
106612 69
106637 68
106798 69
106808 70
106833 71
106836 70
106838 71
106919 72
106975 71
107083 72
107101 73
107111 74
107204 73
107266 74
107281 75
107301 74
107312 74
107317 75
107327 74
107678 75
107681 76
107765 75
107807 76
107840 75
107853 76
107884 77
107891 78
107891 79
107905 78
107983 77
108053 76
108078 75
108219 74
108221 73
108318 72
108346 71
108453 72
108498 73
108536 72
108609 73
108668 74
108687 73
108782 72
108797 71
108798 70
108817 71
108826 70
108863 69
108873 68
108886 69
108905 68
108909 69
108939 70
109021 71
109026 70
109045 71
109057 70
109116 71
109222 70
109223 71
109260 70
109323 71
109332 70
109333 71
109387 72
109415 73
109457 72
109504 71
109573 72
109592 71
109716 70
109730 69
109781 68
109802 67
109806 66
109808 65
109826 64
109856 63
109905 62
109914 63
110024 64
110068 65
110074 64
110096 63
110127 62
110146 61
110162 62
110187 63
110187 62
110192 63
110195 62
110277 63
110314 64
110334 63
110370 64
110374 65
110381 66
110382 65
110383 66
110430 65
110441 64
110463 65
110469 64
110498 65
110570 66
110588 67
110602 66
110627 67
110633 66
110641 67
110718 66
110722 67
110844 68
110861 67
110891 68
110910 67
110919 66
110936 67
110963 66
110968 67
110978 66
111015 67
111130 68
111150 69
111151 70
111266 69
111274 68
111358 69
111405 68
111493 67
111506 68
111561 69
111606 68
111659 69
111686 70
111695 69
111715 70
111721 71
111723 72
111795 73
111846 72
111951 71
111997 72
112022 71
112024 72
112030 71
112078 70
112104 69
112138 70
112146 69
112158 68
112161 67
112182 66
112214 65
112220 66
112234 65
112332 66
112338 67
112386 68
112418 69
112441 70
112489 69
112508 70
112550 71
112550 72
112564 71
112657 72
112718 73
112718 74
112746 73
112782 74
112795 73
112820 74
112867 73
112937 72
112957 71
112958 70
112975 69
112982 68
113024 69
113054 68
113065 69
113092 68
113170 69
113181 68
113198 69
113198 70
113207 69
113264 70
113333 69
113336 68
113415 69
113478 68
113523 67
113532 66
113576 67
113592 68
113658 67
113667 68
113692 67
113705 66
113752 65
113811 66
113818 65
113822 64
113892 63
113911 64
113927 65
113966 66
114082 67
114088 67
114090 68
114104 69
114185 68
114191 69
114269 68
114277 67
114327 68
114360 69
114390 70
114399 69
114399 70
114425 71
114487 72
114530 73
114603 74
114625 75
114628 76
114731 75
114784 76
114865 75
114867 74
114926 75
114960 74
114968 75
114987 76
115072 77
115086 76
115198 75
115248 74
115306 73
115314 72
115390 71
115509 70
115641 69
115722 70
115753 69
115791 70
115805 71
115839 72
115842 71
115862 72
115887 73
115919 74
115932 75
115977 76
115986 77
115989 78
115990 77
115994 76
116046 75
116132 76
116202 77
116206 78
116216 77
116218 76
116243 75
116253 74
116266 73
116315 72
116341 72
116384 71
116391 70
116408 71
116418 70
116421 69
116437 68
116452 67
116508 66
116567 65
116619 66
116626 65
116630 66
116647 67
116778 66
116815 67
116842 66
116912 65
116918 64
117038 65
117117 66
117122 67
117137 66
117154 65
117221 64
117240 63
117261 64
117314 65
117315 64
117321 63
117350 64
117482 65
117489 64
117515 63
117524 64
117536 65
117553 65
117565 64
117568 63
117569 62
117598 61
117656 62
117658 61
117668 62
117701 63
117724 64
117750 63
117794 64
117811 63
117890 62
117894 63
117899 62
117910 63
117918 64
117919 65
118043 66
118047 65
118076 64
118110 65
118114 66
118146 65
118183 64
118218 63
118241 64
118301 63
118319 64
118332 63
118391 64
118415 65
118422 66
118427 67
118427 68
118460 67
118468 68
118475 67
118527 68
118527 69
118552 68
118556 69
118557 70
118683 71
118718 72
118718 73
118814 74
118875 73
118877 72
118934 71
119014 70
119042 69
119060 70
119148 69
119148 68
119178 67
119260 68
119265 69
119282 70
119287 71
119288 72
119337 73
119372 74
119391 73
119435 74
119450 73
119461 74
119530 73
119646 72
119670 71
119737 72
119737 73
119737 74
119738 73
119761 74
119774 75
119781 74
119844 75
119886 74
119913 73
119915 72
119947 73
119961 72
120120 73
120123 72
120192 71
120214 72
120232 71
120253 70
120311 69
120326 68
120362 67
120407 68
120423 69
120426 68
120491 67
120492 66
120516 67
120601 68
120686 67
120720 66
120722 67
120783 66
120806 67
120806 68
120814 67
120944 66
120968 67
121030 66
121043 67
121078 68
121146 69
121170 68
121189 69
121194 68
121235 67
121238 66
121299 67
121304 66
121347 67
121375 66
121380 67
121418 66
121612 65
121631 66
121634 66
121780 65
121798 64
121798 65
121806 66
121876 67
121888 68
121902 69
121963 70
122039 71
122049 72
122050 71
122141 70
122148 71
122165 70
122215 71
122370 72
122385 73
122403 72
122467 71
122491 72
122498 71
122550 70
122583 69
122589 70
122598 69
122611 70
122644 71
122647 72
122678 71
122722 70
122802 71
122822 72
122874 71
123059 72
123090 71
123092 72
123098 71
123188 70
123194 69
123211 68
123233 69
123290 70
123598 69
123624 68
123634 67
123638 66
123678 67
123742 68
123774 69
123776 68
123813 67
123892 68
123897 67
123914 66
123950 67
123950 68
123950 69
123954 70
123990 71
124025 70
124028 69
124060 70
124210 71
124258 70
124370 69
124397 68
124404 69
124526 70
124530 71
124538 72
124539 73
124559 72
124562 71
124636 70
124683 69
124738 68
124812 69
124814 70
124814 71
124853 72
124906 71
125060 72
125066 71
125108 70
125119 69
125130 70
125131 69
125135 70
125290 69
125304 70
125312 69
125353 68
125384 67
125469 66
125470 65
125481 64
125496 65
125502 66
125536 65
125613 64
125646 63
125658 62
125661 63
125682 62
125686 63
125730 62
125742 61
125750 62
125762 63
125798 62
125829 61
125840 62
125858 63
125909 62
125920 63
125941 64
125979 65
125980 66
125982 67
126021 68
126038 69
126104 68
126108 67
126159 66
126271 67
126354 68
126356 67
126360 68
126366 69
126378 68
126393 67
126430 66
126459 67
126505 68
126505 69
126585 68
126595 67
126596 68
126606 67
126637 68
126667 69
126777 70
126805 71
126895 72
126909 71
126927 70
126967 69
127020 68
127038 69
127038 70
127038 70
127038 71
127041 72
127058 71
127203 72
127208 73
127210 72
127408 71
127409 70
127458 69
127459 70
127465 69
127532 70
127627 69
127630 68
127645 67
127654 66
127672 65
127725 64
127787 63
127814 64
127842 63
127958 62
127967 63
127974 64
127980 65
128057 64
128150 65
128197 64
128203 65
128234 66
128262 67
128373 66
128384 67
128384 68
128386 69
128389 70
128419 69
128426 70
128452 69
128494 70
128494 71
128626 70
128678 69
128790 68
128792 67
128798 66
128799 65
128800 66
128801 67
128822 68
128830 67
128841 66
128881 67
128970 66
128971 67
129010 66
129016 67
129071 66
129138 65
129174 64
129197 63
129215 62
129278 63
129278 64
129282 65
129284 66
129287 67
129316 68
129362 69
129430 68
129455 69
129504 70
129505 69
129529 70
129634 71
129714 70
129717 69
129721 68
129740 67
129758 68
129854 69
129867 70
129878 69
129909 68
129942 67
129981 68
130026 67
130066 68
130078 69
130142 70
130147 69
130234 68
130246 69
130274 68
130295 67
130298 68
130302 67
130343 68
130370 67
130407 66
130463 65
130466 64
130466 63
130498 64
130526 65
130529 64
130629 63
130630 64
130637 63
130790 64
130834 65
130836 66
130883 67
130888 68
130911 69
131034 70
131130 71
131314 70
131331 69
131336 68
131361 67
131402 66
131415 67
131418 68
131436 69
131474 70
131481 69
131522 68
131599 69
131626 70
131678 71
131714 70
131810 69
131831 70
131840 71
131851 72
131993 73
131993 72
132018 71
132026 72
132077 73
132078 74
132091 73
132112 72
132156 71
132157 70
132180 71
132238 70
132261 69
132511 68
132622 67
132766 66
132766 67
132782 68
132846 69
132866 70
132873 71
132895 70
133004 71
133027 70
133034 69
133044 70
133163 69
133172 68
133200 67
133209 68
133299 69
133303 68
133326 67
133358 66
133365 67
133391 66
133413 65
133430 64
133525 63
133550 64
133550 65
133552 64
133601 65
133604 64
133617 65
133626 64
133782 65
133838 66
133842 65
133847 66
133898 65
133944 66
134006 67
134007 68
134011 67
134012 68
134038 67
134088 68
134090 69
134090 68
134106 67
134219 68
134258 69
134292 68
134331 67
134354 68
134373 67
134401 68
134414 67
134416 68
134438 67
134443 66
134451 65
134510 66
134686 67
134724 66
134738 65
134833 66
134861 67
134873 68
134906 67
134918 66
134924 67
134939 66
134975 67
134987 68
135238 69
135252 70
135257 71
135265 70
135270 69
135272 68
135368 69
135374 70
135387 69
135410 70
135544 69
135644 70
135680 69
135755 68
135787 67
135814 68
135874 67
135874 68
135949 69
135959 68
135964 69
136023 70
136028 71
136042 70
136068 71
136211 72
136217 73
136246 72
136332 71
136340 70
136360 69
136455 68
136472 69
136498 68
136498 69
136499 70
136501 71
136502 72
136506 71
136608 72
136610 71
136613 70
136624 69
136678 70
136679 69
136698 68
136733 67
136746 68
136746 69
136770 68
136803 69
136808 70
136881 69
136944 70
136987 69
137088 70
137118 69
137146 70
137147 69
137151 68
137154 67
137199 66
137233 65
137254 66
137280 65
137283 66
137349 65
137365 64
137434 65
137442 64
137458 63
137470 64
137480 63
137519 62
137561 63
137682 64
137689 65
137714 64
137757 65
137765 66
137766 67
137766 68
137773 69
137776 70
137785 69
137786 68
137817 67
137897 66
137918 67
137918 68
137951 67
138031 68
138038 67
138047 66
138064 65
138102 66
138111 65
138134 66
138167 65
138195 64
138197 63
138211 62
138228 61
138267 60
138302 59
138335 60
138409 61
138436 62
138490 63
138518 64
138518 65
138602 66
138627 67
138642 68
138668 69
138682 70
138723 71
138738 72
138759 73
138765 72
138802 71
138835 72
138842 71
138845 72
138899 73
138926 72
138935 71
138953 70
138954 69
139010 70
139022 69
139082 70
139139 71
139184 70
139228 71
139266 70
139452 71
139554 70
139573 69
139573 68
139598 67
139768 68
139800 67
139812 68
139829 69
139831 68
139839 67
139844 66
139845 65
139918 66
139934 67
140002 68
140009 67
140044 66
140050 65
140146 66
140212 67
140230 66
140248 67
140261 68
140262 69
140266 70
140267 69
140361 70
140386 71
140450 72
140498 73
140508 74
140619 75
140626 74
140626 73
140653 72
140655 71
140657 72
140696 73
140697 72
140738 71
140739 70
140791 69
140905 68
140917 67
140962 68
140978 67
140980 68
140982 67
141082 66
141086 67
141112 68
141128 67
141136 68
141189 69
141248 68
141278 69
141412 68
141421 67
141437 68
141490 67
141498 68
141534 67
141590 66
141630 65
141630 64
141668 65
141734 66
141758 67
141785 66
141797 65
141838 66
141854 65
141901 64
141906 65
141993 64
142072 63
142087 62
142094 62
142146 63
142171 64
142191 63
142262 62
142281 63
142321 64
142342 65
142342 66
142393 67
142426 68
142539 69
142598 70
142612 71
142625 72
142633 73
142702 72
142791 71
142802 70
142805 70
142828 69
142941 70
143012 69
143035 70
143090 71
143114 70
143131 69
143282 68
143371 69
143420 70
143425 71
143444 72
143454 71
143546 72
143566 71
143679 70
143699 69
143718 68
143750 69
143789 70
143821 71
143830 72
143870 73
143889 74
143905 73
143937 72
143966 71
143969 72
143970 73
143970 72
143982 71
144018 70
144025 71
144038 70
144052 71
144094 72
144189 73
144196 72
144251 71
144251 70
144259 69
144306 68
144355 69
144399 70
144478 71
144500 70
144581 69
144581 70
144618 69
144638 68
144684 67
144736 66
144785 65
144830 64
144885 63
144889 62
144906 63
144906 64
144911 65
144966 64
144994 65
144994 66
145030 65
145052 66
145118 67
145166 68
145192 69
145305 70
145326 69
145366 68
145413 69
145414 70
145420 69
145424 68
145437 69
145616 68
145644 69
145654 68
145658 69
145658 70
145665 69
145688 68
145949 67
145953 66
145960 67
145970 68
145999 69
146002 70
146054 71
146056 70
146071 69
146075 68
146093 69
146179 70
146191 71
146194 72
146237 73
146273 72
146290 73
146410 72
146434 71
146442 72
146442 73
146449 74
146474 73
146643 74
146737 73
146787 74
146798 73
146824 72
146862 71
146877 72
146883 73
146911 72
146938 73
146941 74
147014 73
147038 72
147127 73
147190 74
147197 73
147290 72
147300 71
147308 70
147334 71
147394 70
147417 69
147474 68
147478 67
147499 68
147503 67
147546 66
147562 65
147582 66
147650 66
147655 67
147659 68
147666 67
147673 66
147681 67
147731 68
147859 67
147965 68
147976 69
148028 68
148048 67
148051 66
148075 67
148080 66
148082 67
148096 66
148142 67
148147 66
148202 67
148223 66
148224 65
148262 64
148386 63
148387 64
148389 63
148406 64
148450 65
148533 66
148534 67
148539 66
148606 67
148629 66
148666 67
148669 66
148672 65
148687 64
148701 63
148702 64
148770 63
148850 64
148850 63
148856 64
148950 63
148955 64
148969 63
149010 64
149022 63
149058 62
149074 63
149162 64
149178 63
149202 64
149242 65
149257 66
149274 67
149278 66
149288 67
149294 66
149299 67
149380 68
149393 69
149464 68
149470 69
149478 70
149520 69
149545 70
149549 71
149553 72
149554 71
149554 70
149608 71
149617 70
149627 71
149671 70
149689 69
149905 68
149907 67
150025 68
150039 69
150047 68
150052 69
150121 68
150198 67
150205 68
150226 67
150228 66
150246 67
150328 66
150340 67
150450 68
150478 69
150494 70
150506 71
150509 72
150514 72
150516 73
150516 72
150518 73
150596 72
150641 71
150671 70
150775 69
150857 68
150914 67
150916 66
150934 67
150963 68
150966 67
150990 68
151043 69
151051 68
151069 69
151123 68
151170 69
151174 68
151184 67
151208 68
151217 69
151234 68
151297 69
151319 68
151387 67
151403 68
151433 68
151443 67
151460 66
151474 65
151492 64
151526 65
151531 66
151533 67
151536 68
151566 69
151654 68
151692 67
151693 66
151708 67
151726 66
151738 65
151746 64
151769 63
151805 62
151812 63
151823 62
151825 63
151825 64
151834 63
152025 64
152030 63
152038 62
152039 61
152126 62
152217 63
152234 64
152250 65
152271 64
152328 63
152337 62
152344 61
152347 62
152358 63
152358 64
152431 63
152438 64
152460 63
152479 64
152485 65
152526 66
152548 65
152561 64
152594 65
152594 66
152608 67
152665 68
152730 69
152737 68
152748 69
152749 70
152765 71
152830 72
152841 71
152879 70
152920 71
152941 72
152976 73
152979 72
153010 73
153014 72
153036 71
153044 72
153054 71
153061 70
153145 71
153178 70
153226 69
153230 68
153274 67
153378 66
153392 65
153397 64
153486 65
153489 64
153497 65
153513 64
153517 63
153524 64
153572 65
153596 66
153666 67
153671 68
153826 67
153838 66
153858 67
153859 68
153925 69
153940 70
153990 69
154024 70
154064 71
154138 72
154142 71
154181 72
154262 71
154306 70
154360 69
154377 70
154419 70
154455 71
154460 72
154462 73
154608 72
154683 73
154684 74
154722 75
154754 74
154837 73
154847 72
154890 73
154909 72
154912 71
154980 72
155032 71
155114 70
155115 69
155122 70
155132 69
155158 68
155246 69
155246 70
155247 71
155256 70
155299 69
155373 70
155374 71
155374 72
155467 73
155478 74
155506 73
155509 72
155566 71
155575 72
155580 73
155638 72
155662 71
155694 70
155694 69
155706 68
155753 69
155762 68
155964 69
155972 70
156123 69
156160 68
156198 67
156234 66
156281 65
156337 66
156358 67
156380 68
156394 69
156434 68
156474 67
156491 66
156542 67
156576 68
156584 67
156609 68
156616 69
156643 68
156664 69
156670 70
156754 71
156782 72
156784 73
156932 74
156994 73
157022 72
157141 71
157147 70
157158 71
157162 70
157221 69
157375 68
157441 69
157446 70
157606 71
157673 70
157698 71
157743 70
157799 69
157856 70
157862 69
157868 70
157895 69
157922 70
157922 71
157938 72
157942 71
157998 70
158002 71
158007 72
158030 73
158095 72
158133 73
158189 72
158209 73
158219 74
158223 75
158322 76
158325 77
158365 76
158386 75
158403 76
158412 77
158418 76
158446 77
158448 76
158490 75
158544 76
158546 77
158578 76
158591 75
158602 74
158686 73
158700 72
158711 71
158724 70
158751 69
158847 70
158894 69
158955 70
158998 69
159022 68
159029 67
159078 68
159115 67
159130 66
159142 65
159151 64
159158 65
159165 66
159181 65
159200 64
159256 63
159270 64
159273 63
159282 62
159304 63
159393 64
159394 65
159414 64
159435 65
159495 64
159506 63
159518 64
159533 63
159604 64
159626 65
159626 66
159704 67
159728 66
159773 67
159793 66
159803 65
159832 64
159898 64
159914 63
159918 64
159934 63
159989 64
160015 65
160019 66
160069 65
160086 64
160142 63
160185 62
160223 61
160231 62
160238 63
160242 64
160300 63
160358 62
160363 63
160368 64
160414 63
160467 62
160481 61
160502 62
160513 63
160515 64
160515 65
160522 66
160523 65
160538 64
160614 65
160646 64
160669 65
160688 66
160694 67
160707 68
160724 67
160769 68
160775 69
160859 68
160901 69
160918 70
160939 71
161009 70
161030 69
161043 68
161078 69
161082 70
161082 71
161083 70
161113 69
161144 68
161182 67
161222 66
161265 67
161437 66
161463 67
161596 68
161634 67
161681 66
161703 67
161730 66
161765 67
161784 68
161791 69
161842 68
161885 69
161885 70
161888 69
161904 70
161926 69
161958 70
161982 69
162006 68
162169 67
162174 68
162185 67
162244 68
162280 67
162294 66
162302 67
162317 66
162325 65
162329 64
162375 65
162382 66
162387 67
162528 68
162575 69
162590 70
162630 71
162636 70
162643 71
162650 72
162658 73
162694 72
162706 71
162740 70
162768 71
162768 72
162771 73
162788 74
162890 75
163050 74
163062 73
163065 74
163065 73
163121 72
163128 71
163174 70
163199 69
163221 70
163254 69
163270 68
163282 67
163315 68
163366 67
163411 68
163424 69
163458 70
163645 71
163655 70
163685 69
163712 68
163762 69
163764 70
163769 71
163770 72
163826 73
163920 74
163960 73
163968 72
164022 71
164044 70
164146 69
164166 70
164239 69
164259 70
164270 71
164293 70
164303 71
164318 72
164353 73
164445 74
164450 75
164530 74
164654 75
164696 76
164720 75
164754 74
164795 73
164812 72
164959 73
165024 74
165046 75
165099 76
165293 77
165354 76
165452 75
165456 74
165547 73
165604 72
165650 73
165654 74
165673 73
165714 72
165721 71
165790 72
165791 71
165800 72
165858 73
165859 74
165872 73
165882 74
165906 73
166068 72
166096 71
166143 70
166154 69
166167 68
166206 67
166354 67
166370 67
166374 66
166379 65
166537 64
166565 65
166575 64
166590 63
166619 62
166709 63
166740 64
166804 65
166810 66
166898 65
166922 64
166961 65
166964 64
166982 65
167027 66
167050 67
167082 68
167146 69
167146 70
167158 70
167184 69
167286 70
167287 71
167311 70
167318 69
167334 68
167367 67
167368 68
167376 67
167379 66
167386 65
167401 64
167562 65
167576 64
167577 65
167581 66
167596 67
167609 68
167624 67
167650 68
167660 67
167701 66
167708 67
167767 66
167837 67
167846 68
167860 69
167898 68
167901 67
167926 66
167936 65
167995 64
168006 63
168092 62
168100 63
168102 62
168122 63
168191 64
168209 65
168218 66
168301 67
168307 68
168333 67
168379 68
168446 67
168462 66
168475 65
168506 66
168511 67
168516 68
168558 69
168569 68
168640 67
168651 66
168665 65
168746 64
168775 63
168799 62
168812 61
168823 62
168828 63
168872 62
168886 61
168887 60
168889 61
168905 62
168946 61
168995 62
169038 61
169053 60
169069 61
169073 62
169138 63
169146 62
169155 63
169182 62
169208 63
169222 62
169236 63
169253 62
169289 63
169318 64
169319 65
169350 66
169364 65
169365 64
169374 65
169502 64
169538 65
169576 66
169606 67
169625 68
169656 67
169666 68
169667 69
169690 68
169743 67
169795 66
169838 67
169842 68
169869 69
169871 70
169897 71
169912 70
169930 71
169930 72
170103 71
170105 70
170127 71
170144 70
170210 71
170222 72
170224 73
170266 72
170288 73
170290 74
170299 73
170300 72
170328 71
170349 70
170352 71
170367 70
170470 71
170520 72
170534 71
170573 70
170586 69
170611 70
170670 69
170718 68
170738 67
170750 66
170780 65
170816 64
170836 65
170878 64
170921 65
170974 64
170980 65
171030 64
171046 65
171059 66
171110 65
171138 64
171161 65
171162 64
171212 65
171242 66
171248 67
171252 68
171252 69
171265 68
171296 67
171365 66
171428 65
171428 64
171439 65
171485 64
171530 65
171534 64
171543 65
171558 66
171610 67
171646 66
171651 65
171659 64
171678 65
171730 64
171783 65
171857 64
171859 65
171859 66
171867 67
171867 68
171910 67
172029 68
172077 69
172215 68
172223 67
172229 66
172248 67
172303 68
172307 67
172311 68
172311 69
172312 70
172312 69
172337 68
172344 67
172421 68
172448 69
172452 70
172458 71
172511 70
172682 71
172690 70
172699 71
172710 72
172844 73
172859 74
172867 73
172898 72
172938 71
172967 70
173030 69
173086 68
173104 69
173171 70
173189 71
173310 72
173349 71
173438 72
173491 73
173502 74
173505 75
173595 76
173621 77
173635 76
173709 77
173755 76
173786 75
173827 76
173842 75
173854 74
173905 73
173947 74
173975 75
173992 74
174068 73
174186 72
174232 71
174330 70
174342 69
174438 70
174445 69
174446 68
174460 69
174462 70
174482 71
174485 72
174554 71
174556 70
174646 71
174750 70
174821 69
174830 68
174858 67
174923 66
174933 65
174939 64
174963 65
175098 66
175129 67
175154 68
175210 67
175295 66
175317 65
175318 66
175351 67
175358 68
175363 69
175366 68
175398 69
175422 68
175427 67
175427 68
175512 67
175532 66
175568 67
175570 68
175576 69
175649 70
175774 69
175776 68
175781 67
175783 66
175783 66
175783 66
175839 65
175892 66
175899 65
175917 66
175919 67
175979 68
175984 69
176065 68
176141 67
176175 66
176202 65
176238 66
176246 67
176323 68
176326 67
176328 68
176344 69
176365 70
176371 69
176446 68
176452 69
176453 68
176454 67
176456 66
176458 65
176458 66
176459 65
176459 65
176459 64
176461 64
176462 63
176462 62
176462 61
176463 60
176464 59
176464 58
176465 57
176466 56
176467 55
176482 54
176494 53
176521 54
176537 53
176539 53
176540 53
176541 52
176542 52
176573 53
176611 52
176643 53
176648 54
176651 53
176653 52
176658 51
176662 52
176679 53
176703 52
176782 52
176783 52
176783 53
176784 53
176784 53
176785 53
176787 52
176787 51
176788 51
176789 51
176790 51
176792 51
176793 51
176793 51
176794 50
176795 50
176796 50
176796 50
176796 50
176797 50
176797 50
176819 49
176820 50
176827 49
176859 50
176865 51
176889 52
176895 51
176900 50
176932 51
176934 50
176937 49
176943 49
177024 50
177032 49
177034 48
177037 49
177042 49
177139 48
177149 47
177158 46
177182 47
177191 47
177193 47
177193 47
177201 48
177208 49
177218 50
177222 49
177236 48
177245 49
177245 48
177256 48
177262 47
177263 46
177291 47
177295 47
177320 48
177320 49
177341 50
177346 51
177348 50
177349 50
177352 49
177356 50
177360 49
177483 50
177492 51
177530 52
177530 53
177533 52
177535 51
177541 51
177542 51
177543 51
177547 50
177561 50
177562 49
177566 49
177579 49
177595 48
177598 49
177610 50
177618 49
177638 50
177651 51
177685 52
177691 51
177691 50
177691 49
177691 48
177694 49
177718 49
177721 48
177728 49
177731 48
177735 47
177735 46
177792 47
177800 48
177833 49
177844 50
177849 50
177850 51
177855 50
177859 50
177861 50
177864 49
177865 48
177873 47
177927 48
177934 49
177954 50
177956 51
177989 52
177992 51
177999 52
177999 53
178002 54
178005 55
178007 54
178010 53
178011 52
178012 51
178014 50
178021 51
178062 50
178081 51
178102 50
178103 49
178112 50
178114 49
178116 50
178117 49
178125 48
178134 49
178139 48
178167 47
178172 48
178195 49
178199 50
178204 49
178206 50
178210 49
178214 48
178216 47
178216 46
178218 46
178218 47
178220 47
178221 47
178225 46
178235 46
178236 45
178283 46
178288 47
178303 46
178304 45
178305 44
178309 45
178316 45
178319 44
178326 43
178331 44
178342 45
178351 44
178351 43
178351 42
178363 43
178375 43
178376 42
178380 41
178383 40
178385 39
178390 40
178393 40
178406 41
178422 42
178431 41
178438 42
178449 43
178452 42
178464 43
178468 43
178469 42
178472 41
178479 41
178513 40
178514 41
178515 40
178519 39
178521 38
178531 39
178547 40
178560 41
178574 40
178619 41
178687 42
178688 41
178695 40
178695 39
178695 38
178695 37
178711 36
178721 35
178727 36
178742 37
178750 36
178750 36
178750 36
178751 36
178751 35
178751 34
178751 34
178753 33
178755 32
178756 31
178760 30
178772 30
178775 31
178792 32
178823 33
178845 34
178858 35
178867 34
178867 33
178867 33
178880 34
178892 34
178893 34
178893 34
178895 35
178895 35
178897 35
178898 35
178898 35
178899 35
178900 35
178900 34
178901 33
178902 33
178912 34
178925 35
178971 36
178975 37
178998 38
179003 37
179006 37
179012 38
179014 37
179017 36
179076 37
179077 38
179097 39
179111 40
179127 41
179167 42
179233 43
179236 42
179239 41
179243 42
179250 41
179268 40
179269 40
179270 39
179312 40
179327 41
179335 41
179335 40
179335 39
179339 40
179342 41
179344 40
179344 39
179344 38
179373 39
179380 39
179402 40
179408 40
179411 40
179411 41
179413 41
179418 40
179419 40
179420 40
179421 39
179505 40
179507 41
179567 42
179571 43
179575 42
179576 41
179577 40
179579 39
179580 38
179583 37
179583 36
179583 35
179584 35
179587 36
179587 35
179587 35
179587 35
179588 35
179593 34
179595 33
179610 33
179624 34
179650 35
179652 36
179653 37
179654 38
179656 37
179657 36
179658 36
179658 36
179662 35
179663 36
179666 36
179667 35
179669 34
179670 33
179671 32
179671 31
179673 30
179683 31
179711 32
179719 32
179719 32
179737 33
179739 34
179748 33
179748 32
179749 33
179756 32
179762 32
179763 32
179768 31
179771 30
179772 30
179795 31
179798 32
179862 31
179865 32
179883 33
179884 34
179884 35
179891 34
179891 33
179897 32
179897 31
179897 32
179898 31
179898 31
179898 30
179898 30
179944 31
179949 32
179950 33
180001 32
180012 31
180032 30
180033 30
180039 31
180040 30
180043 31
180064 32
180069 33
180076 33
180077 32
180077 31
180079 30
180081 29
180081 30
180081 30
180085 29
180088 30
180089 31
180094 32
180131 33
180135 34
180138 33
180138 32
180139 33
180151 34
180156 33
180159 32
180159 31
180159 31
180159 31
180159 31
180163 30
180167 31
180175 32
180180 33
180191 33
180192 34
180199 33
180234 34
180236 33
180236 32
180247 31
180273 32
180275 33
180282 32
180283 32
180283 32
180283 31
180283 30
180283 30
180284 30
180292 30
180293 30
180295 31
180295 31
180295 31
180296 31
180297 31
180320 32
180374 31
180374 32
180383 33
180386 32
180386 31
180387 30
180388 29
180421 30
180427 31
180435 30
180435 30
180435 30
180443 30
180461 31
180501 32
180505 33
180531 34
180533 35
180534 34
180539 35
180543 35
180545 34
180548 34
180551 33
180551 33
180554 34
180559 35
180575 36
180577 37
180578 38
180580 39
180590 38
180631 38
180649 38
180649 38
180650 38
180651 39
180654 38
180655 39
180655 40
180657 41
180657 40
180660 39
180661 40
180662 40
180663 39
180673 38
180687 39
180707 40
180718 39
180720 39
180721 39
180743 40
180752 41
180752 41
180760 41
180760 41
180762 41
180762 40
180763 39
180765 39
180766 38
180766 37
180775 38
180775 39
180838 40
180844 39
180845 38
180846 37
180847 37
180851 36
180852 35
180855 36
180856 35
180861 34
180863 34
180869 35
180883 36
180895 37
180897 38
180899 37
180949 38
180951 37
180952 38
180955 37
180956 38
180962 37
180967 37
180968 37
180977 36
180979 37
180985 36
180989 35
180989 36
180991 37
180994 37
181013 36
181031 37
181036 38
181044 39
181047 40
181049 40
181049 39
181055 38
181058 37
181059 37
181059 36
181061 35
181103 36
181127 35
181127 34
181127 34
181127 34
181127 34
181127 35
181127 35
181132 34
181132 33
181132 33
181136 33
181141 33
181150 34
181154 34
181154 35
181155 36
181155 35
181155 35
181157 35
181166 34
181167 33
181167 32
181167 32
181185 33
181197 33
181198 33
181198 33
181205 34
181205 35
181217 34
181219 33
181231 34
181232 35
181239 34
181239 33
181240 33
181291 34
181291 35
181302 34
181304 34
181305 33
181314 34
181338 33
181344 34
181352 33
181376 34
181383 35
181391 34
181392 35
181427 36
181441 37
181451 37
181529 36
181532 36
181538 37
181540 38
181542 39
181554 38
181555 37
181555 38
181575 39
181583 38
181594 37
181595 37
181595 38
181603 37
181603 36
181608 35
181608 34
181608 33
181611 33
181611 32
181611 32
181611 32
181611 32
181611 31
181611 30
181611 30
181614 29
181648 29
181648 28
181649 29
181650 30
181650 31
181652 30
181674 31
181680 30
181689 31
181729 32
181766 33
181770 33
181771 33
181772 34
181775 33
181775 32
181776 31
181777 30
181781 30
181782 30
181784 30
181785 30
181786 31
181791 32
181817 33
181825 34
181876 35
181880 35
181881 35
181882 36
181891 37
181893 37
181903 38
181916 39
181918 39
181919 39
181919 39
181921 38
181925 37
181945 38
181955 39
181963 38
181963 38
181964 38
181967 38
181967 38
181967 37
181970 38
181975 37
181976 36
181995 37
182002 36
182008 36
182017 37
182021 37
182024 37
182025 37
182030 36
182030 35
182033 34
182034 33
182059 34
182059 33
182063 34
182066 33
182066 33
182067 33
182067 33
182067 33
182067 32
182069 33
182071 33
182075 33
182080 32
182084 32
182090 33
182127 34
182135 34
182135 34
182135 34
182139 35
182144 34
182144 34
182145 34
182149 35
182151 35
182151 35
182152 34
182155 33
182155 32
182157 33
182157 33
182170 32
182190 33
182198 33
182199 32
182202 31
182205 31
182208 30
182217 31
182221 32
182227 33
182237 33
182237 33
182335 34
182340 34
182343 34
182345 34
182347 35
182347 34
182351 34
182351 34
182351 34
182352 34
182353 34
182355 35
182364 34
182365 34
182366 33
182369 32
182370 31
182372 30
182375 31
182380 30
182387 31
182391 31
182416 32
182423 33
182443 34
182447 33
182448 33
182458 34
182463 35
182471 36
182471 35
182502 34
182502 33
182502 34
182503 34
182511 34
182541 35
182567 36
182575 37
182583 36
182583 37
182591 38
182607 39
182616 38
182622 37
182623 38
182628 37
182629 37
182631 37
182635 37
182635 37
182639 36
182641 36
182645 36
182700 37
182719 36
182727 37
182731 38
182731 39
182735 39
182735 38
182742 39
182743 40
182751 40
182759 39
182759 38
182759 37
182759 36
182780 37
182790 36
182790 35
182791 34
182792 34
182792 33
182804 32
182805 33
182806 33
182807 32
182808 32
182821 33
182827 32
182828 31
182828 31
182828 31
182829 31
182829 30
182833 29
182851 30
182855 31
182856 30
182859 29
182860 28
182866 27
182870 26
182870 26
182870 25
182871 25
182874 24
182901 25
182906 26
182942 27
182947 27
182953 27
182966 27
182967 28
182971 29
182979 28
182979 27
182979 27
182979 27
182984 26
182994 26
182997 25
183001 24
183003 23
183003 24
183006 25
183007 24
183015 25
183017 25
183018 25
183020 26
183020 26
183021 26
183023 26
183026 27
183027 27
183027 27
183028 27
183028 26
183033 25
183035 26
183039 27
183051 27
183051 28
183051 28
183052 28
183055 28
183056 28
183057 27
183060 26
183061 26
183061 26
183061 26
183062 25
183063 26
183064 26
183065 26
183066 26
183073 25
183073 25
183073 25
183074 26
183075 26
183076 25
183078 25
183079 25
183087 26
183087 27
183141 28
183144 29
183149 28
183157 28
183158 28
183159 28
183167 29
183219 30
183227 29
183263 30
183268 29
183271 28
183271 27
183271 26
183271 25
183272 25
183272 25
183275 24
183275 24
183277 23
183281 23
183287 22
183287 21
183322 22
183328 21
183329 21
183329 22
183331 21
183331 21
183332 21
183332 21
183333 20
183335 20
183336 20
183337 19
183338 18
183339 17
183363 18
183367 19
183369 19
183371 18
183376 18
183378 18
183378 18
183379 18
183384 18
183385 17
183386 18
183394 17
183396 17
183396 17
183403 18
183406 18
183409 18
183411 18
183412 18
183414 19
183415 20
183420 20
183423 19
183426 19
183427 20
183427 21
183427 20
183434 19
183450 20
183456 19
183458 19
183460 19
183460 20
183462 20
183466 19
183467 19
183470 19
183475 19
183476 19
183480 19
183480 19
183481 19
183482 18
183490 19
183495 20
183520 20
183523 21
183523 21
183526 21
183530 21
183532 22
183540 22
183552 22
183553 22
183554 22
183555 23
183555 23
183558 23
183560 23
183560 22
183562 22
183564 21
183565 20
183565 20
183579 21
183580 22
183589 21
183591 21
183594 21
183599 21
183599 21
183599 21
183600 22
183604 22
183604 22
183608 23
183619 23
183619 23
183622 24
183631 25
183641 25
183647 24
183653 25
183654 24
183655 24
183656 23
183656 22
183676 23
183676 24
183676 25
183681 25
183688 26
183689 27
183696 27
183702 27
183706 26
183718 27
183735 27
183735 27
183741 27
183744 27
183746 27
183800 28
183823 29
183823 29
183824 30
183824 29
183824 29
183824 28
183824 28
183838 29
183854 28
183875 27
183883 28
183901 28
183905 27
183907 27
183908 27
183909 27
183910 27
183911 28
183911 27
183911 28
183912 27
183927 26
183928 27
183932 28
183935 29
183936 29
183937 29
183938 29
183941 28
183941 27
183949 26
183950 26
183952 26
183953 26
183972 27
183972 26
183972 26
183972 25
183975 26
183975 27
183991 27
183992 27
184013 28
184014 28
184016 28
184022 28
184032 29
184033 28
184037 29
184038 29
184038 28
184038 28
184038 28
184039 27
184040 27
184043 27
184045 26
184048 26
184048 26
184051 25
184067 24
184074 25
184084 26
184096 27
184114 28
184149 29
184151 29
184153 29
184161 29
184162 28
184183 27
184196 28
184196 29
184204 30
184204 31
184212 32
184219 31
184227 31
184236 30
184237 30
184237 29
184240 30
184277 31
184285 32
184291 33
184317 34
184326 34
184327 33
184328 32
184329 32
184339 31
184340 32
184341 31
184384 32
184387 33
184415 34
184446 35
184464 36
184464 35
184484 36
184494 37
184523 38
184523 39
184525 40
184528 41
184532 42
184533 41
184538 42
184543 41
184579 42
184597 43
184601 44
184621 45
184642 44
184673 43
184676 44
184679 45
184683 46
184711 45
184718 46
184720 47
184797 48
184799 49
184802 50
184840 49
184842 50
184843 51
184874 52
184926 53
184929 54
184931 55
184951 56
184973 55
184986 56
184996 57
185026 58
185035 59
185096 60
185097 59
185158 58
185183 59
185184 60
185185 61
185189 62
185201 61
185220 60
185223 59
185239 60
185243 60
185247 60
185247 59
185249 58
185252 57
185252 56
185252 55
185252 54
185252 53
185254 52
185255 51
185256 50
185275 49
185281 50
185292 51
185293 50
185305 49
185319 48
185328 49
185331 50
185335 49
185339 49
185339 49
185339 49
185339 49
185342 50
185343 49
185343 48
185343 47
185343 46
185345 45
185348 45
185373 46
185392 45
185449 46
185456 47
185465 46
185467 45
185468 44
185469 43
185470 43
185471 43
185472 43
185477 44
185479 44
185480 45
185480 46
185483 47
185483 48
185495 49
185503 49
185503 49
185503 49
185506 50
185535 51
185541 51
185543 50
185543 49
185547 48
185547 47
185551 46
185554 46
185561 46
185563 47
185571 47
185571 47
185571 46
185571 45
185571 45
185573 45
185573 45
185576 45
185578 45
185584 44
185595 45
185603 45
185603 45
185603 45
185610 44
185611 44
185678 43
185718 43
185768 44
185769 43
185771 42
185772 41
185773 40
185773 40
185777 40
185778 39
185780 39
185780 38
185782 38
185782 37
185804 38
185811 39
185857 40
185879 41
185942 40
185942 41
185943 41
185952 40
185953 39
185954 38
185956 39
185957 39
185960 39
185963 38
185964 37
185965 37
185978 38
185981 37
186003 38
186010 39
186010 40
186018 39
186021 39
186022 38
186025 38
186027 38
186038 39
186042 38
186043 38
186048 37
186080 38
186082 39
186085 39
186087 38
186090 37
186111 38
186119 38
186183 39
186199 40
186210 40
186218 40
186219 40
186220 39
186232 40
186235 41
186237 41
186245 40
186247 39
186247 38
186247 37
186248 36
186248 35
186249 34
186255 33
186257 33
186257 33
186279 34
186284 35
186287 36
186287 35
186291 36
186308 37
186319 36
186351 37
186354 38
186355 37
186358 37
186400 38
186433 39
186436 39
186436 39
186438 39
186439 39
186442 38
186444 38
186446 38
186448 38
186453 39
186463 39
186463 39
186470 38
186470 38
186470 38
186471 39
186471 40
186471 41
186471 41
186471 41
186471 41
186472 42
186472 42
186472 42
186473 42
186473 43
186479 43
186480 43
186482 44
186483 44
186487 43
186496 44
186536 45
186565 46
186567 47
186618 48
186670 49
186683 48
186684 47
186730 46
186731 47
186737 46
186743 47
186743 48
186749 47
186751 46
186787 47
186795 46
186799 47
186816 46
186825 45
186827 46
186833 46
186868 47
186872 47
186873 46
186873 46
186877 46
186877 46
186878 46
186879 45
186882 44
186882 44
186882 44
186884 44
186902 43
186903 44
186931 43
186935 44
186939 45
186944 44
186944 43
186947 42
186949 41
186951 40
186951 40
186953 39
186953 40
186956 39
186957 40
186959 39
186999 40
187007 41
187011 41
187012 41
187013 41
187013 41
187015 41
187015 40
187022 39
187024 39
187035 40
187037 41
187042 40
187043 41
187044 41
187046 40
187051 40
187051 39
187053 40
187071 40
187112 40
187119 40
187122 40
187127 40
187130 39
187164 40
187169 39
187172 39
187174 38
187238 39
187248 40
187249 41
187287 42
187299 41
187310 42
187323 43
187327 42
187329 42
187329 41
187330 40
187333 40
187333 41
187335 41
187335 40
187338 40
187340 41
187342 41
187344 41
187347 41
187348 40
187350 40
187351 39
187352 39
187354 38
187355 37
187356 36
187356 37
187359 38
187383 39
187387 40
187391 40
187397 41
187402 41
187419 42
187444 43
187453 43
187455 42
187456 42
187458 42
187461 41
187465 41
187467 40
187468 39
187491 39
187492 40
187501 39
187505 40
187522 39
187535 40
187537 41
187544 40
187589 41
187615 42
187621 42
187622 42
187624 42
187624 41
187624 41
187624 40
187624 39
187624 38
187625 37
187625 36
187625 35
187630 34
187631 34
187633 35
187634 36
187640 36
187643 35
187644 34
187646 33
187650 34
187663 33
187706 34
187724 35
187732 34
187734 33
187734 32
187737 32
187738 31
187756 32
187756 32
187760 32
187763 31
187770 30
187770 29
187772 28
187774 28
187775 27
187776 26
187776 26
187778 25
187781 26
187786 27
187786 26
187788 26
187794 26
187795 27
187795 26
187796 27
187797 26
187799 26
187799 25
187801 25
187801 25
187802 24
187803 24
187804 24
187806 24
187806 23
187807 23
187807 22
187808 22
187808 21
187808 20
187811 19
187824 19
187830 20
187832 20
187835 19
187878 20
187933 21
187934 22
187937 21
187939 21
187941 20
187942 19
187947 19
187957 20
187961 19
187967 20
187993 19
187995 18
187995 17
187995 16
187995 15
188021 16
188026 17
188027 18
188028 18
188030 17
188030 17
188031 17
188031 17
188033 16
188034 16
188034 16
188035 15
188040 14
188040 14
188040 14
188040 14
188040 14
188041 13
188041 13
188041 13
188049 14
188072 15
188093 16
188098 15
188099 15
188100 15
188101 15
188111 15
188111 16
188113 15
188115 15
188120 16
188125 17
188131 17
188141 18
188142 18
188142 18
188144 18
188151 18
188154 18
188155 18
188155 18
188187 19
188191 20
188196 20
188199 20
188203 19
188208 20
188233 21
188238 21
188240 20
188241 20
188243 19
188243 18
188243 18
188247 17
188247 17
188249 17
188249 16
188252 15
188253 16
188259 17
188280 18
188290 18
188311 19
188339 20
188343 21
188346 21
188348 20
188349 21
188351 20
188353 20
188354 20
188354 20
188358 20
188358 19
188359 19
188360 18
188360 18
188363 19
188365 19
188366 18
188366 18
188368 18
188368 18
188370 17
188371 17
188371 17
188376 16
188398 16
188403 17
188409 17
188409 17
188410 16
188423 15
188423 16
188423 17
188435 16
188439 16
188455 17
188457 18
188459 18
188459 18
188463 18
188467 18
188470 17
188471 17
188472 17
188475 17
188476 16
188477 15
188477 15
188484 15
188488 16
188503 17
188511 16
188514 17
188517 18
188539 19
188571 20
188577 21
188579 21
188579 21
188579 20
188579 20
188584 21
188619 22
188635 23
188639 24
188645 25
188654 25
188655 25
188656 26
188657 25
188659 26
188667 26
188671 25
188679 26
188687 26
188720 27
188726 26
188731 25
188731 25
188742 25
188742 24
188759 25
188776 26
188782 27
188783 27
188788 28
188789 27
188887 27
188887 26
188887 25
188890 26
188890 25
188894 25
188895 25
188895 24
188896 23
188896 22
188899 22
188915 23
188922 24
188925 25
188925 26
188927 27
188929 26
188934 27
188934 26
188941 26
188955 27
188963 27
188963 26
188987 27
188995 28
189003 27
189003 26
189008 25
189008 25
189008 25
189011 24
189020 25
189043 26
189050 27
189055 26
189057 26
189059 25
189061 26
189062 25
189065 24
189066 24
189067 24
189069 24
189070 23
189071 24
189079 25
189082 26
189115 27
189119 28
189139 29
189151 28
189151 28
189151 27
189151 27
189152 28
189164 29
189171 28
189172 28
189176 29
189181 29
189182 30
189188 30
189189 30
189189 29
189190 29
189192 29
189193 28
189193 27
189194 27
189198 26
189198 26
189207 27
189215 28
189221 29
189250 30
189296 30
189316 31
189323 32
189330 33
189339 34
189341 35
189363 34
189370 33
189375 33
189375 34
189381 33
189385 34
189393 33
189403 34
189406 34
189411 34
189417 34
189418 34
189418 34
189419 33
189420 33
189428 34
189435 35
189443 34
189446 35
189475 35
189480 34
189483 35
189483 34
189488 33
189488 32
189488 32
189488 31
189497 30
189532 31
189532 32
189536 33
189547 32
189548 33
189556 34
189587 35
189593 35
189595 36
189599 37
189599 38
189600 37
189600 37
189601 37
189603 36
189606 35
189615 36
189623 36
189676 37
189683 38
189706 39
189714 40
189715 39
189716 38
189717 38
189718 38
189720 38
189722 38
189722 39
189722 40
189724 41
189727 40
189751 41
189752 42
189752 41
189755 40
189755 40
189755 40
189755 39
189756 38
189757 37
189759 37
189759 37
189761 37
189763 37
189763 38
189767 39
189810 40
189818 39
189818 38
189826 37
189826 38
189826 37
189827 37
189833 36
189834 36
189834 36
189838 36
189843 37
189858 36
189859 35
189860 34
189861 35
189865 34
189871 33
189871 33
189872 33
189872 34
189875 35
189879 36
189880 35
189884 34
189884 33
189982 33
189982 34
189982 34
189984 33
189984 33
189985 33
189987 32
189990 31
189990 30
189992 30
189994 29
189995 29
190001 29
190067 30
190087 30
190103 31
190112 32
190113 33
190115 34
190123 34
190125 35
190133 34
190135 33
190135 33
190138 33
190140 34
190140 33
190146 33
190148 32
190150 32
190151 31
190151 31
190151 31
190151 30
190152 31
190156 30
190167 31
190212 32
190229 32
190247 31
190251 32
190256 32
190256 32
190256 33
190256 34
190259 34
190259 33
190259 33
190263 32
190265 33
190266 34
190274 34
190278 34
190278 33
190279 33
190279 32
190280 31
190287 30
190289 31
190289 31
190292 30
190293 31
190304 32
190330 33
190334 34
190343 34
190347 34
190351 33
190352 32
190352 31
190353 31
190354 32
190354 31
190354 30
190355 31
190356 31
190357 30
190359 30
190360 29
190363 29
190363 28
190363 27
190363 27
190363 27
190363 26
190363 25
190427 26
190429 27
190435 26
190438 25
190443 24
190444 24
190445 23
190445 22
190445 21
190446 22
190447 21
190449 22
190453 23
190454 24
190456 23
190459 22
190460 21
190462 22
190466 22
190470 22
190475 23
190480 24
190484 24
190484 24
190484 23
190484 23
190484 23
190484 23
190511 24
190522 25
190526 26
190528 25
190531 26
190536 25
190537 26
190539 26
190539 25
190543 26
190548 25
190549 25
190549 24
190551 25
190551 24
190552 24
190576 25
190582 25
190590 24
190592 24
190596 24
190622 25
190656 26
190664 25
190665 24
190667 24
190667 24
190667 23
190671 23
190680 24
190681 25
190683 26
190687 25
190693 26
190695 27
190696 26
190697 25
190700 26
190702 25
190702 24
190703 24
190706 24
190707 24
190707 24
190707 24
190708 25
190708 24
190708 23
190708 23
190714 23
190714 22
190715 22
190715 22
190715 22
190715 22
190715 22
190715 22
190715 22
190715 22
190716 22
190716 22
190717 21
190717 21
190720 20
190723 20
190729 20
190819 20
190851 20
190851 20
190859 21
190875 21
190876 22
190883 23
190885 23
190891 23
190892 23
190898 23
190899 23
190908 22
190915 23
190923 22
190929 23
190931 24
190939 24
190939 23
190939 23
190939 23
190939 23
190939 23
190939 23
190940 23
190944 22
190950 21
190951 22
190956 22
190957 21
190957 21
190965 21
190969 22
190971 23
190977 22
190979 21
190983 20
190984 19
190984 18
190986 17
190986 17
190988 17
190989 17
190996 17
190997 18
190998 18
191004 18
191006 18
191009 18
191027 19
191040 19
191041 19
191041 19
191042 19
191046 20
191047 20
191047 20
191049 19
191049 19
191050 19
191051 18
191052 18
191052 18
191060 18
191063 18
191067 18
191070 18
191079 18
191081 18
191095 19
191102 20
191103 20
191104 21
191110 21
191111 21
191114 20
191115 20
191116 21
191121 21
191122 21
191122 21
191124 21
191142 22
191147 22
191148 22
191148 22
191150 21
191150 20
191151 20
191152 19
191163 20
191179 21
191191 21
191191 21
191191 21
191191 20
191195 21
191207 21
191223 22
191231 22
191231 21
191231 21
191231 21
191231 21
191231 20
191231 19
191235 19
191235 20
191247 21
191296 22
191297 22
191298 21
191299 22
191304 23
191304 23
191305 23
191306 22
191307 23
191307 23
191317 22
191331 23
191380 23
191388 24
191400 24
191401 25
191403 24
191445 25
191459 26
191487 27
191511 28
191518 28
191519 27
191519 27
191521 27
191522 26
191524 26
191527 27
191528 27
191529 26
191533 26
191540 27
191542 28
191545 28
191546 27
191550 27
191552 27
191556 27
191556 26
191557 26
191557 26
191559 26
191561 25
191562 24
191580 25
191589 26
191607 27
191631 28
191640 29
191645 30
191645 31
191656 30
191685 31
191698 32
191711 33
191721 34
191726 35
191742 34
191752 35
191760 36
191771 37
191773 37
191773 37
191774 36
191775 35
191801 36
191806 35
191843 36
191851 35
191859 36
191861 37
191862 38
191863 39
191867 40
191870 41
191895 42
191906 43
191939 44
191947 43
191948 44
191951 45
191958 46
191959 47
191959 48
191959 47
191964 48
191965 48
191975 47
191976 46
191996 47
192007 48
192019 49
192030 50
192030 51
192044 50
192074 49
192115 50
192123 51
192142 52
192143 53
192147 54
192159 55
192159 56
192178 55
192185 56
192199 57
192199 58
192215 59
192224 60
192231 59
192271 60
192276 59
192276 58
192290 57
192299 58
192299 57
192301 56
192302 55
192315 54
192349 55
192349 56
192399 55
192411 54
192414 55
192483 56
192507 55
192515 56
192527 55
192533 56
192534 57
192537 58
192538 59
192543 60
192548 61
192580 60
192581 61
192582 61
192584 60
192585 59
192591 58
192603 57
192622 58
192626 57
192631 56
192652 55
192687 54
192688 55
192688 54
192711 53
192751 54
192768 55
192773 55
192787 54
192816 55
192818 56
192825 57
192827 57
192827 57
192827 57
192827 56
192827 55
192827 54
192843 55
192889 54
192918 55
192922 56
192969 56
192970 55
192980 54
192993 55
193042 54
193050 55
193053 54
193053 53
193054 52
193064 51
193078 50
193106 51
193108 52
193121 51
193128 50
193132 49
193133 49
193151 50
193159 49
193162 50
193175 49
193186 50
193186 51
193238 52
193242 51
193243 50
193245 50
193248 49
193255 49
193300 50
193309 51
193317 50
193318 49
193319 48
193328 47
193383 48
193391 48
193391 47
193391 46
193447 47
193451 48
193451 49
193463 50
193465 51
193472 50
193513 49
193520 50
193526 51
193530 50
193532 49
193533 48
193535 49
193536 48
193539 47
193541 46
193544 45
193544 45
193544 44
193544 43
193546 44
193560 43
193564 42
193565 43
193606 42
193618 43
193623 42
193631 43
193633 44
193636 43
193669 44
193669 44
193671 45
193679 44
193685 45
193687 46
193697 45
193699 44
193703 43
193705 43
193706 42
193755 43
193760 42
193764 41
193764 40
193795 41
193822 42
193831 41
193837 40
193838 41
193838 41
193842 42
193855 42
193857 42
193858 41
193859 41
193891 42
193910 41
193940 42
193946 41
193948 40
193950 40
193958 41
193959 40
193960 39
193968 39
193981 38
193987 39
194006 38
194071 39
194071 40
194111 41
194116 42
194120 43
194131 42
194138 41
194167 42
194181 43
194211 42
194215 41
194227 40
194232 41
194235 42
194237 43
194239 44
194248 43
194248 42
194251 41
194253 40
194280 41
194280 42
194283 43
194316 44
194317 44
194321 44
194324 45
194326 44
194327 43
194328 43
194331 43
194331 43
194351 44
194367 43
194372 44
194377 45
194385 46
194446 47
194453 48
194455 49
194455 50
194464 51
194470 52
194549 53
194569 54
194578 54
194589 55
194589 54
194604 53
194689 52
194693 52
194693 51
194696 51
194697 51
194697 50
194701 51
194703 50
194705 51
194707 52
194709 53
194739 52
194739 53
194762 54
194779 53
194823 52
194863 53
194866 53
194869 53
194871 53
194871 53
194872 52
194873 51
194875 50
194876 49
194876 50
194877 49
194879 49
194880 48
194882 49
194899 48
194905 49
194990 48
194991 49
195001 50
195009 49
195011 50
195047 51
195051 50
195141 51
195146 51
195148 50
195154 50
195160 49
195161 50
195193 51
195197 51
195200 50
195203 49
195204 48
195206 47
195208 48
195208 48
195210 48
195215 49
195240 50
195248 49
195252 48
195252 49
195253 48
195263 47
195265 48
195274 47
195277 46
195281 47
195281 47
195284 46
195285 47
195294 46
195299 47
195308 48
195310 49
195334 50
195341 51
195342 52
195351 52
195351 51
195352 50
195352 50
195352 49
195357 48
195359 47
195362 46
195363 45
195363 45
195364 44
195364 44
195365 44
195366 43
195367 42
195368 43
195371 42
195378 41
195379 42
195393 43
195456 42
195482 43
195491 43
195495 42
195496 41
195504 40
195504 39
195505 38
195535 39
195539 38
195551 39
195551 40
195551 39
195568 39
195572 39
195575 39
195576 39
195578 39
195579 39
195580 39
195580 39
195622 40
195623 41
195629 40
195630 39
195634 40
195643 41
195644 40
195675 40
195675 40
195675 40
195677 40
195681 41
195682 41
195686 41
195686 41
195746 41
195747 42
195751 42
195752 43
195757 44
195759 43
195777 44
195859 43
195863 42
195863 41
195863 40
195887 41
195895 40
195903 39
195903 38
195903 37
195903 36
195923 37
195925 38
195926 38
195929 37
195934 37
195934 37
195935 37
195936 37
195998 37
196032 36
196033 37
196045 37
196046 37
196055 36
196061 37
196066 38
196075 39
196075 40
196083 39
196083 38
196100 39
196119 38
196132 39
196143 40
196154 41
196163 41
196165 42
196167 41
196167 40
196169 41
196170 40
196173 40
196175 41
196175 42
196178 42
196180 42
196180 42
196180 42
196180 41
196180 41
196185 40
196188 41
196190 41
196190 40
196191 39
196193 38
196199 37
196203 38
196216 39
196225 38
196227 37
196228 36
196234 35
196238 34
196264 35
196267 34
196268 33
196268 32
196273 32
196275 32
196276 31
196277 30
196279 29
196280 28
196280 27
196281 28
196281 28
196283 27
196283 27
196284 27
196292 28
196295 28
196303 28
196304 27
196321 28
196322 28
196326 29
196343 30
196390 31
196400 30
196423 31
196431 30
196432 29
196433 28
196435 27
196442 26
196443 27
196444 26
196445 25
196446 26
196456 27
196459 28
196471 29
196472 29
196473 29
196483 28
196485 27
196487 27
196488 26
196492 27
196493 27
196494 26
196543 27
196548 27
196551 26
196551 25
196559 26
196563 27
196569 27
196575 28
196575 27
196583 27
196583 27
196583 27
196585 27
196587 28
196587 29
196593 29
196596 28
196623 28
196644 27
196654 28
196678 29
196683 30
196707 30
196707 30
196710 31
196711 31
196739 32
196747 33
196752 34
196756 33
196766 34
196791 33
196793 34
196794 34
196803 35
196815 36
196831 37
196849 37
196849 38
196854 39
196891 40
196896 41
196904 41
196911 40
196971 41
196978 42
196983 41
197019 42
197025 43
197051 43
197065 42
197083 43
197091 42
197097 42
197099 43
197104 42
197105 41
197106 42
197107 42
197107 42
197107 42
197107 41
197107 40
197107 39
197108 38
197108 38
197108 38
197108 37
197110 37
197112 36
197113 36
197113 36
197116 36
197118 36
197122 36
197147 37
197154 38
197163 39
197179 40
197179 41
197205 42
197214 42
197214 41
197219 40
197220 39
197221 39
197221 39
197224 39
197225 38
197227 38
197245 39
197247 39
197255 40
197264 41
197274 40
197283 39
197295 40
197331 41
197368 42
197426 43
197449 44
197463 43
197463 44
197465 43
197479 42
197479 41
197479 40
197479 39
197479 39
197479 39
197483 40
197490 39
197499 38
197527 39
197530 38
197555 39
197557 38
197560 39
197560 38
197560 38
197561 39
197568 38
197570 38
197592 39
197603 40
197619 41
197627 41
197646 42
197646 41
197657 42
197659 43
197675 44
197683 44
197687 43
197687 43
197724 44
197731 43
197752 44
197783 45
197784 46
197795 45
197795 46
197802 47
197803 46
197825 47
197833 48
197838 49
197855 50
197865 50
197865 51
197868 52
197868 53
197868 54
197868 55
197868 56
197879 55
197907 56
197936 57
197941 58
198004 59
198024 59
198032 60
198032 61
198033 62
198038 61
198059 62
198108 63
198138 64
198145 64
198147 65
198149 65
198150 64
198151 63
198151 62
198151 61
198153 60
198155 59
198155 59
198156 58
198157 57
198158 56
198159 56
198159 55
198161 54
198163 53
198174 53
198175 52
198183 52
198190 53
198194 52
198204 51
198231 51
198244 50
198265 51
198272 50
198272 49
198274 48
198274 48
198276 48
198278 49
198278 49
198279 48
198281 47
198282 47
198282 47
198283 46
198284 45
198284 45
198285 45
198286 44
198286 43
198287 42
198287 41
198287 40
198292 39
198295 39
198296 38
198319 39
198320 40
198340 40
198340 39
198347 40
198383 39
198420 40
198429 39
198433 38
198435 39
198439 38
198444 38
198449 39
198451 38
198482 39
198497 40
198511 41
198537 42
198557 43
198566 42
198567 43
198572 44
198658 45
198662 46
198669 46
198673 45
198673 44
198673 43
198677 42
198677 42
198678 41
198679 40
198679 40
198680 39
198680 39
198682 38
198685 37
198707 38
198739 37
198739 36
198762 35
198763 36
198769 36
198770 36
198775 37
198776 37
198778 37
198787 38
198815 38
198832 39
198845 40
198855 41
198861 40
198863 39
198872 39
198873 39
198880 40
198882 41
198887 41
198895 41
198896 40
198919 41
198959 40
198959 39
198966 40
198985 40
198991 41
198991 42
198995 41
198997 41
198998 41
199000 40
199008 39
199009 38
199009 39
