114 1
164 2
166 3
166 4
238 5
549 6
758 7
809 8
975 9
1393 10
1406 11
1435 12
1474 13
1478 14
1780 15
1960 16
2118 17
2324 18
2358 19
2375 20
2456 21
2863 22
2887 23
3159 24
3256 25
3310 26
3402 27
3423 28
3946 29
4005 30
4102 31
4102 32
4126 33
4158 34
4698 35
4721 36
4731 37
4909 38
5119 39
5165 40
5415 41
5430 42
5453 43
5566 44
5814 45
5820 46
5896 47
6125 48
6132 49
6172 50
6198 51
6325 52
6462 53
6547 54
6736 55
7017 56
7299 57
7544 58
7771 59
7870 60
8240 61
8586 62
8626 63
8782 64
9010 65
9054 66
9093 67
9136 68
9181 69
9278 70
9286 71
9386 72
9578 73
9609 74
9794 75
9862 76
9930 77
10051 78
10205 79
10501 80
10511 81
10516 82
10525 83
10603 84
10710 85
10962 86
10970 87
11008 88
11035 89
11087 90
11227 91
11230 92
11312 93
11330 94
11352 95
11414 96
11431 97
11441 98
11624 99
11644 100
11713 101
11845 102
11950 103
11967 104
11994 105
12093 106
12126 107
12148 108
12203 109
12319 110
12419 111
12441 112
12604 113
12983 114
13105 115
13137 116
13138 117
13169 118
13189 119
13193 120
13255 121
13875 122
14217 123
14317 124
14356 125
14395 126
14650 127
14718 128
14733 129
15099 130
15209 131
15268 132
15270 133
15346 134
15506 135
15959 136
16037 137
16260 138
16542 139
16621 140
16728 141
16942 142
16986 143
16995 144
17038 145
17042 146
17066 147
17146 148
17192 149
17196 150
17802 151
17936 152
18174 153
18182 154
18510 155
18518 156
18563 157
18587 158
18690 159
18712 160
18958 161
19058 162
19083 163
19275 164
19401 165
19407 166
19607 167
19624 168
19664 169
19780 170
20015 171
20059 172
20167 173
20218 174
20567 175
20707 176
21006 177
21104 178
21183 179
21214 180
21227 181
21651 182
21875 183
21922 184
21967 185
22012 186
22023 187
22182 188
22314 189
22487 190
22577 191
22611 192
22819 193
22876 194
22946 195
22955 196
23051 197
23188 198
23297 199
23383 200
23420 201
24191 202
24264 203
24300 204
24410 205
24613 206
24774 207
24975 208
25094 209
25097 210
25165 211
25303 212
25349 213
25477 214
25647 215
25951 216
26127 217
26150 218
26415 219
26514 220
26525 221
26530 222
26590 223
26590 224
26637 225
26787 226
26799 227
27077 228
27103 229
27230 230
27318 231
27611 232
27621 233
27744 234
27753 235
27908 236
27924 237
27957 238
28011 239
28044 240
28126 241
28227 242
28387 243
28390 244
28406 245
28655 246
29037 247
29048 248
29070 249
29149 250
29187 251
29223 252
29234 253
29435 254
29549 255
29699 256
29795 257
29898 258
29902 259
30149 260
30203 261
30287 262
30542 263
30811 264
30811 265
30869 266
30879 267
31208 268
31235 269
31236 270
31357 271
31607 272
31647 273
31776 274
31833 275
31895 276
31953 277
31957 278
32009 279
32030 280
32047 281
32068 282
32276 283
32310 284
32349 285
32393 286
32431 287
32964 288
33089 289
33131 290
33399 291
33487 292
33499 293
33522 294
33634 295
33815 296
33867 297
33882 298
33940 299
34203 300
34293 301
34602 302
34619 303
34903 304
35168 305
35399 306
35431 307
35439 308
35479 309
35531 310
35660 311
35712 312
35767 313
35839 314
35883 315
35927 316
36091 317
36114 318
36394 319
36401 320
36543 321
36748 322
36846 323
37127 324
37312 325
37619 326
37651 327
37763 328
37883 329
37904 330
37911 331
37923 332
38042 333
38321 334
38321 335
38391 336
38458 337
38522 338
38996 339
39023 340
39199 341
39510 342
39584 343
39806 344
39825 345
40019 346
40099 347
40262 348
40352 349
40452 350
40519 351
41027 352
41068 353
41493 354
41534 355
41610 356
41631 357
41733 358
41738 359
41815 360
41922 361
41945 362
42474 363
42644 364
42694 365
42857 366
42866 367
42927 368
42960 369
42998 370
43085 371
43213 372
43471 373
43555 374
43579 375
43983 376
44040 377
44067 378
44103 379
44195 380
44199 381
44200 382
44219 383
44243 384
44327 385
44348 386
44552 387
44556 388
44730 389
44993 390
45075 391
45088 392
45137 393
45159 394
45294 395
45295 396
45367 397
45504 398
45779 399
46010 400
46181 401
46312 402
46350 403
46385 404
46387 405
46393 406
46587 407
46875 408
46937 409
47023 410
47056 411
47064 412
47123 413
47158 414
47591 415
47631 416
47704 417
47755 418
47755 419
47755 420
48179 421
48240 422
48303 423
48324 424
48438 425
48544 426
48635 427
48653 428
48801 429
48811 430
48852 431
49005 432
49031 433
49075 434
49183 435
49237 436
49365 437
49714 438
49727 439
49738 440
49745 441
49787 442
49818 443
49869 444
50001 445
50035 446
50383 447
50464 448
50484 449
50540 450
50563 451
50583 452
50834 453
50844 454
50847 455
50849 456
50895 457
51131 458
51217 459
51227 460
51264 461
51606 462
51609 463
51627 464
51672 465
51723 466
51745 467
51819 468
51947 469
52029 470
52033 471
52034 472
52038 473
52067 474
52396 475
52410 476
52510 477
52601 478
52603 479
52722 480
53118 481
53175 482
53248 483
53671 484
53721 485
53901 486
53919 487
53920 488
54116 489
54262 490
54303 491
54382 492
54415 493
54587 494
54595 495
54625 496
54736 497
54756 498
54790 499
54799 500
54860 501
54882 502
54978 503
54995 504
55249 505
55479 506
55572 507
55584 508
55817 509
55860 510
55896 511
55955 512
56363 513
56364 514
56365 515
56515 516
56515 517
56559 518
56571 519
56850 520
56951 521
57090 522
57120 523
57178 524
57293 525
57315 526
57338 527
57531 528
57559 529
57756 530
57924 531
57978 532
58029 533
58077 534
58144 535
58275 536
58315 537
58407 538
58467 539
58560 540
58589 541
58643 542
58643 543
58977 544
59234 545
59394 546
59659 547
59663 548
59672 549
59783 550
59812 551
59827 552
60032 553
60099 554
60111 555
60155 556
60346 557
60525 558
60656 559
60657 560
60786 561
60991 562
61059 563
61063 564
61211 565
61253 566
61473 567
61625 568
61639 569
61665 570
62349 571
62529 572
62571 573
62576 574
62744 575
62778 576
62781 577
63085 578
63134 579
63405 580
63505 581
63603 582
63615 583
63625 584
63710 585
63721 586
63827 587
63830 588
63863 589
63975 590
63993 591
64065 592
64241 593
64313 594
64475 595
64565 596
64695 597
64731 598
64733 599
64948 600
65003 601
65279 602
65291 603
65519 604
65543 605
65834 606
66316 607
66416 608
66594 609
66680 610
66681 611
66840 612
66978 613
67000 614
67035 615
67092 616
67103 617
67165 618
67170 619
67403 620
67435 621
67541 622
67542 623
67560 624
67639 625
67912 626
67988 627
68122 628
68280 629
68446 630
68530 631
68751 632
68781 633
68915 634
68962 635
69182 636
69404 637
69519 638
69574 639
69715 640
69800 641
70123 642
70143 643
70200 644
70266 645
70289 646
70330 647
70344 648
70352 649
70512 650
70518 651
70546 652
70563 653
70659 654
70715 655
70759 656
71060 657
71245 658
71424 659
71499 660
71897 661
72133 662
72143 663
72176 664
72295 665
72391 666
72391 667
72727 668
72771 669
72902 670
73101 671
73147 672
73272 673
73323 674
73616 675
73625 676
73740 677
73744 678
73852 679
74218 680
74455 681
74590 682
74615 683
74683 684
74738 685
74847 686
74923 687
74958 688
74959 689
74961 690
74970 691
74983 692
75123 693
75179 694
75222 695
75290 696
75480 697
75591 698
75727 699
75963 700
76153 701
76291 702
76579 703
76586 704
76591 705
76700 706
76731 707
76738 708
76759 709
76805 710
77029 711
77049 712
77098 713
77186 714
77195 715
77196 716
77321 717
77567 718
78214 719
78258 720
78423 721
78444 722
78446 723
78479 724
78695 725
78811 726
78830 727
78927 728
79054 729
79195 730
79199 731
79414 732
79667 733
79722 734
80038 735
80247 736
80346 737
80899 738
80903 739
80919 740
81042 741
81072 742
81375 743
81390 744
81411 745
81487 746
81512 747
81659 748
81750 749
81756 750
81950 751
81954 752
81971 753
81982 754
82112 755
82140 756
82219 757
82229 758
82494 759
82738 760
82937 761
83152 762
83212 763
83269 764
83356 765
83490 766
83576 767
83646 768
83663 769
83853 770
83866 771
84115 772
84291 773
84292 774
84454 775
84748 776
85092 777
85170 778
85296 779
85307 780
85314 781
85381 782
85664 783
85834 784
85927 785
85977 786
86097 787
86131 788
86239 789
86286 790
86435 791
86525 792
86558 793
86607 794
86618 795
86778 796
86803 797
87548 798
87583 799
87667 800
87694 801
87781 802
87889 803
87944 804
88070 805
88077 806
88081 807
88134 808
88409 809
88446 810
88522 811
88599 812
88620 813
88660 814
88767 815
88802 816
88867 817
88893 818
89189 819
89320 820
89590 821
89646 822
89692 823
89710 824
89788 825
89799 826
89839 827
90007 828
90010 829
90100 830
90251 831
90356 832
90623 833
90732 834
90772 835
90861 836
90881 837
90917 838
91048 839
91112 840
91398 841
91520 842
91720 843
91815 844
91865 845
91996 846
92289 847
92465 848
92541 849
92590 850
92653 851
92736 852
92753 853
92764 854
92780 855
92879 856
92976 857
93041 858
93293 859
93394 860
93687 861
93878 862
93917 863
93960 864
94180 865
94199 866
94248 867
94339 868
94455 869
94693 870
94734 871
94963 872
94964 873
94965 874
95025 875
95038 876
95409 877
95505 878
95645 879
95798 880
95935 881
96172 882
96238 883
96256 884
96336 885
96361 886
96490 887
96855 888
96883 889
96996 890
97052 891
97216 892
97340 893
97449 894
97525 895
97628 896
97735 897
97736 898
97842 899
97844 900
97886 901
97946 902
98259 903
98328 904
98333 905
98481 906
98504 907
98700 908
98808 909
98815 910
98816 911
98855 912
98864 913
98931 914
99191 915
99548 916
99595 917
99647 918
100004 919
100088 920
100180 921
100180 922
100333 923
100477 924
100716 925
100716 926
100755 927
101090 928
101106 929
101116 930
101123 931
101320 932
101384 933
101423 934
101480 935
101488 936
101502 937
101664 938
101816 939
101872 940
101939 941
102001 942
102408 943
102446 944
102696 945
102740 946
102904 947
102940 948
102985 949
103055 950
103108 951
103188 952
103261 953
103274 954
103448 955
103477 956
103689 957
103692 958
103694 959
103696 960
103734 961
103734 962
104014 963
104043 964
104092 965
104204 966
104212 967
104232 968
104307 969
104418 970
104828 971
104836 972
104838 973
105056 974
105123 975
105404 976
105493 977
105520 978
105531 979
105564 980
105583 981
105780 982
105886 983
106032 984
106596 985
106643 986
107004 987
107141 988
107147 989
107156 990
107188 991
107212 992
107296 993
107350 994
107430 995
107513 996
107720 997
107877 998
107886 999
107992 1000
108171 1001
108181 1002
108182 1003
108221 1004
108226 1005
108261 1006
108268 1007
108392 1008
108610 1009
108802 1010
109012 1011
109293 1012
109368 1013
109381 1014
109480 1015
109492 1016
109533 1017
109629 1018
109640 1019
109740 1020
109752 1021
109826 1022
109884 1023
110027 1024
110119 1025
110346 1026
110492 1027
110610 1028
110682 1029
110685 1030
110920 1031
110920 1032
111164 1033
111392 1034
111456 1035
111459 1036
111608 1037
111620 1038
111716 1039
111751 1040
112114 1041
112126 1042
112252 1043
112253 1044
112262 1045
112295 1046
112302 1047
112429 1048
112456 1049
112571 1050
112583 1051
112612 1052
112652 1053
112817 1054
112820 1055
112902 1056
112968 1057
113033 1058
113104 1059
113200 1060
113211 1061
113232 1062
113364 1063
113453 1064
113715 1065
113734 1066
113824 1067
113903 1068
114145 1069
114208 1070
114295 1071
114312 1072
114319 1073
114433 1074
114507 1075
114660 1076
114764 1077
114800 1078
114859 1079
114876 1080
114939 1081
115038 1082
115312 1083
115417 1084
115543 1085
115545 1086
115591 1087
115876 1088
115928 1089
115945 1090
115972 1091
116356 1092
116421 1093
116656 1094
116657 1095
116686 1096
116700 1097
116713 1098
116840 1099
116888 1100
117167 1101
117215 1102
117219 1103
117252 1104
117428 1105
117661 1106
117697 1107
117768 1108
118115 1109
118134 1110
118214 1111
118320 1112
118433 1113
118477 1114
118500 1115
118881 1116
118929 1117
119157 1118
119301 1119
119306 1120
119437 1121
119612 1122
119857 1123
119895 1124
119900 1125
119928 1126
120024 1127
120044 1128
120048 1129
120082 1130
120359 1131
120554 1132
120677 1133
120724 1134
120725 1135
120820 1136
121062 1137
121069 1138
121151 1139
121154 1140
121154 1141
121424 1142
121429 1143
121444 1144
121449 1145
121493 1146
121768 1147
121796 1148
121945 1149
122048 1150
122184 1151
122298 1152
122335 1153
122401 1154
122555 1155
122628 1156
122739 1157
123016 1158
123216 1159
123280 1160
123290 1161
123368 1162
123563 1163
123625 1164
123793 1165
124020 1166
124060 1167
124091 1168
124252 1169
124422 1170
124462 1171
124628 1172
124775 1173
124832 1174
125050 1175
125132 1176
125416 1177
125708 1178
125747 1179
125795 1180
126173 1181
126228 1182
126350 1183
126473 1184
126612 1185
126631 1186
126832 1187
126967 1188
127001 1189
127120 1190
127148 1191
127164 1192
127173 1193
127181 1194
127237 1195
127241 1196
127340 1197
127397 1198
127472 1199
127484 1200
127534 1201
127904 1202
127924 1203
128134 1204
128176 1205
128190 1206
128372 1207
128469 1208
128490 1209
128759 1210
128836 1211
128904 1212
128960 1213
128969 1214
129084 1215
129236 1216
129286 1217
129380 1218
129427 1219
129495 1220
129563 1221
129604 1222
129848 1223
130000 1224
130002 1225
130036 1226
130113 1227
130163 1228
130646 1229
130648 1230
130689 1231
130728 1232
130744 1233
131044 1234
131100 1235
131129 1236
131196 1237
131510 1238
131620 1239
131653 1240
131733 1241
131760 1242
131798 1243
131860 1244
131866 1245
131908 1246
131953 1247
132076 1248
132167 1249
132504 1250
132541 1251
132680 1252
132934 1253
132939 1254
133029 1255
133186 1256
133278 1257
133296 1258
133360 1259
133504 1260
133721 1261
133724 1262
133776 1263
133802 1264
133987 1265
134176 1266
134331 1267
134335 1268
134383 1269
134464 1270
134510 1271
134616 1272
134766 1273
134774 1274
134878 1275
135220 1276
135468 1277
135634 1278
135863 1279
135901 1280
135922 1281
135936 1282
135950 1283
136002 1284
136140 1285
136388 1286
136390 1287
136473 1288
136858 1289
136948 1290
137092 1291
137365 1292
137420 1293
137699 1294
137980 1295
137998 1296
138028 1297
138194 1298
138366 1299
138418 1300
138477 1301
138478 1302
138610 1303
138748 1304
138911 1305
138925 1306
138982 1307
138984 1308
138992 1309
139284 1310
139328 1311
139439 1312
139604 1313
139820 1314
139937 1315
140035 1316
140084 1317
140096 1318
140144 1319
140147 1320
140200 1321
140468 1322
140480 1323
140604 1324
140628 1325
140630 1326
140766 1327
141124 1328
141236 1329
141259 1330
141260 1331
141344 1332
141710 1333
141815 1334
141926 1335
141937 1336
141948 1337
142044 1338
142109 1339
142112 1340
142123 1341
142124 1342
142187 1343
142243 1344
142334 1345
142468 1346
142484 1347
142628 1348
142628 1349
142694 1350
142786 1351
142849 1352
142953 1353
143416 1354
143529 1355
143733 1356
143754 1357
143796 1358
144140 1359
144160 1360
144405 1361
144437 1362
144515 1363
144823 1364
144890 1365
144929 1366
145002 1367
145300 1368
145808 1369
145818 1370
145820 1371
145963 1372
146006 1373
146046 1374
146131 1375
146311 1376
146482 1377
146756 1378
146776 1379
146919 1380
146925 1381
146932 1382
146942 1383
146977 1384
146988 1385
147103 1386
147114 1387
147245 1388
147384 1389
147441 1390
147598 1391
147648 1392
147661 1393
147670 1394
147772 1395
147849 1396
148224 1397
148252 1398
148347 1399
148388 1400
148408 1401
148490 1402
148638 1403
148753 1404
148833 1405
149127 1406
149241 1407
149352 1408
149602 1409
149645 1410
149872 1411
149882 1412
150006 1413
150119 1414
150241 1415
150349 1416
150455 1417
150562 1418
150565 1419
150583 1420
150610 1421
150836 1422
150872 1423
151108 1424
151109 1425
151118 1426
151304 1427
151363 1428
151363 1429
151597 1430
151608 1431
151827 1432
152001 1433
152012 1434
152053 1435
152064 1436
152346 1437
152353 1438
152481 1439
152488 1440
152522 1441
152604 1442
152649 1443
152852 1444
152940 1445
153223 1446
153237 1447
153468 1448
153507 1449
153714 1450
153731 1451
153750 1452
153878 1453
154002 1454
154512 1455
154513 1456
154572 1457
154596 1458
154845 1459
155229 1460
155314 1461
155418 1462
155427 1463
155558 1464
155689 1465
155750 1466
155788 1467
155818 1468
155847 1469
156049 1470
156213 1471
156309 1472
156364 1473
156521 1474
156578 1475
156591 1476
156611 1477
156740 1478
156904 1479
156913 1480
156938 1481
157018 1482
157340 1483
157696 1484
157826 1485
157945 1486
157952 1487
157975 1488
157980 1489
158026 1490
158205 1491
158273 1492
158617 1493
158674 1494
158694 1495
158736 1496
158897 1497
158921 1498
158962 1499
159094 1500
159175 1501
159182 1502
159320 1503
159515 1504
159772 1505
159893 1506
159937 1507
160066 1508
160090 1509
160182 1510
160195 1511
160317 1512
160424 1513
160454 1514
160621 1515
160674 1516
160892 1517
161031 1518
161129 1519
161129 1520
161213 1521
161417 1522
161475 1523
161539 1524
161541 1525
161610 1526
161749 1527
161787 1528
161911 1529
161937 1530
161994 1531
162252 1532
162314 1533
162587 1534
162730 1535
162749 1536
162750 1537
162889 1538
162917 1539
162993 1540
163053 1541
163296 1542
163298 1543
163585 1544
163730 1545
163792 1546
163970 1547
164007 1548
164160 1549
164341 1550
164412 1551
164493 1552
164502 1553
164534 1554
164633 1555
164673 1556
164754 1557
164754 1558
164915 1559
165057 1560
165441 1561
165448 1562
165537 1563
165687 1564
165714 1565
166091 1566
166157 1567
166231 1568
166270 1569
166337 1570
166621 1571
166672 1572
166800 1573
166829 1574
166858 1575
166929 1576
166992 1577
167061 1578
167072 1579
167269 1580
167346 1581
167575 1582
167664 1583
167709 1584
167718 1585
167784 1586
167936 1587
167970 1588
168151 1589
168180 1590
168325 1591
168610 1592
168613 1593
168833 1594
168874 1595
169121 1596
169262 1597
169293 1598
169505 1599
169514 1600
169775 1601
169854 1602
170064 1603
170375 1604
170401 1605
170679 1606
170708 1607
170769 1608
170977 1609
171043 1610
171277 1611
171526 1612
171687 1613
171719 1614
171803 1615
171867 1616
172044 1617
172082 1618
172172 1619
172349 1620
172372 1621
172727 1622
172822 1623
172902 1624
173158 1625
173264 1626
173291 1627
173556 1628
173641 1629
173717 1630
173743 1631
173904 1632
174012 1633
174086 1634
174300 1635
174581 1636
174655 1637
174725 1638
174856 1639
174925 1640
175077 1641
175463 1642
175659 1643
175712 1644
175808 1645
175858 1646
175901 1647
175967 1648
176077 1649
176088 1650
176217 1651
176267 1652
176409 1653
176429 1654
176433 1655
176902 1656
176908 1657
176919 1658
176921 1659
176934 1660
176988 1661
177039 1662
177194 1663
177597 1664
177702 1665
177865 1666
178097 1667
178369 1668
178404 1669
178413 1670
178490 1671
178814 1672
178829 1673
179089 1674
179132 1675
179182 1676
179200 1677
179205 1678
179214 1679
179520 1680
179785 1681
179883 1682
179942 1683
180251 1684
180308 1685
180317 1686
180367 1687
180430 1688
180528 1689
180913 1690
181145 1691
181338 1692
181420 1693
181420 1694
181544 1695
181807 1696
181921 1697
182019 1698
182108 1699
182234 1700
182270 1701
182505 1702
182533 1703
182604 1704
182605 1705
182799 1706
182917 1707
183009 1708
183041 1709
183221 1710
183320 1711
183518 1712
183647 1713
183686 1714
183718 1715
183916 1716
184020 1717
184063 1718
184073 1719
184199 1720
184208 1721
184265 1722
184434 1723
184572 1724
184677 1725
184865 1726
184921 1727
184996 1728
185023 1729
185124 1730
185392 1731
185477 1732
185637 1733
185709 1734
185863 1735
186047 1736
186049 1737
186049 1738
186141 1739
186337 1740
186362 1741
186366 1742
186450 1743
186504 1744
186505 1745
186557 1746
186657 1747
186982 1748
187244 1749
187294 1750
187517 1751
187528 1752
187587 1753
187587 1754
188041 1755
188080 1756
188255 1757
188329 1758
188497 1759
188538 1760
188617 1761
188617 1762
188725 1763
188759 1764
188779 1765
188889 1766
188905 1767
188964 1768
189065 1769
189153 1770
189192 1771
189299 1772
189495 1773
189893 1774
189937 1775
189949 1776
190012 1777
190140 1778
190209 1779
190417 1780
190435 1781
190462 1782
190477 1783
190607 1784
190615 1785
190720 1786
191529 1787
191941 1788
192164 1789
192261 1790
192365 1791
192607 1792
192737 1793
192737 1794
192799 1795
192821 1796
193042 1797
193053 1798
193065 1799
193316 1800
193354 1801
193375 1802
193376 1803
193403 1804
193415 1805
193756 1806
194024 1807
194061 1808
194061 1809
194233 1810
194301 1811
194324 1812
194327 1813
194438 1814
194467 1815
194583 1816
194651 1817
194755 1818
194850 1819
194949 1820
195017 1821
195256 1822
195345 1823
195361 1824
195406 1825
195549 1826
195622 1827
195626 1828
195661 1829
195909 1830
195909 1831
195928 1832
195984 1833
195988 1834
196021 1835
196106 1836
196249 1837
196547 1838
196675 1839
