187 1
222 2
247 3
319 4
508 5
667 6
723 7
750 8
956 9
972 10
1049 11
1093 12
1633 13
1659 14
1770 15
1789 16
1863 17
1905 18
2030 19
2173 20
2231 21
2280 22
2370 23
2467 24
2603 25
3015 26
3151 27
3295 28
3553 29
3783 30
3800 31
3950 32
4363 33
4375 34
4439 35
4575 36
4691 37
4699 38
4827 39
4985 40
5119 41
5335 42
5549 43
5551 44
5571 45
5706 46
5864 47
6044 48
6181 49
6447 50
6683 51
6976 52
7053 53
7095 54
7437 55
7642 56
7853 57
7856 58
7891 59
8333 60
8562 61
8587 62
8791 63
8816 64
8838 65
8909 66
8975 67
9027 68
9051 69
9143 70
9247 71
9339 72
9370 73
9840 74
10318 75
10370 76
10399 77
10444 78
11047 79
11279 80
11425 81
11435 82
11455 83
11457 84
11499 85
11557 86
11559 87
11663 88
11839 89
11869 90
11922 91
11943 92
12217 93
12279 94
12589 95
12838 96
12938 97
12945 98
12989 99
13192 100
13216 101
13267 102
13528 103
13541 104
13704 105
13781 106
14023 107
14034 108
14075 109
14221 110
14353 111
14461 112
14662 113
14685 114
14695 115
14737 116
14799 117
14850 118
14918 119
15259 120
15355 121
15439 122
15526 123
15631 124
15722 125
15772 126
15772 127
15847 128
15879 129
16015 130
16043 131
16052 132
16073 133
16462 134
16666 135
16753 136
16794 137
17014 138
17015 139
17020 140
17026 141
17136 142
17255 143
17258 144
17446 145
17517 146
17800 147
17815 148
17861 149
17959 150
18003 151
18069 152
18288 153
18305 154
18328 155
18391 156
18452 157
18543 158
18682 159
18730 160
19035 161
19227 162
19358 163
19421 164
19463 165
19571 166
19575 167
19595 168
19646 169
19792 170
19943 171
20083 172
20210 173
20405 174
20411 175
20733 176
20863 177
20917 178
20966 179
21111 180
21203 181
21566 182
21587 183
21657 184
21722 185
21891 186
22127 187
22243 188
22448 189
22461 190
22479 191
22605 192
22618 193
22696 194
22970 195
23065 196
23196 197
23281 198
23307 199
23532 200
23583 201
23641 202
23866 203
24079 204
24119 205
24437 206
24447 207
24447 208
24470 209
24571 210
24822 211
24825 212
24830 213
24989 214
25141 215
25201 216
25208 217
25361 218
25407 219
25416 220
25424 221
25559 222
25599 223
25664 224
25955 225
25991 226
26243 227
26327 228
26615 229
26643 230
26849 231
27044 232
27050 233
27167 234
27433 235
27519 236
27796 237
28155 238
28291 239
28873 240
29199 241
29247 242
29360 243
29425 244
29614 245
29640 246
29658 247
29774 248
29843 249
29945 250
29980 251
29988 252
30103 253
30457 254
30469 255
30611 256
30642 257
30872 258
30898 259
30917 260
31012 261
31061 262
31147 263
31284 264
31325 265
31507 266
31587 267
31656 268
31709 269
31829 270
31846 271
31883 272
31912 273
32176 274
32191 275
32244 276
32260 277
32260 278
32395 279
32397 280
32563 281
32576 282
32610 283
32613 284
32671 285
32762 286
32838 287
32998 288
33000 289
33317 290
33331 291
33361 292
33390 293
33511 294
33687 295
33715 296
33783 297
33873 298
34335 299
34577 300
34601 301
34609 302
34613 303
34995 304
35187 305
35233 306
35267 307
35351 308
35532 309
35561 310
35567 311
35615 312
35896 313
35955 314
35967 315
36298 316
36360 317
36464 318
36742 319
36800 320
36831 321
37056 322
37080 323
37181 324
37207 325
37372 326
37399 327
37410 328
37434 329
37479 330
37652 331
37863 332
37889 333
38170 334
38172 335
38259 336
38508 337
38685 338
38695 339
38705 340
38756 341
38767 342
38940 343
38957 344
38963 345
39002 346
39182 347
39463 348
39511 349
39729 350
39802 351
40024 352
40071 353
40101 354
40169 355
40183 356
40401 357
40443 358
40549 359
40735 360
40778 361
40783 362
40892 363
40912 364
41128 365
41268 366
41646 367
41656 368
41666 369
41851 370
42001 371
42099 372
42203 373
42417 374
42424 375
42646 376
42648 377
42684 378
42754 379
42872 380
42976 381
43099 382
43144 383
43218 384
43303 385
43426 386
43434 387
43730 388
43739 389
43944 390
43952 391
44003 392
44055 393
44067 394
44151 395
44195 396
44248 397
44256 398
44260 399
44810 400
44962 401
45015 402
45071 403
45075 404
45155 405
45295 406
45559 407
45577 408
45598 409
46090 410
46130 411
46302 412
46543 413
46735 414
46761 415
46763 416
46914 417
46926 418
46995 419
47077 420
47137 421
47368 422
47443 423
47588 424
47819 425
47875 426
47927 427
48107 428
48244 429
48488 430
48540 431
48570 432
48680 433
48740 434
48788 435
48967 436
48990 437
49038 438
49151 439
49354 440
49357 441
49555 442
49728 443
49803 444
49936 445
50267 446
50332 447
50512 448
50638 449
50788 450
50814 451
50861 452
50883 453
51095 454
51100 455
51157 456
51161 457
51198 458
51356 459
51376 460
51381 461
51425 462
51444 463
51460 464
51565 465
51664 466
51786 467
52055 468
52144 469
52249 470
52268 471
52405 472
52420 473
52421 474
52460 475
52549 476
52556 477
52860 478
53027 479
53121 480
53216 481
53243 482
53286 483
53338 484
53424 485
53440 486
53655 487
53780 488
53804 489
53855 490
53960 491
53960 492
54040 493
54203 494
54232 495
54243 496
54341 497
54452 498
54531 499
54717 500
54917 501
54922 502
55004 503
55152 504
55398 505
55412 506
55461 507
55461 508
55484 509
55569 510
55760 511
55976 512
56201 513
56203 514
56252 515
56256 516
56361 517
56424 518
56425 519
56628 520
56730 521
56941 522
56945 523
56992 524
57088 525
57194 526
57423 527
57559 528
57612 529
57709 530
57717 531
57748 532
57946 533
58040 534
58481 535
58792 536
58796 537
58848 538
58948 539
59032 540
59035 541
59068 542
59092 543
59181 544
59243 545
59328 546
59328 547
59663 548
59732 549
59755 550
59760 551
59806 552
59958 553
59962 554
60136 555
60139 556
60177 557
60276 558
60426 559
60561 560
60576 561
60811 562
60840 563
60927 564
61084 565
61154 566
61215 567
61236 568
61251 569
61376 570
61484 571
61559 572
61571 573
61581 574
61592 575
61592 576
61647 577
62031 578
62138 579
62300 580
62399 581
62504 582
62539 583
62789 584
62944 585
63038 586
63070 587
63074 588
63341 589
63434 590
63437 591
63527 592
63776 593
63844 594
63928 595
64052 596
64188 597
64273 598
64486 599
64634 600
64785 601
64792 602
64820 603
64836 604
64876 605
64928 606
64956 607
65002 608
65164 609
65281 610
65409 611
65492 612
65533 613
65576 614
65644 615
65687 616
65749 617
65842 618
65988 619
66106 620
66180 621
66189 622
66652 623
66792 624
66861 625
66884 626
67161 627
67181 628
67263 629
67327 630
67472 631
67472 632
67626 633
67856 634
68075 635
68116 636
68240 637
68264 638
68336 639
68486 640
68624 641
68659 642
68668 643
68986 644
69099 645
69380 646
69449 647
69453 648
69505 649
69556 650
69826 651
69885 652
70073 653
70108 654
70123 655
70356 656
70739 657
70916 658
70992 659
70993 660
71000 661
71158 662
71190 663
71201 664
71203 665
71249 666
71468 667
71516 668
71536 669
71567 670
71589 671
71704 672
71709 673
71712 674
71767 675
71972 676
71988 677
72100 678
72330 679
72389 680
72418 681
72432 682
72580 683
72664 684
72802 685
73168 686
73220 687
73320 688
73456 689
73580 690
73593 691
73865 692
73868 693
73957 694
74060 695
74128 696
74143 697
74256 698
74390 699
74520 700
74529 701
74618 702
74827 703
74967 704
75022 705
75176 706
75256 707
75407 708
75437 709
75487 710
75758 711
75763 712
75792 713
75922 714
76002 715
76145 716
76386 717
76461 718
76464 719
76506 720
76554 721
76769 722
76791 723
76932 724
77122 725
77370 726
77400 727
77400 728
77422 729
77457 730
77465 731
77466 732
77479 733
77621 734
77683 735
77880 736
77880 737
78156 738
78385 739
78442 740
78467 741
78535 742
78727 743
78923 744
78945 745
79024 746
79104 747
79200 748
79302 749
79339 750
79572 751
79636 752
79727 753
79833 754
79884 755
80086 756
80156 757
80190 758
80219 759
80298 760
80349 761
80516 762
80710 763
80825 764
80865 765
80984 766
81012 767
81198 768
81313 769
81384 770
81740 771
81932 772
81995 773
81996 774
82011 775
82075 776
82124 777
82148 778
82205 779
82316 780
82492 781
82505 782
82575 783
82736 784
82962 785
83169 786
83176 787
83186 788
83238 789
83344 790
83428 791
83498 792
83558 793
83709 794
83859 795
83931 796
83936 797
83964 798
84560 799
84674 800
84772 801
84822 802
85087 803
85088 804
85432 805
85570 806
85624 807
85652 808
85729 809
85934 810
86063 811
86269 812
86396 813
86450 814
86544 815
86762 816
86791 817
86901 818
86956 819
87004 820
87208 821
87270 822
87280 823
87383 824
87442 825
87652 826
87794 827
87882 828
87919 829
88056 830
88112 831
88180 832
88248 833
88333 834
88365 835
88424 836
88755 837
88758 838
88795 839
88795 840
88813 841
89128 842
89326 843
89341 844
89550 845
89586 846
89861 847
89867 848
89874 849
90068 850
90169 851
90219 852
90289 853
90384 854
90414 855
90448 856
90608 857
90652 858
90778 859
90784 860
90835 861
90963 862
91172 863
91228 864
91281 865
91401 866
91413 867
91619 868
91896 869
91984 870
92023 871
92250 872
92252 873
92340 874
92374 875
92378 876
92456 877
92474 878
92479 879
92485 880
92724 881
92759 882
92888 883
92900 884
93094 885
93190 886
93191 887
93240 888
93636 889
93775 890
93926 891
94025 892
94068 893
94071 894
94201 895
94344 896
94376 897
94383 898
94468 899
94604 900
94739 901
94750 902
94923 903
95046 904
95192 905
95432 906
95568 907
95588 908
95623 909
95703 910
95799 911
95809 912
95862 913
95953 914
96082 915
96100 916
96173 917
96306 918
96540 919
96559 920
96582 921
96596 922
96785 923
96786 924
96833 925
96879 926
96940 927
97135 928
97216 929
97329 930
97340 931
97434 932
97465 933
97481 934
97575 935
97916 936
97972 937
98090 938
98356 939
98359 940
98367 941
98403 942
98426 943
98556 944
98688 945
98821 946
98831 947
99046 948
99096 949
99102 950
99136 951
99178 952
99563 953
99564 954
99660 955
99864 956
99904 957
100033 958
100038 959
100188 960
100196 961
100285 962
100497 963
100558 964
100587 965
100821 966
100849 967
100976 968
100992 969
101049 970
101088 971
101167 972
101263 973
101323 974
101521 975
101564 976
101637 977
101696 978
101763 979
102051 980
102071 981
102118 982
102132 983
102153 984
102200 985
102772 986
102844 987
103105 988
103132 989
103241 990
103259 991
103282 992
103320 993
103404 994
103414 995
103548 996
103601 997
103752 998
103846 999
103885 1000
103972 1001
104028 1002
104076 1003
104159 1004
104211 1005
104294 1006
104304 1007
104316 1008
104616 1009
104750 1010
104751 1011
104765 1012
104780 1013
105017 1014
105107 1015
105249 1016
105260 1017
105327 1018
105398 1019
105405 1020
105645 1021
105756 1022
105768 1023
106229 1024
106264 1025
106305 1026
106341 1027
106482 1028
106496 1029
106557 1030
106678 1031
107039 1032
107146 1033
107344 1034
107347 1035
107357 1036
107588 1037
107623 1038
107826 1039
107918 1040
108041 1041
108085 1042
108089 1043
108104 1044
108118 1045
108221 1046
108335 1047
108420 1048
108547 1049
108549 1050
108746 1051
108905 1052
108956 1053
108996 1054
109096 1055
109395 1056
109424 1057
109488 1058
109543 1059
109649 1060
109651 1061
109656 1062
109696 1063
109725 1064
109778 1065
109904 1066
109905 1067
109925 1068
110014 1069
110220 1070
110276 1071
110309 1072
110344 1073
110505 1074
110572 1075
110644 1076
110670 1077
110693 1078
110700 1079
110846 1080
110959 1081
111319 1082
111430 1083
111456 1084
111457 1085
111510 1086
111676 1087
111792 1088
112007 1089
112096 1090
112152 1091
112163 1092
112182 1093
112237 1094
112293 1095
112306 1096
112500 1097
112676 1098
112682 1099
112819 1100
112892 1101
112897 1102
112951 1103
113224 1104
113256 1105
113292 1106
113295 1107
113296 1108
113413 1109
113469 1110
113680 1111
113859 1112
113969 1113
114008 1114
114009 1115
114173 1116
114228 1117
114266 1118
114392 1119
114407 1120
114665 1121
114736 1122
114751 1123
114753 1124
114754 1125
114762 1126
114764 1127
115067 1128
115116 1129
115249 1130
115376 1131
115548 1132
116013 1133
116194 1134
116224 1135
116276 1136
116323 1137
116425 1138
116475 1139
116480 1140
116529 1141
116592 1142
116681 1143
116846 1144
116892 1145
117068 1146
117124 1147
117349 1148
117353 1149
117354 1150
117360 1151
117361 1152
117573 1153
117585 1154
117636 1155
117745 1156
117994 1157
118053 1158
118233 1159
118448 1160
118452 1161
118473 1162
118594 1163
118920 1164
118968 1165
118979 1166
119133 1167
119193 1168
119364 1169
119517 1170
119531 1171
119564 1172
119566 1173
119721 1174
119721 1175
119721 1176
119833 1177
119866 1178
120091 1179
120105 1180
120109 1181
120121 1182
120530 1183
120576 1184
120599 1185
120675 1186
120691 1187
120725 1188
120770 1189
120821 1190
120827 1191
121013 1192
121029 1193
121094 1194
121158 1195
121279 1196
121340 1197
121397 1198
121431 1199
121650 1200
121703 1201
121781 1202
121972 1203
122057 1204
122062 1205
122327 1206
122385 1207
122430 1208
122503 1209
122508 1210
122677 1211
122824 1212
123128 1213
123268 1214
123282 1215
123320 1216
123362 1217
123489 1218
123521 1219
123538 1220
123553 1221
123702 1222
123932 1223
123947 1224
124116 1225
124173 1226
124310 1227
124314 1228
124376 1229
124421 1230
124529 1231
124617 1232
124913 1233
124981 1234
125065 1235
125071 1236
125094 1237
125104 1238
125280 1239
125313 1240
125321 1241
125393 1242
125557 1243
125559 1244
125927 1245
125929 1246
126095 1247
126254 1248
126346 1249
126374 1250
126437 1251
126753 1252
126814 1253
126817 1254
126931 1255
126979 1256
126983 1257
126984 1258
127177 1259
127205 1260
127205 1261
127472 1262
127650 1263
127684 1264
128075 1265
128237 1266
128371 1267
128426 1268
128457 1269
128479 1270
128609 1271
129113 1272
129142 1273
129179 1274
129463 1275
129544 1276
129801 1277
129854 1278
129957 1279
130066 1280
130310 1281
130319 1282
130421 1283
130459 1284
130498 1285
130690 1286
130722 1287
130746 1288
130804 1289
130941 1290
131185 1291
131381 1292
131648 1293
131676 1294
131785 1295
131833 1296
132265 1297
132390 1298
132484 1299
132559 1300
132683 1301
132713 1302
132725 1303
132793 1304
132893 1305
132907 1306
132932 1307
132980 1308
133034 1309
133226 1310
133242 1311
133269 1312
133294 1313
133299 1314
133523 1315
133850 1316
133936 1317
133965 1318
134001 1319
134008 1320
134081 1321
134169 1322
134566 1323
134589 1324
134783 1325
134874 1326
134938 1327
135003 1328
135073 1329
135249 1330
135341 1331
135441 1332
135619 1333
135694 1334
135835 1335
135921 1336
136006 1337
136425 1338
136452 1339
136563 1340
136663 1341
136808 1342
136821 1343
136933 1344
136934 1345
137063 1346
137119 1347
137156 1348
137222 1349
137233 1350
137281 1351
137293 1352
137444 1353
137501 1354
137774 1355
137799 1356
137845 1357
137858 1358
137859 1359
137868 1360
137913 1361
137921 1362
138096 1363
138158 1364
138536 1365
138555 1366
138590 1367
138597 1368
138682 1369
138689 1370
138728 1371
138777 1372
138845 1373
139120 1374
139137 1375
139280 1376
139287 1377
139349 1378
139350 1379
139389 1380
139534 1381
139623 1382
139629 1383
139718 1384
139801 1385
140017 1386
140069 1387
140165 1388
140301 1389
140494 1390
140521 1391
140617 1392
140684 1393
140736 1394
140776 1395
140777 1396
140814 1397
140822 1398
140882 1399
140892 1400
141386 1401
141393 1402
141417 1403
141429 1404
141485 1405
141546 1406
141724 1407
141818 1408
141861 1409
141874 1410
142059 1411
142300 1412
142310 1413
142310 1414
142479 1415
142554 1416
142598 1417
142608 1418
142654 1419
142867 1420
142899 1421
143112 1422
143339 1423
143405 1424
143468 1425
143484 1426
143569 1427
143737 1428
143791 1429
144039 1430
144161 1431
144451 1432
144477 1433
144765 1434
144890 1435
145288 1436
145288 1437
145297 1438
145351 1439
145473 1440
145533 1441
145645 1442
145809 1443
145945 1444
146137 1445
146289 1446
146358 1447
146365 1448
146452 1449
146459 1450
146549 1451
146639 1452
146803 1453
147121 1454
147131 1455
147384 1456
147542 1457
147565 1458
147580 1459
147673 1460
147849 1461
147916 1462
147923 1463
148005 1464
148238 1465
148245 1466
148389 1467
148497 1468
148998 1469
149107 1470
149329 1471
149353 1472
149394 1473
149491 1474
149888 1475
149941 1476
150409 1477
150533 1478
150637 1479
150668 1480
150753 1481
150890 1482
151041 1483
151081 1484
151126 1485
151273 1486
151515 1487
151622 1488
151639 1489
151642 1490
151741 1491
151782 1492
152007 1493
152130 1494
152213 1495
152227 1496
152239 1497
152441 1498
152469 1499
152530 1500
152626 1501
152785 1502
153124 1503
153194 1504
153250 1505
153321 1506
153351 1507
153503 1508
153553 1509
153581 1510
153866 1511
153956 1512
154048 1513
154052 1514
154144 1515
154225 1516
154226 1517
154236 1518
154307 1519
154441 1520
155070 1521
155345 1522
155353 1523
155363 1524
155497 1525
155576 1526
155633 1527
155647 1528
155720 1529
155939 1530
156006 1531
156138 1532
156184 1533
156210 1534
156259 1535
156614 1536
156850 1537
156856 1538
157056 1539
157056 1540
157261 1541
157299 1542
157335 1543
157435 1544
157483 1545
157541 1546
157648 1547
157783 1548
157941 1549
157949 1550
157961 1551
158045 1552
158141 1553
158237 1554
158311 1555
158370 1556
158448 1557
158626 1558
158675 1559
158783 1560
158829 1561
158840 1562
158940 1563
159090 1564
159101 1565
159349 1566
159367 1567
159372 1568
159415 1569
159458 1570
159471 1571
159818 1572
159979 1573
160153 1574
160160 1575
160443 1576
160585 1577
160641 1578
160706 1579
160737 1580
161054 1581
161138 1582
161217 1583
161257 1584
161271 1585
161450 1586
161504 1587
161548 1588
161619 1589
161654 1590
161753 1591
161876 1592
162003 1593
162110 1594
162119 1595
162167 1596
162295 1597
162468 1598
162481 1599
162493 1600
162593 1601
162616 1602
162756 1603
163001 1604
163041 1605
163048 1606
163061 1607
163363 1608
163527 1609
163602 1610
163633 1611
163787 1612
163871 1613
164165 1614
164300 1615
164363 1616
164377 1617
164407 1618
164530 1619
164775 1620
164902 1621
164984 1622
165102 1623
165170 1624
165489 1625
165511 1626
165662 1627
165703 1628
166097 1629
166195 1630
166306 1631
166511 1632
166633 1633
166844 1634
166906 1635
167113 1636
167141 1637
167157 1638
167213 1639
167218 1640
167399 1641
167468 1642
167589 1643
167599 1644
167913 1645
167913 1646
168163 1647
168284 1648
168325 1649
168433 1650
168578 1651
168997 1652
169063 1653
169066 1654
169191 1655
169208 1656
169297 1657
169367 1658
169393 1659
169440 1660
169532 1661
169534 1662
169640 1663
169697 1664
170081 1665
170347 1666
170376 1667
170690 1668
170737 1669
170928 1670
171037 1671
171098 1672
171420 1673
171520 1674
171551 1675
172058 1676
172164 1677
172577 1678
172653 1679
173148 1680
173157 1681
173157 1682
173293 1683
173432 1684
173493 1685
173731 1686
173980 1687
174399 1688
174399 1689
174399 1690
174785 1691
174981 1692
175032 1693
175457 1694
175529 1695
175673 1696
176173 1697
176545 1698
176753 1699
176821 1700
176853 1701
176906 1702
176914 1703
177217 1704
177509 1705
177845 1706
177905 1707
177933 1708
178378 1709
178380 1710
178479 1711
178521 1712
178552 1713
178633 1714
178701 1715
178774 1716
178800 1717
178851 1718
179110 1719
179131 1720
179141 1721
179237 1722
179365 1723
179399 1724
179417 1725
179631 1726
180003 1727
180197 1728
180350 1729
180352 1730
180570 1731
180657 1732
180685 1733
180734 1734
180801 1735
180902 1736
180954 1737
181090 1738
181117 1739
181173 1740
181239 1741
181283 1742
181392 1743
181460 1744
181669 1745
181817 1746
182241 1747
182281 1748
182283 1749
182355 1750
182381 1751
182511 1752
182584 1753
182668 1754
182669 1755
182770 1756
182779 1757
182932 1758
183016 1759
183029 1760
183187 1761
183261 1762
183408 1763
183455 1764
183467 1765
183723 1766
183943 1767
184005 1768
184027 1769
184215 1770
184261 1771
184333 1772
184506 1773
184511 1774
184553 1775
184557 1776
184935 1777
184944 1778
185005 1779
185101 1780
185327 1781
185397 1782
185416 1783
185686 1784
185918 1785
185924 1786
186033 1787
186114 1788
186264 1789
186278 1790
186294 1791
186317 1792
186356 1793
186438 1794
186443 1795
186576 1796
186613 1797
186823 1798
186926 1799
187026 1800
187044 1801
187218 1802
187720 1803
187790 1804
187833 1805
187896 1806
187957 1807
188469 1808
188630 1809
188804 1810
189112 1811
189260 1812
189355 1813
189377 1814
189426 1815
189553 1816
189578 1817
189621 1818
189634 1819
189651 1820
189655 1821
189659 1822
189754 1823
189814 1824
190182 1825
190399 1826
190442 1827
190536 1828
190566 1829
190683 1830
190686 1831
190747 1832
190974 1833
191224 1834
191581 1835
191583 1836
191632 1837
191971 1838
191999 1839
192018 1840
192131 1841
192326 1842
192364 1843
192368 1844
192422 1845
192462 1846
192655 1847
192660 1848
192775 1849
192806 1850
192897 1851
192902 1852
192919 1853
192978 1854
192991 1855
193029 1856
193032 1857
193192 1858
193266 1859
193395 1860
193699 1861
193705 1862
193718 1863
193777 1864
193862 1865
193862 1866
193999 1867
194201 1868
194258 1869
194279 1870
194506 1871
194702 1872
194754 1873
194831 1874
194908 1875
195129 1876
195131 1877
195279 1878
195283 1879
195292 1880
195452 1881
195495 1882
195554 1883
195578 1884
195757 1885
195961 1886
195962 1887
195988 1888
196051 1889
196086 1890
196114 1891
196690 1892
196692 1893
197078 1894
197226 1895
197262 1896
197412 1897
197431 1898
197440 1899
197529 1900
197602 1901
197630 1902
197785 1903
198007 1904
198009 1905
198035 1906
198190 1907
198417 1908
198503 1909
198534 1910
198664 1911
198682 1912
198747 1913
198986 1914
198988 1915
199006 1916
199094 1917
199151 1918
199172 1919
