90 1
315 2
322 3
426 4
532 5
588 6
610 7
750 8
756 9
785 10
795 11
1026 12
1051 13
1064 14
1378 15
1406 16
1442 17
1500 18
1530 19
1668 20
1750 21
1818 22
1970 23
2039 24
2202 25
2202 26
2266 27
2522 28
2523 29
2530 30
2572 31
2717 32
2915 33
2918 34
3149 35
3268 36
3426 37
3426 38
3621 39
3627 40
3666 41
3671 42
3686 43
3871 44
3950 45
4002 46
4222 47
4238 48
4355 49
4402 50
4482 51
4739 52
4938 53
4978 54
4995 55
5101 56
5208 57
5282 58
5418 59
5498 60
5527 61
5613 62
5769 63
5805 64
5868 65
5897 66
6054 67
6090 68
6122 69
6238 70
6320 71
6464 72
6539 73
6611 74
6982 75
7082 76
7216 77
7410 78
7459 79
7712 80
7842 81
7965 82
7971 83
8110 84
8262 85
8342 86
8438 87
8478 88
8836 89
8884 90
9071 91
9098 92
9194 93
9244 94
9291 95
9346 96
9443 97
9535 98
9614 99
9632 100
9780 101
9934 102
9941 103
10006 104
10316 105
10362 106
10434 107
10579 108
10696 109
10707 110
10789 111
10793 112
11158 113
11375 114
11564 115
11618 116
11626 117
11833 118
11858 119
11906 120
12155 121
12173 122
12174 123
12201 124
12274 125
12458 126
12538 127
12543 128
12738 129
12930 130
13040 131
13197 132
13569 133
13614 134
13710 135
13918 136
13982 137
14042 138
14283 139
14466 140
14548 141
14810 142
14900 143
14900 144
15050 145
15222 146
15262 147
15430 148
15533 149
15893 150
15922 151
15942 152
16375 153
16487 154
16659 155
16706 156
16910 157
16969 158
17030 159
17034 160
17271 161
17344 162
17803 163
17878 164
17980 165
18084 166
18213 167
18222 168
18235 169
18242 170
18270 171
18462 172
18483 173
18633 174
19026 175
19062 176
19067 177
19342 178
19344 179
19430 180
19617 181
19630 182
19754 183
19866 184
20080 185
20098 186
20126 187
20138 188
20544 189
20742 190
20905 191
20938 192
20950 193
20978 194
21111 195
21374 196
21546 197
21552 198
21706 199
21774 200
21849 201
21852 202
21971 203
22102 204
22227 205
22306 206
22406 207
22441 208
22536 209
22678 210
22723 211
22790 212
23021 213
23062 214
23333 215
23348 216
23595 217
23634 218
23678 219
23680 220
23959 221
23982 222
24134 223
24535 224
24573 225
24724 226
24750 227
24761 228
24909 229
25044 230
25092 231
25182 232
25337 233
25351 234
25357 235
25398 236
25506 237
25510 238
25621 239
25714 240
25906 241
25980 242
26184 243
26720 244
26730 245
26759 246
26830 247
26901 248
26922 249
26965 250
27005 251
27142 252
27322 253
27352 254
27662 255
27755 256
28369 257
28397 258
28486 259
28582 260
28778 261
28867 262
28914 263
28920 264
28925 265
28925 266
29066 267
29105 268
29131 269
29224 270
29227 271
29235 272
29310 273
29633 274
29656 275
29710 276
29776 277
29878 278
29973 279
30039 280
30150 281
30299 282
30683 283
30721 284
30766 285
30804 286
30818 287
30850 288
30992 289
31215 290
31439 291
31452 292
31460 293
31463 294
31534 295
31659 296
31660 297
31727 298
31754 299
31778 300
31810 301
31841 302
31958 303
32182 304
32469 305
32581 306
32614 307
32807 308
32943 309
33002 310
33161 311
33350 312
33361 313
33610 314
33775 315
33799 316
33808 317
33827 318
33919 319
33921 320
34130 321
34138 322
34186 323
34423 324
34462 325
34514 326
34587 327
34638 328
34682 329
34742 330
34811 331
34967 332
35032 333
35086 334
35295 335
35598 336
35604 337
35616 338
35738 339
35748 340
36002 341
36042 342
36042 343
36132 344
36375 345
36437 346
36440 347
36582 348
36789 349
36862 350
36863 351
37042 352
37222 353
37344 354
37442 355
37465 356
37471 357
37568 358
37622 359
37666 360
37709 361
37833 362
38113 363
38141 364
38170 365
38306 366
38370 367
38744 368
38814 369
38862 370
39115 371
39144 372
39226 373
39240 374
39315 375
39402 376
39404 377
39523 378
39642 379
39858 380
39860 381
40111 382
40229 383
40406 384
40484 385
40505 386
40548 387
40762 388
40814 389
40847 390
40872 391
40958 392
41103 393
41120 394
41135 395
41272 396
41354 397
41862 398
41902 399
41999 400
42003 401
42273 402
42317 403
42355 404
42398 405
42410 406
42523 407
42813 408
42820 409
42838 410
42863 411
42952 412
43042 413
43358 414
43577 415
43690 416
43702 417
43703 418
43753 419
43769 420
43932 421
43990 422
44230 423
44455 424
44527 425
44638 426
44707 427
44712 428
44799 429
44832 430
44868 431
44887 432
44994 433
45014 434
45078 435
45192 436
45230 437
45263 438
45310 439
45515 440
45611 441
45645 442
45785 443
45904 444
45926 445
45934 446
46035 447
46076 448
46122 449
46201 450
46298 451
46311 452
46352 453
46530 454
46734 455
46874 456
46892 457
46932 458
47066 459
47160 460
47192 461
47589 462
47676 463
47679 464
47946 465
48001 466
48116 467
48120 468
48358 469
48370 470
48420 471
48571 472
48714 473
48723 474
48792 475
48866 476
48894 477
49025 478
49216 479
49250 480
49278 481
49554 482
49574 483
49582 484
49636 485
49750 486
50079 487
50142 488
50198 489
50254 490
50256 491
50514 492
50774 493
51008 494
51121 495
51191 496
51310 497
51356 498
51496 499
51813 500
51874 501
51892 502
52024 503
52038 504
52129 505
52181 506
52286 507
52415 508
52416 509
52552 510
52622 511
52785 512
52930 513
52998 514
53027 515
53293 516
53417 517
53518 518
53518 519
53889 520
53906 521
54337 522
54354 523
54354 524
54405 525
54502 526
54771 527
54826 528
54873 529
54882 530
54981 531
55239 532
55248 533
55344 534
55376 535
55472 536
55489 537
55523 538
55586 539
55619 540
55881 541
55987 542
56103 543
56635 544
56645 545
56694 546
56720 547
56754 548
56779 549
56898 550
57022 551
57094 552
57236 553
57487 554
57652 555
57948 556
58035 557
58057 558
58203 559
58242 560
58355 561
58424 562
58567 563
58614 564
59093 565
59170 566
59180 567
59194 568
59425 569
59454 570
59509 571
59652 572
59701 573
59709 574
59855 575
59897 576
59976 577
60017 578
60030 579
60031 580
60087 581
60282 582
60294 583
60442 584
60463 585
60525 586
60689 587
60967 588
60979 589
61133 590
61204 591
61258 592
61280 593
61386 594
61403 595
61464 596
61495 597
61595 598
61799 599
61830 600
61899 601
62011 602
62091 603
62226 604
62394 605
62446 606
62474 607
62702 608
62751 609
62778 610
62829 611
62926 612
62953 613
63049 614
63063 615
63148 616
63419 617
63482 618
63668 619
63738 620
64003 621
64260 622
64314 623
64462 624
64502 625
64658 626
64780 627
64818 628
64953 629
65023 630
65093 631
65118 632
65373 633
65385 634
65389 635
65463 636
65467 637
65531 638
65558 639
65683 640
65902 641
65986 642
66056 643
66146 644
66206 645
66214 646
66337 647
66631 648
66720 649
66743 650
66746 651
66976 652
67011 653
67185 654
67236 655
67245 656
67356 657
67775 658
67820 659
67847 660
67936 661
68075 662
68113 663
68120 664
68121 665
68155 666
68195 667
68308 668
68891 669
69219 670
69376 671
69421 672
69883 673
69957 674
69970 675
69999 676
70015 677
70050 678
70209 679
70309 680
70484 681
70491 682
70755 683
70758 684
70883 685
71310 686
71347 687
71457 688
71592 689
71629 690
71689 691
71709 692
71967 693
72012 694
72056 695
72069 696
72199 697
72467 698
72504 699
72636 700
72858 701
72900 702
72964 703
73108 704
73599 705
73667 706
73831 707
73975 708
74007 709
74037 710
74276 711
74492 712
74538 713
74723 714
74766 715
74814 716
74908 717
74929 718
74968 719
74975 720
75015 721
75111 722
75529 723
75575 724
75715 725
75755 726
75886 727
75888 728
76099 729
76135 730
76486 731
76583 732
76641 733
76827 734
77222 735
77278 736
77311 737
77319 738
77319 739
77375 740
77860 741
77924 742
78250 743
78311 744
78417 745
78424 746
78514 747
78636 748
78706 749
78818 750
78875 751
78980 752
79144 753
79173 754
79540 755
79595 756
79799 757
79839 758
79907 759
79915 760
79931 761
79984 762
80261 763
80287 764
80337 765
80503 766
80565 767
80575 768
80709 769
80719 770
80832 771
80896 772
81064 773
81240 774
81387 775
81422 776
81543 777
81643 778
81694 779
81720 780
81743 781
81832 782
81969 783
82071 784
82140 785
82160 786
82204 787
82439 788
82442 789
82539 790
82552 791
82711 792
82737 793
82755 794
82855 795
82964 796
83171 797
83310 798
83341 799
83385 800
83444 801
83555 802
83629 803
83684 804
83691 805
83868 806
83967 807
84074 808
84200 809
84243 810
84314 811
84419 812
84489 813
84513 814
84667 815
84802 816
84810 817
84815 818
84980 819
84981 820
85299 821
85345 822
85400 823
85463 824
85559 825
85810 826
85819 827
85999 828
86135 829
86147 830
86239 831
86264 832
86329 833
86459 834
86659 835
86670 836
86672 837
86828 838
86839 839
86963 840
87249 841
87264 842
87331 843
87399 844
87487 845
87523 846
87571 847
87607 848
87788 849
87846 850
87867 851
87891 852
87941 853
87975 854
87990 855
88374 856
88719 857
88737 858
88908 859
88967 860
89049 861
89240 862
89350 863
89543 864
89560 865
89692 866
89737 867
89852 868
90039 869
90130 870
90231 871
90355 872
90476 873
90543 874
90574 875
90749 876
90807 877
90915 878
90958 879
91039 880
91193 881
91315 882
91330 883
91412 884
91423 885
91457 886
91518 887
91708 888
91711 889
92024 890
92040 891
92050 892
92096 893
92206 894
92239 895
92244 896
92275 897
92410 898
92770 899
92772 900
92919 901
92962 902
93150 903
93212 904
93263 905
93499 906
93500 907
93569 908
93719 909
93720 910
94092 911
94171 912
94279 913
94321 914
94380 915
94675 916
94875 917
94993 918
95076 919
95205 920
95283 921
95419 922
95534 923
95572 924
95639 925
95785 926
95898 927
96100 928
96148 929
96197 930
96265 931
96471 932
96525 933
96529 934
96835 935
96891 936
96995 937
97003 938
97010 939
97012 940
97022 941
97123 942
97270 943
97275 944
97343 945
97369 946
97419 947
97430 948
97663 949
97685 950
97727 951
97729 952
97732 953
98083 954
98266 955
98331 956
98427 957
98469 958
98479 959
98489 960
98543 961
98759 962
98963 963
99138 964
99211 965
99320 966
99567 967
99782 968
99827 969
99894 970
99983 971
100174 972
100283 973
100353 974
100440 975
100456 976
100519 977
100523 978
100981 979
101063 980
101063 981
101118 982
101119 983
101153 984
101195 985
101212 986
101435 987
101442 988
101557 989
101584 990
101695 991
101909 992
101915 993
102163 994
102175 995
102415 996
102574 997
102612 998
102633 999
102663 1000
102731 1001
102736 1002
102987 1003
103111 1004
103111 1005
103177 1006
103203 1007
103256 1008
103331 1009
103385 1010
103417 1011
103580 1012
103619 1013
103663 1014
103667 1015
103748 1016
103867 1017
104097 1018
104105 1019
104109 1020
104110 1021
104341 1022
104444 1023
104444 1024
104580 1025
104683 1026
104772 1027
104827 1028
104861 1029
104963 1030
105094 1031
105228 1032
105276 1033
105285 1034
105299 1035
105431 1036
105431 1037
105484 1038
105871 1039
105892 1040
105980 1041
106034 1042
106061 1043
106342 1044
106370 1045
106391 1046
106500 1047
106509 1048
106530 1049
106531 1050
106651 1051
106676 1052
106915 1053
106983 1054
107007 1055
107470 1056
107515 1057
107563 1058
107634 1059
107669 1060
107867 1061
107892 1062
108095 1063
108247 1064
108252 1065
108259 1066
108368 1067
108439 1068
108671 1069
108766 1070
108979 1071
109119 1072
109170 1073
109202 1074
109205 1075
109205 1076
109486 1077
109579 1078
109693 1079
109920 1080
109955 1081
110031 1082
110268 1083
110443 1084
110484 1085
110499 1086
110691 1087
110910 1088
111018 1089
111088 1090
111351 1091
111417 1092
111433 1093
111520 1094
111758 1095
112007 1096
112062 1097
112080 1098
112213 1099
112378 1100
112395 1101
112498 1102
112566 1103
112634 1104
112763 1105
112820 1106
112903 1107
112986 1108
113064 1109
113197 1110
113265 1111
113287 1112
113411 1113
113411 1114
113582 1115
113610 1116
113727 1117
113794 1118
113835 1119
113943 1120
114025 1121
114207 1122
114376 1123
114384 1124
114498 1125
114542 1126
114549 1127
114565 1128
114619 1129
114670 1130
114743 1131
114756 1132
114966 1133
115121 1134
115230 1135
115258 1136
115263 1137
115443 1138
115466 1139
115513 1140
115687 1141
115766 1142
115870 1143
115877 1144
115980 1145
116074 1146
116115 1147
116155 1148
116199 1149
116242 1150
116538 1151
116740 1152
116744 1153
116787 1154
116795 1155
116804 1156
116927 1157
116997 1158
117132 1159
117367 1160
117379 1161
117495 1162
117916 1163
117919 1164
117923 1165
118192 1166
118231 1167
118272 1168
118524 1169
118626 1170
118640 1171
118643 1172
118655 1173
118707 1174
118950 1175
119451 1176
119527 1177
119697 1178
119753 1179
119923 1180
120074 1181
120190 1182
120262 1183
120523 1184
120667 1185
120693 1186
120882 1187
121134 1188
121367 1189
121385 1190
121615 1191
121660 1192
121662 1193
121670 1194
121754 1195
121759 1196
121873 1197
122009 1198
122163 1199
122179 1200
122355 1201
122367 1202
122479 1203
122504 1204
122513 1205
122727 1206
122739 1207
122802 1208
122844 1209
123014 1210
123191 1211
123406 1212
123540 1213
123640 1214
123782 1215
123851 1216
123919 1217
124005 1218
124056 1219
124082 1220
124570 1221
124681 1222
125139 1223
125251 1224
125455 1225
125800 1226
125838 1227
126079 1228
126111 1229
126228 1230
126363 1231
126440 1232
126447 1233
126580 1234
126803 1235
126859 1236
126878 1237
126945 1238
127017 1239
127087 1240
127138 1241
127498 1242
127568 1243
128104 1244
128105 1245
128133 1246
128463 1247
128630 1248
128635 1249
128655 1250
129182 1251
129262 1252
129434 1253
129458 1254
129464 1255
129484 1256
129839 1257
129864 1258
129945 1259
129959 1260
129988 1261
130111 1262
130330 1263
130603 1264
130798 1265
130912 1266
131075 1267
131096 1268
131125 1269
131162 1270
131218 1271
131223 1272
131252 1273
131465 1274
131495 1275
132024 1276
132239 1277
132322 1278
132363 1279
132471 1280
132481 1281
132556 1282
132563 1283
132725 1284
132914 1285
133202 1286
133215 1287
133298 1288
133299 1289
133392 1290
133448 1291
133543 1292
133652 1293
133710 1294
133712 1295
133772 1296
134002 1297
134040 1298
134087 1299
134249 1300
134421 1301
134435 1302
134667 1303
134739 1304
134832 1305
135173 1306
135178 1307
135362 1308
135367 1309
135403 1310
135508 1311
135548 1312
135689 1313
135819 1314
135860 1315
136143 1316
136243 1317
136264 1318
136293 1319
136384 1320
136431 1321
136468 1322
136731 1323
136876 1324
136896 1325
137034 1326
137154 1327
137241 1328
137548 1329
137587 1330
137605 1331
137624 1332
137990 1333
138046 1334
138182 1335
138366 1336
138452 1337
138472 1338
138617 1339
138720 1340
138721 1341
138772 1342
138861 1343
139064 1344
139296 1345
139335 1346
139368 1347
139378 1348
139443 1349
139485 1350
139517 1351
139598 1352
139628 1353
139812 1354
140069 1355
140096 1356
140147 1357
140555 1358
140558 1359
140921 1360
141071 1361
141122 1362
141209 1363
141247 1364
141287 1365
141393 1366
141407 1367
141474 1368
141592 1369
141671 1370
141726 1371
141852 1372
142060 1373
142248 1374
142320 1375
142354 1376
142429 1377
142533 1378
142619 1379
142693 1380
142964 1381
142982 1382
142999 1383
143003 1384
143032 1385
143118 1386
143356 1387
143569 1388
143745 1389
143841 1390
143952 1391
144064 1392
144104 1393
144288 1394
144435 1395
144487 1396
144636 1397
144652 1398
144685 1399
144804 1400
144977 1401
144993 1402
145123 1403
145201 1404
145203 1405
145284 1406
145577 1407
145795 1408
145899 1409
145915 1410
145956 1411
145982 1412
145983 1413
146136 1414
146768 1415
146821 1416
147078 1417
147289 1418
147316 1419
147561 1420
147576 1421
147656 1422
147743 1423
147851 1424
147957 1425
148360 1426
148401 1427
148551 1428
148552 1429
148920 1430
148964 1431
149219 1432
149237 1433
149268 1434
149278 1435
149296 1436
149325 1437
149344 1438
149577 1439
149596 1440
149685 1441
149746 1442
149879 1443
150172 1444
150370 1445
150400 1446
150776 1447
150905 1448
150992 1449
150996 1450
151083 1451
151478 1452
151520 1453
151897 1454
152018 1455
152251 1456
152493 1457
152622 1458
152631 1459
152645 1460
152669 1461
152785 1462
152948 1463
152992 1464
153131 1465
153152 1466
153372 1467
153736 1468
153869 1469
153881 1470
153926 1471
154006 1472
154128 1473
154222 1474
154268 1475
154318 1476
154328 1477
154418 1478
154452 1479
154592 1480
154695 1481
154959 1482
155008 1483
155019 1484
155153 1485
155377 1486
155490 1487
155516 1488
155530 1489
155544 1490
155552 1491
155581 1492
155814 1493
155967 1494
156325 1495
156331 1496
156604 1497
156840 1498
156888 1499
156908 1500
157286 1501
157421 1502
157632 1503
157819 1504
157953 1505
158134 1506
158246 1507
158316 1508
158550 1509
158562 1510
158706 1511
158745 1512
158861 1513
158892 1514
159015 1515
159218 1516
159273 1517
159484 1518
159524 1519
159615 1520
159665 1521
159972 1522
159977 1523
160226 1524
160232 1525
160252 1526
160256 1527
160376 1528
160381 1529
160786 1530
160788 1531
160980 1532
161270 1533
161298 1534
161344 1535
161460 1536
161524 1537
161561 1538
161736 1539
161833 1540
161888 1541
161940 1542
162078 1543
162080 1544
162440 1545
162932 1546
162965 1547
162975 1548
163010 1549
163080 1550
163302 1551
163375 1552
163421 1553
163438 1554
163492 1555
163693 1556
163694 1557
163843 1558
163864 1559
163999 1560
164307 1561
164311 1562
164312 1563
164392 1564
164405 1565
164455 1566
164537 1567
164677 1568
164728 1569
164792 1570
164901 1571
164942 1572
165072 1573
165128 1574
165264 1575
165348 1576
165491 1577
165702 1578
165858 1579
165887 1580
165966 1581
165979 1582
166076 1583
166335 1584
166352 1585
166477 1586
166669 1587
166670 1588
166712 1589
166713 1590
166815 1591
166896 1592
167008 1593
167431 1594
167433 1595
167532 1596
167593 1597
167752 1598
167927 1599
168008 1600
168018 1601
168019 1602
168190 1603
168236 1604
168484 1605
168700 1606
168758 1607
168824 1608
168837 1609
168944 1610
168944 1611
169002 1612
169006 1613
169056 1614
169058 1615
169303 1616
169722 1617
169759 1618
169853 1619
169870 1620
170045 1621
170056 1622
170080 1623
170096 1624
170223 1625
170346 1626
170375 1627
170422 1628
170496 1629
170518 1630
170742 1631
170744 1632
170795 1633
170797 1634
170965 1635
171020 1636
171020 1637
171067 1638
171090 1639
171104 1640
171113 1641
171176 1642
171562 1643
171630 1644
171723 1645
171825 1646
171956 1647
171973 1648
172064 1649
172088 1650
172592 1651
172687 1652
172714 1653
172770 1654
172927 1655
173092 1656
173260 1657
173275 1658
173350 1659
173379 1660
173573 1661
173604 1662
173631 1663
173668 1664
173712 1665
173750 1666
173799 1667
173858 1668
173972 1669
174123 1670
174602 1671
174828 1672
175084 1673
175153 1674
175343 1675
175414 1676
175470 1677
175543 1678
175659 1679
175707 1680
176080 1681
176228 1682
176388 1683
176582 1684
176896 1685
176943 1686
177088 1687
177098 1688
177156 1689
177197 1690
177252 1691
177326 1692
177652 1693
177836 1694
178022 1695
178050 1696
178114 1697
178173 1698
178243 1699
178526 1700
178668 1701
178671 1702
178677 1703
178764 1704
178823 1705
178825 1706
178832 1707
178907 1708
179079 1709
179419 1710
179696 1711
179867 1712
179876 1713
179904 1714
179916 1715
180163 1716
180435 1717
180539 1718
180690 1719
180745 1720
180751 1721
180756 1722
180816 1723
180828 1724
180840 1725
181035 1726
181238 1727
181432 1728
181852 1729
181929 1730
181953 1731
182071 1732
182229 1733
182705 1734
182748 1735
182814 1736
183089 1737
183121 1738
183212 1739
183228 1740
183268 1741
183269 1742
183431 1743
183472 1744
183500 1745
183555 1746
183565 1747
183842 1748
184234 1749
184250 1750
184324 1751
184326 1752
184588 1753
184669 1754
184752 1755
184842 1756
184944 1757
184952 1758
184954 1759
185251 1760
185290 1761
185300 1762
185313 1763
185348 1764
185507 1765
185676 1766
185752 1767
185782 1768
185783 1769
185824 1770
185864 1771
185876 1772
186109 1773
186310 1774
186529 1775
186660 1776
186789 1777
186824 1778
187277 1779
187292 1780
187326 1781
187388 1782
187523 1783
187546 1784
187812 1785
187869 1786
188037 1787
188088 1788
188156 1789
188223 1790
188253 1791
188273 1792
188320 1793
188464 1794
188679 1795
188720 1796
189117 1797
189144 1798
189309 1799
189335 1800
189399 1801
189432 1802
189665 1803
189773 1804
189814 1805
189828 1806
189964 1807
189964 1808
189968 1809
190066 1810
190229 1811
190509 1812
190610 1813
190629 1814
190630 1815
190752 1816
190860 1817
190982 1818
191145 1819
191247 1820
191274 1821
191353 1822
191362 1823
191740 1824
191755 1825
191864 1826
191865 1827
192236 1828
192328 1829
192385 1830
192428 1831
192783 1832
192829 1833
192908 1834
192995 1835
193007 1836
193036 1837
193134 1838
193208 1839
193444 1840
193460 1841
193608 1842
193611 1843
193779 1844
193881 1845
193944 1846
194008 1847
194027 1848
194053 1849
194088 1850
194458 1851
194664 1852
194709 1853
194791 1854
194929 1855
194934 1856
195036 1857
195112 1858
195148 1859
195325 1860
195359 1861
195428 1862
195448 1863
195552 1864
195696 1865
195848 1866
195876 1867
196081 1868
196194 1869
196346 1870
196376 1871
196532 1872
196540 1873
196588 1874
196738 1875
196867 1876
196874 1877
196889 1878
197056 1879
197057 1880
197069 1881
197128 1882
197164 1883
197321 1884
197476 1885
197632 1886
197688 1887
197732 1888
197840 1889
198415 1890
198579 1891
198593 1892
198599 1893
198601 1894
198703 1895
198720 1896
198770 1897
