0 1
139 2
377 3
460 4
541 5
665 6
810 7
885 8
909 9
1002 10
1008 11
1078 12
1184 13
1290 14
1316 15
1536 16
1605 17
1641 18
1821 19
2122 20
2128 21
2285 22
2314 23
2368 24
2404 25
2432 26
2505 27
2540 28
2540 29
2601 30
3025 31
3123 32
3277 33
3307 34
3315 35
3408 36
3444 37
3445 38
3492 39
3506 40
3611 41
3674 42
3778 43
3853 44
3898 45
3921 46
4018 47
4085 48
4101 49
4151 50
4351 51
4558 52
4671 53
4936 54
4966 55
5115 56
5117 57
5203 58
5213 59
5253 60
5556 61
5560 62
5595 63
5615 64
5616 65
5749 66
5862 67
5904 68
6037 69
6094 70
6099 71
6119 72
6147 73
6174 74
6257 75
6393 76
6433 77
6545 78
6639 79
7065 80
7190 81
7321 82
7340 83
7886 84
7904 85
7973 86
8013 87
8056 88
8102 89
8117 90
8453 91
8493 92
8543 93
8913 94
9001 95
9003 96
9057 97
9097 98
9216 99
9346 100
9391 101
9551 102
9728 103
9793 104
9824 105
9976 106
10143 107
10477 108
10674 109
10750 110
10846 111
10889 112
10902 113
11074 114
11278 115
11350 116
11861 117
11873 118
11940 119
12117 120
12182 121
12289 122
12375 123
12435 124
12553 125
12676 126
12721 127
12822 128
12888 129
12901 130
12988 131
13049 132
13103 133
13185 134
13285 135
13313 136
13314 137
13440 138
13492 139
13539 140
13680 141
13713 142
13765 143
13826 144
13888 145
14042 146
14083 147
14193 148
14329 149
14379 150
14602 151
14689 152
14700 153
14934 154
15080 155
15143 156
15148 157
15172 158
15305 159
15428 160
15442 161
15569 162
15705 163
15889 164
16113 165
16156 166
16168 167
16182 168
16376 169
16427 170
16513 171
16527 172
16625 173
16629 174
16840 175
17003 176
17077 177
17185 178
17253 179
17292 180
17308 181
17529 182
17725 183
17833 184
17951 185
18024 186
18319 187
18323 188
18393 189
18424 190
18437 191
18497 192
18641 193
18774 194
18805 195
18822 196
19085 197
19137 198
19422 199
19521 200
19605 201
19615 202
19615 203
19637 204
19639 205
19739 206
20181 207
20182 208
20197 209
20523 210
20549 211
20647 212
20900 213
20938 214
20990 215
21235 216
21374 217
21417 218
21453 219
21945 220
22014 221
22015 222
22113 223
22164 224
22184 225
22214 226
22578 227
22691 228
22757 229
22830 230
22854 231
23004 232
23057 233
23169 234
23190 235
23190 236
23231 237
23242 238
23258 239
23490 240
23874 241
23890 242
23898 243
23990 244
24225 245
24239 246
24282 247
24291 248
24340 249
24404 250
24498 251
24588 252
24810 253
24930 254
24986 255
25082 256
25202 257
25454 258
25460 259
25464 260
25491 261
25535 262
25626 263
25671 264
25747 265
25760 266
25838 267
26087 268
26182 269
26204 270
26460 271
26644 272
26690 273
26854 274
26872 275
26948 276
26951 277
27034 278
27294 279
27432 280
27746 281
27774 282
27898 283
27914 284
27992 285
28050 286
28063 287
28522 288
28570 289
28590 290
28732 291
28790 292
28798 293
29008 294
29019 295
29054 296
29172 297
29423 298
29428 299
29518 300
29606 301
29705 302
29736 303
29794 304
30190 305
30275 306
30277 307
30397 308
30520 309
30575 310
30851 311
30934 312
30987 313
31002 314
31018 315
31042 316
31063 317
31262 318
31318 319
31322 320
31546 321
31625 322
31827 323
32090 324
32139 325
32239 326
32430 327
32430 328
32435 329
32470 330
32555 331
32562 332
32611 333
32735 334
33085 335
33123 336
33315 337
33449 338
33690 339
33816 340
34040 341
34101 342
34300 343
34406 344
34589 345
34612 346
34680 347
34710 348
34711 349
34803 350
34993 351
35010 352
35433 353
35586 354
35847 355
35906 356
35915 357
35957 358
36034 359
36070 360
36092 361
36161 362
36168 363
36207 364
36222 365
36234 366
36266 367
36338 368
36659 369
36773 370
36774 371
36901 372
36998 373
37058 374
37126 375
37233 376
37306 377
37371 378
37395 379
37444 380
37513 381
37603 382
37674 383
37688 384
37707 385
38058 386
38130 387
38140 388
38169 389
38402 390
38498 391
38502 392
38513 393
38619 394
38842 395
38870 396
38899 397
39068 398
39118 399
39198 400
39269 401
39314 402
39316 403
39502 404
39561 405
39615 406
39616 407
39749 408
39863 409
39928 410
40145 411
40293 412
40599 413
40642 414
40726 415
40728 416
40794 417
40862 418
41097 419
41105 420
41106 421
41382 422
41423 423
41504 424
41686 425
41700 426
41783 427
41890 428
42030 429
42093 430
42134 431
42209 432
42274 433
42550 434
42562 435
43019 436
43044 437
43118 438
43205 439
43238 440
43703 441
43802 442
43917 443
43947 444
44101 445
44218 446
44228 447
44254 448
44326 449
44350 450
44570 451
44815 452
44918 453
45021 454
45104 455
45116 456
45282 457
45310 458
45324 459
45383 460
45611 461
45646 462
45890 463
45981 464
45983 465
46007 466
46146 467
46292 468
46362 469
46490 470
46565 471
46713 472
46944 473
46974 474
47101 475
47104 476
47398 477
47438 478
47618 479
47702 480
47708 481
47771 482
47812 483
47830 484
47899 485
47993 486
48002 487
48058 488
48296 489
48415 490
48423 491
48430 492
48518 493
48676 494
48758 495
48762 496
48771 497
48927 498
48931 499
48938 500
49115 501
49150 502
49228 503
49263 504
49333 505
49582 506
49664 507
49694 508
49746 509
49855 510
50377 511
50391 512
50457 513
50470 514
50513 515
50623 516
50645 517
50837 518
50954 519
51029 520
51066 521
51109 522
51116 523
51419 524
51566 525
51568 526
51722 527
51745 528
52095 529
52436 530
52450 531
52517 532
52525 533
52587 534
52708 535
52726 536
52895 537
53223 538
53315 539
53616 540
53618 541
53630 542
53723 543
53795 544
53825 545
53838 546
53844 547
53854 548
53959 549
53972 550
54147 551
54414 552
54414 553
54456 554
54509 555
54519 556
54730 557
54736 558
54748 559
54874 560
54907 561
55102 562
55122 563
55130 564
55253 565
55362 566
55636 567
55641 568
55745 569
55842 570
56107 571
56146 572
56186 573
56313 574
56385 575
56392 576
56598 577
56660 578
56682 579
56682 580
56733 581
56818 582
56831 583
56946 584
56989 585
57037 586
57051 587
57100 588
57201 589
57323 590
57408 591
57677 592
57732 593
57816 594
57944 595
58138 596
58398 597
58531 598
58618 599
58703 600
59120 601
59159 602
59301 603
59822 604
59990 605
60021 606
60210 607
60329 608
60398 609
60409 610
60542 611
60543 612
60655 613
60698 614
60854 615
60882 616
60932 617
60963 618
61029 619
61062 620
61122 621
61294 622
61393 623
61441 624
61542 625
61596 626
61694 627
61802 628
61869 629
61907 630
62077 631
62138 632
62214 633
62287 634
62338 635
62351 636
62466 637
62899 638
62982 639
63156 640
63157 641
63178 642
63208 643
63347 644
63658 645
63660 646
63732 647
63768 648
63895 649
64026 650
64031 651
64173 652
64247 653
64312 654
64562 655
64641 656
64878 657
64938 658
64995 659
65142 660
65164 661
65222 662
65263 663
65331 664
65529 665
65594 666
65651 667
65859 668
65956 669
65975 670
65990 671
65995 672
66023 673
66052 674
66122 675
66297 676
66360 677
66474 678
66650 679
66703 680
66790 681
66867 682
66886 683
66957 684
67080 685
67366 686
67389 687
67530 688
67602 689
67646 690
67665 691
67745 692
67767 693
67818 694
68039 695
68200 696
68586 697
68616 698
68631 699
68642 700
68713 701
68736 702
68970 703
68970 704
69100 705
69204 706
69218 707
69235 708
69345 709
69628 710
69752 711
69832 712
69838 713
69850 714
69866 715
70009 716
70318 717
70351 718
70372 719
70564 720
70722 721
70810 722
70838 723
71114 724
71259 725
71434 726
71476 727
71595 728
71603 729
71758 730
71818 731
72023 732
72129 733
72186 734
72215 735
72266 736
72267 737
72294 738
72329 739
72410 740
72428 741
72540 742
72588 743
72790 744
72797 745
72800 746
72829 747
72998 748
73176 749
73366 750
73384 751
73696 752
73725 753
73930 754
73942 755
74023 756
74032 757
74186 758
74311 759
74371 760
74472 761
74706 762
74902 763
75111 764
75258 765
75410 766
75478 767
75489 768
75496 769
75535 770
75558 771
75584 772
75599 773
75751 774
75787 775
75822 776
76042 777
76077 778
76136 779
76168 780
76291 781
76370 782
76374 783
76442 784
76649 785
76826 786
76950 787
77062 788
77085 789
77186 790
77210 791
77222 792
77346 793
77403 794
77475 795
77482 796
77613 797
77741 798
77890 799
77992 800
77998 801
78130 802
78255 803
78322 804
78540 805
78581 806
78691 807
78844 808
78966 809
78999 810
79028 811
79098 812
79115 813
79228 814
79350 815
79428 816
79475 817
79534 818
79695 819
79824 820
80175 821
80407 822
80497 823
80522 824
80533 825
80578 826
80708 827
80765 828
80778 829
80782 830
80866 831
80872 832
80902 833
80987 834
81059 835
81146 836
81262 837
81338 838
81398 839
81445 840
81461 841
81466 842
81625 843
81638 844
81658 845
81950 846
82053 847
82112 848
82168 849
82175 850
82398 851
82482 852
82760 853
82784 854
82860 855
82937 856
83006 857
83139 858
83150 859
83194 860
83294 861
83298 862
83398 863
83440 864
83480 865
83586 866
83602 867
83833 868
83842 869
83967 870
84074 871
84597 872
84670 873
84704 874
84707 875
84731 876
84734 877
84777 878
84928 879
84993 880
85078 881
85215 882
85248 883
85436 884
85466 885
85561 886
85582 887
85606 888
85693 889
85715 890
85806 891
85940 892
86028 893
86055 894
86106 895
86196 896
86303 897
86327 898
86467 899
86520 900
86695 901
86709 902
86837 903
87151 904
87262 905
87264 906
87330 907
87489 908
87680 909
87702 910
87794 911
87822 912
87887 913
87892 914
88111 915
88159 916
88173 917
88341 918
88348 919
88501 920
88526 921
88534 922
88540 923
88702 924
88753 925
88851 926
88894 927
88934 928
89265 929
89275 930
89285 931
89323 932
89338 933
89344 934
89665 935
89954 936
90288 937
90353 938
90519 939
90735 940
90778 941
90831 942
90959 943
91106 944
91135 945
91187 946
91228 947
91271 948
91273 949
91396 950
91655 951
91667 952
91784 953
91863 954
92135 955
92184 956
92203 957
92204 958
92367 959
92507 960
92659 961
92762 962
92763 963
92994 964
93120 965
93126 966
93291 967
93354 968
93517 969
93662 970
93681 971
93698 972
93735 973
93750 974
93799 975
93998 976
94420 977
94472 978
94555 979
94665 980
94731 981
94814 982
94827 983
94911 984
94958 985
94982 986
95214 987
95262 988
95478 989
95522 990
95525 991
95529 992
95568 993
95748 994
96123 995
96233 996
96260 997
96279 998
96291 999
96312 1000
96371 1001
96407 1002
96695 1003
96707 1004
96833 1005
96998 1006
96999 1007
97012 1008
97054 1009
97195 1010
97429 1011
97659 1012
97668 1013
97750 1014
97779 1015
97820 1016
97834 1017
97891 1018
98073 1019
98089 1020
98343 1021
98647 1022
98839 1023
98906 1024
98909 1025
98911 1026
99195 1027
99223 1028
99279 1029
99387 1030
99758 1031
99789 1032
99976 1033
100047 1034
100255 1035
100323 1036
100323 1037
100327 1038
100335 1039
100349 1040
100381 1041
100411 1042
100463 1043
100520 1044
100607 1045
100774 1046
100976 1047
101119 1048
101158 1049
101311 1050
101447 1051
101500 1052
101560 1053
101633 1054
101652 1055
101720 1056
101772 1057
101846 1058
102050 1059
102051 1060
102079 1061
102194 1062
102209 1063
102242 1064
102255 1065
102270 1066
102302 1067
102319 1068
102339 1069
102920 1070
103323 1071
103389 1072
103439 1073
103635 1074
103752 1075
103902 1076
104065 1077
104207 1078
104223 1079
104469 1080
104788 1081
104804 1082
105019 1083
105050 1084
105164 1085
105241 1086
105431 1087
105537 1088
105550 1089
105589 1090
105625 1091
105905 1092
106035 1093
106049 1094
106112 1095
106159 1096
106255 1097
106379 1098
106471 1099
106541 1100
106713 1101
106973 1102
107147 1103
107229 1104
107334 1105
107399 1106
107497 1107
107819 1108
107819 1109
108086 1110
108184 1111
108187 1112
108207 1113
108341 1114
108422 1115
108586 1116
108600 1117
108707 1118
108904 1119
108912 1120
109082 1121
109093 1122
109198 1123
109300 1124
109331 1125
109550 1126
109666 1127
109687 1128
109755 1129
110019 1130
110311 1131
110345 1132
110472 1133
110483 1134
110484 1135
110871 1136
110873 1137
110879 1138
110942 1139
111044 1140
111049 1141
111171 1142
111199 1143
111550 1144
111651 1145
111774 1146
111831 1147
111884 1148
111967 1149
112040 1150
112063 1151
112077 1152
112212 1153
112220 1154
112331 1155
112409 1156
112409 1157
112557 1158
112921 1159
112931 1160
113029 1161
113262 1162
113346 1163
113463 1164
113544 1165
113557 1166
113634 1167
113643 1168
114058 1169
114093 1170
114129 1171
114192 1172
114247 1173
114282 1174
114440 1175
114603 1176
114896 1177
114922 1178
115070 1179
115110 1180
115387 1181
115537 1182
115548 1183
115749 1184
115771 1185
115827 1186
115852 1187
115867 1188
115875 1189
115963 1190
116143 1191
116223 1192
116245 1193
116693 1194
116694 1195
116864 1196
116992 1197
117351 1198
117435 1199
117524 1200
117572 1201
117595 1202
117762 1203
117834 1204
118035 1205
118181 1206
118266 1207
118351 1208
118455 1209
118464 1210
118642 1211
118737 1212
118902 1213
118921 1214
118983 1215
119005 1216
119011 1217
119011 1218
119051 1219
119179 1220
119229 1221
119315 1222
119576 1223
119698 1224
119741 1225
119982 1226
120108 1227
120123 1228
120137 1229
120141 1230
120487 1231
120561 1232
120673 1233
120773 1234
121091 1235
121510 1236
121536 1237
121599 1238
121647 1239
121715 1240
121786 1241
121808 1242
121883 1243
121899 1244
121970 1245
122003 1246
122151 1247
122253 1248
122546 1249
122568 1250
122644 1251
122663 1252
122700 1253
122773 1254
122820 1255
122836 1256
122938 1257
123005 1258
123086 1259
123173 1260
123189 1261
123202 1262
123363 1263
123595 1264
123661 1265
123692 1266
123803 1267
123803 1268
123847 1269
123863 1270
123995 1271
124201 1272
124327 1273
124376 1274
124451 1275
124547 1276
124782 1277
124930 1278
124991 1279
125047 1280
125067 1281
125156 1282
125190 1283
125259 1284
125419 1285
125439 1286
125513 1287
125887 1288
126095 1289
126099 1290
126127 1291
126169 1292
126251 1293
126252 1294
126458 1295
126524 1296
126633 1297
126638 1298
126647 1299
126691 1300
127031 1301
127156 1302
127253 1303
127468 1304
127506 1305
127579 1306
127579 1307
127691 1308
127759 1309
127825 1310
127825 1311
127956 1312
128050 1313
128111 1314
128487 1315
128623 1316
128821 1317
128891 1318
128948 1319
129182 1320
129435 1321
129436 1322
129571 1323
129591 1324
129636 1325
129679 1326
129692 1327
129694 1328
129873 1329
129909 1330
129935 1331
129954 1332
129995 1333
130175 1334
130367 1335
130470 1336
130514 1337
130683 1338
130700 1339
130739 1340
130790 1341
131000 1342
131067 1343
131086 1344
131095 1345
131224 1346
131531 1347
131603 1348
131959 1349
132179 1350
132261 1351
132479 1352
132526 1353
132590 1354
132759 1355
132771 1356
132771 1357
132895 1358
132923 1359
132967 1360
132975 1361
133059 1362
133137 1363
133144 1364
133280 1365
133365 1366
133405 1367
133443 1368
133455 1369
133609 1370
133612 1371
133754 1372
133897 1373
134039 1374
134167 1375
134187 1376
134312 1377
134406 1378
134445 1379
134448 1380
134448 1381
134449 1382
134520 1383
134665 1384
134822 1385
134873 1386
134940 1387
135261 1388
135424 1389
135434 1390
135501 1391
135517 1392
135524 1393
135543 1394
135650 1395
135667 1396
135897 1397
136079 1398
136128 1399
136339 1400
136367 1401
136413 1402
136479 1403
136682 1404
136727 1405
136759 1406
136834 1407
136950 1408
136979 1409
137344 1410
137373 1411
137697 1412
137703 1413
137843 1414
138124 1415
138183 1416
138280 1417
138434 1418
138473 1419
138527 1420
138773 1421
138810 1422
138822 1423
138954 1424
138955 1425
139171 1426
139172 1427
139224 1428
139237 1429
139289 1430
139294 1431
139306 1432
139319 1433
139597 1434
139635 1435
139815 1436
139967 1437
140082 1438
140256 1439
140379 1440
140490 1441
140502 1442
140506 1443
140599 1444
140633 1445
140639 1446
140641 1447
140666 1448
140670 1449
141299 1450
141354 1451
141463 1452
141793 1453
141820 1454
142144 1455
142198 1456
142239 1457
142539 1458
142545 1459
142633 1460
142641 1461
142699 1462
143224 1463
143411 1464
143576 1465
143631 1466
143639 1467
143654 1468
143783 1469
143817 1470
143827 1471
144075 1472
144081 1473
144084 1474
144139 1475
144394 1476
144759 1477
144760 1478
144791 1479
144842 1480
144895 1481
145132 1482
145258 1483
145267 1484
145307 1485
145447 1486
145571 1487
145639 1488
145775 1489
146010 1490
146229 1491
146242 1492
146297 1493
146321 1494
146615 1495
146625 1496
146708 1497
146757 1498
146782 1499
146901 1500
146901 1501
147051 1502
147065 1503
147133 1504
147135 1505
147357 1506
147423 1507
147424 1508
147542 1509
147562 1510
147663 1511
147739 1512
147745 1513
147811 1514
147899 1515
147930 1516
148055 1517
148206 1518
148232 1519
148247 1520
148438 1521
148523 1522
148632 1523
148722 1524
148815 1525
148823 1526
148824 1527
148838 1528
148854 1529
149111 1530
149320 1531
149551 1532
149636 1533
149708 1534
149729 1535
149732 1536
149745 1537
149826 1538
149826 1539
149921 1540
150087 1541
150362 1542
150759 1543
150760 1544
150841 1545
151093 1546
151131 1547
151159 1548
151406 1549
151442 1550
151686 1551
151695 1552
151761 1553
151840 1554
151871 1555
151886 1556
151971 1557
152017 1558
152063 1559
152404 1560
152615 1561
152627 1562
152672 1563
152890 1564
153142 1565
153432 1566
153437 1567
153498 1568
153561 1569
153591 1570
153700 1571
153767 1572
153804 1573
153870 1574
154056 1575
154127 1576
154131 1577
154204 1578
154219 1579
154303 1580
154334 1581
154434 1582
154436 1583
154467 1584
154544 1585
154837 1586
155021 1587
155347 1588
155403 1589
155403 1590
155425 1591
155510 1592
155526 1593
155644 1594
155656 1595
155824 1596
156048 1597
156209 1598
156324 1599
156391 1600
156527 1601
156691 1602
156855 1603
156940 1604
157004 1605
157216 1606
157301 1607
157395 1608
157446 1609
157531 1610
157533 1611
157579 1612
157749 1613
158057 1614
158175 1615
158211 1616
158327 1617
158339 1618
158419 1619
158444 1620
158587 1621
158674 1622
159000 1623
159233 1624
159288 1625
159515 1626
159532 1627
159559 1628
159652 1629
159704 1630
159728 1631
159742 1632
159753 1633
159783 1634
159960 1635
160157 1636
160400 1637
160428 1638
160659 1639
160687 1640
161012 1641
161071 1642
161375 1643
161401 1644
161480 1645
161580 1646
161624 1647
161712 1648
161720 1649
161937 1650
161952 1651
161968 1652
162111 1653
162130 1654
162195 1655
162301 1656
162312 1657
162487 1658
162528 1659
162592 1660
163018 1661
163061 1662
163062 1663
163072 1664
163329 1665
163330 1666
163339 1667
163380 1668
163401 1669
163451 1670
163462 1671
163479 1672
163679 1673
163724 1674
163997 1675
164164 1676
164316 1677
164492 1678
164543 1679
165087 1680
165094 1681
165104 1682
165161 1683
165193 1684
165341 1685
165360 1686
165365 1687
165428 1688
165622 1689
165728 1690
165796 1691
165862 1692
165948 1693
165992 1694
166274 1695
166289 1696
166455 1697
166472 1698
166472 1699
166635 1700
166812 1701
166935 1702
167448 1703
167472 1704
167668 1705
167704 1706
167816 1707
167828 1708
167889 1709
168112 1710
168129 1711
168200 1712
168436 1713
168600 1714
168691 1715
168792 1716
169153 1717
169242 1718
169436 1719
169542 1720
169811 1721
169820 1722
169945 1723
170036 1724
170264 1725
170605 1726
170613 1727
170720 1728
170755 1729
170799 1730
170920 1731
170995 1732
171090 1733
171213 1734
171377 1735
171477 1736
171479 1737
171524 1738
171535 1739
171588 1740
171673 1741
171752 1742
171769 1743
171964 1744
172254 1745
172267 1746
172284 1747
172308 1748
172361 1749
172532 1750
172538 1751
172664 1752
172696 1753
172900 1754
173172 1755
173209 1756
173256 1757
173287 1758
173288 1759
173360 1760
173538 1761
173660 1762
173789 1763
173872 1764
173888 1765
174156 1766
174420 1767
174475 1768
174757 1769
174888 1770
174891 1771
174953 1772
175080 1773
175138 1774
175197 1775
175366 1776
175501 1777
175753 1778
175759 1779
175801 1780
175956 1781
176133 1782
176148 1783
176166 1784
176243 1785
176421 1786
176478 1787
176579 1788
176600 1789
176668 1790
176848 1791
176856 1792
176906 1793
176918 1794
176995 1795
177088 1796
177184 1797
177188 1798
177200 1799
177207 1800
177260 1801
177347 1802
177365 1803
177387 1804
177504 1805
177508 1806
177638 1807
177902 1808
177972 1809
178344 1810
178435 1811
178460 1812
178475 1813
178818 1814
178852 1815
178896 1816
179219 1817
179309 1818
179344 1819
179360 1820
179456 1821
179468 1822
179625 1823
179896 1824
179896 1825
179964 1826
180156 1827
180184 1828
180327 1829
180387 1830
180430 1831
180499 1832
180585 1833
180690 1834
180694 1835
181118 1836
181204 1837
181207 1838
181268 1839
181330 1840
181668 1841
181753 1842
181797 1843
182028 1844
182046 1845
182062 1846
182340 1847
182343 1848
182537 1849
182780 1850
182792 1851
182875 1852
183021 1853
183093 1854
183156 1855
183163 1856
183177 1857
183264 1858
183288 1859
183569 1860
183823 1861
183879 1862
183932 1863
184022 1864
184317 1865
184640 1866
184648 1867
184657 1868
184721 1869
184732 1870
185006 1871
185500 1872
185686 1873
185980 1874
186132 1875
186279 1876
186488 1877
186497 1878
186682 1879
186724 1880
186743 1881
186964 1882
187057 1883
187507 1884
187509 1885
187538 1886
187611 1887
187714 1888
187922 1889
188107 1890
188223 1891
188345 1892
188469 1893
188650 1894
188825 1895
188834 1896
188949 1897
188951 1898
188999 1899
189124 1900
189171 1901
189230 1902
189388 1903
189395 1904
189470 1905
189764 1906
189765 1907
189840 1908
189943 1909
190372 1910
190427 1911
190493 1912
190573 1913
190580 1914
190959 1915
190977 1916
191032 1917
191311 1918
191339 1919
191525 1920
191823 1921
191856 1922
192262 1923
192341 1924
192516 1925
192557 1926
192628 1927
192737 1928
192740 1929
193096 1930
193119 1931
193294 1932
193355 1933
193588 1934
193628 1935
193688 1936
194030 1937
194035 1938
194080 1939
194215 1940
194220 1941
194248 1942
194311 1943
194325 1944
194589 1945
194599 1946
194604 1947
194800 1948
194853 1949
194926 1950
194981 1951
195029 1952
195046 1953
195079 1954
195094 1955
195147 1956
195159 1957
195318 1958
195326 1959
195339 1960
