282 1
406 2
781 3
871 4
1054 5
1094 6
1095 7
1112 8
1121 9
1179 10
1364 11
1395 12
1463 13
1500 14
1647 15
1654 16
1736 17
1752 18
1898 19
1906 20
1973 21
1974 22
2227 23
2235 24
2451 25
2507 26
2532 27
2556 28
2634 29
2758 30
2963 31
2967 32
3067 33
3174 34
3341 35
3453 36
3710 37
3762 38
3985 39
3987 40
4283 41
4582 42
4693 43
4707 44
4771 45
4771 46
4771 47
4806 48
4811 49
4811 50
4895 51
4942 52
5011 53
5036 54
5128 55
5188 56
5199 57
5319 58
5479 59
5532 60
5859 61
5900 62
5979 63
6063 64
6251 65
6403 66
6422 67
6428 68
6541 69
6543 70
6642 71
6747 72
6942 73
6957 74
7035 75
7042 76
7536 77
7543 78
7754 79
7764 80
8095 81
8157 82
8166 83
8268 84
8268 85
8359 86
8404 87
8405 88
8479 89
8499 90
8671 91
9103 92
9106 93
9303 94
9343 95
9504 96
9513 97
9799 98
9800 99
9837 100
9842 101
9882 102
9908 103
10123 104
10130 105
10392 106
10700 107
10702 108
10713 109
10826 110
10994 111
11120 112
11327 113
11461 114
11531 115
11547 116
11735 117
11735 118
11747 119
11773 120
11860 121
11876 122
12103 123
12180 124
12366 125
12441 126
12520 127
12568 128
12713 129
12733 130
12824 131
12835 132
12944 133
13202 134
13658 135
13659 136
13673 137
13687 138
13723 139
13919 140
13998 141
14049 142
14236 143
14305 144
14355 145
14428 146
14455 147
14515 148
14699 149
14736 150
15111 151
15137 152
15151 153
15153 154
15172 155
15334 156
15359 157
15398 158
15399 159
15905 160
15935 161
16056 162
16159 163
16251 164
16265 165
16307 166
16337 167
16387 168
16390 169
16448 170
16510 171
16605 172
16879 173
17190 174
17263 175
17266 176
17718 177
17791 178
17795 179
17908 180
17961 181
17996 182
18417 183
18435 184
18479 185
18504 186
18510 187
18529 188
18748 189
19067 190
19159 191
19545 192
19757 193
19767 194
19779 195
19841 196
19848 197
19911 198
19916 199
19943 200
19975 201
19988 202
20055 203
20204 204
20231 205
20426 206
20479 207
20513 208
20593 209
20601 210
20809 211
20875 212
21055 213
21095 214
21139 215
21139 216
21203 217
21339 218
21343 219
21510 220
21610 221
21635 222
21688 223
21832 224
21879 225
22076 226
22132 227
22143 228
22187 229
22419 230
22442 231
22452 232
22456 233
22625 234
22635 235
22712 236
22816 237
22867 238
22877 239
22971 240
23137 241
23349 242
23702 243
23720 244
23841 245
23996 246
24039 247
24051 248
24220 249
24345 250
24352 251
24452 252
24499 253
24680 254
24695 255
24763 256
24914 257
24931 258
24992 259
25060 260
25092 261
25184 262
25218 263
25404 264
25425 265
25621 266
25772 267
25921 268
25930 269
25953 270
26058 271
26132 272
26136 273
26236 274
26300 275
26301 276
26327 277
26329 278
26342 279
26591 280
26788 281
26885 282
26895 283
27023 284
27289 285
27293 286
27349 287
27366 288
27399 289
27455 290
27918 291
27956 292
27996 293
28008 294
28233 295
28568 296
28691 297
28722 298
28734 299
28843 300
28880 301
28934 302
29107 303
29111 304
29115 305
29136 306
29142 307
29721 308
29831 309
29847 310
29882 311
29905 312
29908 313
29927 314
29937 315
29981 316
30023 317
30046 318
30231 319
30299 320
30491 321
30507 322
30586 323
30663 324
30779 325
30888 326
30892 327
30919 328
30950 329
31020 330
31049 331
31249 332
31307 333
31412 334
31479 335
31672 336
31699 337
31783 338
31848 339
31920 340
32094 341
32165 342
32220 343
32523 344
32580 345
32811 346
32825 347
32827 348
32848 349
32962 350
33005 351
33012 352
33113 353
33487 354
33524 355
33659 356
33750 357
33942 358
34032 359
34034 360
34088 361
34656 362
34673 363
34771 364
34784 365
34814 366
34826 367
34860 368
34927 369
35040 370
35145 371
35187 372
35191 373
35318 374
35502 375
35568 376
35682 377
35931 378
35942 379
35951 380
35975 381
36249 382
36310 383
36536 384
36566 385
36575 386
36626 387
36669 388
36704 389
36994 390
37042 391
37103 392
37314 393
37579 394
37686 395
37783 396
37898 397
38053 398
38105 399
38155 400
38166 401
38276 402
38396 403
38599 404
38663 405
38808 406
38811 407
38857 408
38895 409
39032 410
39036 411
39170 412
39274 413
39359 414
39499 415
39646 416
39681 417
39953 418
40135 419
40391 420
40413 421
40419 422
40610 423
40615 424
40819 425
40890 426
40994 427
41028 428
41065 429
41201 430
41215 431
41247 432
41325 433
41818 434
41907 435
42055 436
42099 437
42178 438
42231 439
42280 440
42343 441
42464 442
42467 443
42506 444
42658 445
42823 446
42963 447
43116 448
43198 449
43350 450
43351 451
43356 452
43644 453
43672 454
44086 455
44349 456
44539 457
44736 458
44759 459
44776 460
44834 461
45064 462
45130 463
45459 464
45524 465
45587 466
45696 467
45754 468
45889 469
45952 470
46174 471
46229 472
46260 473
46278 474
46366 475
46400 476
46591 477
46683 478
46866 479
47053 480
47290 481
47451 482
47463 483
47488 484
47491 485
47676 486
47727 487
47853 488
47979 489
48034 490
48040 491
48372 492
48403 493
48405 494
48484 495
48579 496
48801 497
48809 498
49029 499
49167 500
49187 501
49190 502
49279 503
49387 504
49404 505
49499 506
49675 507
49759 508
49827 509
49867 510
49976 511
50020 512
50254 513
50299 514
50445 515
50623 516
50803 517
50859 518
50871 519
51009 520
51034 521
51173 522
51229 523
51363 524
51390 525
51626 526
51736 527
51745 528
51777 529
52075 530
52091 531
52096 532
52175 533
52323 534
52471 535
52567 536
52615 537
52635 538
52750 539
52834 540
52888 541
52890 542
53169 543
53352 544
53362 545
53394 546
53423 547
53748 548
53807 549
53840 550
53919 551
54071 552
54207 553
54235 554
54322 555
54367 556
54593 557
54701 558
54786 559
54860 560
54947 561
54997 562
55083 563
55143 564
55244 565
55479 566
55551 567
55635 568
55759 569
55862 570
55895 571
55982 572
56183 573
56325 574
56455 575
56505 576
56541 577
56579 578
56623 579
56653 580
56735 581
56879 582
57065 583
57125 584
57131 585
57180 586
57365 587
57398 588
57435 589
57544 590
57665 591
57699 592
58183 593
58215 594
58225 595
58336 596
58381 597
58452 598
58587 599
58699 600
58709 601
58818 602
58970 603
58989 604
59692 605
59993 606
60040 607
60139 608
60252 609
60312 610
60781 611
60883 612
60945 613
61072 614
61140 615
61167 616
61424 617
61429 618
61567 619
61708 620
61717 621
61805 622
61819 623
61832 624
62013 625
62066 626
62103 627
62151 628
62176 629
62221 630
62360 631
62437 632
62537 633
62559 634
62695 635
62883 636
62920 637
63159 638
63177 639
63200 640
63216 641
63270 642
63380 643
63552 644
63628 645
63807 646
64140 647
64186 648
64287 649
64299 650
64361 651
64440 652
64443 653
64465 654
64482 655
64487 656
64672 657
64762 658
64862 659
65016 660
65125 661
65158 662
65198 663
65344 664
65389 665
65412 666
65522 667
65539 668
65603 669
65620 670
65652 671
65784 672
65839 673
65847 674
65852 675
66072 676
66085 677
66622 678
66624 679
66647 680
66658 681
66718 682
66765 683
66840 684
66904 685
66936 686
66952 687
67048 688
67093 689
67212 690
67258 691
67361 692
67450 693
67511 694
67724 695
67801 696
67911 697
67957 698
67957 699
68105 700
68462 701
68467 702
68515 703
68624 704
68712 705
68735 706
68748 707
68835 708
68870 709
68905 710
68940 711
68944 712
69355 713
69462 714
69574 715
69611 716
69920 717
70049 718
70143 719
70260 720
70304 721
70313 722
70327 723
70544 724
70639 725
70668 726
70704 727
70880 728
71072 729
71124 730
71433 731
71484 732
71610 733
71649 734
71855 735
71962 736
71990 737
72445 738
72896 739
72990 740
73010 741
73014 742
73195 743
73354 744
73664 745
73776 746
73816 747
73828 748
74034 749
74128 750
74187 751
74256 752
74308 753
74374 754
74639 755
74681 756
74742 757
74954 758
75077 759
75104 760
75344 761
75388 762
75532 763
75629 764
75665 765
75851 766
75864 767
75902 768
75950 769
75975 770
75986 771
76069 772
76151 773
76152 774
76343 775
76400 776
76744 777
76776 778
76777 779
76872 780
77224 781
77235 782
77334 783
77361 784
77397 785
77398 786
77469 787
77592 788
77646 789
77810 790
77890 791
77910 792
78031 793
78085 794
78261 795
78657 796
78992 797
79225 798
79309 799
79448 800
79596 801
79694 802
79758 803
79776 804
80137 805
80199 806
80201 807
80337 808
80383 809
80422 810
80433 811
80600 812
80628 813
80694 814
80722 815
80770 816
80808 817
80834 818
80835 819
80844 820
80937 821
81005 822
81064 823
81152 824
81163 825
81301 826
81464 827
81545 828
81589 829
81593 830
81601 831
81623 832
81683 833
81827 834
81932 835
81933 836
81942 837
82028 838
82047 839
82119 840
82235 841
82316 842
82355 843
82525 844
82605 845
82655 846
82705 847
82942 848
83082 849
83310 850
83312 851
83387 852
83404 853
83725 854
83770 855
83906 856
84060 857
84144 858
84166 859
84509 860
84596 861
84871 862
84884 863
84911 864
84930 865
84930 866
85018 867
85047 868
85159 869
85204 870
85255 871
85300 872
85461 873
85503 874
85535 875
85564 876
85685 877
85749 878
85793 879
85804 880
86012 881
86019 882
86079 883
86130 884
86171 885
86265 886
86337 887
86502 888
86566 889
86579 890
86641 891
86808 892
86977 893
87051 894
87139 895
87245 896
87412 897
87564 898
87663 899
87688 900
87736 901
88125 902
88213 903
88237 904
88496 905
88512 906
88619 907
88634 908
88680 909
88727 910
88879 911
88885 912
88948 913
89022 914
89239 915
89296 916
89370 917
89500 918
89763 919
89776 920
89785 921
89879 922
89969 923
90160 924
90220 925
90354 926
90439 927
90489 928
90716 929
91176 930
91216 931
91228 932
91228 933
91232 934
91306 935
91366 936
91474 937
91511 938
91558 939
91676 940
91803 941
91828 942
91873 943
91906 944
92093 945
92219 946
92228 947
92299 948
92658 949
92662 950
92781 951
92793 952
92918 953
92987 954
93020 955
93036 956
93042 957
93124 958
93189 959
93290 960
93465 961
93540 962
93660 963
93729 964
94148 965
94163 966
94826 967
94833 968
94950 969
94969 970
94970 971
95142 972
95145 973
95662 974
95669 975
95897 976
95996 977
96188 978
96325 979
96394 980
96465 981
96515 982
96956 983
96966 984
97042 985
97404 986
97416 987
97432 988
97497 989
98154 990
98188 991
98201 992
98256 993
98288 994
98385 995
98400 996
98448 997
98603 998
99010 999
99059 1000
99132 1001
99265 1002
99397 1003
99507 1004
99544 1005
99549 1006
99679 1007
99739 1008
99791 1009
99985 1010
100043 1011
100172 1012
100220 1013
100415 1014
100517 1015
100565 1016
100776 1017
100802 1018
100870 1019
100892 1020
101028 1021
101081 1022
101440 1023
101448 1024
101454 1025
101650 1026
101983 1027
102079 1028
102330 1029
102518 1030
102559 1031
102621 1032
102763 1033
102866 1034
103004 1035
103241 1036
103242 1037
103596 1038
103657 1039
103813 1040
103861 1041
103928 1042
103955 1043
103965 1044
103982 1045
104080 1046
104114 1047
104196 1048
104368 1049
104689 1050
104724 1051
104952 1052
105025 1053
105134 1054
105317 1055
105448 1056
105449 1057
105464 1058
105651 1059
105656 1060
105816 1061
105819 1062
106072 1063
106242 1064
106476 1065
106557 1066
106600 1067
106649 1068
106716 1069
106792 1070
106798 1071
106963 1072
107000 1073
107028 1074
107084 1075
107094 1076
107149 1077
107415 1078
107615 1079
107767 1080
107823 1081
107848 1082
107986 1083
108138 1084
108198 1085
108466 1086
108484 1087
108496 1088
108515 1089
108564 1090
108576 1091
108948 1092
109129 1093
109257 1094
109306 1095
109390 1096
109614 1097
109621 1098
109987 1099
109990 1100
109996 1101
110030 1102
110048 1103
110094 1104
110103 1105
110113 1106
110280 1107
110483 1108
111073 1109
111138 1110
111262 1111
111316 1112
111388 1113
111496 1114
111707 1115
111856 1116
111861 1117
111868 1118
112048 1119
112170 1120
112240 1121
112436 1122
112516 1123
112587 1124
112595 1125
112656 1126
112793 1127
112816 1128
113352 1129
113379 1130
113724 1131
113952 1132
114304 1133
114492 1134
114640 1135
114836 1136
114836 1137
114902 1138
115066 1139
115108 1140
115290 1141
115377 1142
115425 1143
115596 1144
115654 1145
115656 1146
115750 1147
115760 1148
115824 1149
116031 1150
116041 1151
116057 1152
116301 1153
116320 1154
116436 1155
116441 1156
116498 1157
116647 1158
116665 1159
117156 1160
117178 1161
117237 1162
117376 1163
117429 1164
117446 1165
117582 1166
117608 1167
117750 1168
117813 1169
117975 1170
118228 1171
118229 1172
118281 1173
118374 1174
118521 1175
118527 1176
118544 1177
118615 1178
118726 1179
118748 1180
118926 1181
118928 1182
118986 1183
119091 1184
119304 1185
119383 1186
119532 1187
119643 1188
119780 1189
119811 1190
120080 1191
120081 1192
120093 1193
120121 1194
120420 1195
120425 1196
120563 1197
120644 1198
120645 1199
120695 1200
120749 1201
120780 1202
120790 1203
120940 1204
121129 1205
121151 1206
121289 1207
121300 1208
121400 1209
121439 1210
121480 1211
121524 1212
121562 1213
121683 1214
121836 1215
121875 1216
121933 1217
121977 1218
122009 1219
122048 1220
122116 1221
122128 1222
122197 1223
122358 1224
122378 1225
122386 1226
122592 1227
122592 1228
122725 1229
122740 1230
122839 1231
122860 1232
122972 1233
123009 1234
123015 1235
123034 1236
123420 1237
123472 1238
123607 1239
123677 1240
123691 1241
123828 1242
123924 1243
124124 1244
124169 1245
124261 1246
124420 1247
124424 1248
124489 1249
124528 1250
124653 1251
124714 1252
124958 1253
125012 1254
125438 1255
125509 1256
125696 1257
125811 1258
125892 1259
126297 1260
126349 1261
126438 1262
126855 1263
127023 1264
127127 1265
127276 1266
127635 1267
127831 1268
127920 1269
128146 1270
128154 1271
128243 1272
128287 1273
128615 1274
128717 1275
128717 1276
128886 1277
129021 1278
129052 1279
129149 1280
129150 1281
129169 1282
129278 1283
129304 1284
129431 1285
129500 1286
129521 1287
129637 1288
129658 1289
129729 1290
129833 1291
130012 1292
130027 1293
130128 1294
130417 1295
130676 1296
130705 1297
130792 1298
130935 1299
131000 1300
131004 1301
131088 1302
131171 1303
131347 1304
131462 1305
131627 1306
131692 1307
131899 1308
131900 1309
131911 1310
131945 1311
131980 1312
132048 1313
132056 1314
132057 1315
132256 1316
132614 1317
132626 1318
132725 1319
132725 1320
132763 1321
132910 1322
133092 1323
133221 1324
133250 1325
133395 1326
133441 1327
133499 1328
133533 1329
133797 1330
133804 1331
133862 1332
133897 1333
134095 1334
134136 1335
134152 1336
134205 1337
134219 1338
134220 1339
134254 1340
134355 1341
134617 1342
134829 1343
134880 1344
134920 1345
134949 1346
134973 1347
135210 1348
135216 1349
135235 1350
135236 1351
135245 1352
135246 1353
135318 1354
135581 1355
135633 1356
135657 1357
135775 1358
135806 1359
135888 1360
135982 1361
136094 1362
136265 1363
136303 1364
136377 1365
136690 1366
136718 1367
136740 1368
137011 1369
137061 1370
137091 1371
137259 1372
137261 1373
137276 1374
137440 1375
137441 1376
137489 1377
137578 1378
137834 1379
137840 1380
138024 1381
138109 1382
138111 1383
138133 1384
138325 1385
138400 1386
138409 1387
138586 1388
138601 1389
138626 1390
138627 1391
138665 1392
138704 1393
138774 1394
138878 1395
138929 1396
139080 1397
139325 1398
139476 1399
139770 1400
139832 1401
139852 1402
139857 1403
140037 1404
140147 1405
140166 1406
140218 1407
140282 1408
140292 1409
140588 1410
140834 1411
140993 1412
141255 1413
141261 1414
141401 1415
141466 1416
141562 1417
141585 1418
141585 1419
141605 1420
141701 1421
141730 1422
141737 1423
142191 1424
142348 1425
142376 1426
142417 1427
142417 1428
142479 1429
142654 1430
142670 1431
142672 1432
142841 1433
142867 1434
142882 1435
143014 1436
143067 1437
143078 1438
143109 1439
143127 1440
143182 1441
143546 1442
143546 1443
144020 1444
144307 1445
144328 1446
144364 1447
144368 1448
144371 1449
144376 1450
144411 1451
144477 1452
144592 1453
144596 1454
144713 1455
144713 1456
145129 1457
145325 1458
145390 1459
145420 1460
145489 1461
145501 1462
145531 1463
145672 1464
145781 1465
145979 1466
146097 1467
146149 1468
146230 1469
146413 1470
146481 1471
146520 1472
146532 1473
146599 1474
146821 1475
146887 1476
146922 1477
147104 1478
147187 1479
147237 1480
147469 1481
147588 1482
147588 1483
147592 1484
147711 1485
147965 1486
148010 1487
148209 1488
148373 1489
148378 1490
148412 1491
148413 1492
148466 1493
148536 1494
148664 1495
148819 1496
148954 1497
149045 1498
149069 1499
149113 1500
149166 1501
149245 1502
149296 1503
149505 1504
149813 1505
149818 1506
149883 1507
149921 1508
150297 1509
150390 1510
150390 1511
150558 1512
150559 1513
150609 1514
150715 1515
150717 1516
150726 1517
150760 1518
150782 1519
150959 1520
151195 1521
151248 1522
151512 1523
151526 1524
151595 1525
151603 1526
151652 1527
151748 1528
151777 1529
151779 1530
151826 1531
151860 1532
152115 1533
152143 1534
152256 1535
152336 1536
152421 1537
152570 1538
152593 1539
152599 1540
152609 1541
152693 1542
152717 1543
152939 1544
153072 1545
153110 1546
153110 1547
153204 1548
153429 1549
153797 1550
153802 1551
153912 1552
153948 1553
153982 1554
154111 1555
154122 1556
154193 1557
154197 1558
154217 1559
154262 1560
154541 1561
154598 1562
154685 1563
154906 1564
155063 1565
155081 1566
155252 1567
155332 1568
155464 1569
155465 1570
155476 1571
155511 1572
155726 1573
155869 1574
155874 1575
156031 1576
156126 1577
156221 1578
156413 1579
156434 1580
156454 1581
156468 1582
156468 1583
156531 1584
156562 1585
156757 1586
156791 1587
156933 1588
157089 1589
157166 1590
157200 1591
157313 1592
157348 1593
157353 1594
157530 1595
157546 1596
157869 1597
157905 1598
158164 1599
158170 1600
158281 1601
158377 1602
158537 1603
158683 1604
158760 1605
158789 1606
158952 1607
159131 1608
159167 1609
159277 1610
159682 1611
159966 1612
160133 1613
160137 1614
160148 1615
160254 1616
160337 1617
160425 1618
160481 1619
160498 1620
160504 1621
160518 1622
160678 1623
160763 1624
160873 1625
160889 1626
161125 1627
161249 1628
161809 1629
161835 1630
161905 1631
162086 1632
162132 1633
162147 1634
162152 1635
162161 1636
162163 1637
162215 1638
162235 1639
162317 1640
162329 1641
162377 1642
162624 1643
162729 1644
162743 1645
162884 1646
162928 1647
162977 1648
162988 1649
163253 1650
163293 1651
163470 1652
163473 1653
163617 1654
163745 1655
163825 1656
163867 1657
163925 1658
164122 1659
164308 1660
164314 1661
164405 1662
164450 1663
164469 1664
164569 1665
164573 1666
164742 1667
164859 1668
164859 1669
164947 1670
165229 1671
165301 1672
165351 1673
165418 1674
165699 1675
165901 1676
165957 1677
165973 1678
166261 1679
166272 1680
166453 1681
166738 1682
166780 1683
166955 1684
167072 1685
167169 1686
167193 1687
167379 1688
167421 1689
167427 1690
167486 1691
167491 1692
167633 1693
167709 1694
167786 1695
167790 1696
167792 1697
167810 1698
168067 1699
168121 1700
168176 1701
168226 1702
168249 1703
168255 1704
168265 1705
168276 1706
168390 1707
168531 1708
168536 1709
168621 1710
168825 1711
168827 1712
168836 1713
169049 1714
