70 1
178 2
346 3
502 4
598 5
666 6
771 7
771 8
981 9
1027 10
1068 11
1115 12
1196 13
1718 14
1804 15
1841 16
1849 17
1928 18
1944 19
1965 20
2032 21
2155 22
2262 23
2594 24
2654 25
2692 26
2775 27
2826 28
2950 29
2953 30
3114 31
3213 32
3293 33
3320 34
3400 35
3410 36
3430 37
3662 38
3690 39
3818 40
4353 41
4396 42
4412 43
4412 44
4433 45
4729 46
4803 47
5138 48
5242 49
5242 50
5250 51
5711 52
5858 53
6000 54
6002 55
6054 56
6078 57
6394 58
6394 59
6422 60
6450 61
6619 62
6658 63
6807 64
6897 65
6937 66
7026 67
7062 68
7083 69
7362 70
7478 71
7829 72
7831 73
7894 74
7910 75
7912 76
8011 77
8011 78
8052 79
8110 80
8137 81
8174 82
8278 83
8510 84
8921 85
9242 86
9258 87
9273 88
9377 89
9596 90
9623 91
9821 92
10183 93
10403 94
10410 95
10464 96
10643 97
10692 98
10692 99
10874 100
10879 101
10884 102
10912 103
11030 104
11090 105
11464 106
11515 107
11577 108
11618 109
11630 110
11835 111
11982 112
12054 113
12243 114
12389 115
12440 116
12794 117
12908 118
12908 119
12952 120
13089 121
13134 122
13166 123
13418 124
13513 125
13552 126
13708 127
13740 128
13851 129
13861 130
13962 131
14086 132
14126 133
14196 134
14278 135
14280 136
14358 137
14449 138
14496 139
14536 140
14607 141
14823 142
15055 143
15091 144
15234 145
15254 146
15268 147
15593 148
15683 149
15692 150
15762 151
15897 152
16000 153
16001 154
16048 155
16058 156
16113 157
16115 158
16118 159
16226 160
16288 161
16347 162
16639 163
16706 164
16707 165
16786 166
16846 167
17038 168
17090 169
17301 170
17546 171
17586 172
17739 173
17938 174
17940 175
18094 176
18199 177
18391 178
18472 179
18592 180
18726 181
18854 182
18937 183
18954 184
19067 185
19149 186
19312 187
19471 188
19758 189
19758 190
19808 191
19823 192
19963 193
20063 194
20098 195
20522 196
20528 197
20541 198
20750 199
20818 200
20843 201
21113 202
21173 203
21385 204
21386 205
21558 206
21650 207
21865 208
21894 209
21904 210
21917 211
21928 212
21997 213
22127 214
22130 215
22223 216
22317 217
22334 218
22466 219
22572 220
22580 221
22659 222
22666 223
22678 224
22772 225
22895 226
23158 227
23202 228
23322 229
23336 230
23412 231
23578 232
23621 233
23623 234
23818 235
24007 236
24069 237
24091 238
24162 239
24164 240
24189 241
24228 242
24314 243
24314 244
24397 245
24454 246
24490 247
24523 248
24528 249
24559 250
24698 251
24807 252
24832 253
24856 254
24874 255
24977 256
24983 257
25120 258
25244 259
25252 260
25410 261
25478 262
25618 263
25656 264
25837 265
25974 266
26001 267
26010 268
26092 269
26180 270
26232 271
26234 272
26298 273
26320 274
26355 275
26408 276
26413 277
26435 278
26584 279
26768 280
26814 281
26894 282
26968 283
27125 284
27154 285
27333 286
27521 287
27566 288
27595 289
27691 290
27710 291
27758 292
27866 293
27907 294
27915 295
28393 296
28582 297
28722 298
28759 299
28804 300
28955 301
28975 302
29041 303
29182 304
29184 305
29213 306
29295 307
29305 308
29382 309
29685 310
29736 311
29841 312
29914 313
29925 314
29997 315
30090 316
30122 317
30158 318
30519 319
30574 320
30641 321
30660 322
30775 323
30807 324
30966 325
31170 326
31205 327
31254 328
31262 329
31306 330
31326 331
31413 332
31609 333
31619 334
31638 335
31647 336
31714 337
31850 338
31857 339
32083 340
32120 341
32430 342
32553 343
32605 344
32610 345
32691 346
32773 347
32828 348
33034 349
33086 350
33170 351
33369 352
33577 353
33638 354
33639 355
33963 356
33966 357
34078 358
34298 359
34452 360
34461 361
34513 362
34609 363
34622 364
34692 365
34886 366
34968 367
34970 368
35132 369
35160 370
35298 371
35332 372
35364 373
35390 374
35414 375
35445 376
35786 377
35794 378
35845 379
35928 380
36189 381
36221 382
36245 383
36330 384
36528 385
36684 386
36727 387
36796 388
36846 389
36897 390
36946 391
37101 392
37357 393
37551 394
37618 395
37662 396
37670 397
37762 398
37782 399
37805 400
38008 401
38088 402
38156 403
38307 404
38347 405
38365 406
38456 407
38497 408
38714 409
38868 410
38868 411
38871 412
38932 413
39035 414
39130 415
39131 416
39234 417
39236 418
39394 419
39469 420
39495 421
39583 422
39722 423
39762 424
39869 425
40159 426
40232 427
40246 428
40298 429
40506 430
40531 431
40531 432
40591 433
40669 434
40914 435
41060 436
41094 437
41124 438
41271 439
41324 440
41344 441
41408 442
41743 443
41890 444
41897 445
41941 446
42150 447
42206 448
42275 449
42305 450
42494 451
42605 452
42616 453
42950 454
43051 455
43135 456
43233 457
43282 458
43352 459
43354 460
43431 461
43461 462
43477 463
43567 464
43567 465
43651 466
43798 467
43943 468
44008 469
44058 470
44168 471
44210 472
44287 473
44484 474
44598 475
44687 476
44726 477
44775 478
44817 479
44856 480
44923 481
45129 482
45392 483
45402 484
45424 485
45652 486
45679 487
46038 488
46203 489
46231 490
46275 491
46304 492
46330 493
46349 494
46363 495
46398 496
46464 497
46571 498
46711 499
46924 500
47066 501
47107 502
47163 503
47297 504
47496 505
47735 506
47851 507
48031 508
48068 509
48157 510
48161 511
48198 512
48275 513
48291 514
48395 515
48740 516
48848 517
49003 518
49101 519
49179 520
49249 521
49315 522
49431 523
49434 524
49485 525
49505 526
49521 527
49546 528
49578 529
49661 530
49802 531
49885 532
49891 533
50006 534
50368 535
50473 536
50552 537
50554 538
50632 539
50677 540
50732 541
50914 542
51120 543
51284 544
51289 545
51323 546
51364 547
51531 548
51559 549
51626 550
51627 551
51764 552
51879 553
51905 554
51955 555
52027 556
52049 557
52079 558
52164 559
52245 560
52400 561
52481 562
52507 563
52508 564
52560 565
52723 566
52768 567
52841 568
52892 569
53298 570
53358 571
53401 572
53552 573
53585 574
53811 575
53899 576
53904 577
53950 578
53959 579
54000 580
54127 581
54212 582
54318 583
54441 584
54483 585
54551 586
54644 587
54701 588
54792 589
54919 590
54963 591
55019 592
55166 593
55523 594
55550 595
55590 596
55743 597
55752 598
55838 599
55840 600
55997 601
56092 602
56308 603
56311 604
56327 605
56401 606
56477 607
56851 608
56947 609
56953 610
57051 611
57072 612
57145 613
57211 614
57367 615
57395 616
57491 617
57553 618
57653 619
57804 620
57902 621
58032 622
58039 623
58299 624
58479 625
58674 626
58765 627
58811 628
58833 629
59178 630
59286 631
59322 632
59412 633
59446 634
59715 635
59819 636
59862 637
59905 638
60040 639
60312 640
60403 641
60447 642
60716 643
60979 644
61014 645
61044 646
61123 647
61178 648
61334 649
61397 650
61482 651
61546 652
61746 653
61834 654
61859 655
61887 656
62106 657
62399 658
62481 659
62503 660
62562 661
62627 662
62723 663
62751 664
62836 665
63025 666
63057 667
63072 668
63079 669
63211 670
63464 671
63472 672
63632 673
63671 674
63798 675
63807 676
63962 677
63983 678
64033 679
64118 680
64137 681
64207 682
64266 683
64315 684
64535 685
64710 686
64822 687
64951 688
64988 689
64994 690
65263 691
65275 692
65358 693
65438 694
65463 695
65600 696
65605 697
65631 698
65700 699
65715 700
66181 701
66192 702
66193 703
66210 704
66410 705
66415 706
66576 707
66666 708
66743 709
66831 710
66911 711
66997 712
67068 713
67119 714
67244 715
67308 716
67339 717
67385 718
67470 719
67585 720
67779 721
67939 722
67967 723
67973 724
68078 725
68138 726
68334 727
68395 728
68587 729
68643 730
68873 731
68892 732
68903 733
68972 734
69055 735
69086 736
69105 737
69110 738
69233 739
69334 740
69407 741
69516 742
69574 743
69604 744
69795 745
69850 746
69995 747
70143 748
70215 749
70263 750
70316 751
70343 752
70343 753
70812 754
71262 755
71298 756
71302 757
71320 758
71359 759
71634 760
71746 761
71819 762
71831 763
71845 764
71925 765
72177 766
72227 767
72397 768
72558 769
72567 770
72735 771
72939 772
72946 773
72973 774
73035 775
73159 776
73311 777
73318 778
73337 779
73419 780
73628 781
73764 782
73913 783
73920 784
73957 785
74038 786
74150 787
74176 788
74215 789
74312 790
74369 791
74444 792
74498 793
74575 794
74600 795
74711 796
74824 797
75027 798
75126 799
75133 800
75262 801
75275 802
75342 803
75382 804
75437 805
75687 806
75745 807
75808 808
75876 809
75907 810
75907 811
76009 812
76098 813
76148 814
76589 815
76656 816
76811 817
76813 818
77183 819
77202 820
77204 821
77253 822
77254 823
77487 824
77527 825
77574 826
77579 827
77650 828
77722 829
77784 830
77961 831
77978 832
78103 833
78104 834
78307 835
78338 836
78389 837
78403 838
78413 839
78504 840
78595 841
78729 842
78785 843
78882 844
78981 845
79054 846
79056 847
79380 848
79440 849
79712 850
79808 851
79829 852
79899 853
80079 854
80126 855
80145 856
80266 857
80326 858
80327 859
80538 860
80788 861
80863 862
80891 863
80897 864
80910 865
81149 866
81190 867
81245 868
81258 869
81286 870
81290 871
81362 872
81405 873
81519 874
81618 875
81643 876
81739 877
81880 878
81971 879
82000 880
82303 881
82387 882
82631 883
82716 884
82756 885
82838 886
82887 887
83090 888
83180 889
83204 890
83223 891
83384 892
83415 893
83537 894
83601 895
83870 896
83935 897
83997 898
84088 899
84163 900
84197 901
84251 902
84252 903
84527 904
84608 905
84874 906
84909 907
84928 908
85311 909
85490 910
85639 911
85691 912
85990 913
86003 914
86011 915
86022 916
86127 917
86132 918
86164 919
86198 920
86271 921
86324 922
86337 923
86977 924
87134 925
87199 926
87247 927
87386 928
87540 929
87681 930
87823 931
87825 932
87832 933
87865 934
87876 935
87956 936
88042 937
88130 938
88190 939
88234 940
88607 941
88612 942
88680 943
88967 944
89138 945
89143 946
89319 947
89512 948
89527 949
89539 950
89578 951
90142 952
90231 953
90320 954
90472 955
90597 956
90610 957
90644 958
90677 959
90687 960
90772 961
90831 962
90859 963
90990 964
91013 965
91187 966
91290 967
91383 968
91569 969
91575 970
91798 971
91828 972
91835 973
91913 974
92032 975
92037 976
92133 977
92315 978
92315 979
92344 980
92392 981
92636 982
92716 983
92871 984
93217 985
93230 986
93247 987
93370 988
93427 989
93428 990
93461 991
93619 992
93698 993
93840 994
93868 995
93892 996
94082 997
94134 998
94403 999
94485 1000
94491 1001
94579 1002
94606 1003
94731 1004
94870 1005
94877 1006
94911 1007
94940 1008
95093 1009
95167 1010
95179 1011
95198 1012
95287 1013
95307 1014
95326 1015
95367 1016
95375 1017
95505 1018
95528 1019
95554 1020
95679 1021
95747 1022
95748 1023
95962 1024
95982 1025
96013 1026
96034 1027
96047 1028
96115 1029
96343 1030
96386 1031
96418 1032
96472 1033
96596 1034
96723 1035
96728 1036
96775 1037
96779 1038
96782 1039
96797 1040
97050 1041
97147 1042
97220 1043
97351 1044
97359 1045
97390 1046
97455 1047
97753 1048
97878 1049
97982 1050
98038 1051
98100 1052
98160 1053
98197 1054
98204 1055
98231 1056
98272 1057
98333 1058
98493 1059
99015 1060
99077 1061
99172 1062
99196 1063
99288 1064
99315 1065
99356 1066
99365 1067
99447 1068
99583 1069
99630 1070
99741 1071
99812 1072
99828 1073
99952 1074
100123 1075
100290 1076
100362 1077
100443 1078
100499 1079
100656 1080
100731 1081
100734 1082
100812 1083
100850 1084
100895 1085
101019 1086
101106 1087
101229 1088
101279 1089
101477 1090
101495 1091
101546 1092
101555 1093
101768 1094
101852 1095
101927 1096
102040 1097
102214 1098
102230 1099
102323 1100
102355 1101
102463 1102
102491 1103
102515 1104
102566 1105
102761 1106
102871 1107
102913 1108
102960 1109
103131 1110
103154 1111
103213 1112
103223 1113
103227 1114
103313 1115
103316 1116
103476 1117
103525 1118
103575 1119
103611 1120
103695 1121
103786 1122
103835 1123
103935 1124
104096 1125
104126 1126
104188 1127
104207 1128
104314 1129
104352 1130
104405 1131
104704 1132
104729 1133
104739 1134
104745 1135
104796 1136
104947 1137
104976 1138
105070 1139
105074 1140
105148 1141
105165 1142
105523 1143
105527 1144
105589 1145
105648 1146
105670 1147
105727 1148
105851 1149
105959 1150
105988 1151
106031 1152
106087 1153
106113 1154
106129 1155
106312 1156
106551 1157
106635 1158
106786 1159
107010 1160
107199 1161
107216 1162
107239 1163
107278 1164
107335 1165
107351 1166
107548 1167
107707 1168
107734 1169
107747 1170
107747 1171
107752 1172
107857 1173
107891 1174
107949 1175
108147 1176
108161 1177
108169 1178
108297 1179
108311 1180
108786 1181
108860 1182
108928 1183
108967 1184
109068 1185
109078 1186
109176 1187
109216 1188
109216 1189
109271 1190
109278 1191
109339 1192
109383 1193
109579 1194
109580 1195
109581 1196
109596 1197
109609 1198
109748 1199
109972 1200
109973 1201
110109 1202
110169 1203
110191 1204
110196 1205
110203 1206
110231 1207
110544 1208
110627 1209
110697 1210
110772 1211
110900 1212
111010 1213
111085 1214
111111 1215
111126 1216
111270 1217
111443 1218
111506 1219
111664 1220
111682 1221
111703 1222
111796 1223
111799 1224
111806 1225
112031 1226
112107 1227
112195 1228
112341 1229
112347 1230
112399 1231
112405 1232
112415 1233
112443 1234
112551 1235
112648 1236
112711 1237
112840 1238
112899 1239
112906 1240
112911 1241
112929 1242
113134 1243
113137 1244
113208 1245
113436 1246
113492 1247
113558 1248
113584 1249
113637 1250
113660 1251
113692 1252
113701 1253
113910 1254
113926 1255
114104 1256
114200 1257
114423 1258
114457 1259
114573 1260
114697 1261
114782 1262
114870 1263
114871 1264
114873 1265
114873 1266
114898 1267
114965 1268
115023 1269
115133 1270
115140 1271
115162 1272
115175 1273
115313 1274
115422 1275
115423 1276
115430 1277
115516 1278
115674 1279
115821 1280
115877 1281
115940 1282
116503 1283
116617 1284
116630 1285
116648 1286
116980 1287
116998 1288
117012 1289
117187 1290
117428 1291
117484 1292
117531 1293
117835 1294
118048 1295
118110 1296
118301 1297
118682 1298
118731 1299
118745 1300
118836 1301
119316 1302
119336 1303
119368 1304
119747 1305
119883 1306
119974 1307
120132 1308
120195 1309
120196 1310
120267 1311
120393 1312
120504 1313
120512 1314
120541 1315
120608 1316
120724 1317
120834 1318
121244 1319
121246 1320
121260 1321
121533 1322
121597 1323
121654 1324
121709 1325
121768 1326
121917 1327
122124 1328
122279 1329
122359 1330
122428 1331
122608 1332
122767 1333
122784 1334
122797 1335
122896 1336
122896 1337
123113 1338
123128 1339
123140 1340
123222 1341
123263 1342
123264 1343
123310 1344
123548 1345
123566 1346
123826 1347
123831 1348
123846 1349
124013 1350
124064 1351
124065 1352
124221 1353
124314 1354
124474 1355
124944 1356
125075 1357
125306 1358
125365 1359
125502 1360
125544 1361
125626 1362
125646 1363
125695 1364
125701 1365
125972 1366
126041 1367
126204 1368
126444 1369
126470 1370
126534 1371
126552 1372
126892 1373
126941 1374
127024 1375
127039 1376
127070 1377
127083 1378
127100 1379
127226 1380
127271 1381
127287 1382
127400 1383
127508 1384
127713 1385
127755 1386
127777 1387
127871 1388
127926 1389
128214 1390
128267 1391
128329 1392
128399 1393
128568 1394
128602 1395
128766 1396
128872 1397
129116 1398
129130 1399
129160 1400
129168 1401
129414 1402
129516 1403
129566 1404
129652 1405
129689 1406
129807 1407
129856 1408
129889 1409
129899 1410
129903 1411
129999 1412
130178 1413
130248 1414
130351 1415
130448 1416
130736 1417
130807 1418
130956 1419
130969 1420
131021 1421
131052 1422
131077 1423
131254 1424
131434 1425
131640 1426
131640 1427
131748 1428
131750 1429
131756 1430
131792 1431
131873 1432
132040 1433
132042 1434
132095 1435
132117 1436
132140 1437
132204 1438
132451 1439
132700 1440
132740 1441
132866 1442
132907 1443
133097 1444
133338 1445
133370 1446
133468 1447
133580 1448
133590 1449
133936 1450
134021 1451
134032 1452
134259 1453
134302 1454
134396 1455
134591 1456
134868 1457
134907 1458
134914 1459
135089 1460
135129 1461
135175 1462
135326 1463
135440 1464
135465 1465
135584 1466
135588 1467
135592 1468
135804 1469
135828 1470
135899 1471
135915 1472
135968 1473
136072 1474
136098 1475
136121 1476
136380 1477
136442 1478
136636 1479
136677 1480
136746 1481
136752 1482
136777 1483
136996 1484
137160 1485
137308 1486
137312 1487
137323 1488
137436 1489
137628 1490
137740 1491
137876 1492
138064 1493
138319 1494
138462 1495
138548 1496
138566 1497
138740 1498
138782 1499
138790 1500
138846 1501
138849 1502
138905 1503
139447 1504
139904 1505
140269 1506
140279 1507
140293 1508
140343 1509
140408 1510
140460 1511
140566 1512
140686 1513
140776 1514
140776 1515
140968 1516
141076 1517
141114 1518
141155 1519
141369 1520
141442 1521
141487 1522
141658 1523
141670 1524
141672 1525
141680 1526
141833 1527
142030 1528
142133 1529
142140 1530
142155 1531
142491 1532
142545 1533
142581 1534
142628 1535
142633 1536
142640 1537
142642 1538
142724 1539
142874 1540
142877 1541
143229 1542
143582 1543
143616 1544
143937 1545
144127 1546
144136 1547
144199 1548
144315 1549
144376 1550
144640 1551
144648 1552
144710 1553
144782 1554
144969 1555
145044 1556
145097 1557
145224 1558
145301 1559
145448 1560
145524 1561
145541 1562
145556 1563
145666 1564
145800 1565
145908 1566
145964 1567
146110 1568
146185 1569
146185 1570
146291 1571
146460 1572
146508 1573
146578 1574
146776 1575
146812 1576
146829 1577
146856 1578
146931 1579
147008 1580
147020 1581
147040 1582
147144 1583
147241 1584
147564 1585
147602 1586
147604 1587
147639 1588
147668 1589
147680 1590
147707 1591
147820 1592
147857 1593
148119 1594
148132 1595
148445 1596
148577 1597
148616 1598
148855 1599
148875 1600
148942 1601
149006 1602
149084 1603
149096 1604
149126 1605
149232 1606
149249 1607
149309 1608
149452 1609
149616 1610
149785 1611
149922 1612
149986 1613
150096 1614
150264 1615
150352 1616
150428 1617
150439 1618
150651 1619
150710 1620
150754 1621
150974 1622
151180 1623
151464 1624
151477 1625
151478 1626
151485 1627
151500 1628
151528 1629
151533 1630
151599 1631
151604 1632
151692 1633
151760 1634
151764 1635
151833 1636
151966 1637
152459 1638
152460 1639
152473 1640
152599 1641
152645 1642
152692 1643
153052 1644
153248 1645
153310 1646
153396 1647
153489 1648
153504 1649
153544 1650
153636 1651
153799 1652
153876 1653
154074 1654
154124 1655
154261 1656
154355 1657
154423 1658
154822 1659
154834 1660
154864 1661
155023 1662
155047 1663
155055 1664
155068 1665
155086 1666
155282 1667
155468 1668
155479 1669
155486 1670
155597 1671
155676 1672
155843 1673
155983 1674
156168 1675
156209 1676
156239 1677
156422 1678
156428 1679
156428 1680
156852 1681
156885 1682
156920 1683
156960 1684
157110 1685
157155 1686
157286 1687
157373 1688
157461 1689
157568 1690
157603 1691
157717 1692
157852 1693
157883 1694
158361 1695
158463 1696
158489 1697
158504 1698
158547 1699
158614 1700
158902 1701
158939 1702
158985 1703
159086 1704
159112 1705
159135 1706
159381 1707
159510 1708
159515 1709
159555 1710
159710 1711
159797 1712
159848 1713
159916 1714
159967 1715
160061 1716
160061 1717
160112 1718
160144 1719
160226 1720
160602 1721
160603 1722
160606 1723
160612 1724
160671 1725
160718 1726
161029 1727
161164 1728
161412 1729
161543 1730
161658 1731
161716 1732
161828 1733
161964 1734
162054 1735
162114 1736
162168 1737
162235 1738
162286 1739
162329 1740
162388 1741
162483 1742
162561 1743
162565 1744
162598 1745
162812 1746
162873 1747
162971 1748
163025 1749
163034 1750
163210 1751
163228 1752
163236 1753
163279 1754
163288 1755
163348 1756
163472 1757
163556 1758
163568 1759
163656 1760
163764 1761
163774 1762
164048 1763
164216 1764
164247 1765
165047 1766
165050 1767
165164 1768
165169 1769
165389 1770
165614 1771
165624 1772
165725 1773
165808 1774
165826 1775
165908 1776
166181 1777
166508 1778
166561 1779
166564 1780
166680 1781
166727 1782
166784 1783
166794 1784
166871 1785
167100 1786
167304 1787
167394 1788
167427 1789
167531 1790
167839 1791
167864 1792
167925 1793
167981 1794
168007 1795
168072 1796
168164 1797
168211 1798
168377 1799
168586 1800
168697 1801
168874 1802
168890 1803
168962 1804
169064 1805
169212 1806
169298 1807
169445 1808
169460 1809
169540 1810
169571 1811
169584 1812
169764 1813
169810 1814
169912 1815
170169 1816
170234 1817
170256 1818
170261 1819
170261 1820
170274 1821
170298 1822
170470 1823
170575 1824
170637 1825
170689 1826
170760 1827
170982 1828
171067 1829
171072 1830
171462 1831
171860 1832
171930 1833
171968 1834
171990 1835
172070 1836
172110 1837
172113 1838
172362 1839
172808 1840
172809 1841
172839 1842
172924 1843
173073 1844
173286 1845
173354 1846
173514 1847
173563 1848
173616 1849
173742 1850
173836 1851
173848 1852
173869 1853
173878 1854
174037 1855
174096 1856
174102 1857
174291 1858
174295 1859
174330 1860
174360 1861
174429 1862
174521 1863
174598 1864
174864 1865
174948 1866
175073 1867
175086 1868
175174 1869
175183 1870
175234 1871
175273 1872
175444 1873
175663 1874
175700 1875
175813 1876
175825 1877
175843 1878
176029 1879
176210 1880
176395 1881
176432 1882
176472 1883
176488 1884
176548 1885
176692 1886
176802 1887
176964 1888
177035 1889
177153 1890
177314 1891
177334 1892
177455 1893
177822 1894
177853 1895
177926 1896
178009 1897
178058 1898
178068 1899
178223 1900
178229 1901
178390 1902
178528 1903
178597 1904
178639 1905
178737 1906
178789 1907
178932 1908
178996 1909
179056 1910
179314 1911
179374 1912
179548 1913
179552 1914
179597 1915
179647 1916
179659 1917
180124 1918
180330 1919
180348 1920
180472 1921
180656 1922
180777 1923
180792 1924
180869 1925
180881 1926
180909 1927
181026 1928
181026 1929
181030 1930
181197 1931
181211 1932
181237 1933
181396 1934
181450 1935
181460 1936
181500 1937
181652 1938
181765 1939
181765 1940
181916 1941
181957 1942
182067 1943
182180 1944
182269 1945
182311 1946
182376 1947
182890 1948
182964 1949
182995 1950
183039 1951
183060 1952
183132 1953
183249 1954
183271 1955
183762 1956
183772 1957
184016 1958
184368 1959
184426 1960
184586 1961
184682 1962
184795 1963
184879 1964
185005 1965
185007 1966
185097 1967
185480 1968
185606 1969
185653 1970
185661 1971
186032 1972
186033 1973
186197 1974
186206 1975
186263 1976
186318 1977
186319 1978
186388 1979
186392 1980
186505 1981
186510 1982
186593 1983
186729 1984
186818 1985
186841 1986
187020 1987
187289 1988
187375 1989
187452 1990
187556 1991
187706 1992
187777 1993
187874 1994
187888 1995
187931 1996
187953 1997
187973 1998
188009 1999
188083 2000
188258 2001
188432 2002
188437 2003
188491 2004
189112 2005
189251 2006
189281 2007
189545 2008
189565 2009
189621 2010
189651 2011
189691 2012
189943 2013
190853 2014
190855 2015
190887 2016
191043 2017
191075 2018
191175 2019
191230 2020
191325 2021
191361 2022
191417 2023
191470 2024
191494 2025
191500 2026
191503 2027
191531 2028
191537 2029
191548 2030
191766 2031
191785 2032
191800 2033
192128 2034
192144 2035
192199 2036
192287 2037
192305 2038
192363 2039
192434 2040
192537 2041
192704 2042
192721 2043
192817 2044
192923 2045
193062 2046
193181 2047
193226 2048
193311 2049
193395 2050
193406 2051
193613 2052
193649 2053
193697 2054
193778 2055
193889 2056
194189 2057
194255 2058
194565 2059
194592 2060
194757 2061
194762 2062
194820 2063
194917 2064
195025 2065
195172 2066
195385 2067
195443 2068
195453 2069
195546 2070
195596 2071
195668 2072
195707 2073
195859 2074
196013 2075
196125 2076
196165 2077
196178 2078
196284 2079
196320 2080
196451 2081
196509 2082
196557 2083
196584 2084
196624 2085
196817 2086
196869 2087
196971 2088
196998 2089
197029 2090
197151 2091
197158 2092
197218 2093
197232 2094
197477 2095
197635 2096
197702 2097
197722 2098
197937 2099
198274 2100
198308 2101
198391 2102
198391 2103
198624 2104
198633 2105
198641 2106
198815 2107
