144 1
170 2
207 3
237 4
491 5
573 6
699 7
746 8
756 9
826 10
884 11
889 12
903 13
950 14
1069 15
1115 16
1266 17
1401 18
1409 19
1417 20
1457 21
1544 22
1570 23
1698 24
1885 25
1900 26
1902 27
2066 28
2158 29
2184 30
2202 31
2570 32
2610 33
2760 34
2807 35
2834 36
3106 37
3206 38
3217 39
3284 40
3301 41
3403 42
3477 43
3683 44
3775 45
4000 46
4114 47
4140 48
4330 49
4515 50
4566 51
4590 52
4703 53
4739 54
4795 55
4838 56
5018 57
5099 58
5101 59
5104 60
5189 61
5269 62
5287 63
5427 64
5702 65
5810 66
5827 67
5850 68
5927 69
5976 70
6227 71
6236 72
6253 73
6334 74
6411 75
6499 76
6552 77
6575 78
6714 79
6739 80
6825 81
6893 82
7020 83
7115 84
7294 85
7322 86
7427 87
7493 88
7653 89
7665 90
7668 91
7825 92
7826 93
7872 94
7971 95
8069 96
8087 97
8116 98
8186 99
8306 100
8406 101
8491 102
8778 103
8820 104
8886 105
8938 106
9124 107
9157 108
9165 109
9201 110
9229 111
9297 112
9404 113
9462 114
9496 115
9528 116
9565 117
9926 118
10020 119
10050 120
10097 121
10114 122
10201 123
10268 124
10274 125
10278 126
10298 127
10299 128
10303 129
10550 130
10554 131
10634 132
10675 133
10686 134
11025 135
11058 136
11098 137
11140 138
11164 139
11337 140
11454 141
11497 142
11684 143
11780 144
11784 145
11814 146
11871 147
12006 148
12116 149
12137 150
12148 151
12212 152
12224 153
12320 154
12371 155
12515 156
12616 157
12640 158
12746 159
12868 160
12898 161
13078 162
13236 163
13578 164
13586 165
13591 166
13595 167
13597 168
13623 169
13702 170
13702 171
13752 172
13847 173
13851 174
14016 175
14110 176
14165 177
14378 178
14492 179
14646 180
14661 181
14691 182
14695 183
14755 184
15011 185
15014 186
15025 187
15054 188
15091 189
15093 190
15146 191
15248 192
15454 193
15753 194
15802 195
15863 196
15882 197
16109 198
16202 199
16205 200
16238 201
16297 202
16338 203
16350 204
16506 205
16513 206
16562 207
16563 208
16602 209
16621 210
17089 211
17089 212
17222 213
17234 214
17286 215
17305 216
17342 217
17369 218
17413 219
17554 220
17697 221
17712 222
17772 223
17870 224
18029 225
18060 226
18060 227
18138 228
18222 229
18315 230
18404 231
18419 232
18647 233
18887 234
18947 235
19022 236
19177 237
19221 238
19518 239
19576 240
19579 241
19702 242
19842 243
20037 244
20060 245
20279 246
20590 247
20594 248
20655 249
20786 250
20894 251
20998 252
20999 253
21058 254
21060 255
21121 256
22031 257
22034 258
22046 259
22046 260
22666 261
22830 262
22914 263
22927 264
22944 265
22951 266
22955 267
23028 268
23306 269
23497 270
23497 271
23773 272
23984 273
23993 274
24548 275
24778 276
24826 277
25042 278
25071 279
25238 280
25283 281
25301 282
25468 283
25534 284
25678 285
25737 286
25773 287
25782 288
25978 289
26046 290
26198 291
26429 292
26611 293
26890 294
26921 295
27050 296
27060 297
27158 298
27160 299
27176 300
27322 301
27342 302
27419 303
27923 304
27996 305
28063 306
28115 307
28118 308
28132 309
28202 310
28213 311
28538 312
28844 313
29227 314
29238 315
29287 316
29544 317
29649 318
29920 319
29933 320
30098 321
30123 322
30222 323
30355 324
30595 325
30962 326
31027 327
31276 328
31291 329
31339 330
31346 331
31393 332
31426 333
31592 334
31656 335
31730 336
31766 337
31790 338
31896 339
31955 340
31975 341
31982 342
32057 343
32286 344
32290 345
32501 346
32702 347
32825 348
32884 349
32897 350
32976 351
33123 352
33249 353
33394 354
33546 355
33576 356
33753 357
33767 358
33903 359
34017 360
34126 361
34178 362
34178 363
34238 364
34246 365
34415 366
34470 367
34562 368
34574 369
34618 370
34855 371
34878 372
34965 373
35139 374
35469 375
35538 376
35674 377
35792 378
35795 379
35947 380
35950 381
35956 382
36234 383
36405 384
36492 385
36574 386
36894 387
37059 388
37086 389
37329 390
37378 391
37791 392
37802 393
37900 394
37953 395
38048 396
38179 397
38181 398
38242 399
38350 400
38366 401
38456 402
38535 403
38610 404
38790 405
38832 406
38849 407
38948 408
39016 409
39134 410
39188 411
39354 412
39434 413
39611 414
39710 415
39860 416
39879 417
39902 418
40014 419
40129 420
40415 421
40458 422
40466 423
40598 424
40680 425
40684 426
40793 427
40877 428
40906 429
40987 430
41100 431
41160 432
41365 433
41426 434
41590 435
41590 436
41772 437
41840 438
41885 439
41890 440
41950 441
42005 442
42158 443
42202 444
42368 445
42458 446
42639 447
42642 448
42690 449
42842 450
42857 451
43028 452
43096 453
43198 454
43246 455
43262 456
43434 457
43589 458
43761 459
44089 460
44139 461
44338 462
44420 463
44553 464
44640 465
44675 466
44818 467
45067 468
45120 469
45478 470
45531 471
45534 472
45619 473
45635 474
45741 475
45751 476
45795 477
45822 478
45822 479
45861 480
45918 481
46019 482
46026 483
46164 484
46191 485
46386 486
46590 487
47146 488
47165 489
47386 490
47424 491
47785 492
47801 493
47803 494
47872 495
48039 496
48387 497
48402 498
48458 499
48534 500
48643 501
48664 502
48734 503
48789 504
48903 505
48994 506
49447 507
49500 508
49522 509
49580 510
49586 511
49631 512
49650 513
49734 514
50070 515
50106 516
50318 517
50379 518
50385 519
50502 520
50530 521
50598 522
50608 523
50843 524
50854 525
50942 526
51005 527
51124 528
51177 529
51218 530
51299 531
51479 532
51565 533
51624 534
51726 535
51740 536
51805 537
51823 538
51917 539
52003 540
52091 541
52224 542
52247 543
52324 544
52442 545
52550 546
52666 547
52700 548
52934 549
53095 550
53222 551
53223 552
53263 553
53359 554
53401 555
53442 556
53474 557
53523 558
53907 559
53950 560
53963 561
54046 562
54090 563
54205 564
54210 565
54275 566
54441 567
54480 568
54530 569
54578 570
54742 571
54750 572
55186 573
55310 574
55447 575
55491 576
55535 577
55535 578
55548 579
55638 580
55640 581
55643 582
55683 583
55886 584
56123 585
56283 586
56490 587
56498 588
56563 589
56612 590
56630 591
56796 592
56822 593
56835 594
56862 595
56916 596
56957 597
57014 598
57139 599
57149 600
57239 601
57486 602
57579 603
57650 604
57767 605
57778 606
57988 607
58004 608
58099 609
58110 610
58223 611
58254 612
58288 613
58318 614
58508 615
58626 616
58659 617
58992 618
59031 619
59049 620
59063 621
59167 622
59182 623
59402 624
59402 625
59430 626
59574 627
59738 628
59779 629
59858 630
59861 631
59881 632
60118 633
60126 634
60133 635
60230 636
60322 637
60458 638
60485 639
60680 640
60681 641
60682 642
60706 643
61002 644
61006 645
61007 646
61053 647
61055 648
61090 649
61101 650
61211 651
61226 652
61269 653
61340 654
61662 655
61669 656
61844 657
61992 658
62241 659
62268 660
62390 661
62547 662
62671 663
62815 664
63151 665
63190 666
63291 667
63416 668
63471 669
63523 670
63547 671
63556 672
63766 673
63826 674
63845 675
63874 676
64055 677
64137 678
64188 679
64204 680
64333 681
64407 682
64573 683
64633 684
64656 685
64766 686
64809 687
64935 688
64974 689
65079 690
65186 691
65279 692
65307 693
65307 694
65423 695
65639 696
65764 697
65814 698
65921 699
66115 700
66268 701
66289 702
66381 703
66500 704
66575 705
66612 706
66665 707
66752 708
66752 709
66885 710
67383 711
67530 712
67691 713
67727 714
67746 715
67764 716
67767 717
67769 718
67879 719
68135 720
68169 721
68328 722
68383 723
68479 724
68479 725
68650 726
68768 727
68866 728
68997 729
69037 730
69041 731
69223 732
69291 733
69398 734
69424 735
69450 736
69586 737
69731 738
69757 739
69763 740
69767 741
69901 742
69935 743
70056 744
70139 745
70307 746
70475 747
70481 748
70497 749
70510 750
70555 751
70831 752
70979 753
71035 754
71080 755
71241 756
71249 757
71270 758
71303 759
71379 760
71391 761
71454 762
71475 763
71476 764
71665 765
71820 766
71899 767
72005 768
72185 769
72373 770
72468 771
72683 772
72732 773
72732 774
72747 775
72818 776
72943 777
72956 778
72969 779
73029 780
73066 781
73275 782
73319 783
73393 784
73451 785
73492 786
73574 787
73610 788
73660 789
73684 790
73847 791
73874 792
74004 793
74029 794
74070 795
74201 796
74211 797
74230 798
74310 799
74316 800
74319 801
74376 802
74467 803
74511 804
74683 805
74731 806
74801 807
74878 808
74919 809
75123 810
75326 811
75514 812
75523 813
75550 814
75636 815
75645 816
75708 817
75772 818
75916 819
76251 820
76324 821
76525 822
76762 823
76831 824
76966 825
76996 826
77026 827
77103 828
77330 829
77496 830
77611 831
77749 832
77778 833
77904 834
77927 835
78051 836
78119 837
78120 838
78139 839
78140 840
78144 841
78243 842
78435 843
78514 844
78546 845
78552 846
78628 847
78672 848
78871 849
78881 850
78904 851
79043 852
79244 853
79342 854
79395 855
79547 856
79602 857
79619 858
79629 859
79642 860
79839 861
79927 862
79971 863
80003 864
80043 865
80138 866
80153 867
80158 868
80164 869
80308 870
80313 871
80332 872
80445 873
80907 874
81019 875
81096 876
81154 877
81187 878
81279 879
81318 880
81357 881
81451 882
81485 883
81771 884
81814 885
81859 886
81885 887
81907 888
82161 889
82634 890
82667 891
82763 892
82933 893
82960 894
82967 895
82987 896
83044 897
83181 898
83339 899
83352 900
83473 901
83610 902
83686 903
83767 904
83779 905
83845 906
83851 907
84182 908
84240 909
84240 910
84355 911
84413 912
84420 913
84467 914
84642 915
84816 916
84862 917
84904 918
84909 919
85031 920
85123 921
85179 922
85224 923
85331 924
85359 925
85488 926
85545 927
85597 928
85598 929
85687 930
85699 931
85716 932
85732 933
85868 934
85946 935
85973 936
86125 937
86235 938
86264 939
86279 940
86312 941
86364 942
86738 943
86759 944
86836 945
86866 946
87054 947
87111 948
87178 949
87389 950
88286 951
88323 952
88323 953
88363 954
88487 955
88525 956
88747 957
88751 958
88789 959
88883 960
88926 961
88941 962
89203 963
89307 964
89525 965
89527 966
89662 967
89707 968
89711 969
89838 970
90014 971
90083 972
90183 973
90196 974
90347 975
90427 976
90578 977
90727 978
90764 979
90770 980
90791 981
90795 982
90802 983
90826 984
90863 985
90931 986
91091 987
91111 988
91367 989
91425 990
91481 991
91483 992
91523 993
91524 994
91810 995
91852 996
91879 997
91887 998
91969 999
91991 1000
92037 1001
92087 1002
92091 1003
92226 1004
92556 1005
92610 1006
92640 1007
92648 1008
92670 1009
92938 1010
92963 1011
92999 1012
93017 1013
93123 1014
93345 1015
93403 1016
93431 1017
93477 1018
93536 1019
93555 1020
93756 1021
93760 1022
94064 1023
94128 1024
94183 1025
94374 1026
94471 1027
94536 1028
94588 1029
94711 1030
94714 1031
94757 1032
94844 1033
94847 1034
95007 1035
95110 1036
95132 1037
95192 1038
95213 1039
95391 1040
95438 1041
95707 1042
95764 1043
95880 1044
95884 1045
95959 1046
95963 1047
96132 1048
96215 1049
96420 1050
96563 1051
96669 1052
96729 1053
96752 1054
96885 1055
96891 1056
96899 1057
96959 1058
97047 1059
97096 1060
97147 1061
97474 1062
97501 1063
97629 1064
97783 1065
97970 1066
98178 1067
98226 1068
98235 1069
98264 1070
98272 1071
98474 1072
98560 1073
98711 1074
98713 1075
98723 1076
99005 1077
99047 1078
99118 1079
99341 1080
99383 1081
99501 1082
99690 1083
99835 1084
99859 1085
100053 1086
100064 1087
100123 1088
100211 1089
100324 1090
100405 1091
100579 1092
100699 1093
100955 1094
100960 1095
101003 1096
101062 1097
101093 1098
101094 1099
101213 1100
101322 1101
101344 1102
101523 1103
101595 1104
101646 1105
101712 1106
101787 1107
101794 1108
101855 1109
101883 1110
101949 1111
102155 1112
102160 1113
102336 1114
102375 1115
102380 1116
102411 1117
102579 1118
102630 1119
102779 1120
102809 1121
103074 1122
103190 1123
103201 1124
103310 1125
103364 1126
103688 1127
103708 1128
104023 1129
104081 1130
104108 1131
104451 1132
104491 1133
104566 1134
104585 1135
104615 1136
104870 1137
104971 1138
104972 1139
105190 1140
105191 1141
105191 1142
105221 1143
105231 1144
105281 1145
105291 1146
105351 1147
105416 1148
105441 1149
105754 1150
105968 1151
105972 1152
106013 1153
106039 1154
106043 1155
106239 1156
106262 1157
106286 1158
106303 1159
106365 1160
106439 1161
106619 1162
106630 1163
106675 1164
106693 1165
106759 1166
107080 1167
107140 1168
107195 1169
107431 1170
107468 1171
107527 1172
107537 1173
107788 1174
107994 1175
108006 1176
108007 1177
108153 1178
108170 1179
108193 1180
108523 1181
108667 1182
108921 1183
108922 1184
108950 1185
109290 1186
109476 1187
109563 1188
109602 1189
109632 1190
109649 1191
109935 1192
110000 1193
110019 1194
110198 1195
110231 1196
110382 1197
110393 1198
110400 1199
110666 1200
110709 1201
110747 1202
110783 1203
110887 1204
110903 1205
110929 1206
110939 1207
111110 1208
111165 1209
111178 1210
111242 1211
111251 1212
111598 1213
111606 1214
111611 1215
111643 1216
111821 1217
111970 1218
111999 1219
111999 1220
112116 1221
112358 1222
112388 1223
112604 1224
113135 1225
113286 1226
113354 1227
113430 1228
113431 1229
113433 1230
113492 1231
113654 1232
113760 1233
113855 1234
114063 1235
114190 1236
114263 1237
114343 1238
114472 1239
114527 1240
114555 1241
114685 1242
114702 1243
114704 1244
114758 1245
114852 1246
114864 1247
114888 1248
114902 1249
114923 1250
115295 1251
115384 1252
115478 1253
115499 1254
115512 1255
115567 1256
115796 1257
115994 1258
116055 1259
116091 1260
116363 1261
116737 1262
117077 1263
117147 1264
117943 1265
118029 1266
118075 1267
118079 1268
118316 1269
118485 1270
118516 1271
118528 1272
118567 1273
118655 1274
118769 1275
118872 1276
119014 1277
119017 1278
119053 1279
119568 1280
119579 1281
119619 1282
119664 1283
119801 1284
119822 1285
119850 1286
120110 1287
120382 1288
120632 1289
120632 1290
120693 1291
120851 1292
120962 1293
121046 1294
121211 1295
121275 1296
121443 1297
121521 1298
121590 1299
121702 1300
121747 1301
121754 1302
121884 1303
122103 1304
122128 1305
122180 1306
122488 1307
122489 1308
122607 1309
122774 1310
122878 1311
123068 1312
123175 1313
123227 1314
123241 1315
123292 1316
123295 1317
123380 1318
123720 1319
124431 1320
124494 1321
124648 1322
124715 1323
124726 1324
124783 1325
124870 1326
124918 1327
125001 1328
125088 1329
125184 1330
125214 1331
125222 1332
125466 1333
125483 1334
125496 1335
125611 1336
125743 1337
125810 1338
125867 1339
125889 1340
125936 1341
126187 1342
126200 1343
126263 1344
126294 1345
126452 1346
126575 1347
126603 1348
126626 1349
126855 1350
126866 1351
126919 1352
126944 1353
127114 1354
127238 1355
127375 1356
127381 1357
127387 1358
127391 1359
127403 1360
127433 1361
127468 1362
127471 1363
127680 1364
127760 1365
127817 1366
128057 1367
128114 1368
128144 1369
128176 1370
128298 1371
128479 1372
128523 1373
128749 1374
128790 1375
128844 1376
128954 1377
129146 1378
129173 1379
129243 1380
129264 1381
129311 1382
129324 1383
129379 1384
129387 1385
129429 1386
129436 1387
129476 1388
129593 1389
129887 1390
129888 1391
129892 1392
129943 1393
130390 1394
130457 1395
130517 1396
130632 1397
130820 1398
130960 1399
130993 1400
131075 1401
131174 1402
131207 1403
131273 1404
131328 1405
131513 1406
131707 1407
131728 1408
131770 1409
131819 1410
131882 1411
131904 1412
131947 1413
131956 1414
131980 1415
132242 1416
132543 1417
132593 1418
132624 1419
132636 1420
132695 1421
132697 1422
132700 1423
132784 1424
133034 1425
133070 1426
133085 1427
133492 1428
133623 1429
133743 1430
134016 1431
134241 1432
134280 1433
134281 1434
134316 1435
134464 1436
134468 1437
134529 1438
134640 1439
134702 1440
134711 1441
135354 1442
135359 1443
135361 1444
135380 1445
135418 1446
135529 1447
135719 1448
135720 1449
135760 1450
135783 1451
135951 1452
136008 1453
136080 1454
136125 1455
136154 1456
136164 1457
136203 1458
136221 1459
136316 1460
136356 1461
136364 1462
136831 1463
136912 1464
137120 1465
137205 1466
137454 1467
137500 1468
137728 1469
137841 1470
137854 1471
137854 1472
137855 1473
137944 1474
137950 1475
137954 1476
138021 1477
138021 1478
138178 1479
138236 1480
138561 1481
138637 1482
138912 1483
138912 1484
138989 1485
139174 1486
139183 1487
139239 1488
139294 1489
139348 1490
139350 1491
139422 1492
139494 1493
139646 1494
139708 1495
139736 1496
140098 1497
140465 1498
140767 1499
140853 1500
140900 1501
140981 1502
141020 1503
141055 1504
141186 1505
141246 1506
141256 1507
141461 1508
141510 1509
141576 1510
141602 1511
141607 1512
141960 1513
141965 1514
141969 1515
142056 1516
142477 1517
142592 1518
142736 1519
142767 1520
142782 1521
142824 1522
142942 1523
143016 1524
143081 1525
143205 1526
143240 1527
143429 1528
143606 1529
143628 1530
143707 1531
143741 1532
143800 1533
143908 1534
143949 1535
144218 1536
144220 1537
144306 1538
144376 1539
144495 1540
144561 1541
144608 1542
144653 1543
144685 1544
144782 1545
144830 1546
144912 1547
145209 1548
145212 1549
145296 1550
145368 1551
145529 1552
145594 1553
145797 1554
145938 1555
146110 1556
146165 1557
146387 1558
146461 1559
146536 1560
146640 1561
146748 1562
146832 1563
147001 1564
147056 1565
147090 1566
147105 1567
147155 1568
147190 1569
147280 1570
147280 1571
147376 1572
147463 1573
147608 1574
147646 1575
147700 1576
147720 1577
147755 1578
147780 1579
147859 1580
147905 1581
147916 1582
147936 1583
147945 1584
148135 1585
148180 1586
148242 1587
148270 1588
148281 1589
148396 1590
148630 1591
148871 1592
148894 1593
148976 1594
149043 1595
149132 1596
149132 1597
149180 1598
149248 1599
149264 1600
149264 1601
149360 1602
149368 1603
149429 1604
149431 1605
149504 1606
149733 1607
149825 1608
149840 1609
149878 1610
149912 1611
149962 1612
150004 1613
150006 1614
150083 1615
150088 1616
150240 1617
150460 1618
150472 1619
150712 1620
150813 1621
150863 1622
150978 1623
150986 1624
151135 1625
151350 1626
151358 1627
151548 1628
151583 1629
151592 1630
151736 1631
151984 1632
152138 1633
152200 1634
152200 1635
152311 1636
152342 1637
152448 1638
152559 1639
152662 1640
152684 1641
152710 1642
152766 1643
152843 1644
152918 1645
152944 1646
153111 1647
153212 1648
153272 1649
153419 1650
153673 1651
153725 1652
153780 1653
153808 1654
153812 1655
153919 1656
153956 1657
153958 1658
153960 1659
154224 1660
154295 1661
154316 1662
154412 1663
154421 1664
154427 1665
154564 1666
154570 1667
154810 1668
154838 1669
154974 1670
155056 1671
155081 1672
155448 1673
155612 1674
155636 1675
155648 1676
155664 1677
155668 1678
155687 1679
155764 1680
155807 1681
155868 1682
156050 1683
156058 1684
156173 1685
156343 1686
156456 1687
156471 1688
156495 1689
156647 1690
156657 1691
156681 1692
156776 1693
157243 1694
157297 1695
157586 1696
157848 1697
157873 1698
157888 1699
157994 1700
158023 1701
158091 1702
158120 1703
158242 1704
158278 1705
158396 1706
158399 1707
158573 1708
158772 1709
158960 1710
159149 1711
159158 1712
159260 1713
159320 1714
159335 1715
159570 1716
159624 1717
159755 1718
159758 1719
160484 1720
160489 1721
160564 1722
160621 1723
160743 1724
160840 1725
160845 1726
160871 1727
160957 1728
160976 1729
161072 1730
161155 1731
161204 1732
161532 1733
161676 1734
161864 1735
161878 1736
161952 1737
162026 1738
162143 1739
162200 1740
162280 1741
162351 1742
162407 1743
162596 1744
162660 1745
162680 1746
162835 1747
162888 1748
162948 1749
162971 1750
163104 1751
163339 1752
163346 1753
163524 1754
163649 1755
163697 1756
163863 1757
163894 1758
163944 1759
164103 1760
164148 1761
164148 1762
164267 1763
164417 1764
164519 1765
164628 1766
164648 1767
164825 1768
164972 1769
165192 1770
165195 1771
165388 1772
165577 1773
165620 1774
165673 1775
165712 1776
165821 1777
165868 1778
165945 1779
165947 1780
166316 1781
166357 1782
166648 1783
166701 1784
166732 1785
166929 1786
167046 1787
167059 1788
167223 1789
167594 1790
167623 1791
167776 1792
167788 1793
168049 1794
168099 1795
168190 1796
168229 1797
168336 1798
168336 1799
168338 1800
168392 1801
168430 1802
168535 1803
168553 1804
168840 1805
168939 1806
168984 1807
169109 1808
169173 1809
169413 1810
169448 1811
169639 1812
169642 1813
169696 1814
169834 1815
169846 1816
169876 1817
169888 1818
170012 1819
170016 1820
170249 1821
170260 1822
170268 1823
170560 1824
170619 1825
170641 1826
170874 1827
171497 1828
171573 1829
171615 1830
171853 1831
172113 1832
172118 1833
172133 1834
172236 1835
172246 1836
172249 1837
172389 1838
172472 1839
172496 1840
172692 1841
172707 1842
172744 1843
172775 1844
172804 1845
172844 1846
172908 1847
173048 1848
173118 1849
173227 1850
173232 1851
173237 1852
173348 1853
173511 1854
173707 1855
173720 1856
174002 1857
174089 1858
174149 1859
174185 1860
174250 1861
174322 1862
174656 1863
174681 1864
174748 1865
175050 1866
175139 1867
175272 1868
175297 1869
175474 1870
175673 1871
175710 1872
175788 1873
175842 1874
175944 1875
175944 1876
176090 1877
176105 1878
176154 1879
176194 1880
176313 1881
176707 1882
176785 1883
176828 1884
176852 1885
177060 1886
177103 1887
177157 1888
177160 1889
177168 1890
177228 1891
177236 1892
177269 1893
177332 1894
177416 1895
177523 1896
177523 1897
177536 1898
177585 1899
177860 1900
177893 1901
177976 1902
178073 1903
178206 1904
178294 1905
178329 1906
178416 1907
178425 1908
178530 1909
178550 1910
178783 1911
178785 1912
178788 1913
179088 1914
179352 1915
179392 1916
179549 1917
179551 1918
179640 1919
179737 1920
180022 1921
180030 1922
180031 1923
180114 1924
180400 1925
180492 1926
180530 1927
180560 1928
180646 1929
180663 1930
180753 1931
181662 1932
181878 1933
181971 1934
182068 1935
182112 1936
182144 1937
182442 1938
182688 1939
182744 1940
182802 1941
182901 1942
183051 1943
183277 1944
183540 1945
183705 1946
183748 1947
183752 1948
183831 1949
183833 1950
183919 1951
183973 1952
184114 1953
184304 1954
184306 1955
184457 1956
184584 1957
184661 1958
184673 1959
184676 1960
184676 1961
184732 1962
184965 1963
185047 1964
185138 1965
185163 1966
185340 1967
185357 1968
185488 1969
185792 1970
185917 1971
186040 1972
186079 1973
186080 1974
186084 1975
186143 1976
186237 1977
186428 1978
186496 1979
186573 1980
186637 1981
186662 1982
186984 1983
187208 1984
187290 1985
187401 1986
187416 1987
187608 1988
187663 1989
187800 1990
187988 1991
188231 1992
188259 1993
188530 1994
188663 1995
188728 1996
188732 1997
188800 1998
188805 1999
189025 2000
189215 2001
189357 2002
189455 2003
189815 2004
189961 2005
190086 2006
190100 2007
190222 2008
190239 2009
190287 2010
190379 2011
190548 2012
190568 2013
190568 2014
190630 2015
190839 2016
190873 2017
190940 2018
191075 2019
191160 2020
191200 2021
191244 2022
191255 2023
191303 2024
191362 2025
191393 2026
191443 2027
191448 2028
191451 2029
191510 2030
191556 2031
191637 2032
191820 2033
191888 2034
191963 2035
192035 2036
192080 2037
192101 2038
192284 2039
192293 2040
192380 2041
192515 2042
192580 2043
192998 2044
193007 2045
193036 2046
193059 2047
193130 2048
193244 2049
193437 2050
193457 2051
193469 2052
193748 2053
193791 2054
193844 2055
193920 2056
194121 2057
194124 2058
194208 2059
194316 2060
194408 2061
194441 2062
194441 2063
194506 2064
194525 2065
194536 2066
195080 2067
195326 2068
195400 2069
195430 2070
195461 2071
195666 2072
195704 2073
195855 2074
195956 2075
196181 2076
196348 2077
196349 2078
196349 2079
196917 2080
196969 2081
197105 2082
197105 2083
197116 2084
197195 2085
197199 2086
197204 2087
197316 2088
197319 2089
197383 2090
197415 2091
197572 2092
197833 2093
197907 2094
198063 2095
198101 2096
198504 2097
198614 2098
198711 2099
198758 2100
198779 2101
198927 2102
