2 1
98 2
113 3
214 4
238 5
594 6
703 7
791 8
836 9
1064 10
1227 11
1378 12
1711 13
1718 14
1859 15
1859 16
1994 17
2076 18
2131 19
2134 20
2545 21
2558 22
2741 23
2881 24
3087 25
3106 26
3150 27
3202 28
3266 29
3274 30
3332 31
3342 32
3498 33
3544 34
3628 35
3802 36
3946 37
4083 38
4262 39
4306 40
4398 41
4424 42
4545 43
4691 44
4834 45
4850 46
4894 47
4913 48
5232 49
5312 50
5346 51
5417 52
5434 53
5466 54
5518 55
5566 56
5669 57
5730 58
5937 59
5939 60
5990 61
6210 62
6262 63
6346 64
6681 65
6773 66
6774 67
6842 68
6918 69
6994 70
7021 71
7052 72
7139 73
7146 74
7310 75
7314 76
7535 77
7543 78
7762 79
7838 80
8023 81
8270 82
8487 83
8509 84
8535 85
8536 86
8585 87
8616 88
8671 89
8908 90
8955 91
8997 92
9161 93
9258 94
9290 95
9363 96
9427 97
9430 98
9434 99
9438 100
9535 101
9648 102
9903 103
10068 104
10091 105
10165 106
10250 107
10358 108
10454 109
10666 110
10737 111
10766 112
10780 113
10880 114
10922 115
10922 116
11107 117
11199 118
11238 119
11300 120
11311 121
11509 122
11542 123
11594 124
11662 125
11697 126
11719 127
11866 128
12238 129
12252 130
12392 131
12461 132
12474 133
12491 134
12506 135
12620 136
12982 137
13317 138
13322 139
13379 140
13464 141
13474 142
13488 143
13785 144
13886 145
14123 146
14134 147
14211 148
14261 149
14297 150
14354 151
14477 152
14485 153
14571 154
14576 155
14652 156
14683 157
14972 158
15209 159
15213 160
15267 161
15291 162
15325 163
15335 164
15513 165
15708 166
15742 167
15795 168
15827 169
15914 170
16049 171
16195 172
16363 173
16404 174
16695 175
16798 176
16801 177
16816 178
16853 179
16993 180
17066 181
17114 182
17147 183
17198 184
17278 185
17290 186
17333 187
17693 188
17747 189
17879 190
17928 191
18096 192
18311 193
18332 194
18455 195
18500 196
18569 197
18638 198
18708 199
18715 200
18826 201
18919 202
19039 203
19228 204
19423 205
19518 206
19657 207
19699 208
19763 209
19803 210
20032 211
20128 212
20177 213
20301 214
20388 215
20484 216
20488 217
20602 218
20716 219
20780 220
21126 221
21147 222
21601 223
21606 224
21627 225
21632 226
21665 227
21796 228
21955 229
22002 230
22133 231
22135 232
22324 233
22327 234
22334 235
22568 236
22712 237
22718 238
22743 239
22761 240
22763 241
22791 242
22894 243
22943 244
22982 245
23177 246
23247 247
23299 248
23376 249
23446 250
23517 251
23554 252
23736 253
23743 254
23924 255
24013 256
24024 257
24202 258
24327 259
24390 260
24434 261
24446 262
24467 263
24514 264
24829 265
24942 266
24950 267
24954 268
25053 269
25080 270
25195 271
25208 272
25215 273
25430 274
25471 275
25511 276
25854 277
25942 278
26026 279
26047 280
26256 281
26286 282
26336 283
26370 284
26427 285
26583 286
26602 287
26671 288
26892 289
27028 290
27161 291
27163 292
27185 293
27673 294
27726 295
27799 296
27799 297
27802 298
27817 299
27894 300
27935 301
28074 302
28122 303
28162 304
28170 305
28442 306
28557 307
28651 308
29034 309
29181 310
29198 311
29388 312
29454 313
29580 314
29601 315
29675 316
29723 317
29895 318
29943 319
29949 320
29957 321
30116 322
30155 323
30241 324
30390 325
30419 326
30571 327
30782 328
30816 329
30869 330
31037 331
31047 332
31162 333
31164 334
31280 335
31423 336
31445 337
31519 338
31575 339
31618 340
31623 341
31752 342
31834 343
31882 344
32248 345
32300 346
32384 347
32422 348
32424 349
32525 350
32647 351
32801 352
32852 353
32946 354
32975 355
32980 356
32983 357
32995 358
33059 359
33059 360
33113 361
33208 362
33272 363
33415 364
33440 365
33444 366
33651 367
33673 368
33824 369
33844 370
34032 371
34106 372
34149 373
34458 374
34516 375
34517 376
34572 377
34764 378
34788 379
34967 380
34967 381
35079 382
35258 383
35409 384
35559 385
35571 386
35627 387
35639 388
35698 389
36079 390
36117 391
36269 392
36318 393
36337 394
36360 395
36437 396
36439 397
36483 398
36634 399
36663 400
36668 401
36686 402
36751 403
36763 404
36861 405
36915 406
37179 407
37222 408
37430 409
37464 410
37481 411
37676 412
37678 413
37819 414
37987 415
37995 416
38136 417
38154 418
38155 419
38225 420
38288 421
38371 422
38472 423
38567 424
38692 425
38810 426
38916 427
38962 428
39019 429
39019 430
39047 431
39054 432
39061 433
39061 434
39062 435
39107 436
39116 437
39341 438
39357 439
39388 440
39488 441
39544 442
39764 443
39841 444
40034 445
40074 446
40206 447
40295 448
40386 449
40456 450
40475 451
40492 452
40555 453
40599 454
40656 455
40670 456
40691 457
40967 458
41093 459
41157 460
41162 461
41327 462
41447 463
41687 464
41717 465
41781 466
41914 467
41937 468
41983 469
41993 470
42241 471
42439 472
42455 473
42507 474
42644 475
42656 476
42728 477
42778 478
42783 479
42997 480
43043 481
43116 482
43446 483
43571 484
43647 485
43699 486
43715 487
43919 488
43938 489
44003 490
44026 491
44506 492
44516 493
44634 494
44686 495
44733 496
44758 497
44827 498
44828 499
44879 500
45047 501
45115 502
45115 503
45115 504
45138 505
45240 506
45307 507
45372 508
45630 509
45663 510
45709 511
45924 512
45992 513
45997 514
46060 515
46060 516
46079 517
46108 518
46205 519
46223 520
46262 521
46323 522
46391 523
46490 524
46570 525
47033 526
47090 527
47126 528
47173 529
47237 530
47259 531
47281 532
47319 533
47465 534
47503 535
47603 536
47645 537
47857 538
47872 539
47875 540
47895 541
47982 542
48094 543
48135 544
48191 545
48477 546
48575 547
48670 548
48780 549
48910 550
48919 551
48919 552
48942 553
48947 554
49048 555
49100 556
49178 557
49182 558
49223 559
49658 560
49700 561
49718 562
49826 563
49912 564
49935 565
49939 566
49969 567
50099 568
50126 569
50211 570
50403 571
50511 572
50537 573
50635 574
50662 575
50664 576
50785 577
50791 578
50883 579
50892 580
51026 581
51057 582
51167 583
51515 584
51578 585
51623 586
51644 587
51698 588
51911 589
51912 590
51938 591
51948 592
52065 593
52092 594
52098 595
52109 596
52147 597
52283 598
52439 599
52527 600
52544 601
52629 602
52848 603
52999 604
53125 605
53147 606
53260 607
53271 608
53365 609
53383 610
53421 611
53494 612
53542 613
53657 614
53825 615
53919 616
54247 617
54343 618
54529 619
54688 620
54701 621
54769 622
54895 623
55071 624
55083 625
55243 626
55766 627
55827 628
55847 629
55858 630
56007 631
56087 632
56090 633
56212 634
56264 635
56479 636
56520 637
56532 638
56581 639
56582 640
56719 641
56951 642
57203 643
57327 644
57376 645
57580 646
57672 647
57707 648
57751 649
57831 650
57988 651
58091 652
58107 653
58221 654
58319 655
58392 656
58572 657
58612 658
58682 659
58695 660
58819 661
58825 662
58989 663
59187 664
59190 665
59300 666
59378 667
59383 668
59444 669
59480 670
59727 671
59876 672
59981 673
59987 674
60060 675
60082 676
60179 677
60306 678
60416 679
60494 680
60560 681
60713 682
60796 683
60927 684
60975 685
61043 686
61073 687
61095 688
61175 689
61223 690
61443 691
61797 692
61826 693
61895 694
61949 695
62127 696
62229 697
62324 698
62358 699
62902 700
63081 701
63109 702
63240 703
63243 704
63285 705
63433 706
63571 707
63652 708
63755 709
63771 710
64020 711
64095 712
64119 713
64194 714
64331 715
64781 716
64999 717
65112 718
65259 719
65314 720
65338 721
65507 722
65567 723
65591 724
65631 725
65738 726
65935 727
65943 728
65976 729
66031 730
66377 731
66489 732
66508 733
66612 734
66619 735
66689 736
66704 737
66771 738
66936 739
67031 740
67348 741
67359 742
67420 743
67423 744
67466 745
67675 746
67933 747
68051 748
68075 749
68163 750
68240 751
68263 752
68334 753
68549 754
68843 755
68955 756
69046 757
69255 758
69304 759
69447 760
69573 761
69690 762
69811 763
69819 764
69948 765
70027 766
70106 767
70159 768
70519 769
70587 770
70676 771
70683 772
70807 773
70920 774
71139 775
71160 776
71264 777
71270 778
71290 779
71300 780
71412 781
71616 782
71637 783
71692 784
71702 785
71866 786
71909 787
72031 788
72044 789
72091 790
72101 791
72173 792
72387 793
72565 794
72749 795
72756 796
72758 797
72782 798
72818 799
72819 800
72896 801
72986 802
73016 803
73190 804
73317 805
73515 806
73855 807
73883 808
73948 809
73988 810
73993 811
74128 812
74129 813
74215 814
74244 815
74315 816
74316 817
74380 818
74382 819
74494 820
75081 821
75160 822
75187 823
75254 824
75271 825
75609 826
75738 827
75749 828
75760 829
75886 830
75972 831
76066 832
76165 833
76247 834
76479 835
76615 836
76766 837
76875 838
76931 839
77115 840
77122 841
77179 842
77181 843
77303 844
77472 845
77509 846
77576 847
77587 848
77591 849
77614 850
77647 851
77853 852
78199 853
78291 854
78307 855
78477 856
78480 857
78562 858
78629 859
78664 860
78842 861
78919 862
79046 863
79059 864
79419 865
79623 866
79783 867
79815 868
79818 869
79965 870
79992 871
80160 872
80447 873
80567 874
80617 875
80621 876
80778 877
80808 878
80870 879
80979 880
81219 881
81470 882
81572 883
81627 884
81655 885
81727 886
81955 887
82022 888
82030 889
82102 890
82106 891
82113 892
82303 893
82316 894
82360 895
82538 896
82640 897
82699 898
82760 899
82877 900
82882 901
83012 902
83070 903
83134 904
83337 905
83339 906
83404 907
83415 908
83547 909
83695 910
83704 911
83753 912
83794 913
83864 914
83897 915
83994 916
84030 917
84112 918
84334 919
84465 920
84622 921
84730 922
84839 923
84967 924
85102 925
85108 926
85186 927
85377 928
85391 929
85419 930
85447 931
85569 932
85570 933
85571 934
85666 935
85705 936
85736 937
85743 938
85812 939
85816 940
86077 941
86252 942
86387 943
86461 944
86475 945
86593 946
86641 947
86683 948
86688 949
86745 950
86763 951
86779 952
86833 953
86850 954
86999 955
87051 956
87355 957
87429 958
87507 959
87709 960
87846 961
88039 962
88062 963
88151 964
88177 965
88235 966
88266 967
88322 968
88401 969
88642 970
88965 971
88994 972
89139 973
89176 974
89192 975
89215 976
89279 977
89289 978
89331 979
89360 980
89436 981
89438 982
89445 983
89445 984
89633 985
89748 986
89788 987
89933 988
89979 989
90190 990
90293 991
90378 992
90402 993
90537 994
90558 995
90584 996
90707 997
90753 998
90843 999
90967 1000
91016 1001
91420 1002
91442 1003
91459 1004
91514 1005
91563 1006
91611 1007
91893 1008
91958 1009
92040 1010
92122 1011
92198 1012
92260 1013
92327 1014
92371 1015
92395 1016
92414 1017
92451 1018
92523 1019
92656 1020
92660 1021
92674 1022
92778 1023
92798 1024
92850 1025
92926 1026
93048 1027
93119 1028
93123 1029
93169 1030
93302 1031
93312 1032
93348 1033
93643 1034
93661 1035
93850 1036
93889 1037
93949 1038
94096 1039
94141 1040
94151 1041
94169 1042
94236 1043
94270 1044
94463 1045
94634 1046
94772 1047
94911 1048
94952 1049
95003 1050
95023 1051
95053 1052
95147 1053
95254 1054
95279 1055
95387 1056
95397 1057
95519 1058
95621 1059
95652 1060
96019 1061
96076 1062
96114 1063
96131 1064
96160 1065
96238 1066
96255 1067
96266 1068
96338 1069
96376 1070
96390 1071
96692 1072
96933 1073
96997 1074
97111 1075
97264 1076
97311 1077
97375 1078
97379 1079
97427 1080
97517 1081
97519 1082
97557 1083
97570 1084
97671 1085
97680 1086
97744 1087
98174 1088
98175 1089
98250 1090
98381 1091
98486 1092
98615 1093
98632 1094
98683 1095
98809 1096
98874 1097
98946 1098
98958 1099
99047 1100
99048 1101
99084 1102
99190 1103
99329 1104
99360 1105
99569 1106
99570 1107
99683 1108
100292 1109
100338 1110
100392 1111
100433 1112
100555 1113
100638 1114
100795 1115
100825 1116
101094 1117
101097 1118
101173 1119
101200 1120
101212 1121
101539 1122
101540 1123
101545 1124
101588 1125
101835 1126
101908 1127
101938 1128
102128 1129
102128 1130
102128 1131
102188 1132
102380 1133
102500 1134
102521 1135
102656 1136
102696 1137
102710 1138
102801 1139
102949 1140
103020 1141
103052 1142
103124 1143
103176 1144
103400 1145
103403 1146
103405 1147
103435 1148
103497 1149
103519 1150
103545 1151
103629 1152
103864 1153
103893 1154
103986 1155
104051 1156
104149 1157
104308 1158
104344 1159
104423 1160
104556 1161
104584 1162
104740 1163
104743 1164
104915 1165
104920 1166
105165 1167
105220 1168
105242 1169
105261 1170
105296 1171
105357 1172
105388 1173
105388 1174
105527 1175
105586 1176
105617 1177
105620 1178
105645 1179
105998 1180
106072 1181
106155 1182
106320 1183
106327 1184
106404 1185
106652 1186
106700 1187
106776 1188
106835 1189
107005 1190
107006 1191
107071 1192
107234 1193
107253 1194
107266 1195
107341 1196
107397 1197
107449 1198
107542 1199
107597 1200
107627 1201
107764 1202
107765 1203
107768 1204
107849 1205
107940 1206
107940 1207
108011 1208
108265 1209
108267 1210
108516 1211
108587 1212
108667 1213
108849 1214
108944 1215
108961 1216
108996 1217
109099 1218
109123 1219
109183 1220
109272 1221
109464 1222
109904 1223
110076 1224
110148 1225
110152 1226
110161 1227
110236 1228
110260 1229
110437 1230
110565 1231
110594 1232
110643 1233
110840 1234
110864 1235
110909 1236
110970 1237
111168 1238
111211 1239
111220 1240
111281 1241
111348 1242
111391 1243
111550 1244
111658 1245
111661 1246
111962 1247
112025 1248
112183 1249
112205 1250
112328 1251
112398 1252
112432 1253
112435 1254
112595 1255
112692 1256
112701 1257
112763 1258
112820 1259
112826 1260
112952 1261
113128 1262
113161 1263
113253 1264
113392 1265
113448 1266
113470 1267
113482 1268
113488 1269
113510 1270
113528 1271
113556 1272
113592 1273
113816 1274
113873 1275
113875 1276
113940 1277
113968 1278
114029 1279
114067 1280
114338 1281
114466 1282
114531 1283
114532 1284
114674 1285
114684 1286
114938 1287
115028 1288
115096 1289
115107 1290
115134 1291
115353 1292
115408 1293
115471 1294
115548 1295
115568 1296
115615 1297
115659 1298
115746 1299
115754 1300
115806 1301
115976 1302
115984 1303
115988 1304
116082 1305
116121 1306
116280 1307
116411 1308
116534 1309
116546 1310
116712 1311
116728 1312
116852 1313
116950 1314
117142 1315
117235 1316
117240 1317
117264 1318
117584 1319
117675 1320
117871 1321
118008 1322
118024 1323
118183 1324
118403 1325
118737 1326
118773 1327
118774 1328
119006 1329
119090 1330
119257 1331
119357 1332
119365 1333
119410 1334
119440 1335
119441 1336
119502 1337
119764 1338
119832 1339
119833 1340
120118 1341
120212 1342
120249 1343
120300 1344
120487 1345
120552 1346
120616 1347
120670 1348
120777 1349
120848 1350
121117 1351
121243 1352
121344 1353
121353 1354
121396 1355
121513 1356
121590 1357
121700 1358
121740 1359
121767 1360
121868 1361
121975 1362
122108 1363
122223 1364
122227 1365
122232 1366
122256 1367
122291 1368
122333 1369
122339 1370
122785 1371
122823 1372
122866 1373
122971 1374
123066 1375
123100 1376
123210 1377
123221 1378
123283 1379
123349 1380
123574 1381
123896 1382
123924 1383
123937 1384
123966 1385
124135 1386
124182 1387
124184 1388
124204 1389
124254 1390
124544 1391
124896 1392
124951 1393
125082 1394
125236 1395
125289 1396
125308 1397
125329 1398
125424 1399
125434 1400
125524 1401
125631 1402
125811 1403
125831 1404
126004 1405
126226 1406
126269 1407
126292 1408
126394 1409
126700 1410
126780 1411
126827 1412
126860 1413
126892 1414
126936 1415
127058 1416
127107 1417
127108 1418
127114 1419
127216 1420
127247 1421
127620 1422
127669 1423
127783 1424
128290 1425
128644 1426
128664 1427
128664 1428
128668 1429
128704 1430
128794 1431
128912 1432
128920 1433
129223 1434
129445 1435
129538 1436
129716 1437
129736 1438
129748 1439
129757 1440
129778 1441
130080 1442
130228 1443
130278 1444
130324 1445
130652 1446
130722 1447
130724 1448
130807 1449
131009 1450
131042 1451
131128 1452
131129 1453
131140 1454
131198 1455
131340 1456
131393 1457
131517 1458
131594 1459
131611 1460
131729 1461
131761 1462
131805 1463
131819 1464
131833 1465
131980 1466
131981 1467
132000 1468
132051 1469
132216 1470
132303 1471
132499 1472
132506 1473
132570 1474
132688 1475
132711 1476
132728 1477
132891 1478
132920 1479
133328 1480
133467 1481
133564 1482
133617 1483
133728 1484
133767 1485
133807 1486
133828 1487
134004 1488
134035 1489
134173 1490
134199 1491
134441 1492
134540 1493
134547 1494
134568 1495
134593 1496
135056 1497
135088 1498
135336 1499
135499 1500
135602 1501
135603 1502
135715 1503
135760 1504
135802 1505
135816 1506
135861 1507
135921 1508
135928 1509
136036 1510
136043 1511
136088 1512
136135 1513
136160 1514
136319 1515
136516 1516
136548 1517
136599 1518
136600 1519
136606 1520
136652 1521
136723 1522
136733 1523
136795 1524
136873 1525
136916 1526
136930 1527
136968 1528
137012 1529
137072 1530
137131 1531
137176 1532
137237 1533
137480 1534
137667 1535
137872 1536
137911 1537
138172 1538
138239 1539
138242 1540
138342 1541
138356 1542
138398 1543
138429 1544
138576 1545
138596 1546
138671 1547
138772 1548
138959 1549
138960 1550
138975 1551
139051 1552
139131 1553
139145 1554
139172 1555
139305 1556
139401 1557
139414 1558
139609 1559
139664 1560
139828 1561
139838 1562
140103 1563
140114 1564
140250 1565
140257 1566
140258 1567
140360 1568
140452 1569
140512 1570
140600 1571
140632 1572
140639 1573
140709 1574
140720 1575
140726 1576
140874 1577
141021 1578
141228 1579
141283 1580
141323 1581
141324 1582
141340 1583
141448 1584
141459 1585
141598 1586
141727 1587
142008 1588
142009 1589
142055 1590
142095 1591
142121 1592
142207 1593
142329 1594
142452 1595
142461 1596
142464 1597
142801 1598
142804 1599
142804 1600
142937 1601
143040 1602
143104 1603
143111 1604
143139 1605
143169 1606
143230 1607
143232 1608
143240 1609
143428 1610
143610 1611
143619 1612
143674 1613
143684 1614
143728 1615
143794 1616
143961 1617
143992 1618
144000 1619
144045 1620
144056 1621
144281 1622
144283 1623
144287 1624
144288 1625
144542 1626
144601 1627
144813 1628
144880 1629
145003 1630
145011 1631
145061 1632
145073 1633
145097 1634
145102 1635
145124 1636
145276 1637
145406 1638
145418 1639
145445 1640
145692 1641
145820 1642
145834 1643
145940 1644
146021 1645
146128 1646
146267 1647
146361 1648
146537 1649
146641 1650
146646 1651
146772 1652
146811 1653
146857 1654
146912 1655
147116 1656
147195 1657
147333 1658
147340 1659
147357 1660
147516 1661
147753 1662
147985 1663
148012 1664
148089 1665
148194 1666
148284 1667
148289 1668
148363 1669
148476 1670
148561 1671
148573 1672
148768 1673
148904 1674
148938 1675
149030 1676
149040 1677
149044 1678
149060 1679
149235 1680
149310 1681
149344 1682
149422 1683
149523 1684
149564 1685
149751 1686
149963 1687
150078 1688
150140 1689
150199 1690
150246 1691
150266 1692
150389 1693
150469 1694
150524 1695
150541 1696
150545 1697
150588 1698
150641 1699
150712 1700
150723 1701
150893 1702
151078 1703
151100 1704
151242 1705
151452 1706
151535 1707
151537 1708
151614 1709
151692 1710
151717 1711
151800 1712
151849 1713
151908 1714
151952 1715
152062 1716
152066 1717
152272 1718
152484 1719
152590 1720
152652 1721
152799 1722
153040 1723
153233 1724
153273 1725
153390 1726
153407 1727
153537 1728
153555 1729
153608 1730
153779 1731
153844 1732
153846 1733
153956 1734
154060 1735
154073 1736
154096 1737
154129 1738
154136 1739
154162 1740
154234 1741
154280 1742
154316 1743
154554 1744
154657 1745
154801 1746
154812 1747
154900 1748
155079 1749
155248 1750
155271 1751
155326 1752
155400 1753
155716 1754
155761 1755
155769 1756
155851 1757
155915 1758
156012 1759
156066 1760
156072 1761
156094 1762
156180 1763
156387 1764
156410 1765
156607 1766
156635 1767
156845 1768
156945 1769
157184 1770
157235 1771
157274 1772
157292 1773
157348 1774
157566 1775
157577 1776
157600 1777
157869 1778
157934 1779
158022 1780
158035 1781
158036 1782
158131 1783
158240 1784
158288 1785
158424 1786
158460 1787
158570 1788
158573 1789
158662 1790
158663 1791
158968 1792
159034 1793
159080 1794
159101 1795
159103 1796
159202 1797
159419 1798
159688 1799
159711 1800
159772 1801
159829 1802
159854 1803
159888 1804
159944 1805
159945 1806
160053 1807
160063 1808
160071 1809
160216 1810
160316 1811
160317 1812
160374 1813
160430 1814
160454 1815
160962 1816
161004 1817
161183 1818
161207 1819
161292 1820
161324 1821
161440 1822
161567 1823
161568 1824
161569 1825
161713 1826
161728 1827
161982 1828
162185 1829
162321 1830
162338 1831
162405 1832
162650 1833
162683 1834
162718 1835
162826 1836
163191 1837
163468 1838
163529 1839
163590 1840
163668 1841
163694 1842
163766 1843
163791 1844
163829 1845
163938 1846
164122 1847
164163 1848
164173 1849
164360 1850
164408 1851
164436 1852
164436 1853
164509 1854
164561 1855
164618 1856
164643 1857
164904 1858
164914 1859
164942 1860
164970 1861
164972 1862
165046 1863
165112 1864
165162 1865
165175 1866
165278 1867
165356 1868
165480 1869
165523 1870
165656 1871
165842 1872
165844 1873
165992 1874
165998 1875
166026 1876
166130 1877
166204 1878
166466 1879
166509 1880
166510 1881
166521 1882
166593 1883
166833 1884
166841 1885
167109 1886
167118 1887
167304 1888
167492 1889
167504 1890
167641 1891
167863 1892
168033 1893
168061 1894
168157 1895
168243 1896
168336 1897
168365 1898
168384 1899
168452 1900
168471 1901
168606 1902
169120 1903
169153 1904
169350 1905
169381 1906
169567 1907
169609 1908
169705 1909
169712 1910
169749 1911
169773 1912
170002 1913
170133 1914
170154 1915
170245 1916
170606 1917
170685 1918
170710 1919
170846 1920
170979 1921
171049 1922
171049 1923
171128 1924
171282 1925
171283 1926
171344 1927
171560 1928
171561 1929
171618 1930
171673 1931
171726 1932
171894 1933
171945 1934
172046 1935
172066 1936
172141 1937
172179 1938
172330 1939
172344 1940
172430 1941
172649 1942
172700 1943
172715 1944
172717 1945
172817 1946
172837 1947
172838 1948
173005 1949
173117 1950
173424 1951
173473 1952
173478 1953
173488 1954
173512 1955
173532 1956
173802 1957
173808 1958
173838 1959
173869 1960
174015 1961
174152 1962
174197 1963
174211 1964
174541 1965
174585 1966
174658 1967
174705 1968
174777 1969
174972 1970
175269 1971
175324 1972
175493 1973
175684 1974
175805 1975
175910 1976
175931 1977
176028 1978
176138 1979
176139 1980
176147 1981
176177 1982
176366 1983
176367 1984
176445 1985
176500 1986
176529 1987
176719 1988
176852 1989
176917 1990
176971 1991
177485 1992
177490 1993
177860 1994
178213 1995
178293 1996
178465 1997
178606 1998
178636 1999
178686 2000
178690 2001
178743 2002
178925 2003
179113 2004
179209 2005
179474 2006
179498 2007
179533 2008
179566 2009
179706 2010
179818 2011
180012 2012
180036 2013
180040 2014
180183 2015
180269 2016
180427 2017
180520 2018
180551 2019
180575 2020
180633 2021
180690 2022
180709 2023
180720 2024
180817 2025
180868 2026
181083 2027
181092 2028
181197 2029
181239 2030
181269 2031
181341 2032
181454 2033
181631 2034
181668 2035
181899 2036
181937 2037
181970 2038
181997 2039
182104 2040
182537 2041
182589 2042
182685 2043
182973 2044
183077 2045
183083 2046
183086 2047
183244 2048
183280 2049
183385 2050
183397 2051
183415 2052
183441 2053
183553 2054
183649 2055
183677 2056
183701 2057
183757 2058
183966 2059
184153 2060
184206 2061
184246 2062
184368 2063
184371 2064
184372 2065
184461 2066
184532 2067
184605 2068
184695 2069
184717 2070
185009 2071
185235 2072
185241 2073
185370 2074
185387 2075
185389 2076
185485 2077
185609 2078
185697 2079
185709 2080
185837 2081
185842 2082
186173 2083
186221 2084
186251 2085
186265 2086
186355 2087
186363 2088
186385 2089
186766 2090
186822 2091
186960 2092
186965 2093
186984 2094
187285 2095
187417 2096
187533 2097
187620 2098
187847 2099
187881 2100
187968 2101
188001 2102
188041 2103
188273 2104
188330 2105
188368 2106
188445 2107
188488 2108
188506 2109
188537 2110
188664 2111
188690 2112
188779 2113
189080 2114
189209 2115
189346 2116
189355 2117
189411 2118
189413 2119
189650 2120
189813 2121
189916 2122
190114 2123
190122 2124
190141 2125
190181 2126
190198 2127
190294 2128
190321 2129
190359 2130
190402 2131
190403 2132
190405 2133
190412 2134
190460 2135
190672 2136
190685 2137
191074 2138
191178 2139
191196 2140
191204 2141
191228 2142
191240 2143
191297 2144
191305 2145
191337 2146
191370 2147
191405 2148
191469 2149
191549 2150
191550 2151
191576 2152
191788 2153
191821 2154
191844 2155
191939 2156
192057 2157
192065 2158
192065 2159
192352 2160
192653 2161
192664 2162
192680 2163
192709 2164
192765 2165
192814 2166
192894 2167
192899 2168
193131 2169
193141 2170
193233 2171
193304 2172
193386 2173
193421 2174
193476 2175
193477 2176
193531 2177
193690 2178
193985 2179
194011 2180
194013 2181
194065 2182
194087 2183
194146 2184
194545 2185
194581 2186
194617 2187
194624 2188
194625 2189
194644 2190
194644 2191
194645 2192
194712 2193
194713 2194
194741 2195
194949 2196
194964 2197
195198 2198
195345 2199
195537 2200
195765 2201
195949 2202
196004 2203
196071 2204
196086 2205
196102 2206
196122 2207
196402 2208
196434 2209
196513 2210
196597 2211
196653 2212
196730 2213
196761 2214
196788 2215
197052 2216
197057 2217
197305 2218
197337 2219
197456 2220
197489 2221
197693 2222
197746 2223
198099 2224
198178 2225
198216 2226
198257 2227
198334 2228
198360 2229
198408 2230
