0 0
0 1
16 2
16 3
21 4
28 4
40 4
40 4
45 4
46 5
51 5
110 6
119 6
120 7
139 7
155 6
155 7
155 7
155 8
156 7
156 7
157 7
157 8
157 8
157 8
157 8
157 8
158 8
158 8
158 8
158 8
158 8
159 8
168 8
169 8
170 9
170 9
172 9
183 9
189 9
190 9
192 10
210 11
228 12
268 13
276 14
282 14
284 13
288 13
296 14
384 15
385 15
400 14
432 15
438 16
447 16
448 17
458 17
460 18
469 19
488 20
504 21
507 20
516 21
516 21
518 21
521 21
525 21
532 22
532 22
536 21
536 20
538 20
540 20
540 19
549 20
557 21
557 22
563 22
568 22
571 23
575 22
581 23
592 23
596 23
651 24
656 25
696 26
708 27
720 28
724 29
725 29
726 29
726 30
728 30
729 31
734 31
736 30
736 29
739 29
764 28
771 29
776 30
776 31
792 32
794 33
796 32
798 32
800 31
800 30
802 29
802 28
802 27
804 28
809 28
849 29
864 29
873 29
876 29
878 29
879 29
887 30
901 31
912 32
917 32
941 33
947 32
957 33
964 32
971 32
972 32
973 31
976 30
980 31
985 32
996 33
1000 32
1024 33
1026 34
1026 34
1064 35
1120 36
1157 37
1160 38
1167 39
1180 38
1182 38
1188 37
1220 36
1233 36
1246 37
1253 36
1254 35
1257 36
1268 37
1268 38
1268 39
1269 40
1269 41
1269 42
1291 43
1292 42
1292 41
1301 41
1309 42
1312 43
1313 44
1317 45
1323 46
1334 45
1347 45
1373 45
1380 46
1466 47
1475 46
1475 47
1480 47
1481 46
1504 47
1504 48
1511 47
1526 48
1527 47
1529 48
1537 47
1539 46
1541 45
1541 44
1545 45
1552 44
1553 45
1556 46
1565 45
1567 44
1567 43
1568 42
1568 41
1568 40
1571 39
1571 39
1573 38
1573 38
1573 37
1574 36
1574 36
1575 36
1576 36
1578 35
1578 35
1579 35
1581 34
1583 34
1584 35
1584 36
1584 36
1586 36
1587 36
1587 36
1604 37
1620 37
1627 36
1636 37
1651 36
1656 35
1671 35
1671 34
1677 33
1708 34
1720 35
1721 36
1738 37
1786 38
1792 39
1794 39
1795 40
1796 39
1800 38
1800 37
1800 36
1804 36
1853 37
1872 38
1880 37
1896 38
1909 37
1939 38
1940 39
1951 38
1951 37
1955 38
1956 38
1959 37
1960 36
1992 37
2000 38
2003 39
2031 40
2053 41
2067 40
2090 41
2111 40
2111 39
2142 40
2162 39
2176 39
2176 40
2177 39
2184 38
2216 39
2218 40
2235 39
2256 40
2272 39
2274 40
2275 39
2278 38
2278 37
2292 36
2300 37
2304 36
2312 37
2332 37
2335 38
2337 39
2347 40
2354 40
2355 40
2365 39
2365 39
2365 39
2366 38
2366 38
2367 38
2368 37
2370 36
2376 35
2405 36
2408 37
2408 38
2417 39
2428 40
2455 39
2456 40
2459 41
2462 42
2468 41
2468 41
2476 42
2496 41
2496 40
2559 41
2560 41
2561 42
2588 43
2594 44
2608 43
2612 42
2614 41
2619 40
2622 41
2640 41
2640 40
2652 41
2657 42
2672 41
2672 40
2672 40
2679 39
2692 40
2696 41
2705 40
2717 39
2718 40
2730 40
2731 41
2757 42
2768 43
2770 44
2792 43
2795 44
2809 45
2822 44
2826 45
2846 46
2848 47
2852 48
2864 48
2864 47
2864 47
2865 46
2867 45
2867 45
2878 44
2896 45
2908 45
2924 46
2944 47
2953 48
2960 48
2962 47
2963 47
2964 47
2969 47
2971 46
2972 45
2972 46
2972 46
2975 45
2979 46
2979 47
3009 46
3013 47
3028 46
3028 45
3032 44
3036 45
3036 44
3107 45
3120 46
3128 47
3129 48
3131 49
3136 50
3145 49
3146 49
3146 48
3148 47
3149 46
3150 46
3152 45
3152 44
3152 43
3153 42
3163 41
3195 42
3203 43
3204 42
3225 43
3237 44
3237 45
3240 46
3248 45
3259 45
3298 46
3315 45
3315 46
3322 47
3332 46
3332 45
3372 46
3384 45
3404 44
3408 45
3408 46
3420 47
3420 48
3467 49
3492 48
3500 47
3512 48
3514 49
3546 50
3548 51
3577 50
3579 49
3584 48
3584 47
3613 48
3616 49
3628 50
3637 49
3640 50
3640 49
3640 49
3662 50
3680 49
3696 50
3704 51
3718 50
3736 51
3736 52
3756 53
3792 52
3804 53
3821 54
3823 55
3828 54
3836 55
3876 54
3877 53
3885 52
3892 53
3897 54
3944 55
3945 54
3947 55
4012 56
4012 57
4020 58
4086 59
4092 60
4102 59
4123 60
4135 61
4162 62
4200 61
4236 62
4240 61
4240 62
4260 61
4263 62
4300 63
4315 62
4318 63
4340 64
4343 65
4346 66
4347 65
4417 66
4464 67
4468 68
4556 69
4568 68
4595 69
4613 68
4617 67
4626 66
4631 67
4640 66
4666 65
4675 64
4700 63
4709 62
4748 63
4777 62
4788 61
4821 60
4872 59
4876 60
4883 61
4883 62
4898 63
4927 62
4929 61
4984 60
5007 59
5021 60
5052 59
5058 58
5120 57
5129 56
5140 57
5168 58
5175 59
5234 60
5254 59
5262 60
5289 61
5312 62
5353 61
5372 62
5377 61
5413 62
5439 63
5448 62
5472 63
5516 64
5527 63
5564 64
5620 63
5657 62
5668 61
5671 62
5676 61
5677 62
5756 63
5759 64
5763 65
5790 64
5824 65
5834 66
5839 67
5840 68
5862 69
5901 68
5974 69
5984 68
6031 67
6040 66
6054 65
6062 64
6123 63
6129 64
6140 65
6154 66
6216 65
6250 66
6271 67
6340 68
6368 69
6372 70
6381 71
6387 72
6411 71
6454 70
6468 69
6474 68
6608 69
6648 70
6648 71
6655 70
6659 71
6732 70
6792 69
6804 70
6865 69
6881 68
6937 69
6960 68
7036 69
7036 70
7048 70
7048 71
7057 70
7085 69
7109 68
7122 69
7164 68
7172 69
7191 70
7200 69
7208 68
7208 67
7235 66
7247 65
7307 64
7468 63
7477 64
7482 65
7520 64
7543 65
7554 66
7566 65
7616 66
7632 65
7655 66
7796 65
7811 66
7822 65
7830 66
7844 67
7928 66
7929 65
7950 66
7952 67
7952 68
7955 69
8015 68
8051 67
8067 66
8073 65
8140 66
8177 65
8240 66
8273 65
8276 64
8285 65
8316 64
8322 63
8342 64
8344 65
8366 64
8385 63
8390 64
8420 65
8428 66
8477 65
8508 64
8520 65
8529 66
8534 67
8597 68
8658 69
8688 68
8709 67
8714 66
8809 65
8814 66
8851 65
8857 64
8888 65
8898 66
8900 65
8918 66
8932 65
8964 64
9024 65
9043 64
9058 63
9059 64
9161 63
9172 64
9182 63
9192 64
9215 63
9275 64
9276 65
9292 64
9305 63
9348 62
9368 63
9375 62
9419 63
9428 62
9444 63
9457 62
9467 63
9492 64
9572 63
9615 64
9624 65
9634 64
9680 64
9684 65
9772 64
9784 63
9814 62
9835 61
9887 62
9888 63
9888 64
9891 65
9960 64
9976 63
9997 64
10005 63
10045 64
10074 65
10088 64
10172 63
10173 62
10192 63
10212 62
10218 61
10267 60
10275 59
10293 58
10320 57
10331 56
10335 57
10340 58
10341 59
10344 60
10382 59
10396 60
10398 61
10402 62
10426 61
10447 62
10460 63
10461 64
10485 63
10556 62
10561 63
10588 64
10739 65
10740 64
10742 63
10752 64
10794 63
10796 64
10829 63
10850 64
10871 65
10872 64
10880 65
10898 64
10912 63
10914 62
10919 61
11027 62
11056 63
11073 64
11127 65
11156 64
11172 63
11240 62
11244 61
11248 62
11248 61
11267 60
11284 59
11321 60
11344 60
11346 61
11352 60
11376 61
11384 62
11412 63
11468 64
11472 65
11523 64
11529 63
11556 62
11661 63
11697 62
11710 63
11716 64
11728 65
11744 66
11791 65
11796 66
11831 65
11838 66
11847 65
11854 66
11885 65
11891 64
11892 63
11893 62
11899 61
11927 60
11956 61
11970 62
12006 61
12024 60
12037 61
12040 60
12072 61
12075 60
12078 59
12093 58
12101 59
12127 60
12166 61
12209 62
12304 63
12376 64
12396 63
12397 62
12441 61
12493 62
12516 61
12532 60
12564 61
12564 62
12605 61
12607 62
12607 61
12608 62
12609 63
12619 64
12619 65
12628 64
12713 65
12724 64
12733 63
12768 62
12772 61
12828 62
12840 63
12872 62
12894 63
12920 64
12936 65
12936 66
13017 67
13081 66
13082 65
13093 64
13122 65
13161 64
13176 63
13178 62
13192 61
13197 62
13274 61
13312 62
13384 61
13392 62
13399 63
13461 64
13508 63
13521 64
13528 65
13546 64
13620 63
13621 64
13624 63
13625 62
13626 61
13703 62
13844 63
13844 64
13863 65
13894 64
13895 65
13953 66
13956 65
13980 66
14035 65
14042 64
14088 63
14090 62
14107 61
14118 62
14124 61
14173 62
14179 63
14180 64
14221 65
14256 66
14276 66
14287 65
14292 66
14335 67
14344 68
14345 69
14360 68
14403 69
14442 68
14481 69
14485 70
14517 71
14526 70
14548 69
14587 68
14596 69
14719 70
14749 69
14784 68
14795 67
14806 68
14818 67
14839 66
14839 65
14854 64
14860 63
14900 64
14916 63
14931 64
14965 65
14980 64
14992 63
14996 62
15025 63
15035 64
15070 63
15071 62
15071 61
15073 60
15080 61
15104 62
15110 63
15111 62
15194 61
15208 60
15216 61
15272 62
15327 61
15327 62
15337 61
15360 60
15409 59
15502 60
15504 61
15504 62
15535 63
15571 64
15577 65
15618 64
15655 65
15664 66
15668 67
15680 68
15739 67
15758 66
15759 67
15832 68
15845 69
15849 70
15888 71
15931 70
15949 69
15953 68
16043 69
16044 70
16064 69
16105 68
16141 67
16165 68
16204 69
16292 68
16307 67
16312 68
16362 67
16537 66
16538 65
16562 66
16576 67
16594 66
16634 67
16644 68
16648 69
16650 70
16732 69
16747 68
16818 67
16818 66
16837 67
16848 68
16868 69
16940 68
16952 67
16953 66
16992 65
17052 64
17096 63
17146 64
17160 65
17216 64
17248 65
17254 66
17260 67
17261 68
17264 69
17269 70
17298 69
17326 68
17348 67
17374 66
17432 65
17496 66
17516 65
17528 64
17622 63
17678 62
17704 61
17720 62
17737 61
17763 62
17769 63
17776 62
17784 63
17824 64
17877 65
17883 66
17890 65
17899 66
17908 67
17932 66
18053 67
18085 66
18125 67
18146 66
18189 65
18203 64
18229 63
18250 64
18252 65
18259 66
18264 67
18264 68
18271 67
18276 66
18328 65
18331 64
18339 63
18376 62
18380 61
18446 60
18463 61
18508 62
18570 61
18590 60
18593 61
18602 60
18642 59
18642 58
18643 59
18672 58
18676 59
18682 58
18696 59
18743 60
18753 59
18764 58
18764 57
18797 58
18872 59
18876 58
18916 59
19040 60
19043 61
19044 60
19081 59
19082 60
19085 61
19105 60
19112 59
19116 60
19210 61
19218 62
19222 63
19285 64
19311 63
19342 62
19344 63
19370 62
19438 61
19460 62
19460 63
19472 64
19515 65
19517 66
19594 65
19604 64
19620 63
19623 64
19635 65
19636 66
19676 67
19680 68
19683 67
19743 66
19794 65
19852 66
19905 67
19928 66
19948 65
19962 64
19967 63
19976 62
19983 61
20016 60
20021 59
20028 60
20046 59
20076 60
20092 61
20103 62
20132 63
20134 64
20168 65
20184 66
20203 67
20244 66
20280 65
20293 64
20300 65
20304 64
20324 65
20456 64
20458 63
20519 64
20551 63
20558 62
20561 61
20570 62
20629 63
20632 62
20645 61
20648 60
20674 59
20700 58
20706 59
20718 60
20725 59
20761 60
20776 61
20776 62
20804 63
20822 62
20882 61
20907 62
20969 61
21024 62
21064 63
21073 64
21154 65
21175 64
21182 63
21215 64
21219 65
21224 66
21271 65
21298 64
21305 65
21309 66
21401 66
21416 65
21444 64
21452 63
21472 62
21473 61
21493 62
21541 61
21552 60
21559 59
21588 60
21616 61
21619 62
21623 63
21637 62
21664 61
21696 62
21750 63
21750 64
21767 63
21776 64
21805 65
21846 66
21876 67
21882 66
21884 67
21888 66
21997 65
22013 64
22019 65
22021 64
22037 63
22052 64
22067 65
22083 64
22108 65
22151 64
22172 63
22186 62
22242 63
22245 62
22249 63
22343 62
22402 63
22404 62
22437 63
22463 62
22466 61
22472 60
22480 61
22505 62
22516 61
22528 62
22560 61
22657 62
22684 63
22703 62
22809 61
22811 62
22812 63
22875 62
22896 61
22905 60
22920 61
22936 62
22944 63
22944 64
22953 65
22958 66
23064 65
23067 64
23086 65
23087 66
23124 67
23152 68
23153 69
23154 70
23164 71
23170 70
23205 69
23222 68
23224 69
23237 70
23242 69
23256 68
23299 67
23321 66
23357 67
23392 66
23426 67
23428 66
23436 65
23450 66
23469 65
23475 64
23483 63
23516 62
23530 61
23532 60
23578 59
23598 58
23600 57
23646 58
23700 59
23715 60
23716 61
23749 60
23772 61
23804 60
23852 59
23864 58
23865 59
23867 58
23877 59
23888 58
23926 59
23944 58
23947 57
23950 58
23953 59
23970 58
24104 57
24120 56
24154 57
24178 58
24234 57
24236 58
24263 57
24292 58
24360 59
24360 58
24371 57
24381 56
24388 57
24490 58
24496 59
24496 60
24500 61
24543 62
24552 63
24562 64
24585 65
24604 66
24638 65
24670 64
24697 63
24740 62
24740 61
24781 62
24793 61
24806 62
24824 63
24833 64
24840 65
24876 64
24876 63
24882 64
24905 65
24916 64
24932 63
24944 64
25006 63
25056 62
25095 61
25111 60
25132 61
25193 60
25231 59
25237 60
25262 59
25264 60
25277 61
25280 62
25290 62
25296 61
25308 62
25334 63
25355 64
25372 63
25383 62
25403 63
25406 64
25437 63
25448 64
25490 65
25495 66
25534 65
25536 64
25548 63
25609 62
25681 63
25692 63
25694 64
25710 63
25710 62
25733 63
25764 64
25839 63
25858 62
25864 61
25941 60
25946 59
25952 58
25953 59
25954 60
26032 59
26064 59
26065 58
26065 58
26065 57
26069 58
26069 57
26073 57
26076 56
26077 57
26083 56
26083 55
26089 55
26090 54
26091 53
26092 53
26093 52
26176 53
26195 52
26210 51
26230 50
26248 51
26256 51
26257 50
26278 50
26280 50
26281 50
26283 49
26298 49
26342 50
26343 51
26349 52
26378 51
26379 52
26380 51
26388 51
26392 51
26465 52
26507 53
26527 52
26527 51
26584 52
26585 53
26592 54
26605 53
26605 53
26610 54
26615 55
26619 54
26622 53
26624 52
26654 53
26660 54
26668 54
26669 54
26736 55
26760 56
26760 55
26761 54
26772 53
26784 52
26785 51
26792 52
26801 51
26801 50
26801 49
26810 49
26816 48
26817 48
26817 48
26819 47
26836 48
26838 49
26847 48
26851 47
26867 46
26900 47
26904 48
26904 49
26908 49
26908 48
26911 47
26914 48
26919 47
26920 47
26920 47
26921 46
26921 46
26921 46
26926 47
26929 47
26931 46
26933 46
26933 45
26935 44
26938 44
26938 44
26944 45
26959 44
27005 45
27006 46
27007 47
27009 47
27041 46
27048 47
27057 48
27059 47
27068 48
27156 47
27160 48
27167 47
27177 46
27196 46
27216 47
27230 48
27239 48
27265 49
27280 48
27280 47
27281 46
27281 45
27285 45
27295 45
27304 45
27308 45
27310 45
27310 45
27334 44
27340 45
27345 46
27348 45
27349 44
27349 43
27349 43
27349 42
27349 41
27349 40
27350 39
27350 38
27360 38
27363 39
27364 39
27368 39
27376 39
27382 40
27382 39
27384 40
27393 41
27402 41
27403 40
27408 41
27418 40
27419 39
27422 40
27424 41
27426 40
27432 39
27482 40
27490 41
27514 41
27544 42
27544 43
27553 42
27556 41
27561 42
27564 43
27565 42
27574 43
27594 44
27600 43
27609 43
27610 43
27617 42
27628 43
27628 44
27644 45
27652 46
27661 46
27664 46
27665 46
27665 45
27666 45
27667 44
27667 43
27667 43
27667 43
27667 42
27667 41
27668 40
27668 40
27668 40
27668 39
27668 39
27668 38
27669 37
27669 37
27669 36
27669 35
27670 34
27676 34
27706 33
27716 32
27724 33
27734 32
27735 31
27735 31
27736 30
27736 31
27738 32
27744 31
27746 30
27746 30
27792 30
27798 31
27801 30
27801 30
27809 30
27813 31
27819 30
27861 31
27876 32
27900 33
27906 33
27915 32
27940 33
27944 32
27944 33
27956 34
27960 34
27962 33
27966 32
27970 32
27971 31
27973 30
27974 29
27982 29
27997 30
28003 31
28004 31
28005 32
28011 33
28016 33
28020 32
28024 32
28032 32
28062 33
28074 32
28076 32
28076 33
28084 32
28085 32
28090 31
28090 32
28091 33
28104 32
28124 31
28143 32
28172 33
28185 32
28192 32
28197 33
28199 32
28199 33
28200 34
28200 35
28204 34
28206 33
28212 32
28212 33
28229 32
28250 33
28263 32
28279 31
28280 32
28296 32
28296 31
28296 32
28296 33
28299 32
28329 31
28329 30
28336 31
28337 32
28337 33
28340 34
28343 33
28344 32
28347 33
28352 34
28355 34
28355 35
28361 34
28364 33
28380 32
28380 33
28387 33
28390 33
28393 33
28393 33
28397 33
28397 33
28404 32
28407 33
28485 34
28488 35
28489 35
28511 36
28520 35
28523 34
28529 33
28531 33
28533 32
28534 31
28556 30
28580 30
28580 31
28585 31
28624 32
28625 33
28647 34
28652 35
28653 36
28658 37
28668 38
28674 39
28680 38
28686 39
28695 38
28696 38
28701 38
28721 37
28731 38
28759 38
28776 39
28779 40
28792 41
28831 42
28840 43
28858 42
28859 43
28867 43
28868 43
28870 44
28871 44
28871 45
28871 44
28872 44
28880 44
28881 43
28884 44
28888 45
28890 44
28891 45
28892 46
28897 45
28900 46
28905 46
28911 45
28913 44
28913 43
28914 44
28916 44
28930 43
28937 44
28964 43
28968 44
28981 45
28994 46
29000 47
29005 46
29032 46
29044 45
29045 46
29049 46
29061 47
29065 46
29066 45
29070 44
29075 43
29075 42
29076 41
29077 40
29082 39
29096 40
29098 41
29104 41
29105 42
29106 42
29109 41
29113 41
29114 41
29124 42
29130 41
29137 41
29147 42
29156 41
29160 42
29167 43
29200 42
29208 41
29265 42
29267 43
29273 44
29273 43
29274 42
29276 43
29282 44
29292 43
29293 43
29325 44
29327 43
29336 44
29343 43
29352 44
29353 43
29363 44
29423 45
29427 45
29434 44
29445 45
29450 44
29454 45
29454 46
29476 47
29479 48
29522 49
29523 50
29548 51
29560 52
29565 53
29575 52
29588 53
29598 54
29600 55
29635 54
29661 53
29696 52
29707 53
29720 52
29750 53
29797 54
29798 53
29825 54
29829 55
29841 54
29877 55
29880 56
29885 57
29920 58
29938 59
29944 60
29946 59
29956 60
29968 59
29983 60
30007 59
30020 58
30032 57
30081 58
30093 57
30095 58
30095 59
30141 60
30149 61
30200 60
30206 60
30215 59
30228 58
30295 59
30314 58
30333 57
30356 58
30370 59
30370 58
30371 57
30371 56
30372 57
30372 58
30372 59
30372 60
30378 59
30378 59
30383 60
30403 59
30410 60
30451 61
30460 60
30500 61
30538 60
30555 59
30556 58
30559 57
30604 58
30605 59
30640 58
30643 59
30655 60
30713 61
30738 60
30746 60
30748 59
30776 58
30788 57
30793 56
30801 55
30820 56
30892 57
30912 56
30922 57
30925 56
30936 57
30937 58
30938 58
30945 59
31019 58
31029 59
31036 58
31058 59
31111 59
31115 58
31118 57
31120 56
31122 55
31124 56
31145 55
31146 56
31152 55
31154 54
31156 53
31159 53
31159 54
31161 53
31161 53
31162 53
31164 53
31164 53
31165 53
31168 52
31173 51
31174 50
31174 49
31190 50
31246 51
31267 50
31320 49
31333 50
31351 49
31375 50
31391 49
31397 50
31400 50
31406 50
31407 49
31408 48
31408 47
31415 46
31416 47
31417 47
31423 48
31424 47
31439 48
31461 47
31495 46
31524 47
31526 46
31542 45
31544 44
31550 45
31591 46
31636 47
31666 48
31668 48
31668 47
31669 46
31669 45
31670 45
31671 45
31671 45
31674 45
31677 44
31681 43
31682 42
31692 43
31707 42
31712 43
31732 44
31732 43
31733 44
31744 43
31744 42
31745 41
31745 40
31745 39
31745 38
31745 37
31745 37
31748 37
31756 36
31793 35
31796 36
31801 37
31836 38
31852 38
31856 37
31857 37
31867 38
31891 37
31912 38
31944 39
31951 38
31964 37
31965 36
31965 36
31965 35
31974 36
31981 37
31994 36
31996 35
32012 36
32019 37
32043 38
32044 39
32062 40
32090 41
32108 42
32123 43
32153 44
32192 45
32196 46
32204 45
32205 44
32205 45
32206 46
32214 46
32215 45
32223 44
32291 45
32294 44
32302 44
32324 43
32326 44
32330 45
32351 46
32352 47
32353 48
32370 49
32372 50
32396 51
32403 52
32413 53
32417 52
32418 51
32420 50
32422 49
32427 48
32428 47
32432 46
32451 47
32471 48
32496 49
32512 50
32517 49
32522 49
32524 48
32526 47
32552 48
32568 47
32575 46
32576 47
32584 46
32601 47
32609 46
32622 46
32671 47
32690 46
32730 45
32740 46
32743 45
32747 46
32750 45
32763 46
32784 47
32785 46
32796 47
32808 46
32811 45
32818 44
32836 45
32848 45
32863 46
32863 47
32866 48
32880 49
32886 48
32913 49
32914 50
32936 49
32945 48
32955 49
32958 50
32966 51
32967 52
32976 53
32985 54
33004 55
33012 56
33016 57
33029 58
33072 59
33073 60
33079 61
33169 62
33195 63
33199 62
33225 61
33276 62
33291 61
33320 62
33344 63
33350 64
33352 63
33353 62
33353 61
33360 62
33367 63
33379 62
33387 61
33434 60
33445 59
33455 60
33458 61
33496 62
33555 63
33559 64
33563 63
33572 62
33634 63
33635 64
33648 65
33671 66
33682 65
33685 66
33699 65
33732 64
33747 65
33767 66
33791 65
33791 64
33804 63
33809 64
33852 63
33876 62
33877 63
33880 64
33941 63
33973 62
33975 63
34000 62
34012 61
34026 60
34039 59
34048 58
34049 57
34051 56
34052 55
34085 54
34086 55
34136 54
34148 55
34154 56
34191 57
34220 56
34248 57
34270 56
34271 55
34332 54
34361 55
34388 56
34390 57
34396 56
34464 57
34483 58
34675 59
34685 58
34713 59
34716 60
34747 61
34748 62
34749 63
34752 64
34773 63
34793 62
34808 63
34834 62
34862 61
34864 60
34868 61
34870 60
34912 61
34961 60
35005 61
35021 62
35086 63
35124 62
35144 63
35152 62
35159 61
35212 62
35215 61
35219 60
35241 61
35242 62
35250 63
35253 63
35269 64
35289 63
35327 64
35337 63
35380 62
35390 63
35392 64
35401 65
35410 66
35500 65
35503 66
35528 67
35531 66
35562 65
35569 66
35576 65
35577 66
35579 67
35639 68
35667 67
35671 68
35725 69
35784 68
35816 69
35821 70
35854 69
35900 68
35908 67
35909 66
35970 67
35971 68
35974 67
35989 66
35993 65
35995 66
36007 65
36078 64
36095 63
36104 62
36155 61
36175 62
36200 63
36207 64
36216 63
36244 64
36268 65
36280 64
36282 63
36360 62
36381 61
36387 60
36436 61
36438 62
36483 61
36494 60
36519 61
36527 60
36532 61
36540 60
36540 59
36560 58
36646 59
36653 60
36684 61
36688 60
36730 59
36736 60
36801 61
36806 60
36823 59
36883 60
36883 59
36929 58
36932 59
36933 60
36934 61
36935 62
36937 63
36938 62
36964 61
36964 60
36978 61
36997 60
37003 59
37025 60
37028 61
37044 62
37047 63
37066 64
37144 65
37149 66
37152 67
37182 68
37183 67
37201 66
37204 67
37264 68
37303 67
37312 66
37326 67
37392 66
37414 67
37468 66
37503 67
37508 66
37516 65
37576 66
37585 67
37586 68
37607 67
37646 66
37736 65
37748 64
37787 63
37793 64
37794 63
37804 64
37832 65
37841 64
37876 65
37882 64
37919 65
37920 66
37922 67
37972 68
37978 69
37994 70
38028 69
38105 68
38110 67
38135 66
38169 67
38200 66
38208 67
38209 66
38232 65
38234 64
38243 63
38258 62
38269 61
38329 62
38392 61
38400 60
38449 59
38450 58
38452 59
38483 60
38529 59
38536 60
38590 61
38623 60
38632 61
38700 62
38746 61
38762 62
38774 61
38794 62
38796 63
38838 62
38875 61
38893 60
38902 61
38994 60
39004 61
39049 62
39057 63
39167 64
39169 63
39178 64
39180 65
39182 66
39186 67
39187 66
39239 65
39242 64
39286 63
39323 64
39386 65
39394 66
39398 67
39462 68
39464 67
39469 68
39470 69
39472 70
39524 70
39558 69
39567 68
39568 67
39576 66
39578 65
39581 64
39598 65
39615 64
39624 63
39648 64
39682 63
39735 62
39767 63
39767 62
39778 63
39778 64
39779 65
39839 64
39847 63
39856 64
39867 63
39875 62
39876 61
39877 60
39897 61
39907 60
39950 61
39971 60
40008 59
40050 60
40116 59
40144 58
40179 59
40230 58
40283 57
40293 58
40340 57
40351 56
40375 57
40376 58
40413 57
40425 56
40433 55
40435 54
40442 55
40442 56
40461 57
40506 58
40511 57
40542 58
40552 59
40565 60
40610 61
40674 62
40738 63
40746 64
40757 63
40760 64
40768 65
40893 66
40925 67
40925 68
40932 69
40940 70
40952 69
40952 70
41020 71
41046 70
41084 69
41118 68
41125 67
41156 68
41168 67
41172 68
41183 67
41219 68
41267 67
41278 68
41324 69
41333 70
41346 69
41360 68
41364 69
41397 68
41401 67
41402 66
41405 65
41411 64
41411 63
41413 62
41420 63
41538 64
41538 65
41544 64
41556 65
41612 66
41619 65
41629 66
41676 65
41731 64
41737 63
41772 64
41787 65
41801 64
41801 63
41809 64
41823 63
41824 64
41874 63
41881 62
41881 61
41882 62
41942 63
42008 62
42027 63
42097 64
42101 65
42165 64
42189 65
42217 66
42237 65
42285 66
42312 67
42336 68
42361 67
42377 66
42414 65
42425 64
42440 63
42448 64
42461 63
42493 64
42493 65
42510 64
42581 65
42722 66
42761 65
42840 64
42861 65
42889 64
42902 65
42924 66
42944 65
42970 66
42973 67
42992 66
42999 67
42999 68
43001 69
43117 70
43122 71
43160 70
43165 71
43185 70
43185 69
43186 70
43190 71
43222 71
43250 70
43257 69
43268 70
43386 71
43393 70
43464 71
43513 70
43528 69
43541 68
43595 67
43600 66
43605 65
43612 64
43641 63
43696 64
43709 63
43755 62
43761 61
43817 60
43845 59
43853 60
43890 59
43909 60
43921 59
43944 60
43949 61
43949 61
43949 61
43956 62
43978 61
43996 60
44018 61
44052 62
44104 61
44114 60
44132 59
44133 58
44141 57
44167 58
44226 59
44239 58
44301 57
44331 56
44389 57
44471 58
44475 59
44476 60
44496 61
44502 60
44515 61
44561 60
44571 59
44573 58
44597 59
44614 60
44641 59
44664 60
44674 59
44692 58
44757 57
44763 58
44774 59
44801 60
44801 61
44801 62
44897 63
44942 64
44945 63
44947 62
44995 63
45069 62
45076 63
45079 64
45149 63
45161 64
45179 65
45182 64
45195 65
45233 64
45241 65
45249 64
45270 65
45272 64
45301 63
45301 64
45310 65
45346 66
45349 67
45387 66
45461 65
45485 66
45501 67
45518 68
45567 69
45617 68
45620 67
45654 68
45655 69
45660 70
45662 71
45716 70
45745 71
45755 72
45772 71
45781 72
45786 73
45792 72
45800 73
45809 72
45844 71
45846 70
45847 69
45876 68
45945 69
46028 68
46068 67
46089 68
46092 67
46110 66
46169 65
46181 64
46200 63
46217 62
46237 61
46241 62
46284 61
46291 62
46322 61
46324 60
46362 61
46398 60
46410 61
46469 60
46536 61
46557 62
46558 63
46570 62
46573 63
46633 62
46668 63
46689 64
46696 63
46699 62
46702 61
46705 62
46711 61
46735 60
46742 59
46764 60
46770 61
46786 62
46793 61
46801 62
46805 63
46813 64
46818 63
46846 62
46940 61
46981 62
46982 61
46983 60
46999 61
47005 62
47024 61
47045 60
47077 61
47085 60
47086 61
47099 60
47105 61
47120 62
47131 63
47134 62
47146 61
47172 62
47195 61
47247 60
47257 61
47257 62
47264 63
47274 62
47285 63
47305 62
47327 63
47356 62
47397 61
47421 62
47469 61
47471 60
47480 61
47554 60
47566 59
47567 60
47654 61
47671 60
47720 61
47758 60
47778 61
47801 60
47803 59
47809 60
47841 59
47841 58
47852 59
47906 58
47955 59
47964 60
47976 61
48018 62
48052 63
48061 62
48062 63
48118 62
48128 63
48129 62
48131 61
48149 62
48170 61
48198 62
48239 63
48240 64
48313 65
48313 66
48321 67
48346 66
48403 65
48407 66
48485 65
48494 64
48526 65
48545 66
48596 67
48605 68
48617 69
48654 68
48660 67
48669 66
48685 65
48686 64
48698 63
48733 62
48739 63
48805 62
48820 63
48889 62
48933 63
48934 64
48941 63
48953 62
48969 61
49029 60
49040 61
49103 60
49104 59
49104 60
49114 61
49161 60
49180 59
49186 58
49193 57
49209 58
49291 59
49311 58
49311 57
49372 56
49373 57
49375 56
49375 57
49376 58
49379 59
49381 60
49382 61
49393 62
49447 61
49450 62
49463 61
49576 60
49608 61
49630 60
49681 59
49707 58
49708 57
49737 56
49741 55
49769 56
49771 55
49777 54
49781 55
49784 56
49790 55
49805 54
49824 53
49827 52
49831 51
49844 50
49870 49
49871 50
49878 51
49937 52
49965 51
50027 52
50053 53
50078 54
50129 55
50130 54
50134 55
50135 56
50140 57
50165 58
50168 59
50168 60
50177 59
50202 60
50237 61
50301 60
50316 61
50341 60
50354 61
50354 62
50408 63
50436 62
50442 63
50450 64
50535 63
50546 62
50570 63
50578 64
50580 63
50609 64
50609 65
50609 66
50627 65
50685 64
50692 63
50702 64
50712 63
50733 64
50779 63
50800 62
50831 63
50838 64
50850 65
50853 66
50874 65
50916 66
50916 65
50939 66
51002 65
51002 64
51011 63
51031 64
51042 65
51046 66
51098 67
51109 66
51153 65
51163 64
51165 63
51182 62
51186 61
51197 60
51197 59
51266 60
51274 59
51285 58
51285 57
51289 58
51291 59
51341 60
51373 59
51389 60
51474 61
51485 62
51501 63
51507 62
51520 61
51526 60
51528 59
51549 58
51561 57
51569 56
51596 57
51637 58
51648 57
51687 56
51703 57
51754 58
51767 59
51787 60
51888 59
51917 58
51921 57
51982 58
52021 59
52021 60
52023 59
52049 60
52069 59
52094 60
52145 61
52156 62
52201 63
52206 62
52212 63
52257 64
52264 65
52266 66
52286 67
52324 66
52414 67
52448 66
52449 67
52469 66
52486 65
52508 66
52515 67
52521 68
52532 69
52549 70
52563 71
52569 70
52650 69
52650 68
52662 67
52671 66
52673 65
52676 64
52677 63
52678 62
52683 63
52683 62
52725 61
52730 62
52767 61
52786 62
52796 63
52846 64
52847 63
52857 62
52877 61
52910 62
52945 61
52956 60
52991 61
53026 62
53033 61
53089 60
53091 59
53133 60
53133 61
53142 62
53142 63
53148 62
53192 61
53229 62
53242 63
53358 64
53407 63
53409 64
53409 65
53424 64
53569 63
53587 62
53634 63
53637 64
53701 65
53725 66
53729 67
53747 66
53773 65
53773 64
53786 65
53790 66
53800 65
53809 66
53839 65
53888 66
53897 65
53913 64
53929 63
53943 64
53963 63
54028 64
54029 65
54111 66
54120 67
54121 68
54131 67
54138 66
54162 65
54162 64
54192 63
54229 62
54280 63
54281 64
54284 65
54316 64
54392 65
54396 66
54400 65
54425 66
54428 67
54537 66
54573 65
54577 66
54589 65
54618 64
54620 65
54663 64
54692 63
54714 62
54723 61
54726 60
54742 59
54769 60
54853 61
54859 60
54871 59
54877 60
54885 61
54885 60
54914 61
54946 62
54973 63
55013 62
55062 63
55077 62
55094 63
55113 64
55124 65
55179 66
55182 67
55185 68
55219 69
55257 68
55370 69
55383 68
55449 67
55511 66
55538 67
55553 66
55574 65
55581 66
55651 67
55653 66
55660 67
55669 67
55735 68
55739 69
55751 68
55764 67
55765 68
55765 67
55769 68
55805 67
55886 68
55942 67
56004 66
56065 65
56081 66
56089 67
56146 66
56178 65
56185 64
56244 65
56301 64
56309 63
56369 62
56374 63
56404 64
56413 65
56516 66
56517 67
56525 68
56558 67
56561 66
56597 67
56609 68
56738 67
56753 66
56781 65
56796 64
56807 63
56815 64
56847 65
56927 66
56930 65
56975 66
56992 67
56993 68
57006 69
57010 68
57020 69
57037 70
57057 69
57065 68
57173 67
57202 68
57248 67
57272 68
57273 67
57316 68
57320 67
57374 66
57433 67
57436 66
57441 65
57449 66
57451 65
57481 64
57498 63
57537 62
57549 61
57595 60
57616 59
57655 58
57665 59
57698 58
57709 59
57710 60
57717 59
57786 60
57814 59
57814 58
57829 59
57866 60
58017 59
58033 58
58092 57
58093 58
58105 59
58168 60
58193 61
58224 62
58252 61
58271 60
58365 61
58381 62
58381 63
58381 64
58391 63
58409 62
58410 63
58442 62
58449 63
58503 64
58512 65
58554 66
58581 65
58595 66
58638 65
58671 66
58725 65
58740 66
58825 65
58827 66
58829 65
58836 64
58841 63
58851 62
58853 61
58871 62
58965 61
58973 60
59012 59
59028 60
59033 59
59033 60
59070 61
59089 60
59147 61
59162 62
59176 63
59185 62
59273 63
59307 64
59369 65
59375 66
59411 67
59416 66
59425 67
59446 68
59447 67
59467 66
59558 65
59559 66
59610 65
59700 66
59769 65
59789 64
59794 65
59822 66
59837 67
59840 68
59925 67
59961 68
59970 69
60038 68
60038 67
60097 68
60123 69
60168 70
60239 69
60264 68
60277 69
60283 70
60291 69
60307 70
60350 69
60353 68
60358 67
60359 68
60364 69
60469 70
60476 71
60481 72
60483 73
60493 74
60530 73
60543 72
60575 71
60591 70
60603 69
60620 68
60639 67
60679 66
60689 67
60725 66
60729 65
60729 64
60793 63
60796 62
60809 63
60814 64
60870 65
60881 64
60884 65
60889 64
60899 63
60929 62
61001 63
61050 62
61050 63
61055 62
61064 61
61078 60
61093 59
61116 60
61161 59
61165 60
61180 61
61251 60
61297 61
61318 60
61329 59
61341 58
61349 59
61381 58
61393 57
61397 56
61406 55
61417 56
61429 57
61454 58
61477 59
61566 58
61573 59
61626 58
61626 57
61701 58
61751 57
61765 56
61770 55
61827 54
61838 53
61839 54
61845 55
61853 54
61949 55
61971 56
61976 57
61977 58
61997 59
62003 60
62012 61
62030 62
62031 63
62041 62
62066 63
62101 64
62121 63
62155 64
62185 65
62194 66
62207 65
62219 66
62289 65
62301 64
62375 65
62386 66
62417 67
62423 66
62465 65
62485 66
62487 67
62497 66
62523 65
62533 64
62544 63
62581 64
62594 65
62598 66
62599 67
62601 68
62602 67
62604 68
62605 69
62616 70
62620 69
62654 70
62666 69
62673 68
62799 69
62801 70
62849 69
62969 70
62981 71
62988 70
63008 69
63031 68
63060 67
63064 66
63085 67
63090 68
63096 67
63143 68
63164 67
63224 68
63235 69
63245 70
63246 69
63247 68
63259 69
63287 70
63390 69
63401 68
63401 67
63413 66
63420 65
63421 66
63426 65
63525 64
63525 63
63542 64
63605 64
63619 63
63636 62
63673 61
63674 60
63685 59
63709 60
63716 61
63770 60
63793 59
63804 60
63852 61
63861 62
63863 63
63893 62
63906 61
63954 62
63965 61
63969 62
63979 61
63986 62
63987 61
64025 62
64065 63
64066 64
64146 63
64186 62
64204 61
64221 60
64223 61
64264 60
64279 61
64285 62
64361 61
64399 60
64399 61
64425 62
64465 63
64467 62
64476 63
64496 64
64523 65
64525 64
64528 63
64556 64
64573 65
64609 64
64613 65
64710 66
64729 65
64802 64
64814 65
64819 64
64889 63
64897 62
64905 63
64909 62
64917 63
64926 64
64941 63
65009 64
65027 65
65060 64
65077 63
65091 62
65097 63
65156 64
65208 63
65240 62
65262 61
65321 62
65367 63
65373 62
65397 61
65445 60
65446 59
65516 60
65523 61
65550 60
65561 61
65561 62
65598 63
65697 64
65753 65
65753 66
65760 67
65763 68
65816 67
65818 66
65820 67
65823 66
65832 65
65842 64
65856 63
65861 62
66009 61
66022 60
66025 61
66043 60
66069 61
66094 62
66124 61
66164 60
66170 61
66229 60
66231 59
66236 60
66238 59
66247 58
66261 59
66316 60
66345 61
66359 62
66369 63
66378 64
66409 63
66452 64
66545 63
66545 62
66574 61
66587 62
66633 63
66644 64
66666 63
66697 64
66756 65
66775 66
66783 67
66784 68
66815 67
66815 66
66841 67
66846 68
66849 69
66862 68
66926 67
66926 68
66948 67
66963 68
66989 69
66992 70
67025 71
67037 70
67079 69
67119 68
67149 69
67177 68
67208 67
67212 68
67225 69
67235 68
67254 67
67259 68
67274 67
67301 66
67340 65
67372 66
67385 65
67388 64
67409 63
67424 64
67430 65
67447 64
67493 63
67501 62
67529 61
67532 60
67539 59
67572 58
67608 59
67650 58
67657 57
67677 58
67703 59
67829 60
67834 59
67861 58
67903 57
67963 58
67989 59
67991 60
67993 61
68019 62
68024 61
68037 60
68041 59
68185 60
68222 61
68256 62
68280 63
68314 62
68403 63
68405 62
68417 63
68438 62
68443 61
68451 60
68455 61
68465 60
68490 61
68522 62
68541 61
68581 62
68590 63
68598 64
68661 63
68661 62
68677 63
68681 64
68681 65
68689 66
68693 67
68765 68
68829 69
68878 70
68933 69
68940 68
68946 67
68950 66
68966 67
69000 66
69010 67
69055 66
69062 65
69076 66
69099 65
69105 64
69135 63
69141 62
69201 63
69214 64
69231 65
69237 64
69263 63
69263 62
69346 61
69400 60
69442 59
69449 60
69453 61
69482 62
69500 61
69533 62
69611 61
69624 60
69679 61
69696 62
69717 61
69717 60
69729 59
69740 58
69867 57
69874 58
69897 57
69914 58
69928 57
69960 58
70003 59
70022 60
70024 61
70132 60
70141 59
70161 60
70169 61
70171 62
70195 63
70217 64
70248 63
70265 64
70266 65
70285 66
70332 65
70416 64
70460 65
70467 64
70521 65
70521 66
70545 65
70573 66
70574 65
70574 66
70579 67
70579 68
70618 69
70618 70
70677 69
70678 68
70729 69
70731 68
70765 67
70785 68
70921 67
70953 66
70957 67
70962 68
71014 69
71036 68
71040 67
71041 66
71049 65
71069 66
71070 67
71117 66
71167 67
71177 68
71183 69
71185 68
71186 69
71191 70
71201 69
71289 70
71337 69
71337 68
71354 69
71395 68
71475 67
71476 66
71517 65
71536 64
71572 63
71605 64
71614 63
71621 62
71638 63
71679 64
71694 63
71697 62
71697 61
71701 62
71773 61
71822 62
71825 63
71825 64
71864 63
71894 62
71898 61
71932 62
71961 63
71979 64
72001 65
72007 64
72026 63
72057 64
72100 65
72121 64
72145 63
72156 62
72172 61
72176 62
72191 61
72221 62
72242 61
72246 60
72249 61
72353 62
72393 61
72395 60
72412 61
72445 60
72449 59
72450 58
72491 57
72498 56
72508 55
72544 54
72585 55
72634 54
72654 55
72661 56
72681 55
72688 56
72692 57
72724 58
72732 59
72739 59
72767 58
72828 59
72860 60
72875 61
72885 62
72897 63
72907 64
72917 63
72953 64
72979 65
73053 64
73067 63
73069 62
73078 61
73129 62
73134 63
73157 64
73185 65
73221 64
73237 65
73239 66
73289 65
73293 66
73298 65
73334 66
73341 65
73417 66
73433 65
73440 64
73477 65
73497 66
73505 65
73541 66
73541 67
73555 68
73561 67
73563 68
73564 67
73590 66
73609 67
73616 66
73620 65
73629 64
73650 65
73692 66
73707 65
73827 64
73900 65
73945 64
74041 63
74049 64
74057 63
74062 62
74102 63
74105 64
74149 63
74151 62
74191 63
74213 64
74277 63
74282 62
74305 61
74313 62
74317 61
74318 62
74361 61
74392 60
74434 59
74473 60
74477 61
74482 62
74487 63
74523 64
74544 65
74590 64
74621 63
74625 62
74631 61
74646 60
74665 59
74714 60
74763 59
74764 58
74775 57
74790 58
74814 59
74837 60
74857 61
74857 62
74858 63
74870 63
74888 64
74892 63
74896 62
74920 61
74921 60
74941 61
74949 60
74967 61
74981 60
74997 61
75035 62
75044 63
75132 62
75162 61
75189 62
75245 63
75245 64
75277 63
75292 64
75345 63
75346 62
75358 61
75379 62
75393 63
75417 62
75422 61
75493 62
75557 63
75627 64
75630 65
75689 64
75705 63
75767 62
75777 61
75799 62
75804 63
75856 64
75858 65
75876 64
75879 63
75880 62
75889 63
75909 62
75956 63
75956 64
75971 64
76011 65
76019 64
76025 63
76029 62
76095 61
76100 60
76101 59
76111 60
76208 59
76245 60
76255 59
76304 58
76357 59
76370 58
76400 59
76402 58
76403 59
76430 60
76430 61
76473 60
76521 59
76529 58
76585 59
76595 60
76645 61
76645 62
76648 63
76661 64
76669 65
76701 66
76725 67
76733 66
76821 67
76884 66
76892 65
76892 64
76997 63
77034 62
77049 61
77069 62
77071 63
77072 64
77085 65
77112 66
77133 65
77193 66
77194 67
77209 66
77234 67
77237 68
77239 69
77242 68
77314 67
77351 66
77456 65
77483 64
77501 65
77502 64
77505 63
77565 62
77570 61
77586 60
77593 61
77653 60
77675 59
77684 58
77699 57
77734 56
77736 56
77748 55
77757 56
77771 55
77817 54
77853 55
77866 56
77875 55
77892 56
77989 57
77991 58
77994 57
78037 56
78070 57
78077 56
78113 57
78126 58
78137 57
78148 56
78183 57
78196 58
78229 59
78245 58
78328 57
78346 58
78373 59
78437 58
78437 57
78466 58
78469 59
78469 60
78470 59
78483 60
78489 61
78495 62
78518 61
78525 62
78561 61
78581 60
78589 59
78601 58
78615 57
78622 56
78630 57
78633 58
78713 59
78740 60
78753 59
78757 60
78785 61
78813 62
78877 61
78888 60
78889 59
78893 60
78906 59
78913 58
78943 59
78950 60
78956 59
78965 60
78985 61
79026 62
79046 63
79055 64
79077 63
79104 64
79119 63
79125 62
79138 61
79145 62
79178 63
79247 62
79297 63
79347 64
79357 63
79357 62
79357 61
79375 62
79386 63
79452 62
79471 63
79521 62
79586 63
79599 62
79604 61
79609 62
79747 61
79749 60
79785 59
79793 60
79802 61
79803 62
79806 63
79809 62
79843 63
79867 64
79964 63
79968 64
79969 65
79970 64
79977 63
79985 64
79994 65
80001 66
80199 65
80235 64
80269 65
80269 66
80279 67
80333 66
80364 65
80425 64
80431 63
80450 64
80456 65
80477 66
80483 67
80509 66
80660 65
80722 64
80724 65
80755 64
80796 63
80805 64
80841 63
80880 62
80881 61
80897 60
80918 59
80921 58
80929 59
80929 60
80934 61
80937 62
80941 63
80955 64
80965 63
80984 64
80991 65
81046 66
81093 67
81121 66
81161 67
81265 66
81265 65
81278 66
81335 65
81367 66
81369 67
81380 68
81409 69
81443 68
81448 69
81455 68
81493 69
81562 70
81563 71
81564 70
81576 69
81600 70
81662 69
81674 68
81682 69
81763 68
81797 67
81810 66
81820 65
81855 64
81861 63
81889 64
81889 63
81937 62
81953 61
81953 60
81960 61
81961 62
81971 61
81977 60
82040 59
82074 60
82074 59
82107 60
82108 61
82137 62
82137 63
82182 62
82230 61
82250 62
82263 63
82272 64
82344 63
82345 62
82373 63
82419 64
82420 65
82424 66
82450 65
82552 64
82566 65
82588 66
82613 65
82673 66
82673 67
82686 68
82736 69
82749 68
82757 69
82818 68
82819 67
82837 66
82864 67
82930 66
82956 67
83093 68
83093 69
83121 68
83155 69
83156 68
83217 67
83277 68
83301 69
83303 68
83305 67
83306 66
83326 65
83355 64
83401 65
83407 66
83435 65
83456 64
83490 63
83497 62
83579 63
83606 64
83608 65
83629 64
83673 65
83680 66
83836 67
83854 66
83889 65
83893 64
83921 65
83936 66
83964 65
83989 64
83991 63
84021 64
84060 65
84067 66
84126 67
84158 68
84167 69
84176 68
84212 67
84213 66
84217 65
84228 66
84284 67
84305 68
84318 67
84379 68
84446 67
84460 68
84469 67
84469 68
84497 69
84549 68
84561 67
84604 66
84609 67
84631 66
84661 65
84767 64
84790 63
84801 64
84832 63
84862 62
84865 61
84885 62
84885 63
84906 62
84922 61
84984 60
85025 61
85026 62
85083 63
85090 64
85096 65
85129 66
85193 65
85194 64
85213 63
85247 62
85261 61
85267 62
85282 61
85337 62
85365 61
85369 62
85373 63
85374 64
85401 63
85468 64
85510 63
85513 62
85520 61
85592 62
85609 63
85637 64
85691 63
85731 64
85756 63
85762 64
85764 63
85769 62
85797 61
85815 62
85821 63
85835 62
85853 61
85853 60
85884 59
85904 60
85928 61
85933 60
86022 61
86025 62
86029 61
86037 62
86037 63
86039 62
86105 63
86119 64
86129 63
86189 64
86245 65
86270 66
86282 67
86283 68
86313 69
86318 68
86347 67
86390 66
86401 65
86401 64
86415 65
86441 66
86445 67
86461 68
86469 67
86485 66
86533 65
86628 64
86633 63
86639 64
86680 63
86682 64
86693 63
86699 62
86710 63
86717 62
86831 63
86836 64
86839 63
86853 62
86867 61
86875 60
86889 61
86924 60
86957 61
86976 62
87029 63
87081 64
87094 65
87094 66
87095 67
87096 68
87097 67
87107 66
87141 65
87156 64
87192 65
87211 64
87214 65
87216 64
87217 63
87218 62
87224 61
87337 60
87353 61
87358 62
87361 63
87368 64
87391 63
87404 62
87440 61
87459 60
87465 61
87472 60
87514 59
87591 60
87619 59
87621 58
87621 57
87636 56
87665 55
87673 56
87749 55
87753 56
87773 57
87782 58
87792 59
87819 58
87854 57
87897 56
87918 57
87924 58
87967 59
87990 58
88062 59
88066 60
88077 61
88095 62
88117 61
88119 60
88137 61
88147 60
88158 61
88178 60
88178 61
88230 62
88251 63
88254 62
88257 61
88273 62
88275 63
88288 62
88345 63
88358 64
88397 65
88427 66
88427 67
88454 66
88557 65
88571 64
88605 65
88612 66
88625 65
88640 64
88642 63
88672 62
88678 63
88678 64
88681 65
88707 64
88718 65
88721 64
88747 63
88749 62
88766 61
88795 62
88862 61
88874 60
88909 61
88987 60
89057 61
89103 60
89144 59
89153 60
89155 59
89193 60
89209 61
89211 62
89213 63
89216 64
89235 63
89242 64
89244 65
89292 64
89298 63
89310 64
89310 65
89367 64
89401 65
89408 66
89409 65
89503 66
89537 67
89541 68
89542 69
89575 70
89609 69
89642 68
89655 67
89726 68
89737 67
89754 66
89755 67
89784 68
89786 69
89847 70
89916 69
89921 68
89950 69
89975 68
89980 67
90037 66
90043 67
90053 66
90059 67
90089 68
90100 67
90101 68
90108 67
90125 66
90129 67
90210 68
90213 67
90232 66
90249 65
90327 64
90332 65
90343 64
90387 65
90468 64
90508 63
90513 64
90515 63
90525 64
90552 63
90568 62
90590 61
90636 62
90651 61
90693 60
90694 59
90749 60
90773 61
90829 60
90862 59
90900 60
90901 61
90929 62
90936 63
90981 64
90994 65
91058 66
91097 65
91185 64
91202 65
91235 66
91239 67
91286 66
91290 67
91305 66
91325 67
91330 68
91384 69
91406 68
91457 67
91458 66
91469 67
91518 66
91530 65
91587 66
91701 65
91713 64
91736 63
91747 64
91757 63
91785 62
91865 61
91880 60
91913 61
91921 62
91947 63
91949 62
91987 63
91994 64
91998 65
92009 66
92046 67
92054 68
92062 69
92065 70
92160 69
92198 70
92205 71
92205 72
92209 71
92243 70
92285 71
92292 70
92293 69
92294 68
92301 67
92333 68
92333 67
92344 66
92350 67
92361 68
92422 67
92424 66
92429 65
92439 64
92445 63
92457 64
92547 65
92565 66
92571 65
92598 64
92630 63
92647 62
92666 61
92668 60
92729 59
92752 60
92781 59
92844 60
92892 61
92896 60
92932 61
92956 60
92991 59
92993 58
93077 57
93088 56
93093 57
93098 58
93099 59
93127 60
93145 59
93157 58
93170 59
93177 58
93177 59
93241 60
93298 61
93321 60
93336 61
93400 60
93406 61
93437 62
93474 61
93524 60
93532 59
93551 60
93555 61
93596 60
93624 59
93653 58
93663 59
93673 60
93673 61
93688 60
93720 59
93740 60
93761 59
93775 60
93825 61
93854 62
93859 63
93862 62
93884 61
93912 60
93918 59
93933 60
93937 61
93958 62
94001 63
94010 64
94040 65
94057 66
94059 67
94077 66
94090 67
94095 66
94100 67
94114 68
94121 67
94165 68
94198 69
94201 68
94271 67
94292 66
94297 65
94315 64
94334 65
94341 64
94352 63
94368 64
94426 65
94432 66
94433 65
94440 64
94440 65
94478 66
94489 65
94522 66
94530 65
94564 66
94568 67
94568 66
94601 65
94694 64
94789 63
94815 62
94825 63
94861 62
94865 63
94865 64
94898 63
94909 62
94934 61
94935 60
94973 61
95011 62
95074 61
95111 60
95142 61
95205 60
95209 61
95216 60
95238 61
95246 60
95257 61
95306 62
95418 63
95418 64
95457 65
95465 66
95466 67
95541 66
95542 65
95549 64
95553 63
95559 64
95631 63
95632 62
95635 63
95638 64
95650 65
95663 66
95693 67
95694 68
95695 69
95698 70
95781 69
95786 70
95793 69
95805 70
95816 69
95826 68
95857 67
95894 66
96013 65
96055 64
96069 63
96074 62
96109 61
96129 62
96130 63
96136 64
96139 65
96140 66
96141 67
96153 66
96173 67
96186 66
96189 65
96192 64
96220 63
96228 62
96302 61
96335 60
96386 61
96417 62
96423 63
96461 64
96467 63
96470 64
96478 65
96603 66
96615 67
96625 68
96631 67
96654 68
96774 69
96793 68
96805 67
96822 66
96837 65
96881 64
96892 65
96907 64
96974 63
97021 64
97021 65
97056 66
97082 67
97084 66
97134 67
97153 66
97154 65
97173 66
97176 67
97256 66
97281 67
97305 66
97309 65
97321 64
97343 65
97345 64
97351 65
97366 66
97495 65
97564 64
97603 65
97608 66
97641 67
97641 68
97653 69
97667 70
97777 71
97812 70
97836 71
97846 72
97849 71
97853 70
97873 69
97886 68
97904 69
97906 68
97922 67
97928 66
98005 65
98019 64
98025 65
98042 66
98048 67
98052 68
98074 69
98121 68
98157 67
98177 68
98245 69
98253 70
98257 69
98265 68
98266 67
98274 66
98278 65
98356 64
98408 65
98466 66
98521 65
98527 64
98552 65
98563 64
98563 63
98585 62
98595 63
98667 62
98677 61
98680 60
98697 61
98759 60
98766 61
98770 62
98797 63
98844 62
98854 61
98905 62
98909 63
98933 64
98969 65
99105 64
99154 65
99157 66
99158 67
99160 68
99163 69
99170 68
99182 69
99186 70
99205 71
99205 71
99236 72
99349 73
99368 72
99385 71
99417 72
99418 73
99445 72
99450 71
99512 70
99529 69
99571 68
99572 67
99603 68
99609 69
99609 70
99640 69
99723 68
99749 67
99789 66
99810 65
99839 64
99892 63
99930 62
99998 63
100020 64
100021 65
100030 66
100038 65
100045 66
100045 67
100182 66
100333 67
100413 68
100427 69
100488 68
100521 67
100539 66
100540 67
100546 68
100565 69
100581 70
100601 69
100610 70
100629 71
100642 70
100642 69
100650 68
100652 67
100658 68
100709 67
100813 68
100815 69
100816 70
101034 71
101045 72
101113 73
101124 74
101134 73
101135 72
101233 71
101279 70
101291 69
101304 68
101411 67
101415 68
101422 69
101431 70
101514 71
101521 72
101560 71
101598 70
101601 69
101628 68
101629 67
101630 68
101633 67
101701 66
101713 65
101714 64
101834 65
101866 64
101885 65
101922 64
101946 65
101952 66
101972 65
102013 64
102017 63
102020 62
102041 63
102070 64
102075 63
102077 64
102097 63
102184 62
102247 61
102270 62
102281 63
102347 64
102359 65
102434 66
102450 65
102469 66
102470 67
102529 68
102530 69
102601 68
102625 69
102717 68
102725 67
102757 66
102833 67
102841 66
102867 67
102910 66
102949 65
102951 64
102987 65
102992 66
103113 65
103149 66
103198 65
103201 64
103217 64
103222 65
103222 64
103280 63
103282 62
103291 61
103294 62
103332 61
103341 62
103371 61
103377 60
103392 61
103393 62
103438 61
103442 62
103457 61
103490 62
103494 61
103525 60
103535 61
103615 62
103621 63
103629 64
103667 63
103681 64
103740 65
103751 64
103781 65
103795 64
103821 63
103829 64
103866 65
103890 66
103918 65
103937 64
103950 65
103957 66
103974 67
104002 66
104041 67
104046 66
104140 67
104303 68
104355 67
104397 66
104421 67
104425 68
104476 67
104509 68
104547 67
104560 66
104569 65
104601 66
104616 67
104625 68
104681 67
104730 66
104732 67
104741 68
104919 67
104956 68
104969 67
104982 66
105051 65
105054 66
105070 67
105070 68
105077 67
105079 68
105094 67
105132 66
105151 67
105176 68
105182 67
105240 68
105240 69
105248 70
105271 71
105274 72
105279 71
105282 72
105285 71
105336 70
105351 69
105421 68
105477 67
105477 66
105510 67
105522 68
105537 69
105573 68
105587 67
105614 66
105636 67
105661 66
105666 65
105682 64
105683 63
105701 62
105730 61
105781 62
105804 63
105909 64
105942 63
105951 64
105956 63
105962 64
105967 65
106057 66
106064 67
106161 66
106169 67
106264 68
106310 67
106332 66
106425 67
106427 66
106444 65
106517 66
106564 67
106573 68
106576 67
106590 66
106622 65
106661 66
106665 67
106763 66
106769 67
106785 68
106817 69
106822 68
106842 69
106878 68
106927 67
106971 66
107003 67
107032 68
107045 69
107049 70
107081 69
107082 68
107092 67
107102 66
107127 65
107146 66
107147 67
107154 68
107163 67
107165 66
107183 65
107241 66
107253 67
107302 68
107310 67
107392 68
107449 69
107452 70
107459 69
107605 68
107617 67
107631 66
107645 65
107674 64
107689 65
107785 66
107823 67
107878 66
107883 65
107905 64
107909 63
107926 64
108049 63
108069 64
108074 65
108084 66
108090 67
108116 66
108125 65
108174 66
108258 67
108288 68
108298 69
108316 68
108325 69
108326 70
108389 69
108461 68
108501 69
108539 68
108561 67
108621 66
108720 67
108757 66
108760 65
108801 64
108815 63
108825 62
108833 63
108837 64
108890 63
108930 64
109017 63
109082 64
109110 65
109125 64
109146 63
109149 64
109170 63
109184 62
109261 63
109282 64
109308 65
109392 64
109412 65
109420 65
109423 66
109437 67
109438 68
109446 69
109457 68
109465 69
109472 68
109538 67
109563 68
109645 69
109714 70
109715 71
109716 72
109761 71
109765 72
109805 71
109809 70
109856 69
109875 68
109877 69
109883 68
109961 69
110050 68
110097 67
110133 66
110146 65
110175 66
110180 65
110186 66
110216 65
110217 66
110220 67
110225 66
110226 67
110241 66
110270 65
110272 64
110326 63
110329 64
110419 63
110433 62
110438 63
110440 64
110443 65
110446 66
110450 67
110501 66
110552 65
110597 64
110597 63
110640 62
110649 61
110699 60
110721 59
110728 60
110771 59
110790 58
110824 59
110840 60
110852 59
110858 58
110874 57
110877 58
110893 59
110895 58
110900 57
110909 56
110925 57
110955 58
110963 57
110963 56
110965 55
111084 56
111118 57
111169 58
111259 59
111293 60
111304 61
111317 62
111318 63
111361 64
111365 63
111487 64
111499 63
111509 62
111524 63
111545 62
111565 63
111585 62
111585 61
111634 62
111634 63
111647 64
111717 65
111738 64
111746 63
111757 64
111757 65
111845 64
111856 65
111875 66
111877 65
111947 64
111966 65
111968 66
111973 67
111996 66
112009 65
112018 64
112020 63
112025 62
112054 61
112078 60
112082 59
112126 60
112135 61
112152 62
112161 61
112187 60
112242 59
112255 60
112255 61
112277 60
112281 61
112304 62
112331 61
112332 60
112355 59
112372 58
112381 59
112438 60
112446 61
112515 60
112569 59
112586 60
112649 61
112659 60
112666 61
112685 60
112698 59
112709 58
112714 57
112726 56
112727 55
112734 56
112743 55
112769 56
112841 57
112846 56
112863 57
112863 58
112866 59
112868 60
112903 61
112933 62
112936 63
112996 64
113020 63
113050 64
113101 63
113108 64
113126 63
113212 62
113234 61
113243 62
113246 63
113251 64
113314 63
113324 62
113324 61
113329 60
113338 61
113343 62
113348 63
113381 64
113408 65
113414 64
113426 63
113444 62
113461 63
113532 64
113544 63
113547 64
113589 63
113617 62
113628 63
113663 62
113665 61
113692 62
113722 63
113738 64
113777 63
113786 62
113801 61
113837 60
113840 59
113859 58
113885 57
113896 56
113931 57
113933 58
113958 58
113958 58
113962 57
113966 58
113970 59
113978 60
114002 59
114039 58
114067 59
114067 60
114079 59
114114 58
114127 59
114164 60
114166 61
114172 62
114227 63
114260 62
114271 61
114318 60
114348 59
114378 60
114378 59
114515 58
114518 59
114551 58
114568 59
114598 60
114599 61
114604 60
114622 59
114624 60
114650 59
114658 60
114666 59
114673 60
114700 61
114700 62
114732 63
114801 64
114821 63
114861 64
114870 63
114887 62
114926 61
114936 62
114998 63
115070 62
115106 63
115122 64
115123 63
115123 64
115135 63
115136 62
115186 61
115189 62
115192 63
115193 64
115194 65
115198 66
115203 67
115252 66
115287 67
115331 66
115418 65
115426 65
115434 64
115574 65
115582 66
115584 67
115616 68
115623 69
115664 68
115684 69
115687 68
115700 69
115710 68
115715 67
115739 68
115745 67
115814 66
115822 67
115838 68
115840 69
115874 68
115890 69
115897 70
115904 71
115942 70
115949 71
116061 70
116138 71
116165 70
116174 69
116185 68
116242 67
116274 66
116327 65
116335 64
116340 65
116353 64
116386 65
116407 64
116426 65
116429 64
116490 63
116495 64
116506 65
116509 66
116600 67
116618 68
116627 67
116671 66
116766 65
116766 64
116802 65
116846 64
116918 63
116924 62
116935 61
116938 60
117003 61
117006 62
117015 63
117029 64
117108 63
117110 64
117149 63
117157 62
117228 61
117290 60
117312 59
117355 60
117356 61
117414 62
117416 63
117419 64
117428 65
117428 64
117469 63
117519 62
117560 61
117604 62
117622 63
117634 64
117682 63
117686 62
117777 63
117783 62
117784 63
117787 62
117812 61
117848 60
117878 59
117881 60
117882 61
117912 60
117938 59
117950 60
117976 61
117989 60
117991 59
117992 58
118022 59
118065 58
118114 59
118128 60
118137 61
118186 62
118191 63
118216 64
118227 65
118281 66
118343 65
118367 64
118414 63
118473 64
118491 65
118518 64
118522 63
118531 62
118537 61
118541 62
118549 63
118598 64
118598 65
118618 64
118631 65
118672 64
118677 65
118771 66
118793 67
118839 68
118858 69
118909 68
118926 67
118931 68
118934 67
118946 66
119002 65
119044 64
119053 65
119072 66
119076 67
119080 68
119088 69
119130 70
119156 69
119161 68
119161 69
119197 70
119289 69
119310 70
119331 69
119346 68
119362 67
119413 66
119458 65
119459 64
119510 63
119517 62
119538 61
119547 60
119553 59
119569 60
119586 61
119586 62
119586 62
119597 63
119604 62
119639 61
119651 60
119778 61
119852 62
119864 63
119907 64
119914 65
119931 66
119933 65
120002 66
120040 67
120062 66
120062 65
120084 64
120130 63
120154 64
120161 65
120168 66
120181 65
120210 66
120306 65
120328 66
120331 67
120354 68
120382 69
120393 68
120513 67
120555 66
120558 67
120562 68
120577 69
120612 68
120639 67
120678 66
120766 67
120766 68
120796 67
120802 66
120874 67
120922 66
120939 65
120958 66
120958 67
120990 66
121030 65
121034 64
121051 63
121063 64
121090 65
121092 66
121124 65
121169 64
121181 63
121195 64
121243 65
121300 66
121326 67
121335 66
121342 67
121405 66
121405 65
121422 64
121446 63
121447 64
121490 63
121497 64
121499 65
121536 64
121542 63
121554 62
121603 63
121631 64
121638 65
121659 64
121678 65
121708 64
121718 64
121752 63
121794 62
121818 61
121846 60
121858 59
121864 58
121876 59
121878 60
121878 61
121882 62
121912 63
121934 62
121950 63
121976 62
122036 61
122056 62
122077 61
122118 62
122138 63
122140 64
122205 65
122326 64
122326 63
122369 62
122450 61
122453 62
122498 63
122503 64
122510 65
122545 64
122578 65
122603 64
122635 63
122639 62
122713 61
122730 62
122730 63
122745 62
122748 61
122793 60
122798 61
122809 60
122842 61
122842 62
122903 63
122920 64
122922 65
122925 66
122943 65
123006 66
123011 65
123052 66
123071 65
123076 64
123206 63
123233 64
123244 63
123258 62
123292 63
123304 62
123316 63
123326 64
123339 63
123342 62
123373 63
123467 62
123512 61
123517 62
123517 61
123528 62
123610 63
123620 62
123620 63
123624 64
123645 63
123658 64
123670 65
123734 66
123738 67
123742 66
123755 65
123755 64
123840 63
123962 62
123995 61
124002 62
124018 61
124034 62
124035 61
124043 62
124082 61
124098 60
124110 61
124114 62
124116 61
124131 62
124136 63
124190 64
124196 65
124254 64
124284 63
124290 64
124295 63
124296 62
124314 63
124317 64
124359 63
124374 62
124377 63
124422 64
124422 63
124426 62
124447 61
124454 60
124494 59
124521 58
124522 57
124527 58
124550 57
124551 58
124567 57
124577 58
124582 59
124643 58
124676 57
124692 56
124692 55
124695 56
124756 55
124764 54
124767 53
124785 54
124790 55
124790 56
124818 55
124880 56
124995 57
124998 58
125004 59
125013 58
125013 59
125019 60
125106 61
125110 62
125115 63
125187 64
125194 65
125221 64
125229 63
125238 62
125306 61
125338 62
125358 63
125440 64
125520 65
125526 64
125528 65
125534 64
125546 65
125546 66
125546 67
125547 66
125568 65
125576 64
125586 65
125600 66
125602 65
125661 66
125663 67
125673 66
125682 67
125731 66
125766 67
125774 66
125793 67
125803 66
125806 67
125825 68
125837 67
125841 68
125854 67
125873 68
125951 67
125978 66
125994 65
125994 64
126037 63
126071 62
126072 63
126142 62
126147 61
126157 62
126174 61
126206 62
126230 63
126255 64
126255 63
126306 62
126330 63
126413 62
126435 61
126494 60
126546 61
126556 62
126622 61
126623 60
126648 61
126658 62
126684 61
126787 60
126808 59
126810 60
126822 61
126837 62
126872 61
126911 60
126918 59
126958 60
126963 61
127001 62
127012 63
127021 64
127040 63
127046 62
127050 61
127106 60
127108 61
127113 62
127126 63
127126 64
127186 63
127198 64
127227 65
127231 66
127325 67
127344 66
127383 67
127402 68
127406 67
127433 66
127481 65
127489 64
127520 63
127522 64
127532 65
127539 66
127557 65
127606 66
127617 65
127655 66
127674 67
127680 66
127684 66
127714 67
127724 68
127797 67
127803 66
127816 65
127827 64
127831 65
127838 66
127865 65
127933 66
127946 65
127978 66
127983 65
128039 64
128066 63
128081 62
128110 63
128112 64
128140 63
128159 62
128162 61
128194 62
128227 63
128258 62
128293 61
128298 60
128342 61
128343 62
128395 61
128438 60
128450 59
128452 58
128464 59
128465 60
128486 61
128498 62
128507 63
128521 64
128523 65
128534 64
128604 63
128614 62
128616 63
128624 64
128627 65
128655 64
128689 65
128764 64
128806 63
128806 64
128844 63
128874 62
128874 63
128882 64
128907 63
128916 62
128932 61
128958 62
129018 63
129018 64
129050 65
129124 66
129142 67
129157 66
129162 67
129193 66
129262 65
129270 66
129273 67
129276 66
129278 65
129306 66
129374 67
129382 68
129406 69
129410 70
129415 71
129423 70
129490 69
129493 68
129504 67
129508 66
129508 67
129527 68
129542 69
129585 70
129588 71
129601 70
129686 69
129701 68
129714 67
129760 66
129799 67
129802 68
129866 67
129878 66
129888 65
129952 66
129973 67
129975 68
129982 67
129986 66
129999 65
130014 64
130018 63
130033 64
130078 64
130084 63
130088 64
130098 63
130110 62
130145 61
130179 60
130222 59
130253 60
130262 59
130301 60
130302 61
130395 60
130421 59
130465 60
130468 61
130477 62
130483 61
130542 62
130553 63
130557 64
130583 65
130587 64
130692 65
130699 66
130701 65
130730 66
130783 65
130895 66
130900 65
130914 64
130930 65
130971 66
130989 65
131006 64
131022 65
131023 66
131035 65
131035 64
131046 63
131063 62
131083 61
131114 60
131142 59
131162 60
131162 61
131177 62
131188 61
131237 60
131246 61
131246 62
131298 63
131322 64
131345 65
131353 64
131353 65
131365 64
131370 63
131441 62
131454 63
131461 64
131478 65
131480 64
131493 63
131507 62
131518 61
131564 60
131579 59
131615 58
131617 57
131656 58
131658 59
131678 58
131699 59
131705 60
131750 59
131774 58
131802 57
131816 58
131820 59
131864 58
131874 57
131950 58
131993 59
132005 60
132008 61
132018 62
132025 63
132026 64
132065 65
132067 64
132071 65
132079 66
132081 67
132102 66
132150 67
132159 66
132167 65
132169 64
132184 65
132231 64
132288 65
132303 66
132374 65
132389 64
132454 65
132486 64
132514 63
132517 62
132545 63
132545 64
132574 63
132581 62
132621 61
132658 62
132718 61
132747 62
132772 63
132772 64
132801 65
132835 66
132958 65
132974 66
132979 67
132997 66
133038 65
133070 66
133070 67
133070 68
133083 69
133110 68
133157 69
133206 70
133210 71
133213 72
133218 73
133266 72
133272 71
133283 70
133324 69
133383 68
133428 69
133438 70
133529 69
133537 68
133587 67
133587 66
133609 67
133614 66
133614 65
133616 66
133619 65
133654 64
133654 63
133679 62
133681 61
133688 62
133692 61
133727 62
133742 63
133750 62
133750 61
133750 62
133796 63
133833 64
133867 63
133873 62
133874 61
133889 62
133892 63
133903 64
134006 65
134011 64
134014 63
134030 64
134074 65
134098 64
134134 65
134169 66
134186 67
134210 68
134256 67
134275 66
134281 67
134285 66
134342 65
134354 64
134357 63
134365 62
134370 61
134374 62
134389 61
134415 60
134497 61
134544 62
134649 63
134666 64
134690 65
134715 64
134730 63
134793 64
134799 65
134825 64
134835 65
134847 64
134873 63
134977 62
135050 63
135077 64
135104 65
135146 66
135170 67
135212 68
135221 67
135234 66
135242 67
135256 68
135260 68
135273 67
135352 68
135354 69
135378 70
135392 69
135420 70
135445 69
135469 68
135476 67
135498 68
135502 67
135505 66
135511 65
135544 64
135598 63
135606 64
135658 65
135705 66
135708 67
135735 66
135786 65
135798 64
135800 63
136002 62
136022 61
136033 60
136077 61
136113 62
136126 61
136215 60
136249 59
136254 60
136283 61
136298 62
136304 61
136352 62
136353 63
136355 64
136373 65
136405 66
136488 67
136502 68
136506 69
136534 68
136549 69
136626 70
136635 71
136690 70
136692 69
136695 70
136726 71
136739 70
136778 69
136802 70
136804 71
136813 70
136852 69
136865 68
136890 69
136914 68
136942 69
136950 68
136966 67
136966 66
136974 65
136981 64
137033 63
137069 62
137111 63
137114 62
137148 63
137162 64
137172 63
137234 64
137297 63
137338 62
137340 61
137349 60
137371 59
137390 60
137418 61
137458 60
137489 61
137542 60
137542 59
137562 58
137578 59
137579 60
137627 59
137632 60
137669 61
137672 62
137684 63
137734 62
137734 61
137775 62
137796 63
137807 64
137822 65
137837 66
137880 67
137891 68
137898 69
137918 70
137941 69
137964 68
137966 67
138057 66
138078 65
138086 64
138087 63
138093 62
138197 63
138208 64
138234 65
138262 66
138264 65
138332 64
138349 65
138351 64
138354 63
138359 64
138366 65
138369 64
138371 65
138373 66
138410 65
138412 64
138413 63
138447 62
138454 63
138473 62
138487 61
138542 60
138568 60
138569 59
138597 58
138656 57
138686 56
138704 55
138770 56
138790 55
138834 54
138864 53
138903 54
138949 55
138962 56
138982 56
139001 57
139010 56
139086 57
139118 58
139169 59
139190 58
139196 59
139210 60
139241 61
139243 62
139244 63
139278 64
139284 65
139316 64
139362 65
139394 66
139396 67
139397 68
139397 69
139404 68
139404 69
139438 68
139474 67
139482 68
139504 69
139532 70
139639 69
139646 68
139710 67
139746 68
139752 69
139765 68
139766 67
139814 66
139848 65
139864 66
139882 67
139906 66
139930 65
139937 64
139953 63
139970 62
139978 63
139978 64
139983 63
139991 62
140004 63
140063 62
140094 61
140112 60
140152 59
140175 60
140187 59
140204 60
140226 61
140235 61
140253 62
140282 61
140294 61
140308 62
140335 63
140418 64
140433 65
140474 66
140494 65
140506 66
140525 67
140529 68
140532 69
140571 68
140630 67
140647 66
140674 65
140811 64
140882 63
140893 64
140924 63
140947 62
140960 63
140969 62
141023 61
141090 62
141097 61
141151 60
141157 59
141177 60
141178 61
141189 62
141280 63
141294 64
141305 65
141308 64
141315 65
141365 66
141378 67
141398 66
141419 65
141474 66
141474 67
141478 68
141522 67
141550 66
141562 67
141569 68
141590 69
141609 68
141635 67
141640 66
141642 65
141648 66
141659 65
141662 64
141686 63
141686 63
141758 62
141771 61
141771 60
141777 59
141781 58
141835 57
141838 56
141859 57
141862 58
141867 59
141894 58
141906 57
141970 58
141978 57
142004 56
142042 57
142087 58
142099 59
142104 60
142168 61
142190 62
142198 61
142202 62
142208 61
142248 62
142332 63
142351 64
142362 63
142366 62
142406 61
142410 62
142450 63
142456 62
142510 61
142541 60
142544 59
142579 58
142626 59
142644 58
142648 59
142652 60
142698 61
142702 62
142704 63
142710 63
142757 64
142770 65
142773 64
142785 63
142810 62
142854 61
142881 60
142945 59
142996 58
143006 57
143026 58
143029 59
143030 60
143053 59
143056 60
143178 61
143185 60
143188 61
143195 60
143203 61
143227 62
143258 63
143259 62
143266 61
143266 60
143294 59
143297 60
143324 61
143336 60
143353 61
143406 60
143418 59
143445 58
143448 57
143451 58
143454 59
143459 58
143482 59
143486 60
143490 61
143491 62
143523 63
143531 64
143656 63
143662 64
143666 63
143694 62
143719 63
143719 62
143726 63
143736 64
143770 65
143786 66
143877 67
143879 68
143886 69
143887 70
143944 69
143945 70
143949 69
144010 68
144019 67
144049 68
144050 67
144057 66
144068 67
144076 66
144079 65
144132 64
144148 65
144231 64
144248 63
144276 62
144291 61
144300 60
144302 61
144325 60
144360 59
144363 58
144386 57
144386 58
144418 59
144424 60
144446 61
144510 62
144562 63
144593 64
144606 65
144622 66
144634 65
144635 64
144668 63
144682 62
144710 63
144767 62
144772 61
144809 62
144822 61
144831 60
144858 61
144947 62
144954 63
144958 62
144958 61
144973 60
144977 59
145024 60
145055 59
145079 60
145088 61
145118 60
145135 59
145150 58
145183 57
145183 58
145261 59
145266 60
145290 61
145362 60
145377 61
145411 60
145415 61
145416 60
145456 61
145462 62
145462 63
145470 63
145494 62
145502 61
145549 60
145559 59
145568 58
145591 59
145594 60
145640 59
145647 60
145683 61
145691 62
145768 61
145782 60
145830 61
145846 62
145882 63
145926 64
145949 63
145955 62
145963 63
146035 62
146070 61
146074 62
146074 61
146075 60
146102 61
146104 62
146124 63
146132 62
146138 61
146172 62
146200 61
146218 60
146229 59
146262 58
146384 59
146386 60
146390 61
146398 60
146442 61
146442 60
146457 59
146458 60
146479 61
146484 62
146506 63
146506 62
146514 63
146531 62
146532 63
146546 64
146556 65
146581 64
146606 63
146610 64
146629 65
146658 64
146677 65
146679 66
146680 67
146691 68
146695 69
146714 68
146728 67
146783 66
146787 65
146798 64
146877 63
146881 62
146938 63
146983 62
147000 61
147010 62
147010 63
147010 62
147018 61
147019 62
147172 63
147199 64
147199 65
147203 64
147204 63
147216 62
147297 61
147332 62
147333 61
147364 62
147372 61
147374 60
147394 61
147442 60
147442 59
147462 60
147482 61
147486 62
147490 63
147490 64
147490 65
147543 64
147594 65
147595 66
147599 67
147798 66
147803 65
147823 66
147865 67
147882 66
147913 67
147914 68
147914 67
147922 66
147923 67
147959 66
147967 65
147968 66
147976 65
147982 64
148008 63
148034 64
148051 63
148059 62
148100 61
148107 60
148114 59
148127 58
148142 57
148142 56
148159 57
148172 58
148184 57
148200 56
148214 57
148216 58
148321 57
148326 56
148328 55
148342 55
148342 56
148422 57
148422 58
148436 59
148490 60
148552 59
148566 58
148580 57
148586 58
148599 59
148608 60
148666 59
148676 60
148726 61
148726 62
148730 63
148730 62
148810 61
148932 60
148941 61
148947 60
148962 61
148966 62
148994 61
149025 62
149051 61
149054 62
149069 63
149072 64
149102 63
149106 64
149109 65
149109 66
149110 67
149121 68
149122 68
149169 67
149243 66
149256 65
149334 66
149338 65
149356 66
149467 65
149474 64
149486 63
149491 62
149501 63
149509 64
149534 63
149552 64
149562 65
149572 66
149661 65
149662 64
149732 63
149734 62
149741 61
149762 60
149780 59
149795 60
149801 61
149864 62
149931 63
149939 62
149940 63
149944 64
149953 65
149972 64
149979 65
150081 66
150082 67
150087 68
150094 69
150205 70
150242 69
150262 70
150287 71
150306 70
150338 69
150350 68
150352 67
150359 66
150391 65
150392 64
150425 63
150501 62
150572 63
150573 64
150575 65
150654 64
150667 63
150679 62
150730 63
150738 62
150763 61
150778 60
150789 59
150797 58
150815 59
150816 60
150838 61
150845 62
150879 63
150886 62
150910 61
150920 62
151074 63
151074 62
151098 63
151101 64
151106 63
151114 64
151117 65
151162 64
151178 63
151274 62
151299 63
151301 64
151306 65
151318 66
151414 67
151414 68
151468 69
151535 68
151570 69
151573 68
151576 69
151579 68
151589 67
151649 68
151650 69
151721 68
151778 67
151834 66
151843 65
151858 64
151889 63
151950 64
152010 65
152038 64
152061 65
152071 66
152086 67
152101 68
152112 67
152112 66
152126 65
152169 66
152179 65
152186 66
152198 67
152255 68
152326 69
152360 68
152380 67
152438 66
152454 65
152465 64
152504 63
152544 62
152550 61
152554 62
152581 63
152590 64
152610 65
152611 64
152625 65
152625 64
152634 63
152637 64
152678 65
152742 64
152842 65
152842 66
152878 65
152910 66
152914 67
152932 66
152987 65
152993 64
152998 63
153013 64
153020 65
153030 64
153055 63
153130 64
153135 63
153137 62
153139 61
153175 62
153230 63
153276 62
153302 61
153314 60
153346 59
153375 60
153387 59
153396 58
153398 59
153401 58
153402 57
153411 56
153421 57
153473 58
153482 57
153510 58
153573 59
153594 58
153637 57
153640 58
153662 57
153699 58
153730 57
153799 58
153831 57
153902 58
153907 59
153909 60
153909 61
153912 62
153922 61
153958 62
153961 61
153990 60
154002 61
154025 62
154032 63
154092 62
154093 63
154094 64
154094 65
154094 66
154113 65
154134 65
154277 66
154278 65
154297 66
154298 67
154312 68
154329 69
154355 68
154357 69
154370 68
154375 67
154390 68
154402 67
154410 68
154412 69
154473 68
154477 67
154546 68
154553 67
154559 66
154560 65
154600 66
154619 65
154650 64
154650 63
154653 62
154655 63
154707 62
154718 61
154718 60
154725 59
154774 58
154791 57
154794 56
154800 55
154806 56
154813 57
154852 58
154862 59
154946 60
154984 61
154998 62
155032 61
155110 62
155132 61
155141 60
155166 61
155190 62
155214 63
155255 62
155294 61
155338 60
155363 61
155369 62
155396 63
155446 64
155481 65
155534 66
155547 67
155603 68
155603 69
155608 70
155646 71
155731 72
155780 73
155817 72
155829 73
155831 72
155832 73
155895 72
155926 71
155928 70
155954 69
155962 70
155963 69
155966 70
155991 71
156023 70
156056 69
156080 70
156083 71
156088 70
156090 69
156123 70
156134 69
156160 68
156271 67
156273 66
156302 67
156325 66
156350 65
156374 66
156382 65
156450 64
156459 63
156474 64
156563 63
156608 64
156612 65
156638 64
156646 65
156653 66
156672 65
156714 66
156722 67
156726 68
156748 67
156749 66
156768 67
156837 66
156884 65
156910 66
156913 67
156930 66
156973 65
157026 64
157051 63
157070 62
157103 63
157121 62
157136 63
157153 64
157168 65
157190 64
157204 63
157231 62
157238 61
157268 62
157348 61
157388 62
157448 63
157452 62
157455 63
157466 62
157548 61
157549 62
157552 63
157562 62
157566 63
157582 64
157598 63
157642 62
157653 61
157689 62
157706 61
157724 60
157793 61
157795 62
157810 63
157818 64
157830 63
157842 62
157844 63
157867 62
157882 63
157920 62
157927 63
157949 64
157964 63
157979 62
158001 63
158022 64
158029 63
158075 62
158102 63
158121 64
158149 63
158200 62
158209 61
158215 62
158215 63
158327 64
158350 65
158358 64
158376 65
158389 66
158392 67
158418 68
158443 67
158489 68
158565 67
158590 66
158591 67
158592 68
158598 67
158599 66
158600 65
158659 66
158700 67
158706 68
158737 67
158776 68
158779 69
158810 68
158829 67
158836 66
158837 65
158838 64
158948 63
158950 62
158950 61
158962 60
158994 61
158994 62
159022 63
159028 62
159031 61
159042 60
159098 59
159114 58
159134 59
159220 60
159222 59
159227 60
159251 61
159268 62
159318 61
159378 62
159407 61
159409 62
159414 61
159429 62
159434 63
159457 62
159490 63
159518 64
159530 65
159552 66
159552 67
159558 68
159584 69
159589 70
159651 69
159666 70
159675 71
159681 72
159750 71
159913 72
159922 71
159966 70
159972 69
160013 68
160029 67
160036 68
160044 67
160056 66
160064 65
160074 64
160087 63
160097 64
160156 63
160160 62
160190 63
160208 64
160224 63
160265 62
160266 61
160294 60
160318 59
160335 58
160403 57
160452 56
160454 55
160466 56
160490 57
160527 56
160552 57
160566 56
160612 57
160618 58
160638 57
160642 58
160646 59
160716 60
160734 61
160820 60
160840 60
160845 61
160893 60
160904 59
161022 58
161026 59
161030 60
161063 59
161070 60
161108 61
161110 62
161117 63
161118 62
161134 63
161136 64
161215 63
161262 64
161300 65
161301 66
161323 67
161365 68
161370 69
161403 68
161404 67
161406 66
161433 67
161434 68
161515 67
161569 66
161579 65
161607 66
161651 65
161706 64
161744 65
161746 64
161838 65
161839 66
161872 65
161878 66
161878 67
161889 68
161914 69
161944 68
161960 67
161969 68
161996 69
162043 68
162044 69
162156 68
162247 67
162257 68
162258 67
162258 66
162262 67
162312 66
162338 65
162380 64
162391 65
162427 64
162436 65
162439 64
162455 65
162525 64
162550 65
162558 64
162603 65
162650 66
162660 67
162690 68
162736 67
162806 68
162830 69
162839 70
162919 69
162942 68
162946 67
162954 66
162997 65
163052 64
163079 63
163142 64
163194 65
163217 64
163232 63
163244 62
163252 61
163266 62
163288 63
163297 62
163302 61
163305 62
163332 61
163394 62
163418 63
163430 64
163430 65
163458 66
163458 67
163459 68
163469 69
163476 68
163505 67
163531 68
163615 69
163705 70
163749 71
163794 70
163798 69
163803 68
163810 67
163812 66
163822 65
163864 64
163897 65
163918 64
163970 63
163985 62
164006 63
164100 64
164115 65
164175 64
164177 65
164214 64
164235 63
164257 62
164269 61
164275 60
164287 61
164288 62
164300 61
164373 62
164385 61
164393 60
164420 59
164475 60
164482 61
164570 62
164665 63
164669 62
164680 63
164700 62
164715 63
164733 64
164734 65
164893 66
164919 65
164925 66
164941 67
164958 66
164962 65
164966 66
164970 67
164970 68
165004 67
165052 68
165059 69
165125 68
165127 67
165143 66
165173 67
165197 68
165230 69
165233 68
165246 69
165252 70
165291 69
165335 68
165338 67
165353 66
165450 67
165458 66
165466 65
165478 64
165510 63
165514 62
165516 63
165524 62
165550 61
165566 60
165579 59
165599 60
165599 59
165609 60
165622 59
165632 58
165642 59
165726 60
165732 61
165784 62
165789 63
165798 62
165836 61
165891 62
165959 63
165997 64
166012 65
166026 64
166032 63
166035 64
166038 65
166046 66
166076 65
166120 66
166172 67
166213 66
166243 65
166245 66
166255 67
166266 66
166286 67
166287 68
166433 69
166435 70
166469 69
166474 68
166514 67
166542 66
166547 67
166561 68
166655 67
166686 66
166686 67
166686 68
166710 67
166734 66
166740 65
166742 64
166746 63
166793 64
166795 65
166802 66
166805 67
166817 66
166822 67
166847 66
166920 65
166926 64
166927 63
166942 62
166950 61
167083 62
167105 61
167142 62
167166 61
167262 62
167263 63
167310 62
167318 63
167326 64
167328 65
167331 66
167331 67
167344 68
167347 67
167367 68
167394 67
167398 68
167448 67
167493 68
167559 67
167563 68
167592 67
167596 66
167618 67
167618 68
167634 67
167694 66
167706 67
167709 66
167710 65
167715 66
167723 65
167782 66
167784 67
167786 68
167788 69
167825 68
167885 67
167923 66
167923 65
167962 66
167987 65
168006 64
168010 63
168016 64
168025 65
168087 66
168110 65
168121 66
168143 67
168170 68
168171 69
168249 70
168322 69
168357 68
168368 67
168376 66
168377 65
168414 66
168449 65
168451 66
168454 65
168469 64
168575 63
168628 62
168647 61
168666 60
168672 61
168682 60
168684 59
168698 58
168710 57
168718 56
168731 55
168741 54
168746 55
168804 56
168809 57
168822 56
168846 57
168875 58
168876 59
168882 60
168915 61
168938 62
168955 61
168972 60
168986 59
168989 58
168991 59
169068 60
169083 59
169084 58
169130 59
169131 60
169266 61
169268 62
169270 63
169290 62
169307 61
169313 60
169355 61
169395 62
169408 61
169424 60
169466 59
169484 60
169578 61
169588 60
169597 61
169635 60
169641 61
169662 62
169665 63
169674 62
169676 61
169688 60
169695 59
169702 58
169734 59
169737 60
169744 59
169745 58
169752 59
169794 60
169830 61
169836 62
169857 63
169898 64
169934 63
169944 62
169984 63
170000 64
170045 63
170082 62
170108 63
170117 62
170136 61
170139 60
170140 61
170163 62
170170 61
170194 60
170260 61
170274 62
170276 63
170277 62
170306 61
170320 60
170376 61
170378 62
170446 63
170460 64
170468 65
170486 64
170520 65
170561 66
170611 67
170619 67
170694 68
170695 69
170744 68
170790 69
170830 70
170865 69
170870 68
170903 69
170920 68
170948 69
171045 70
171071 69
171093 70
171126 71
171145 70
171155 69
171170 68
171218 69
171227 68
171239 69
171248 68
171256 69
171258 70
171327 71
171381 70
171382 71
171415 70
171422 71
171426 72
171437 71
171538 70
171542 69
171553 68
171609 67
171642 68
171649 67
171652 66
171675 65
171678 64
171814 63
171815 62
171822 63
171827 64
171856 63
171871 64
171910 63
171949 62
171972 61
172026 62
172071 61
172074 60
172088 59
172103 58
172104 59
172110 60
172158 59
172170 58
172190 59
172234 60
172273 61
172277 62
172355 63
172359 64
172376 63
172412 64
172423 65
172474 66
172474 65
172493 66
172521 67
172524 66
172530 65
172531 64
172537 63
172590 64
172647 65
172648 66
172665 67
172671 68
172710 67
172713 66
172720 67
172723 68
172735 69
172738 68
172754 69
172761 68
172790 67
172867 68
172902 67
172905 66
172935 65
172946 66
172947 67
172965 68
172979 67
173020 66
173047 65
173059 66
173083 65
173095 66
173197 67
173201 68
173212 67
173249 66
173270 65
173280 66
173290 67
173296 66
173299 67
173302 68
173351 67
173365 68
173414 69
173415 70
173417 69
173462 68
173539 69
173542 68
173547 67
173577 66
173580 65
173594 66
173668 65
173689 66
173826 65
173836 64
173843 65
173858 64
173870 63
173934 64
173942 63
173972 62
173975 63
173980 64
173983 63
174010 62
174011 61
174019 60
174037 59
174071 60
174081 61
174094 60
174166 61
174169 62
174218 61
174240 62
174244 63
174263 62
174265 63
174290 64
174343 63
174479 64
174529 65
174534 66
174549 65
174550 66
174555 65
174568 64
174571 65
174572 66
174591 67
174656 66
174701 65
174710 64
174714 63
174724 64
174726 63
174765 62
174808 61
174861 60
174894 61
174896 60
174905 61
174919 60
174923 59
174979 60
174979 61
174990 62
175006 63
175056 64
175078 65
175158 66
175170 67
175171 66
175178 67
175198 68
175239 67
175260 66
175295 65
175397 66
175426 65
175438 64
175439 63
175442 64
175473 65
175478 66
175522 65
175538 66
175591 65
175600 64
175628 63
175638 62
175638 61
175650 62
175695 63
175696 64
175714 63
175754 62
175763 63
175768 64
175772 65
175782 64
175783 63
175812 62
175875 61
175877 62
175898 63
175900 62
175906 63
176036 64
176042 63
176050 64
176053 65
176078 64
176081 63
176122 62
176130 63
176154 62
176206 61
176247 60
176266 59
176275 58
176281 59
176282 60
176303 59
176375 60
176382 61
176384 62
176392 63
176402 64
176406 65
176468 66
176474 67
176475 68
176475 69
176496 68
176514 67
176522 67
176583 68
176597 69
176643 68
176679 69
176684 70
176686 71
176690 70
176693 71
176743 70
176796 69
176811 70
176839 69
176860 68
176866 67
176867 66
176949 65
176978 64
176984 65
176984 66
176997 65
177002 64
177030 65
177060 64
177074 63
177082 62
177114 61
177155 60
177162 61
177189 62
177257 63
177258 64
177304 63
177356 64
177374 63
177385 64
177387 65
177531 66
177546 67
177601 68
177658 67
177748 66
177766 67
177804 66
177815 65
177863 64
177870 63
177874 64
177888 65
177911 64
177912 63
177917 64
177918 65
177966 66
178006 65
178007 64
178026 65
178046 66
178065 65
178070 66
178080 67
178211 68
178323 69
178329 70
178376 69
178382 70
178411 69
178416 70
178466 69
178466 70
178534 71
178548 72
178564 71
178602 72
178612 73
178625 72
178625 71
178679 70
178684 69
178694 68
178827 67
178828 68
178838 69
178858 68
178869 69
178880 68
178934 69
178944 70
178954 69
179007 70
179010 71
179035 70
179062 69
179064 68
179090 67
179119 68
179124 69
179136 68
179148 69
179218 70
179353 71
179368 72
179390 73
179415 72
179463 71
179486 70
179501 69
179504 68
179521 67
179544 66
179575 67
179599 66
179606 67
179608 66
179649 65
179717 66
179725 67
179761 68
179811 69
179863 68
179890 67
179907 66
179913 65
179923 66
