0 0
0 1
8 1
16 1
40 1
95 1
112 2
154 3
157 4
235 5
329 5
393 5
478 5
576 5
720 5
739 5
768 6
772 6
815 7
853 7
908 8
1020 8
1024 8
1058 8
1060 8
1084 9
1106 10
1124 11
1204 12
1223 12
1224 13
1287 14
1324 13
1332 14
1332 15
1398 16
1473 17
1475 17
1563 17
1581 17
1582 17
1593 18
1670 18
1690 19
1698 20
1728 21
1736 20
1757 21
1759 21
1792 20
1836 20
1973 20
2000 21
2155 22
2168 23
2196 24
2218 25
2237 24
2309 25
2338 24
2457 25
2506 26
2507 27
2619 26
2664 27
2721 27
2807 27
2829 28
2863 29
2887 28
2922 28
3017 27
3018 28
3333 29
3364 30
3413 30
3669 29
3684 28
3716 27
3720 28
3728 27
3731 28
3751 28
3997 29
4030 28
4101 27
4124 26
4148 25
4293 25
4300 26
4319 27
4368 28
4395 29
4461 28
4492 28
4492 29
4496 28
4544 29
4545 30
4561 31
4667 32
4688 33
4750 32
4841 31
4848 32
4858 32
4908 31
4910 30
4991 29
5005 28
5050 29
5076 28
5133 29
5144 29
5179 30
5288 31
5341 32
5386 31
5429 32
5561 33
5590 34
5739 35
5817 36
5849 35
5864 36
5928 35
5953 34
6022 33
6041 34
6088 35
6148 34
6151 34
6161 34
6317 33
6420 32
6498 31
6605 30
6671 31
6680 30
6707 30
6744 31
6753 32
6793 31
6804 31
6811 32
6832 33
6913 33
6929 32
6931 33
6957 32
7017 33
7058 34
7084 33
7100 34
7281 35
7312 36
7370 36
7376 37
7431 36
7437 37
7504 36
7520 37
7548 36
7621 37
7724 37
7816 38
7817 39
7847 40
7857 40
7863 41
7899 42
7953 43
7964 42
8110 41
8177 41
8249 40
8273 41
8331 41
8347 42
8417 43
8562 42
8565 41
8569 42
8569 42
8649 43
8716 44
8728 44
8749 45
8780 45
8872 46
8880 47
8997 48
9014 49
9195 48
9302 47
9346 46
9385 47
9462 46
9491 47
9755 46
9848 45
9940 46
9992 47
10056 46
10069 47
10087 46
10113 45
10157 46
10455 47
10458 46
10506 45
10512 46
10569 45
10728 45
10739 46
10776 47
10819 47
10864 46
10869 45
10885 44
10913 43
10962 44
11099 45
11185 44
11199 43
11321 42
11398 41
11408 42
11443 41
11488 42
11549 43
11563 42
11590 43
11613 42
11615 43
11633 44
11635 45
11659 46
11780 47
11825 48
11899 47
11906 46
12095 47
12109 46
12111 47
12149 48
12203 49
12215 48
12223 47
12237 46
12441 47
12449 46
12495 47
12613 48
12649 49
12682 50
12725 49
12835 50
12901 51
12969 50
13159 50
13194 49
13227 50
13334 51
13400 52
13413 52
13464 51
13504 50
13506 50
13585 50
13703 49
13759 48
13913 49
13913 50
13970 49
13979 50
14103 49
14189 50
14212 51
14363 52
14387 53
14398 54
14422 53
14463 52
14515 53
14553 54
14561 53
14575 52
14576 52
14669 53
14845 54
14848 55
14852 56
14961 55
14989 54
15007 53
15125 54
15237 53
15347 52
15379 53
15449 54
15460 55
15490 54
15552 53
15565 52
15581 51
15607 50
15627 51
15681 52
15682 53
15709 54
15785 53
15855 52
15904 53
16081 54
16117 55
16119 56
16217 55
16218 56
16477 55
16486 54
16529 54
16604 55
16648 54
16679 55
16693 54
16717 53
16794 54
16860 53
16881 52
16945 53
16947 54
16985 55
17018 54
17053 53
17276 54
17358 55
17462 54
17530 55
17539 56
17625 57
17649 58
17717 57
18000 56
18013 55
18020 56
18054 57
18175 56
18177 55
18233 55
18336 56
18430 57
18498 56
18504 56
18652 55
18733 56
18765 55
18869 56
18895 55
18905 54
19046 55
19050 56
19083 55
19113 54
19129 55
19149 56
19269 57
19361 57
19469 58
19637 59
19701 60
19858 59
19882 58
19892 59
19902 60
19947 59
19973 60
20282 61
20370 60
20410 61
20469 61
20527 62
20604 61
20623 61
20649 60
20743 59
20750 58
20793 59
20878 60
21014 61
21038 62
21169 61
21340 61
21343 60
21483 59
21650 60
21654 61
21673 62
21713 61
21789 60
21792 59
21829 58
21832 59
21874 59
22108 60
22145 59
22177 60
22205 61
22219 62
22452 63
22458 64
22511 65
22656 66
22754 65
22754 64
22788 63
23011 64
23085 65
23151 64
23355 63
23563 62
23585 61
23585 60
23624 59
23647 58
23739 59
23756 60
23824 61
23922 60
23992 61
24024 62
24134 61
24142 60
24148 59
24204 60
24237 61
24289 60
24307 61
24404 60
24523 61
24617 61
24651 60
24686 59
24809 58
24809 57
24877 56
24890 55
24891 54
24897 55
24897 56
24924 55
24984 56
25008 57
25013 58
25041 57
25048 57
25083 58
25145 59
25179 58
25208 59
25240 60
25274 61
25275 62
25391 63
25591 64
25671 65
25672 66
25797 65
25825 64
25845 65
25850 64
25862 65
25876 66
25894 65
25917 64
26073 65
26155 64
26164 63
26166 62
26171 63
26477 64
26500 65
26577 66
26663 65
26679 64
26689 63
26725 64
26907 63
26909 62
26914 63
26952 64
26954 63
26982 62
26992 61
27005 60
27047 59
27266 58
27283 59
27314 60
27381 61
27454 62
27531 63
27629 64
27637 64
27655 65
27716 64
27761 65
27776 64
27811 63
27859 62
27914 63
27993 62
28014 61
28107 60
28114 59
28116 58
28129 57
28130 58
28137 59
28204 60
28377 59
28379 58
28385 59
28396 60
28417 61
28585 60
28633 59
28726 58
28761 57
28769 57
28781 56
28872 57
28889 56
28917 57
28919 58
28991 59
29103 60
29105 59
29165 60
29221 61
29265 62
29297 62
29302 63
29304 63
29309 64
29317 63
29427 64
29466 65
29492 66
29613 65
29651 66
29669 67
29697 66
29700 65
29771 66
29869 67
29922 68
30001 67
30047 66
30053 67
30073 68
30101 69
30205 68
30207 67
30285 66
30397 65
30426 64
30431 63
30441 62
30445 63
30548 62
30617 61
30621 62
30725 61
30773 62
30783 63
30824 64
30843 65
30871 66
30906 67
30988 66
30996 65
31006 65
31044 64
31057 65
31241 66
31253 67
31357 66
31373 66
31405 67
31479 66
31482 67
31500 68
31547 67
31569 68
31569 69
31593 70
31597 71
31633 70
31665 71
31700 71
31797 72
31818 71
31837 70
31887 69
31945 68
31969 69
32098 70
32121 71
32124 70
32194 69
32206 70
32267 70
32273 69
32351 68
32352 67
32476 68
32488 67
32502 68
32522 69
32592 69
32601 70
32607 71
32711 72
32766 73
32791 74
32798 73
32801 72
32831 73
32832 74
32861 73
32887 72
32947 73
33009 72
33049 71
33078 72
33136 71
33141 70
33267 69
33272 70
33327 71
33329 72
33387 71
33405 70
33418 71
33471 70
33472 69
33548 68
33586 67
33639 66
33677 65
33781 66
33809 67
33848 68
33899 69
33911 68
33985 69
34031 70
34039 69
34089 68
34149 69
34155 70
34156 71
34329 72
34391 73
34405 72
34408 71
34455 72
34506 73
34546 74
34673 75
34674 74
34709 73
34710 72
34784 73
34834 74
34889 73
35037 72
35075 71
35076 72
35198 71
35221 72
35273 71
35322 72
35406 71
35481 70
35514 71
35630 72
35821 71
35862 71
35897 72
35965 73
35977 74
36001 73
36030 74
36059 75
36097 74
36152 73
36191 72
36200 71
36208 70
36229 71
36321 72
36398 71
36462 72
36505 73
36651 74
36673 73
36691 72
36728 71
36733 72
36774 73
36787 74
36824 75
36876 74
36883 75
36913 76
37038 75
37113 74
37248 73
37264 74
37359 75
37373 74
37508 73
37561 74
37611 75
37626 74
37665 75
37720 76
37861 75
37901 76
37990 75
38002 74
38005 73
38045 72
38163 71
38168 70
38170 70
38171 69
38171 68
38205 67
38225 66
38230 65
38240 66
38256 65
38266 66
38274 65
38281 64
38373 63
38393 64
38422 65
38471 66
38476 65
38480 64
38481 64
38485 64
38486 63
38530 64
38595 65
38717 66
38727 67
38773 68
38852 67
38868 66
38925 67
38928 66
38934 65
38935 64
38939 63
38958 64
39000 65
39025 66
39075 67
39085 66
39089 65
39126 66
39145 65
39151 66
39186 67
39187 66
39192 65
39192 66
39281 65
39301 66
39358 67
39365 66
39411 67
39415 66
39424 67
39450 66
39457 65
39458 64
39462 63
39510 64
39531 64
39537 65
39593 64
39625 65
39642 66
39646 65
39654 64
39680 65
39709 64
39750 65
39795 66
39796 67
39808 68
39822 67
39837 68
39845 67
39896 68
39921 69
39939 70
40059 71
40069 72
40072 73
40078 74
40093 73
40111 72
40181 73
40216 72
40236 73
40271 74
40273 73
40295 72
40402 73
40444 72
40448 71
40451 70
40485 69
40595 70
40636 71
40644 71
40675 70
40681 69
40701 70
40742 69
40778 68
40869 69
40881 70
40925 69
40937 70
40961 71
41024 72
41033 73
41037 72
41090 73
41142 72
41229 73
41233 72
41237 73
41250 74
41265 73
41270 72
41272 72
41273 71
41275 70
41276 69
41289 68
41291 69
41409 68
41501 69
41509 68
41509 68
41548 67
41595 68
41598 67
41600 66
41624 67
41774 68
41793 67
41843 67
41845 68
41845 67
41877 66
41930 67
41933 66
41936 65
41937 64
41940 63
41941 62
42009 63
42013 64
42018 65
42021 66
42037 65
42037 66
42045 65
42045 64
42045 63
42046 62
42077 63
42100 64
42102 63
42104 64
42107 63
42141 62
42172 63
42178 62
42197 61
42208 62
42215 61
42218 60
42234 59
42300 60
42305 61
42307 60
42307 59
42308 60
42308 60
42311 60
42313 60
42339 61
42340 60
42417 59
42465 60
42545 61
42545 62
42553 61
42561 60
42572 61
42593 62
42601 63
42653 64
42681 65
42684 66
42685 67
42689 68
42725 69
42733 68
42767 67
42783 68
42821 69
42829 68
42829 67
42829 66
42834 65
42839 66
42850 66
42853 65
42854 66
42925 65
42934 66
42949 67
42975 68
42984 67
42985 67
42990 67
42990 67
42992 68
43039 67
43044 68
43052 67
43052 66
43055 65
43101 64
43101 63
43151 64
43187 65
43193 64
43205 65
43213 66
43272 67
43281 68
43289 68
43289 67
43289 66
43339 65
43364 64
43375 65
43377 65
43377 65
43425 64
43437 65
43438 64
43452 63
43453 64
43459 63
43462 62
43466 62
43471 61
43475 60
43478 60
43483 61
43494 60
43533 61
43641 60
43642 61
43645 60
43645 59
43646 58
43652 57
43653 56
43669 57
43693 56
43713 57
43721 56
43732 57
43740 58
43761 59
43762 58
43767 57
43768 56
43769 57
43771 56
43772 55
43772 56
43825 57
43833 57
43833 56
43833 55
43838 54
43844 53
43867 54
43870 55
43876 56
43880 55
43880 55
43892 54
43892 55
43892 54
43892 53
43933 54
43939 55
43978 56
43981 57
43987 56
44000 57
44057 58
44075 57
44085 58
44097 57
44112 58
44130 59
44160 58
44161 59
44166 60
44168 61
44169 60
44169 59
44201 58
44202 59
44210 60
44219 59
44277 60
44305 61
44365 62
44373 61
44382 60
44383 61
44384 62
44386 61
44388 60
44389 59
44389 58
44401 59
44409 58
44409 57
44444 58
44505 59
44533 59
44536 60
44541 59
44542 59
44543 60
44544 59
44545 60
44550 61
44559 60
44622 61
44632 62
44642 61
44642 62
44734 61
44737 62
44740 61
44745 60
44753 61
44754 60
44764 59
44781 58
44782 57
44806 58
44813 59
44839 60
44846 59
44876 58
44900 59
44908 60
44946 59
44963 58
44985 59
45005 60
45010 60
45011 59
45013 59
45013 58
45031 59
45069 60
45070 59
45073 60
45076 59
45078 58
45081 57
45081 56
45129 57
45135 58
45141 57
45165 58
45241 59
45245 60
45261 61
45265 60
45265 61
45268 60
45270 59
45270 58
45273 57
45307 58
45316 59
45341 60
45360 61
45385 60
45385 59
45387 60
45387 59
45389 58
45406 59
45432 60
45451 61
45453 60
45501 61
45501 62
45608 63
45609 64
45618 63
45637 64
45637 65
45646 64
45646 63
45649 64
45698 65
45711 66
45733 67
45741 66
45758 67
45761 66
45761 67
45773 68
45793 69
45833 68
45850 69
45883 68
45896 69
45905 68
45906 67
45908 66
45912 65
45950 66
45970 65
45973 66
45999 67
46018 66
46021 65
46033 64
46069 65
46153 66
46192 67
46201 68
46204 67
46212 66
46213 67
46215 68
46270 69
46309 68
46450 67
46490 68
46494 67
46494 68
46495 69
46497 68
46510 67
46543 68
46587 67
46601 68
46607 69
46616 68
46647 67
46649 68
46657 69
46678 70
46684 70
46687 69
46689 68
46766 69
46771 70
46785 71
46875 70
46881 69
46881 68
46907 69
46916 68
46916 67
46932 68
46977 67
46985 66
47020 65
47088 64
47098 63
47148 62
47162 63
47215 64
47244 63
47283 62
47285 63
47324 62
47343 63
47347 63
47353 64
47355 63
47375 64
47381 65
47391 64
47425 65
47426 64
47527 65
47533 66
47540 65
47544 64
47545 65
47555 66
47577 67
47586 68
47607 67
47619 68
47629 67
47642 68
47652 69
47657 68
47658 69
47667 68
47671 67
47729 68
47779 69
47781 70
47820 69
47877 70
47877 71
47885 72
47897 71
47897 70
47928 71
47995 72
47999 73
48000 72
48006 71
48040 72
48163 71
48196 72
48209 71
48215 72
48251 73
48326 74
48332 73
48375 74
48383 73
48383 74
48392 73
48394 72
48409 73
48417 74
48421 73
48432 74
48482 73
48507 74
48515 75
48521 74
48521 73
48524 72
48526 71
48528 70
48528 69
48528 68
48529 69
48537 70
48558 71
48621 72
48626 71
48641 70
48690 71
48706 70
48769 71
48771 70
48776 69
48790 70
48795 69
48845 68
48850 67
48929 66
48929 67
48933 66
48933 65
48933 64
48934 63
48934 62
48938 61
48969 62
48975 61
48977 62
48985 61
49003 62
49030 63
49041 62
49043 61
49065 60
49073 61
49102 62
49176 63
49177 62
49177 61
49181 62
49194 61
49196 60
49245 59
49245 58
49246 57
49247 58
49304 59
49333 60
49397 61
49402 60
49403 59
49417 60
49420 61
49425 61
49450 60
49453 61
49455 60
49485 59
49486 60
49516 61
49524 60
49530 59
49533 60
49540 61
49540 62
49541 61
49549 62
49624 61
49637 62
49645 61
49677 60
49681 59
49745 60
49746 59
49753 58
49754 57
49758 57
49761 56
49785 56
49789 55
49792 54
49799 53
49823 54
49850 55
49853 54
49858 53
49869 54
49873 55
49884 54
49885 55
49886 54
49905 53
49913 54
49917 55
49925 54
49932 55
49942 56
49960 57
50045 57
50056 56
50061 57
50077 58
50077 59
50102 60
50111 61
50114 60
50115 59
50117 59
50118 58
50212 59
50217 58
50231 59
50239 60
50242 61
50245 62
50247 62
50250 61
50258 61
50289 60
50349 61
50357 60
50357 60
50359 61
50397 62
50398 63
50404 64
50421 65
50426 65
50436 64
50437 63
50461 64
50471 65
50486 64
50489 65
50493 66
50547 67
50563 66
50597 67
50617 66
50618 65
50625 64
50643 65
50661 66
50729 65
50738 66
50740 65
50744 66
50749 65
50766 66
50781 65
50797 64
50805 65
50833 66
50864 65
50866 66
50871 65
50900 66
50909 65
50969 66
51015 67
51054 68
51058 69
51066 68
51076 67
51081 68
51091 69
51113 68
51113 67
51113 67
51118 68
51130 69
51160 70
51182 71
51184 70
51186 69
51189 68
51193 67
51204 66
51249 67
51261 66
51289 67
51342 68
51365 67
51389 66
51390 65
51417 66
51425 66
51425 66
51426 65
51459 65
51461 64
51501 63
51505 64
51508 65
51515 64
51516 63
51516 62
51517 61
51521 60
51524 60
51524 59
51533 58
51593 57
51613 58
51620 59
51631 58
51637 59
51644 60
51645 59
51645 58
51646 58
51649 57
51652 58
51654 57
51656 56
51657 55
51659 54
51663 53
51711 54
51729 53
51740 52
51753 53
51811 54
51826 53
51857 52
51857 53
51860 54
51861 54
51861 55
51866 54
51891 55
51899 56
51913 57
51922 58
51933 59
51940 60
51942 59
51947 60
51949 61
51965 62
51988 63
51996 62
51997 63
51999 62
52001 63
52017 62
52017 61
52017 61
52074 60
52078 61
52078 60
52106 61
52127 62
52143 63
52169 62
52200 63
52216 64
52257 63
52283 64
52313 65
52373 66
52378 65
52378 64
52379 65
52380 66
52381 65
52386 66
52424 67
52433 68
52441 67
52484 68
52501 67
52501 66
52502 65
52530 64
52567 65
52604 66
52606 65
52616 66
52624 65
52627 64
52644 63
52651 62
52663 63
52669 64
52677 63
52677 62
52678 61
52712 62
52740 63
52741 62
52753 61
52754 60
52789 61
52793 62
52848 63
52849 64
52861 65
52869 64
52903 65
52917 66
52933 67
52941 66
52941 65
52949 64
52956 65
52972 66
52989 67
53001 67
53021 66
53065 67
53104 68
53108 67
53109 66
53130 67
53151 68
53177 69
53182 70
53217 69
53221 68
53264 69
53317 68
53317 69
53328 70
53397 71
53425 72
53442 72
53469 73
53477 73
53505 74
53544 73
53645 74
53649 73
53697 74
53705 73
53705 74
53721 73
53729 72
53730 71
53730 72
53746 71
53755 72
53808 73
53824 74
53849 75
53889 75
53973 76
53977 75
54005 76
54058 75
54085 76
54093 75
54212 74
54221 73
54229 72
54238 71
54238 72
54247 71
54254 71
54333 72
54341 71
54341 70
54353 69
54357 68
54443 67
54457 66
54466 66
54466 66
54467 65
54514 64
54519 65
54538 64
54589 63
54617 62
54629 63
54635 64
54649 65
54657 66
54658 65
54665 66
54682 67
54723 66
54726 65
54854 65
54855 66
54862 65
54862 65
54863 66
54866 65
54867 65
54875 64
54880 65
54888 64
54892 63
54898 64
54925 65
54933 64
54945 65
54951 66
54976 65
54977 66
55065 67
55070 68
55121 69
55146 70
55153 69
55157 70
55175 69
55176 68
55233 67
55297 68
55317 69
55335 68
55358 69
55412 70
55440 71
55447 72
55479 73
55533 74
55538 73
55539 74
55540 75
55549 74
55557 73
55557 74
55601 75
55609 74
55613 73
55615 74
55653 75
55805 76
55828 77
55877 78
55885 77
55913 76
55924 77
55933 76
55933 75
55947 76
55960 77
55965 76
55981 75
55982 75
56031 76
56034 75
56036 74
56045 73
56137 74
56145 74
56146 73
56146 73
56225 74
56250 75
56255 74
56256 73
56258 72
56260 71
56264 70
56265 69
56265 68
56338 67
56345 68
56357 69
56376 68
56453 69
56454 70
56461 69
56461 68
56473 67
56576 68
56577 69
56585 68
56585 67
56586 66
56586 65
56609 66
56634 67
56636 66
56769 67
56790 66
56796 67
56797 68
56809 69
56816 70
56822 69
56928 70
56961 71
56969 70
56985 71
57057 72
57058 73
57058 74
57076 75
57087 76
57097 75
57100 74
57107 73
57126 74
57140 75
57153 74
57196 75
57210 74
57361 73
57373 74
57373 75
57412 76
57449 75
57458 76
57465 75
57465 74
57476 73
57518 72
57524 72
57573 71
57581 70
57601 71
57602 70
57604 69
57669 70
57781 71
57784 72
57785 71
57789 70
57789 69
57790 68
57801 67
57828 67
57829 66
57829 65
57830 64
57897 65
57897 66
57901 65
57913 64
57975 65
57976 64
57984 65
57987 64
57988 65
58013 66
58113 67
58118 68
58136 69
58151 68
58166 67
58170 66
58205 67
58235 68
58261 67
58323 68
58385 69
58432 70
58439 71
58449 70
58449 71
58457 72
58458 71
58458 70
58509 71
58525 72
58527 71
58537 72
58551 71
58585 70
58585 69
58589 70
58589 71
58597 70
58601 71
58608 70
58644 71
58655 72
58668 71
58681 70
58826 69
58837 70
58851 71
58859 72
58862 71
58883 70
58899 69
58921 70
58925 71
58933 70
58933 69
58934 68
58934 67
58946 66
58949 67
58969 66
58969 65
58987 64
58988 63
58994 64
59024 63
59045 62
59045 63
59046 62
59117 63
59139 62
59209 63
59237 64
59240 63
59251 62
59251 61
59252 62
59255 63
59305 64
59325 63
59339 64
59366 63
59369 62
59385 63
59393 62
59419 63
59441 64
59460 65
59473 66
59483 67
59529 68
59547 67
59565 68
59593 67
59627 68
59633 69
59648 70
59667 71
59677 70
59697 69
59698 68
59709 67
59737 66
59744 67
59788 68
59791 69
59793 68
59793 68
59800 67
59802 67
59805 66
59811 65
59823 66
59825 67
59826 66
59834 65
59867 66
59965 67
59973 66
59973 66
59973 65
59974 64
59974 63
59974 62
59977 61
59978 60
59993 61
59995 60
60025 59
60073 60
60120 61
60135 62
60137 63
60145 62
60157 62
60157 61
60158 60
60180 61
60181 60
60181 61
60233 62
60252 63
60331 62
60337 61
60439 62
60445 63
60447 62
60448 62
60511 63
60515 62
60517 61
60520 60
60521 59
60521 60
60522 61
60525 60
60525 61
60527 62
60528 61
60529 61
60529 60
60530 59
60530 58
60541 57
60543 56
60545 55
60547 56
60547 55
60547 54
60549 53
60600 54
60673 55
60680 56
60682 55
60709 56
60777 57
60779 58
60787 57
60806 58
60820 57
60827 58
60853 59
60853 58
60854 59
60855 60
60868 59
60869 58
60872 57
60872 56
60873 55
60881 56
60893 55
60896 54
60901 53
60925 54
60928 55
60939 54
60978 55
60987 56
60993 57
61004 56
61045 57
61046 58
61049 57
61081 56
61085 57
61090 56
61104 57
61108 57
61117 57
61119 57
61120 56
61123 56
61123 55
61125 54
61125 54
61125 55
61127 55
61137 55
61141 56
61151 57
61228 58
61247 59
61249 60
61262 61
61265 62
61270 61
61279 60
61318 61
61326 60
61367 61
61371 60
61373 61
61389 62
61392 61
61421 60
61437 61
61449 60
61469 61
61489 62
61501 61
61502 60
61506 60
61508 60
61557 61
61565 62
61573 63
61576 63
61576 62
61578 61
61582 60
61593 61
61593 62
61636 63
61679 64
61728 63
61745 62
61760 63
61790 62
61804 61
61825 62
61830 61
61838 60
61840 61
61841 61
61842 60
61843 59
61849 59
61849 60
61850 61
61854 60
61865 59
61871 60
61871 59
61881 60
61883 61
61889 60
61897 61
61900 62
61929 61
61935 60
61986 61
61992 62
61996 61
62002 60
62033 61
62045 62
62175 63
62216 62
62217 61
62250 60
62250 61
62251 61
62260 61
62333 62
62347 63
62361 62
62362 63
62367 64
62381 63
62404 64
62407 63
62411 62
62414 61
62443 62
62476 63
62492 64
62528 65
62565 66
62587 67
62594 66
62603 65
62616 66
62616 67
62631 68
62637 69
62645 68
62646 69
62655 70
62705 71
62719 70
62732 69
62741 68
62741 67
62755 68
62756 67
62759 66
62760 67
62769 68
62773 67
62829 68
62850 67
62861 66
62889 67
62918 68
62919 67
62958 66
62965 67
63011 68
63013 67
63029 66
63114 65
63137 66
63186 67
63198 68
63205 67
63219 68
63239 67
63266 68
63268 67
63272 68
63273 69
63281 70
63295 69
63295 68
63347 68
63348 69
63367 70
63415 71
63432 70
63433 71
63514 70
63516 71
63570 70
63576 69
63579 68
63580 67
63637 66
63647 65
63648 64
63658 65
63687 66
63700 67
63701 66
63702 66
63709 66
63711 66
63718 65
63757 64
63805 65
63816 66
63838 67
63870 68
63929 69
63977 70
64006 69
64037 70
64038 71
64040 70
64079 71
64104 72
64164 73
64185 72
64185 71
64192 72
64203 71
64208 70
64214 69
64214 70
64219 69
64229 70
64257 69
64304 70
64308 69
64434 68
64473 69
64482 68
64489 69
64557 70
64568 69
64577 69
64621 68
64642 69
64669 70
64675 71
64686 72
64693 73
64693 72
64701 71
64701 70
64756 69
64775 70
64778 71
64782 70
64798 69
64848 68
64865 69
64912 68
64925 69
64927 70
65013 71
65021 70
65033 69
65052 70
65057 71
65077 70
65109 71
65117 70
65117 69
65118 69
65118 68
65147 67
65149 68
65162 68
65163 67
65163 66
65194 67
65224 68
65227 67
65227 66
65240 65
65292 64
65307 65
65337 66
65379 67
65468 68
65501 69
65633 70
65642 69
65669 68
65677 67
65680 66
65681 65
65689 66
65701 67
65706 66
65711 67
65713 68
65751 69
65772 70
65784 69
65794 68
65797 69
65837 70
65845 69
65859 68
65866 67
65867 68
65874 67
65879 66
65880 65
65897 66
65911 67
65913 66
65917 65
65934 66
66012 67
66036 68
66047 67
66055 66
66056 67
66081 66
66081 65
66118 64
66122 63
66134 64
66169 65
66173 64
66181 65
66217 64
66217 63
66236 62
66249 62
66249 63
66256 62
66257 61
66259 61
66265 60
66333 61
66362 62
66392 63
66395 63
66400 64
66400 63
66403 62
66409 61
66427 60
66437 61
66452 60
66474 61
66486 60
66488 59
66489 60
66492 59
66497 58
66497 59
66498 58
66500 59
66501 60
66505 59
66506 58
66511 57
66519 56
66528 56
66537 57
66605 58
66633 59
66638 58
66641 59
66644 60
66657 59
66661 58
66773 57
66786 58
66792 57
66794 56
66806 55
66808 56
66821 55
66825 56
66869 57
66871 56
66880 57
66890 56
66894 55
66903 54
66908 55
66914 54
66917 53
66939 54
66952 55
67008 56
67009 57
67041 58
67059 59
67073 58
67073 57
67073 56
67089 57
67090 56
67102 57
67109 58
67128 59
67161 58
67166 59
67173 60
67201 59
67209 60
67239 61
67260 62
67264 63
67364 62
67366 63
67376 64
67388 65
67397 64
67406 63
67441 64
67447 63
67450 64
67481 63
67494 64
67507 63
67509 64
67521 63
67544 64
67588 65
67593 66
67599 67
67603 66
67629 67
67649 68
67650 69
67652 68
67655 67
67657 66
67659 65
67659 64
67660 63
67660 62
67663 61
67664 60
67673 59
67706 60
67708 59
67709 58
67709 59
67714 60
67726 61
67726 60
67745 61
67798 62
67801 61
67807 62
67819 63
67844 62
67847 63
67847 62
67850 61
67857 62
67915 63
67918 62
67947 63
67955 64
67961 63
67979 64
68000 63
68001 64
68065 65
68092 66
68130 67
68140 66
68142 65
68144 64
68145 63
68145 64
68147 63
68150 64
68184 65
68188 66
68261 65
68300 66
68302 67
68303 68
68310 67
68317 68
68337 69
68363 70
68368 69
68372 68
68376 69
68396 68
68458 67
68481 66
68495 65
68509 64
68531 65
68541 64
68557 63
68567 62
68574 61
68581 62
68581 63
68599 62
68615 63
68647 64
68689 64
68694 65
68696 66
68700 67
68760 66
68777 67
68785 67
68786 66
68786 65
68790 64
68821 63
68835 62
68838 61
68878 62
68882 63
68888 62
68889 61
68892 60
68893 59
68898 58
68903 57
68906 56
68921 57
68937 58
68949 59
68957 60
68957 60
68965 59
68971 60
68984 59
69062 58
69062 57
69066 56
69069 56
69080 57
69092 58
69129 59
69137 60
69154 59
69155 60
69168 61
69237 62
69245 61
69271 62
69288 63
69288 64
69298 63
69301 64
69341 63
69352 64
69370 65
69412 66
69421 65
69429 66
69440 65
69441 64
69444 63
69451 64
69464 63
69509 62
69542 63
69591 64
69600 65
69610 66
69618 67
69633 68
69645 67
69686 68
69695 68
69695 68
69695 67
69697 66
69698 66
69715 67
69719 66
69791 67
69811 68
69826 67
69829 68
69857 69
69865 68
69866 67
69909 68
69917 67
69918 66
69919 67
69930 67
69931 66
69941 67
69959 66
69965 67
69967 66
69983 65
69990 64
70005 65
70021 66
70021 65
70036 66
70036 67
70041 68
70043 67
70050 67
70051 67
70056 66
70056 65
70060 64
70061 64
70062 64
70065 63
70066 62
70103 63
70164 62
70172 61
70175 60
70178 61
70213 60
70236 61
70300 62
70317 61
70377 62
70445 63
70469 64
70481 63
70508 64
70511 63
70609 64
70633 65
70645 66
70653 65
70654 64
70654 63
70656 62
70671 63
70682 64
70725 65
70729 66
70730 65
70741 66
70743 67
70753 66
70767 67
70810 68
70812 69
70850 70
70863 69
70908 70
70928 71
70955 72
70976 73
71001 74
71026 73
71027 74
71045 75
71067 74
71069 75
71125 76
71133 75
71134 75
71146 76
71170 75
71175 74
71181 73
71182 72
71182 71
71197 72
71306 73
71309 74
71389 73
71437 74
71505 75
71531 76
71544 75
71555 74
71593 75
71616 76
71616 75
71628 74
71630 73
71649 74
71655 73
71667 72
71683 71
71700 70
71762 69
71773 70
71783 71
71795 72
71800 71
71845 72
71874 71
71877 70
71878 70
71878 69
71878 68
71885 68
71887 67
71889 67
71927 68
71942 68
71947 67
71954 67
71957 66
71974 67
72062 68
72069 67
72094 68
72117 67
72170 68
72185 69
72187 68
72189 67
72207 68
72217 67
72228 66
72249 67
72336 68
72361 69
72393 68
72405 69
72419 70
72426 71
72449 70
72468 69
72493 68
72507 69
72543 70
72570 69
72570 70
72582 69
72603 68
72626 69
72632 70
72633 69
72645 68
72646 67
72648 66
72701 67
72721 68
72752 67
72770 68
72773 69
72783 70
72792 69
72793 68
72831 69
72842 70
72866 69
72874 68
72876 68
72880 69
72913 70
72961 71
72965 70
72994 69
72999 70
73171 71
73189 70
73213 71
73223 72
73238 71
73293 72
73305 73
73320 72
73322 71
73337 72
73338 71
73381 72
73385 71
73400 72
73420 71
73489 72
73510 73
73574 74
73611 73
73614 74
73642 75
73659 74
73674 73
73674 74
73684 75
73718 76
73741 75
73750 76
73789 77
73811 76
73824 75
73825 74
73841 75
73873 76
73921 77
73924 76
73938 76
74005 75
74017 74
74066 75
74098 74
74135 73
74190 72
74224 71
74302 72
74318 71
74325 72
74359 73
74425 74
74438 73
74438 74
74439 75
74558 76
74589 77
74593 78
74635 79
74689 78
74789 79
74798 80
74800 79
74822 78
74834 79
75045 80
75053 81
75069 80
75070 79
75090 80
75108 79
75197 80
75279 79
75332 80
75347 79
75433 80
75437 81
75451 80
75459 79
75573 78
75585 77
75683 78
75690 77
75745 78
75761 77
75764 78
75772 77
75823 76
75865 77
75896 76
75913 75
75947 74
75952 75
76085 76
76136 77
76137 78
76137 79
76145 80
76174 81
76201 80
76282 79
76373 80
76376 81
76443 82
76461 81
76559 80
76662 81
76701 80
76706 79
76710 78
76725 77
76807 76
76808 77
76898 76
76913 77
76930 76
76978 77
76999 78
77012 79
77034 78
77148 77
77192 76
77209 77
77287 76
77293 77
77299 76
77474 77
77511 78
77519 79
77659 80
77725 79
77735 78
77750 79
77862 80
77882 79
77884 78
77924 79
77951 80
77954 81
78057 80
78125 81
78137 80
78254 79
78255 80
78292 81
78310 80
78370 79
78506 78
78710 79
78782 78
78835 79
78878 78
78884 79
78981 80
79018 79
79062 78
79064 79
79086 80
79090 79
79112 78
79133 77
79154 76
79162 75
79199 74
79253 75
79285 76
79332 75
79358 74
79398 73
79501 74
79579 75
79610 74
79650 74
79748 73
79780 74
79782 75
79802 76
79825 77
79862 76
79882 77
79890 76
79954 77
80066 78
80092 79
80106 80
80173 79
80235 80
80262 79
80329 78
80363 77
80406 78
80430 79
80444 78
80454 79
80465 78
80466 77
80480 78
80510 77
80513 76
80626 75
80630 74
80634 75
80637 74
80639 73
80643 72
80690 71
80726 72
80731 73
80755 74
80816 73
80849 74
80895 75
80971 76
80990 75
81019 76
81023 75
81026 74
81038 75
81063 76
81150 77
81165 78
81165 77
81172 76
81230 77
81234 76
81246 75
81255 74
81296 75
81341 76
81349 75
81374 74
81387 75
81404 76
81407 75
81411 74
81416 73
81420 72
81420 73
81538 74
81557 73
81601 74
81616 75
81666 76
81674 75
81674 74
81674 73
81674 72
81674 71
81756 72
81770 71
81772 70
81822 71
81837 72
81851 73
81890 74
81902 75
81930 74
81942 75
82046 74
82161 75
82163 76
82286 77
82291 78
82294 77
82322 76
82326 77
82326 76
82332 75
82332 74
82336 73
82344 72
82345 71
82354 72
82362 71
82362 70
82362 69
82506 70
82514 69
82562 70
82583 69
82631 70
82642 71
82647 72
82650 71
82685 72
82690 71
82698 72
82707 71
82707 70
82727 69
82735 68
82742 67
82774 68
82794 69
82839 70
82841 69
82841 70
82846 69
82856 70
82862 69
82873 68
82965 68
82970 67
82970 68
82972 67
82974 68
82976 67
82976 66
83046 67
83082 68
83109 69
83178 70
83195 71
83202 70
83207 71
83210 70
83225 69
83263 70
83287 71
83318 72
83347 73
83406 72
83451 73
83463 72
83466 71
83471 70
83479 71
83491 72
83493 73
83524 72
83527 71
83531 72
83579 73
83630 74
83720 75
83731 74
83732 73
83743 74
83745 73
83755 72
83755 71
83760 70
83857 69
83897 68
83973 69
84009 70
84022 69
84037 70
84060 71
84119 70
84134 71
84158 72
84163 73
84176 72
84179 71
84190 70
84213 69
84218 70
84334 71
84335 70
84337 69
84392 68
84394 67
84395 68
84413 69
84434 68
84438 67
84440 68
84442 67
84448 66
84470 67
84495 68
84499 69
84522 68
84525 67
84543 66
84546 65
84579 64
84599 65
84605 66
84688 67
84689 68
84716 69
84773 70
84806 69
84808 70
84848 69
84849 70
84854 71
84894 72
84911 73
84921 72
84954 71
84962 72
84987 73
85006 74
85099 75
85100 76
85117 77
85135 78
85141 79
85143 78
85257 79
85266 80
85286 79
85355 78
85363 79
85402 80
85427 81
85587 80
85605 81
85657 80
85658 79
85814 80
85837 79
85842 78
85845 77
85947 76
85952 77
85960 76
86014 75
86182 76
86261 75
86277 76
86304 77
86315 78
86319 77
86328 76
86332 75
86343 74
86367 75
86387 74
86448 75
86475 74
86476 73
86615 74
86658 75
86674 76
86679 75
86681 74
86706 75
86722 76
86810 77
86830 76
86833 75
86844 76
86845 75
86847 74
86851 73
86856 72
86915 73
86995 72
87074 71
87107 72
87143 73
87174 72
87176 73
87198 72
87290 73
87327 74
87346 75
87381 76
87450 77
87452 76
87495 77
87501 78
87572 79
87574 80
87582 81
87591 80
87679 81
87819 80
87924 79
87973 80
88014 81
88046 80
88066 81
88082 80
88138 81
88232 80
88249 81
88280 80
88284 79
88301 78
88314 77
88405 78
88554 77
88610 76
88618 77
88654 76
88704 77
88907 78
88926 77
88968 76
89026 77
89029 76
89071 77
89081 78
89187 79
89193 80
89195 81
89222 82
89378 83
89411 84
89424 83
89498 84
89611 83
89628 82
89675 81
89684 82
89719 81
89728 80
89786 81
89789 80
89945 79
89969 78
89982 77
90038 76
90042 75
90072 74
90090 75
90120 76
90155 75
90173 74
90190 75
90194 74
90232 75
90377 74
90441 75
90489 76
90573 75
90591 76
90630 75
90630 76
90834 75
90854 76
90870 77
90870 76
90882 75
90896 76
90907 77
90931 76
90951 75
91085 74
91089 75
91099 74
91142 75
91156 76
91235 75
91238 76
91307 77
91340 78
91348 79
91413 80
91486 81
91491 80
91565 81
91582 82
91636 81
91673 80
91679 79
91694 78
91694 79
91713 80
91915 81
91983 80
92039 81
92114 80
92144 81
92159 80
92262 79
92287 80
92386 79
92459 80
92541 79
92618 78
92646 79
92673 80
92716 81
92745 82
92806 83
92907 84
92990 83
93035 84
93062 83
93120 82
93139 81
93175 80
93226 79
93306 78
93330 77
93362 76
93387 75
93478 76
93522 75
93691 74
93732 75
93753 74
93756 73
93778 72
93850 73
93871 74
93874 73
93918 74
93944 75
93946 76
94032 77
94047 78
94048 79
94214 78
94232 79
94233 80
94259 79
94266 78
94284 77
94290 76
94302 77
94313 78
94374 79
94417 78
94418 79
94481 80
94588 81
94589 82
94598 81
94644 80
94664 81
94790 80
94790 79
94796 78
94905 79
94939 78
94942 77
94966 76
94972 75
94986 74
95086 75
95131 76
95134 77
95138 78
95162 77
95210 78
95335 77
95336 78
95470 79
95530 80
95571 79
95646 80
95717 81
95733 80
95753 81
95834 80
96073 79
96074 80
96087 79
96114 80
96121 79
96142 80
96192 81
96322 80
96402 81
96480 82
96562 81
96575 82
96662 83
96685 82
96821 83
96864 82
96964 81
97024 80
97118 81
97204 82
97206 81
97404 80
97611 79
97618 78
97633 79
97692 80
97734 81
97772 82
97875 83
97911 82
97951 81
97983 80
97994 81
98001 80
98030 79
98072 80
98075 79
98083 78
98202 79
98270 78
98272 77
98276 76
98298 75
98307 74
98340 73
98398 74
98446 73
98527 74
98530 75
98626 76
98746 75
98814 76
98842 77
98855 78
99023 77
99034 76
99042 75
99066 76
99099 75
99151 76
99164 77
99187 76
99190 75
99190 74
99263 75
99288 76
99342 77
99355 78
99366 77
99367 76
99417 75
99454 76
99462 75
99462 74
99462 73
99462 73
99462 72
99471 71
99526 72
99533 71
99533 70
99533 69
99537 68
99541 69
99557 68
99562 67
99598 66
99609 67
99726 68
99731 67
99736 66
99770 67
99830 67
99835 68
99847 69
99853 70
99950 71
99958 70
99962 71
100018 70
100039 69
100043 70
100054 69
100058 70
100069 69
100087 70
100088 69
100088 68
100130 69
100192 70
100205 71
100213 72
100266 73
100278 74
100281 73
100286 72
100286 71
100289 71
100292 70
100326 69
100378 70
100422 70
100422 69
100430 70
100430 71
100435 72
100440 73
100442 72
100442 71
100470 70
100481 69
100566 70
100576 69
100658 68
100662 69
100682 70
100690 69
100725 70
100731 71
100738 70
100758 71
100760 71
100766 72
100772 73
100774 72
100798 73
100824 72
100844 73
100850 72
100910 73
100922 74
100930 73
100942 72
101024 73
101038 72
101046 71
101090 72
101094 73
101102 72
101102 72
101111 71
101111 71
101135 70
101170 69
101244 70
101261 71
101262 70
101282 71
101286 70
101286 69
101294 70
101302 71
101307 70
101307 69
101310 69
101322 70
101333 71
101345 70
101346 69
101347 68
101358 69
101359 70
101373 69
101468 68
101482 69
101486 68
101535 69
101570 70
101573 71
101581 70
101581 69
101587 68
101591 67
101593 66
101593 65
101603 66
101630 65
101647 66
101673 65
101675 66
101703 65
101734 65
101753 66
101774 65
101786 66
101818 67
101826 68
101867 69
101880 70
101884 69
101886 68
101887 67
101914 68
101953 69
101967 70
101971 71
102016 70
102058 69
102063 68
102066 69
102074 68
102074 67
102086 66
102093 65
102095 64
102114 65
102127 64
102206 65
102241 64
102282 65
102323 64
102325 63
102356 64
102370 63
102370 64
102374 64
102374 65
102376 66
102378 66
102382 65
102388 66
102392 66
102434 65
102439 64
102439 63
102439 62
102450 63
102461 64
102469 63
102476 64
102491 63
102492 64
102498 65
102506 64
102506 63
102506 62
102532 63
102588 62
102588 61
102588 62
102590 63
102590 62
102591 62
102593 61
102593 60
102594 59
102596 58
102597 58
102597 57
102599 56
102600 55
102601 55
102634 56
102634 57
102713 58
102747 59
102790 60
102793 59
102814 60
102883 61
102889 60
102890 59
102891 58
102894 57
102894 57
102898 57
102901 58
102930 59
102938 58
102938 57
102961 58
102967 57
102974 56
103017 55
103018 56
103034 57
103039 58
103046 57
103048 56
103067 57
103090 58
103162 59
103173 60
103177 59
103216 58
103220 57
103223 58
103235 59
103254 60
103258 59
103261 60
103266 59
103267 60
103273 59
103310 58
103322 59
103330 60
103338 61
103343 62
103344 61
103350 62
103362 63
103387 64
103389 63
103390 64
103401 65
103402 64
103410 63
103420 64
103464 65
103470 64
103472 65
103473 64
103474 63
103480 62
103503 61
103550 60
103570 61
103595 62
103623 63
103653 64
103683 65
103688 66
103700 65
103706 64
103712 63
103713 62
103718 61
103718 60
103719 61
103723 62
103725 63
103742 64
103747 63
103748 64
103754 63
103800 64
103823 63
103838 62
103900 63
103938 64
103981 63
103982 64
103994 65
104006 64
104021 65
104029 66
104034 67
104077 68
104085 69
104101 68
104112 69
104157 69
104158 70
104180 69
104186 70
104203 71
104247 72
104278 73
104288 72
104290 71
104363 72
104404 73
104408 72
104409 71
104412 72
104467 73
104467 74
104467 73
104514 74
104520 74
104529 75
104550 74
104551 73
104615 74
104620 75
104657 76
104663 75
104722 74
104723 75
104786 76
104807 77
104813 78
104893 77
104910 78
104934 79
104997 80
105017 81
105139 82
105202 83
105254 82
105298 81
105364 80
105424 81
105498 80
105501 81
105524 80
105581 79
105741 78
105816 79
105890 80
105897 81
105978 80
105998 81
106134 80
106169 79
106254 80
106271 79
106307 78
106390 77
106506 76
106519 75
106524 74
106567 75
106575 76
106602 77
106638 76
106643 77
106655 76
106713 77
106760 78
106768 79
106812 80
106858 79
106859 78
106901 79
106920 78
107035 77
107070 78
107080 79
107098 80
107144 81
107154 82
107268 81
107310 80
107339 81
107398 82
107422 81
107540 82
107612 81
107693 80
107770 81
107782 82
107889 81
107943 80
108066 79
108122 78
108470 79
108479 80
108521 81
108574 80
108606 81
108638 82
108704 81
108817 82
108887 81
108946 80
109019 81
109140 82
109178 81
109250 80
109300 81
109342 80
109516 81
109556 80
109638 81
109754 80
109874 81
109943 82
110024 81
110077 82
110164 83
110202 84
110353 83
110476 82
110546 83
110742 82
110910 83
110978 82
111048 83
111062 82
111089 83
111121 82
111198 81
111199 80
111220 79
111239 78
111295 77
111343 76
111394 77
111409 76
111467 75
111618 74
111629 73
111646 72
111726 73
111766 74
111777 75
111816 74
111998 75
112000 74
112001 75
112012 76
112028 77
112035 78
112078 77
112096 78
112150 79
112169 80
112202 81
112237 80
112270 79
112286 80
112325 81
112335 80
112383 79
112482 80
112488 81
112499 80
112515 79
112544 78
112618 79
112694 78
112700 77
112702 76
112786 75
112824 74
112858 73
112940 74
112955 73
112957 74
112958 73
112970 72
113035 73
113113 74
113133 75
113142 74
113184 75
113189 74
113225 75
113235 76
113265 75
113382 74
113394 73
113405 74
113406 73
113430 74
113511 75
113533 76
113551 75
113625 76
113643 77
113650 78
113658 77
113779 78
113795 79
113856 80
113864 79
113866 80
113948 79
113961 78
113978 79
114057 78
114059 79
114155 80
114204 81
114261 80
114299 81
114300 80
114421 81
114446 80
114502 81
114571 82
114582 83
114612 82
114632 81
114754 80
114932 79
114952 80
114982 81
115031 80
115066 81
115111 80
115170 79
115215 80
115254 81
115283 82
115352 81
115457 80
115488 81
115730 80
115747 79
115922 78
115954 79
116004 80
116044 81
116078 82
116161 83
116254 82
116374 81
116478 82
116489 81
116533 80
116544 81
116889 80
116894 79
116918 80
116986 79
116990 80
117031 81
117093 82
117199 81
117226 80
117338 79
117339 78
117384 77
117390 76
117421 77
117446 78
117609 79
117627 78
117655 79
117658 78
117695 79
117722 78
117785 79
117896 80
117915 81
117967 80
118068 81
118088 80
118138 81
118273 80
118342 81
118363 80
118470 79
118550 80
118587 81
118608 80
118661 79
118736 78
118745 79
118815 80
118873 79
118975 78
119060 79
119170 80
119254 79
119266 80
119294 81
119326 80
119413 79
119492 78
119519 77
119587 76
119589 75
119590 74
119626 75
119636 76
119723 77
119761 76
119805 77
119805 76
119826 77
119873 78
119916 77
119934 76
119967 77
119970 78
120098 79
120114 80
120251 81
120274 80
120314 79
120318 78
120335 79
120348 80
120569 81
120597 80
120620 79
120623 80
120669 81
120672 80
120763 79
120866 78
120953 79
120971 80
121094 81
121098 80
121203 81
121245 80
121420 79
121438 78
121452 77
121462 78
121479 79
121504 80
121516 81
121533 80
121536 79
121677 80
121755 81
121815 80
121834 81
121863 80
121922 79
121956 80
122075 79
122085 78
122188 79
122258 80
122295 81
122298 82
122373 83
122417 82
122450 83
122633 84
122738 85
122810 84
122978 83
123259 82
123270 81
123286 80
123302 79
123406 78
123418 79
123439 80
123561 79
123563 78
123658 77
123666 76
123687 75
123781 76
123788 75
123863 76
123906 77
123911 76
123934 75
123994 74
124008 73
124083 74
124083 75
124103 76
124132 75
124133 76
124135 77
124168 76
124169 77
124182 78
124199 79
124319 78
124326 77
124422 78
124506 77
124518 76
124526 77
124585 78
124594 79
124658 80
124692 81
124806 80
124928 81
124951 80
124952 79
125046 78
125074 79
125080 78
125136 77
125186 76
125314 75
125350 76
125351 77
125376 76
125431 77
125434 76
125487 75
125553 74
125605 75
125625 76
125630 75
125712 74
125731 75
125802 76
125856 75
125867 76
125875 77
125933 78
126044 79
126052 80
126074 79
126077 80
126094 79
126097 78
126154 79
126158 78
126158 79
126171 78
126179 77
126186 76
126281 77
126347 76
126378 77
126412 78
126454 77
126527 76
126551 75
126554 76
126557 77
126568 78
126600 77
126634 76
126662 75
126669 74
126678 75
126742 74
126805 73
126807 72
126813 71
126828 72
126844 71
126849 70
126867 69
126926 70
126971 69
126971 70
127002 69
127010 70
127021 71
127076 72
127127 71
127135 72
127141 71
127155 72
127156 71
127157 72
127160 73
127162 73
127164 72
127165 71
127169 70
127256 71
127306 72
127315 73
127321 74
127328 73
127330 72
127338 71
127354 72
127360 71
127462 72
127534 73
127593 74
127602 73
127625 74
127641 73
127647 74
127678 73
127691 74
127701 75
127704 75
127708 74
127732 75
127743 76
127750 77
127799 76
127890 75
127920 76
127943 77
127964 78
127970 77
127979 76
128049 77
128062 76
128064 77
128068 76
128218 77
128234 76
128274 77
128307 76
128309 77
128311 76
128315 75
128318 74
128324 73
128329 72
128424 73
128446 72
128450 73
128478 72
128490 71
128493 70
128512 71
128528 70
128557 71
128653 72
128664 73
128685 72
128710 73
128712 72
128718 71
128720 70
128726 69
128770 70
128784 69
128836 70
128856 69
128861 68
128865 67
128866 66
128868 65
128914 64
128933 63
128936 64
128939 65
128944 64
128951 65
129011 64
129019 65
129038 66
129038 65
129078 64
129084 65
129104 66
129119 65
129133 66
129136 67
129150 66
129153 67
129200 66
129207 67
129214 68
129215 67
129231 68
129259 69
129263 68
129311 69
129333 68
129352 69
129362 70
129374 71
129390 72
129396 71
129422 72
129488 73
129494 74
129496 73
129532 74
129555 73
129610 74
129620 75
129626 74
129635 75
129696 76
129724 77
129748 78
129758 77
129820 78
129868 79
129882 78
129882 77
129883 76
129908 75
129934 74
129998 75
130002 76
130021 77
130061 76
130077 77
130078 76
130080 77
130130 78
130178 79
130194 80
130196 79
130322 78
130366 77
130366 76
130402 77
130506 76
130507 75
130546 76
130551 75
130558 74
130618 75
130665 76
130684 75
130743 74
130762 75
130766 74
130766 73
130776 72
130814 73
130822 72
130862 71
130878 72
130878 73
130905 74
131102 75
131154 76
131166 75
131166 76
131174 75
131174 75
131182 74
131190 73
131251 74
131301 75
131353 76
131380 77
131386 78
131397 79
131400 78
131414 79
131428 78
131430 77
131486 78
131494 77
131495 76
131495 75
131546 76
131561 75
131562 74
131566 73
131606 74
131643 75
131709 76
131746 75
131782 74
131851 73
131862 74
131884 75
131953 76
131986 75
132006 76
132020 77
132036 78
132038 77
132086 78
132090 79
132110 78
132136 77
132169 76
132170 77
132199 76
132228 75
132231 74
132286 73
132312 74
132334 75
132334 76
132358 75
132478 74
132551 75
132594 76
132678 77
132734 76
132735 75
132736 74
132774 75
132858 74
132898 73
132898 74
132904 73
132931 74
132994 75
132995 76
133026 77
133029 78
133060 77
133117 76
133130 77
133137 76
133227 77
133277 78
133296 77
133337 76
133360 77
133401 78
133452 77
133530 78
133531 79
133605 80
133666 81
133789 80
133789 79
133789 78
133871 79
133899 78
133903 77
133922 76
133934 77
134000 76
134041 77
134045 78
134075 79
134091 80
134201 81
134394 80
134395 81
134414 80
134482 81
134511 80
134709 79
134730 80
134744 79
134877 80
134933 81
135036 82
135160 81
135174 82
135246 81
135247 80
135294 79
135425 80
135433 81
135508 80
135570 79
135770 78
135830 77
135838 78
135878 79
135884 78
135894 77
135946 78
135951 77
135955 76
136001 77
136089 78
136195 79
136207 80
136318 79
136392 80
136410 79
136418 80
136432 81
136450 80
136462 79
136646 80
136730 81
136752 82
136800 83
136832 82
136943 81
136956 80
137048 79
137134 80
137294 79
137384 78
137418 77
137450 76
137457 75
137506 74
137514 75
137543 76
137546 75
137558 74
137594 75
137629 76
137770 77
137781 78
137895 79
137902 78
137909 79
137938 80
137963 81
137968 80
137972 81
138045 82
138088 81
138164 80
138182 79
138238 78
138243 79
138405 80
138456 79
138471 78
138612 77
138618 76
138661 75
138694 76
138812 77
138898 78
138977 77
138987 78
138994 79
139016 78
139042 77
139043 78
139050 77
139126 76
139158 75
139166 74
139182 75
139209 74
139224 75
139269 76
139273 75
139346 76
139464 77
139478 78
139597 79
139626 80
139715 79
139734 80
139750 81
139751 80
139794 81
139814 80
140012 79
140026 80
140090 79
140192 80
140288 80
140305 81
140342 80
140376 79
140388 80
140509 79
140519 80
140653 79
140790 78
140817 79
140842 78
140887 77
141035 78
141148 79
141165 78
141166 77
141175 76
141217 77
141218 78
141234 79
141261 78
141317 79
141347 80
141481 81
141542 82
141549 81
141555 80
141569 79
141636 78
141913 79
141926 78
141978 79
141995 78
141995 77
142002 76
142098 75
142146 76
142157 75
142157 74
142158 73
142159 72
142159 73
142162 72
142164 71
142172 70
142180 69
142181 68
142203 67
142240 68
142286 67
142289 66
142295 67
142467 68
142493 67
142495 66
142499 65
142505 66
142537 65
142555 66
142560 65
142653 64
142688 65
142714 66
142738 67
142751 67
142757 66
142778 67
142781 68
142794 69
142818 68
142827 69
142828 68
142856 69
142877 70
142879 69
142888 68
142903 69
142911 68
142958 69
142959 70
142982 71
143051 72
143056 73
143091 72
143111 73
143179 74
143242 75
143306 76
143343 77
143351 76
143352 75
143505 74
143533 75
143575 76
143588 77
143633 78
143652 77
143664 76
143676 75
143695 76
143724 75
143727 76
143734 75
143770 76
143771 75
143773 74
143839 73
143846 74
143945 75
143955 74
143955 73
144025 74
144110 75
144114 76
144131 75
144134 74
144138 73
144183 72
144210 71
144225 72
144228 71
144338 72
144381 71
144418 72
144430 73
144445 74
144474 75
144484 74
144489 73
144493 72
144493 73
144495 72
144509 71
144530 72
144560 73
144577 72
144612 73
144717 74
144729 75
144730 74
144736 73
144743 74
144763 75
144779 74
144779 73
144779 72
144800 73
144804 72
144873 71
144884 72
144929 71
144941 70
144985 71
145031 70
145076 71
145130 72
145179 71
145205 70
145209 69
145210 70
145224 69
145225 68
145255 69
145273 70
145278 71
145334 72
145342 73
145368 74
145446 75
145568 76
145638 77
145659 76
145660 75
145706 74
145726 75
145727 76
145823 75
145823 76
145831 77
145867 78
145940 77
145959 76
145967 75
145982 74
146036 75
146071 74
146120 75
146215 76
146224 75
146227 76
146233 75
146235 74
146235 73
146235 72
146239 71
146244 72
146263 73
146323 72
146331 71
146448 72
146451 71
146469 72
146475 71
146484 70
146490 69
146494 68
146501 67
146516 68
146523 69
146574 70
146579 69
146626 70
146626 71
146647 70
146647 69
146647 68
146647 69
146667 70
146683 71
146695 70
146776 71
146840 70
146915 71
146987 72
147011 73
147067 74
147078 75
147083 74
147083 73
147105 74
147107 75
147119 75
147175 76
147186 75
147190 74
147217 75
147224 76
147299 77
147305 78
147312 79
147329 78
147335 77
147380 78
147383 79
147395 80
147681 79
147712 78
147763 77
147823 78
147858 77
147897 76
147905 75
147915 74
147998 75
148013 76
148103 75
148159 74
148179 75
148187 76
148193 75
148195 74
148195 73
148195 72
148206 71
148207 71
148266 70
148288 71
148339 72
148376 71
148381 72
148449 71
148531 70
148541 71
148552 70
148593 71
148630 70
148659 71
148692 72
148695 73
148703 72
148711 73
148728 72
148763 73
148771 72
148782 71
148832 72
148842 71
148847 70
148878 71
148984 72
148991 71
148991 70
149010 69
149012 70
149031 71
149044 70
149075 69
149075 68
149083 69
149224 70
149234 71
149270 72
149287 71
149327 70
149347 71
149355 72
149363 71
149366 70
149366 69
149373 68
149410 69
149417 68
149424 69
149500 70
149563 71
149568 70
149579 71
149635 70
149656 69
149681 70
149823 71
149831 70
149831 69
149831 69
149847 68
149875 69
149881 70
149911 69
149915 70
149943 69
149949 70
149971 71
149995 72
150003 71
150003 70
150003 69
150007 68
150007 69
150015 70
150023 69
150055 70
150065 71
150117 70
150197 71
150207 72
150267 73
150277 73
150285 72
150292 71
150298 70
150315 71
150335 72
150349 71
150363 70
150405 71
150483 72
150483 73
150574 74
150631 73
150635 74
150777 73
150783 74
150799 75
150846 74
150849 75
150867 76
150895 77
151002 78
151008 77
151016 76
151024 76
151065 77
151090 76
151119 75
151155 74
151169 75
151187 74
151189 73
151190 72
151190 73
151196 72
151223 71
151291 72
151387 73
151389 72
151445 73
151451 72
151461 71
151463 70
151473 71
151518 72
151520 71
151536 70
151565 71
151618 72
151620 71
151649 72
151653 71
151668 70
151668 70
151680 69
151703 70
151714 69
151823 70
151830 69
151831 68
151835 67
151838 66
151838 65
151846 64
151847 63
151858 62
151895 63
151908 64
151916 63
151958 64
151976 63
151979 62
152002 63
152019 64
152019 65
152033 64
152034 65
152041 64
152041 63
152059 64
152115 65
152130 66
152199 67
152200 68
152210 69
152224 68
152228 67
152230 66
152243 65
152292 66
152292 67
152300 68
152311 69
152322 68
152332 69
152340 68
152363 69
152391 68
152445 69
152460 70
152485 71
152593 72
152607 73
152636 74
152695 75
152702 76
152735 77
152774 76
152775 77
152785 78
152800 79
152831 80
152863 81
152938 80
152947 79
152970 78
152979 79
153092 80
153120 81
153152 80
153161 81
153183 80
153204 81
153332 80
153427 81
153471 80
153635 81
153691 80
153778 79
153789 80
153927 81
154010 82
154027 83
154047 82
154063 81
154085 80
154133 81
154224 80
154302 81
154485 80
154489 79
154490 78
154496 79
154536 80
154553 79
154872 80
154874 79
154877 78
154882 77
154898 76
154901 75
154926 76
154933 75
155019 74
155073 75
155073 76
155177 77
155188 76
155210 77
155214 78
155285 79
155331 78
155344 77
155456 76
155509 77
155565 76
155592 75
155617 76
155643 77
155656 78
155749 77
155756 76
155801 75
155809 74
155809 73
155812 72
155819 71
155893 72
155893 71
155919 70
155920 71
155920 70
155932 71
155951 70
155980 69
155982 70
156051 71
156079 72
156096 71
156207 72
156221 73
156317 72
156360 73
156396 74
156410 75
156480 76
156485 76
156493 77
156520 78
156561 79
156570 78
156572 79
156577 80
156648 81
156655 80
156701 81
156750 80
156779 79
156782 78
156805 77
156867 76
156889 75
156891 74
156892 75
156915 74
156951 73
156953 72
156959 71
156959 70
156991 71
156999 72
157002 73
157039 72
157079 71
157087 72
157166 73
157265 74
157335 75
157335 74
157367 73
157411 72
157415 73
157416 74
157423 75
157435 76
157531 75
157536 74
157543 73
157561 72
157579 73
157615 72
157651 71
157664 72
157670 73
157739 72
157829 73
157849 74
157849 75
157896 74
157907 75
157921 76
157929 75
157957 76
157961 75
157977 74
157996 75
158023 76
158044 75
158059 74
158062 75
158064 74
158115 75
158164 74
158314 75
158343 76
158450 75
158553 76
158582 77
158640 76
158643 77
158685 78
158713 77
158747 78
158773 79
158775 80
158804 81
158843 82
158878 81
158961 80
158961 79
159025 78
159131 77
159180 76
159231 77
159263 76
159350 77
159376 78
159420 79
159482 80
159499 79
159503 80
159628 81
159756 80
159784 79
159794 78
159807 77
159815 76
159943 77
159945 78
160027 77
160051 78
160059 79
160223 78
160248 79
160388 80
160464 81
160491 82
160507 83
160519 84
160634 85
160665 84
160818 83
160855 82
160907 81
160982 80
161020 79
161126 80
161221 81
161234 80
161272 79
161302 80
161370 81
161475 80
161484 79
161489 78
161532 79
161555 78
161599 77
161639 76
161641 75
161651 74
161767 73
161823 74
161886 75
161927 76
161962 75
162074 76
162079 75
162085 76
162132 75
162146 74
162155 75
162267 76
162283 75
162366 74
162382 73
162408 74
162421 75
162479 74
162483 75
162557 76
162606 77
162606 78
162620 79
162663 78
162691 79
162723 78
162739 77
162784 78
162796 79
162904 80
162984 79
163083 78
163087 79
163092 80
163120 79
163120 78
163161 79
163191 78
163215 79
163302 80
163312 81
163383 80
163450 79
163484 78
163499 79
163499 80
163511 81
163515 80
163630 81
163641 80
163661 81
163733 80
163786 81
163805 82
163825 81
163832 82
163979 83
164043 82
164091 81
164235 80
164238 81
164241 80
164262 79
164331 78
164605 77
164631 76
164679 77
164721 78
164739 77
164741 78
164887 79
164926 80
164983 79
165041 80
165045 79
165079 80
165183 79
165267 78
165343 79
165354 80
165355 81
165431 80
165683 81
165821 80
165826 79
165854 78
165860 79
165969 80
165987 81
166067 82
166084 81
166090 80
166092 79
166107 80
166125 79
166176 80
166237 81
166271 80
166271 79
166363 80
166487 81
166564 80
166574 79
166583 78
166643 79
166671 78
166671 77
166708 76
166736 75
166745 76
166793 77
166797 76
166860 75
166865 76
166872 75
167164 74
167207 75
167221 74
167255 75
167359 76
167391 77
167409 78
167415 79
167434 80
167502 79
167551 80
167584 79
167779 78
167798 79
167854 80
167879 81
167934 80
167957 79
167969 78
167976 79
168030 80
168139 79
168172 78
168227 77
168284 76
168307 77
168328 78
168339 77
168407 78
168418 79
168430 78
168499 79
168587 78
168610 79
168617 80
168618 81
168641 80
168691 81
168757 80
168792 79
168843 80
168927 81
168957 80
169046 79
169062 78
169098 79
169109 80
169161 79
169216 78
169367 79
169370 80
169431 81
169461 82
169534 81
169569 82
169588 83
169631 82
169698 83
169753 82
169795 81
169875 80
169907 79
169948 80
169995 81
170082 80
170119 81
170159 80
170178 79
170188 78
170283 79
170321 78
170323 79
170333 80
170386 79
170422 78
170678 77
170685 76
170701 77
170705 76
170780 77
170790 76
170830 77
170872 78
170882 79
170906 78
170919 77
171023 78
171303 79
171309 80
171348 81
171390 82
171440 83
171443 82
171445 81
171487 80
171545 81
171651 80
171697 81
171716 80
171769 79
172047 80
172152 79
172167 80
172194 81
172347 80
172384 81
172393 80
172461 79
172468 78
172479 79
172560 78
172597 77
172603 78
172603 79
172639 78
172680 79
172795 78
172882 79
172932 80
173131 79
173170 80
173187 79
173273 80
173311 79
173320 80
173336 79
173465 80
173503 79
173616 78
173639 79
173723 78
173827 79
173836 78
173838 77
173881 76
173907 77
174167 78
174179 79
174191 78
174235 79
174283 80
174303 79
174503 80
174515 81
174598 80
174775 81
174787 82
174956 81
174974 80
175103 81
175191 80
175216 79
175339 80
175534 79
175618 80
175690 79
175713 80
175813 79
175816 80
175836 81
175902 80
175909 81
175958 82
176063 81
176120 80
176136 79
176207 78
176219 79
176223 78
176329 77
176348 76
176414 77
176456 78
176468 77
176470 76
176471 75
176486 76
176502 77
176544 76
176710 77
176729 78
176746 79
176853 78
176928 77
176966 78
177059 79
177156 78
177175 79
177223 80
177231 81
177294 80
177310 81
177378 82
177464 81
177501 80
177525 79
177547 80
177549 81
177602 80
177615 81
177644 80
177688 79
177764 78
178023 77
178069 78
178146 79
178152 80
178176 81
178201 80
178237 81
178247 80
178357 81
178576 80
178645 81
178781 82
178935 83
179037 82
179122 81
179242 80
179297 81
179343 80
179443 81
179579 82
179667 81
179742 82
179751 81
179808 80
179881 79
179883 80
179945 81
180084 82
180127 83
180183 84
180188 83
180287 82
180343 81
180451 80
180500 79
180508 78
180518 77
180668 78
180699 79
180708 80
180736 79
180775 80
180854 79
180922 78
180985 79
180994 78
181075 79
181079 80
181266 81
181344 82
181536 81
181539 80
181567 79
181610 80
181614 81
181649 80
181658 79
181714 80
181731 79
181767 80
181949 79
181951 78
181983 79
181998 78
182013 79
182057 78
182062 79
182227 78
182236 79
182267 80
182367 81
182423 82
182486 83
182730 82
182732 81
182761 80
182951 79
182961 78
183047 77
183103 76
183112 75
183116 74
183160 73
183166 72
183179 73
183291 74
183412 73
183461 74
183479 75
183544 74
183559 75
183583 74
183594 73
183622 72
183649 73
183702 74
183737 75
183797 76
183803 75
183803 76
183811 77
183826 78
183874 77
183915 78
183916 77
183925 76
183930 77
183947 78
183969 77
184051 78
184083 79
184117 78
184224 77
184248 78
184351 77
184388 78
184421 77
184439 76
184461 75
184462 76
184562 77
184566 76
184589 77
184607 78
184649 77
184662 76
184700 77
184709 76
184727 77
184797 78
184804 79
184856 80
184934 81
184946 80
184964 81
185072 80
185090 81
185235 82
185273 83
185288 82
185383 81
185490 82
185654 81
185700 80
185704 79
185705 78
185733 77
185771 78
185789 79
185854 80
185919 79
185951 80
186079 79
186081 78
186103 79
186123 78
186168 77
186246 78
186288 79
186311 78
186459 79
186460 78
186464 79
186505 78
186523 77
186543 76
186546 77
186565 76
186592 77
186676 76
186815 77
186979 78
187043 79
187065 80
187071 79
187071 78
187142 79
187248 80
187301 79
187407 78
187435 77
187435 78
187447 79
187493 80
187503 81
187586 82
187656 81
187777 80
187778 79
187784 78
187827 77
187867 76
188019 75
188068 76
188091 77
188119 78
188177 79
188290 78
188311 79
188340 80
188355 79
188355 80
188387 79
188395 80
188460 81
188536 80
188585 79
188605 80
188623 79
188638 78
188641 79
188671 80
188737 79
188773 78
188847 79
188883 78
188905 77
188908 78
188935 79
189052 78
189055 79
189118 80
189149 79
189155 78
189209 77
189253 78
189287 77
189341 78
189384 77
189403 76
189416 75
189477 76
189478 77
189487 76
189514 75
189613 76
189656 75
189745 74
189760 73
189785 72
189802 71
189860 72
189878 73
189904 74
189991 75
189994 76
190123 75
190130 76
190143 75
190179 76
190183 77
190189 78
190192 79
190263 80
190263 81
190274 80
190295 81
190438 82
190442 83
190502 82
190527 81
190564 80
190629 81
190702 82
190908 83
190914 82
191007 81
191027 82
191051 81
191055 80
191095 79
191164 78
191183 79
191214 78
191267 77
191329 76
191343 77
191376 78
191383 77
191389 78
191507 77
191619 76
191623 77
191725 76
191764 75
191855 76
191879 75
191883 76
191886 75
191937 76
191967 77
191967 78
192124 77
192131 78
192144 79
192235 78
192236 79
192252 78
192253 77
192255 78
192361 79
192379 80
192381 81
192420 80
192443 81
192506 82
192535 81
192628 82
192640 83
192837 82
192879 81
192947 80
193084 79
193084 78
193092 77
193105 78
193205 79
193298 78
193408 77
193467 78
193500 77
193503 78
193559 79
193593 78
193595 77
193625 76
193632 77
193703 76
193744 75
193799 74
193819 75
193883 74
193902 75
193912 76
193975 77
194005 76
194088 77
194226 76
194252 75
194292 74
194309 75
194343 76
194348 77
194349 78
194477 79
194482 80
194496 81
194548 82
194591 81
194631 82
194730 81
194738 80
194877 81
194951 80
195041 81
195063 80
195084 79
195101 80
195239 79
195262 80
195285 81
195338 80
195371 79
195383 80
195395 79
195436 78
195478 79
195546 80
195590 79
195599 78
195715 79
195746 78
195755 79
