0 0
0 1
0 1
139 1
377 1
460 0
465 1
481 2
520 3
541 3
600 4
653 5
665 5
810 5
829 6
867 7
885 6
909 6
1002 6
1008 6
1078 6
1184 6
1290 5
1316 5
1340 6
1433 7
1439 8
1479 9
1497 10
1536 10
1587 11
1605 11
1609 11
1632 12
1641 12
1649 13
1729 14
1781 15
1813 16
1821 16
1825 17
1831 18
1848 19
1850 19
1883 20
1987 21
2031 22
2122 22
2128 22
2285 22
2314 21
2368 21
2404 20
2432 19
2505 18
2540 17
2540 16
2601 15
2694 16
2739 17
2814 18
2885 19
3013 20
3025 20
3085 21
3123 21
3173 22
3201 23
3209 24
3213 25
3277 25
3307 24
3315 24
3349 25
3408 25
3430 26
3444 26
3445 26
3492 26
3506 25
3611 25
3614 26
3674 26
3760 27
3778 26
3808 27
3853 26
3895 27
3898 26
3921 26
4018 25
4025 26
4033 27
4049 28
4079 29
4085 28
4101 27
4105 28
4145 29
4151 29
4160 30
4175 31
4249 32
4257 33
4351 33
4373 34
4415 35
4443 36
4462 37
4518 38
4527 39
4558 38
4671 38
4754 39
4936 39
4966 38
4971 39
5115 38
5117 38
5137 39
5149 40
5203 39
5213 39
5253 38
5321 39
5442 40
5490 41
5556 41
5560 40
5595 39
5615 38
5616 38
5725 39
5749 39
5797 40
5862 39
5904 38
5934 39
6037 39
6080 40
6094 39
6099 38
6119 38
6125 39
6147 38
6174 38
6181 39
6193 40
6257 40
6300 41
6323 42
6393 41
6433 41
6517 42
6545 43
6545 43
6578 44
6626 45
6639 44
6665 45
6704 46
6711 47
6732 48
6795 49
6949 50
6958 51
7065 50
7168 51
7190 50
7261 51
7321 50
7340 49
7513 50
7578 51
7592 52
7634 53
7886 53
7904 52
7939 53
7973 52
8013 51
8056 50
8102 49
8117 48
8204 49
8453 48
8493 47
8516 48
8543 48
8782 49
8843 50
8853 51
8904 52
8913 51
9001 51
9003 50
9057 49
9097 48
9118 49
9213 50
9216 49
9269 50
9346 49
9377 50
9391 49
9551 48
9646 49
9728 49
9764 50
9789 51
9793 50
9824 49
9976 48
10010 49
10025 50
10143 49
10163 50
10318 51
10369 52
10460 53
10477 53
10522 54
10674 54
10682 55
10750 54
10846 53
10875 54
10889 54
10898 55
10902 54
10954 55
11018 56
11074 55
11278 55
11350 54
11424 55
11556 56
11658 57
11758 58
11799 59
11861 58
11873 57
11940 56
11952 57
12113 58
12117 57
12182 57
12289 56
12375 55
12435 54
12553 53
12585 54
12633 55
12676 54
12721 53
12769 54
12822 53
12885 54
12888 54
12901 53
12988 52
12990 53
13033 54
13049 54
13087 55
13103 54
13167 55
13168 56
13185 55
13285 54
13313 53
13314 52
13331 53
13380 54
13440 53
13485 54
13492 53
13495 54
13539 53
13656 54
13659 55
13680 54
13711 55
13713 55
13765 55
13813 56
13826 55
13853 56
13873 57
13888 56
13898 57
13983 58
14042 57
14077 58
14083 57
14193 56
14315 57
14329 56
14335 57
14379 56
14445 57
14471 58
14506 59
14506 60
14541 61
14555 62
14602 61
14689 60
14693 61
14700 60
14715 61
14721 62
14783 63
14934 62
15080 61
15109 62
15143 61
15148 60
15172 59
15194 60
15271 61
15305 60
15367 61
15418 62
15428 61
15442 61
15491 62
15569 61
15629 62
15652 63
15665 64
15705 63
15725 64
15889 63
15944 64
16096 65
16113 64
16114 65
16126 66
16156 65
16168 64
16182 63
16376 62
16427 61
16513 61
16527 60
16542 61
16625 60
16629 59
16669 60
16821 61
16840 60
16855 61
16984 62
17003 61
17077 61
17108 62
17120 63
17132 64
17185 63
17253 62
17261 63
17292 62
17308 61
17443 62
17489 63
17521 64
17529 63
17663 64
17725 64
17763 65
17833 64
17836 65
17908 66
17951 65
18024 64
18085 65
18107 66
18232 67
18249 68
18264 69
18319 68
18323 67
18393 66
18424 65
18437 64
18497 63
18641 62
18646 63
18748 64
18774 63
18805 62
18822 61
18949 62
18958 63
18964 64
19085 63
19137 62
19221 63
19225 64
19279 65
19362 66
19422 65
19521 65
19570 66
19605 65
19615 64
19615 63
19637 62
19639 61
19704 62
19705 63
19739 62
19826 63
19857 64
19978 65
20034 66
20053 67
20145 68
20181 67
20182 66
20197 65
20300 66
20443 67
20504 68
20523 67
20549 66
20587 67
20647 66
20738 67
20900 66
20938 65
20990 64
21178 65
21235 64
21344 65
21351 66
21364 67
21374 66
21392 67
21417 66
21453 65
21522 66
21743 67
21888 68
21914 69
21945 68
22014 68
22015 67
22054 68
22113 67
22120 68
22164 67
22184 66
22190 67
22214 66
22313 67
22523 68
22578 67
22581 68
22691 67
22724 68
22757 67
22814 68
22830 67
22854 66
22943 67
23004 66
23057 65
23114 66
23169 65
23190 64
23190 63
23231 62
23242 61
23258 60
23424 61
23427 62
23430 63
23490 62
23582 63
23606 64
23617 65
23657 66
23742 67
23742 68
23831 69
23838 70
23867 71
23874 70
23890 69
23898 68
23990 67
24046 68
24114 69
24225 68
24238 69
24239 68
24282 67
24291 67
24340 66
24404 65
24407 66
24498 65
24564 66
24588 65
24639 66
24705 67
24810 66
24829 67
24921 68
24923 69
24930 68
24944 69
24986 68
25060 69
25082 68
25202 67
25294 68
25433 69
25454 68
25460 67
25464 66
25471 67
25491 66
25514 67
25535 66
25558 67
25626 66
25647 67
25671 66
25747 65
25760 64
25779 65
25838 64
25928 65
25942 66
26087 65
26112 66
26182 65
26201 66
26204 65
26221 66
26274 67
26406 68
26420 69
26447 70
26460 69
26537 70
26644 69
26668 70
26690 69
26854 68
26872 67
26898 68
26948 67
26951 66
27034 65
27047 66
27122 67
27234 68
27294 67
27432 66
27565 67
27602 68
27602 69
27746 68
27774 67
27794 68
27898 67
27914 66
27937 67
27973 68
27992 67
28006 68
28014 69
28045 70
28050 69
28063 68
28190 69
28302 70
28522 69
28536 70
28570 69
28590 68
28732 67
28790 66
28798 65
28890 66
29008 65
29019 64
29044 65
29054 64
29145 65
29172 64
29227 65
29323 66
29362 67
29423 66
29428 65
29478 66
29497 67
29518 66
29585 67
29606 66
29662 67
29679 68
29705 67
29736 66
29794 65
29798 66
29908 67
29958 68
29985 69
29995 70
30190 69
30275 68
30277 67
30342 68
30397 67
30484 68
30510 69
30514 70
30520 69
30575 68
30599 69
30734 70
30851 69
30910 70
30934 69
30987 68
31002 67
31018 66
31042 65
31063 64
31129 65
31140 66
31210 67
31242 68
31262 67
31295 68
31318 67
31322 66
31338 67
31546 66
31565 67
31625 66
31717 67
31827 66
31859 67
31926 68
31998 69
32022 70
32090 69
32139 68
32239 67
32326 68
32341 69
32430 68
32430 67
32435 66
32461 67
32470 66
32490 67
32555 66
32562 65
32611 64
32698 65
32716 66
32735 65
33085 64
33122 65
33123 64
33158 65
33184 66
33229 67
33273 68
33315 67
33332 68
33398 69
33449 68
33515 69
33580 70
33690 69
33752 70
33782 71
33816 70
33840 71
34040 70
34087 71
34101 70
34246 71
34300 70
34358 71
34406 70
34589 69
34612 68
34658 69
34680 68
34710 67
34711 66
34762 67
34803 66
34894 67
34993 67
35002 68
35010 67
35216 68
35269 69
35346 70
35423 71
35433 70
35487 71
35586 70
35631 71
35649 72
35773 73
35847 72
35906 71
35915 70
35957 69
36034 68
36070 67
36092 66
36134 67
36161 66
36168 65
36207 64
36222 63
36234 62
36266 61
36275 62
36329 63
36334 64
36338 63
36407 64
36446 65
36659 64
36694 65
36719 66
36746 67
36755 68
36773 67
36774 66
36855 67
36892 68
36901 67
36998 66
37050 67
37054 68
37058 67
37126 66
37179 67
37233 66
37270 67
37282 68
37282 69
37306 68
37371 67
37395 66
37444 65
37486 66
37513 65
37546 66
37546 67
37603 66
37674 65
37688 64
37707 63
37758 64
37778 65
37857 66
37942 67
38001 68
38017 69
38054 70
38058 69
38130 68
38140 67
38169 66
38173 67
38339 68
38402 67
38420 68
38498 67
38502 66
38513 66
38618 67
38619 66
38633 67
38695 68
38842 67
38870 66
38899 65
38933 66
38974 67
39002 68
39068 67
39086 68
39118 67
39122 68
39154 69
39187 70
39191 71
39198 70
39269 69
39314 68
39316 67
39370 68
39459 69
39466 70
39502 69
39561 68
39615 67
39616 66
39619 67
39704 68
39743 69
39749 68
39770 69
39779 70
39863 69
39871 70
39928 69
40015 70
40114 71
40145 70
40293 69
40342 70
40480 71
40498 72
40599 71
40642 70
40726 69
40728 68
40783 69
40794 68
40801 69
40862 69
41018 70
41058 71
41097 70
41105 69
41106 68
41287 69
41357 70
41382 69
41402 70
41423 69
41504 68
41526 69
41610 70
41649 71
41686 70
41700 69
41777 70
41783 69
41890 68
42030 67
42062 68
42093 67
42128 68
42134 67
42187 68
42209 67
42218 68
42221 69
42240 70
42274 69
42406 70
42466 71
42550 70
42562 69
42570 70
42682 71
42876 72
42895 73
42992 74
43019 73
43044 72
43118 71
43205 70
43238 69
43353 70
43354 71
43379 72
43703 71
43713 72
43723 73
43802 72
43850 73
43857 74
43917 73
43947 72
43963 73
44101 72
44218 71
44228 70
44254 69
44281 70
44326 70
44340 71
44350 70
44418 71
44490 72
44504 73
44570 72
44714 73
44770 74
44815 73
44820 74
44918 73
44944 74
45021 73
45098 74
45104 73
45116 72
45282 71
45292 72
45310 71
45324 70
45383 69
45494 70
45611 69
45646 68
45672 69
45890 68
45896 69
45981 68
45983 67
46007 66
46041 67
46057 68
46146 67
46198 68
46222 69
46292 68
46355 69
46362 68
46407 69
46461 70
46468 71
46490 70
46515 71
46565 70
46690 71
46713 70
46744 71
46758 72
46862 73
46867 74
46944 73
46952 74
46974 73
47101 72
47104 71
47168 72
47254 73
47398 72
47438 71
47485 72
47618 71
47635 72
47691 73
47702 72
47708 71
47771 70
47786 71
47812 70
47830 69
47899 68
47993 67
48002 66
48058 65
48067 66
48073 67
48089 68
48107 69
48107 70
48296 69
48372 70
48378 71
48415 70
48423 69
48430 69
48490 70
48518 71
48518 70
48629 71
48654 72
48676 71
48682 72
48758 71
48762 70
48771 69
48927 68
48931 67
48938 66
49044 67
49066 68
49106 69
49115 68
49122 69
49150 68
49202 69
49228 70
49228 71
49228 70
49263 69
49272 70
49333 69
49359 70
49382 71
49582 70
49607 71
49630 72
49664 71
49670 72
49694 71
49746 70
49754 71
49754 72
49788 73
49855 72
49979 73
50014 74
50081 75
50094 76
50377 75
50391 74
50454 75
50457 74
50470 73
50513 72
50538 73
50569 74
50623 73
50632 74
50645 73
50710 74
50837 73
50931 74
50954 73
51029 72
51044 73
51066 72
51092 73
51106 74
51109 73
51116 72
51260 73
51336 74
51419 73
51566 72
51568 71
51722 70
51745 69
51825 70
51833 71
51842 72
51967 73
52095 72
52125 73
52216 74
52294 75
52334 76
52366 77
52436 76
52450 75
52517 74
52525 73
52587 72
52660 73
52708 72
52726 71
52729 72
52895 71
53002 72
53003 73
53073 74
53223 73
53246 74
53315 73
53334 74
53390 75
53616 74
53618 73
53630 72
53697 73
53711 74
53723 73
53733 74
53795 73
53819 74
53825 73
53838 72
53844 71
53854 70
53872 71
53959 70
53972 69
54147 68
54252 69
54281 70
54350 71
54385 72
54394 73
54414 72
54414 72
54456 71
54501 72
54509 71
54510 72
54519 71
54730 70
54735 71
54736 70
54738 71
54748 70
54824 71
54874 70
54907 69
54932 70
55013 71
55035 72
55056 73
55102 72
55122 71
55130 70
55160 71
55178 72
55253 71
55258 72
55362 71
55394 72
55610 73
55636 72
55641 71
55698 72
55745 71
55766 72
55829 73
55842 72
55850 73
56016 74
56107 73
56146 72
56166 73
56186 72
56210 73
56313 72
56321 73
56348 74
56385 73
56392 72
56488 73
56590 74
56598 73
56621 74
56624 75
56660 74
56682 73
56682 72
56733 71
56818 70
56831 69
56934 70
56946 71
56946 70
56978 71
56985 72
56989 71
57037 70
57046 71
57051 70
57100 69
57188 70
57201 69
57234 70
57251 71
57266 72
57323 71
57338 72
57354 73
57408 72
57515 73
57578 74
57677 73
57732 72
57736 73
57739 74
57816 73
57927 74
57938 75
57944 74
57965 75
58040 76
58138 75
58226 76
58398 75
58458 76
58531 75
58563 76
58618 75
58628 76
58703 75
58966 76
59056 77
59090 78
59120 77
59143 78
59159 77
59301 76
59460 77
59531 78
59773 79
59822 78
59956 79
59990 78
60021 77
60210 76
60329 75
60330 76
60398 75
60409 74
60542 73
60543 72
60546 73
60655 72
60668 73
60673 74
60698 73
60782 74
60850 75
60854 74
60855 75
60882 74
60924 75
60932 74
60963 73
61029 72
61062 71
61077 72
61085 73
61122 72
61208 73
61294 72
61347 73
61393 72
61424 73
61441 72
61520 73
61542 72
61596 71
61630 72
61694 71
61712 72
61726 73
61802 72
61855 73
61869 72
61907 71
62077 70
62138 69
62179 70
62194 71
62214 70
62265 71
62287 70
62333 71
62338 70
62351 69
62443 70
62466 69
62482 70
62492 71
62494 72
62584 73
62615 74
62646 75
62837 76
62899 75
62982 74
63036 75
63156 74
63157 73
63167 74
63178 73
63194 74
63208 73
63322 74
63347 73
63507 74
63658 73
63660 72
63679 73
63728 74
63732 73
63768 72
63895 71
63960 72
63964 73
64026 72
64031 71
64173 72
64173 71
64247 70
64312 69
64387 70
64472 71
64562 70
64574 71
64641 70
64666 71
64720 72
64722 73
64857 74
64878 73
64938 72
64995 71
65010 72
65111 73
65142 72
65150 73
65164 72
65219 73
65222 72
65256 73
65263 72
65296 73
65298 74
65310 75
65331 74
65338 75
65529 74
65594 73
65651 72
65808 73
65835 74
65859 73
65956 72
65975 71
65990 70
65995 69
65998 70
66023 69
66052 68
66122 67
66226 68
66297 67
66310 68
66360 67
66366 68
66436 69
66474 68
66494 69
66504 70
66561 71
66642 72
66644 73
66650 72
66703 71
66790 70
66815 71
66846 72
66848 73
66867 72
66886 71
66901 72
66957 71
66962 72
67080 71
67127 72
67142 73
67366 72
67389 71
67410 72
67478 73
67482 74
67490 75
67530 74
67564 75
67602 74
67646 73
67665 72
67680 73
67745 72
67767 71
67805 72
67818 71
67860 72
67962 73
67984 74
68031 75
68039 74
68046 75
68200 74
68241 75
68307 76
68414 77
68535 78
68586 77
68616 76
68631 75
68642 74
68713 73
68736 72
68790 73
68922 74
68927 75
68970 74
68970 73
69031 74
69100 73
69204 73
69218 72
69235 71
69251 72
69320 73
69345 72
69371 73
69374 74
69397 75
69560 76
69628 75
69678 76
69752 75
69832 74
69838 73
69841 74
69846 75
69850 74
69866 73
69938 74
69982 75
70009 74
70282 75
70318 74
70351 73
70372 72
70446 73
70466 74
70500 75
70530 76
70564 75
70630 76
70654 77
70722 76
70762 77
70810 76
70838 75
71056 76
71056 77
71114 76
71259 75
71357 76
71424 77
71434 76
71476 75
71490 76
71595 75
71603 74
71619 75
71758 74
71806 75
71818 74
71864 75
71943 76
72023 75
72032 76
72129 75
72136 76
72186 75
72192 76
72215 75
72266 74
72267 73
72294 72
72329 71
72382 72
72410 71
72428 70
72540 69
72588 68
72644 69
72790 68
72797 67
72800 66
72802 67
72829 66
72878 67
72906 68
72998 67
73014 68
73033 69
73073 70
73110 71
73173 72
73176 71
73366 70
73370 71
73379 72
73384 71
73400 72
73402 73
73556 74
73604 75
73667 76
73696 75
73701 76
73725 75
73849 76
73930 75
73932 76
73942 75
74023 74
74027 75
74032 74
74186 73
74311 72
74355 73
74371 72
74442 73
74445 74
74472 73
74531 74
74702 75
74706 74
74760 75
74873 76
74902 75
74948 76
75111 75
75258 74
75296 75
75410 74
75443 75
75453 76
75478 75
75489 75
75492 76
75496 75
75535 74
75558 73
75584 72
75599 71
75611 72
75662 73
75751 72
75787 71
75788 72
75822 71
75854 72
75879 73
76042 72
76077 71
76090 72
76102 73
76136 72
76168 71
76291 70
76363 71
76363 72
76370 71
76374 70
76442 69
76465 70
76488 71
76585 72
76592 73
76646 74
76649 73
76651 74
76725 75
76742 76
76794 77
76826 77
76830 78
76950 77
77022 78
77062 77
77085 76
77090 77
77118 78
77186 77
77210 76
77222 75
77334 76
77346 75
77396 76
77403 75
77462 76
77475 75
77478 76
77482 75
77613 74
77635 75
77714 76
77741 75
77818 76
77886 77
77890 76
77930 77
77960 78
77976 79
77992 78
77998 77
78130 76
78220 77
78255 76
78322 75
78540 74
78581 73
78666 74
78691 73
78703 74
78714 75
78719 76
78741 77
78763 78
78844 77
78886 78
78947 79
78966 78
78999 77
79028 76
79057 77
79098 76
79115 75
79228 74
79302 75
79350 74
79367 75
79410 76
79428 75
79475 74
79480 75
79534 74
79590 75
79695 74
79785 75
79824 74
79860 75
79864 76
79874 77
80015 78
80175 77
80220 78
80250 79
80373 80
80407 79
80497 78
80522 77
80533 76
80552 77
80578 76
80708 75
80716 76
80765 75
80778 74
80782 73
80866 72
80872 71
80877 72
80902 71
80987 70
80991 71
81059 70
81074 71
81146 70
81238 71
81239 72
81262 71
81322 72
81338 71
81345 72
81373 73
81392 74
81398 73
81403 74
81445 73
81461 72
81466 71
81527 72
81528 73
81572 74
81625 75
81625 74
81638 73
81658 72
81706 73
81747 74
81844 75
81871 76
81950 75
82053 74
82112 73
82138 74
82168 73
82175 72
82192 73
82207 74
82275 75
82335 76
82398 75
82406 76
82437 77
82482 76
82597 77
82760 76
82784 75
82841 76
82860 75
82922 76
82937 75
83006 74
83050 75
83080 76
83106 77
83139 76
83150 75
83194 74
83213 75
83258 76
83294 75
83298 74
83333 75
83398 74
83440 73
83480 72
83586 71
83602 70
83704 71
83726 72
83817 73
83833 72
83842 71
83904 72
83931 73
83967 72
83983 73
84074 72
84083 73
84117 74
84174 75
84235 76
84241 77
84494 78
84507 79
84555 80
84597 79
84670 78
84670 79
84675 80
84704 79
84707 78
84731 77
84734 76
84777 75
84928 74
84993 73
85078 72
85150 73
85183 74
85201 75
85210 76
85215 75
85248 74
85290 75
85352 76
85426 77
85436 76
85466 75
85561 74
85582 73
85606 72
85653 73
85693 72
85715 71
85741 72
85806 71
85885 72
85907 73
85940 72
85979 73
86008 74
86028 73
86033 74
86055 73
86102 74
86106 73
86168 74
86196 73
86213 74
86264 75
86265 76
86303 75
86318 76
86327 75
86467 74
86520 73
86553 74
86606 75
86609 76
86695 75
86709 74
86829 75
86837 74
86996 75
87012 76
87075 77
87141 78
87151 77
87203 78
87226 79
87262 78
87264 77
87278 78
87330 77
87489 76
87595 77
87680 76
87702 75
87706 76
87794 75
87822 74
87835 75
87887 74
87892 73
88049 74
88050 75
88111 74
88158 75
88159 74
88163 75
88171 76
88173 75
88234 76
88269 77
88341 76
88348 75
88348 76
88501 75
88526 74
88534 73
88540 72
88618 73
88682 74
88700 75
88702 74
88744 75
88753 74
88780 75
88851 74
88894 73
88934 72
88955 73
89040 74
89066 75
89106 76
89183 77
89252 78
89265 77
89275 76
89285 75
89323 74
89338 73
89344 72
89367 73
89409 74
89491 75
89518 76
89665 75
89738 76
89800 77
89926 78
89937 79
89954 78
89958 79
90124 80
90209 81
90288 80
90301 81
90353 80
90362 81
90519 80
90735 79
90778 78
90831 77
90935 78
90959 77
90973 78
91037 79
91106 78
91135 77
91187 76
91228 75
91271 74
91273 73
91396 72
91497 73
91600 74
91606 75
91655 74
91667 73
91740 74
91784 73
91787 74
91811 75
91863 74
92009 75
92126 76
92135 75
92180 76
92184 75
92203 74
92204 73
92222 74
92245 75
92256 76
92257 77
92355 78
92367 77
92459 78
92471 79
92507 78
92659 77
92746 78
92762 77
92763 76
92823 77
92955 78
92994 77
93002 78
93035 79
93075 80
93120 79
93126 78
93162 79
93224 80
93291 79
93354 78
93403 79
93513 80
93517 79
93662 78
93681 77
93698 76
93711 77
93735 76
93750 75
93788 76
93799 75
93998 74
94096 75
94222 76
94239 77
94314 78
94324 79
94420 78
94439 79
94457 80
94472 79
94497 80
94552 81
94555 80
94665 79
94714 80
94731 79
94814 78
94827 77
94911 76
94958 75
94982 74
95214 73
95233 74
95262 73
95331 74
95366 75
95455 76
95466 77
95478 76
95495 77
95522 76
95525 75
95529 74
95563 75
95568 74
95707 75
95716 76
95748 75
95783 76
95951 77
96042 78
96065 79
96123 78
96190 79
96233 78
96260 77
96279 76
96291 75
96312 74
96371 73
96405 74
96407 73
96455 74
96618 75
96695 74
96707 73
96813 74
96833 73
96863 74
96870 75
96907 76
96998 75
96999 74
97012 75
97012 74
97047 75
97054 74
97195 73
97269 74
97345 75
97429 74
97431 75
97470 76
97527 77
97533 78
97634 79
97659 78
97668 77
97750 76
97779 75
97820 74
97832 75
97834 74
97854 75
97858 76
97891 75
97970 76
97991 77
98073 76
98089 75
98267 76
98321 77
98343 76
98488 77
98647 76
98677 77
98773 78
98803 79
98839 78
98906 77
98909 76
98910 77
98911 76
99012 77
99023 78
99147 79
99195 78
99223 77
99259 78
99279 77
99387 76
99532 77
99655 78
99702 79
99741 80
99758 79
99789 78
99857 79
99903 80
99976 79
100047 78
100055 79
100235 80
100255 79
100323 78
100323 77
100327 76
100335 75
100349 74
100362 75
100381 74
100411 73
100453 74
100463 73
100490 74
100520 73
100607 72
100620 73
100774 72
100838 73
100877 74
100903 75
100976 74
100980 75
101027 76
101093 77
101119 76
101129 77
101158 76
101311 75
101311 76
101439 77
101447 76
101500 75
101530 76
101560 75
101563 76
101591 77
101633 76
101652 75
101698 76
101717 77
101720 76
101772 75
101846 74
102022 75
102050 74
102051 73
102071 74
102079 73
102194 72
102209 71
102242 70
102255 69
102270 68
102302 67
102319 66
102332 67
102336 68
102339 67
102345 68
102405 69
102498 70
102510 71
102688 72
102691 73
102720 74
102731 75
102783 76
102796 77
102864 78
102908 79
102920 78
102945 79
103039 80
103128 81
103323 80
103389 79
103439 78
103516 79
103592 80
103620 81
103635 80
103752 79
103902 78
103912 79
104065 78
104207 77
104223 76
104308 77
104311 78
104469 77
104475 78
104541 79
104695 80
104733 81
104788 80
104804 79
104851 80
105019 79
105050 78
105164 77
105241 76
105295 77
105377 78
105431 77
105537 76
105550 75
105589 74
105625 73
105655 74
105846 75
105875 76
105905 75
105982 76
106035 75
106049 74
106112 73
106151 74
106159 73
106187 74
106242 75
106255 74
106339 75
106379 74
106445 75
106471 74
106512 75
106541 74
106636 75
106686 76
106713 75
106716 76
106811 77
106923 78
106935 79
106973 78
107139 79
107147 78
107167 77
107229 76
107319 77
107319 78
107334 77
107399 76
107443 77
107497 76
107563 77
107637 78
107747 79
107755 78
107759 77
107759 76
107819 75
107819 74
107843 75
108022 76
108086 75
108099 76
108127 75
108184 74
108187 73
108207 72
108212 73
108246 74
108276 75
108341 74
108395 75
108403 76
108422 75
108430 76
108499 77
108507 76
108507 75
108507 74
108549 75
108586 74
108587 73
108587 72
108591 71
108591 70
108591 69
108593 68
108596 69
108600 68
108603 67
108603 66
108603 65
108683 66
108707 65
108825 66
108843 67
108879 66
108904 65
108912 64
108967 65
108994 66
109075 67
109082 66
109090 67
109093 66
109121 67
109198 66
109211 67
109223 66
109238 67
109255 68
109295 69
109300 68
109303 67
109303 66
109303 67
109303 66
109309 67
109319 66
109331 65
109351 66
109351 67
109351 68
109363 69
109379 70
109379 71
109386 70
109388 71
109550 70
109563 71
109572 70
109627 71
109639 72
109651 73
109666 72
109687 71
109692 72
109699 71
109728 70
109755 69
109757 68
109758 67
109953 68
109995 69
110007 70
110019 69
110107 70
110193 71
110203 72
110311 71
110311 72
110317 73
110326 72
110345 71
110350 72
110394 73
110399 74
110401 75
110424 76
110451 77
110472 76
110472 77
110475 78
110483 77
110484 76
110515 77
110639 78
110871 77
110873 76
110879 75
110942 74
110994 75
111039 76
111044 75
111049 74
111074 75
111169 76
111171 75
111199 74
111316 75
111321 74
111451 75
111520 76
111550 75
111651 74
111774 73
111828 73
111828 72
111831 71
111877 72
111884 71
111891 70
111906 71
111911 70
111943 71
111949 72
111958 71
111959 72
111961 71
111967 70
111967 69
112010 70
112026 71
112040 70
112063 69
112071 70
112077 69
112116 70
112170 71
112212 70
112220 69
112247 70
112331 69
112335 68
112409 67
112409 66
112423 67
112430 66
112435 67
112475 68
112557 67
112560 66
112570 65
112591 66
112598 65
112599 64
112600 64
112605 63
112655 64
112665 63
112712 64
112712 65
112726 66
112846 67
112849 68
112867 69
112884 70
112891 71
112915 72
112921 71
112931 70
112955 71
113024 70
113029 69
113031 70
113032 71
113051 72
113052 72
113058 71
113063 70
113068 69
113079 70
113099 71
113262 70
113283 71
113284 72
113288 71
113291 72
113346 71
113450 70
113457 71
113458 70
113463 69
113526 70
113534 69
113538 70
113544 69
113546 68
113557 67
113559 67
113559 67
113581 68
113626 69
113634 68
113635 69
113642 68
113643 67
113644 66
113647 67
113668 68
113750 69
113780 70
113869 71
113883 72
113909 71
113934 72
113937 73
113975 74
113983 73
114058 72
114088 73
114093 72
114100 73
114129 72
114149 73
114153 74
114192 73
114217 74
114247 73
114260 74
114282 73
114307 74
114354 75
114405 76
114424 75
114440 74
114540 75
114585 76
114603 75
114606 76
114793 77
114798 76
114827 77
114849 78
114877 79
114896 78
114922 77
114965 78
115059 79
115060 80
115070 79
115110 78
115131 79
115214 78
115222 77
115234 78
115387 77
115414 78
115500 79
115537 78
115548 77
115749 76
115771 75
115809 76
115817 77
115827 76
115837 77
115852 76
115867 75
115875 74
115963 73
116143 72
116152 73
116174 74
116203 75
116210 76
116223 75
116232 76
116245 75
116383 76
116393 77
116407 78
116513 79
116528 80
116571 81
116588 82
116627 83
116693 82
116694 81
116790 82
116864 81
116992 80
117078 81
117171 82
117351 81
117421 82
117435 81
117453 82
117524 81
117572 80
117588 79
117595 78
117762 77
117790 78
117834 77
117987 78
118035 77
118181 76
118193 77
118195 78
118254 79
118266 78
118343 79
118351 78
118398 79
118409 78
118412 77
118439 78
118455 77
118464 76
118642 75
118670 76
118677 77
118737 76
118828 77
118886 78
118890 77
118892 76
118898 75
118902 74
118921 73
118976 74
118983 73
119005 72
119011 71
119011 70
119023 71
119051 70
119066 71
119096 72
119096 73
119097 72
119122 73
119123 74
119179 73
119229 72
119244 73
119245 74
119315 73
119354 74
119455 75
119471 74
119576 73
119593 74
119668 75
119698 74
119714 75
119716 76
119731 77
119741 76
119827 77
119830 78
119898 79
119951 80
119982 79
120108 78
120123 77
120137 76
120141 75
120220 76
120255 77
120363 78
120478 79
120487 78
120554 79
120561 78
120569 79
120669 80
120673 79
120694 80
120735 81
120773 80
120779 81
120847 82
121024 81
121091 80
121245 81
121460 82
121473 83
121510 82
121536 81
121599 80
121647 79
121715 78
121786 77
121808 76
121875 77
121883 76
121899 75
121970 74
122003 73
122087 72
122091 73
122099 73
122136 74
122151 73
122204 74
122233 75
122237 76
122253 75
122376 76
122381 77
122386 78
122546 77
122547 78
122548 79
122568 80
122568 79
122644 78
122663 77
122700 76
122767 77
122773 76
122811 77
122820 76
122836 75
122938 74
122958 75
123005 74
123008 75
123086 74
123121 75
123167 76
123173 75
123189 74
123202 73
123275 74
123363 73
123434 74
123555 75
123569 76
123595 75
123603 76
123622 77
123661 76
123692 75
123711 76
123760 77
123765 78
123803 77
123803 76
123847 75
123855 76
123863 75
123960 76
123995 75
124060 76
124074 77
124106 78
124139 79
124193 80
124201 79
124291 80
124309 81
124324 82
124327 81
124376 80
124443 81
124451 80
124547 79
124582 80
124782 79
124783 80
124853 81
124867 82
124930 81
124991 80
125047 79
125067 78
125156 77
125171 78
125190 77
125253 78
125259 77
125419 76
125439 75
125487 76
125511 77
125513 76
125527 77
125605 78
125721 79
125747 80
125855 81
125887 80
125986 81
126054 82
126080 83
126095 82
126099 81
126127 80
126139 81
126169 80
126251 79
126252 78
126294 79
126297 80
126458 79
126524 78
126633 77
126638 76
126647 75
126684 76
126691 75
126715 76
126939 77
126954 78
127031 77
127126 78
127156 77
127206 78
127237 79
127253 78
127344 79
127366 80
127435 81
127468 80
127506 79
127510 80
127513 81
127579 80
127579 79
127691 78
127715 79
127759 78
127825 77
127825 76
127864 77
127956 76
128050 75
128056 76
128111 75
128167 76
128190 77
128191 78
128398 79
128477 80
128487 79
128534 80
128561 81
128563 82
128623 81
128755 82
128821 81
128891 80
128921 81
128948 80
128955 81
129043 82
129083 83
129182 82
129362 83
129435 82
129436 81
129571 80
129591 79
129636 78
129639 79
129679 78
129692 77
129694 76
129759 77
129873 76
129879 77
129899 78
129909 77
129935 76
129954 75
129995 74
130175 73
130223 74
130248 75
130251 76
130367 75
130454 76
130470 75
130514 74
130523 75
130574 76
130584 77
130683 76
130700 75
130715 76
130739 75
130771 76
130790 75
130811 76
130857 77
130879 78
130927 79
131000 78
131067 77
131075 78
131086 77
131095 76
131199 77
131224 76
131420 77
131518 78
131531 77
131559 78
131573 79
131595 80
131602 81
131603 80
131717 81
131747 82
131959 81
132179 80
132227 81
132227 82
132261 81
132322 82
132368 83
132421 84
132479 83
132526 82
132590 81
132668 82
132759 81
132771 80
132771 79
132895 78
132923 77
132967 76
132975 75
132989 76
133039 77
133059 76
133137 75
133144 74
133147 75
133152 76
133215 77
133280 76
133295 77
133326 78
133365 77
133405 76
133443 75
133455 74
133609 73
133612 72
133616 73
133641 74
133671 75
133742 76
133754 75
133796 76
133804 77
133805 78
133819 79
133867 80
133897 79
133907 80
133931 81
133987 82
134039 81
134039 82
134123 83
134167 82
134187 81
134312 80
134406 79
134445 78
134448 77
134448 76
134449 75
134520 74
134534 75
134665 74
134676 75
134822 74
134863 75
134873 74
134900 75
134918 76
134940 75
134960 76
135013 77
135062 78
135144 79
135150 80
135220 81
135261 80
135316 81
135347 82
135424 81
135434 80
135495 81
135501 80
135517 79
135524 78
135543 77
135650 76
135667 75
135676 76
135685 77
135704 78
135897 79
135897 78
135930 79
135977 80
136079 79
136108 80
136128 79
136289 80
136339 79
136367 78
136375 79
136413 78
136479 77
136511 78
136577 79
136682 78
136717 79
136727 78
136759 77
136834 76
136899 77
136950 76
136979 75
137048 76
137223 77
137236 78
137255 79
137263 80
137274 81
137344 80
137373 79
137651 80
137681 81
137697 80
137703 79
137726 80
137751 81
137843 80
137899 81
138013 82
138124 81
138126 82
138183 81
138235 82
138280 81
138367 82
138434 81
138451 82
138473 81
138527 80
138649 81
138773 80
138810 79
138822 78
138954 77
138955 76
138955 77
139004 78
139013 79
139066 80
139171 79
139172 78
139191 79
139191 80
139224 79
139237 78
139289 77
139294 76
139306 75
139319 74
139389 75
139409 76
139574 77
139597 76
139606 77
139631 78
139635 77
139683 78
139767 79
139814 80
139815 79
139951 80
139954 81
139967 80
140026 81
140082 80
140083 81
140256 80
140379 79
140411 80
140467 81
140490 80
140502 79
140506 78
140554 79
140599 78
140633 77
140639 76
140641 75
140666 74
140670 73
140715 74
140755 75
140814 76
140948 77
141000 78
141019 79
141198 80
141299 79
141354 78
141419 79
141427 80
141435 81
141463 80
141508 81
141539 82
141555 83
141793 82
141820 81
141951 82
142131 83
142144 82
142150 83
142198 82
142239 81
142389 82
142430 83
142520 84
142539 83
142545 82
142633 81
142641 80
142699 79
142744 80
142927 81
143034 82
143071 83
143143 84
143213 85
143224 84
143411 83
143478 84
143576 83
143607 84
143631 83
143639 82
143654 81
143783 80
143817 79
143827 78
143879 79
144075 78
144081 77
144084 76
144139 75
144322 76
144394 75
144395 76
144475 77
144525 78
144543 79
144627 80
144655 81
144655 82
144676 83
144699 84
144759 83
144760 82
144791 81
144842 80
144865 81
144895 80
145046 81
145132 80
145253 81
145258 80
145267 79
145302 80
145307 79
145447 78
145485 79
145512 80
145571 79
145625 80
145639 79
145687 80
145775 79
145890 80
145908 81
145960 82
145975 83
146010 82
146085 83
146229 82
146242 81
146297 80
146321 79
146551 80
146615 79
146625 78
146687 79
146695 80
146708 79
146755 80
146757 79
146782 78
146791 79
146896 80
146901 79
146901 78
146912 79
146962 80
147051 79
147065 78
147086 79
147133 78
147135 77
147140 78
147239 79
147357 78
147423 77
147424 76
147522 77
147527 78
147542 77
147551 78
147562 77
147595 78
147663 77
147719 78
147739 77
147745 76
147811 75
147882 76
147883 77
147899 76
147930 75
147970 76
148055 75
148056 76
148059 77
148104 78
148206 77
148232 76
148247 75
148276 76
148279 77
148329 78
148354 79
148438 78
148439 79
148472 80
148523 79
148632 78
148722 77
148815 76
148823 75
148824 74
148838 73
148854 72
148890 73
148911 74
148994 75
149042 76
149063 77
149111 76
149153 77
149320 76
149364 77
149427 78
149524 79
149551 78
149605 79
149619 80
149636 79
149644 80
149708 79
149729 78
149732 77
149745 76
149777 77
149826 76
149826 75
149835 76
149887 77
149921 76
150087 75
150160 76
150163 77
150231 78
150303 79
150333 80
150362 79
150418 80
150537 81
150538 82
150572 83
150702 84
150711 85
150759 84
150760 83
150841 82
150968 83
151067 84
151093 83
151131 82
151159 81
151168 82
151406 81
151442 80
151467 81
151477 82
151686 81
151695 80
151700 81
151761 80
151840 79
151871 80
151871 79
151872 80
151886 79
151971 78
152017 77
152063 76
152263 77
152361 78
152404 77
152410 78
152429 79
152445 80
152539 81
152615 80
152627 79
152672 78
152675 79
152718 80
152752 81
152890 80
152923 81
153142 80
153292 81
153391 82
153432 81
153437 80
153443 81
153498 80
153561 79
153591 78
153694 79
153700 78
153750 79
153767 78
153804 77
153870 76
153889 77
153963 78
154056 77
154084 78
154127 77
154131 76
154204 75
154219 74
154260 75
154295 76
154303 75
154326 76
154334 75
154434 74
154436 73
154467 72
154487 73
154515 74
154544 73
154611 74
154639 75
154679 76
154715 77
154792 78
154837 77
154874 78
155021 77
155063 78
155074 79
155095 80
155118 81
155213 82
155347 81
155378 82
155403 81
155403 80
155425 79
155450 80
155510 79
155526 78
155590 79
155594 80
155644 79
155656 78
155824 77
155920 78
156048 77
156134 78
156135 79
156209 78
156248 79
156324 78
156350 79
156368 80
156381 81
156391 80
156527 79
156672 80
156691 79
156699 80
156855 79
156863 80
156867 81
156940 80
157004 79
157139 80
157139 81
157151 82
157216 81
157301 80
157395 79
157446 78
157531 77
157533 76
157579 75
157651 76
157659 77
157749 76
157751 77
157755 78
157831 79
157973 80
158057 79
158078 80
158099 81
158129 82
158170 83
158175 82
158211 81
158229 82
158235 83
158327 82
158339 81
158419 80
158444 79
158487 80
158587 79
158587 80
158674 79
158849 80
158979 81
159000 80
159191 81
159232 82
159233 81
159262 82
159288 81
159350 82
159483 83
159515 82
159532 81
159559 80
159652 79
159704 78
159708 79
159728 78
159742 77
159753 76
159783 75
159871 76
159885 77
159960 76
160006 77
160059 78
160157 77
160214 78
160216 79
160246 80
160352 81
160400 80
160428 79
160476 80
160483 81
160612 82
160656 83
160659 82
160687 81
160736 82
160818 83
161012 82
161071 81
161244 82
161375 81
161401 80
161480 79
161499 80
161580 79
161601 80
161624 79
161639 80
161676 81
161712 80
161720 79
161756 80
161852 81
161937 80
161952 79
161958 80
161968 79
162000 80
162111 79
162130 78
162138 79
162195 78
162301 77
162312 76
162412 77
162462 78
162487 77
162528 76
162592 75
162604 76
162632 77
162731 78
162751 79
162769 80
162872 81
162973 82
163018 81
163032 82
163061 81
163062 80
163072 79
163133 80
163218 81
163295 82
163329 81
163330 80
163339 79
163344 80
163380 79
163401 78
163451 77
163462 76
163479 75
163493 76
163558 77
163603 78
163679 77
163724 76
163744 77
163854 78
163997 77
164084 78
164128 79
164151 80
164164 79
164245 80
164316 79
164442 80
164472 81
164472 82
164492 81
164543 80
164570 81
164577 82
164627 83
164913 84
164952 85
165087 84
165094 83
165104 82
165161 81
165193 80
165242 81
165341 80
165360 79
165365 78
165428 77
165495 78
165556 79
165622 78
165718 79
165723 80
165728 79
165748 80
165787 81
165796 80
165816 81
165850 82
165862 81
165948 80
165984 81
165992 80
166052 81
166274 80
166289 79
166424 80
166433 81
166455 80
166472 79
166472 78
166572 79
166635 78
166642 79
166704 80
166812 79
166935 78
166948 79
167028 80
167068 81
167097 82
167287 83
167369 84
167448 83
167472 82
167499 83
167668 82
167704 81
167816 80
167828 79
167889 78
168112 77
168129 76
168200 75
168220 76
168336 77
168351 78
168370 79
168373 80
168436 79
168447 80
168468 81
168592 82
168600 81
168623 82
168691 81
168701 82
168739 83
168792 82
168976 83
169126 84
169153 83
169242 82
169353 83
169436 82
169542 81
169804 82
169811 81
169820 80
169851 81
169862 82
169945 81
170036 80
170073 81
170264 80
170306 81
170348 82
170377 83
170448 84
170605 83
170613 82
170709 81
170720 80
170755 79
170799 78
170804 79
170920 78
170963 79
170995 78
171090 77
171117 78
171201 79
171213 78
171306 79
171341 80
171377 79
171477 78
171479 77
171519 78
171524 77
171535 76
171564 77
171588 76
171673 75
171752 74
171769 73
171775 74
171776 75
171784 74
171784 74
171785 74
171792 73
171792 72
171874 73
171885 74
171964 73
171997 74
172023 75
172036 76
172056 77
172081 78
172254 77
172267 76
172277 77
172284 76
172305 77
172308 76
172361 75
172395 76
172407 75
172413 76
172427 75
172427 74
172429 73
172433 72
172532 71
172538 70
172541 71
172561 70
172562 69
172617 70
172664 69
172696 68
172738 69
172758 70
172791 69
172801 70
172805 69
172817 68
172836 69
172836 68
172840 69
172844 69
172846 68
172848 69
172868 70
172875 69
172900 68
172900 69
172915 68
172931 69
172999 70
173046 71
173052 70
173076 71
173083 72
173127 73
173130 74
173143 75
173164 76
173172 75
173198 74
173209 73
173245 74
173247 75
173256 74
173287 73
173288 72
173322 73
173350 72
173351 73
173360 72
173392 73
173422 74
173538 73
173554 74
173588 75
173628 76
173660 75
173688 76
173690 77
173714 76
173759 77
173767 76
173777 75
173789 74
173796 75
173872 74
173888 73
173892 74
173996 73
174032 72
174036 73
174038 74
174063 75
174084 76
174096 75
174156 74
174266 73
174271 74
174333 73
174337 74
174337 73
174372 74
174417 73
174420 72
174423 73
174466 74
174475 73
174536 74
174560 75
174567 76
174568 75
174568 74
174568 73
174648 74
174668 73
174668 74
174711 73
174721 72
174757 71
174779 72
174799 73
174860 74
174888 73
174891 72
174896 73
174911 72
174913 73
174940 72
174953 71
175000 72
175017 73
175037 74
175040 73
175072 74
175080 73
175135 74
175138 73
175177 72
175183 71
175197 70
175366 69
175412 70
175440 70
175440 69
175480 70
175484 71
175501 70
175526 69
175544 70
175564 71
175592 72
175599 73
175601 72
175601 71
175608 70
175701 71
175728 72
175736 71
175738 72
175753 71
175756 72
175759 71
175792 70
175793 71
175801 70
175804 71
175805 70
175805 69
175816 68
175887 69
175890 70
175910 71
175924 72
175932 71
175956 70
175993 69
176004 70
176040 71
176112 72
176133 71
176148 70
176166 69
176187 70
176198 71
176201 72
176243 71
176244 72
176250 71
176264 72
176282 71
176286 72
176348 73
176353 74
176388 75
176396 74
176396 73
176400 74
176408 74
176420 73
176421 72
176436 73
176468 74
176478 73
176502 74
176579 73
176600 72
176648 73
176654 72
176668 71
176724 70
176724 71
176732 72
176770 73
176839 74
176848 73
176856 72
176896 73
176906 72
176918 71
176931 72
176982 73
176995 72
177008 73
177060 74
177082 75
177088 74
177104 75
177113 76
177156 77
177184 76
177186 77
177188 76
177200 75
177207 74
177260 73
177347 72
177349 73
177365 72
177376 73
177387 72
177388 73
177399 72
177504 71
177508 70
177552 71
177596 72
177638 71
177736 72
177737 71
177737 70
177749 69
177749 68
177772 69
177859 70
177888 71
177902 70
177952 71
177956 72
177972 71
177987 72
177992 73
177999 72
178004 71
178032 72
178090 73
178178 74
178203 75
178317 76
178344 75
178362 76
178409 77
178435 76
178436 77
178460 76
178475 75
178502 76
178508 75
178514 76
178522 75
178528 76
178535 75
178561 76
178599 77
178623 78
178628 79
178689 80
178818 79
178852 78
178896 77
178952 78
178969 79
179032 80
179145 81
179216 82
179219 81
179309 80
179344 79
179351 80
179360 79
179377 80
179408 81
179410 82
179456 81
179468 80
179519 81
179532 82
179625 81
179820 82
179896 81
179896 80
179964 79
180012 80
180124 81
180156 80
180184 79
180216 80
180327 79
180387 78
180424 79
180430 78
180499 77
180566 78
180585 77
180604 78
180644 79
180684 80
180690 79
180694 78
180824 79
180932 80
181087 81
181110 82
181118 81
181177 82
181204 81
181207 80
181214 81
181268 80
181330 79
181341 80
181521 81
181668 80
181677 81
181753 80
181760 81
181797 80
181906 81
181906 82
181960 83
182028 82
182046 81
182062 80
182140 81
182340 80
182343 79
182444 80
182537 79
182608 80
182650 81
182778 82
182780 81
182792 80
182841 81
182875 80
182930 81
183021 80
183093 79
183156 78
183163 77
183177 76
183264 75
183285 76
183288 75
183296 76
183308 77
183450 78
183569 77
183575 78
183587 79
183734 80
183778 81
183823 80
183836 81
183879 80
183903 81
183932 80
183942 81
184022 80
184120 81
184214 82
184317 81
184488 82
184579 83
184640 82
184648 81
184657 80
184670 81
184721 80
184732 79
184763 80
184975 81
185006 80
185208 81
185312 82
185500 81
185532 82
185581 83
185600 84
185686 83
185980 82
186132 81
186136 82
186279 81
186328 82
186356 83
186488 82
186497 81
186520 82
186682 81
186724 80
186743 79
186783 80
186952 81
186964 80
186975 81
187057 80
187235 81
187300 82
187392 83
187428 84
187507 83
187509 82
187538 81
187582 82
187611 81
187714 80
187922 79
187929 80
187981 81
188107 80
188114 81
188206 82
188223 81
188318 82
188345 81
188393 82
188469 81
188543 82
188650 81
188825 80
188834 79
188861 80
188875 81
188949 80
188951 79
188992 80
188999 79
189124 78
189171 77
189230 76
189349 77
189388 76
189394 77
189395 76
189470 75
189652 76
189696 77
189764 76
189765 75
189778 76
189840 75
189851 76
189854 77
189857 78
189943 77
189987 78
189996 79
190187 80
190372 79
190396 80
190427 79
190493 78
190532 79
190573 78
190580 77
190612 78
190639 79
190647 80
190720 81
190723 82
190876 83
190959 82
190977 81
191032 80
191246 81
191285 82
191311 81
191339 80
191525 79
191532 80
191640 81
191726 82
191768 83
191823 82
191856 81
191958 82
192066 83
192142 84
192262 83
192341 82
192372 83
192516 82
192557 81
192628 80
192737 79
192740 78
192840 79
192852 80
192914 81
193096 80
193119 79
193156 80
193217 81
193234 82
193277 83
193294 82
193355 81
193463 82
193588 81
193628 80
193635 81
193688 80
193771 81
193803 82
193848 83
194030 82
194035 81
194080 80
194128 81
194136 82
194215 81
194220 80
194248 79
194311 78
194325 77
194589 76
194599 75
194604 74
194652 75
194691 76
194731 77
194734 78
194751 79
194793 80
194800 79
194853 78
194890 79
194926 78
194981 77
195029 76
195046 75
195079 74
195092 75
195094 74
195125 75
195137 76
195147 75
195158 76
195159 75
195266 76
195296 77
195318 76
195326 75
195339 74
195499 75
195500 76
195528 77
195649 78
