0 0
0 1
6 1
6 1
7 1
7 1
7 1
8 1
17 1
18 1
50 1
139 2
144 2
150 3
170 3
206 4
207 4
207 4
212 4
237 4
282 5
307 5
313 5
314 5
320 5
326 6
347 6
347 6
355 7
355 8
370 8
370 8
370 8
372 9
384 9
422 10
438 11
442 10
444 11
446 11
451 12
491 12
573 12
575 13
575 14
579 15
585 15
590 16
594 16
626 17
643 18
646 18
658 19
685 19
699 19
710 20
746 19
756 19
826 18
844 19
884 19
889 18
901 19
903 19
906 19
923 20
950 20
953 20
970 20
986 21
986 22
1008 21
1015 22
1023 23
1038 24
1044 25
1058 25
1069 24
1111 25
1115 25
1119 26
1126 27
1149 27
1150 28
1152 28
1153 28
1153 28
1176 29
1208 30
1236 30
1237 30
1258 31
1266 30
1328 31
1330 32
1333 33
1356 33
1401 32
1409 31
1417 30
1422 31
1440 32
1449 33
1450 34
1450 35
1454 36
1457 36
1514 37
1527 37
1544 37
1556 38
1556 37
1562 38
1569 38
1570 37
1647 38
1683 39
1698 39
1794 40
1820 41
1830 42
1885 41
1898 42
1898 42
1900 41
1902 41
1922 42
1929 43
2030 44
2049 44
2050 43
2055 43
2066 42
2082 43
2086 44
2086 45
2094 46
2097 47
2108 47
2118 48
2133 49
2156 50
2158 49
2180 50
2184 50
2202 49
2208 49
2208 50
2315 51
2315 52
2370 53
2376 53
2377 53
2381 52
2382 51
2383 52
2392 52
2403 51
2468 51
2471 52
2491 52
2527 53
2551 53
2554 54
2570 53
2606 54
2610 53
2618 54
2646 55
2654 56
2760 55
2775 56
2807 55
2824 56
2827 57
2834 56
2885 57
2894 58
2901 57
2904 58
2946 59
2985 60
3027 59
3106 58
3137 59
3155 59
3163 59
3206 59
3217 58
3222 59
3236 60
3245 61
3253 61
3284 60
3301 59
3333 60
3374 61
3403 60
3413 61
3468 62
3475 63
3476 64
3477 63
3556 64
3632 65
3683 64
3702 65
3716 66
3752 67
3763 67
3765 66
3773 65
3775 64
3811 65
3906 66
3952 67
3960 68
3966 69
4000 68
4002 68
4002 68
4009 68
4013 68
4013 67
4028 68
4059 69
4062 70
4114 69
4140 68
4322 69
4330 68
4336 69
4345 68
4390 69
4397 70
4415 71
4426 72
4456 73
4515 72
4542 73
4566 72
4590 71
4623 72
4627 72
4703 71
4718 72
4738 72
4739 71
4750 70
4795 69
4838 68
4870 69
4888 70
5018 69
5030 70
5036 71
5099 70
5101 69
5104 68
5128 69
5189 68
5196 68
5212 69
5214 70
5261 71
5269 70
5287 69
5299 70
5331 71
5408 72
5427 71
5484 72
5501 73
5579 74
5596 75
5608 74
5615 73
5622 72
5643 73
5702 72
5725 73
5810 72
5812 73
5818 74
5827 73
5850 72
5886 73
5927 72
5962 72
5969 72
5973 73
5976 72
6037 73
6050 74
6195 75
6227 74
6236 73
6253 72
6257 73
6327 74
6334 73
6367 74
6411 73
6422 74
6499 73
6552 72
6573 73
6575 72
6610 73
6634 74
6714 73
6739 72
6777 73
6778 74
6825 73
6834 74
6841 75
6893 74
6905 75
6970 76
7020 75
7042 76
7070 77
7115 76
7174 77
7294 76
7306 77
7317 78
7322 79
7322 78
7423 79
7427 78
7462 79
7493 78
7520 79
7646 80
7653 79
7665 78
7668 77
7765 78
7825 77
7826 76
7848 77
7872 76
7890 77
7971 76
8041 77
8069 76
8087 75
8116 74
8186 73
8256 74
8269 75
8305 76
8306 75
8329 76
8406 75
8491 74
8509 75
8564 76
8575 77
8619 78
8689 79
8778 78
8820 77
8886 76
8938 75
8989 76
9022 77
9093 78
9114 79
9114 80
9124 79
9157 78
9165 77
9201 76
9210 77
9218 78
9229 77
9272 78
9297 77
9404 76
9462 75
9496 74
9526 75
9528 74
9565 73
9568 74
9637 75
9642 76
9689 77
9809 78
9830 79
9840 80
9926 81
9926 80
10020 79
10050 78
10097 77
10114 76
10186 77
10201 76
10210 77
10248 78
10268 77
10274 76
10278 75
10298 74
10299 73
10303 72
10431 71
10476 72
10484 73
10538 74
10550 73
10554 72
10634 71
10675 70
10686 69
10718 70
10721 71
10727 72
10734 73
10754 74
10761 75
10840 76
10857 77
10935 78
10988 79
10990 80
11025 79
11058 78
11090 79
11098 78
11118 79
11140 78
11164 77
11337 76
11394 77
11454 76
11488 77
11497 76
11626 77
11631 76
11638 75
11684 74
11692 75
11780 74
11784 73
11814 72
11871 71
11902 72
11941 73
11949 74
11956 75
11991 76
11992 77
12006 76
12094 77
12116 76
12137 75
12148 74
12150 75
12170 76
12173 77
12212 76
12224 75
12320 74
12371 73
12375 74
12495 75
12515 74
12529 75
12543 76
12616 75
12627 76
12640 75
12689 76
12706 77
12746 76
12754 77
12768 78
12781 79
12862 80
12868 79
12896 80
12898 79
12958 80
13078 79
13134 78
13236 77
13281 78
13332 79
13370 80
13382 81
13578 80
13586 79
13591 78
13595 77
13597 76
13623 75
13702 74
13702 73
13752 72
13794 73
13821 74
13827 75
13847 74
13851 73
13852 74
14002 75
14005 76
14016 75
14110 74
14142 75
14165 74
14222 75
14261 76
14275 77
14378 76
14382 75
14382 74
14413 75
14422 76
14472 77
14489 78
14492 77
14596 78
14610 79
14642 80
14646 79
14661 78
14662 77
14691 76
14695 76
14755 75
14763 76
14939 77
15011 76
15014 75
15025 74
15026 73
15026 72
15026 71
15026 70
15054 69
15091 68
15093 67
15118 66
15146 65
15248 64
15249 65
15251 66
15327 67
15357 68
15360 69
15454 68
15490 67
15491 66
15492 66
15494 67
15506 66
15506 67
15514 66
15551 67
15618 68
15622 69
15634 68
15686 69
15753 68
15792 69
15802 68
15826 69
15830 68
15852 69
15862 70
15863 69
15882 68
15888 69
15898 68
15898 67
15898 67
15903 68
15962 69
15988 70
15990 71
16082 72
16092 71
16109 70
16120 71
16166 72
16202 71
16205 70
16238 69
16248 70
16262 71
16279 70
16297 69
16318 70
16338 69
16350 68
16380 67
16397 68
16419 69
16442 70
16442 71
16445 70
16462 69
16501 70
16506 69
16513 68
16562 67
16563 66
16595 67
16602 66
16621 65
16695 64
16729 65
16738 64
16746 63
16746 64
16747 65
16747 66
16773 67
16810 68
16854 69
16937 70
16952 71
16966 72
16990 73
17002 74
17058 75
17089 74
17089 73
17158 74
17209 75
17222 74
17234 73
17286 72
17305 71
17311 72
17319 73
17321 74
17322 75
17342 74
17343 73
17350 74
17351 73
17369 72
17413 71
17454 72
17456 71
17461 71
17462 70
17539 71
17554 70
17564 71
17613 72
17663 73
17692 74
17697 73
17701 72
17712 71
17727 70
17741 71
17772 70
17870 69
17887 70
17894 69
17904 68
17905 67
17910 68
17926 69
17934 70
17978 71
18029 70
18033 71
18034 72
18060 71
18060 70
18082 71
18086 70
18138 69
18173 70
18214 71
18222 70
18234 69
18236 69
18265 70
18271 69
18272 68
18272 69
18315 68
18322 69
18324 68
18338 69
18404 68
18410 69
18419 68
18436 69
18446 70
18462 69
18474 68
18531 69
18647 68
18674 69
18684 70
18723 71
18730 72
18741 72
18741 71
18748 72
18749 71
18754 70
18760 71
18789 72
18854 71
18864 70
18887 69
18899 70
18939 71
18947 70
18961 69
18985 70
18987 71
19022 70
19030 71
19041 72
19094 73
19096 74
19106 73
19106 72
19110 71
19129 72
19134 73
19177 72
19198 73
19206 72
19206 72
19206 71
19207 70
19208 69
19210 68
19212 67
19221 66
19226 65
19319 64
19327 63
19330 62
19332 61
19334 62
19415 61
19486 62
19518 61
19537 62
19549 63
19570 64
19576 63
19579 62
19647 63
19664 64
19690 65
19702 64
19733 65
19735 65
19740 64
19742 63
19774 64
19786 65
19789 66
19794 65
19794 64
19818 65
19823 64
19826 63
19830 63
19831 63
19842 62
19857 63
19868 64
19878 65
19898 66
19901 65
19902 66
19906 65
19954 66
19954 67
19963 66
19978 67
19986 67
19989 68
19994 67
20036 68
20037 67
20038 66
20041 67
20052 66
20054 67
20059 67
20060 66
20080 67
20084 68
20166 67
20166 67
20169 68
20186 69
20231 68
20234 68
20235 69
20239 68
20244 67
20253 68
20269 67
20279 66
20293 65
20293 66
20326 65
20366 66
20403 67
20411 66
20478 67
20520 68
20536 69
20561 70
20561 69
20571 68
20590 67
20594 66
20628 67
20655 66
20664 65
20694 66
20706 67
20706 68
20734 69
20767 68
20769 69
20771 68
20778 67
20786 66
20836 67
20846 68
20854 67
20859 68
20889 69
20894 68
20903 67
20913 68
20922 68
20922 67
20930 67
20932 67
20973 68
20978 69
20978 70
20979 69
20981 70
20984 69
20998 68
20999 67
21058 66
21060 65
21086 64
21088 63
21091 64
21093 64
21097 65
21098 64
21099 63
21102 62
21113 61
21121 60
21169 61
21269 62
21338 61
21340 62
21344 61
21346 60
21350 60
21350 59
21351 58
21352 57
21352 56
21383 57
21394 58
21420 59
21426 60
21434 61
21456 60
21458 59
21461 60
21466 59
21470 60
21490 61
21539 61
21548 61
21550 61
21558 62
21560 63
21590 64
21614 65
21642 66
21728 67
21731 68
21742 67
21764 68
21771 67
21797 68
21803 67
21814 68
21830 69
21849 68
21859 69
21886 70
21904 69
21909 70
21911 69
22014 70
22029 69
22031 68
22031 67
22034 66
22046 65
22046 64
22055 65
22084 66
22117 65
22118 66
22124 67
22132 66
22153 67
22164 66
22167 65
22172 64
22175 65
22190 64
22191 63
22192 62
22195 61
22217 62
22220 63
22230 64
22256 65
22260 64
22262 63
22354 64
22427 65
22477 66
22487 67
22493 66
22524 67
22546 68
22557 69
22582 70
22602 71
22611 72
22658 73
22666 72
22669 73
22707 74
22743 75
22747 76
22750 75
22758 74
22809 75
22830 74
22865 75
22866 76
22868 75
22874 76
22875 75
22876 76
22881 77
22893 76
22914 75
22927 74
22944 73
22951 72
22955 71
23028 70
23032 71
23043 72
23047 73
23086 72
23100 73
23127 72
23285 73
23286 72
23289 73
23294 72
23306 71
23342 70
23395 71
23416 70
23417 69
23421 70
23445 69
23494 70
23497 69
23497 68
23497 67
23497 68
23501 67
23503 67
23503 66
23511 65
23518 66
23522 66
23522 65
23523 64
23526 63
23526 64
23564 65
23570 66
23606 67
23610 68
23616 67
23617 66
23618 65
23624 64
23686 65
23721 64
23768 65
23773 64
23808 65
23816 64
23824 64
23858 65
23867 64
23867 63
23867 62
23870 61
23894 60
23894 61
23894 60
23915 61
23927 60
23927 59
23978 60
23984 59
23991 60
23993 59
23994 58
24054 59
24067 58
24074 59
24074 58
24125 59
24126 58
24128 59
24130 60
24138 59
24138 58
24138 57
24143 58
24146 57
24154 56
24198 57
24211 58
24228 59
24252 60
24268 60
24282 61
24294 60
24329 61
24338 62
24354 61
24355 60
24356 59
24357 58
24374 59
24382 58
24382 57
24414 58
24442 59
24445 60
24453 61
24481 62
24487 61
24488 60
24493 59
24496 58
24510 57
24533 58
24547 59
24548 58
24554 59
24560 60
24565 60
24567 61
24568 62
24650 63
24658 62
24662 61
24662 60
24709 61
24719 62
24722 63
24730 62
24748 61
24768 62
24771 63
24774 64
24778 63
24791 64
24802 65
24818 64
24826 63
24834 64
24846 65
24858 66
24859 67
24859 68
24866 67
24885 68
24931 69
25032 68
25035 69
25038 70
25041 71
25042 70
25055 69
25066 70
25071 69
25085 68
25094 69
25129 70
25145 71
25158 72
25217 73
25236 72
25238 71
25258 72
25274 73
25278 74
25283 73
25301 72
25367 73
25406 74
25406 75
25406 76
25423 75
25451 76
25468 75
25534 74
25537 73
25563 74
25564 75
25565 74
25665 75
25668 76
25678 75
25727 76
25728 77
25737 76
25773 75
25782 74
25787 73
25791 72
25804 73
25883 74
25978 73
26010 74
26027 75
26045 74
26046 73
26050 74
26051 73
26145 74
26198 73
26257 74
26267 75
26396 76
26409 77
26429 76
26489 77
26555 78
26582 79
26611 78
26627 79
26698 80
26738 81
26807 82
26862 83
26890 82
26921 81
26998 82
27050 81
27060 80
27158 79
27160 78
27176 77
27322 76
27342 75
27361 74
27419 73
27439 74
27447 75
27494 76
27545 77
27608 78
27688 79
27807 80
27923 79
27946 80
27996 79
28063 78
28115 77
28118 76
28132 75
28142 76
28174 77
28202 76
28210 77
28213 76
28384 77
28454 78
28538 77
28546 76
28575 77
28643 78
28785 79
28844 78
28855 79
28858 80
29046 81
29051 82
29174 83
29227 82
29238 81
29278 82
29287 81
29457 82
29500 81
29501 80
29505 79
29506 78
29544 77
29638 78
29649 77
29862 78
29911 79
29920 78
29933 77
29941 76
30080 77
30081 78
30098 77
30105 76
30105 77
30123 76
30153 77
30162 76
30222 75
30235 76
30355 75
30386 76
30403 75
30425 76
30428 75
30444 74
30445 73
30445 74
30451 73
30453 72
30454 71
30470 71
30476 72
30477 71
30482 70
30508 71
30530 70
30538 69
30538 68
30583 69
30583 68
30595 67
30649 68
30690 69
30696 68
30828 69
30831 70
30840 69
30857 70
30899 69
30899 70
30939 71
30962 70
31014 71
31022 71
31025 72
31025 71
31027 70
31032 69
31032 68
31034 67
31035 66
31050 67
31126 66
31134 65
31134 64
31150 65
31151 64
31153 63
31192 64
31201 65
31205 66
31218 65
31221 66
31276 65
31291 64
31294 65
31331 66
31339 65
31346 64
31364 63
31368 64
31369 65
31390 64
31393 63
31426 62
31471 63
31482 64
31521 65
31535 66
31546 67
31575 68
31592 67
31615 68
31619 67
31632 68
31656 67
31730 66
31742 67
31747 68
31748 67
31751 67
31766 66
31778 67
31790 66
31819 67
31862 68
31896 67
31918 68
31951 69
31955 68
31958 69
31975 68
31982 67
32001 68
32009 68
32018 67
32018 68
32023 67
32023 66
32035 67
32043 68
32055 69
32057 68
32118 67
32118 66
32118 65
32119 64
32119 63
32130 62
32137 63
32143 64
32162 65
32162 66
32245 67
32246 68
32286 67
32290 66
32309 67
32330 68
32331 69
32334 68
32357 69
32467 70
32478 69
32501 68
32531 67
32550 68
32567 69
32606 70
32614 69
32614 68
32639 69
32682 68
32690 69
32692 70
32702 69
32702 68
32730 69
32766 70
32770 71
32788 72
32825 71
32850 72
32884 71
32897 70
32930 71
32933 72
32955 73
32958 74
32963 73
32965 72
32976 71
32986 70
32986 69
32986 70
33016 69
33086 70
33088 71
33094 70
33102 69
33106 68
33114 69
33122 68
33123 67
33159 68
33174 69
33201 70
33201 71
33249 70
33265 71
33276 70
33287 69
33346 70
33362 71
33379 70
33388 71
33394 70
33457 71
33479 70
33546 69
33564 70
33576 69
33623 70
33632 71
33649 70
33653 71
33653 70
33658 69
33678 70
33699 71
33714 72
33753 71
33767 70
33828 71
33832 71
33855 72
33903 71
33938 72
33950 73
33951 74
33975 75
33981 74
33984 75
33987 75
33987 74
33995 73
33996 74
34006 75
34017 74
34047 75
34126 74
34135 75
34138 74
34146 73
34146 72
34178 71
34178 70
34238 69
34246 68
34286 69
34415 68
34470 67
34475 68
34476 69
34480 70
34499 71
34501 70
34542 71
34562 70
34574 69
34610 70
34618 69
34676 70
34751 71
34765 72
34768 73
34777 72
34855 71
34861 70
34868 71
34878 70
34879 71
34882 72
34965 71
34995 72
35005 73
35061 74
35063 73
35091 72
35110 73
35114 72
35132 73
35139 72
35195 73
35197 74
35243 75
35252 76
35258 77
35263 76
35270 77
35394 78
35469 77
35490 78
35538 77
35674 76
35706 77
35782 78
35792 77
35794 76
35794 75
35795 74
35825 75
35833 76
35866 75
35891 76
35903 76
35917 75
35947 74
35950 73
35956 72
36095 73
36099 72
36100 71
36100 70
36115 71
36234 72
36234 71
36272 72
36288 72
36292 71
36295 70
36299 69
36307 68
36405 67
36410 68
36480 69
36492 68
36518 69
36574 68
36581 67
36582 68
36582 67
36583 66
36594 65
36598 66
36627 67
36646 66
36646 65
36646 64
36661 63
36662 64
36666 63
36667 62
36684 63
36710 64
36710 65
36749 66
36790 65
36804 66
36822 67
36830 66
36830 65
36831 64
36831 63
36848 64
36894 63
36896 62
36896 63
36904 62
36930 63
36993 64
37032 65
37059 64
37086 63
37166 64
37168 63
37179 62
37198 62
37216 63
37237 62
37247 63
37255 64
37256 65
37270 64
37270 63
37284 64
37329 63
37336 64
37346 63
37378 62
37410 63
37411 64
37441 65
37454 64
37490 65
37491 66
37494 67
37494 68
37510 67
37515 66
37516 65
37520 64
37574 65
37578 66
37581 67
37591 68
37670 69
37679 70
37690 69
37703 68
37726 69
37743 70
37743 71
37759 70
37759 69
37759 70
37779 69
37791 68
37794 69
37800 70
37802 69
37840 70
37859 69
37861 68
37872 67
37878 68
37900 67
37946 68
37946 69
37953 68
37958 69
37977 70
37990 69
37996 70
37998 69
38000 68
38012 69
38046 70
38048 69
38138 70
38179 69
38181 68
38194 69
38201 70
38214 69
38222 70
38242 69
38274 70
38308 71
38350 70
38366 69
38384 70
38412 69
38456 68
38465 69
38470 70
38476 69
38489 68
38506 69
38535 68
38540 69
38543 70
38560 69
38562 68
38610 67
38640 68
38652 69
38710 70
38754 71
38774 72
38790 71
38810 72
38832 71
38849 70
38870 71
38929 72
38945 73
38948 72
38972 73
38983 74
39002 75
39010 74
39016 73
39030 74
39070 75
39134 74
39188 73
39307 74
39354 73
39383 74
39423 75
39434 74
39453 75
39478 76
39482 77
39482 78
39566 79
39595 80
39600 81
39606 80
39607 79
39610 78
39610 78
39611 77
39612 76
39618 75
39618 74
39646 75
39710 74
39794 73
39795 72
39860 71
39876 72
39879 71
39888 71
39891 70
39891 71
39892 70
39894 69
39897 68
39902 67
39910 68
39975 67
39978 66
39981 65
40014 64
40106 65
40112 66
40112 65
40118 64
40119 63
40129 62
40300 63
40305 62
40327 63
40339 62
40347 63
40402 64
40402 65
40406 66
40409 65
40415 64
40415 63
40416 64
40448 65
40458 64
40458 65
40459 66
40466 65
40482 64
40494 65
40506 64
40549 65
40591 66
40598 65
40643 66
40680 65
40684 64
40691 65
40702 66
40706 67
40707 68
40725 67
40728 67
40730 68
40740 67
40755 68
40780 69
40793 68
40831 69
40871 70
40877 69
40906 68
40912 69
40987 68
40988 69
41006 70
41031 71
41055 72
41062 73
41070 72
41073 71
41100 70
41160 69
41163 70
41171 71
41171 70
41177 69
41251 70
41315 71
41338 72
41365 71
41426 70
41430 71
41435 70
41464 71
41528 72
41541 71
41590 70
41590 69
41636 70
41722 71
41743 72
41750 73
41754 72
41758 73
41770 73
41772 72
41781 73
41840 72
41848 73
41885 72
41890 71
41906 70
41910 69
41913 70
41917 69
41922 69
41931 69
41950 68
41970 69
41993 70
42005 69
42006 68
42009 67
42064 68
42073 69
42087 70
42099 71
42112 70
42118 71
42158 70
42174 71
42202 70
42238 71
42239 72
42329 73
42368 72
42372 73
42395 74
42410 73
42458 72
42499 73
42518 74
42639 73
42642 72
42662 73
42669 72
42673 71
42682 72
42683 73
42690 74
42690 73
42716 74
42723 73
42741 72
42773 71
42791 72
42823 73
42829 74
42837 73
42839 72
42842 71
42842 70
42843 69
42844 68
42846 68
42849 67
42849 66
42857 65
43028 64
43039 65
43096 64
43114 65
43115 66
43118 65
43122 64
43152 63
43162 62
43162 61
43167 62
43170 63
43183 62
43192 63
43198 62
43212 61
43216 62
43218 63
43222 64
43226 63
43246 62
43262 61
43270 60
43270 59
43306 60
43314 59
43337 60
43342 61
43394 62
43425 63
43433 64
43434 63
43468 62
43492 63
43495 62
43519 63
43525 62
43526 61
43528 62
43530 61
43531 60
43536 59
43541 58
43573 59
43579 60
43581 61
43585 62
43589 61
43590 62
43619 63
43674 64
43682 63
43714 64
43717 65
43740 64
43761 63
43769 64
43781 65
43785 64
43794 65
43801 64
43871 63
43910 64
43918 63
43918 62
43919 63
43919 62
43930 61
43994 61
43995 62
44054 61
44062 62
44067 63
44070 64
44070 65
44071 64
44074 63
44089 62
44097 63
44103 62
44107 61
44139 60
44147 61
44148 62
44152 63
44166 62
44172 61
44173 60
44179 61
44197 60
44206 59
44232 60
44316 61
44323 62
44338 63
44338 62
44338 62
44410 63
44420 62
44422 63
44436 63
44437 64
44439 64
44447 64
44518 63
44520 62
44528 61
44548 60
44549 59
44553 58
44575 59
44575 60
44635 61
44640 60
44643 61
44650 62
44659 63
44675 62
44681 61
44701 62
44729 63
44755 64
44812 65
44818 64
44831 65
44831 66
44832 65
44842 66
44850 65
44868 66
44902 65
44903 64
44910 65
44915 66
44918 65
44922 64
44981 65
45067 64
45070 65
45071 64
45090 65
45108 64
45120 63
45121 64
45142 65
45142 66
45158 67
45192 68
45216 69
45221 70
45221 71
45248 70
45249 69
45252 70
45252 69
45252 68
45257 68
45277 69
45285 70
45285 69
45286 68
45290 67
45294 68
45362 69
45363 70
45382 69
45402 70
45402 71
45478 70
45479 71
45498 72
45506 71
45524 72
45531 71
45534 70
45619 69
45635 68
45741 67
45751 66
45752 65
45786 66
45786 67
45787 68
45795 67
45817 68
45822 67
45822 66
45840 67
45861 66
45882 67
45918 66
45941 65
45966 66
46003 67
46006 68
46019 67
46026 66
46042 67
46046 68
46058 69
46066 68
46128 69
46164 68
46191 67
46208 68
46210 69
46266 70
46280 71
46294 72
46316 73
46337 74
46383 75
46386 74
46401 73
46416 74
46457 75
46513 76
46590 75
46598 76
46762 77
46770 78
46814 79
46842 80
47102 81
47103 80
47103 79
47107 78
47146 77
47149 78
47162 79
47165 78
47184 79
47386 78
47424 77
47624 78
47624 79
47633 80
47674 79
47677 78
47678 79
47736 80
47785 79
47801 78
47803 77
47872 76
47885 77
47912 78
48039 77
48121 78
48125 77
48128 76
48251 77
48254 76
48280 77
48313 78
48325 79
48387 78
48402 77
48419 78
48458 77
48523 78
48534 77
48564 78
48643 77
48664 76
48710 77
48734 76
48779 77
48789 76
48794 77
48861 78
48903 77
48994 76
49087 77
49119 78
49252 79
49314 80
49447 79
49500 78
49522 77
49537 78
49580 77
49586 76
49617 77
49631 76
49650 75
49734 74
49803 75
49850 76
49907 77
49934 78
49974 79
50009 80
50070 79
50106 78
50159 79
50268 80
50318 79
50374 80
50379 79
50385 78
50467 79
50502 78
50530 77
50598 76
50608 75
50622 76
50666 77
50756 78
50804 79
50843 78
50854 77
50854 78
50910 79
50930 80
50942 79
51005 78
51074 79
51124 78
51141 79
51177 78
51182 79
51218 78
51299 77
51420 78
51437 79
51443 80
51479 79
51565 78
51624 77
51726 76
51740 75
51770 76
51781 77
51805 76
51814 77
51823 76
51846 77
51917 76
51983 77
52003 76
52091 75
52100 76
52126 77
52158 78
52188 79
52224 78
52247 77
52283 78
52324 77
52361 78
52442 77
52480 78
52502 79
52534 80
52550 79
52664 80
52666 79
52700 78
52707 79
52817 80
52934 79
53036 80
53095 79
53118 80
53209 81
53222 80
53223 79
53262 80
53263 79
53310 80
53359 79
53401 78
53442 77
53450 78
53461 79
53474 78
53480 79
53523 78
53570 79
53585 80
53772 81
53796 82
53796 83
53834 84
53907 83
53950 82
53963 81
54003 82
54046 81
54090 80
54170 81
54205 80
54210 79
54275 78
54441 77
54480 76
54494 77
54530 76
54578 75
54602 76
54670 77
54742 76
54750 75
54754 76
54792 77
54797 78
55000 79
55006 80
55118 81
55186 80
55232 81
55295 82
55310 81
55358 82
55371 83
55377 84
55447 83
55491 82
55535 81
55535 80
55548 79
55638 78
55640 77
55643 76
55648 77
55683 76
55886 75
55931 76
55965 77
56089 78
56123 77
56243 78
56249 79
56263 80
56283 79
56414 80
56490 79
56498 78
56546 79
56562 80
56563 79
56577 80
56612 79
56630 78
56650 79
56758 80
56771 81
56796 80
56822 79
56835 78
56862 77
56916 76
56920 77
56950 78
56957 77
57014 76
57139 75
57149 74
57228 75
57236 76
57239 75
57350 76
57441 77
57479 78
57486 77
57515 78
57579 77
57614 78
57650 77
57656 78
57678 79
57762 80
57767 79
57778 78
57842 79
57976 80
57988 79
58004 78
58020 79
58070 80
58099 79
58110 78
58158 79
58223 78
58254 77
58288 76
58308 77
58318 76
58478 77
58508 76
58530 77
58593 78
58610 79
58626 78
58659 77
58694 78
58942 79
58969 80
58988 81
58992 80
59005 81
59031 80
59049 79
59063 78
59167 77
59182 76
59216 77
59302 78
59318 79
59402 78
59402 77
59430 76
59478 77
59574 76
59640 77
59646 78
59698 79
59736 80
59738 81
59738 80
59779 79
59818 80
59858 79
59861 78
59881 77
59941 78
59960 79
60054 80
60114 81
60118 80
60126 79
60133 78
60230 77
60242 78
60307 79
60322 78
60333 79
60455 80
60458 79
60485 78
60549 79
60628 80
60642 81
60680 80
60681 79
60682 78
60706 77
60722 78
61002 77
61006 76
61007 75
61042 76
61053 75
61055 74
61081 75
61090 74
61101 73
61110 74
61126 75
61211 74
61226 73
61248 74
61269 73
61290 74
61340 73
61358 74
61541 75
61594 76
61662 75
61669 74
61670 75
61675 76
61750 77
61844 76
61877 77
61929 78
61992 77
62064 78
62213 79
62215 80
62241 79
62265 80
62265 81
62268 80
62339 81
62374 82
62390 81
62447 82
62547 81
62671 80
62735 81
62772 82
62815 81
62819 82
63009 83
63091 84
63133 85
63151 84
63190 83
63224 84
63291 83
63416 82
63471 81
63523 80
63547 79
63556 78
63604 79
63708 80
63766 79
63826 78
63845 77
63874 76
63984 77
64051 78
64055 77
64085 78
64137 77
64188 76
64199 77
64204 76
64306 77
64333 76
64336 77
64392 78
64407 77
64516 78
64573 77
64622 78
64625 79
64633 78
64656 77
64766 76
64807 77
64809 76
64824 77
64907 78
64935 77
64969 78
64974 77
65079 76
65161 77
65173 78
65186 77
65219 78
65279 77
65307 76
65307 75
65307 76
65340 77
65382 78
65423 77
65457 78
65603 79
65639 78
65764 77
65814 76
65863 77
65921 76
66039 77
66115 76
66139 77
66178 78
66195 79
66225 80
66268 79
66289 78
66299 79
66362 80
66381 79
66500 78
66523 79
66575 78
66612 77
66665 76
66690 77
66752 76
66752 75
66752 76
66871 77
66878 78
66885 77
66908 78
66913 79
67085 80
67279 81
67383 80
67431 81
67495 82
67503 83
67530 82
67668 83
67691 82
67727 81
67746 80
67764 79
67767 78
67769 77
67879 76
67920 77
68135 76
68137 77
68169 76
68279 77
68328 76
68383 75
68475 76
68479 75
68479 74
68484 75
68510 76
68588 77
68612 78
68644 79
68650 78
68663 79
68768 78
68853 79
68866 78
68946 79
68972 80
68997 79
69034 80
69037 79
69041 78
69223 77
69291 76
69318 77
69398 76
69424 75
69450 74
69560 75
69578 76
69586 75
69622 76
69630 77
69731 76
69757 75
69763 74
69767 73
69899 74
69900 75
69901 74
69935 73
69955 74
70000 75
70001 76
70039 77
70056 76
70077 77
70139 76
70218 77
70278 78
70307 77
70475 76
70481 75
70497 74
70502 75
70510 74
70529 75
70555 74
70564 75
70571 76
70603 77
70631 78
70831 77
70844 78
70951 79
70975 80
70975 81
70979 80
71015 81
71035 80
71080 79
71083 80
71241 79
71249 78
71270 77
71303 76
71379 75
71391 74
71402 75
71454 74
71475 73
71476 72
71509 73
71573 74
71619 75
71644 76
71647 77
71665 76
71672 77
71700 78
71811 79
71820 78
71899 77
71988 78
72005 77
72015 78
72055 79
72062 80
72185 79
72275 80
72291 81
72304 82
72373 81
72468 80
72537 81
72683 80
72703 81
72732 80
72732 79
72747 78
72762 79
72818 78
72933 79
72943 78
72956 77
72969 76
73029 75
73066 74
73082 75
73099 76
73119 77
73121 78
73225 79
73275 80
73275 79
73319 78
73393 77
73451 76
73492 75
73515 76
73536 77
73574 76
73610 75
73660 74
73663 75
73684 74
73717 75
73729 76
73813 77
73847 76
73874 75
73880 76
73895 77
73967 78
73988 79
74004 78
74029 77
74070 76
74201 75
74211 74
74230 73
74281 74
74310 73
74316 72
74319 71
74353 72
74363 73
74363 74
74376 73
74427 74
74467 73
74511 72
74590 73
74624 74
74627 75
74683 74
74731 73
74753 74
74801 73
74806 74
74878 73
74899 74
74919 73
74945 74
74962 75
75007 76
75011 77
75075 78
75123 77
75192 78
75295 79
75299 80
75326 79
75423 80
75459 81
75479 82
75514 81
75523 80
75550 79
75588 80
75601 81
75636 80
75645 79
75708 78
75723 79
75772 78
75916 77
75953 78
75974 79
76161 80
76202 81
76251 80
76280 81
76324 80
76426 81
76525 80
76535 81
76554 82
76742 83
76762 82
76831 81
76966 80
76996 79
77026 78
77048 79
77103 78
77207 79
77330 78
77455 79
77496 78
77609 79
77611 78
77632 79
77691 80
77719 81
77747 82
77749 81
77778 80
77826 81
77879 82
77903 83
77904 82
77927 81
77940 82
78051 81
78064 82
78119 81
78120 80
78139 79
78140 78
78144 77
78230 78
78243 77
78435 76
78445 77
78514 76
78546 75
78552 74
78600 75
78628 74
78647 75
78672 74
78715 75
78817 76
78839 77
78871 76
78881 75
78904 74
78907 75
78996 76
79026 77
79043 76
79134 77
79158 78
79199 79
79244 78
79342 77
79374 78
79374 79
79395 78
79547 77
79602 76
79617 77
79619 76
79629 75
79642 74
79675 75
79691 76
79791 77
79839 76
79927 75
79939 76
79971 75
80003 74
80043 73
80061 74
80138 73
80153 72
80158 71
80164 70
80169 71
80202 72
80280 73
80295 74
80308 73
80313 72
80319 73
80332 72
80445 71
80463 72
80527 73
80555 74
80560 75
80619 76
80806 77
80825 78
80849 79
80907 78
80930 79
80957 80
80999 81
81019 80
81096 79
81118 80
81154 79
81172 80
81187 79
81279 78
81284 79
81318 78
81357 77
81451 76
81485 75
81545 76
81593 77
81738 76
81771 75
81814 74
81859 73
81874 74
81875 75
81885 74
81907 73
81982 74
82156 75
82161 74
82201 75
82280 76
82303 77
82338 78
82503 79
82571 80
82615 81
82634 80
82667 79
82763 78
82768 79
82780 80
82891 81
82933 80
82960 79
82967 78
82975 79
82987 78
83023 77
83044 76
83047 77
83070 78
83181 77
83339 76
83352 75
83443 76
83454 77
83473 76
83494 77
83522 78
83607 79
83610 78
83686 77
83687 78
83767 79
83767 78
83779 77
83845 76
83851 75
83881 76
83881 77
83951 78
84037 79
84116 80
84182 79
84240 78
84240 77
84304 78
84355 77
84363 78
84413 77
84420 76
84422 77
84466 78
84467 77
84606 78
84642 77
84676 78
84813 79
84816 78
84846 79
84862 78
84904 77
84909 76
84967 77
84976 78
85030 79
85031 78
85088 79
85119 80
85123 79
85179 78
85222 79
85223 80
85224 79
85331 78
85359 77
85451 78
85488 77
85527 78
85545 77
85597 76
85598 75
85687 74
85688 75
85699 74
85716 73
85732 72
85735 73
85764 74
85787 75
85868 74
85876 75
85946 74
85973 73
86076 74
86125 73
86141 74
86147 75
86157 76
86235 75
86241 76
86249 77
86264 76
86279 75
86312 74
86356 75
86364 74
86409 75
86491 76
86574 77
86625 78
86738 77
86759 76
86767 77
86774 78
86836 77
86866 76
87000 77
87054 76
87086 77
87105 78
87111 77
87178 76
87312 77
87331 78
87355 79
87389 78
87430 79
87564 80
87647 81
87703 82
87724 83
87757 84
87802 83
87872 84
87945 85
87961 84
87973 83
87974 82
88197 83
88208 82
88224 81
88286 80
88323 79
88323 78
88328 77
88363 76
88438 77
88463 78
88487 77
88525 76
88727 77
88747 76
88751 75
88752 76
88786 77
88789 76
88869 77
88876 76
88883 75
88922 76
88926 75
88941 74
88971 75
89028 76
89203 75
89248 76
89250 77
89251 78
89303 79
89307 78
89347 79
89376 80
89435 81
89525 80
89527 79
89576 80
89662 79
89675 80
89707 79
89708 78
89711 77
89721 76
89838 75
89847 76
90014 75
90083 74
90182 75
90183 74
90196 73
90205 72
90266 73
90312 74
90347 73
90361 74
90361 75
90363 76
90376 75
90378 75
90383 74
90385 73
90427 72
90431 73
90431 74
90470 75
90481 76
90535 77
90544 78
90552 79
90558 78
90578 77
90709 78
90727 77
90749 78
90762 79
90764 78
90770 77
90791 76
90795 75
90802 74
90823 75
90826 74
90843 73
90850 73
90863 72
90896 73
90931 72
90955 73
90967 74
91030 75
91061 76
91091 75
91111 74
91162 75
91333 76
91367 75
91425 74
91449 75
91454 76
91481 75
91483 74
91491 75
91523 74
91524 73
91592 74
91612 75
91638 76
91646 77
91655 78
91697 79
91717 80
91810 79
91822 80
91852 79
91879 78
91887 77
91916 76
91947 77
91969 76
91991 75
92037 74
92087 73
92091 72
92146 73
92149 74
92175 75
92186 76
92189 77
92202 77
92214 78
92226 77
92435 78
92492 79
92521 80
92556 79
92606 80
92609 81
92610 80
92640 79
92648 78
92670 77
92711 78
92760 79
92761 78
92763 77
92765 76
92766 75
92835 76
92919 77
92938 76
92963 75
92990 76
92999 75
93017 74
93069 75
93071 76
93085 75
93086 74
93090 74
93123 73
93132 72
93135 73
93246 74
93309 75
93345 74
93403 73
93431 72
93457 71
93477 70
93514 71
93536 70
93555 69
93603 70
93626 71
93626 72
93656 71
93659 70
93661 69
93675 68
93684 69
93756 68
93760 67
93813 68
93830 69
93835 70
93877 71
93949 72
93994 73
94004 72
94004 71
94005 70
94009 69
94011 69
94013 69
94015 70
94015 69
94034 68
94064 67
94069 68
94123 69
94128 68
94145 69
94151 70
94183 69
94213 70
94226 71
94226 70
94226 69
94229 68
94230 69
94235 70
94279 71
94287 72
94290 71
94305 70
94374 69
94471 68
94506 69
94528 70
94536 69
94545 68
94545 67
94546 68
94581 69
94583 68
94588 67
94591 68
94600 69
94611 68
94652 68
94711 67
94714 66
94757 65
94758 66
94767 67
94767 68
94795 68
94831 69
94839 68
94840 67
94842 67
94844 66
94847 67
94847 66
94854 65
94870 66
94934 67
94966 68
94975 69
94984 70
94988 69
95007 68
95015 69
95039 70
95054 71
95060 70
95110 69
95121 70
95132 69
95172 70
95189 71
95192 70
95205 69
95213 68
95218 69
95224 70
95226 69
95290 70
95330 71
95357 72
95386 71
95386 72
95391 71
95407 70
95407 69
95407 70
95407 69
95408 68
95411 67
95438 66
95459 67
95506 68
95571 69
95591 70
95644 71
95651 72
95707 71
95716 72
95727 73
95736 74
95746 73
95764 72
95811 73
95823 74
95832 73
95832 72
95832 71
95835 70
95880 69
95884 68
95900 69
95957 70
95959 69
95963 68
96001 69
96071 70
96078 69
96112 70
96120 69
96132 68
96152 69
96187 68
96191 68
96207 69
96215 68
96248 69
96290 70
96291 71
96322 72
96358 73
96373 74
96375 75
96376 74
96420 73
96431 74
96439 75
96511 76
96531 75
96531 74
96539 75
96563 74
96669 73
96729 72
96751 73
96752 72
96752 73
96758 73
96759 72
96759 71
96765 70
96769 70
96811 69
96823 70
96885 69
96891 68
96891 67
96899 66
96959 65
96975 66
97010 67
97040 68
97047 67
97076 68
97096 67
97103 68
97123 67
97131 66
97135 67
97142 68
97147 67
97148 66
97199 67
97226 68
97273 69
97281 70
97335 71
97335 72
97377 71
97380 72
97401 73
97439 74
97460 75
97460 76
97474 75
97501 74
97629 73
97636 73
97637 72
97638 71
97642 72
97647 73
97783 72
97787 73
97798 74
97803 74
97815 73
97815 72
97815 71
97815 70
97815 69
97829 70
97840 71
97891 72
97899 71
97899 71
97899 70
97966 69
97970 68
97975 69
97975 70
97983 69
97983 68
97986 69
97992 68
98063 69
98134 70
98139 70
98142 69
98145 68
98146 67
98154 66
98178 65
98180 64
98214 65
98226 64
98235 65
98235 64
98238 65
98241 64
98255 63
98264 62
98272 61
98275 62
98343 63
98369 64
98443 63
98443 63
98451 62
98474 61
98483 62
98507 63
98556 64
98558 63
98560 62
98608 63
98627 62
98629 61
98631 62
98664 63
98711 62
98713 61
98723 60
98730 61
98735 62
98743 63
98750 64
98754 63
98771 64
98811 65
98819 64
98821 63
98827 64
98864 65
98871 64
98875 63
98895 64
98947 65
98949 66
98989 67
98991 68
99005 67
99006 68
99039 69
99047 68
99118 67
99119 66
99130 67
99134 68
99167 69
99183 70
99221 71
99255 72
99341 71
99383 70
99389 71
99439 72
99445 71
99446 70
99447 69
99449 70
99490 71
99501 70
99527 71
99562 72
99593 71
99633 72
99635 73
99690 72
99709 73
99799 74
99803 75
99819 74
99835 73
99835 74
99849 73
99859 72
99860 73
99862 72
99974 73
99976 72
100008 73
100019 74
100053 73
100064 72
100123 71
100129 72
100211 71
100217 72
100226 73
100231 72
100239 73
100265 74
100324 73
100405 72
100494 73
100579 72
100600 71
100600 70
100602 69
100606 68
100613 69
100628 70
100649 71
100663 72
100678 73
100699 72
100703 73
100775 74
100817 75
100824 76
100884 77
100935 78
100955 77
100960 76
100981 75
101003 74
101017 75
101062 74
101093 73
101094 72
101173 73
101198 74
101199 75
101210 76
101213 75
101220 76
101232 75
101255 76
101263 77
101273 78
101283 77
101315 78
101322 77
101344 76
101475 77
101523 76
101587 77
101595 76
101646 75
101674 74
101699 73
101712 72
101768 73
101787 72
101791 73
101794 72
101841 73
101855 72
101883 71
101891 72
101949 71
102079 72
102106 73
102123 74
102137 75
102155 74
102160 73
102188 74
102296 75
102336 74
102336 75
102362 76
102375 75
102380 74
102411 73
102469 74
102486 75
102505 76
102554 77
102579 76
102597 77
102630 76
102686 77
102756 78
102779 77
102809 76
102844 75
102849 74
102850 73
102853 72
102855 71
102891 72
102947 73
102984 74
102994 73
103056 74
103074 73
103190 72
103191 73
103201 72
103211 73
103289 74
103305 73
103310 72
103329 73
103364 72
103380 73
103384 74
103397 75
103469 76
103490 75
103590 76
103688 75
103708 74
103713 75
103756 75
103761 74
103771 75
103837 76
103923 77
103974 78
104023 77
104067 76
104081 75
104096 76
104108 75
104111 76
104125 77
104252 78
104272 77
104277 78
104278 77
104279 76
104280 75
104311 74
104313 75
104318 74
104345 75
104451 74
104491 73
104539 74
104557 75
104566 74
104579 75
104585 74
104615 73
104633 74
104756 75
104804 76
104813 77
104820 78
104844 77
104870 76
104899 77
104915 76
104917 77
104971 76
104972 75
105047 76
105190 75
105191 74
105191 73
105221 72
105231 71
105242 72
105259 71
105281 70
105291 69
105351 68
105416 67
105424 68
105432 67
105435 66
105441 65
105442 64
105442 63
105443 64
105459 65
105459 66
105519 67
105519 68
105521 69
105546 68
105562 69
105567 70
105625 71
105681 72
105681 71
105686 72
105689 71
105693 70
105754 69
105781 70
105871 71
105896 72
105904 73
105907 73
105910 74
105953 75
105968 74
105972 73
105998 74
106013 73
106039 72
106043 71
106083 72
106103 73
106133 74
106206 75
106227 76
106239 75
106246 76
106250 77
106262 76
106286 75
106298 76
106303 75
106310 74
106356 75
106361 76
106365 75
106439 74
106566 75
106566 74
106619 73
106630 72
106652 73
106675 72
106693 71
106759 70
106763 71
106780 72
106787 73
106788 74
106800 75
106898 76
106937 77
106995 78
107049 79
107080 78
107138 79
107140 78
107150 77
107156 76
107195 75
107215 76
107243 77
107284 78
107395 79
107405 80
107418 79
107418 78
107420 77
107429 76
107431 75
107434 74
107436 73
107458 74
107458 74
107468 73
107527 72
107537 71
107668 72
107736 73
107760 74
107788 73
107882 74
107892 73
107951 74
107960 75
107970 74
107972 73
107978 72
107983 71
107994 70
108006 69
108007 68
108009 69
108042 70
108072 71
108103 72
108124 71
108153 70
108170 69
108179 70
108193 69
108209 70
108213 71
108218 70
108377 71
108386 70
108450 69
108523 68
108545 69
108547 70
108568 71
108570 70
108573 71
108579 70
108582 69
108606 70
108616 71
108619 70
108623 69
108663 70
108667 69
108678 69
108790 70
108839 69
108846 70
108850 69
108874 70
108878 71
108894 70
108896 70
108898 69
108899 68
108902 67
108921 66
108922 65
108948 64
108950 63
108952 62
108952 61
108966 61
108969 62
108971 61
108971 60
108971 60
109134 61
109175 62
109247 63
109251 62
109290 61
109306 62
109312 62
109315 62
109316 62
109317 62
109317 62
109318 61
109318 62
109319 62
109320 61
109325 60
109369 61
109383 62
109390 63
109395 64
109405 63
109451 64
109476 63
109518 64
109520 65
109527 66
109558 67
109563 68
109563 67
109602 66
109632 65
109640 66
109649 65
109705 66
109711 67
109743 68
109761 67
109767 68
109767 67
109777 66
109786 67
109793 68
109795 67
109799 68
109841 67
109841 68
109844 69
109854 70
109899 69
109906 70
109930 71
109935 70
109939 69
109939 68
110000 67
110019 66
110070 67
110143 68
110144 69
110147 68
110151 69
110151 68
110155 69
110163 68
110171 67
110171 66
110198 65
110227 66
110230 65
110231 64
110237 63
110271 64
110301 65
110322 66
110343 67
110347 68
110360 67
110363 66
110365 67
110382 66
110383 67
110383 68
110393 67
110400 66
110430 66
110432 67
110439 68
110507 69
110541 70
110551 71
110554 72
110583 71
110592 70
110639 71
110647 72
110666 71
110669 72
110675 73
110690 72
110709 71
110719 72
110721 71
110724 70
110727 69
110732 68
110747 67
110783 66
110799 67
110804 68
110861 69
110885 70
110887 69
110903 68
110929 67
110939 66
110961 67
110991 68
111018 69
111018 68
111027 67
111027 66
111044 67
111095 66
111098 67
111102 68
111104 69
111110 68
111165 67
111178 66
111191 67
111195 68
111219 69
111229 70
111236 71
111239 70
111242 69
111251 68
111251 67
111254 67
111265 68
111273 67
111276 66
111282 65
111319 66
111320 67
111320 68
111339 67
111339 66
111340 65
111345 64
111426 65
111475 66
111484 65
111565 66
111576 65
111577 64
111598 63
111606 62
111611 61
111625 62
111643 61
111651 62
111654 63
111696 63
111700 64
111707 63
111728 64
111756 65
111780 66
111789 65
111815 66
111821 65
111830 66
111864 67
111944 66
111945 67
111947 68
111970 67
111982 68
111999 67
111999 66
112053 67
112058 67
112061 66
112067 65
112069 66
112070 65
112074 64
112076 63
112099 64
112109 63
112116 62
112124 63
112126 62
112165 61
112167 62
112171 63
112192 62
112192 61
112201 62
112211 61
112232 62
112263 63
112270 64
112283 64
112358 63
112361 64
112363 65
112388 64
112405 65
112443 66
112446 67
112463 66
112492 65
112499 66
112527 67
112527 68
112560 67
112560 66
112561 66
112582 65
112583 65
112604 64
112625 65
112657 64
112693 65
112719 66
112748 67
112810 66
112838 67
112882 68
112884 69
112903 70
112920 71
112927 71
112938 72
112938 73
112960 72
112963 73
112983 72
112983 71
113022 72
113024 73
113032 74
113046 73
113075 74
113095 73
113135 72
113156 73
113166 73
113168 72
113168 71
113171 72
113184 71
113199 72
113207 71
113207 70
113211 71
113259 70
113260 69
113260 68
113271 67
113286 66
113327 65
113354 64
113430 63
113431 62
113433 61
113441 62
113483 61
113486 62
113492 61
113504 62
113595 63
113644 64
113654 63
113688 62
113694 63
113704 64
113716 65
113723 66
113755 67
113760 66
113763 66
113766 65
113772 64
113787 65
113807 64
113812 63
113827 64
113829 65
113855 66
113855 65
113883 66
113895 67
113909 66
113923 67
113923 68
114035 69
114036 70
114063 69
114091 70
114093 69
114098 70
114133 70
114135 71
114148 72
114190 71
114241 72
114243 73
114254 74
114263 73
114296 72
114306 73
114330 74
114337 75
114343 74
114380 75
114456 74
114464 73
114467 74
114472 73
114474 72
114475 72
114487 73
114487 72
114505 73
114527 72
114543 73
114554 74
114555 73
114642 74
114685 73
114702 72
114704 71
114710 72
114714 71
114721 72
114758 71
114782 72
114829 73
114844 74
114852 73
114864 72
114888 71
114902 70
114923 69
114942 70
115035 71
115045 72
115114 73
115173 74
115183 73
115255 74
115295 73
115355 74
115384 73
115411 74
115412 75
115412 74
115412 73
115413 73
115421 72
115422 71
115423 71
115430 70
115478 69
115492 70
115499 69
115512 68
115567 67
115573 68
115587 69
115601 68
115604 67
115605 68
115646 69
115652 70
115667 71
115683 72
115684 72
115751 73
115770 74
115795 73
115796 72
115850 73
115851 74
115875 75
115883 74
115887 73
115891 72
115893 72
115983 73
115994 72
115995 71
116038 72
116055 71
116091 70
116123 71
116169 70
116171 71
116178 72
116179 71
116225 72
116230 71
116313 72
116352 73
116353 72
116354 71
116363 70
116366 69
116439 70
116461 71
116471 70
116473 71
116473 70
116529 71
116535 70
116535 69
116568 70
116575 69
116651 70
116657 69
116695 70
116707 71
116711 72
116723 71
116737 70
116799 71
116803 70
116805 69
116807 70
116809 69
116812 68
116813 67
116814 66
116817 65
116820 65
116820 64
116831 65
116845 64
116855 63
116927 64
117004 65
117077 64
117096 64
117099 64
117102 64
117103 65
117104 65
117106 64
117108 65
117110 66
117117 65
117121 64
117147 63
117168 64
117218 65
117221 64
117229 63
117235 62
117372 63
117379 62
117384 61
117385 60
117385 59
117386 58
117395 59
117426 60
117457 61
117473 60
117476 59
117538 60
117561 61
117574 60
117583 61
117584 62
117620 63
117629 64
117633 64
117634 65
117640 66
117640 65
117641 65
117642 65
117647 66
117648 65
117649 64
117657 63
117662 62
117699 63
117717 64
117740 63
117760 64
117777 63
117788 64
117809 63
117819 64
117820 63
117821 64
117827 63
117828 62
117828 61
117828 60
117835 60
117861 59
117871 60
117879 61
117912 62
117919 61
117922 62
117937 61
117941 62
117943 61
117971 62
118029 61
118042 62
118047 61
118075 60
118079 59
118099 60
118104 61
118135 62
118138 63
118149 64
118153 65
118174 66
118175 67
118189 67
118198 68
118239 69
118251 70
118252 69
118255 68
118304 69
118307 69
118316 68
118364 69
118364 70
118378 71
118391 70
118393 69
118412 68
118471 69
118474 70
118476 69
118485 68
118500 69
118516 68
118524 67
118528 66
118529 65
118530 64
118533 63
118567 62
118575 63
118597 64
118605 63
118607 64
118607 63
118615 63
118643 64
118648 65
118651 64
118655 65
118655 64
118655 63
118660 62
118660 61
118668 60
118669 59
118704 60
118706 59
118707 59
118729 58
118731 59
118749 60
118767 61
118769 60
118795 61
118799 60
118799 59
118807 60
118815 59
118823 60
118844 61
118872 60
118897 59
118963 60
118971 60
118972 59
118972 58
118976 57
118985 58
118988 57
118991 58
118992 59
118998 58
119003 59
119003 58
119006 58
119009 57
119013 56
119014 55
119014 54
119017 53
119035 52
119053 51
119054 52
119058 53
119092 54
119097 55
119111 56
119113 56
119135 57
119143 58
119143 57
119152 58
119195 59
119199 58
119203 57
119203 56
119206 57
119271 58
119297 59
119302 60
119340 61
119375 60
119378 59
119395 58
119420 59
119431 60
119436 59
119439 58
119454 59
119482 60
119484 61
119487 62
119495 61
119496 60
119497 59
119506 58
119568 57
119579 56
119587 57
119619 58
119619 57
119635 56
119641 57
119655 56
119663 55
119664 55
119664 54
119675 53
119697 54
119705 55
119707 54
119712 54
119713 54
119715 55
119717 55
119719 54
119720 54
119723 53
119736 52
119756 53
119756 52
119757 53
119759 52
119762 51
119762 50
119763 49
119766 48
119771 49
119783 50
119791 51
119801 50
119802 49
119810 50
119822 49
119839 50
119850 49
119873 50
119876 51
119929 52
119930 53
119936 52
119937 52
119938 51
119939 50
119939 49
119944 48
119945 49
119948 49
119971 50
119982 51
120017 50
120051 51
120058 52
120064 52
120079 53
120087 52
120088 51
120088 50
120103 50
120104 51
120110 50
120119 51
120135 52
120142 51
120143 50
120151 51
120152 52
120153 52
120160 52
120162 52
120165 52
120166 52
120192 53
120207 54
120251 55
120253 56
120259 55
120262 56
120287 57
120304 58
120305 57
120312 57
120313 56
120314 55
120371 56
120382 55
120423 56
120424 57
120463 58
120527 57
120532 58
120535 59
120539 60
120545 59
120547 60
120548 61
120560 60
120583 59
120584 60
120587 59
120587 58
120595 57
120615 58
120631 57
120632 56
120632 55
120632 54
120632 53
120632 52
120633 53
120637 52
120638 53
120687 54
120693 53
120702 54
120708 55
120751 56
120751 57
120759 58
120764 57
120767 57
120768 56
120771 55
120807 56
120811 57
120831 56
120836 57
120841 56
120845 57
120851 56
120899 57
120908 56
120908 55
120909 54
120916 55
120918 56
120932 56
120939 57
120942 56
120950 57
120962 56
120986 57
121003 58
121012 57
121013 56
121015 55
121017 54
121035 55
121046 54
121051 54
121055 55
121055 54
121058 55
121063 56
121068 57
121080 58
121081 59
121123 60
121155 61
121164 62
121199 63
121211 62
121236 63
121255 62
121255 61
121255 60
121263 61
121271 60
121275 59
121336 60
121351 61
121388 62
121395 63
121397 64
121439 63
121443 62
121472 63
121507 64
121521 63
121559 64
121569 65
121574 66
121578 65
121579 64
121582 63
121587 64
121590 63
121591 64
121596 65
121599 66
121609 66
121610 65
121619 66
121654 67
121659 66
121673 67
121673 68
121675 67
121688 66
121700 67
121702 66
121735 67
121747 66
121754 65
121768 66
121775 65
121786 64
121792 63
121814 64
121873 65
121875 64
121884 63
121901 64
121908 63
121908 64
121983 65
122002 66
122102 67
122103 66
122128 65
122180 64
122220 65
122226 66
122232 67
122286 68
122347 67
122379 68
122390 69
122396 68
122406 67
122428 66
122488 65
122489 64
122493 65
122499 66
122519 67
122560 68
122563 69
122575 70
122603 71
122607 70
122632 71
122670 72
122671 73
122671 74
122682 73
122751 74
122753 73
122753 72
122754 71
122756 72
122759 71
122774 70
122863 71
122878 70
122890 71
122913 72
122950 71
122960 70
122962 71
122965 70
122983 71
123016 72
123056 73
123064 74
123068 73
123078 72
123125 73
123131 72
123138 71
123138 72
123142 71
123145 70
123175 69
123195 70
123227 69
123241 68
123265 69
123287 68
123292 67
123295 66
123301 67
123310 68
123358 69
123380 68
123430 69
123451 70
123517 69
123534 70
123534 69
123535 69
123536 68
123543 67
123562 68
123634 69
123651 70
123654 69
123659 68
123660 68
123675 69
123716 70
123720 69
123730 70
123744 71
123757 70
123758 69
123758 68
123759 67
123791 68
123830 69
123847 68
123935 69
123939 68
123984 69
123995 68
124027 67
124028 66
124044 67
124098 66
124102 67
124114 66
124123 65
124165 66
124170 67
124171 68
124180 69
124190 68
124197 69
124225 70
124250 71
124256 72
124259 71
124260 70
124260 69
124291 70
124299 69
124323 70
124331 69
124332 68
124353 69
124362 70
124399 69
124431 68
124431 69
124431 70
124439 69
124443 68
124444 67
124444 66
124490 65
124494 64
124495 65
124514 66
124555 67
124567 68
124584 69
124648 68
124680 69
124705 70
124715 69
124726 68
124761 69
124783 68
124799 69
124870 68
124871 69
124879 68
124880 67
124880 66
124895 67
124915 67
124918 66
124984 67
124992 66
125001 65
125023 66
125047 67
125051 66
125055 66
125056 65
125088 64
125176 65
125184 66
125184 65
125195 66
125198 67
125213 68
125214 67
125222 66
125255 67
125268 68
125276 67
125352 68
125371 69
125407 70
125415 69
125427 70
125429 71
125438 72
125442 71
125455 70
125466 69
125475 70
125483 69
125496 68
125508 69
125527 70
125555 71
125598 72
125611 71
125612 72
125627 71
125706 72
125712 73
125716 74
125719 75
125727 74
125728 73
125737 74
125741 75
125743 74
125791 75
125810 74
125841 75
125867 74
125878 75
125889 74
125936 73
125939 74
125991 75
126047 76
126187 75
126200 74
126215 75
126235 76
126243 77
126247 76
126247 75
126263 74
126294 73
126323 74
126395 75
126412 76
126439 77
126452 76
126467 75
126477 76
126575 75
126603 74
126626 73
126639 73
126644 74
126651 73
126659 72
126660 71
126681 72
126687 73
126719 72
126722 73
126819 74
126843 73
126855 72
126866 71
126919 70
126944 69
126956 70
126961 71
126983 72
127000 71
127009 71
127042 72
127056 73
127111 74
127114 73
127116 72
127117 71
127118 70
127119 69
127131 70
127238 69
127244 70
127339 71
127375 70
127381 69
127384 68
127387 67
127391 66
127396 67
127397 68
127403 67
127433 66
127451 67
127468 66
127471 65
127535 66
127564 67
127576 68
127587 69
127604 70
127619 69
127631 70
127634 71
127642 72
127652 71
127655 72
127680 71
127740 72
127748 73
127760 72
127766 71
127814 72
127817 71
127826 70
127886 71
127889 72
127906 73
127906 74
127928 73
127931 74
127933 74
127936 73
127957 72
127963 71
127971 72
128034 73
128057 72
128075 73
128114 72
128144 71
128176 70
128259 71
128276 70
128296 71
128298 70
128329 71
128398 72
128440 73
128479 72
128484 73
128523 72
128535 73
128575 74
128587 75
128660 76
128670 75
128671 75
128675 74
128687 75
128749 74
128775 75
128784 74
128784 73
128790 72
128803 73
128808 72
128844 71
128850 72
128906 73
128920 74
128954 73
128975 74
128999 73
129095 74
129118 75
129119 76
129128 77
129146 76
129150 75
129173 74
129188 73
129243 72
129262 73
129264 72
129282 71
129311 70
129324 69
129365 70
129372 71
129379 70
129380 70
129380 70
129386 69
129387 68
129393 67
129413 68
129429 67
129436 66
129455 67
129476 66
129560 65
129561 66
129567 65
129593 64
129672 65
129678 66
129727 67
129738 66
129738 67
129752 66
129761 67
129767 68
129769 69
129887 68
129888 67
129892 66
129902 67
129939 66
129943 65
129948 64
129949 64
129950 65
129954 64
129959 63
129959 62
129992 63
130007 64
130009 65
130018 64
130026 63
130042 64
130069 65
130070 66
130127 67
130129 68
130319 69
130320 70
130340 71
130368 72
130390 71
130425 72
130448 73
130456 74
130457 73
130458 74
130463 73
130469 72
130483 73
130517 72
130518 73
130528 72
130559 73
130592 74
130632 73
130662 74
130723 75
130747 76
130764 77
130812 78
130820 77
130844 76
130915 77
130960 76
130977 77
130993 76
131075 75
131133 76
131133 77
131174 76
131207 75
131242 76
131273 75
131328 74
131343 75
131353 74
131378 75
131429 76
131461 77
131472 78
131508 77
131513 76
131520 75
131592 76
131649 77
131663 78
131707 77
131728 76
131770 75
131787 76
131819 75
131863 76
131876 75
131882 74
131890 73
131904 72
131947 71
131956 70
131980 69
131990 70
132022 71
132052 72
132062 73
132144 74
132155 75
132193 76
132216 77
132242 76
132249 77
132297 78
132299 79
132376 80
132460 79
132460 78
132462 77
132462 78
132464 77
132467 76
132473 76
132476 77
132513 78
132543 77
132593 76
132624 75
132636 74
132653 75
132695 74
132697 73
132700 72
132746 73
132766 74
132783 75
132784 74
132871 75
133034 74
133050 75
133052 74
133070 73
133085 72
133129 73
133134 74
133163 75
133248 74
133259 75
133306 76
133341 77
133385 78
133492 77
133493 78
133623 77
133639 78
133659 79
133659 80
133684 81
133743 80
133747 81
133820 80
133821 81
133824 80
133859 79
133878 80
134016 79
134088 80
134097 81
134195 80
134241 79
134280 78
134281 77
134284 76
134316 75
134318 76
134456 77
134464 76
134468 75
134476 74
134498 75
134514 74
134525 75
134529 74
134538 75
134640 74
134680 75
134702 74
134709 73
134711 72
134797 73
134878 74
134892 75
134975 76
134992 75
135044 76
135085 77
135089 78
135124 79
135144 80
135221 81
135287 82
135354 81
135359 80
135361 79
135366 78
135366 77
135380 76
135418 75
135469 76
135529 75
135577 76
135632 77
135671 78
135719 77
135720 76
135760 75
135783 74
135812 75
135867 76
135867 77
135951 76
135981 77
136008 76
136038 77
136048 78
136080 77
136125 76
136146 77
136154 76
136164 75
136203 74
136221 73
136230 74
136238 75
136275 76
136316 75
136356 74
136364 73
136532 74
136540 75
136603 76
136676 77
136680 78
136831 77
136912 76
136976 77
136985 78
137042 79
137063 80
137104 81
137120 80
137135 81
137205 80
137304 81
137310 82
137454 81
137499 82
137500 81
137728 80
137740 81
137748 82
137841 81
137854 80
137854 79
137855 78
137857 79
137944 78
137950 77
137954 76
137981 77
138021 76
138021 75
138178 74
138193 75
138231 76
138236 75
138293 76
138329 77
138429 78
138561 77
138637 76
138736 77
138903 78
138912 77
138912 76
138917 77
138985 78
138985 79
138989 78
139014 79
139025 80
139039 81
139072 82
139174 81
139183 80
139239 79
139294 78
139317 79
139348 78
139350 77
139358 78
139417 79
139422 78
139494 77
139619 78
139646 77
139657 78
139708 77
139736 76
140028 77
140098 76
140099 77
140168 78
140216 79
140220 80
140223 81
140370 82
140465 81
140479 82
140496 83
140665 84
140767 83
140852 84
140853 83
140900 82
140981 81
141020 80
141055 79
141186 78
141246 77
141256 76
141348 77
141461 76
141510 75
141535 76
141537 77
141576 76
141602 75
141607 74
141675 75
141692 76
141704 77
141877 78
141920 79
141959 80
141960 79
141965 78
141969 77
142052 78
142056 77
142090 78
142257 79
142314 80
142354 81
142413 82
142477 81
142494 82
142592 81
142715 82
142736 81
142767 80
142782 79
142824 78
142900 79
142940 80
142942 79
143016 78
143081 77
143205 76
143228 77
143240 76
143420 77
143429 76
143606 75
143609 76
143628 75
143638 76
143707 75
143717 76
143725 77
143741 76
143751 77
143800 76
143860 77
143908 76
143949 75
143953 76
143962 77
144120 78
144193 79
144218 78
144220 77
144306 76
144376 75
144401 76
144408 77
144495 76
144520 77
144561 76
144599 77
144608 76
144653 75
144685 74
144782 73
144830 72
144853 73
144864 74
144912 73
144923 74
144932 75
144989 76
145064 77
145101 78
145174 79
145207 80
145209 79
145212 78
145219 79
145296 78
145304 79
145326 80
145368 79
145468 80
145529 79
145546 80
145590 81
145594 80
145675 81
145797 80
145801 81
145938 80
146110 79
146165 78
146264 79
146279 80
146319 81
146387 80
146389 81
146461 80
146536 79
146548 80
146640 79
146699 80
146748 79
146832 78
146993 79
147001 78
147008 79
147008 80
147056 79
147090 78
147098 79
147105 78
147112 79
147155 78
147190 77
147249 78
147280 77
147280 76
147332 77
147375 78
147376 77
147444 78
147463 77
147484 78
147540 79
147600 80
147608 79
147646 78
147700 77
147720 76
147746 77
147755 76
147780 75
147839 76
147859 75
147901 76
147905 75
147909 76
147916 77
147916 76
147936 75
147945 74
147970 75
148060 76
148135 75
148180 74
148191 75
148238 76
148242 75
148270 74
148281 73
148327 74
148359 75
148396 74
148404 75
148500 76
148512 77
148528 78
148528 79
148538 80
148624 81
148630 80
148669 81
148871 80
148894 79
148932 80
148939 81
148976 80
149043 79
149097 80
149132 79
149132 78
149180 77
149206 78
149248 77
149264 76
149264 75
149324 76
149360 75
149368 74
149429 73
149431 72
149504 73
149504 72
149546 73
149559 74
149578 75
149663 76
149710 77
149733 76
149825 75
149840 74
149848 75
149878 74
149912 73
149944 74
149962 73
149964 74
150004 73
150006 72
150019 73
150031 74
150052 75
150052 76
150083 75
150088 74
150093 75
150096 76
150227 77
150240 76
150388 77
150405 78
150436 79
150460 78
150472 77
150547 78
150575 79
150712 78
150813 77
150836 78
150863 77
150954 78
150978 77
150979 78
150986 77
151126 78
151135 77
151224 78
151240 79
151259 80
151266 81
151323 82
151350 81
151356 82
151358 81
151548 80
151579 81
151583 80
151592 79
151736 78
151780 79
151790 80
151965 81
151977 82
151984 81
152106 82
152137 83
152138 82
152200 81
152200 80
152311 79
152342 78
152436 79
152448 78
152519 79
152559 78
152645 79
152662 78
152684 77
152694 78
152710 77
152766 76
152772 77
152843 76
152918 75
152944 74
152948 75
153026 76
153066 77
153072 78
153085 79
153111 78
153156 79
153156 80
153212 79
153272 78
153299 79
153419 78
153474 79
153668 80
153673 79
153674 80
153725 79
153745 80
153780 79
153808 78
153812 77
153880 78
153919 77
153956 76
153958 75
153960 74
154012 75
154144 76
154224 75
154295 74
154302 75
154316 74
154336 75
154386 76
154412 75
154421 74
154425 75
154427 74
154450 75
154547 76
154563 77
154564 76
154570 75
154601 76
154637 77
154644 76
154767 77
154810 76
154838 75
154867 76
154974 75
154981 76
155016 77
155056 76
155064 77
155072 76
155074 77
155081 76
155234 77
155430 78
155446 79
155448 78
155492 79
155573 80
155579 81
155580 82
155601 83
155612 82
155620 81
155636 80
155648 79
155664 78
155668 77
155687 76
155753 77
155764 76
155807 75
155868 74
155939 75
155949 76
156050 75
156058 74
156077 75
156078 76
156173 75
156228 76
156244 77
156260 78
156343 77
156361 78
156383 79
156385 80
156456 79
156471 78
156495 77
156647 76
156657 75
156681 74
156712 75
156728 76
156757 77
156776 76
156821 77
156843 78
156915 79
156925 80
157139 81
157243 80
157297 79
157444 80
157586 79
157704 80
157775 81
157785 82
157844 83
157848 82
157867 83
157873 82
157888 81
157994 80
158023 79
158062 80
158091 79
158120 78
158156 79
158182 80
158242 79
158278 78
158366 79
158396 78
158399 77
158573 76
158574 77
158663 78
158688 79
158739 80
158772 79
158930 80
158950 81
158955 82
158960 81
159032 82
159118 83
159149 82
159158 81
159240 82
159260 81
159320 80
159335 79
159364 80
159570 79
159585 80
159624 79
159636 80
159721 81
159755 80
159758 79
159818 80
159981 81
160088 82
160130 83
160283 84
160484 83
160489 82
160564 81
160579 82
160621 81
160743 80
160762 81
160840 80
160845 79
160871 78
160872 79
160872 80
160957 79
160976 78
161072 77
161155 76
161204 75
161272 76
161272 77
161306 78
161451 79
161458 80
161532 79
161624 80
161643 81
161676 80
161715 81
161848 82
161855 83
161864 82
161878 81
161952 80
161968 81
162026 80
162053 81
162143 80
162200 79
162264 80
162280 79
162351 78
162407 77
162412 78
162596 77
162660 76
162680 75
162725 76
162797 77
162835 76
162884 77
162888 76
162948 75
162971 74
162995 75
163079 76
163104 75
163139 76
163154 77
163180 78
163220 79
163339 78
163346 77
163347 78
163401 79
163524 78
163537 79
163615 80
163649 79
163697 78
163825 79
163854 80
163863 79
163894 78
163944 77
163976 78
164070 79
164086 80
164103 79
164148 78
164148 77
164267 76
164302 77
164417 76
164477 77
164478 78
164519 77
164628 76
164641 77
164648 76
164692 77
164825 76
164828 77
164972 76
164977 77
165006 78
165008 79
165192 78
165195 77
165220 78
165220 79
165295 80
165388 79
165397 80
165577 79
165620 78
165673 77
165712 76
165764 77
165768 78
165821 77
165868 76
165895 77
165945 76
165947 75
165949 76
165974 77
166104 78
166253 79
166268 80
166294 81
166316 80
166357 79
166455 80
166468 81
166538 82
166648 81
166681 82
166701 81
166732 80
166929 79
167001 80
167046 79
167059 78
167106 79
167223 78
167272 79
167299 80
167396 81
167549 82
167594 81
167623 80
167776 79
167788 78
167822 79
167846 80
167893 81
168048 82
168049 81
168065 82
168099 81
168104 82
168190 81
168229 80
168336 79
168336 78
168338 77
168392 76
168430 75
168535 74
168553 73
168688 74
168780 75
168840 74
168846 75
168887 76
168913 77
168939 76
168966 77
168984 76
168996 77
169028 78
169044 79
169109 78
169118 79
169173 78
169413 77
169448 76
169507 77
169547 78
169604 79
169639 78
169642 77
169689 78
169696 77
169701 78
169747 79
169834 78
169840 79
169846 78
169876 77
169888 76
169938 77
169988 78
170012 77
170016 76
170069 77
170137 78
170142 79
170249 78
170252 79
170260 78
170268 77
170333 78
170359 79
170419 80
170526 81
170528 82
170560 81
170619 80
170641 79
170863 80
170874 79
170952 80
171029 81
171064 82
171238 83
171497 82
171541 83
171573 82
171615 81
171628 82
171638 83
171853 82
172113 81
172118 80
172133 79
172166 80
172236 79
172246 78
172249 77
172331 78
172389 77
172415 78
172472 77
172496 76
172580 77
172692 76
172707 75
172744 74
172771 75
172775 74
172798 75
172804 74
172818 75
172844 74
172888 75
172904 76
172908 75
172984 76
173044 77
173048 76
173118 75
173154 76
173227 75
173232 74
173232 75
173237 74
173288 75
173348 74
173357 75
173468 76
173470 77
173511 76
173520 77
173707 76
173708 77
173720 76
173725 77
173768 78
173874 79
173877 80
174002 79
174037 80
174050 81
174055 82
174089 81
174149 80
174185 79
174220 80
174250 79
174322 78
174441 79
174534 80
174598 81
174632 82
174656 81
174681 80
174681 81
174748 80
174800 81
174892 82
175050 81
175139 80
175180 81
175272 80
175297 79
175410 80
175416 81
175474 80
175496 81
175516 82
175517 83
175673 82
175710 81
175788 80
175842 79
175856 80
175943 81
175944 80
175944 79
176090 78
176105 77
176154 76
176171 77
176194 76
176238 77
176283 78
176313 77
176416 78
176583 79
176707 78
176710 79
176711 80
176782 81
176785 80
176828 79
176852 78
176855 79
176901 80
176949 81
177040 82
177060 81
177103 80
177157 79
177160 78
177168 77
177228 76
177236 75
177269 74
177332 73
177408 74
177416 73
177425 74
177523 73
177523 72
177536 71
177585 70
177612 71
177629 72
177667 73
177668 74
177779 75
177858 76
177860 75
177877 76
177886 77
177893 76
177933 77
177976 76
178048 77
178073 76
178086 77
178142 78
178206 77
178274 78
178294 77
178329 76
178356 77
178416 76
178425 75
178464 76
178530 75
178534 76
178550 75
178570 76
178663 77
178724 78
178763 79
178783 78
178785 77
178788 76
178820 77
178975 78
179021 79
179087 80
179088 79
179263 80
179352 79
179392 78
179445 79
179536 80
179548 81
179549 80
179551 79
179616 80
179640 79
179678 80
179691 81
179724 82
179735 83
179737 82
180022 81
180026 80
180026 79
180030 78
180031 77
180038 76
180045 75
180046 75
180047 74
180051 73
180114 72
180292 73
180356 74
180373 73
180374 72
180379 73
180384 72
180400 71
180472 72
180480 72
180483 71
180486 70
180488 70
180492 69
180515 70
180518 69
180522 68
180530 67
180536 68
180560 67
180600 68
180635 69
180646 68
180660 69
180663 68
180743 67
180753 66
180755 65
180767 66
180804 67
180812 66
180813 65
180819 64
180855 63
180856 63
180861 62
180918 63
180921 64
180924 63
180929 62
180956 61
180956 62
180964 61
180975 62
181024 63
181073 64
181082 63
181084 64
181115 65
181156 66
181157 67
181169 66
181175 65
181183 65
181230 66
181239 67
181249 68
181254 67
181266 66
181299 67
181368 68
181398 67
181401 66
181409 67
181413 68
181415 67
181456 66
181493 67
181495 68
181506 69
181560 70
181569 69
181604 70
181662 69
181671 70
181689 71
181712 72
181757 73
181774 74
181779 75
181791 74
181827 75
181835 76
181836 75
181837 75
181838 74
181840 73
181841 72
181845 71
181846 70
181868 71
181878 70
181887 71
181892 70
181894 69
181901 68
181903 67
181904 66
181926 67
181971 66
182014 67
182062 68
182066 69
182068 68
182078 67
182082 66
182094 67
182112 66
182144 65
182226 66
182258 65
182262 64
182282 65
182345 64
182350 65
182386 66
182419 67
182427 66
182433 67
182441 68
182442 67
182504 68
182522 69
182530 70
182534 69
182541 70
182572 71
182586 70
182589 69
182589 68
182591 67
182593 66
182617 65
182624 66
182633 65
182662 64
182668 65
182673 66
182682 65
182688 64
182689 64
182725 65
182744 64
182802 63
182815 64
182845 65
182901 64
182928 64
182928 63
182930 64
182936 65
182983 66
183051 65
183060 64
183065 65
183104 64
183104 63
183130 64
183134 65
183136 64
183165 65
183176 64
183177 65
183180 66
183194 67
183242 66
183245 67
183277 68
183277 67
183286 68
183286 67
183293 66
183300 66
183388 67
183395 66
183396 65
183396 64
183397 63
183397 62
183397 61
183424 62
183426 63
183431 62
183433 61
183433 61
183434 61
183434 61
183510 62
183514 61
183540 60
183552 61
183560 60
183573 61
183611 62
183614 61
183646 62
183656 63
183657 64
183685 65
183694 64
183705 63
183725 64
183746 65
183748 64
183752 63
183781 64
183809 65
183831 64
183833 63
183840 64
183840 65
183848 64
183848 63
183849 62
183859 63
183889 64
183896 63
183896 62
183919 61
183932 62
183940 61
183964 62
183973 61
183981 62
184070 63
184075 62
184088 63
184089 62
184096 61
184096 60
184114 59
184114 58
184135 59
184156 60
184167 61
184180 62
184180 63
184184 64
184188 65
184188 65
184198 66
184252 67
184287 68
184304 67
184306 66
184323 67
184364 68
184404 69
184406 70
184442 71
184447 70
184448 71
184457 70
184459 70
184496 71
184504 71
184504 70
184505 69
184584 70
184584 69
184590 70
184596 71
184604 72
184661 71
184673 70
184676 69
184676 68
184688 69
184696 68
184700 67
184705 66
184728 67
184732 66
184736 65
184736 65
184786 66
184797 67
184797 68
184818 69
184846 70
184859 69
184862 68
184928 67
184947 68
184956 67
184963 66
184964 67
184965 66
185004 67
185018 67
185040 66
185047 65
185107 66
185127 67
185138 66
185140 67
185163 66
185168 67
185180 68
185180 69
185206 70
185332 71
185340 70
185347 71
185357 70
185386 71
185456 72
185488 71
185528 70
185531 71
185531 70
185534 71
185540 70
185545 69
185568 70
185574 71
185574 72
185585 71
185646 72
185653 71
185718 72
185760 73
185761 74
185764 73
185792 72
185799 73
185910 72
185917 71
185992 72
185993 73
186000 74
186031 75
186040 74
186048 75
186079 74
186080 73
186084 72
186132 71
186133 72
186136 73
186143 72
186144 73
186145 72
186149 71
186151 70
186154 69
186158 68
186160 67
186196 68
186208 67
186210 68
186237 67
186268 68
186347 69
186370 70
186384 71
186428 70
186458 71
186460 72
186465 73
186471 72
186473 71
186496 70
186564 71
186573 70
186590 70
186637 69
186662 68
186685 69
186687 68
186764 69
186797 70
186823 69
186830 68
186844 69
186873 70
186893 71
186913 72
186925 73
186935 74
186940 75
186984 74
186986 75
187027 76
187117 77
187132 76
187144 75
187146 74
187196 75
187208 74
187290 73
187346 74
187379 75
187397 76
187401 75
187416 74
187418 74
187447 75
187463 76
187510 75
187511 76
187512 75
187513 76
187608 75
187624 74
187663 73
187715 72
187733 73
187793 72
187793 73
187800 72
187813 73
187834 72
187845 71
187846 71
187988 70
187993 71
188084 72
188133 73
188150 74
188211 75
188212 74
188212 74
188212 73
188212 72
188214 71
188221 70
188222 69
188228 68
188231 67
188259 66
188262 67
188368 66
188369 65
188373 66
188388 67
188434 68
188451 69
188477 68
188530 67
188541 68
188562 69
188565 69
188573 68
188573 67
188610 68
188632 67
188651 68
188663 67
188665 68
188718 69
188728 68
188732 67
188736 66
188756 65
188788 66
188800 65
188805 64
188812 63
188813 62
188836 63
188888 64
188970 65
188996 66
189000 67
189012 66
189013 65
189013 64
189025 63
189072 64
189073 65
189080 66
189093 65
189134 66
189197 67
189215 68
189215 67
189260 68
189285 69
189291 70
189303 69
189308 68
189311 68
189332 69
189337 70
189357 69
189368 70
189369 71
189384 72
189388 71
189388 72
189392 71
189393 70
189399 69
189442 70
189442 71
189455 70
189466 71
189494 70
189544 71
189629 72
189646 73
189698 74
189709 75
189724 76
189733 77
189736 76
189741 75
189748 74
189815 73
189849 74
189913 75
189956 76
189961 77
189961 76
189976 75
189977 74
189981 75
190028 76
190036 75
190036 74
190086 73
190098 74
190100 73
190119 72
190136 73
190137 74
190160 73
190222 72
190239 71
190271 72
190287 71
190341 72
190347 71
190348 70
190348 69
190350 68
190369 69
190379 68
190396 69
190532 70
190548 69
190552 68
190568 67
190568 66
190595 67
190595 66
190630 65
190670 66
190712 67
190771 68
190776 69
190780 70
190792 71
190808 72
190828 71
190839 70
190873 69
190876 70
190877 71
190885 72
190892 73
190893 72
190922 73
190940 72
190944 73
190972 74
191028 75
191057 76
191073 77
191075 76
191144 77
191160 76
191200 75
191244 74
191248 75
191252 76
191255 75
191298 76
191303 75
191315 76
191328 77
191362 76
191393 75
191443 74
191448 73
191451 72
191463 73
191498 74
191510 73
191555 74
191556 73
191562 74
191637 73
191743 74
191748 75
191779 76
191813 77
191817 76
191820 75
191888 74
191936 75
191963 74
192016 75
192035 74
192074 75
192080 74
192100 75
192101 74
192152 75
192199 76
192281 77
192284 76
192293 75
192297 76
192367 77
192380 76
192416 77
192481 78
192511 79
192515 78
192580 77
192720 78
192752 79
192850 80
192998 79
193007 78
193036 77
193059 76
193080 77
193100 78
193115 79
193121 80
193130 79
193244 78
193374 79
193437 78
193457 77
193469 76
193535 77
193576 78
193651 79
193676 80
193748 79
193791 78
193844 77
193853 78
193886 79
193920 78
194065 79
194074 80
194119 81
194121 80
194124 79
194184 80
194208 79
194243 80
194316 79
194338 80
194365 81
194408 80
194441 79
194441 78
194506 77
194525 76
194536 75
194685 76
194901 77
194944 76
195029 77
195071 78
195072 77
195080 76
195092 77
195093 76
195108 77
195148 78
195256 79
195326 78
195362 79
195364 80
195391 81
195400 80
195430 79
195461 78
195496 79
195644 80
195666 79
195704 78
195780 79
195812 80
195855 79
195874 80
195944 81
195956 80
195996 81
196050 82
196181 81
196348 80
196349 79
196349 78
196427 79
196464 80
196492 81
196752 82
196890 83
196917 82
196969 81
197001 82
197105 81
197105 80
197116 79
197195 78
197199 77
197204 76
197271 77
197316 76
197319 75
197383 74
197415 73
197572 72
197581 73
197713 74
197727 75
197833 74
197852 75
197864 76
197865 77
197907 76
198063 75
198099 76
198101 75
198116 76
198129 77
198154 78
198319 79
198323 80
198381 81
198445 82
198504 81
198590 82
198614 81
198711 80
198758 79
198779 78
198881 79
198927 78
