52347 1
53282 2
54784 3
55296 4
55676 5
56188 6
56325 7
57960 8
58089 9
58099 10
58363 11
58828 12
59130 13
59986 14
59992 15
59992 16
60649 17
60650 18
60654 19
60655 20
60658 21
61043 22
61127 23
61230 24
61335 25
61407 26
61409 27
61478 28
61488 29
61721 30
61726 31
61783 32
61873 33
61875 34
61950 35
61954 36
61958 37
61960 38
62243 39
62246 40
62319 41
62321 42
62321 43
62322 44
62324 45
62330 46
62334 47
62335 48
62377 49
62378 50
62402 51
62403 52
62420 53
62576 54
62582 55
62605 56
62618 57
62619 58
62742 59
62843 60
62880 61
62888 62
62899 63
62908 64
62921 65
63030 66
63055 67
63086 68
63154 69
63157 70
63471 71
63476 72
63529 73
63621 74
63703 75
63705 76
63708 77
63711 78
63715 79
63717 80
63720 81
63755 82
63758 83
63761 84
63843 85
63843 86
63912 87
63919 88
64076 89
64208 90
64258 91
64275 92
64280 93
64282 94
64282 95
64296 96
64350 97
64357 98
64471 99
64474 100
64475 101
64480 102
64503 103
64512 104
64610 105
64696 106
64696 107
64787 108
64787 109
64787 110
64874 111
64942 112
64942 113
64943 114
64943 115
64946 116
64950 117
64964 118
65124 119
65125 120
65236 121
65242 122
65244 123
65246 124
65246 125
65321 126
65329 127
65330 128
65366 129
65388 130
65403 131
65452 132
65455 133
65456 134
65459 135
65462 136
65499 137
65603 138
65604 139
65616 140
65617 141
65683 142
65736 143
65821 144
65821 145
65822 146
65842 147
65863 148
65870 149
65918 150
65918 151
65927 152
65991 153
66061 154
66262 155
66266 156
66267 157
66276 158
66279 159
66284 160
66306 161
66332 162
66335 163
66339 164
66379 165
66379 166
66423 167
66438 168
66440 169
66531 170
66601 171
66653 172
66663 173
66665 174
66666 175
66676 176
66762 177
66762 178
66802 179
66867 180
67041 181
67043 182
67051 183
67051 184
67099 185
67106 186
67187 187
67196 188
67196 189
67201 190
67206 191
67235 192
67330 193
67430 194
67438 195
67442 196
67458 197
67460 198
67471 199
67491 200
67491 201
67505 202
67516 203
67627 204
67655 205
67667 206
67671 207
67680 208
67815 209
67860 210
67936 211
67939 212
67999 213
68037 214
68075 215
68076 216
68076 217
68077 218
68131 219
68131 220
68131 221
68131 222
68221 223
68235 224
68267 225
68267 226
68283 227
68307 228
68413 229
68430 230
68458 231
68459 232
68459 233
68459 234
68502 235
68515 236
68571 237
68794 238
68842 239
68847 240
68906 241
68907 242
68912 243
68915 244
69164 245
69223 246
69228 247
69244 248
69378 249
69591 250
69647 251
69727 252
69727 253
69727 254
69797 255
69811 256
70100 257
70100 258
70100 259
70257 260
70260 261
70275 262
70413 263
70414 264
70567 265
70579 266
70588 267
70703 268
70703 269
70703 270
70703 271
70731 272
70732 273
70953 274
71003 275
71016 276
71084 277
71183 278
71375 279
71375 280
71566 281
71574 282
73209 283
73646 284
74747 285
74827 286
75480 287
75482 288
75486 289
75508 290
75508 291
75645 292
76135 293
76487 294
76489 295
76641 296
76647 297
91077 298
91518 299
91519 300
91527 301
91583 302
92228 303
92935 304
93306 305
93682 306
93890 307
96478 308
96611 309
115806 310
116051 311
116415 312
116415 313
116797 314
116798 315
116802 316
116808 317
117122 318
117131 319
117159 320
117208 321
117308 322
117740 323
117938 324
118097 325
118118 326
118216 327
118217 328
118222 329
118222 330
118224 331
118224 332
118302 333
118723 334
118723 335
118817 336
118817 337
118822 338
118883 339
118883 340
118884 341
118895 342
118910 343
118922 344
118926 345
118954 346
118955 347
119082 348
119083 349
119142 350
119146 351
119176 352
119194 353
119214 354
119276 355
119307 356
119337 357
119533 358
119535 359
119541 360
119542 361
119559 362
119559 363
119563 364
119721 365
119730 366
119747 367
119803 368
119803 369
119815 370
119870 371
120067 372
120091 373
120123 374
120139 375
120167 376
120171 377
120179 378
120227 379
120239 380
120420 381
120487 382
120503 383
120508 384
120543 385
120544 386
120763 387
120764 388
120847 389
120855 390
121018 391
121018 392
121018 393
121090 394
121190 395
121223 396
121224 397
121228 398
121244 399
121255 400
121393 401
121672 402
121682 403
121750 404
121755 405
121760 406
121770 407
121770 408
121770 409
121797 410
121831 411
121831 412
122294 413
122295 414
122331 415
122413 416
122546 417
122700 418
122750 419
122806 420
122939 421
123061 422
123062 423
123066 424
123073 425
123075 426
123112 427
123341 428
123347 429
123349 430
123349 431
123354 432
123355 433
123402 434
123453 435
123464 436
123481 437
123839 438
123852 439
123862 440
123863 441
123895 442
123901 443
123915 444
124047 445
124069 446
124114 447
124116 448
124127 449
124209 450
124213 451
124262 452
124268 453
124704 454
124710 455
124766 456
124877 457
124880 458
124882 459
124889 460
124916 461
125044 462
125045 463
125102 464
125218 465
125272 466
125275 467
125275 468
125281 469
125281 470
125281 471
125288 472
125413 473
125488 474
125553 475
125562 476
125827 477
125830 478
125832 479
125832 480
125836 481
125838 482
125839 483
125839 484
125924 485
125958 486
126059 487
126127 488
126129 489
126131 490
126269 491
126269 492
126312 493
126312 494
126313 495
126343 496
126469 497
126498 498
126507 499
126511 500
126563 501
126564 502
126564 503
126564 504
126675 505
126675 506
126758 507
126827 508
126871 509
127084 510
127254 511
127278 512
127279 513
127335 514
127403 515
127404 516
127404 517
127610 518
127615 519
127617 520
127621 521
127731 522
127732 523
127829 524
127886 525
127923 526
127991 527
128007 528
128012 529
128196 530
128267 531
128474 532
128487 533
128490 534
128499 535
128503 536
128943 537
128985 538
129317 539
129386 540
129497 541
129505 542
129629 543
129629 544
129633 545
129634 546
129637 547
129699 548
129700 549
129700 550
129754 551
129862 552
129988 553
129988 554
129993 555
130027 556
130065 557
130068 558
130404 559
130404 560
130495 561
130755 562
131059 563
131115 564
131195 565
131359 566
131428 567
131479 568
131483 569
131839 570
131911 571
132155 572
132795 573
133141 574
133143 575
133499 576
133512 577
133849 578
134595 579
134665 580
135081 581
135452 582
135455 583
136121 584
138563 585
138890 586
160595 587
161393 588
161401 589
