23624 1
38163 2
38168 3
38476 4
38480 5
38481 6
38485 7
38486 8
38928 9
38934 10
38935 11
38939 12
39085 13
39089 14
39187 15
39192 16
39365 17
39415 18
39450 19
39457 20
39458 21
39462 22
39531 23
39646 24
39654 25
39822 26
40111 27
40444 28
40448 29
40451 30
40644 31
40778 32
41037 33
41265 34
41270 35
41272 36
41273 37
41275 38
41276 39
41289 40
41509 41
41509 42
41598 43
41600 44
41843 45
41845 46
41937 47
41940 48
41941 49
42045 50
42045 51
42045 52
42046 53
42102 54
42107 55
42197 56
42215 57
42218 58
42307 59
42307 60
42308 61
42311 62
42313 63
42340 64
42417 65
42553 66
42561 67
42733 68
42829 69
42829 70
42829 71
42834 72
42850 73
42853 74
42925 75
42984 76
42985 77
42990 78
42990 79
43052 80
43101 81
43193 82
43289 83
43289 84
43289 85
43377 86
43377 87
43459 88
43462 89
43466 90
43471 91
43475 92
43641 93
43645 94
43645 95
43646 96
43652 97
43653 98
43721 99
43762 100
43767 101
43768 102
43771 103
43772 104
43833 105
43833 106
43833 107
43838 108
43880 109
43880 110
43892 111
43892 112
43892 113
43987 114
44075 115
44097 116
44160 117
44169 118
44169 119
44201 120
44219 121
44373 122
44382 123
44386 124
44388 125
44389 126
44389 127
44409 128
44533 129
44542 130
44544 131
44642 132
44745 133
44754 134
44764 135
45010 136
45013 137
45013 138
45070 139
45076 140
45078 141
45081 142
45081 143
45141 144
45265 145
45268 146
45270 147
45270 148
45273 149
45385 150
45385 151
45387 152
45389 153
45453 154
45646 155
45646 156
45833 157
45883 158
45905 159
45906 160
45908 161
45912 162
45970 163
46033 164
46204 165
46494 166
46497 167
46684 168
46687 169
46875 170
46916 171
46916 172
47088 173
47244 174
47347 175
47355 176
47540 177
47544 178
47657 179
47667 180
47671 181
47897 182
47897 183
48000 184
48006 185
48163 186
48332 187
48383 188
48392 189
48394 190
48421 191
48521 192
48521 193
48524 194
48526 195
48528 196
48528 197
48528 198
48626 199
48641 200
48706 201
48771 202
48776 203
48795 204
48929 205
48933 206
48933 207
48933 208
48934 209
48934 210
48938 211
48975 212
48985 213
49177 214
49177 215
49194 216
49196 217
49245 218
49245 219
49246 220
49402 221
49403 222
49425 223
49455 224
49524 225
49530 226
49541 227
49645 228
49681 229
49746 230
49754 231
49758 232
49761 233
49785 234
49789 235
49792 236
49799 237
49853 238
49858 239
49884 240
49886 241
49925 242
50045 243
50056 244
50114 245
50115 246
50117 247
50118 248
50217 249
50247 250
50250 251
50258 252
50357 253
50357 254
50426 255
50436 256
50437 257
50486 258
50563 259
50617 260
50729 261
50740 262
50749 263
50781 264
50797 265
51066 266
51113 267
51113 268
51184 269
51186 270
51189 271
51193 272
51261 273
51390 274
51425 275
51425 276
51426 277
51459 278
51461 279
51501 280
51515 281
51516 282
51516 283
51517 284
51521 285
51524 286
51524 287
51533 288
51645 289
51645 290
51646 291
51649 292
51656 293
51657 294
51659 295
51663 296
51729 297
51826 298
51857 299
51861 300
51866 301
51942 302
51996 303
51999 304
52017 305
52017 306
52017 307
52078 308
52378 309
52381 310
52441 311
52501 312
52501 313
52502 314
52624 315
52627 316
52677 317
52677 318
52678 319
52741 320
52754 321
52869 322
52941 323
52941 324
53021 325
53108 326
53217 327
53221 328
53442 329
53477 330
53705 331
53721 332
53729 333
53730 334
53889 335
53977 336
54093 337
54247 338
54254 339
54341 340
54341 341
54353 342
54357 343
54466 344
54466 345
54467 346
54538 347
54617 348
54726 349
54854 350
54862 351
54862 352
54866 353
54867 354
54875 355
54933 356
55153 357
55557 358
55609 359
55613 360
55885 361
55913 362
55981 363
55982 364
56145 365
56146 366
56146 367
56255 368
56256 369
56258 370
56260 371
56264 372
56265 373
56265 374
56376 375
56461 376
56461 377
56473 378
56585 379
56586 380
56586 381
56636 382
56790 383
56969 384
57097 385
57100 386
57107 387
57153 388
57210 389
57361 390
57524 391
57602 392
57604 393
57789 394
57789 395
57790 396
57801 397
57828 398
57829 399
57829 400
57830 401
57901 402
57976 403
57987 404
58166 405
58170 406
58458 407
58458 408
58551 409
58585 410
58585 411
58597 412
58608 413
58668 414
58681 415
58933 416
58933 417
58934 418
58934 419
58946 420
58969 421
59024 422
59139 423
59251 424
59325 425
59366 426
59369 427
59393 428
59547 429
59593 430
59793 431
59793 432
59802 433
59805 434
59811 435
59826 436
59834 437
59973 438
59973 439
59973 440
59974 441
59974 442
59974 443
59977 444
59978 445
59995 446
60145 447
60157 448
60157 449
60158 450
60337 451
60447 452
60448 453
60515 454
60517 455
60520 456
60521 457
60525 458
60528 459
60529 460
60529 461
60530 462
60530 463
60541 464
60543 465
60545 466
60547 467
60547 468
60549 469
60682 470
60787 471
60820 472
60853 473
60868 474
60869 475
60872 476
60872 477
60873 478
60893 479
60896 480
60939 481
61004 482
61049 483
61090 484
61108 485
61117 486
61119 487
61120 488
61123 489
61123 490
61125 491
61125 492
61127 493
61137 494
61326 495
61392 496
61501 497
61502 498
61506 499
61508 500
61576 501
61576 502
61578 503
61582 504
61830 505
61838 506
61841 507
61842 508
61843 509
61849 510
61854 511
61865 512
61871 513
61929 514
61996 515
62002 516
62250 517
62251 518
62260 519
62381 520
62407 521
62411 522
62414 523
62594 524
62603 525
62645 526
62719 527
62732 528
62741 529
62756 530
62759 531
62773 532
62850 533
63205 534
63239 535
63268 536
63295 537
63347 538
63432 539
63514 540
63570 541
63576 542
63579 543
63580 544
63647 545
63702 546
63709 547
63711 548
64006 549
64040 550
64185 551
64185 552
64203 553
64208 554
64214 555
64219 556
64257 557
64482 558
64577 559
64693 560
64701 561
64701 562
64782 563
64798 564
64912 565
65033 566
65117 567
65117 568
65118 569
65118 570
65147 571
65162 572
65163 573
65163 574
65227 575
65227 576
65240 577
65292 578
65642 579
65677 580
65681 581
65706 582
65784 583
65794 584
65874 585
65879 586
65880 587
65913 588
65917 589
66081 590
66081 591
66217 592
66217 593
66249 594
66256 595
66257 596
66259 597
66265 598
66395 599
66400 600
66403 601
66409 602
66486 603
66488 604
66492 605
66497 606
66498 607
66505 608
66506 609
66511 610
66519 611
66528 612
66638 613
66657 614
66661 615
66773 616
66792 617
66806 618
66871 619
66890 620
66894 621
66914 622
66917 623
67073 624
67073 625
67073 626
67161 627
67364 628
67397 629
67406 630
67447 631
67507 632
67603 633
67652 634
67655 635
67657 636
67659 637
67659 638
67660 639
67660 640
67663 641
67664 642
67709 643
67726 644
67801 645
67844 646
67847 647
67850 648
67961 649
68000 650
68140 651
68142 652
68144 653
68145 654
68147 655
68310 656
68368 657
68372 658
68396 659
68495 660
68509 661
68541 662
68557 663
68567 664
68574 665
68599 666
68689 667
68785 668
68786 669
68786 670
68790 671
68888 672
68889 673
68892 674
68893 675
68898 676
68903 677
68906 678
68957 679
68965 680
68984 681
69062 682
69062 683
69066 684
69069 685
69154 686
69245 687
69298 688
69421 689
69440 690
69441 691
69444 692
69464 693
69645 694
69695 695
69695 696
69695 697
69697 698
69698 699
69826 700
69865 701
69866 702
69917 703
69918 704
69930 705
69931 706
69959 707
69967 708
69983 709
70021 710
70043 711
70050 712
70051 713
70061 714
70062 715
70065 716
70172 717
70175 718
70213 719
70481 720
70653 721
70654 722
70654 723
70656 724
70753 725
71026 726
71067 727
71133 728
71134 729
71170 730
71175 731
71181 732
71182 733
71182 734
71544 735
71555 736
71628 737
71630 738
71700 739
71800 740
71874 741
71877 742
71878 743
71878 744
71885 745
71889 746
71942 747
71947 748
71954 749
71957 750
72187 751
72189 752
72217 753
72228 754
72449 755
72570 756
72582 757
72603 758
72633 759
72645 760
72646 761
72648 762
72752 763
72792 764
72793 765
72866 766
72874 767
72876 768
72994 769
73189 770
73320 771
73322 772
73338 773
73674 774
73741 775
73811 776
73824 777
73938 778
74098 779
74318 780
74438 781
74822 782
75069 783
75070 784
75108 785
75347 786
75451 787
75761 788
75772 789
76701 790
76706 791
76710 792
76930 793
77192 794
77287 795
77882 796
77884 797
78137 798
79062 799
79090 800
79650 801
79890 802
80262 803
80465 804
80466 805
80630 806
80637 807
80639 808
80643 809
80816 810
80990 811
81165 812
81172 813
81246 814
81349 815
81407 816
81411 817
81420 818
81674 819
81674 820
81674 821
81674 822
81674 823
81772 824
82046 825
82294 826
82322 827
82332 828
82332 829
82336 830
82344 831
82345 832
82362 833
82362 834
82362 835
82514 836
82650 837
82707 838
82707 839
82841 840
82846 841
82862 842
82965 843
82970 844
82972 845
82976 846
82976 847
83202 848
83210 849
83225 850
83463 851
83471 852
83527 853
83731 854
83745 855
83755 856
83755 857
83760 858
83857 859
84176 860
84179 861
84213 862
84337 863
84392 864
84442 865
84448 866
84522 867
84543 868
84806 869
84848 870
85143 871
85845 872
86319 873
86328 874
86679 875
86681 876
86830 877
86845 878
86847 879
86851 880
86856 881
92386 882
96087 883
98270 884
98272 885
99190 886
99190 887
99366 888
99367 889
99462 890
99462 891
99462 892
99462 893
99462 894
99533 895
99533 896
99537 897
99731 898
99736 899
99830 900
99958 901
100054 902
100069 903
100088 904
100088 905
100286 906
100286 907
100289 908
100292 909
100326 910
100422 911
100422 912
100442 913
100442 914
100470 915
100576 916
100658 917
100690 918
100738 919
100760 920
100774 921
100824 922
100850 923
100942 924
101046 925
101102 926
101111 927
101111 928
101286 929
101286 930
101307 931
101307 932
101310 933
101345 934
101346 935
101347 936
101373 937
101486 938
101581 939
101581 940
101587 941
101591 942
101593 943
101593 944
101673 945
101703 946
101734 947
101774 948
101884 949
101886 950
101887 951
102016 952
102058 953
102063 954
102074 955
102074 956
102086 957
102093 958
102095 959
102374 960
102378 961
102382 962
102392 963
102434 964
102439 965
102439 966
102469 967
102506 968
102506 969
102506 970
102588 971
102588 972
102590 973
102591 974
102593 975
102593 976
102594 977
102596 978
102597 979
102597 980
102599 981
102601 982
102793 983
102889 984
102890 985
102891 986
102894 987
102894 988
102898 989
102938 990
102938 991
102967 992
103017 993
103046 994
103048 995
103177 996
103258 997
103273 998
103310 999
103344 1000
103389 1001
103402 1002
103410 1003
103503 1004
103712 1005
103718 1006
103718 1007
103747 1008
103754 1009
103823 1010
103838 1011
104101 1012
104157 1013
104180 1014
104288 1015
104408 1016
104409 1017
104550 1018
104551 1019
104663 1020
106169 1021
111816 1022
112335 1023
112694 1024
112700 1025
112702 1026
112955 1027
112958 1028
113142 1029
125186 1030
125553 1031
126074 1032
126094 1033
126097 1034
126179 1035
126186 1036
126805 1037
126807 1038
126813 1039
126844 1040
126849 1041
127141 1042
127156 1043
127162 1044
127164 1045
127165 1046
127169 1047
127328 1048
127330 1049
127338 1050
127602 1051
127704 1052
127708 1053
127890 1054
127970 1055
128068 1056
128307 1057
128311 1058
128315 1059
128318 1060
128324 1061
128329 1062
128478 1063
128490 1064
128493 1065
128528 1066
128685 1067
128712 1068
128718 1069
128720 1070
128726 1071
128856 1072
128861 1073
128865 1074
128866 1075
128868 1076
128933 1077
128944 1078
129038 1079
129119 1080
129150 1081
129200 1082
129215 1083
129263 1084
129333 1085
129496 1086
129555 1087
129882 1088
129882 1089
129883 1090
130366 1091
130366 1092
130506 1093
130507 1094
130558 1095
130766 1096
130766 1097
130776 1098
131174 1099
131182 1100
131190 1101
131400 1102
131428 1103
131494 1104
131495 1105
131495 1106
131566 1107
131986 1108
132038 1109
132478 1110
132898 1111
133922 1112
140288 1113
141165 1114
141166 1115
141175 1116
141261 1117
141549 1118
141555 1119
141926 1120
141995 1121
141995 1122
142157 1123
142157 1124
142158 1125
142159 1126
142164 1127
142172 1128
142180 1129
142181 1130
142286 1131
142289 1132
142493 1133
142495 1134
142499 1135
142537 1136
142751 1137
142757 1138
142818 1139
142879 1140
142888 1141
143351 1142
143352 1143
143505 1144
143652 1145
143664 1146
143771 1147
143773 1148
143955 1149
143955 1150
144131 1151
144381 1152
144484 1153
144489 1154
144493 1155
144495 1156
144509 1157
144779 1158
144779 1159
144779 1160
144804 1161
145179 1162
145209 1163
145224 1164
145225 1165
145823 1166
146233 1167
146235 1168
146235 1169
146235 1170
146239 1171
146475 1172
146484 1173
146490 1174
146494 1175
146501 1176
146647 1177
146647 1178
146647 1179
146695 1180
146840 1181
147083 1182
147083 1183
147119 1184
147329 1185
147763 1186
148193 1187
148195 1188
148195 1189
148195 1190
148206 1191
148207 1192
148703 1193
148728 1194
148771 1195
148782 1196
148842 1197
148847 1198
148991 1199
148991 1200
149075 1201
149075 1202
149363 1203
149568 1204
149635 1205
149831 1206
149831 1207
149831 1208
150003 1209
150003 1210
150003 1211
150023 1212
150277 1213
150285 1214
150292 1215
150298 1216
150349 1217
150846 1218
151008 1219
151016 1220
151024 1221
151090 1222
151187 1223
151189 1224
151190 1225
151196 1226
151461 1227
151536 1228
151653 1229
151668 1230
151668 1231
151830 1232
151831 1233
151838 1234
151838 1235
151846 1236
151916 1237
151976 1238
151979 1239
152033 1240
152041 1241
152041 1242
152224 1243
152228 1244
152230 1245
152243 1246
152322 1247
152340 1248
152391 1249
154490 1250
154874 1251
154877 1252
154882 1253
154901 1254
155809 1255
155809 1256
155812 1257
155893 1258
155919 1259
155920 1260
156096 1261
156485 1262
156889 1263
156891 1264
156951 1265
156953 1266
156959 1267
156959 1268
157079 1269
157536 1270
157543 1271
157929 1272
