0 0
89796 1
90820 2
91165 3
91496 4
92496 5
93264 6
93280 7
93280 8
93281 9
93281 10
93353 11
93353 12
93470 13
93473 14
93473 15
93473 16
93636 17
93636 18
94192 19
94195 20
94200 21
94210 22
94210 23
94340 24
94565 25
94568 26
94572 27
94698 28
94700 29
94784 30
94784 31
94792 32
94939 33
94941 34
95080 35
95192 36
95196 37
95197 38
95197 39
95203 40
95204 41
95215 42
95459 43
95564 44
95767 45
95851 46
95864 47
95907 48
95915 49
96010 50
96017 51
96088 52
96088 53
96088 54
96127 55
96140 56
96204 57
96274 58
96520 59
96520 60
96523 61
96529 62
96533 63
96650 64
96918 65
96919 66
96921 67
96922 68
97083 69
97089 70
97138 71
97254 72
97268 73
97327 74
97350 75
97425 76
97435 77
97508 78
97549 79
97550 80
97917 81
97923 82
97924 83
97947 84
98267 85
98392 86
98424 87
98472 88
98666 89
98673 90
98747 91
98790 92
98803 93
98813 94
98814 95
98815 96
98816 97
98818 98
98996 99
99004 100
99006 101
99009 102
99050 103
99052 104
99139 105
99141 106
99149 107
99177 108
99178 109
99181 110
99181 111
99183 112
99183 113
99187 114
99310 115
99312 116
99428 117
99431 118
99432 119
99436 120
99511 121
99532 122
99816 123
99822 124
99847 125
99958 126
99965 127
99971 128
99972 129
99972 130
99972 131
99999 132
100103 133
100105 134
100115 135
100191 136
100191 137
100192 138
100196 139
100208 140
100218 141
100296 142
100302 143
100308 144
100393 145
100400 146
100426 147
100427 148
100429 149
100474 150
100483 151
100485 152
100496 153
100503 154
100549 155
100564 156
100573 157
100585 158
100585 159
100644 160
100855 161
100865 162
100920 163
100921 164
100922 165
100929 166
100932 167
100972 168
101053 169
101228 170
101228 171
101228 172
101234 173
101234 174
101236 175
101256 176
101279 177
101280 178
101295 179
101321 180
101369 181
101446 182
101454 183
101455 184
101456 185
101459 186
101459 187
101460 188
101461 189
101485 190
101485 191
101485 192
101485 193
101486 194
101486 195
101605 196
101633 197
101677 198
101741 199
101742 200
101743 201
101744 202
101744 203
101744 204
101825 205
101899 206
101949 207
101949 208
101953 209
101959 210
101967 211
101975 212
101981 213
101983 214
101984 215
101985 216
102072 217
102134 218
102144 219
102218 220
102234 221
102320 222
102320 223
102358 224
102366 225
102392 226
102417 227
102424 228
102447 229
102455 230
102495 231
102507 232
102512 233
102518 234
102659 235
102661 236
102671 237
102811 238
102814 239
102842 240
102857 241
102860 242
102872 243
102892 244
103022 245
103073 246
103074 247
103097 248
103101 249
103102 250
103103 251
103172 252
103239 253
103637 254
103648 255
103690 256
103697 257
103702 258
103702 259
103812 260
104140 261
104152 262
104185 263
104192 264
104194 265
104305 266
104392 267
104392 268
104405 269
104515 270
104518 271
104520 272
104746 273
104880 274
104880 275
104964 276
104983 277
104992 278
104994 279
104994 280
105008 281
105080 282
105172 283
105172 284
105181 285
105181 286
105420 287
105549 288
105555 289
105720 290
105820 291
105888 292
105896 293
105912 294
106174 295
106175 296
106297 297
107089 298
107096 299
107098 300
107783 301
107789 302
108125 303
108127 304
108128 305
108130 306
108952 307
109009 308
109240 309
109242 310
109243 311
109508 312
109508 313
109508 314
109699 315
109885 316
109890 317
110008 318
110097 319
110168 320
110250 321
110311 322
110376 323
110376 324
110388 325
110560 326
110570 327
110708 328
110708 329
110748 330
110872 331
110872 332
110872 333
110885 334
110934 335
110955 336
111276 337
111463 338
111508 339
111508 340
111524 341
111771 342
111780 343
111821 344
112016 345
112154 346
112267 347
112267 348
112269 349
112333 350
112338 351
112340 352
112343 353
112346 354
112375 355
112375 356
112728 357
112774 358
112791 359
112831 360
112840 361
112844 362
112961 363
112962 364
112965 365
113052 366
113124 367
113125 368
113129 369
113130 370
113201 371
113210 372
113253 373
113257 374
113330 375
113395 376
113421 377
113483 378
113630 379
113634 380
113650 381
113891 382
113891 383
113949 384
113954 385
113978 386
114176 387
114178 388
114182 389
114190 390
114272 391
114340 392
114341 393
114351 394
114352 395
114353 396
114353 397
114355 398
114396 399
114396 400
114550 401
114564 402
114614 403
114619 404
114718 405
115003 406
115018 407
115027 408
115096 409
115096 410
115180 411
115207 412
115234 413
115355 414
115394 415
115412 416
115412 417
115413 418
115696 419
115796 420
115796 421
115797 422
115892 423
115960 424
116019 425
116024 426
116112 427
116200 428
116568 429
116585 430
116641 431
116809 432
116936 433
117306 434
118045 435
128240 436
128608 437
128704 438
128705 439
128705 440
128708 441
128894 442
129021 443
129077 444
129081 445
129385 446
129385 447
129385 448
129468 449
129592 450
129593 451
129593 452
129593 453
129680 454
129681 455
129681 456
129784 457
129880 458
129881 459
129906 460
129908 461
129946 462
130061 463
130068 464
130072 465
130107 466
130111 467
130140 468
130433 469
130679 470
130725 471
130728 472
130729 473
130734 474
130736 475
130738 476
130879 477
130907 478
130916 479
131277 480
131431 481
131445 482
131520 483
131918 484
131921 485
131921 486
131922 487
131923 488
131924 489
131994 490
132213 491
132217 492
132221 493
132221 494
132226 495
132229 496
132378 497
132712 498
132985 499
133034 500
133367 501
133373 502
133374 503
133383 504
133728 505
133888 506
133893 507
133898 508
134115 509
134157 510
134254 511
134471 512
134511 513
134520 514
134687 515
134689 516
135055 517
135080 518
135092 519
135125 520
135133 521
135140 522
135148 523
135155 524
135159 525
135297 526
135452 527
135457 528
135813 529
135819 530
136163 531
136223 532
136227 533
136350 534
136351 535
136353 536
136355 537
136494 538
136502 539
136503 540
136504 541
136505 542
136942 543
137111 544
137116 545
137119 546
137124 547
137126 548
137192 549
137203 550
137479 551
137523 552
137755 553
137845 554
137873 555
138023 556
138023 557
138024 558
138025 559
138026 560
138031 561
138035 562
138035 563
138141 564
138145 565
138293 566
138293 567
138293 568
138367 569
138375 570
138441 571
138447 572
138619 573
138619 574
138619 575
138625 576
138721 577
138777 578
138804 579
138951 580
139021 581
139090 582
139105 583
139129 584
139257 585
139257 586
139317 587
139321 588
139441 589
139445 590
139549 591
139612 592
139626 593
139793 594
139813 595
139901 596
139901 597
139985 598
140276 599
140936 600
140945 601
141346 602
141765 603
141812 604
142904 605
142906 606
142930 607
143430 608
143780 609
144360 610
144402 611
145168 612
145180 613
145180 614
145274 615
145670 616
145816 617
145817 618
145826 619
146193 620
146193 621
146501 622
146512 623
146600 624
146730 625
146961 626
147066 627
147072 628
147323 629
147366 630
147447 631
147460 632
147501 633
147501 634
147562 635
147563 636
147573 637
147586 638
147590 639
147613 640
147637 641
147637 642
147690 643
147736 644
147970 645
148152 646
148158 647
148210 648
148216 649
148217 650
148385 651
148466 652
148521 653
148561 654
148632 655
148646 656
148698 657
148700 658
148701 659
148701 660
148701 661
148701 662
148704 663
148706 664
148720 665
148839 666
148968 667
148973 668
148974 669
148974 670
148978 671
149096 672
149096 673
149097 674
149140 675
149167 676
149180 677
149242 678
149244 679
149289 680
149335 681
149345 682
149345 683
149436 684
149446 685
149474 686
149597 687
149597 688
149612 689
149647 690
149656 691
149776 692
149809 693
149843 694
149926 695
149934 696
149988 697
150157 698
150175 699
150185 700
150187 701
150194 702
150202 703
150203 704
150212 705
150215 706
150215 707
150520 708
150529 709
150566 710
150748 711
150748 712
150751 713
150759 714
150864 715
150871 716
151034 717
151198 718
151219 719
151447 720
151593 721
151761 722
151764 723
151777 724
151842 725
151966 726
151969 727
152045 728
152121 729
152121 730
152121 731
152121 732
152129 733
152136 734
152138 735
152253 736
152257 737
152259 738
152305 739
152483 740
152560 741
152577 742
152642 743
152694 744
152697 745
152921 746
152981 747
153009 748
153061 749
153061 750
153061 751
153061 752
153061 753
153119 754
153318 755
153473 756
153547 757
153596 758
153673 759
153749 760
153769 761
153777 762
154229 763
154377 764
154720 765
155115 766
155237 767
155376 768
155670 769
156676 770
157282 771
157795 772
157797 773
