1 1
210 2
311 3
320 4
409 5
518 6
693 7
699 8
700 9
706 10
778 11
778 12
808 13
835 14
835 15
1107 16
1110 17
1113 18
1117 19
1118 20
1491 21
1635 22
1731 23
1842 24
1851 25
1852 26
1854 27
2008 28
2216 29
2325 30
2333 31
2334 32
2345 33
2542 34
2804 35
2817 36
2818 37
2908 38
2912 39
3019 40
3019 41
3195 42
3199 43
3230 44
3234 45
3302 46
3355 47
3457 48
3600 49
3611 50
3755 51
3762 52
3982 53
3998 54
3999 55
4027 56
4040 57
4155 58
4164 59
4528 60
4564 61
4565 62
4567 63
4570 64
4571 65
4597 66
4609 67
4683 68
4688 69
4702 70
4713 71
4779 72
4935 73
5048 74
5097 75
5190 76
5296 77
5332 78
5477 79
5499 80
5505 81
5698 82
5785 83
5870 84
5871 85
5871 86
5876 87
5917 88
5978 89
5982 90
5989 91
6028 92
6029 93
6075 94
6084 95
6114 96
6188 97
6306 98
6358 99
6433 100
6543 101
6697 102
6707 103
6707 104
6708 105
6708 106
6708 107
6995 108
6999 109
7010 110
7025 111
7028 112
7108 113
7114 114
7116 115
7117 116
7154 117
7158 118
7160 119
7161 120
7165 121
7167 122
7379 123
7480 124
7486 125
7497 126
7502 127
7744 128
7749 129
7891 130
7950 131
7988 132
8064 133
8065 134
8067 135
8074 136
8122 137
8155 138
8158 139
8161 140
8178 141
8322 142
8370 143
8422 144
8424 145
8430 146
8431 147
8431 148
8435 149
8484 150
8531 151
8586 152
8650 153
8650 154
8702 155
8705 156
8733 157
8814 158
8814 159
8815 160
8815 161
8825 162
8942 163
8982 164
9101 165
9131 166
9142 167
9142 168
9144 169
9145 170
9158 171
9166 172
9243 173
9250 174
9282 175
9282 176
9282 177
9290 178
9297 179
9303 180
9410 181
9422 182
9424 183
9426 184
9442 185
9546 186
9731 187
9740 188
9747 189
9773 190
9782 191
9784 192
9785 193
9896 194
9898 195
9910 196
9930 197
9950 198
9950 199
9950 200
10226 201
10301 202
10305 203
10357 204
10486 205
10486 206
10486 207
10526 208
10857 209
11225 210
11240 211
11340 212
11375 213
11422 214
11490 215
11495 216
11502 217
11505 218
11542 219
11616 220
11622 221
11670 222
11678 223
11682 224
11858 225
11942 226
11962 227
12227 228
12394 229
12394 230
12398 231
12758 232
13115 233
13218 234
13229 235
13236 236
13237 237
13590 238
13608 239
13609 240
13661 241
13727 242
13793 243
13794 244
13797 245
14111 246
14133 247
14540 248
14541 249
14627 250
14816 251
14951 252
15014 253
15017 254
15022 255
15609 256
15614 257
15965 258
15980 259
16350 260
16356 261
16578 262
16581 263
16591 264
16946 265
17058 266
17497 267
17498 268
17502 269
17512 270
17590 271
17698 272
17766 273
17801 274
17804 275
17804 276
17808 277
17811 278
17909 279
18050 280
18129 281
18161 282
18213 283
18219 284
18390 285
18396 286
18659 287
18665 288
18665 289
18666 290
18666 291
18666 292
18668 293
18709 294
18761 295
18926 296
18958 297
18980 298
18997 299
18998 300
19000 301
19010 302
19058 303
19168 304
19175 305
19232 306
19232 307
19327 308
19339 309
19429 310
19541 311
19655 312
19656 313
19666 314
19906 315
19906 316
19907 317
20138 318
20191 319
20402 320
20402 321
20403 322
20774 323
20775 324
20785 325
20810 326
20962 327
20962 328
21169 329
21170 330
21171 331
21226 332
21319 333
21330 334
21682 335
22219 336
23061 337
75925 338
77376 339
112795 340
113456 341
113456 342
113456 343
113668 344
113824 345
113904 346
113904 347
113904 348
114316 349
114328 350
114412 351
114412 352
114592 353
114600 354
115004 355
115004 356
115004 357
115072 358
115072 359
115075 360
115076 361
115396 362
115396 363
115404 364
115408 365
115471 366
115474 367
115474 368
115763 369
115768 370
115768 371
115812 372
115899 373
115908 374
115924 375
115924 376
115924 377
116000 378
116000 379
116000 380
116072 381
116072 382
116075 383
116217 384
116218 385
116225 386
116231 387
116235 388
116336 389
116336 390
116457 391
116548 392
116553 393
116564 394
116603 395
116758 396
116838 397
116841 398
116843 399
116848 400
116934 401
116944 402
116952 403
116953 404
116953 405
116953 406
116953 407
116954 408
116955 409
116956 410
116958 411
116960 412
116960 413
117085 414
117329 415
117352 416
117455 417
117474 418
117566 419
117570 420
117573 421
117652 422
117744 423
117749 424
117794 425
117939 426
117942 427
117991 428
118072 429
118143 430
118362 431
118379 432
118382 433
118383 434
118393 435
118565 436
118630 437
118680 438
118768 439
118775 440
118775 441
118779 442
118884 443
119161 444
119173 445
119244 446
119495 447
119531 448
119532 449
119546 450
119551 451
119587 452
119604 453
119916 454
120002 455
120216 456
120289 457
120289 458
120289 459
120374 460
120376 461
120449 462
120656 463
120699 464
120799 465
120801 466
120932 467
120932 468
120932 469
121231 470
121251 471
121253 472
121344 473
121384 474
121384 475
121492 476
121497 477
121616 478
121784 479
121784 480
122294 481
122296 482
122301 483
122441 484
122523 485
122574 486
122669 487
122827 488
122835 489
122835 490
122836 491
122837 492
123060 493
123224 494
123234 495
123235 496
123322 497
123327 498
123378 499
123381 500
123384 501
123385 502
124062 503
128684 504
129508 505
166816 506
166816 507
167688 508
167689 509
167689 510
167698 511
168072 512
168153 513
168153 514
168154 515
168175 516
168292 517
168296 518
168340 519
168344 520
168344 521
168684 522
168696 523
168704 524
168780 525
168782 526
168792 527
168803 528
168824 529
168916 530
168997 531
169518 532
169536 533
169579 534
169586 535
169594 536
169698 537
170068 538
170136 539
170141 540
170142 541
170394 542
170398 543
170511 544
170593 545
170832 546
170924 547
170925 548
171113 549
171117 550
171117 551
171185 552
171228 553
171231 554
171233 555
171235 556
171354 557
171474 558
171717 559
171818 560
171860 561
171912 562
171943 563
172257 564
172635 565
172641 566
172644 567
172979 568
173514 569
173641 570
173643 571
173651 572
173653 573
173654 574
173964 575
173968 576
173970 577
173974 578
173976 579
174115 580
174118 581
174120 582
174120 583
174159 584
174202 585
174216 586
174732 587
174735 588
176020 589
178148 590
179164 591
