0 0
4251 1
4316 2
4328 3
4336 3
4387 4
4390 5
4461 6
4462 7
4464 8
4464 9
4470 8
4472 8
4472 9
4480 9
4498 10
4506 10
4508 11
4512 12
4555 13
4561 14
4562 15
4563 15
4563 14
4568 13
4568 13
4569 13
4569 13
4570 13
4573 14
4581 14
4612 15
4619 15
4627 16
4628 16
4633 17
4634 17
4635 17
4642 16
4683 17
4688 18
4692 18
4693 17
4693 17
4696 17
4696 16
4705 16
4706 16
4707 17
4713 18
4721 18
4738 19
4743 20
4744 21
4747 22
4750 23
4752 23
4754 24
4757 24
4758 24
4761 25
4776 24
4778 25
4782 26
4785 26
4786 26
4790 26
4790 26
4790 25
4800 26
4816 27
4818 28
4820 29
4822 30
4823 31
4830 32
4837 31
4839 31
4841 31
4842 30
4843 31
4848 31
4849 31
4863 32
4870 32
4871 31
4871 30
4875 30
4875 29
4888 29
4918 30
4926 30
4929 31
4932 31
4932 31
4933 32
4938 31
4939 31
4939 30
4947 29
4950 29
4951 29
4952 29
4958 30
4981 31
5001 32
5009 31
5010 30
5012 31
5021 32
5042 33
5050 32
5064 32
5065 33
5076 33
5104 34
5107 35
5108 36
5115 36
5117 37
5117 37
5119 38
5124 37
5124 36
5125 36
5132 37
5133 37
5134 36
5139 36
5142 36
5150 37
5152 38
5158 37
5159 36
5159 35
5159 35
5164 36
5172 35
5172 34
5193 35
5195 36
5200 35
5201 36
5205 35
5207 36
5209 35
5210 35
5210 34
5214 33
5214 33
5219 33
5225 34
5227 35
5232 36
5234 35
5235 36
5240 36
5243 36
5261 36
5287 37
5301 36
5345 37
5352 36
5356 37
5364 37
5364 37
5366 36
5396 37
5399 38
5399 39
5402 39
5402 38
5403 37
5406 36
5407 36
5413 37
5413 38
5420 37
5420 37
5420 37
5423 38
5431 38
5431 38
5437 39
5454 40
5454 41
5462 40
5493 40
5505 41
5513 41
5515 42
5519 41
5524 40
5529 41
5536 40
5552 41
5561 40
5565 41
5584 42
5588 43
5596 42
5596 41
5596 40
5596 39
5597 40
5605 39
5606 40
5659 41
5660 42
5667 41
5711 42
5719 42
5721 43
5739 44
5753 45
5761 44
5761 44
5791 45
5797 46
5804 47
5805 46
5832 45
5837 46
5844 45
5844 45
5852 46
5859 45
5860 44
5895 45
5936 46
5946 47
5948 48
5948 49
5956 50
5957 49
5964 48
5977 49
5980 49
5985 48
5987 49
5996 49
6041 50
6043 51
6048 51
6058 52
6065 51
6066 50
6071 51
6079 50
6095 51
6103 50
6103 50
6113 51
6113 52
6120 51
6121 50
6151 51
6159 51
6159 50
6180 51
6188 50
6192 51
6200 50
6200 49
6208 50
6209 51
6220 52
6227 51
6250 52
6252 53
6264 54
6288 55
6288 56
6296 55
6302 56
6311 57
6346 58
6353 57
6356 58
6384 59
6398 60
6415 61
6417 62
6423 61
6466 62
6487 61
6511 62
6523 63
6523 64
6549 65
6556 64
6580 65
6590 66
6594 67
6602 67
6602 66
6627 65
6627 64
6628 63
6641 62
6647 63
6661 64
6676 65
6676 66
6684 65
6741 66
6810 67
6823 68
6851 69
6889 68
6964 69
7044 70
7057 71
7065 70
7115 71
7184 72
7192 71
7198 72
7206 71
7206 70
7249 71
7256 70
7308 71
7316 70
7316 69
7349 70
7357 69
7362 68
7376 69
7384 68
7421 67
7445 68
7453 68
7472 69
7524 70
7554 71
7637 72
7645 71
7659 71
7719 72
7728 71
7728 70
7733 71
7746 70
7746 69
7761 70
7769 70
7769 69
7823 68
7884 69
7892 68
7932 67
7932 66
8022 67
8083 68
8091 69
8091 68
8091 67
8101 66
8110 65
8145 66
8153 65
8170 66
8310 67
8318 66
8365 67
8434 68
8442 67
8442 66
8442 65
8461 66
8468 65
8502 66
8510 66
8515 66
8533 67
8541 66
8541 65
8541 64
8541 63
8543 64
8571 65
8585 66
8599 67
8617 68
8624 67
8624 67
8624 67
8653 68
8661 67
8753 68
8761 67
8765 68
8771 67
8771 66
8774 65
8797 64
8860 65
8873 66
8873 67
8887 68
8895 67
8909 67
8976 66
8976 65
8991 64
9024 65
9069 66
9077 65
9077 64
9093 65
9101 64
9107 65
9110 66
9114 65
9115 64
9119 64
9155 63
9175 64
9183 63
9213 64
9218 63
9218 62
9218 61
9230 62
9288 63
9299 64
9316 65
9354 66
9362 65
9367 66
9403 65
9464 66
9472 65
9478 66
9486 65
9604 66
9612 66
9618 67
9666 66
9666 65
9686 66
9694 65
9695 64
9783 65
9791 64
9791 63
9797 64
9797 65
9824 66
9848 67
9856 66
9879 67
9911 66
9986 67
9994 66
9995 66
9996 65
10002 66
10010 65
10010 64
10016 63
10021 62
10068 63
10076 64
10084 64
10085 65
10091 64
10154 65
10162 64
10174 63
10178 64
10178 65
10181 66
10189 65
10189 64
10195 65
10229 64
10274 65
10373 66
10381 65
10381 64
10387 65
10397 66
10414 67
10414 68
10422 67
10427 66
10427 65
10438 66
10463 65
10469 66
10497 67
10538 68
10540 69
10546 68
10549 67
10550 66
10676 67
10684 66
10689 67
10697 66
10697 65
10703 66
10744 67
10744 68
10752 67
10813 68
10840 69
10868 70
10875 69
10876 68
10923 69
10931 68
10936 67
10998 68
11047 69
11054 68
11074 69
11074 70
11082 69
11101 70
11109 69
11114 68
11170 69
11225 70
11266 71
11274 70
11274 69
11307 70
11315 69
11404 70
11411 69
11540 70
11540 71
11548 70
11553 69
11582 70
11590 69
11595 68
11678 69
11678 70
11686 69
11686 68
11692 69
11700 68
11700 67
11747 68
11788 69
11829 70
11836 69
11837 68
11837 67
11843 68
11843 69
11851 68
11925 69
12063 70
12104 71
12112 70
12170 69
12214 70
12227 71
12235 70
12309 71
12392 72
12400 71
12413 70
12434 71
12489 72
12496 71
12502 72
12571 73
12598 74
12606 73
12625 74
12680 75
12708 76
12825 75
12839 74
12873 75
12873 76
12881 75
12962 74
12963 73
12969 74
12975 73
12980 72
13058 71
13161 72
13189 73
13197 72
13203 73
13210 72
13257 73
13388 72
13422 73
13449 74
13504 75
13601 76
13609 75
13628 76
13752 77
13779 78
13896 77
13903 78
14006 77
14013 78
14034 77
14061 76
14294 75
14336 74
14377 73
14493 74
14507 75
14645 76
14652 75
14768 76
14817 75
14823 76
14940 75
14946 76
14946 77
15043 78
15119 77
15139 78
15256 77
15537 78
15599 77
15750 76
15784 77
15826 78
15880 79
15902 78
16128 79
16141 80
16265 81
16396 80
16410 79
16671 78
16731 79
16794 78
16842 79
16917 78
17213 79
17453 78
17487 79
17556 80
17707 81
17714 80
17783 79
18119 80
18173 81
18346 80
18497 79
18525 78
18689 77
18764 78
18840 77
19011 78
19176 79
19313 80
19458 79
19582 78
19609 77
19643 78
19739 79
19931 80
19987 81
20118 80
20200 79
20310 78
20543 77
20612 76
20673 77
20708 76
20728 77
20837 78
21085 79
21332 80
21340 79
21374 80
21491 79
21971 78
22184 79
22603 78
22664 79
22870 80
22892 79
22988 78
23433 79
23447 80
23447 81
23551 80
23578 79
23674 78
23757 77
24018 76
24038 77
24106 78
24114 77
24244 78
24271 79
24299 80
24430 79
24430 78
24869 77
24889 78
24916 79
25027 80
25048 79
25089 78
25157 77
25199 76
25542 75
25699 76
25762 75
25809 76
25919 77
25974 78
26001 79
26009 78
26366 77
26462 76
26510 77
26723 76
26811 77
26888 76
26949 77
27018 78
27045 79
27100 80
27149 79
27155 80
27479 79
27746 80
28515 81
28865 80
28879 79
28975 78
29003 77
29071 76
29291 75
29387 74
29393 75
29393 76
29448 77
29470 76
29517 77
29585 78
29634 77
29668 78
29689 77
29717 76
29750 77
30052 78
30107 79
30143 78
30170 77
30596 76
30602 77
30766 78
30794 79
30794 80
31186 79
31233 80
31309 79
31667 78
31756 79
31873 78
31887 77
31948 78
32050 77
32209 78
32263 79
32470 80
32620 81
32697 80
32903 79
32985 78
33376 79
33438 78
33438 77
33493 76
33527 77
33582 78
33760 79
33809 78
33884 79
33925 80
34131 81
34262 80
34304 79
34427 78
34598 79
34694 80
34702 79
34949 78
35093 79
35128 78
35560 79
35595 78
35595 77
35600 78
35944 79
36074 78
36191 79
36301 80
36405 79
36438 80
36515 79
36611 78
36726 79
36940 78
36960 79
37435 78
37606 79
37647 80
37888 79
38176 78
38190 77
38320 78
38635 79
38691 80
38836 79
38856 80
39151 79
39247 78
39302 77
39316 76
39542 77
39625 78
39742 77
39968 78
40201 79
40222 78
40311 79
40572 80
40758 79
40772 78
40874 79
41170 78
41294 77
41445 76
41458 75
41615 76
41767 77
41816 76
41863 77
41898 76
41986 77
42055 78
42069 79
42151 80
42186 79
42214 78
42275 79
42310 78
42350 77
42536 78
42543 77
42846 76
42852 77
42955 76
43051 75
43099 76
43106 75
43112 76
43181 77
43401 78
43456 79
43656 78
43683 77
43744 78
43785 79
43840 80
43917 79
43944 78
44074 79
44164 78
44445 79
44540 80
44540 81
44796 80
44947 79
45001 78
45194 77
45392 78
45523 77
45571 78
45606 77
45675 76
45894 75
45922 74
45922 73
45928 74
46045 73
46106 74
46216 75
46251 74
46258 75
46326 76
46353 77
46416 76
46477 77
46532 78
46546 79
46601 80
46663 79
46732 78
46746 77
46985 78
47075 77
47233 78
47405 77
47439 78
47507 79
47652 78
47836 79
48084 80
48153 81
48160 80
48174 79
48503 78
48564 79
48655 78
48688 79
48709 78
48902 77
49017 78
49100 79
49355 78
49361 79
49444 80
49451 79
49753 78
50047 79
50281 80
50309 81
50385 80
50618 79
51064 80
51146 81
51209 80
51360 79
51421 80
51525 79
51772 78
51882 77
52033 76
52149 77
52211 76
52321 75
52368 76
52396 77
52465 78
52478 79
52877 80
52987 81
53186 80
53461 79
53687 80
53832 79
53907 80
54093 79
54264 80
54367 79
55019 80
55054 79
55143 80
55232 79
55287 78
55555 79
55569 80
55796 79
56125 78
56208 77
56488 78
56530 79
56708 80
56776 81
56784 80
56894 79
57018 78
57224 77
57230 78
57381 79
57540 78
57718 77
57725 78
57738 79
57787 78
57801 77
57993 76
58075 75
58246 76
58273 77
58315 78
58315 79
58644 80
58837 81
58995 80
59092 79
59194 80
59284 79
59345 80
59366 79
59715 80
59778 79
59792 78
59826 79
60012 78
60066 77
60072 78
60122 77
60306 78
60313 77
60314 76
60314 75
60553 76
60616 75
60650 76
60677 77
60746 78
60932 77
60966 78
61061 79
61151 78
61206 77
61212 78
61248 77
61281 78
61316 77
61344 76
61426 75
61501 76
61555 77
61610 78
61646 77
61762 78
61776 79
61783 78
61783 77
62146 78
62154 77
62250 76
62338 77
62483 76
62539 75
62558 76
62594 75
62737 76
62819 77
62923 76
62929 77
63066 78
63232 79
63335 78
63396 79
63464 80
63533 81
63623 80
63651 79
63733 78
63774 77
63822 78
63829 77
63945 78
63987 79
64090 78
64117 77
64192 78
64200 77
64358 78
64378 77
64640 76
64736 75
64791 74
64797 75
64811 76
64887 75
64914 74
64947 75
65038 74
65058 75
65072 76
65106 75
65120 74
65134 73
65134 72
65203 71
65223 72
65305 73
65373 74
65429 75
65456 76
65587 75
65593 76
65607 77
65648 78
65656 77
65675 78
65772 79
65779 78
65793 77
65862 76
66032 77
66143 78
66184 79
66246 78
66308 79
66527 80
66596 81
66672 80
66782 79
66782 78
67022 79
67043 78
67043 77
67111 76
67213 77
67406 78
67543 79
67640 80
67784 79
67886 80
67908 79
68004 78
68210 77
68285 78
68354 79
68450 80
68718 79
68752 80
68993 79
69020 78
69040 79
69205 80
69438 81
69611 80
69762 79
69892 80
70105 79
70208 80
70298 79
70407 78
70490 77
70490 76
70757 77
70860 76
70908 77
70977 78
71018 79
71177 78
71237 79
71520 78
71616 77
71635 78
71760 79
71766 78
71781 77
71842 78
72308 79
72391 80
72426 79
72426 78
72494 77
72570 78
72591 77
72701 76
72715 75
72769 74
72775 75
72927 76
73009 77
73064 78
73201 79
73394 80
73586 81
73662 80
73813 79
74025 80
74074 79
74087 78
74231 79
74272 80
74486 79
74561 80
74651 79
74774 78
74774 77
74808 78
74884 77
74939 76
75090 75
75296 74
75310 73
75399 74
75399 75
75468 76
75516 75
75557 74
75577 75
75591 76
75728 77
75797 78
75866 79
75962 80
75969 79
76003 80
76065 79
76209 80
76299 79
76566 80
76601 79
76656 78
76882 79
76944 78
77061 79
77390 80
77425 79
77445 80
77562 79
77796 78
77796 77
77816 78
78063 79
78255 80
78468 79
78482 78
78612 79
78757 78
78859 79
78894 78
79045 77
79224 76
79224 75
79299 76
79408 77
79449 78
79642 79
79787 78
79889 79
79917 80
80007 79
80631 80
80672 81
80707 80
80748 79
80776 78
80776 77
80864 78
81167 79
81339 78
81572 77
81660 78
81688 79
81791 78
82018 79
82114 80
82176 79
82210 80
82245 79
82567 80
82712 79
82759 80
83014 79
83083 78
83083 77
83102 78
83495 77
83570 78
83625 79
83789 80
83962 79
84187 80
84374 79
84484 78
84558 79
84621 78
84654 79
85047 78
85067 79
85204 80
85341 81
85898 80
85967 79
86145 78
86179 79
86269 78
86316 79
86420 78
86434 77
86447 76
86701 77
86796 78
86887 77
86914 76
86989 77
87085 78
87085 79
87203 78
87209 79
87258 78
87395 77
87429 78
87690 79
87813 80
87958 79
87985 78
88088 79
88109 78
88192 77
88211 78
88239 79
88301 78
88329 77
88555 78
88761 79
88980 80
89090 81
89304 80
89427 79
89606 78
89675 77
89763 78
89880 77
90128 76
90128 75
90175 76
90230 77
90258 78
90403 77
90642 78
90683 79
90704 78
90793 79
90801 78
90889 79
90911 78
91150 79
91226 78
91246 79
91281 78
91548 79
91735 78
92001 79
92037 78
92160 77
92331 78
92386 79
92407 78
92427 79
92963 80
93182 81
93190 80
93259 79
93416 80
93457 81
93575 80
93630 79
93739 78
93808 77
94062 78
94096 77
94158 78
94179 77
94248 76
94323 77
94474 78
94509 77
94624 78
94687 77
94735 78
94872 79
94954 80
94989 79
95113 78
95277 77
95456 76
95456 75
95586 76
95600 77
95641 78
95819 79
95868 78
95888 79
96046 78
96129 77
96239 76
96259 77
96259 78
96335 77
96396 78
96486 77
96589 78
96602 79
96610 78
96671 79
96843 78
97001 79
97083 80
97275 81
97337 80
97447 79
97530 78
97673 79
97997 78
98072 79
98182 80
98216 79
98381 78
98697 77
98697 76
98717 77
98752 76
98813 77
98834 76
98909 77
99013 76
99060 77
99068 76
99087 77
99170 78
99239 79
99246 78
99315 77
99315 76
99329 75
99376 76
99411 75
99521 74
99555 75
99569 76
99774 77
99871 78
100049 79
100172 80
100227 81
100318 80
100557 81
100606 80
101017 79
101148 80
101155 79
101203 80
101203 81
101457 80
101608 79
101869 78
101903 79
101917 80
102171 79
102501 78
102542 77
102638 76
102639 75
102672 76
102721 75
102837 76
103015 77
103029 78
103037 77
103070 78
103105 77
103202 76
103235 77
103421 76
103564 77
103572 76
103592 77
103606 78
103866 79
103908 80
104314 79
104430 80
104561 79
104643 78
104718 79
104828 80
104863 79
104951 80
105165 79
105220 78
105248 77
105357 76
105371 75
105439 74
105515 75
105522 74
105577 73
105879 72
105886 73
105899 74
105954 75
105962 74
105968 75
106064 76
106064 77
106099 76
106105 77
106333 76
106346 75
106429 74
106572 75
106655 76
106682 77
106696 78
106737 79
106778 80
106786 79
106827 78
106909 77
107143 76
107245 77
107328 78
107437 79
107574 80
107595 79
107877 80
108371 81
108406 80
108571 79
108838 80
108873 79
108928 78
109003 79
109065 78
109154 79
109230 78
109387 79
109580 80
109752 79
109813 80
110211 81
110535 80
110947 79
111104 80
111145 81
111661 80
111825 79
112203 80
112252 79
112381 80
112403 79
112505 80
112944 81
112951 80
113350 79
113466 80
113782 81
114202 80
114462 79
114490 78
114627 77
114655 76
114847 75
114935 76
114971 75
115004 76
115045 77
115059 78
115073 79
115142 80
115575 79
115952 80
115959 79
116042 78
116110 77
116171 78
116248 77
116487 78
116528 79
116618 78
116707 79
116721 80
116735 81
116742 80
116838 79
116927 80
117153 79
117305 78
117544 79
117558 80
117909 79
117943 80
118280 79
118459 78
118479 79
118569 78
118816 77
118863 78
118987 79
119022 78
119069 79
119283 78
119303 79
119412 80
119448 79
119681 78
119805 77
119887 76
119921 77
120017 78
120058 79
120258 78
120497 79
120676 80
120958 79
121013 78
121054 77
121129 78
121170 79
121500 80
121535 79
121637 80
121645 79
121664 80
121994 81
122125 80
122400 79
122510 78
122730 77
122832 78
122983 79
123175 80
123512 79
123546 80
123766 81
123952 80
124226 79
124439 80
124535 81
125325 80
125380 79
125572 78
125833 77
125902 76
126032 77
126067 76
126182 77
126238 78
126287 77
126416 78
126438 77
126526 78
126650 79
126712 78
127048 79
127062 80
127179 79
127267 80
127399 79
128051 80
128119 81
128566 80
128827 79
128943 80
129033 79
129088 78
129149 79
129266 78
129280 77
129520 78
129541 77
129589 78
129877 79
130090 78
130124 79
130247 80
130296 79
130296 78
130640 77
130660 78
130728 79
130948 80
131175 79
131230 78
131409 77
131648 78
131670 77
131827 78
131937 79
132019 80
132192 79
132198 80
132329 79
132576 78
132788 79
132865 78
132961 77
132967 78
133077 79
133249 78
133249 77
133310 78
133488 79
133695 80
133873 81
133977 80
133977 79
133991 78
134238 77
134238 76
134285 77
134464 78
134505 79
134801 78
134848 79
134917 80
134952 79
135089 78
135117 77
135185 76
135302 77
135302 78
135707 77
135762 76
135768 77
135803 76
135892 77
135899 76
135920 77
136037 76
136263 77
136263 78
136284 77
136428 78
136441 79
136675 80
136812 81
136957 80
137409 79
137636 80
137657 79
137719 80
137767 79
137781 78
137891 77
137946 76
138007 77
138254 78
138295 79
138391 80
138433 81
138660 80
138852 79
138852 78
138927 79
138976 78
139250 77
139284 78
139346 77
139421 78
139517 79
139641 80
139662 79
139703 78
139745 77
139882 76
140047 75
140053 76
140053 77
140253 76
140308 75
140369 76
140438 77
140459 76
140506 77
140665 76
140726 77
141193 78
141330 79
141371 80
141434 79
141564 80
141901 79
141982 78
142051 77
142093 76
142189 75
142217 74
142223 75
142250 76
142368 75
142374 76
142649 77
142669 76
142697 75
142697 74
142704 75
142827 76
142910 77
142958 76
143123 75
143164 74
143205 73
143267 74
143273 73
143322 74
143376 75
143425 74
143425 73
143500 74
143706 75
143747 76
143884 77
143967 78
144008 79
144084 78
144146 79
144167 78
144173 79
144208 78
144441 77
144722 78
144730 77
144867 76
144887 77
144901 78
145134 79
145463 80
145574 81
145677 80
145773 79
145801 78
145925 77
145952 76
146295 75
146336 74
146405 73
146493 74
146507 75
146521 76
146521 77
146535 78
146686 79
147009 78
147064 77
147071 78
147139 79
147188 78
147202 77
147394 76
147565 77
147661 78
147757 79
147778 78
147792 77
147798 78
147881 79
147957 78
148169 79
148273 78
148438 77
148575 76
148636 77
148718 78
148718 79
148726 78
148863 77
148911 78
149247 77
149317 76
149337 77
149385 76
149481 75
149528 76
149528 77
149577 76
149762 77
149913 78
149927 79
149948 78
149968 79
150092 80
150154 79
150325 80
150401 79
150682 80
150710 81
150716 80
150731 79
150772 78
150896 77
150923 76
150970 77
151047 76
151149 77
151149 78
151259 79
151327 80
151382 81
151418 80
151486 79
151500 78
151555 77
151637 76
151665 75
151720 74
152096 75
152179 76
152248 77
152275 78
152283 77
152289 78
152289 79
152385 80
152585 79
152893 80
153024 79
153045 80
153278 81
153450 80
153533 79
153800 80
153862 79
153964 80
154108 79
154431 80
154439 79
154507 78
154596 79
154810 78
154857 79
154947 78
154994 79
155112 78
155139 77
155208 76
155208 75
155208 74
155351 75
155503 76
155510 75
155524 74
155551 73
155640 74
155667 75
155818 76
155901 77
155963 76
155970 77
155991 76
156216 77
156285 78
156307 77
156340 78
156375 77
156546 78
156711 79
156780 80
156794 81
157007 80
157076 79
157158 78
157213 77
157274 78
157370 79
157398 80
157535 81
157858 80
157886 79
158147 78
158188 77
158359 78
158463 77
158518 76
158655 75
158661 76
158798 77
158798 78
158833 77
158847 76
158971 75
159067 74
159122 73
159232 72
159265 73
159273 72
159362 73
159383 72
159526 73
159595 74
159602 73
159603 72
159609 73
159609 74
159622 75
159636 76
159877 75
159952 76
159986 75
160007 76
160021 77
160268 78
160295 79
160413 78
160611 79
160729 78
160940 79
160982 80
161202 81
161374 80
161709 81
161786 80
161855 79
162061 78
162177 79
162225 78
162308 77
162363 76
162424 77
162478 78
162520 79
162541 78
162657 79
163091 78
163124 79
163124 80
163172 79
163310 78
163585 77
163599 76
163618 77
163709 76
163709 75
163729 76
163907 77
164017 78
164031 79
164258 78
164327 77
164388 78
164470 79
164662 80
164923 81
164986 80
165027 79
165178 78
165329 77
165384 76
165466 75
165480 74
165500 75
165569 76
165769 75
165796 74
165940 75
166049 76
166071 75
166145 76
166214 77
166228 78
166290 77
166365 78
166598 79
166832 80
167018 79
167244 80
167307 79
167471 78
167595 77
167725 78
167945 79
168048 78
168075 77
168103 76
168123 77
168268 76
168274 77
168446 76
168459 75
168604 76
168631 77
168639 76
168694 75
168735 74
168762 73
168865 74
168886 73
168892 74
168906 75
169002 76
169057 77
169332 78
169482 79
169496 80
169545 79
169655 78
169984 77
170018 78
170032 79
170053 78
170196 79
170389 80
170863 79
170870 80
171028 79
171275 78
171330 77
171399 76
171481 75
171550 74
171584 75
171646 74
171948 73
171996 74
172037 75
172050 76
172078 77
172216 78
172298 79
172498 78
172600 79
172621 78
172621 77
172641 78
172649 77
172833 78
173108 79
173253 78
173272 79
173459 78
173541 77
173671 78
173692 77
173775 76
173822 77
173904 78
174042 79
174077 78
174337 77
174385 78
174571 77
174714 78
174763 77
174784 78
174852 79
174948 80
175038 79
175168 80
175176 79
175354 78
175505 77
175594 78
175649 79
175758 80
175841 81
176247 80
176260 79
176260 78
176357 77
176527 78
176549 77
176555 78
176645 77
176659 76
176672 75
176761 76
176851 75
176884 76
176912 77
177022 78
177091 79
177173 80
177208 79
177214 80
177277 79
177414 78
177785 77
177846 78
177997 79
178059 78
178087 77
178156 76
178176 77
178231 78
178471 77
178615 78
178615 79
178622 78
178697 79
178760 78
179205 79
179439 80
179590 81
180092 80
180202 79
180270 78
180463 77
180895 78
180908 79
180963 80
181073 81
181424 80
181548 79
181685 78
181685 77
181767 76
181815 77
181891 76
182179 75
182179 74
182282 75
182309 76
182330 75
182378 76
182378 77
182419 78
182468 77
182831 78
182844 79
182858 80
182920 79
183078 80
183127 79
183449 80
183558 81
183800 80
183910 79
184280 78
184424 79
184493 80
184740 81
185035 80
185338 79
185338 78
185393 77
185412 78
185475 77
185599 76
185633 77
185948 78
186038 77
186072 78
186099 79
186457 80
186621 81
186711 80
187261 79
187288 78
187343 77
187508 76
187514 77
187610 78
187618 77
187871 78
188167 77
188173 78
188201 79
188461 80
188558 81
188729 80
188950 79
189080 80
189101 79
189107 80
189114 79
189464 80
189554 79
189608 78
189677 77
189752 78
189814 77
190109 78
190178 79
190246 80
190460 79
190480 80
190934 81
190968 80
191010 79
191051 78
191174 77
191284 76
191455 77
191531 76
191551 77
191834 76
191854 77
192114 78
192142 79
192211 80
192314 79
192814 80
192822 79
192836 78
192973 77
193090 78
193240 79
193275 78
193419 79
193440 78
193460 79
193652 80
193715 79
194099 78
194106 79
194655 80
194696 81
194759 80
194800 79
194868 78
194992 77
195129 76
195232 77
195377 76
195459 75
195465 76
195534 77
195699 78
195781 79
195849 80
196036 79
196173 78
196303 79
196344 80
196482 81
196530 80
196544 79
196558 78
196618 79
196942 78
197003 79
197038 78
197388 79
197415 80
197423 79
197525 80
197855 81
198027 80
198157 81
198508 80
198645 79
198755 78
198837 77
199071 76
199167 75
199200 76
199256 77
199379 78
199475 79
199502 80
199585 81
199703 80
199744 79
199744 78
199983 79
200135 80
200252 79
200348 78
200444 77
200519 78
200739 79
200801 78
200870 77
201007 76
201040 77
201117 76
201192 77
201425 78
201467 79
201494 80
201598 79
201851 80
202030 81
202174 80
202463 79
202614 78
202779 77
202936 78
203128 79
203246 78
203410 77
203417 78
203424 77
203513 78
203595 79
203616 78
203712 77
203754 76
203822 75
203856 76
204015 75
204076 76
204076 77
204097 76
204172 77
204213 78
204323 79
204433 80
204721 81
204894 80
205229 81
205264 80
205306 79
205353 80
205608 79
205717 78
205718 77
205882 76
205882 75
205902 76
205937 75
206020 74
206032 73
206253 72
206273 73
206383 74
206396 75
206397 76
206418 75
206479 76
206493 77
206534 78
206685 79
206754 80
207070 81
207091 80
207132 79
207146 78
207330 79
207420 78
207440 79
207728 80
207860 79
208168 80
208319 81
208505 80
209013 79
209239 80
209253 81
209604 80
209618 79
209673 78
209755 77
209810 76
209884 77
209892 76
209947 75
209988 74
210091 75
210291 74
210332 73
210365 74
210434 75
210538 74
210551 73
210572 74
210626 75
210634 74
210736 75
210854 74
210929 75
211079 76
211128 75
211135 76
211148 77
211148 78
211266 77
211299 78
211333 77
211560 78
211904 79
212027 80
212282 79
212288 80
212837 81
212845 80
212933 81
213120 80
213312 79
213326 78
213586 77
213587 76
213613 75
213812 76
213889 75
213909 76
213985 75
214018 76
214040 75
214081 74
214108 73
214163 72
214169 73
214306 74
214348 75
214375 76
214438 75
214699 74
214705 75
214718 76
214732 77
214973 76
215042 75
215048 76
215186 77
215317 76
215337 77
215358 76
215405 77
215426 76
215591 75
215598 76
215605 75
215743 74
215858 75
215872 76
215872 77
215927 78
215990 77
216037 78
216312 79
216367 80
216388 79
216442 78
216477 79
216641 80
216745 79
216745 78
216861 79
217020 78
217033 77
217300 78
217452 79
217616 80
217789 79
217871 78
217871 77
217905 78
217912 77
218201 76
218228 75
218234 76
218289 77
218413 78
218454 79
218550 80
218674 81
218970 80
219148 79
219354 78
219443 79
219539 80
219560 79
219566 80
219643 79
219656 78
219684 77
219698 76
219739 75
219868 76
219882 77
220136 76
220212 77
220294 78
220335 79
220624 80
220728 79
220824 78
220981 79
221043 78
221043 77
221256 78
221497 77
221517 78
221579 77
221585 78
221689 77
221757 76
221758 75
221805 76
221909 75
221950 74
222025 75
222038 76
222087 75
222258 76
222354 77
222354 78
222430 77
222458 76
222472 75
222485 74
222670 75
222711 76
222725 77
222835 78
222848 79
222856 78
222903 79
223233 80
223378 79
223474 78
223474 77
223590 78
223961 79
223969 78
224043 79
224071 80
224106 79
224161 78
224216 77
224257 76
224469 77
224573 76
224683 75
224710 74
224751 73
224764 72
224779 71
224812 72
224861 71
224916 70
224964 71
224977 72
225005 73
225019 74
225046 75
225067 74
225197 75
225238 76
225287 75
225321 76
225458 77
225471 78
225658 77
225746 78
225795 77
225897 78
225952 79
226103 80
226138 79
226145 80
226180 79
226482 78
226694 79
226900 80
227182 79
227237 78
227366 79
227820 80
227869 79
227869 78
228122 79
228239 78
228267 77
228369 78
228418 77
228479 78
228569 77
228597 76
228651 75
228699 76
228713 77
228726 78
228912 77
228953 76
229015 77
229276 78
229406 77
229413 78
229421 77
229503 76
229530 75
229550 76
229585 75
229646 76
229811 77
229819 76
229887 75
229907 76
230113 77
230127 78
230155 79
230162 78
230416 79
230505 78
230512 79
230931 78
230965 79
231165 78
231206 77
231316 76
231459 77
231563 76
231624 77
231741 76
231879 75
231954 76
231975 75
232063 76
232077 77
232091 78
232167 77
232228 78
232283 79
232400 78
232442 77
232552 76
232854 75
232887 76
232969 77
232969 78
233066 79
233170 78
233307 77
233326 78
233376 77
233409 78
233485 77
233492 78
233595 77
233753 78
233780 79
233821 80
233870 79
234027 80
234090 79
234268 78
234686 79
234694 78
234790 77
234810 78
234906 79
235010 78
235312 77
235600 76
235655 75
235662 76
235758 77
235826 78
236150 77
236196 78
236210 79
236273 78
236273 77
236293 78
236438 77
236746 78
236774 79
236905 78
236938 79
237034 80
237221 79
237248 78
237268 79
237303 78
237391 79
237454 78
237845 79
237845 80
237852 79
237900 80
238155 79
238155 78
238160 79
238402 78
238457 77
238512 76
238710 77
238828 76
238965 75
239020 74
239047 73
239149 74
239190 75
239314 76
239328 77
239411 78
239418 77
239768 78
239878 79
239918 80
240091 79
240091 78
240187 77
240242 76
240330 77
240674 78
240715 79
240805 78
240921 79
240929 78
240956 77
240990 78
241388 79
241456 80
241498 81
241766 80
241904 79
242110 78
242123 77
242165 76
242281 77
242349 78
242418 79
242425 78
242432 79
242748 80
242824 79
242961 78
243016 77
243118 78
243126 77
243263 76
243476 77
243599 78
243860 79
243895 78
243901 79
243950 78
243997 79
244142 78
244142 77
244354 78
244395 79
244436 80
244637 79
244718 78
244752 79
244760 78
245309 77
245378 76
245398 77
245433 76
245474 75
245494 76
245562 77
245590 78
245598 77
245878 78
246057 79
246133 78
246140 79
246188 78
246188 77
246208 78
246216 77
246243 76
246387 77
246422 76
246675 77
246730 78
246771 79
246861 78
246944 77
246950 78
246991 79
247012 78
247026 77
247177 76
247383 75
247458 76
247623 77
247699 76
247829 77
247836 76
247891 75
247932 74
248007 75
248035 76
248172 77
248221 76
248235 75
248351 76
248372 75
248378 76
248427 75
248557 76
248557 77
248680 78
248694 79
248729 78
248798 77
248913 78
249065 79
249188 80
249210 79
249339 80
249449 81
249937 80
250171 79
250479 80
250597 79
250748 78
250809 79
250905 80
251187 79
251201 78
251242 77
251311 76
251317 77
251530 76
251564 77
251619 78
251709 77
251791 76
251915 75
252017 76
252052 75
252059 76
252182 77
252278 78
252306 79
252457 80
252566 81
253123 80
253494 79
253507 78
253577 77
253624 78
253728 77
253926 78
253961 77
253994 78
254153 77
254304 76
254325 77
254379 78
254558 79
254695 80
254764 81
254895 80
254991 79
255101 78
255189 79
255629 80
255986 81
256515 80
256734 79
256838 80
257216 79
257222 80
257285 79
257285 78
257441 79
257490 78
257642 77
257669 76
257799 77
257930 76
257943 75
257977 76
257977 77
258005 78
258142 79
258150 78
258568 79
258623 80
258623 81
258699 80
258760 81
259070 80
259179 79
259419 80
259441 79
259495 78
259666 79
259735 80
259941 81
260099 80
260388 79
260416 78
260429 77
260669 78
260696 79
260800 78
260971 79
261026 80
261102 79
261308 78
261349 77
261555 76
261699 77
261720 76
261781 77
261815 76
261858 75
261899 74
262036 73
262056 74
262262 75
262317 76
262325 75
262386 76
262421 75
262468 76
262482 77
262564 78
262578 79
262605 80
262798 81
263245 80
263395 79
263539 80
263615 79
263745 80
263808 79
264096 78
264267 79
264322 80
264349 81
264618 80
264851 79
265126 78
265187 79
265236 78
265373 77
265448 78
265497 77
265654 78
265668 79
265771 78
265833 79
266080 80
266244 81
266362 80
266376 79
266733 78
266856 77
266904 78
266911 77
266939 76
266958 77
266958 78
266966 77
267165 78
267343 79
267461 78
267502 77
267502 76
267590 77
267612 76
267865 77
268071 78
268098 79
268181 80
268222 81
268285 80
268312 79
268367 78
268559 77
268717 78
269005 79
269164 78
269197 79
269211 80
269390 81
269562 80
270070 79
270323 80
270509 79
270619 78
270619 77
270647 76
270653 77
270688 76
270708 77
271182 76
271237 75
271340 76
271388 75
271518 76
271573 77
271683 78
271765 79
271930 80
272020 79
272075 78
272075 77
272149 78
272253 77
272369 78
272404 77
272411 78
272782 79
273070 80
273344 81
273558 80
273613 79
273976 80
273984 79
273997 78
274231 77
274327 76
274347 77
274396 76
274443 77
274457 78
274457 79
274478 78
274533 77
274561 76
274629 75
274690 76
274800 77
274808 76
275075 77
275253 78
275308 79
275391 80
275391 81
275563 80
275700 79
275783 78
275906 77
276119 78
276154 77
276421 78
276462 79
276511 78
276613 79
276654 80
277032 79
277038 80
277293 79
277335 78
277403 77
277417 76
277561 77
277692 76
277849 77
278041 78
278076 77
278090 76
278192 77
278241 76
278255 75
278302 76
278365 75
278398 76
278516 75
278673 76
278714 77
278777 76
278817 75
278873 74
278879 75
278947 76
279003 77
279194 78
279387 79
279491 78
279518 77
279765 76
279772 77
279875 76
279936 77
279936 78
280067 77
280177 76
280197 77
280348 78
280438 77
280719 78
280740 77
280768 76
280787 77
280925 78
281008 79
281084 78
281103 79
281310 80
281399 79
281551 78
281612 79
281824 78
281880 77
281941 78
281976 77
282004 76
282010 77
282018 76
282092 77
282223 76
282223 75
282270 76
282326 77
282531 78
282594 77
282635 76
282759 75
282779 76
282787 75
282861 76
282883 75
282923 74
282957 75
283012 76
283054 77
283122 78
283191 79
283273 80
283322 79
283404 78
283501 77
283583 76
283775 75
283795 76
283905 77
283946 78
283974 79
284146 78
284221 79
284270 78
284290 79
284517 78
284551 79
284557 78
284599 77
284702 78
284874 77
285141 78
285196 79
285258 78
285533 77
285539 78
285574 77
285684 76
285759 77
285800 78
286034 79
286041 78
286246 77
286343 76
286405 77
286418 78
286556 79
286700 78
286844 79
286858 80
287030 79
287140 78
287160 79
287209 78
287291 77
287332 76
287393 77
287415 76
287496 75
287599 76
287654 77
287750 78
287998 79
288039 80
288189 81
288582 80
288582 79
288870 78
289096 79
289206 80
289255 79
289282 78
289296 77
289392 76
289392 75
289645 76
289755 77
289906 78
289941 77
289983 76
289983 75
290051 74
290079 73
290120 72
290154 73
290195 74
290345 75
290346 76
290538 77
290593 78
290593 79
290785 80
290785 81
290848 80
290875 79
290944 78
291430 79
291507 78
291554 79
292062 80
292268 81
292303 80
292303 79
292427 78
292537 77
292900 78
292963 77
293004 76
293127 75
293257 76
293257 77
293298 78
293353 79
293484 78
293759 77
293765 78
293883 77
293958 78
294081 79
294149 80
294391 79
294487 78
294556 77
294624 76
294693 75
294706 74
294781 75
294891 76
294960 77
294974 78
295001 79
295132 78
295166 79
295215 78
295290 79
295393 78
295427 79
295612 78
295805 77
296100 78
296237 79
296245 78
296286 77
296388 78
296464 77
296471 78
296492 77
296787 78
296835 77
296883 78
296890 77
296951 78
297033 79
297192 78
297281 79
297363 80
297459 81
297591 80
297824 79
297961 78
298311 79
298380 80
298401 79
298469 78
298469 77
298764 78
298827 77
298827 76
298923 75
298956 76
299101 75
299286 76
299368 77
299390 76
299423 77
299541 76
299561 77
299780 78
299815 77
299835 78
299835 79
300000 79
