0 0
4278 1
4327 2
4333 3
4334 3
4341 3
4343 4
4401 5
4409 5
4410 5
4419 6
4422 7
4454 8
4464 9
4468 10
4471 9
4511 10
4519 9
4538 10
4546 11
4553 11
4578 12
4586 12
4593 13
4642 14
4647 15
4647 16
4648 17
4654 17
4655 17
4655 17
4655 16
4657 16
4661 17
4661 18
4669 17
4672 18
4680 18
4680 17
4703 16
4704 16
4709 17
4735 18
4749 19
4773 20
4780 20
4781 21
4781 20
4789 20
4789 20
4791 21
4795 22
4810 23
4813 24
4817 24
4820 25
4821 24
4831 25
4831 25
4832 24
4832 23
4834 24
4839 24
4840 24
4840 24
4842 24
4848 25
4851 26
4852 27
4855 27
4855 27
4858 26
4859 25
4860 25
4882 26
4888 26
4889 25
4889 24
4889 24
4894 25
4896 26
4916 26
4916 25
4916 24
4944 25
4990 26
4994 27
5004 28
5009 29
5012 29
5016 30
5017 30
5023 30
5024 30
5024 30
5024 30
5029 31
5030 31
5032 32
5033 33
5034 34
5039 34
5039 34
5042 34
5042 34
5049 34
5058 35
5087 34
5087 33
5142 34
5148 34
5149 34
5172 35
5177 36
5186 36
5194 37
5202 36
5210 37
5211 38
5211 39
5216 40
5218 39
5219 39
5220 39
5220 40
5220 39
5225 40
5230 41
5233 40
5233 39
5235 40
5242 41
5272 42
5273 41
5277 42
5277 42
5287 42
5293 41
5294 40
5299 40
5301 41
5301 42
5308 41
5309 40
5309 39
5309 38
5309 37
5321 38
5322 38
5329 38
5338 39
5345 38
5347 37
5358 38
5360 39
5362 40
5367 40
5368 40
5369 39
5370 38
5370 38
5375 39
5375 40
5383 40
5383 39
5390 38
5398 39
5410 38
5417 39
5424 39
5424 38
5425 37
5430 38
5431 39
5439 38
5439 37
5439 38
5447 38
5452 37
5457 38
5465 38
5465 37
5486 38
5493 38
5493 38
5493 38
5496 39
5504 39
5505 38
5548 39
5556 39
5562 40
5569 41
5570 40
5570 39
5571 40
5572 39
5577 39
5578 39
5578 38
5579 37
5588 37
5589 37
5590 38
5596 39
5597 38
5598 37
5599 37
5599 36
5604 35
5609 36
5609 37
5624 38
5631 38
5632 37
5660 38
5665 39
5668 38
5668 38
5673 38
5673 38
5677 39
5691 40
5692 41
5700 40
5700 40
5701 39
5705 40
5717 41
5725 41
5788 42
5795 41
5796 41
5802 42
5803 43
5810 42
5870 43
5878 42
5878 42
5891 43
5899 43
5899 43
5910 44
5926 45
5934 45
5935 44
5939 45
5939 46
5947 45
5947 46
5947 45
5947 44
5954 44
5955 43
5974 44
5975 45
5982 45
5982 44
6006 45
6007 46
6014 46
6016 45
6020 46
6028 45
6056 46
6066 47
6069 46
6076 47
6103 48
6111 47
6112 46
6112 47
6117 48
6119 47
6120 47
6121 47
6125 47
6146 46
6167 47
6168 48
6186 49
6186 50
6194 50
6194 49
6203 50
6222 51
6227 52
6235 51
6235 51
6250 52
6257 51
6268 52
6282 53
6290 53
6290 52
6304 53
6311 52
6311 51
6345 52
6352 52
6352 51
6365 52
6373 51
6419 52
6427 53
6434 52
6434 51
6474 52
6482 52
6482 51
6483 52
6490 51
6498 52
6502 53
6516 54
6524 55
6543 56
6544 55
6570 56
6578 55
6593 56
6597 57
6604 56
6639 57
6647 57
6648 56
6708 57
6715 56
6723 57
6730 58
6737 57
6744 58
6751 58
6762 59
6763 60
6770 60
6770 59
6790 60
6798 61
6798 62
6798 61
6805 61
6811 60
6819 59
6840 60
6847 59
6853 60
6886 61
6914 62
6942 63
6949 62
6969 63
6996 64
7010 65
7018 64
7019 63
7051 64
7060 63
7065 64
7073 63
7141 64
7148 63
7175 62
7183 63
7231 62
7264 61
7293 62
7320 63
7320 64
7327 63
7327 63
7327 62
7340 62
7348 63
7374 63
7381 64
7389 63
7394 64
7403 63
7430 64
7438 63
7485 64
7487 65
7495 64
7519 63
7519 63
7540 64
7545 65
7553 64
7595 65
7623 66
7630 65
7664 66
7677 67
7697 66
7738 67
7765 68
7801 69
7820 70
7828 69
7828 68
7842 69
7848 69
7849 68
7849 67
7849 66
7917 65
7939 66
7946 65
7946 64
7971 65
7972 64
7979 63
7979 62
7979 63
7986 62
7999 63
8021 64
8028 63
8041 62
8049 63
8054 62
8055 61
8056 60
8057 59
8076 60
8083 59
8083 58
8136 59
8144 58
8144 57
8145 58
8152 57
8152 56
8158 57
8167 57
8184 56
8213 57
8240 58
8295 59
8328 60
8342 61
8342 62
8350 61
8399 60
8420 61
8452 62
8460 61
8474 62
8474 63
8517 64
8525 63
8525 63
8570 64
8578 63
8578 62
8625 63
8659 62
8667 63
8674 62
8674 61
8679 62
8687 61
8687 60
8714 59
8721 60
8722 61
8729 60
8731 59
8731 58
8795 59
8796 58
8801 58
8804 57
8804 58
8831 59
8838 58
8859 59
8868 59
8868 59
8868 58
8933 59
8941 60
8968 61
8975 60
8995 61
9014 62
9051 63
9060 63
9060 62
9065 63
9065 64
9074 63
9074 62
9092 63
9099 62
9099 61
9111 62
9155 63
9161 64
9162 63
9162 62
9162 61
9202 62
9243 63
9250 62
9250 61
9271 62
9277 61
9297 62
9374 61
9381 62
9388 61
9394 62
9402 62
9408 63
9463 64
9463 65
9472 65
9472 64
9491 65
9498 64
9518 65
9547 66
9555 65
9600 66
9614 67
9614 68
9641 69
9696 70
9696 71
9703 70
9705 69
9705 68
9724 69
9724 70
9731 69
9733 68
9765 69
9779 68
9801 69
9848 70
9848 71
9857 70
9857 69
9917 70
9951 69
9951 68
10027 69
10035 68
10035 68
10035 67
10048 66
10108 67
10135 68
10143 68
10150 69
10171 69
10171 68
10260 69
10269 68
10269 67
10274 68
10301 69
10493 70
10502 69
10506 70
10507 71
10542 70
10562 71
10571 70
10571 69
10665 68
10666 67
10672 68
10672 69
10699 70
10747 69
10768 70
10836 71
10844 70
10864 71
10878 72
10886 71
10946 72
10953 71
11029 72
11036 71
11038 70
11038 69
11056 70
11084 71
11160 70
11166 71
11207 72
11215 71
11242 70
11242 70
11243 69
11310 68
11358 69
11386 70
11395 69
11427 70
11436 69
11441 70
11509 71
11523 72
11661 73
11661 74
11702 75
11737 74
11757 75
11766 74
11792 73
11866 74
11866 75
11907 76
12032 77
12086 78
12196 79
12333 80
12368 79
12368 78
12396 77
12402 78
12663 79
12793 78
13110 77
13138 76
13213 77
13267 78
13404 79
13487 80
13536 79
13748 80
13755 79
14016 78
14132 79
14229 80
14332 79
14346 78
14359 77
14456 76
14544 77
14709 78
14737 79
14901 80
15019 79
15088 78
15176 79
15327 80
15458 79
15760 78
15972 79
15994 78
16076 77
16076 76
16090 75
16302 76
16371 77
16384 78
16398 79
16530 78
16536 79
16557 78
16673 79
16928 78
17010 77
17051 76
17071 77
17112 78
17442 79
17601 78
17662 79
17917 78
18088 79
18115 80
18150 79
18164 78
18540 79
18795 78
19214 79
19331 78
19345 77
19406 78
19433 79
19647 78
19702 77
19784 76
19969 77
20023 78
20086 77
20230 78
20265 77
20402 76
20559 77
20581 76
20697 77
20985 78
21116 77
21163 78
21199 77
21342 78
21603 79
21713 80
21803 79
21872 78
21891 79
21982 78
22119 77
22201 76
22380 75
22455 76
22476 75
22503 74
22503 73
22523 74
22551 75
22633 76
22674 77
22743 78
22792 77
22894 78
23066 77
23279 78
23355 77
23374 78
23382 77
23484 78
23492 77
23718 78
23738 77
23753 76
23794 75
23965 76
23973 75
23979 76
23993 77
24014 76
24028 75
24165 74
24308 75
24350 76
24405 77
24432 78
24460 79
24624 80
24824 79
24838 78
24879 77
25078 78
25160 79
25167 78
25250 77
25366 78
25490 79
25538 78
25764 79
25827 78
25888 79
25895 78
25909 77
25923 76
26033 75
26066 76
26073 75
26135 76
26211 75
26300 76
26362 75
26657 76
26698 77
26794 78
26821 79
26993 78
27082 79
27137 80
27151 81
27323 80
27365 79
27392 78
27475 77
27687 78
27728 79
27749 78
27749 77
27892 78
27914 77
28030 78
28126 79
28147 78
28319 79
28374 80
28552 81
28752 80
28958 79
29493 78
29535 77
29610 78
29623 79
29631 78
29672 77
29699 76
29884 77
29898 78
29925 79
29974 78
30070 77
30131 78
30400 77
30447 78
30606 77
30674 76
30763 77
30900 78
30983 79
31038 80
31251 79
31477 80
31512 79
31902 80
31993 79
32136 80
32603 81
32666 80
32679 79
33001 80
33201 79
33242 78
33263 79
33380 78
33380 77
33503 76
33572 75
33682 74
33756 75
33798 76
33839 77
33881 78
34149 77
34218 76
34259 75
34320 76
34375 77
34443 78
34575 77
34691 78
34726 77
34828 78
34835 77
34958 76
34993 77
35075 78
35344 77
35357 76
35377 77
35432 78
35659 77
35665 78
35665 79
35783 78
35885 79
35893 78
36058 77
36215 78
36284 79
36311 80
36579 79
36593 78
36709 79
36819 80
37046 79
37088 78
37128 77
37170 76
37300 77
37335 76
37362 75
37390 74
37390 73
37596 72
37726 73
37857 72
37925 71
37931 72
37959 73
37959 74
37967 73
38000 74
38124 75
38179 76
38192 77
38220 78
38412 79
38475 78
38563 79
38659 80
38681 79
38804 78
38947 79
39051 78
39195 79
39250 80
39340 79
39367 78
39483 79
39766 78
39793 77
39868 78
40027 77
40073 78
40074 79
40472 80
40486 81
40768 80
41070 79
41125 78
41125 77
41304 76
41598 77
41633 76
41667 77
41928 78
42024 79
42086 78
42093 79
42161 80
42265 79
42320 78
42436 79
42677 78
42690 77
42814 76
42814 75
42889 76
42938 75
43048 74
43054 75
43089 74
43205 75
43301 76
43301 77
43370 78
43528 77
43699 78
43768 79
43858 78
44098 79
44276 80
44476 79
44564 80
44833 79
44874 78
45108 77
45114 78
45341 77
45354 76
45512 77
45581 78
45595 79
45787 80
45979 81
45987 80
46014 79
46028 78
46591 77
46611 78
46646 77
46761 78
46824 77
46872 78
46962 77
46975 76
47187 77
47284 78
47517 79
47668 80
47813 79
47929 80
48211 79
48211 78
48211 77
48424 78
48610 77
48643 78
48857 77
48857 76
48890 77
48959 78
49076 77
49200 76
49384 77
49439 78
49530 77
49728 78
49755 79
49755 80
49777 79
49907 80
50223 81
50271 80
50299 79
50367 78
50532 77
50573 76
50950 77
51033 78
51129 79
51252 80
51459 81
51521 80
51535 79
51973 78
52043 77
52145 78
52269 79
52523 78
52598 79
52626 80
52784 79
52908 78
52983 79
53237 78
53463 79
53642 80
53669 81
53732 80
53814 79
54075 78
54103 77
54199 76
54562 77
54603 78
54617 79
54837 80
54919 81
55352 80
55572 79
55751 78
55751 77
56210 78
56293 79
56341 78
56361 79
56520 78
56567 79
56773 80
57267 81
57275 80
57412 79
57660 78
57783 77
57789 78
57926 79
58030 78
58215 79
58270 80
58449 81
58511 80
58813 79
59060 78
59390 77
59423 78
59459 77
59506 78
59506 79
59884 78
60069 79
60096 80
60118 79
60179 80
60337 79
60379 78
60543 77
60728 78
60769 79
60846 78
60934 79
61189 78
61250 79
61346 80
61518 79
61593 80
61752 79
61779 78
62032 79
62307 80
62417 81
62521 80
62590 79
62617 78
62740 77
62829 78
62864 77
62925 78
63043 77
63269 78
63310 79
63469 78
63592 77
63749 78
63914 79
64004 78
64024 79
64169 78
64292 77
64306 76
64312 77
64367 78
64553 77
64628 78
64807 79
64910 78
64916 79
65103 78
65117 77
65281 76
65294 75
65342 76
65383 77
65397 78
65727 79
65748 78
65837 79
65844 78
66111 79
66111 80
66229 79
66531 78
66613 77
66647 78
66688 79
66970 78
67155 79
67478 78
67520 77
67526 78
67773 79
67773 80
67794 79
67945 78
68000 77
68007 78
68556 79
68679 80
68907 79
68995 80
69504 81
69937 80
69978 79
70231 80
70321 79
70390 78
70459 77
70500 76
70602 77
70657 78
70678 77
70781 78
70794 79
71296 78
71481 79
71708 78
71728 79
71736 78
71791 77
71832 76
71866 77
72195 78
72278 79
72332 80
72332 81
72450 80
72807 79
72821 78
73040 77
73074 78
73191 77
73225 78
73637 79
73645 78
73994 79
74043 78
74118 79
74180 78
74255 79
74523 78
74606 77
74708 78
74908 77
74914 78
75059 77
75093 78
75244 79
75293 78
75512 77
75553 76
75642 77
75655 78
75807 79
76233 80
76288 81
76364 80
76515 79
76590 80
76836 81
77009 80
77462 79
77633 80
77812 81
77888 80
77929 79
78045 80
78190 79
78286 78
78333 79
78396 78
78396 77
78479 76
78636 77
78649 78
78697 77
78856 78
78869 79
78890 78
79034 79
79054 78
79171 79
79440 78
79529 79
79563 78
79638 79
79824 78
80139 77
80160 78
80187 79
80305 78
80484 77
80544 78
80544 79
80586 80
80662 79
80909 78
80951 77
80992 76
81135 77
81272 78
81286 79
81383 80
81767 81
81898 80
82186 79
82530 78
82563 79
82673 80
82695 79
82777 78
83071 79
83167 80
83450 79
83690 80
83697 79
83985 78
84095 77
84205 76
84335 77
84390 78
84411 77
84554 78
84562 77
84617 76
84755 75
84782 74
84788 75
84802 76
84925 77
85008 78
85228 79
85324 80
85606 79
85743 78
85749 79
85963 78
86175 79
86238 78
86271 79
86402 78
86485 77
86560 78
86650 77
86683 78
86711 79
87013 80
87158 79
87343 80
87405 79
87548 80
87576 81
87597 80
87823 81
87886 80
87954 79
88249 80
88276 81
88462 80
88545 79
88832 78
89004 79
89149 78
89375 79
89657 78
89732 79
89745 80
89946 79
89952 80
90364 81
90412 80
90522 79
90638 80
90866 79
90934 78
91050 79
91325 80
91490 81
91580 80
91786 79
91964 78
91964 77
92047 76
92198 75
92253 74
92259 75
92314 76
92514 75
92547 76
92616 77
92616 78
92685 79
92877 80
92953 79
93338 78
93358 79
93522 80
93640 79
93742 80
93832 79
94203 78
94203 77
94208 78
94360 79
94587 78
94868 79
94936 80
95054 79
95288 78
95370 77
95425 76
95439 75
95500 76
95549 75
95555 76
95686 75
95727 74
95747 75
95755 74
95857 75
95864 74
95892 73
95892 72
96090 73
96131 74
96131 75
96249 74
96310 75
96406 76
96406 77
96447 78
96777 79
96818 80
96853 79
96900 80
96908 79
97003 78
97024 79
97032 78
97045 77
97196 76
97210 75
97285 76
97340 77
97348 76
97368 77
97526 76
97697 77
97793 78
97856 77
97889 78
97952 77
98109 78
98405 77
98535 78
98549 79
98617 80
98762 79
98790 78
98837 79
98872 78
98996 77
99092 76
99111 77
99147 76
99353 75
99394 74
99413 75
99510 76
99551 77
99572 76
99751 75
99812 76
99894 77
99963 78
99977 79
99984 78
100210 79
100237 80
100328 79
100451 78
100458 79
100479 78
100560 77
100567 78
100616 77
100650 78
100726 77
101048 78
101089 79
101158 80
101391 81
101660 80
101742 79
101838 78
102298 79
102311 80
102346 79
102456 78
102462 79
102580 78
102593 77
102819 78
102854 77
102978 76
103019 75
103060 74
103080 75
103129 74
103135 75
103203 76
103369 77
103390 76
103459 75
103547 76
103561 77
103630 78
103644 79
103746 78
103918 79
103987 80
104097 81
104104 80
104241 79
104770 80
104777 79
104866 80
104914 79
104969 78
105037 77
105202 76
105299 75
105387 76
105387 77
105436 76
105546 75
105649 76
105662 77
105909 78
105923 79
106006 80
106019 81
106109 80
106288 79
106384 78
106665 79
106755 78
107077 79
107172 80
107598 81
108197 80
108450 81
108760 80
108911 79
108938 78
108938 77
109246 78
109474 77
109549 78
109590 79
109659 80
109727 81
109968 80
110036 79
110119 78
110263 79
110331 80
110634 81
110696 80
110696 79
111067 78
111183 79
111361 80
111410 79
111567 80
111973 79
112061 80
112152 79
112440 78
112467 77
112646 76
112666 77
112694 78
112789 79
113105 80
113182 79
113360 78
113408 79
113490 80
113552 79
113676 78
113778 79
113937 78
114039 79
114143 78
114396 79
114404 78
114418 77
114555 76
114588 77
114637 76
114795 77
114808 78
114822 79
114863 80
115145 79
115214 78
115234 79
115241 78
115343 79
115577 80
115736 79
115797 80
115873 79
116175 78
116175 77
116209 78
116340 77
116538 78
116621 79
116731 80
116862 79
116889 78
117102 79
117260 78
117500 79
117521 78
117644 77
117645 76
117651 77
117659 76
117747 77
117830 78
117912 79
118035 80
118125 79
118337 80
118730 79
118736 80
119389 79
119491 80
119738 81
119883 80
120213 79
120453 80
120570 79
120603 80
120899 79
121167 80
121545 79
121661 80
121833 79
121957 78
122031 79
122273 78
122293 79
122438 78
122438 77
122534 76
122622 77
122732 78
122787 79
122808 78
123001 77
123062 78
123097 77
123130 78
123179 77
123207 76
123268 77
123515 78
123597 79
123790 80
123838 79
123921 78
123927 79
124256 80
124374 79
124833 80
124847 81
124951 80
125267 79
125280 78
125423 79
125423 80
125775 79
125781 80
125788 79
126069 80
126138 81
126145 80
126709 79
126810 80
126860 79
127107 78
127181 79
127217 78
127272 77
127443 78
127525 79
127566 80
127662 81
127835 80
127862 79
128247 78
128376 79
128569 80
128678 81
128741 80
128961 79
128974 78
129310 79
129365 80
129447 81
129483 80
129592 79
129730 78
129949 77
130093 78
130257 79
130395 80
130464 81
130567 80
130787 79
130815 78
131172 77
131329 78
131384 79
131446 78
131453 79
131494 80
131625 79
131707 78
131906 79
131996 78
132098 79
132408 78
132427 79
132669 78
132737 77
132820 76
132950 77
133046 78
133190 77
133190 76
133196 77
133279 78
133307 79
133471 80
133677 81
133863 80
133932 79
134267 80
134275 79
134790 80
135050 81
135072 80
135154 79
135237 78
135250 77
135682 78
135806 79
135813 78
135833 79
135888 80
136094 81
136363 80
136445 79
136500 78
136541 77
136802 76
136808 77
136898 76
136940 75
137014 76
137069 77
137132 76
137372 77
137399 78
137413 79
137426 80
137571 79
137750 78
137948 79
138038 78
138264 79
138498 80
138607 81
138738 80
138931 79
138972 78
139466 77
139535 76
139651 77
139706 78
139727 77
139802 78
139823 77
139981 78
140016 77
140126 76
140180 75
140255 76
140282 77
140365 78
140483 77
140538 76
140640 77
140736 78
140798 77
140873 78
140914 79
141059 78
141148 79
141183 78
141436 79
141512 78
141760 77
141842 76
141917 77
141931 78
142068 79
142136 80
142295 79
142411 80
142543 79
142563 80
142878 81
143174 80
143339 79
143545 78
143682 77
143724 76
143853 77
143888 76
144059 77
144108 76
144114 77
144142 78
144190 77
144306 78
144499 79
144506 78
144520 77
144636 78
144657 77
144726 76
144863 75
144897 76
144966 77
145028 76
145213 77
145419 78
145432 79
145488 80
145550 79
145598 80
145701 79
145728 78
145907 77
146092 78
146270 79
146353 80
146525 79
146572 80
146841 79
146978 78
147163 79
147170 78
147184 77
147204 78
147431 77
147493 78
147596 77
147643 78
147850 79
148000 80
148028 81
148489 80
148873 79
148915 78
148976 79
149052 78
149181 79
149656 78
149854 79
149862 78
149868 79
150040 78
150074 79
150329 78
150357 77
150459 78
150535 77
150535 76
150549 75
150582 76
150830 77
150851 76
150898 77
151091 78
151104 79
151173 80
151235 79
151242 80
151915 81
152087 80
152101 79
152293 78
152581 77
152677 76
152711 77
152889 78
152966 77
152972 78
153089 77
153131 76
153398 77
153412 78
153425 79
153507 80
153645 81
153913 80
154161 79
154243 78
154345 79
154483 80
154551 81
154586 80
154710 79
154998 78
155177 77
155211 78
155232 77
155320 78
155328 77
155416 78
155479 77
155540 78
155616 77
155705 78
155993 79
156001 78
156282 79
156289 78
156372 77
156433 78
156454 77
156578 76
156715 75
156776 76
156804 77
156831 78
156907 77
157017 76
157065 77
157168 76
157188 77
157215 78
157311 79
157518 80
157621 79
157621 78
157641 79
157704 78
157841 77
157957 78
158033 77
158074 76
158094 77
158116 76
158212 75
158341 76
158396 77
158396 78
158473 77
158500 76
158603 77
158836 78
159138 79
159187 78
159228 77
159330 78
159481 79
159709 78
159756 79
159838 80
160134 79
160278 80
160423 79
160478 78
160607 79
160725 78
160835 77
160876 76
160937 77
161054 76
161143 77
161171 78
161329 77
161335 78
161432 79
161445 80
161604 79
161645 78
161700 77
161714 76
161720 77
161816 78
161851 77
162181 76
162208 75
162214 76
162359 75
162558 76
162558 77
162571 78
162668 79
162709 80
162750 81
162991 80
163313 81
163513 80
164027 81
164062 80
164186 79
164186 78
164460 77
164584 76
164694 75
164713 76
164796 77
165015 78
165037 77
165043 78
165057 79
165325 78
165325 77
165386 78
165408 77
165422 76
165730 77
165916 76
165963 77
166087 78
166114 79
166155 80
166246 79
166259 78
166526 79
166534 78
166567 79
166691 80
166952 81
167344 80
167495 79
167523 78
167762 79
167770 78
167893 77
168161 78
168182 77
168182 76
168216 77
168243 78
168292 77
168326 78
168402 77
168402 76
168449 77
168566 76
168683 77
168690 76
168690 75
168957 76
169033 75
169053 76
169074 75
169075 74
169122 75
169122 76
169129 75
169149 76
169212 75
169273 76
169355 77
169390 76
169465 77
169644 78
169844 77
169849 78
169974 79
170247 80
170907 81
170983 80
171052 79
171525 80
171615 79
171717 80
171821 79
172047 80
172109 79
172123 78
172123 77
172253 78
172357 77
172363 78
172398 77
172604 76
172816 77
172824 76
172884 77
172953 78
173022 79
173050 80
173098 79
173118 80
173332 79
173544 80
173620 79
173832 80
173956 81
174114 80
174211 79
174244 80
174306 79
174307 78
174409 79
174472 78
174691 77
174760 76
175048 75
175109 76
175261 77
175288 78
175343 79
175357 80
175522 81
175529 80
175529 79
175543 78
175659 79
175817 78
175817 77
175886 76
175988 77
176078 76
176235 77
176394 76
176476 75
176477 74
176524 75
176524 76
176669 75
176669 74
176675 75
176840 76
176963 77
177005 78
177142 79
177156 80
177237 81
177932 80
178083 79
178166 78
178179 77
178474 78
178502 79
178578 78
178633 77
178694 78
178708 79
178756 78
178811 77
179237 76
179243 77
179251 76
179264 75
179367 76
179449 77
179649 76
179779 77
179874 78
179882 77
179888 78
179896 77
180040 78
180053 79
180253 78
180377 77
180390 76
180390 75
180473 74
180657 75
180665 74
180740 75
180822 76
181014 77
181014 78
181063 77
181125 78
181138 79
181152 80
181289 81
181681 80
181901 79
182025 78
182080 77
182313 76
182402 77
182464 76
182470 77
182470 78
182505 77
182519 76
182546 75
182615 74
182621 75
182684 74
182773 75
182992 76
183033 77
183061 78
183075 79
183075 80
183225 81
183288 80
183316 79
183439 78
183514 79
183590 78
183617 77
183645 76
184057 75
184085 74
184098 73
184146 74
184263 73
184263 72
184296 73
184318 72
184462 73
184462 74
184606 73
184640 74
184771 73
184777 74
184777 75
184819 76
184901 77
184915 78
185065 79
185176 80
185244 81
185375 80
185388 79
185601 80
185787 79
185924 78
186000 79
186103 78
186309 77
186323 76
186323 75
186378 74
186384 75
186412 76
187078 75
187140 76
187153 77
187181 78
187181 79
187263 80
187318 81
187353 80
187367 79
187367 78
187806 77
187820 76
187820 75
187826 76
188026 75
188040 74
188197 75
188211 76
188279 77
188430 78
188499 79
188499 80
188595 81
188850 80
189268 81
190141 80
190422 81
191061 80
191075 79
191528 78
191720 77
191726 78
191808 79
191864 80
192015 81
192558 80
192976 81
193107 80
193635 81
194055 80
194453 79
194514 80
194995 81
195400 80
195909 79
195956 80
196354 81
196540 80
196636 79
196650 78
196925 77
196931 78
197103 77
197110 78
197206 79
197282 78
197309 77
197398 78
197645 79
197727 80
198084 81
198120 80
198586 79
198765 78
198798 79
199177 78
199183 79
199287 78
199431 79
199644 78
199650 79
199733 80
199768 79
199938 80
200248 79
200336 80
200693 81
201100 80
201113 79
201278 78
201366 79
201600 80
201751 81
202130 80
202212 79
202542 78
202610 77
202726 78
202781 79
202781 80
202995 79
203125 80
203434 79
203462 78
203475 77
203654 76
203668 75
203695 74
203709 73
203770 74
203811 75
203956 74
204086 75
204093 74
204237 75
204272 74
204278 75
204443 76
204470 77
204484 78
204560 77
204594 78
204602 77
204635 78
204656 77
204663 78
204758 79
204821 78
204848 77
204896 78
204972 77
204992 78
205000 77
205370 76
205377 77
205569 78
205610 79
205768 78
205788 79
206318 78
206359 77
206421 78
206517 79
206703 78
206909 77
207018 76
207039 77
207183 76
207313 77
207326 78
207334 77
207547 78
207656 79
207733 78
208151 79
208158 78
208261 79
208309 78
208439 79
208653 78
208666 77
208680 76
208708 75
208851 76
208872 75
208934 76
208989 77
209235 78
209291 79
209339 78
209359 79
209573 78
209655 77
209730 78
210128 79
210163 78
210252 79
210307 80
210411 79
210452 78
210603 77
210829 78
211042 77
211131 78
211172 79
211460 80
211523 79
211852 78
211865 77
211886 78
211914 79
212237 78
212374 77
212525 76
212545 77
212553 76
212580 75
212594 74
212635 73
212655 74
212724 75
212765 76
212779 77
212965 76
213033 75
213047 74
213163 75
213369 76
213404 75
213438 76
213562 77
213616 78
213630 79
213775 78
213885 77
213905 78
214042 79
214069 80
214105 79
214160 78
214366 77
214503 76
214578 77
214647 78
214687 79
214701 80
214750 79
214797 80
215086 81
215643 80
215780 79
216198 80
216288 79
216288 78
216363 79
216398 78
216398 77
216522 76
216679 77
216741 76
216796 75
216865 74
216885 75
217008 76
217044 75
217071 74
217077 75
217146 76
217228 77
217434 78
217483 77
217558 78
217585 79
217593 78
217627 79
217744 78
217813 77
217819 78
217867 77
217942 78
218073 77
218183 76
218203 77
218293 76
218341 77
218354 78
218417 77
218417 76
218491 77
218533 78
218637 77
218753 78
218793 79
218972 80
219041 81
219309 80
219364 79
219617 80
219653 79
219680 78
219920 79
219933 80
219996 79
220133 78
220153 79
220175 78
220367 77
220449 76
220669 75
220689 76
220813 77
220971 76
220977 77
221163 76
221170 77
221170 78
221231 77
221280 78
221438 77
221452 76
221664 77
221664 78
221856 79
222131 80
222276 79
222289 78
222488 79
222564 78
222735 79
222776 80
222935 79
223065 80
223072 79
223133 80
223292 79
223360 78
223361 77
223669 78
223786 77
223855 76
223883 75
223916 76
223944 77
224116 76
224116 75
224150 76
224157 75
224342 76
224438 77
224610 76
224822 77
224822 78
224905 79
224954 78
225009 77
225069 78
225138 79
225138 80
225146 79
225160 78
225283 77
225338 76
225399 77
225468 78
225674 79
225935 80
225949 81
225997 80
226059 81
226560 80
226766 79
226821 78
226841 79
227055 78
227069 77
227220 76
227322 77
227404 78
227494 77
227501 78
227542 79
227590 78
227651 79
227720 80
227865 79
227995 80
228318 79
228516 80
228620 79
228633 78
228716 77
228970 78
228991 77
229080 78
229135 79
229211 78
229362 77
229478 78
229519 79
229568 78
229684 79
229931 80
229952 79
230200 78
230260 79
230370 80
230604 81
230612 80
230763 79
230776 78
230865 79
231161 78
231524 79
231579 80
231587 79
231696 78
231799 79
231936 80
232026 79
232040 78
232224 79
232513 80
232589 79
232713 78
232960 77
233021 78
233070 77
233111 76
233254 77
233268 78
233276 77
233282 78
233419 79
233660 78
234051 79
234106 80
234182 79
234188 80
234718 79
234834 80
234924 79
235157 78
235548 79
235575 80
235734 79
235754 80
235761 79
236015 80
236248 81
236282 80
236297 79
236523 80
236551 81
236599 80
236729 81
236778 80
236900 79
236915 78
236935 79
237135 78
237402 79
237512 80
237602 79
237602 78
237649 79
237834 78
237910 79
238014 78
238116 79
238734 80
238775 81
238865 80
238954 81
238975 80
239154 79
239346 78
239654 79
239792 80
239799 79
239983 80
240005 79
240052 80
240423 81
240870 80
240994 79
241282 78
241310 77
241406 76
241557 75
241563 76
241563 77
241591 78
241598 77
241782 78
241873 77
242016 78
242023 77
242099 78
242194 79
242373 80
242532 79
242573 78
242668 77
242867 78
242895 79
242916 78
243095 77
243279 78
243287 77
243328 76
243424 75
243472 76
243486 77
243499 78
243788 79
243823 78
243884 79
243911 80
243919 79
244207 78
244303 77
244364 78
244578 77
244598 78
244605 77
244721 78
244880 77
245079 78
245265 77
245306 76
245449 77
245586 78
245732 77
245752 78
245752 79
245779 80
245786 79
245855 78
245924 77
246074 76
246089 75
246089 74
246116 73
246163 74
246164 75
246370 76
246459 75
246562 76
246597 75
246597 74
246644 75
246665 74
246727 75
246987 76
247028 77
247028 78
247042 79
247105 78
247132 77
247221 78
247290 79
247311 78
247413 79
247434 78
247523 79
247792 78
247894 79
247990 80
248141 81
248313 80
248341 79
248409 78
248773 79
248800 80
248821 79
248973 78
249075 79
249363 80
249439 79
249459 80
249508 79
249549 78
249700 77
249783 76
249906 75
249920 74
250036 75
250112 74
250167 73
250229 74
250270 75
250352 76
250503 77
250552 76
250558 77
250586 78
250654 79
250750 80
250813 79
250813 78
251142 77
251176 78
251376 77
251472 76
251519 77
251650 76
251650 75
251747 74
251766 75
251780 76
251821 77
251973 78
251986 79
252055 80
252124 81
252172 80
252447 79
252653 78
252865 79
252878 80
252947 81
253243 80
253257 79
253381 78
253491 77
253614 76
253799 77
253813 78
253840 79
253936 80
254328 79
254458 80
254521 79
254815 80
254919 79
255015 78
255076 79
255433 80
255433 81
255468 80
255564 79
255633 78
255900 79
255990 78
256120 79
256141 78
256381 79
256463 80
256498 79
256732 78
257026 79
257102 78
257219 79
257253 78
257295 77
257322 76
257336 75
257355 76
257542 75
257576 76
257617 77
257658 78
257672 79
257946 80
258015 81
258283 80
258627 79
258640 78
258998 77
259052 76
259141 77
259176 76
259251 77
259251 78
259272 77
259484 78
259506 77
259635 78
259649 79
259808 78
259814 79
259835 78
259876 77
260082 76
260157 77
260254 78
260288 77
260583 78
260604 77
260693 78
260720 79
260789 80
260810 79
260830 80
260961 79
261003 78
261098 77
261140 76
261146 77
261250 76
261318 75
261318 74
261517 75
261530 76
261621 75
261723 76
261805 77
261819 78
261840 77
261929 78
262039 79
262115 78
262286 79
262348 78
262519 79
262541 78
262760 77
262884 76
263013 77
263049 76
263069 77
263288 78
263302 79
263516 78
263522 79
263604 80
263653 79
263838 80
263996 79
264038 78
264326 77
264387 78
264579 79
264710 78
264717 79
264903 78
265019 79
265026 78
265033 79
265466 78
265527 79
265617 78
265747 79
265843 80
265849 79
266172 80
266180 79
266482 78
266606 77
266647 76
266694 77
266880 76
266900 77
267010 78
267059 77
267175 78
267223 77
267244 78
267299 79
267320 78
267361 77
267532 78
267608 77
267669 78
267683 79
267704 78
267732 77
267745 76
267787 75
268075 74
268199 73
268260 74
268301 75
268397 76
268561 77
268562 78
268686 79
268707 78
268734 77
268822 78
269001 79
269001 80
269174 79
269193 80
269558 79
269586 78
269627 77
269729 78
269833 77
269888 76
269901 75
269915 74
270017 75
270190 74
270251 75
270272 74
270279 75
270355 74
270374 75
270471 76
270636 77
270814 78
270883 79
270979 80
271028 79
271047 80
271453 79
271522 78
271591 77
271604 76
271652 77
271693 78
271755 77
271851 76
271989 75
272228 76
272325 77
272380 78
272442 77
272462 78
272544 79
272620 78
272868 77
272868 76
272888 77
273217 78
273293 77
273382 78
273437 79
273472 78
273623 77
273698 78
273747 77
273760 76
273898 75
274063 74
274082 75
274214 74
274247 75
274261 76
274398 77
274467 78
274480 79
274618 80
274941 79
275134 78
275195 79
275277 80
275422 79
275463 78
275559 77
275730 78
275731 79
275744 80
275834 79
275881 80
276026 79
276177 78
276232 77
276321 78
276403 79
276466 78
276617 77
276617 76
276760 77
276836 76
277117 77
277200 78
277200 79
277290 78
277331 77
277392 78
277639 79
277770 78
277804 79
277873 80
277921 79
277949 78
278147 79
278202 80
278545 81
278855 80
278882 79
279075 78
279452 79
279480 80
279501 79
279542 78
279611 77
279727 78
280160 77
280174 76
280180 77
280262 78
280427 79
280503 78
280867 79
280894 80
281272 79
281313 78
281553 79
281574 78
281657 77
281800 78
281890 77
282116 78
282124 77
282137 76
282267 77
282343 76
282344 75
282495 74
282501 75
282693 76
282762 77
282899 78
282967 79
283133 80
283188 81
283621 80
283772 79
284088 78
284252 77
284286 78
284307 77
284464 78
284561 79
284802 78
284849 79
284890 80
285365 79
285453 80
285777 79
285955 78
286051 77
286147 76
286189 75
286304 76
286401 77
286504 76
286518 75
286525 76
286716 77
286744 78
286785 79
286916 78
287060 79
287321 80
287389 81
287891 80
287960 79
288001 78
288056 77
288180 76
288317 75
288378 76
288420 77
288447 78
288653 79
288770 78
288872 79
288872 80
289100 79
289243 80
289526 79
289526 78
289663 77
289724 78
289759 77
289848 78
289855 77
289896 76
290177 77
290212 76
290295 75
290438 76
290452 77
290644 78
290672 79
290693 78
290713 79
290871 78
290919 79
291166 80
291174 79
291379 78
291564 79
291613 78
291757 79
291757 80
291874 79
291907 80
292066 79
292292 80
292437 79
292629 78
292629 77
292657 76
292767 75
292808 74
292883 75
293068 74
293158 75
293165 74
293226 75
293302 74
293316 73
293336 74
293349 75
293371 74
293508 73
293542 74
293693 75
293706 76
293775 77
293858 78
293940 79
293975 78
294023 79
294256 80
294415 79
294503 80
295046 79
295184 78
295286 79
295486 78
295519 79
295629 80
296124 81
296172 80
296337 79
296337 78
296475 77
296667 76
296714 77
296722 76
296824 77
296832 76
296873 75
296879 76
297002 77
297079 76
297140 77
297161 76
297209 77
297566 78
297593 79
297683 78
297683 77
297799 78
297882 79
298046 80
298074 81
298081 80
298177 79
298191 78
298513 79
298672 78
298774 79
298864 78
298897 79
298952 80
298960 79
299413 78
299441 77
299550 76
299584 77
299845 78
299955 79
299977 78
300000 78
