0 0
0 0
8 1
64 2
124 2
127 3
137 3
146 4
247 4
255 4
260 4
284 4
301 4
385 4
396 4
441 5
450 6
455 7
463 6
496 6
501 7
577 8
589 9
619 10
637 11
638 12
642 13
647 13
651 13
673 13
723 13
742 14
766 15
772 16
807 16
865 15
868 15
869 15
881 16
885 17
1062 18
1071 18
1072 17
1076 17
1079 17
1143 18
1157 19
1162 19
1174 20
1175 20
1187 20
1188 20
1199 19
1278 20
1321 19
1332 20
1381 21
1391 22
1422 23
1497 23
1517 24
1568 23
1575 24
1599 25
1686 26
1693 27
1695 28
1702 28
1713 29
1717 28
1807 29
1869 28
1882 28
1882 28
1887 29
1892 28
1893 27
1896 28
1898 29
1975 29
2003 30
2026 31
2031 32
2086 31
2101 31
2103 32
2208 31
2253 30
2264 30
2285 31
2313 32
2371 33
2386 33
2390 32
2449 33
2485 34
2491 35
2503 36
2545 37
2596 38
2608 39
2609 39
2635 38
2648 38
2673 39
2713 39
2813 39
2824 38
2828 38
2891 39
2898 39
2920 38
3061 37
3064 37
3066 38
3073 37
3087 36
3098 37
3149 36
3234 37
3324 38
3333 37
3334 37
3336 38
3371 37
3446 37
3476 38
3504 38
3506 39
3525 40
3566 41
3652 42
3653 42
3686 41
3701 42
3740 43
3746 44
3775 45
3782 44
3879 45
3892 46
3913 45
3925 45
3930 44
3959 45
3963 46
3968 47
3986 48
4025 47
4067 48
4076 48
4188 49
4201 48
4220 48
4232 49
4253 48
4271 48
4311 49
4338 50
4344 51
4382 50
4434 49
4441 49
4465 48
4530 47
4579 48
4583 47
4597 48
4653 49
4661 50
4663 50
4667 50
4697 51
4723 50
4782 51
4901 52
4903 52
4921 53
4933 52
4949 51
4960 52
5030 53
5042 52
5059 51
5086 50
5091 49
5128 50
5168 51
5184 51
5187 50
5190 50
5193 51
5199 52
5315 53
5320 54
5356 53
5364 54
5373 55
5380 56
5458 57
5489 58
5550 57
5571 56
5602 55
5610 56
5634 55
5648 56
5693 57
5764 56
5764 57
5765 57
5791 56
5797 55
5799 54
5811 55
5842 56
5887 55
5911 54
5985 54
6012 53
6034 54
6104 54
6118 55
6118 56
6136 57
6141 58
6176 59
6213 58
6292 57
6311 56
6325 55
6349 56
6385 57
6397 56
6400 55
6433 56
6447 57
6450 58
6510 58
6518 57
6538 58
6546 57
6546 56
6547 57
6550 57
6550 57
6552 56
6577 55
6584 54
6617 55
6634 55
6658 54
6663 55
6726 56
6781 55
6817 56
6939 56
7009 57
7037 56
7038 55
7045 54
7050 53
7051 52
7056 53
7079 52
7086 52
7086 52
7096 51
7098 51
7117 52
7166 53
7176 52
7187 51
7201 51
7258 52
7264 53
7282 54
7297 55
7317 54
7330 55
7340 56
7353 57
7381 58
7405 59
7424 60
7424 61
7429 60
7429 59
7435 59
7435 59
7436 58
7436 59
7437 58
7439 57
7446 57
7510 58
7513 57
7515 57
7518 56
7523 55
7569 55
7586 56
7601 56
7604 55
7606 56
7618 55
7620 56
7625 55
7626 55
7653 54
7657 55
7661 54
7688 53
7689 52
7697 51
7701 52
7706 51
7724 50
7799 49
7819 50
7821 50
7821 51
7825 51
7825 51
7826 50
7828 51
7829 50
7830 50
7832 50
7835 49
7901 50
7913 51
7923 51
7959 50
7969 51
8000 52
8006 53
8021 52
8084 51
8086 52
8088 51
8088 52
8093 51
8126 52
8231 53
8234 54
8261 55
8263 55
8272 56
8300 57
8307 58
8309 57
8310 56
8314 55
8314 56
8338 57
8339 56
8378 57
8386 56
8389 55
8391 54
8393 55
8452 56
8455 57
8464 58
8465 59
8474 58
8476 57
8515 56
8532 55
8533 56
8533 55
8541 56
8541 55
8542 55
8545 56
8546 57
8547 56
8548 56
8551 55
8552 54
8553 53
8557 52
8569 51
8577 50
8602 50
8603 49
8634 50
8653 51
8669 50
8680 49
8685 50
8737 51
8740 52
8754 53
8756 52
8764 53
8765 54
8770 53
8772 52
8772 52
8775 53
8775 53
8786 54
8803 55
8816 54
8819 55
8826 54
8826 54
8828 53
8838 52
8845 53
8850 53
8850 52
8857 53
8859 53
8860 52
8871 53
8872 52
8877 51
8919 50
8920 50
8920 49
8950 50
8959 50
8961 50
8966 49
9003 50
9012 51
9017 52
9030 53
9035 54
9038 53
9038 52
9038 51
9039 50
9040 50
9041 49
9046 48
9089 49
9105 50
9133 49
9143 50
9146 50
9153 51
9157 50
9158 51
9166 52
9168 53
9187 52
9189 53
9198 54
9216 53
9294 52
9294 51
9296 52
9297 53
9298 54
9332 55
9348 56
9350 57
9351 56
9429 57
9433 56
9499 57
9512 58
9518 57
9524 57
9527 56
9528 55
9529 56
9541 57
9565 56
9567 57
9584 56
9588 57
9597 58
9598 59
9598 60
9605 59
9608 60
9618 59
9621 58
9680 59
9681 60
9702 61
9710 62
9714 63
9716 62
9722 63
9724 62
9725 61
9729 62
9735 61
9738 60
9738 59
9738 58
9782 59
9811 58
9886 59
9888 60
9894 61
9902 60
9907 61
9915 62
9942 61
9950 62
9959 63
9970 64
9974 63
9979 62
9981 61
9985 61
9996 62
10010 63
10066 64
10067 65
10090 64
10094 65
10098 66
10105 67
10113 66
10113 67
10113 68
10114 67
10114 66
10115 65
10177 64
10201 65
10234 66
10243 65
10243 64
10243 63
10243 62
10251 63
10265 63
10279 62
10382 63
10404 62
10449 61
10459 62
10466 61
10467 61
10468 60
10476 59
10478 59
10480 58
10501 57
10508 58
10514 57
10516 58
10519 57
10527 56
10574 57
10596 58
10615 57
10634 56
10640 57
10650 58
10662 57
10662 56
10671 55
10672 54
10698 55
10734 56
10754 57
10766 56
10781 57
10782 57
10784 58
10794 57
10798 58
10799 59
10821 58
10821 59
10833 60
10865 61
10869 60
10870 61
10874 60
10874 59
10874 58
10878 58
10914 59
10922 58
10938 59
10945 60
10953 60
10954 59
10955 58
10981 57
11030 58
11035 59
11042 58
11042 57
11042 58
11049 59
11057 58
11058 57
11067 58
11104 59
11117 58
11128 57
11154 58
11182 57
11182 58
11182 59
11204 60
11209 59
11215 58
11216 57
11226 56
11244 57
11253 56
11256 55
11261 54
11265 55
11273 54
11277 55
11283 56
11286 55
11286 54
11301 55
11321 55
11322 56
11328 55
11329 56
11346 57
11352 56
11353 55
11354 55
11354 54
11354 53
11358 54
11364 55
11369 54
11426 55
11430 54
11430 54
11457 55
11458 54
11467 53
11493 52
11496 53
11520 54
11559 55
11566 56
11578 57
11579 56
11580 55
11582 54
11619 55
11628 56
11632 57
11674 58
11680 57
11699 58
11702 59
11719 60
11725 59
11729 58
11751 59
11798 60
11814 61
11842 62
11846 63
11849 62
11872 63
11873 62
11875 61
11877 60
11879 61
11881 60
11898 59
11903 60
11903 61
11910 60
11910 60
11910 59
11930 58
11932 57
11933 58
11942 57
12009 58
12053 59
12061 60
12069 59
12070 60
12072 59
12073 58
12075 57
12122 58
12126 59
12158 58
12160 57
12160 58
12161 59
12161 60
12162 59
12162 58
12188 57
12190 58
12216 59
12218 60
12282 59
12282 59
12290 60
12302 61
12308 60
12311 59
12311 60
12360 61
12385 60
12409 59
12416 60
12419 59
12436 58
12455 57
12457 56
12458 55
12462 56
12464 55
12465 54
12469 53
12516 54
12518 55
12524 54
12526 53
12533 52
12535 53
12536 54
12546 55
12546 56
12550 57
12557 56
12559 57
12594 56
12595 57
12610 56
12642 57
12648 58
12650 57
12662 57
12662 58
12664 57
12665 56
12668 55
12671 56
12686 55
12687 56
12698 57
12701 56
12719 57
12731 58
12745 57
12791 58
12809 59
12818 58
12818 59
12820 58
12825 59
12830 58
12830 57
12834 56
12835 57
12874 58
12891 59
12929 60
12946 61
12959 62
12966 61
12970 61
12975 62
12984 61
13014 62
13022 61
13031 62
13033 63
13039 62
13042 61
13063 62
13094 61
13120 62
13138 63
13150 64
13171 65
13177 66
13185 67
13218 68
13233 69
13282 68
13306 69
13329 70
13347 69
13408 68
13413 69
13418 68
13435 67
13440 66
13443 67
13445 66
13451 65
13451 64
13458 63
13476 62
13494 63
13506 64
13515 65
13535 66
13543 65
13562 66
13570 65
13570 66
13583 67
13612 68
13674 69
13708 68
13711 67
13713 68
13722 67
13733 66
13738 67
13746 68
13782 69
13784 68
13792 69
13821 70
13863 71
13874 70
13937 69
13982 68
13988 67
14002 68
14035 67
14058 68
14058 69
14066 68
14066 67
14066 66
14066 65
14084 66
14098 67
14143 68
14162 67
14194 68
14217 67
14248 68
14250 69
14258 68
14312 67
14316 68
14332 69
14374 70
14386 71
14386 72
14399 71
14399 70
14399 70
14434 71
14438 71
14440 70
14443 69
14462 68
14471 69
14480 70
14538 71
14591 72
14606 73
14614 72
14630 71
14678 72
14774 73
14782 72
14787 73
14842 72
14911 71
14911 72
14916 71
14918 70
14918 69
14926 68
14928 67
14938 68
14970 67
15012 68
15013 67
15014 66
15015 65
15017 65
15128 66
15131 67
15142 68
15158 69
15170 70
15216 69
15259 68
15282 69
15319 70
15328 69
15370 68
15430 69
15486 70
15511 69
15554 70
15554 71
15557 70
15558 69
15605 70
15610 71
15622 72
15633 73
15659 74
15666 73
15684 74
15694 73
15754 72
15784 71
15794 70
15795 71
15818 72
15836 71
15948 72
15954 73
16014 74
16101 75
16126 74
16164 73
16168 74
16172 75
16248 76
16259 77
16267 78
16276 77
16276 76
16285 75
16298 76
16332 77
16350 78
16377 77
16399 78
16460 79
16473 80
16516 81
16627 82
16654 81
16696 80
16763 79
16771 78
16817 79
16834 78
16837 77
16910 76
16925 77
16929 78
16999 79
17058 80
17137 79
17145 78
17178 79
17181 78
17182 79
17256 78
17256 79
17283 78
17402 77
17487 76
17558 75
17573 76
17580 75
17581 76
17615 75
17634 74
17647 75
17654 76
17722 77
17819 78
17874 77
17923 76
17942 75
18054 74
18106 73
18106 74
18132 75
18140 76
18156 77
18160 78
18203 77
18211 78
18220 77
18226 76
18286 77
18330 76
18339 75
18339 74
18509 73
18514 72
18534 71
18578 72
18593 73
18632 74
18672 75
18696 74
18726 75
18750 74
18757 73
18858 72
18863 73
18888 74
18905 75
18910 76
18922 75
18938 74
19002 75
19053 74
19055 73
19061 72
19084 73
19087 74
19151 73
19275 74
19285 75
19298 74
19330 75
19330 76
19370 77
19398 78
19428 77
19435 76
19521 77
19542 76
19613 75
19626 76
19650 75
19674 76
19691 77
19710 76
19714 77
19721 76
19766 75
19766 74
19812 73
19848 74
19922 75
19946 74
20022 75
20065 74
20090 75
20154 76
20171 75
20208 76
20263 77
20268 76
20345 75
20418 76
20442 77
20467 76
20519 75
20541 74
20562 75
20580 76
20662 77
20691 76
20697 77
20785 78
20802 79
20845 78
20873 79
20906 78
20909 79
20930 78
20973 77
20977 76
21000 75
21055 76
21098 77
21232 78
21252 79
21263 80
21347 79
21358 78
21433 79
21562 78
21591 77
21660 76
21678 75
21718 76
21731 77
21804 76
21857 77
21896 78
21935 77
21939 76
21970 77
22028 78
22060 77
22084 76
22090 75
22268 76
22271 75
22271 76
22315 77
22328 78
22375 79
22385 80
22506 81
22538 80
22552 79
22593 80
22690 79
22694 80
22781 81
22864 82
22938 81
23011 80
23110 79
23139 78
23154 77
23158 76
23166 76
23169 75
23169 74
23169 73
23170 74
23174 73
23178 72
23194 73
23205 72
23228 71
23253 70
23258 69
23270 70
23412 69
23436 70
23456 71
23520 70
23686 71
23694 70
23704 69
23711 69
23711 70
23718 69
23744 70
23807 69
23823 68
23825 69
23858 70
23918 71
23955 72
23957 71
23963 70
23971 69
24016 70
24078 69
24098 70
24108 69
24109 69
24117 70
24122 69
24129 68
24171 69
24185 68
24302 69
24310 70
24334 69
24338 70
24392 69
24409 70
24411 71
24423 70
24469 71
24492 72
24504 71
24509 72
24514 73
24525 72
24538 71
24543 70
24554 69
24562 68
24659 67
24666 68
24690 69
24694 68
24728 69
24766 70
24770 69
24770 68
24770 67
24770 66
24770 65
24779 64
24795 63
24795 64
24804 63
24824 64
24826 65
24843 64
24846 65
24849 64
24854 63
24858 62
24858 61
24870 61
24879 60
24939 59
24958 60
24995 61
25072 60
25076 59
25078 60
25081 61
25085 62
25104 61
25107 60
25107 60
25109 59
25110 60
25112 59
25134 60
25142 59
25142 58
25142 57
25162 58
25226 57
25226 56
25235 57
25240 58
25243 59
25249 58
25255 57
25257 56
25286 57
25294 56
25301 57
25302 56
25306 57
25314 58
25331 59
25410 60
25410 61
25431 62
25475 61
25483 60
25494 61
25494 62
25569 63
25586 62
25617 63
25618 64
25621 63
25622 62
25623 61
25627 60
25653 61
25675 62
25677 63
25682 62
25689 61
25699 60
25701 59
25725 60
25726 61
25733 60
25735 61
25781 62
25783 63
25798 64
25847 63
25850 64
25856 65
25860 66
25868 67
25890 68
25895 68
25896 67
25904 66
25911 65
25959 64
25966 63
25974 64
26003 65
26007 66
26070 65
26073 66
26110 67
26115 68
26116 69
26133 70
26141 69
26167 68
26178 69
26191 70
26204 71
26222 72
26225 73
26255 74
26331 73
26336 72
26336 73
26343 74
26346 75
26406 74
26434 73
26439 72
26494 71
26494 72
26544 73
26547 74
26583 73
26609 74
26611 73
26612 74
26622 73
26675 74
26699 73
26717 74
26719 73
26768 72
26782 73
26873 72
26933 73
26940 72
26940 73
26943 72
27006 71
27028 72
27032 73
27058 74
27094 73
27128 74
27144 73
27182 74
27191 75
27230 74
27244 75
27253 74
27258 73
27258 72
27258 71
27259 71
27262 70
27278 71
27293 70
27294 71
27338 72
27362 71
27379 70
27385 69
27414 70
27438 69
27446 68
27475 69
27502 70
27533 69
27643 70
27659 71
27660 70
27661 69
27662 70
27735 69
27767 68
27785 67
27811 66
27842 67
27842 68
27846 67
27849 68
27849 69
27875 70
27882 71
27912 70
27922 71
27922 70
27969 69
27972 70
27985 69
28027 70
28046 71
28086 72
28113 73
28190 74
28204 75
28205 76
28214 75
28286 74
28342 75
28372 76
28374 75
28414 74
28434 75
28446 76
28497 75
28514 76
28593 76
28625 77
28629 76
28631 75
28639 74
28640 73
28641 72
28641 71
28646 72
28716 71
28784 72
28794 71
28828 72
28838 71
28890 70
28924 69
28937 70
28950 69
28958 68
28967 69
28968 68
28987 68
28987 67
28995 66
29118 67
29124 66
29163 67
29181 68
29182 67
29184 66
29186 67
29242 68
29244 69
29247 70
29264 70
29266 69
29282 70
29384 71
29403 70
29448 71
29464 72
29474 71
29493 70
29530 71
29545 70
29589 69
29614 70
29682 71
29689 70
29690 71
29699 70
29707 71
29711 70
29711 69
29714 68
29719 67
29721 66
29729 67
29794 66
29830 67
29832 68
29842 67
29850 66
29857 66
29863 67
29868 66
29869 65
29872 64
29874 63
29882 62
29931 63
29952 64
29954 65
30030 66
30034 67
30036 66
30044 67
30047 66
30058 65
30060 64
30063 65
30078 64
30081 65
30082 64
30082 63
30087 63
30094 64
30096 63
30099 62
30100 62
30104 63
30107 62
30109 61
30123 60
30151 61
30210 60
30257 61
30278 60
30306 59
30309 58
30315 59
30330 58
30346 59
30366 58
30370 59
30382 60
30416 61
30437 62
30447 61
30449 60
30451 59
30452 58
30483 57
30485 56
30528 57
30541 58
30557 57
30561 57
30592 58
30622 57
30634 58
30647 59
30663 60
30669 60
30690 59
30693 60
30716 59
30723 58
30723 58
30725 57
30729 56
30745 57
30745 58
30754 57
30765 58
30796 57
30812 58
30822 57
30829 58
30834 59
30841 60
30867 61
30914 60
30950 61
30962 62
30963 63
30969 64
30981 63
30987 64
30990 63
31002 62
31032 61
31038 60
31082 61
31103 62
31118 63
31121 62
31125 61
31126 60
31138 61
31139 62
31144 61
31148 62
31200 63
31202 64
31231 65
31287 66
31298 67
31298 66
31302 67
31303 66
31313 65
31322 64
31326 63
31353 64
31358 65
31368 64
31375 63
31455 64
31458 65
31472 65
31481 66
31494 67
31502 66
31502 65
31508 64
31526 65
31592 66
31594 67
31663 66
31663 67
31671 67
31672 66
31674 65
31675 64
31686 65
31737 66
31754 65
31790 66
31802 65
31804 64
31804 63
31844 64
31855 65
31855 64
31870 63
31873 64
31934 65
31995 66
32033 67
32034 66
32037 67
32039 66
32041 65
32041 64
32042 64
32045 65
32046 64
32050 63
32052 62
32054 61
32069 62
32113 63
32172 64
32188 65
32189 64
32205 65
32213 66
32221 65
32221 66
32318 67
32327 66
32327 65
32327 64
32327 63
32378 62
32391 63
32413 62
32460 63
32463 64
32472 65
32484 64
32490 63
32491 62
32495 63
32522 64
32523 63
32530 64
32547 63
32558 62
32563 61
32567 60
32582 61
32613 62
32627 61
32635 62
32658 63
32665 64
32695 65
32695 65
32726 66
32778 65
32821 66
32822 67
32824 68
32827 67
32857 68
32882 69
32890 68
32912 67
32912 66
32954 67
32960 67
32986 66
33010 67
33019 68
33020 69
33042 70
33062 69
33062 68
33063 69
33069 68
33070 67
33070 66
33070 65
33079 66
33154 65
33207 66
33212 65
33232 66
33249 65
33330 66
33357 65
33368 66
33375 65
33378 65
33385 64
33394 63
33414 64
33434 63
33454 64
33459 63
33481 62
33501 63
33518 64
33524 63
33524 62
33527 63
33532 62
33535 63
33538 64
33542 63
33543 62
33546 61
33565 60
33573 61
33582 60
33590 59
33594 60
33603 59
33606 60
33610 59
33611 60
33626 59
33651 58
33686 59
33691 60
33699 59
33718 60
33723 61
33729 60
33729 59
33765 60
33790 59
33806 58
33821 59
33829 58
33910 57
33918 56
33930 57
33954 58
33963 57
33978 58
33978 59
33980 58
33986 57
33988 58
34002 59
34019 58
34024 59
34031 60
34038 59
34093 60
34118 59
34126 60
34130 59
34130 58
34130 57
34134 57
34146 58
34152 57
34152 56
34153 57
34155 58
34219 59
34222 60
34227 61
34236 60
34236 59
34331 58
34338 59
34339 60
34350 59
34362 60
34365 61
34394 62
34414 63
34433 62
34436 63
34450 64
34458 63
34458 62
34459 61
34460 60
34463 61
34486 62
34569 63
34578 62
34590 63
34591 64
34610 65
34718 66
34729 65
34758 66
34770 65
34774 64
34802 65
34810 66
34818 65
34846 64
34849 65
34906 64
34906 65
34918 66
34942 67
34942 66
34984 67
34992 68
35003 69
35010 68
35047 69
35058 68
35063 67
35082 68
35109 67
35116 68
35137 69
35138 70
35146 69
35146 68
35175 69
35186 68
35186 67
35199 66
35201 67
35206 68
35206 69
35206 70
35214 70
35262 71
35262 72
35268 73
35345 72
35426 73
35448 72
35454 73
35454 72
35455 73
35547 72
35548 71
35572 70
35626 71
35642 70
35778 71
35799 72
35842 71
35883 72
35906 73
35931 74
35948 73
35955 74
35990 75
35991 74
36026 75
36098 74
36107 75
36114 76
36161 75
36171 76
36203 77
36213 76
36251 75
36266 76
36346 77
36417 78
36424 77
36472 78
36490 77
36593 78
36675 79
36679 78
36700 79
36759 80
36826 81
36853 80
36865 81
36965 82
36972 83
37026 82
37032 83
37070 82
37237 83
37292 82
37302 81
37332 80
37363 81
37410 80
37553 81
37563 80
37582 81
37602 80
37615 79
37704 78
37812 79
37834 78
37888 77
37914 78
37984 77
38038 78
38046 77
38061 78
38073 77
38128 78
38151 79
38157 78
38163 77
38175 78
38185 79
38200 80
38281 81
38289 82
38318 83
38344 84
38346 83
38458 82
38482 81
38702 80
38720 81
38806 80
38809 81
38815 80
38894 79
38922 78
38924 77
39079 78
39094 79
39128 78
39132 77
39137 76
39194 77
39229 78
39243 79
39270 78
39290 77
39298 76
39438 77
39553 76
39613 77
39643 76
39759 75
39851 76
39888 77
39941 78
39992 79
40010 78
40016 77
40065 78
40122 79
40129 80
40205 81
40210 80
40286 79
40350 78
40350 77
40366 76
40372 75
40407 74
40413 75
40522 76
40566 77
40626 76
40666 75
40679 76
40685 77
40755 76
40762 75
40780 76
40901 75
40932 74
40946 75
40954 76
40988 75
40991 74
41044 75
41062 74
41065 73
41079 74
41106 73
41132 74
41192 75
41203 76
41310 75
41331 76
41386 77
41480 78
41495 77
41510 78
41690 77
41704 76
41732 77
41743 78
41758 79
41825 78
41828 77
41836 76
41855 75
41857 76
41861 77
41882 76
41883 75
42021 74
42069 75
42162 74
42178 75
42192 74
42213 75
42243 74
42326 75
42336 74
42345 75
42390 76
42442 77
42501 78
42559 77
42590 78
42598 79
42607 78
42720 79
42839 78
42886 77
42904 78
42989 79
43003 78
43008 77
43021 78
43052 79
43055 78
43062 79
43126 78
43166 77
43183 78
43196 79
43295 80
43343 79
43349 78
43353 77
43373 76
43446 77
43476 78
43565 77
43571 78
43580 79
43586 78
43588 77
43625 76
43663 75
43673 74
43691 73
43754 74
43866 73
43894 72
43964 73
43968 74
44022 75
44034 76
44037 77
44038 78
44041 79
44058 78
44059 79
44069 78
44074 77
44074 76
44074 75
44078 76
44096 75
44102 74
44106 75
44135 74
44266 75
44300 76
44335 75
44376 74
44483 75
44496 74
44610 75
44620 74
44623 75
44682 76
44739 77
44764 78
44776 77
44779 76
44785 77
44834 78
44960 79
45026 80
45082 81
45122 82
45150 81
45155 80
45158 79
45170 78
45198 77
45274 78
45552 79
45557 80
45591 81
45609 80
45654 79
45682 80
45696 81
45728 80
45738 81
45751 82
45962 83
45972 82
46047 83
46185 82
46219 81
46242 80
46254 79
46300 78
46323 77
46355 78
46518 77
46558 76
46627 75
46692 74
46773 73
46773 72
46816 73
46837 74
46880 75
46934 76
46997 75
47000 76
47114 77
47152 78
47169 79
47209 80
47249 81
47265 82
47290 81
47293 80
47339 79
47378 78
47391 77
47397 76
47439 77
47454 76
47461 77
47538 78
47589 77
47673 78
47691 79
47696 80
47702 81
47726 80
47736 81
47743 80
47750 79
47820 78
47829 77
47836 76
47843 77
48137 76
48141 77
48144 76
48147 77
48147 78
48201 77
48205 78
48218 79
48219 80
48261 79
48303 78
48436 77
48464 78
48490 77
48534 76
48556 75
48573 76
48718 77
48727 76
48754 77
48762 78
48905 77
48917 76
48936 75
48965 76
48979 77
49008 76
49092 77
49105 78
49166 77
49306 78
49335 79
49349 80
49360 79
49362 78
49481 77
49527 78
49568 79
49601 80
49666 81
49709 82
49789 81
49842 80
49852 79
49882 78
49978 77
49978 76
50029 75
50038 76
50100 75
50128 76
50140 77
50153 78
50180 79
50280 78
50381 77
50388 76
50490 77
50558 78
50582 77
50622 76
50709 75
50726 76
50726 77
50729 78
50729 77
50739 76
50746 75
50842 74
50887 75
50913 76
50986 77
51008 78
51026 79
51036 80
51049 81
51146 80
51223 79
51299 80
51312 81
51321 80
51338 81
51378 80
51381 81
51384 82
51455 81
51474 80
51523 79
51587 78
51632 79
51663 78
51857 77
51876 78
51888 79
51946 80
51971 79
51984 80
51998 79
52033 78
52056 77
52076 78
52086 79
52104 78
52113 77
52162 76
52188 75
52193 76
52219 77
52337 76
52347 77
52432 76
52510 77
52533 78
52586 77
52620 76
52746 75
52907 76
52974 77
53002 78
53033 79
53064 78
53094 77
53132 78
53153 79
53163 80
53207 81
53286 80
53297 79
53322 80
53335 81
53452 80
53470 81
53479 80
53505 79
53528 78
53547 77
53620 78
53659 77
53698 76
53706 77
53794 76
53866 77
53880 76
53906 77
53910 76
53913 75
53915 74
53925 73
53963 72
54019 71
54053 70
54060 71
54096 72
54101 73
54106 74
54130 75
54146 76
54151 75
54179 74
54222 73
54222 72
54257 71
54260 70
54264 71
54295 72
54307 73
54358 72
54366 73
54444 72
54454 71
54543 72
54549 73
54552 72
54553 71
54558 70
54593 71
54598 72
54598 72
54616 73
54629 74
54630 73
54686 72
54751 73
54782 72
54816 73
54818 74
54822 73
54862 72
54870 73
54882 73
54954 74
54983 74
54988 73
55056 72
55057 71
55062 72
55182 71
55193 72
55232 73
55235 74
55338 73
55375 72
55385 71
55389 72
55404 73
55412 74
55462 73
55492 74
55499 73
55505 72
55515 71
55536 70
55550 69
55560 70
55564 69
55642 70
55699 71
55708 71
55710 71
55710 70
55711 69
55737 68
55784 67
55786 66
55846 67
55866 66
55878 65
55989 66
56035 67
56088 68
56093 69
56097 68
56127 69
56130 70
56138 69
56138 68
56139 67
56139 66
56162 67
56169 68
56212 69
56248 70
56249 71
56253 71
56255 70
56259 69
56265 68
56344 69
56371 70
56396 71
56403 70
56459 71
56462 70
56486 71
56498 70
56506 69
56538 70
56554 71
56562 70
56562 69
56562 69
56570 68
56587 69
56592 68
56597 69
56599 68
56622 69
56630 68
56658 69
56665 68
56678 67
56762 68
56762 67
56767 67
56767 66
56798 65
56810 66
56842 65
56912 64
56924 65
56927 64
56965 63
56982 64
56990 63
57013 62
57049 61
57053 62
57059 61
57070 62
57074 61
57078 62
57126 63
57145 64
57150 65
57161 64
57162 65
57163 64
57168 63
57172 62
57172 62
57175 61
57202 62
57210 61
57262 62
57270 61
57271 60
57271 59
57301 58
57328 59
57336 58
57387 57
57454 56
57458 57
57470 58
57470 57
57471 56
57472 55
57475 55
57490 56
57492 57
57501 56
57501 55
57526 56
57530 56
57546 55
57563 56
57570 57
57578 56
57597 57
57617 58
57721 59
57722 60
57729 61
57733 60
57778 61
57782 62
57787 61
57801 62
57846 61
57857 62
57878 61
57910 62
57932 63
57938 64
57942 63
57942 62
57963 63
57964 64
57965 65
57976 64
57978 65
57986 64
57986 64
58000 63
58010 64
58010 65
58010 66
58041 65
58042 64
58058 65
58066 64
58074 65
58109 66
58128 67
58132 68
58156 69
58163 68
58165 69
58170 68
58176 67
58181 68
58199 69
58216 68
58218 67
58218 66
58227 65
58280 64
58357 65
58359 64
58362 65
58366 66
58374 65
58376 64
58384 65
58402 66
58487 67
58490 68
58507 67
58591 66
58594 67
58608 68
58613 69
58620 68
58626 67
58647 66
58647 65
58673 66
58675 67
58689 68
58690 69
58690 70
58700 69
58742 70
58749 69
58768 68
58838 69
58842 70
58855 71
58866 70
58869 71
58874 72
58904 71
58909 70
58913 69
58915 70
58917 71
58926 72
58994 71
59081 72
59088 71
59092 70
59172 71
59176 70
59198 71
59224 72
59227 71
59231 70
59235 69
59244 70
59271 71
59282 72
59290 72
59358 71
59395 70
59406 71
59418 70
59430 69
59463 70
59482 69
59490 70
59503 69
59541 70
59565 71
59624 72
59637 72
59645 71
59666 72
59674 71
59758 70
59762 69
59769 70
59772 71
59816 72
59928 73
60024 72
60045 73
60075 74
60083 73
60127 72
60138 73
60142 74
60151 73
60162 74
60192 75
60258 76
60286 77
60295 78
60412 79
60437 78
60545 79
60566 78
60568 77
60568 78
60588 79
60613 80
60664 79
60691 80
60695 81
60758 80
60763 79
60782 78
60786 77
61054 78
61142 77
61184 78
61347 79
61415 78
61440 79
61446 78
61483 79
61499 78
61541 79
61592 80
61658 81
61719 80
61786 81
61802 80
61810 81
61821 80
61878 81
61922 80
61985 81
62021 82
62144 81
62174 80
62216 81
62261 80
62282 81
62282 80
62350 79
62511 80
62543 79
62558 78
62570 77
62644 76
62646 75
62669 74
62720 75
62725 74
62726 73
62726 73
62735 72
62780 73
62895 74
62901 73
62906 72
62934 73
62942 72
62989 71
62994 70
63006 71
63074 72
63102 71
63162 70
63162 71
63164 72
63166 71
63202 72
63233 73
63238 74
63246 75
63264 76
63318 77
63367 76
63381 75
63382 74
63386 75
63403 74
63474 75
63505 76
63525 77
63545 76
63584 75
63586 74
63592 75
63611 74
63650 75
63674 76
63840 77
63855 78
63888 77
63908 78
63930 79
63934 78
63936 77
64026 76
64028 75
64037 74
64039 73
64047 74
64110 73
64127 72
64158 71
64183 72
64214 73
64234 72
64317 71
64349 72
64357 71
64375 72
64406 71
64422 72
64426 71
64503 70
64517 69
64556 70
64557 71
64593 72
64636 73
64675 74
64678 73
64706 74
64753 75
64765 74
64786 75
64786 76
64794 77
64810 76
64810 75
64855 76
64861 75
65050 76
65060 77
65103 76
65150 77
65153 78
65239 77
65254 78
65289 79
65338 80
65393 81
65393 82
65430 81
65448 82
65465 83
65473 82
65488 81
65496 80
65596 79
65757 78
65770 77
65778 76
65846 77
65852 76
65856 75
65986 74
66011 75
66175 76
66208 77
66232 78
66279 77
66312 78
66329 79
66341 78
66364 77
66426 78
66438 79
66458 80
66493 81
66574 82
66616 81
66650 80
66669 81
66678 82
66783 81
66812 80
66903 81
66968 80
66970 79
67081 78
67090 77
67161 78
67170 79
67172 78
67268 77
67270 78
67284 77
67289 76
67289 77
67316 76
67356 75
67451 74
67455 75
67458 74
67466 75
67488 74
67531 73
67553 72
67583 71
67696 72
67706 73
67762 72
67780 73
67817 74
67830 73
67900 72
67959 73
67968 74
68022 73
68033 74
68112 75
68128 76
68179 77
68203 76
68255 77
68306 76
68346 77
68372 78
68383 77
68406 76
68470 77
68494 76
68598 77
68642 78
68667 79
68717 80
68768 79
68783 78
68802 77
68814 78
68815 77
68834 76
68888 77
68919 78
69195 77
69234 76
69246 75
69275 76
69294 77
69306 78
69365 77
69370 76
69387 77
69485 78
69612 79
69643 80
69700 79
69736 80
69746 79
69837 80
69880 79
70014 78
70076 77
70102 78
70158 79
70223 80
70256 81
70306 80
70385 79
70486 80
70488 79
70518 78
70522 77
70523 78
70649 79
70653 80
70676 79
70706 80
70744 79
70761 80
70802 79
70982 80
70988 79
71006 80
71075 81
71190 82
71270 81
71316 82
71318 81
71328 82
71373 81
71461 80
71538 79
71557 80
71573 81
71611 80
71631 79
71642 80
71685 81
71705 80
71897 81
71914 82
71941 81
71949 80
71984 79
72044 80
72077 79
72115 78
72200 79
72309 78
72313 77
72323 78
72347 79
72354 80
72434 79
72647 78
72717 77
72739 78
72803 77
72852 76
72886 75
72925 76
72970 75
72992 76
73001 75
73021 74
73047 75
73057 76
73138 77
73226 78
73244 79
73330 80
73362 79
73366 78
73443 79
73506 80
73548 81
73571 80
73574 81
73578 82
73638 81
73694 80
73711 81
73813 80
73817 79
73860 80
73873 79
73921 80
73980 79
74018 78
74201 77
74222 78
74290 79
74398 80
74438 79
74504 78
74520 77
74568 78
74594 79
74698 78
74717 77
74726 76
74766 77
74990 78
75048 79
75076 78
75148 77
75190 76
75252 77
75259 78
75282 79
75330 78
75333 79
75338 78
75437 77
75443 78
75444 79
75458 80
75466 79
75582 80
75619 79
75682 78
75721 79
75803 78
75937 77
75994 78
75996 77
76001 78
76026 77
76037 78
76065 77
76152 78
76156 77
76232 78
76302 79
76394 78
76399 77
76462 78
76479 77
76494 78
76680 79
76702 80
76735 81
76768 80
76771 79
76784 78
76854 77
76872 78
76899 77
76920 76
76981 77
77003 76
77041 75
77050 76
77067 77
77075 76
77102 75
77166 74
77329 75
77349 76
77391 77
77394 78
77416 77
77421 78
77441 79
77470 78
77482 79
77490 80
77497 79
77532 78
77539 77
77690 78
77707 79
77722 78
77786 79
77875 78
77995 79
78053 80
78087 81
78146 80
78186 79
78216 78
78262 77
78350 76
78357 75
78358 74
78374 75
78463 74
78478 75
78524 74
78530 73
78564 74
78597 73
78618 74
78755 73
78772 74
78782 75
78818 74
78878 75
78891 76
78932 77
78933 78
78981 77
78985 78
79010 77
79129 78
79231 79
79288 80
79346 79
79392 80
79531 79
79629 78
79672 77
79720 76
79740 77
79825 78
79866 79
79919 80
80025 79
80046 80
80056 79
80070 80
80197 81
80202 80
80214 79
80237 78
80297 79
80321 78
80437 79
80486 78
80498 79
80668 80
80756 79
80826 80
80833 79
80868 80
80910 81
81029 82
81194 81
81343 80
81359 79
81377 78
81391 77
81520 76
81555 75
81582 76
81583 77
81592 76
81612 77
81623 78
81767 79
81864 80
81876 79
81887 80
81936 79
81941 78
81978 77
82013 76
82043 75
82173 76
82226 77
82273 78
82375 77
82422 76
82440 75
82536 76
82539 77
82587 78
82634 79
82656 78
82657 79
82680 80
82842 81
82863 80
82868 79
82947 80
83055 79
83058 78
83082 77
83086 78
83113 77
83125 78
83190 77
83283 78
83289 77
83505 78
83660 79
83707 78
83755 77
83761 76
83769 75
83798 76
83847 77
83884 78
83923 77
84023 76
84043 75
84150 76
84150 75
84173 74
84186 73
84341 74
84398 73
84448 74
84449 73
84453 74
84491 73
84511 74
84521 73
84576 74
84608 75
84616 76
84646 77
84654 78
84743 79
84808 80
84883 79
84908 80
84926 79
84999 80
85016 81
85023 80
85061 79
85095 80
85147 79
85155 80
85219 79
85229 78
85310 79
85365 78
85386 77
85456 78
85532 77
85604 76
85648 75
85655 74
85682 73
85691 74
85738 75
85840 76
85875 75
85921 74
86096 75
86136 74
86137 75
86150 74
86209 75
86293 76
86307 77
86311 78
86395 77
86569 78
86579 79
86583 80
86623 81
86680 80
86717 81
86750 80
86775 81
86888 82
86919 81
86957 80
86970 81
87007 80
87028 81
87048 80
87088 79
87098 78
87135 79
87312 78
87350 79
87403 80
87568 79
87680 78
87779 79
87804 80
87857 79
87860 80
87892 79
87928 80
88046 81
88048 80
88147 79
88172 80
88176 79
88192 78
88203 79
88435 80
88438 79
88525 80
88567 79
88574 80
88636 79
88641 80
88717 81
88767 82
88776 81
88807 80
88808 79
88826 78
88852 79
88859 78
88895 77
88907 78
88935 77
88951 76
88970 77
89119 76
89291 75
89301 76
89381 77
89495 78
89571 79
89576 80
89653 81
89665 80
89688 79
89689 78
89691 79
89692 78
89699 79
89839 80
89888 81
89943 80
89944 81
90063 80
90075 81
90103 82
90161 81
90203 80
90245 81
90270 80
90290 79
90327 78
90455 79
90517 78
90568 79
90683 80
90752 81
90793 80
90877 81
90935 80
90943 79
90985 80
91003 81
91059 82
91105 81
91141 80
91162 79
91194 80
91296 81
91360 80
91386 79
91455 78
91544 77
91558 78
91626 77
91638 78
91764 77
91869 78
91967 77
92019 78
92020 77
92062 76
92068 77
92145 78
92224 79
92249 78
92254 77
92275 76
92362 77
92449 76
92483 75
92543 76
92549 77
92555 78
92599 77
92644 76
92647 75
92696 74
92707 75
92714 76
92876 75
92889 74
92923 75
92926 76
92939 77
92963 76
93051 77
93086 76
93107 77
93223 76
93252 77
93321 76
93337 75
93425 76
93528 77
93543 78
93544 79
93619 78
93663 77
93672 76
93730 77
93737 78
93805 79
93855 80
93958 81
93989 80
93994 81
94291 82
94360 81
94367 82
94367 83
94404 84
94472 83
94520 82
94533 83
94584 82
94682 81
94707 80
94720 79
94759 80
94775 79
94873 78
94883 77
94921 78
94927 79
94966 78
95035 77
95123 78
95162 77
95202 76
95215 75
95281 74
95300 75
95301 76
95347 75
95348 76
95428 77
95467 76
95523 77
95590 76
95591 77
95594 76
95596 75
95771 76
95781 75
95808 76
95927 75
95989 76
96087 77
96090 76
96147 77
96150 78
96180 79
96185 78
96199 79
96279 80
96296 81
96302 82
96308 81
96345 80
96355 79
96481 80
96551 81
96580 80
96588 81
96668 80
96743 81
96888 80
96901 79
96916 78
96931 77
96989 76
97025 77
97028 76
97049 75
97063 76
97094 75
97095 74
97105 73
97227 74
97286 73
97375 74
97409 75
97443 76
97464 77
97467 76
97469 75
97544 74
97552 75
97556 76
97583 77
97612 78
97623 79
97671 78
97671 77
97692 76
97719 77
97800 76
97803 77
97896 78
97928 79
98108 78
98119 79
98157 78
98209 79
98229 78
98312 79
98377 80
98406 81
98587 80
98643 81
98730 82
98763 83
98777 82
98799 81
98805 80
98844 79
98948 78
99078 79
99086 78
99092 77
99128 76
99144 77
99291 76
99343 75
99350 76
99400 77
99490 78
99585 79
99670 80
99671 81
99710 82
99733 83
99739 84
99931 85
100014 84
100018 83
100063 82
100069 81
100075 80
100077 79
100190 78
100364 79
100447 78
100469 79
100591 80
100612 79
100639 78
100639 79
100664 78
100746 77
100761 78
100783 79
100804 78
100887 79
100930 80
100995 79
101017 80
101070 79
101160 78
101229 77
101247 78
101247 79
101409 78
101411 77
101517 76
101520 75
101591 76
101679 77
101739 78
101751 77
101753 76
101802 77
101817 78
101834 79
101888 80
101913 79
102129 78
102139 77
102157 76
102186 75
102225 76
102382 75
102396 76
102461 75
102490 74
102507 73
102524 72
102563 71
102569 72
102579 71
102614 72
102635 73
102715 74
102730 75
102873 76
102893 77
102904 78
102934 79
102963 80
102989 79
102995 78
103001 77
103057 78
103066 79
103089 80
103369 79
103385 78
103419 79
103427 80
103497 81
103542 82
103618 81
103626 80
103636 79
103706 80
103717 79
103755 78
103897 79
103943 80
103960 79
103968 78
104002 77
104116 76
104174 75
104178 76
104210 75
104240 76
104271 77
104374 78
104386 79
104434 78
104434 77
104532 78
104590 79
104592 80
104593 81
104730 82
104767 83
104915 84
105209 85
105234 84
105286 83
105306 82
105324 83
105365 84
105616 83
105688 84
105710 83
105813 82
105826 81
105880 80
105899 79
105909 78
105912 77
105980 76
106126 77
106170 76
106253 75
106282 76
106292 75
106311 74
106316 75
106357 74
106369 73
106577 74
106592 73
106706 74
106719 75
106823 76
106848 75
106861 74
106865 75
106926 76
106955 75
106958 74
106961 75
106975 76
106992 77
107034 78
107094 77
107140 76
107145 75
107163 74
107220 75
107263 76
107303 77
107339 76
107387 77
107390 76
107444 77
107449 78
107455 79
107467 78
107474 77
107481 78
107491 77
107544 78
107643 77
107663 78
107743 79
107787 80
107826 79
107834 78
107874 77
107885 76
107892 75
108031 76
108041 77
108051 76
108057 77
108063 76
108070 75
108118 76
108118 75
108122 74
108131 73
108144 74
108151 75
108207 74
108287 75
108297 74
108363 75
108420 74
108477 75
108491 76
108535 75
108555 76
108581 77
108597 76
108599 77
108601 76
108646 77
108650 76
108690 77
108734 78
108751 79
108807 78
108817 77
108819 76
108884 75
108955 76
108979 77
108992 78
109000 77
109043 77
109045 76
109045 77
109075 78
109091 77
109235 76
109262 75
109281 76
109291 75
109321 74
109323 73
109329 74
109331 73
109391 74
109399 75
109407 76
109421 76
109449 75
109478 76
109492 75
109602 76
109603 77
109606 76
109716 77
109719 78
109775 79
109801 78
109880 79
109889 78
110068 79
110071 78
110079 77
110084 76
110092 77
110099 76
110243 77
110252 76
110257 75
110273 74
110291 73
110302 74
110349 75
110360 76
110398 77
110406 76
110407 75
110409 74
110416 73
110483 74
110635 73
110721 72
110725 73
110727 72
110729 71
110752 72
110767 73
110783 74
110789 75
110888 76
110895 75
110896 74
110959 75
110978 74
111023 75
111029 76
111034 75
111037 74
111037 75
111039 76
111052 77
111157 78
111172 79
111179 78
111180 77
111212 76
111256 75
111259 76
111275 75
111283 74
111284 73
111403 72
111444 73
111458 72
111458 71
111470 70
111502 71
111550 70
111555 69
111573 70
111574 71
111575 72
111609 73
111617 74
111626 73
111634 72
111657 73
111694 74
111747 73
111752 74
111770 75
111786 74
111793 73
111803 72
111804 73
111835 74
111880 75
111899 74
111924 73
111936 72
112111 73
112112 74
112124 75
112155 74
112158 75
112158 74
112164 73
112170 72
112174 72
112186 71
112275 72
112280 73
112295 72
112359 73
112414 74
112467 75
112477 74
112523 75
112532 74
112535 73
112541 74
112550 75
112601 76
112645 77
112691 76
112737 77
112745 76
112746 77
112750 76
112760 75
112762 74
112816 75
112826 75
112928 74
112939 73
112940 72
112982 73
113010 74
113051 73
113069 72
113081 73
113133 74
113192 73
113238 74
113240 75
113249 74
113266 73
113291 74
113307 75
113315 76
113319 77
113327 76
113327 75
113331 74
113332 73
113334 72
113340 71
113341 70
113342 69
113428 70
113451 69
113452 70
113461 69
113491 68
113608 69
113625 68
113683 67
113692 68
113727 67
113729 66
113739 65
113780 66
113790 67
113826 68
113946 69
113947 68
113960 69
113962 70
113971 69
114049 70
114057 69
114060 68
114063 67
114063 66
114072 65
114079 64
114088 63
114090 64
114092 65
114093 64
114095 65
114099 64
114099 64
114103 65
114103 66
114121 65
114184 66
114255 67
114339 66
114349 67
114379 68
114386 67
114391 68
114393 67
114398 68
114401 67
114407 68
114467 67
114472 66
114472 65
114503 66
114524 65
114532 64
114575 63
114579 62
114603 61
114613 62
114620 63
114631 64
114657 65
114664 64
114704 65
114710 64
114719 65
114735 64
114736 65
114743 64
114745 65
114751 64
114780 65
114787 64
114847 65
114858 66
114913 67
114918 66
114956 67
114979 68
115009 69
115013 68
115065 69
115079 70
115087 70
115087 69
115173 70
115177 69
115231 70
115237 71
115262 70
115267 71
115278 70
115283 71
115283 72
115299 73
115307 72
115341 71
115365 72
115434 73
115459 72
115459 71
115460 70
115547 71
115550 72
115555 71
115557 70
115611 69
115620 70
115621 69
115644 70
115678 69
115680 68
115682 69
115708 70
115730 69
115779 70
115785 71
115787 70
115807 71
115807 72
115808 71
115848 70
115855 69
115892 70
115899 70
115901 69
115914 70
115916 69
115926 70
115931 71
115965 72
115969 73
115998 74
116018 73
116019 72
116021 71
116095 72
116199 71
116247 72
116251 73
116261 72
116263 73
116347 74
116349 75
116358 74
116367 73
116400 74
116419 73
116450 74
116502 73
116502 74
116561 75
116566 74
116568 73
116646 72
116647 73
116655 72
116728 73
116755 74
116795 73
116810 74
116840 73
116895 74
116913 75
116914 76
116959 77
116982 78
117015 79
117020 78
117147 77
117171 78
117285 77
117310 76
117319 77
117352 76
117356 75
117377 76
117440 77
117546 76
117588 77
117590 78
117607 79
117612 78
117634 79
117673 80
117751 79
117768 78
117771 77
117790 76
117849 77
117881 78
117907 77
118016 78
118026 79
118059 80
118091 79
118092 78
118233 79
118272 78
118337 77
118362 78
118409 79
118415 80
118423 81
118431 80
118432 79
118442 80
118452 79
118497 78
118547 79
118560 78
118563 77
118621 78
118675 79
118925 80
118959 79
118967 80
118982 79
118999 78
119001 77
119054 78
119140 77
119154 76
119164 77
119181 78
119204 77
119283 78
119335 79
119357 80
119371 79
119371 78
119404 79
119459 80
119513 79
119577 78
119591 77
119647 76
119666 77
119745 78
119760 79
119802 80
119898 79
119903 78
119911 79
119922 80
119966 79
119993 78
120041 77
120126 76
120187 77
120264 76
120328 77
120365 78
120407 79
120414 78
120467 79
120531 80
120550 79
120550 80
120605 79
120668 80
120687 79
120816 78
120917 79
120927 78
120942 79
120995 80
121015 79
121039 78
121043 77
121051 78
121051 79
121061 78
121141 79
121143 80
121247 81
121297 82
121385 81
121519 80
121527 79
121643 80
121747 79
121819 80
121841 81
121842 80
121950 79
121972 80
121973 79
121988 78
122043 79
122096 80
122159 79
122183 78
122469 79
122492 78
122495 79
122607 80
122640 79
122642 78
122687 77
122703 76
122763 77
122854 76
122875 75
122878 76
122915 75
122930 76
122942 77
123013 76
123022 77
123038 78
123083 79
123102 78
123135 77
123215 78
123240 77
123247 76
123275 75
123282 74
123304 73
123350 74
123385 75
123388 74
123399 75
123499 76
123541 75
123552 76
123600 75
123609 74
123632 75
123655 76
123658 75
123661 74
123680 75
123759 76
123811 77
123812 76
123846 75
123858 76
123928 77
123943 78
123953 77
124003 78
124174 79
124179 78
124181 77
124191 76
124262 75
124284 74
124288 75
124305 76
124329 77
124361 78
124408 77
124412 76
124439 77
124498 78
124544 79
124616 78
124640 79
124739 78
124759 79
124759 80
124773 79
124787 78
124863 77
124865 76
124871 75
124877 74
124904 75
125081 76
125127 75
125141 76
125185 77
125185 78
125245 77
125324 78
125363 79
125473 80
125610 81
125616 82
125670 81
125757 82
125886 81
126001 80
126011 81
126018 82
126042 81
126168 80
126168 81
126251 80
126306 79
126385 80
126407 79
126433 78
126441 77
126505 76
126533 75
126572 74
126579 73
126760 74
126821 75
126824 74
126861 75
126919 76
126982 77
127054 78
127093 77
127102 76
127109 77
127135 78
127151 79
127156 80
127162 81
127251 80
127268 79
127306 78
127334 79
127364 78
127500 77
127536 76
127598 77
127635 76
127666 75
127729 74
127866 75
127920 74
127936 75
127947 76
127958 77
127984 78
127985 79
128017 78
128187 77
128206 78
128207 77
128248 78
128349 79
128365 80
128476 79
128477 80
128543 81
128638 82
128638 81
128652 80
128657 79
128796 80
129031 81
129051 80
129175 79
129190 78
129215 77
129287 78
129368 79
129405 78
129456 77
129464 78
129468 79
129490 78
129562 77
129641 76
129658 77
129675 78
129689 79
129691 80
129752 79
129847 78
129861 77
129940 78
129971 77
130083 78
130104 79
130163 78
130243 79
130245 80
130287 79
130290 80
130298 81
130302 82
130311 81
130336 80
130388 79
130499 78
130503 77
130516 76
130517 75
130602 74
130659 73
130721 74
130786 75
130815 76
130886 77
130897 78
130929 79
130946 78
130991 77
130993 78
131035 79
131071 78
131096 79
131152 80
131159 81
131217 80
131220 79
131227 80
131255 79
131323 78
131443 77
131500 78
131523 79
131550 80
131604 81
131629 80
131771 79
131785 80
131856 81
131979 80
131981 81
131996 80
131997 79
132021 78
132051 79
132052 78
132089 77
132137 78
132149 77
132158 76
132319 75
132427 76
132562 77
132617 78
132665 77
132683 78
132805 77
132874 78
132883 77
132932 78
132943 79
132946 80
132974 81
133021 80
133106 79
133137 80
133155 81
133179 82
133196 83
133201 82
133283 81
133384 80
133416 81
133416 82
133445 81
133487 82
133573 81
133661 82
133687 81
133810 80
133814 81
133823 82
133844 81
133871 80
133871 79
133879 78
133884 77
133923 76
133986 77
133997 76
134147 77
134159 76
134279 75
134337 76
134360 75
134401 74
134412 75
134418 76
134481 77
134522 78
134568 79
134571 78
134613 79
134654 78
134659 79
134703 80
134790 79
134799 80
134938 79
134979 80
135043 79
135112 78
135123 79
135136 78
135149 77
135187 76
135306 77
135336 78
135386 77
135458 78
135511 79
135513 78
135632 79
135659 80
135725 79
135796 78
135896 79
135903 80
135908 81
136055 80
136056 79
136117 80
136241 79
136267 80
136297 79
136361 78
136370 77
136427 76
136440 75
136470 74
136544 73
136584 74
136659 73
136724 72
136735 73
136756 74
136760 75
136830 76
136835 77
136885 78
136906 77
136963 78
136990 79
137023 80
137031 79
137077 80
137101 79
137138 80
137252 79
137329 78
137333 79
137389 80
137395 79
137456 78
137524 77
137539 76
137552 77
137558 76
137582 75
137590 76
137615 75
137667 76
137677 77
137699 78
137760 79
137854 78
137918 77
137996 78
138000 77
138094 78
138113 77
138203 78
138209 77
138264 78
138307 77
138362 78
138382 77
138435 76
138479 77
138547 78
138651 79
138687 80
138719 79
138763 80
138818 79
138828 78
138858 79
138891 80
138955 79
138966 78
139061 77
139217 76
139243 75
139370 76
139376 77
139399 78
139474 79
139494 80
139613 81
139626 82
139685 81
139715 82
139751 81
139755 82
139763 81
139767 82
139831 81
139847 80
139915 81
139943 80
139948 79
139955 78
140054 77
140082 76
140129 75
140221 74
140279 75
140299 74
140340 73
140385 74
140443 73
140457 74
140499 75
140606 76
140619 77
140663 78
140690 79
140723 80
140833 81
140841 80
140854 79
140855 78
140870 77
140875 76
140905 75
140988 74
141069 75
141131 76
141209 75
141234 76
141237 77
141251 78
141253 77
141352 78
141381 79
141505 78
141558 79
141567 80
141576 81
141587 82
141603 81
141618 80
141670 81
141703 80
141729 81
141783 80
141873 81
141895 82
141911 83
141936 84
141991 83
142017 82
142131 83
142149 82
142167 81
142343 80
142349 79
142359 78
142372 77
142549 76
142620 77
142660 76
142779 77
142819 78
142850 79
142899 80
142979 81
142996 82
143034 83
143076 82
143159 83
143194 82
143411 83
143472 82
143475 81
143489 82
143505 83
143511 82
143527 81
143653 80
143695 79
143779 78
143781 77
143787 76
143831 77
143841 76
143843 75
143997 76
144030 75
144208 74
144219 75
144332 74
144338 75
144391 74
144433 75
144450 76
144560 77
144574 78
144588 79
144615 80
144618 79
144698 80
144699 81
144715 82
144769 81
144772 80
144783 81
144811 82
144828 81
144868 80
145049 79
145089 78
145181 77
145223 78
145224 79
145249 78
145258 79
145337 78
145370 79
145486 80
145491 79
145543 78
145550 77
145649 78
145736 77
145763 76
145771 77
145777 76
145838 77
145934 78
145970 77
145982 76
146011 75
146044 76
146150 77
146249 78
146279 79
146346 80
146388 81
146484 82
146561 83
146739 82
146792 81
146828 82
146854 81
146880 80
146908 81
146938 82
146943 81
147023 80
147027 79
147085 78
147086 77
147094 76
147285 75
147389 76
147428 77
147480 76
147493 77
147563 78
147581 79
147592 78
147643 79
147652 80
147826 81
147874 80
147895 79
147968 80
148024 81
148041 82
148088 81
148094 82
148148 81
148156 80
148315 79
148358 78
148372 79
148375 78
148402 77
148410 76
148411 75
148501 76
148520 75
148536 74
148567 73
148604 72
148618 73
148643 74
148881 75
148898 74
148899 75
148908 74
148909 73
148913 72
148949 73
148955 74
148973 73
148989 72
148993 71
149028 72
149040 73
149105 72
149144 71
149147 72
149151 73
149216 74
149270 75
149444 76
149535 75
149555 76
149565 77
149588 78
149641 79
149665 80
149684 79
149710 78
149728 79
149742 80
149801 81
149805 82
149852 81
149939 80
149943 81
150025 80
150062 79
150107 78
150228 77
150232 78
150256 77
150267 76
150279 77
150383 76
150409 77
150517 76
150525 75
150544 76
150561 75
150613 74
150663 75
150668 76
150783 77
150802 76
150872 75
150887 76
150957 77
150972 76
150996 77
151001 78
151053 77
151124 76
151139 77
151224 76
151264 77
151309 78
151343 79
151381 80
151420 79
151467 80
151484 81
151553 82
151598 81
151621 80
151633 79
151638 80
151661 79
151693 78
151744 79
151859 80
151876 79
151925 78
152042 77
152043 78
152084 77
152125 78
152137 79
152174 78
152219 77
152307 78
152348 79
152382 80
152418 81
152455 80
152535 79
152592 78
152602 77
152642 76
152690 75
152705 74
152735 73
152751 72
152758 73
152816 72
152935 73
152938 74
152993 75
152996 76
153036 77
153047 78
153085 79
153156 80
153212 81
153336 82
153385 81
153464 80
153468 79
153520 80
153724 81
153823 80
153840 79
153846 80
153919 79
153952 78
153984 79
153994 80
154096 79
154101 80
154129 81
154141 82
154215 81
154268 80
154284 81
154354 80
154416 79
154472 78
154515 77
154556 78
154613 77
154622 76
154626 75
154640 74
154649 73
154682 74
154740 75
154763 74
154836 75
154890 76
155036 75
155045 76
155048 75
155052 76
155118 77
155129 76
155149 77
155261 76
155302 75
155342 76
155348 77
155417 76
155432 77
155449 78
155486 79
155506 80
155574 79
155639 78
155649 77
155920 78
155944 77
155949 76
155989 75
156054 76
156064 75
156072 76
156077 75
156085 76
156104 75
156130 76
156276 77
156304 76
156337 77
156378 76
156411 77
156415 76
156417 75
156420 74
156439 75
156572 74
156574 75
156622 76
156658 75
156737 74
156769 75
156782 74
156783 73
156786 72
156898 71
156943 72
156944 71
156944 70
156945 71
156952 70
156961 71
157071 72
157072 73
157084 72
157084 71
157084 70
157084 69
157084 70
157088 69
157097 68
157126 69
157155 70
157224 71
157237 70
157279 71
157287 72
157296 73
157316 72
157363 71
157366 72
157371 72
157381 71
157483 70
157504 71
157517 72
157526 71
157527 70
157528 69
157528 68
157530 67
157538 66
157562 65
157576 66
157612 67
157620 66
157620 65
157667 66
157680 66
157681 66
157685 65
157705 66
157708 67
157716 66
157716 65
157716 64
157749 64
157753 65
157777 66
157860 67
157880 66
157928 67
157936 67
157961 66
157984 67
157992 66
158004 67
158013 67
158015 66
158017 65
158019 64
158024 63
158027 62
158027 61
158034 60
158058 59
158064 60
158068 61
158080 60
158092 61
158096 60
158148 61
158148 62
158210 63
158212 62
158214 61
158226 62
158230 61
158240 62
158258 61
158260 62
158260 61
158272 62
158340 63
158389 64
158414 65
158420 66
158421 67
158424 68
158431 69
158432 70
158439 69
158501 70
158534 69
158539 70
158544 71
158560 70
158560 69
158560 68
158560 67
158577 66
158583 67
158585 68
158640 69
158656 69
158656 68
158656 67
158656 66
158678 67
158679 68
158686 67
158692 68
158709 69
158764 70
158776 69
158801 68
158843 69
158844 70
158864 69
158900 70
158904 71
158910 70
158924 69
158924 68
158940 69
158991 68
159024 69
159024 70
159036 69
159056 68
159064 67
159076 68
159082 67
159084 66
159085 65
159088 66
159091 65
159102 66
159116 67
159227 68
159268 69
159280 68
159289 67
159341 68
159358 69
159380 70
159400 69
159428 68
159443 67
159464 68
159471 69
159485 70
159493 71
159513 72
159515 73
159666 74
159672 75
159688 74
159707 75
159754 74
159767 75
159770 76
159773 75
159792 76
159812 75
159821 74
159864 73
159864 72
159869 71
159886 72
159894 73
159928 74
159979 73
160023 72
160032 71
160059 72
160068 73
160083 74
160084 73
160085 72
160108 73
160124 74
160192 73
160232 74
160240 75
160261 76
160272 77
160291 76
160314 77
160326 76
160367 77
160405 78
160435 77
160442 76
160468 77
160470 76
160492 75
160497 74
160500 73
160548 74
160563 73
160603 72
160629 71
160660 70
160725 71
160727 72
160736 73
160785 72
160838 73
160847 74
160898 75
160909 74
160911 73
160911 72
160995 73
161016 72
161088 73
161103 72
161109 73
161137 74
161172 73
161195 72
161214 73
161245 74
161256 73
161311 72
161338 71
161343 72
161345 71
161365 70
161374 71
161378 70
161416 71
161428 71
161447 72
161456 73
161480 74
161527 75
161635 76
161641 76
161647 76
161649 75
161655 74
161660 75
161672 74
161690 75
161708 74
161718 73
161724 72
161771 73
161774 72
161774 71
161812 72
161833 71
161838 70
161893 71
161909 70
161913 69
161943 70
161979 71
162011 72
162064 71
162088 72
162091 71
162096 70
162118 69
162120 68
162139 69
162166 70
162172 69
162177 68
162207 67
162233 66
162238 67
162276 68
162288 67
162294 68
162362 69
162403 70
162408 69
162424 68
162458 67
162499 68
162536 67
162607 68
162628 67
162663 68
162667 69
162670 70
162683 69
162717 70
162732 71
162744 72
162748 73
162760 74
162794 75
162834 74
162836 73
162838 74
162840 73
162840 72
162916 73
162948 74
162967 73
162967 74
162997 75
163028 74
163105 75
163120 74
163176 75
163220 76
163351 75
163399 74
163413 75
163420 74
163457 73
163461 74
163487 75
163492 74
163524 75
163526 74
163526 74
163585 75
163587 76
163602 75
163717 76
163721 75
163724 74
163759 75
163767 74
163851 75
163861 74
163944 75
163953 74
163956 73
163966 72
163971 71
163997 70
164012 71
164020 70
164028 69
164088 68
164106 69
164124 70
164133 69
164160 69
164210 70
164212 69
164253 68
164258 68
164258 69
164259 69
164264 68
164265 67
164267 66
164320 67
164334 66
164363 67
164372 66
164403 67
164432 68
164459 69
164509 70
164581 69
164597 70
164602 69
164651 70
164653 69
164660 68
164709 67
164754 68
164768 69
164768 70
164776 69
164779 68
164783 67
164784 66
164784 67
164789 66
164789 65
164792 64
164792 63
164792 62
164796 61
164798 60
164801 59
164808 60
164810 61
164830 60
164904 61
164912 60
164917 59
164917 58
164917 57
164917 57
164917 56
164931 57
164943 58
164948 57
165007 58
165105 59
165133 60
165134 59
165137 60
165171 61
165173 60
165176 61
165176 61
165184 60
165196 61
165203 60
165204 60
165220 61
165222 60
165227 61
165233 61
165233 60
165233 60
165233 59
165234 59
165240 60
165242 59
165245 58
165250 57
165282 58
165285 59
165307 58
165356 59
165364 58
165378 57
165431 58
165449 59
165461 58
165471 57
165474 56
165484 57
165492 56
165507 55
165525 54
165525 53
165536 54
165553 53
165559 54
165564 55
165575 54
165576 53
165577 52
165580 52
165601 53
165612 54
165624 55
165666 55
165674 56
165696 57
165704 56
165712 57
165712 56
165720 55
165720 54
165737 55
165744 56
165761 57
165787 58
165792 58
165796 59
165799 60
165809 61
165816 62
165825 61
165825 62
165825 61
165825 60
165825 60
165825 59
165825 58
165827 57
165830 57
165832 57
165868 58
165874 59
165914 58
165925 59
165934 60
165938 61
165956 62
165972 63
165989 62
166029 63
166040 64
166063 65
166066 66
166077 65
166097 66
166148 67
166158 68
166165 69
166166 68
166169 68
166170 67
166174 66
166174 67
166178 66
166181 65
166185 64
166208 65
166213 64
166217 63
166217 62
166219 61
166220 61
166220 60
166268 61
166276 60
166276 59
166276 58
166285 58
166296 59
166304 59
166312 59
166317 58
166326 57
166417 56
166419 55
166478 56
166483 57
166488 58
166491 59
166496 58
166496 58
166497 57
166505 58
166507 59
166509 60
166512 59
166523 58
166564 57
166572 58
166585 57
166587 58
166588 58
166599 57
166605 58
166612 59
166615 60
166620 59
166626 58
166627 59
166636 60
166687 60
166715 59
166748 60
166756 59
166785 58
166786 59
166790 60
166797 59
166801 58
166856 59
166862 58
166868 57
166898 58
166912 59
166915 58
166924 57
166924 56
166965 55
166981 56
166998 57
166999 56
167000 55
167013 56
167024 57
167039 56
167098 57
167100 58
167101 59
167105 58
167111 58
167148 59
167165 60
167242 59
167245 60
167247 61
167251 60
167258 59
167259 58
167259 57
167265 58
167271 57
167272 58
167279 59
167303 60
167314 59
167335 58
167340 59
167355 60
167356 59
167356 58
167358 59
167360 60
167368 61
167408 62
167413 63
167420 64
167428 65
167484 64
167493 65
167499 64
167499 64
167501 63
167509 64
167516 64
167521 63
167526 62
167537 61
167565 62
167576 63
167593 63
167604 64
167629 65
167642 66
167652 66
167655 67
167660 68
167671 69
167678 68
167680 67
167686 68
167737 67
167739 68
167745 68
167757 67
167758 67
167763 66
167766 65
167773 64
167845 65
167852 66
167867 65
167879 64
167883 65
167928 66
167988 67
168018 67
168021 66
168036 65
168063 66
168168 67
168219 66
168222 67
168232 66
168245 67
168278 68
168285 69
168317 68
168317 67
168318 66
168320 65
168326 66
168359 67
168362 66
168388 67
168393 66
168403 65
168453 66
168484 65
168495 66
168528 65
168532 66
168538 67
168548 68
168549 67
168550 66
168553 67
168553 68
168560 67
168561 66
168599 67
168624 66
168730 67
168758 68
168768 67
168770 66
168811 65
168818 66
168827 67
168830 68
168832 68
168849 67
168864 68
168911 69
168921 70
168935 71
168980 72
169050 73
169068 74
169071 75
169084 76
169085 75
169088 74
169091 73
169094 74
169150 73
169155 74
169183 75
169206 74
169269 73
169269 72
169272 73
169277 74
169277 74
169282 75
169282 74
169283 73
169296 72
169305 71
169343 70
169346 71
169348 70
169354 69
169356 68
169358 67
169372 68
169419 67
169423 66
169424 67
169427 66
169431 65
169438 64
169455 63
169455 62
169496 61
169532 60
169535 61
169546 62
169581 63
169611 62
169613 63
169615 62
169652 61
169693 62
169762 63
169768 62
169795 61
169797 62
169815 63
169849 64
169857 64
169860 64
169869 63
169881 64
169885 65
169892 64
169931 65
170000 66
170012 67
170016 66
170017 67
170046 66
170065 65
170066 66
170071 65
170076 64
170079 63
170107 64
170114 65
170123 64
170139 65
170140 64
170142 65
170146 66
170153 65
170199 66
170236 67
170263 68
170270 69
170291 70
170322 71
170331 70
170338 71
170342 71
170352 70
170396 69
170401 70
170427 71
170494 72
170506 73
170511 74
170512 75
170545 74
170567 73
170618 74
170656 73
170679 72
170683 71
170684 70
170688 71
170730 72
170776 73
170779 72
170780 71
170784 70
170836 69
170862 70
170873 69
170875 68
170888 69
170904 68
170916 69
170917 69
170922 70
170927 69
170931 68
170936 67
170974 66
170974 67
170989 66
170997 67
171041 68
171108 69
171112 70
171130 69
171156 70
171176 71
171181 70
171224 71
171280 72
171294 73
171382 72
171442 73
171442 74
171444 73
171449 72
171450 71
171512 72
171610 71
171640 72
171663 73
171664 74
171670 73
171674 72
171726 73
171778 74
171816 75
171816 76
171845 75
171958 76
172018 77
172019 76
172021 77
172039 78
172082 79
172120 78
172180 77
172201 78
172247 77
172275 78
172289 77
172338 78
172372 77
172387 76
172388 75
172390 76
172417 77
172484 76
172533 77
172640 78
172820 79
172833 78
172900 79
172978 80
172982 79
173012 80
173024 81
173037 80
173087 79
173094 78
173108 79
173156 78
173168 79
173229 78
173232 79
173249 80
173260 81
173268 80
173326 79
173412 78
173436 79
173544 78
173580 77
173581 78
173672 79
173727 78
173832 77
173951 78
173952 77
173980 76
174036 75
174068 76
174072 77
174129 78
174230 77
174342 78
174379 77
174392 76
