0 0
0 0
19 0
40 0
67 1
75 1
98 2
100 2
139 3
140 4
141 4
143 4
146 5
149 6
163 6
163 6
164 6
164 6
164 6
164 6
164 5
165 5
166 5
170 5
171 5
173 5
240 6
255 6
255 6
255 7
287 8
294 9
303 9
303 9
312 9
342 8
372 9
393 10
402 10
404 9
405 10
407 10
410 10
411 11
443 11
508 11
515 11
527 12
535 12
545 13
545 14
554 14
575 15
576 15
578 16
580 16
581 17
583 17
584 17
587 17
587 17
592 18
592 19
595 19
603 20
669 21
679 21
733 22
739 23
739 24
743 24
747 24
754 24
755 25
758 26
762 26
783 27
808 28
813 28
815 28
817 27
819 27
823 27
826 27
828 26
846 27
860 28
863 29
867 30
871 30
887 31
901 31
902 31
922 32
929 33
932 33
941 32
987 33
998 33
1013 34
1030 34
1083 35
1096 36
1109 37
1119 38
1120 37
1124 38
1128 38
1140 39
1159 38
1161 39
1165 39
1184 40
1186 41
1191 40
1194 40
1219 41
1241 40
1241 40
1253 39
1287 40
1288 40
1299 40
1316 41
1371 42
1395 43
1412 44
1412 45
1427 44
1434 45
1443 44
1458 44
1476 45
1500 44
1502 44
1503 43
1591 44
1592 43
1610 44
1658 43
1686 44
1694 43
1696 42
1733 43
1762 44
1793 45
1794 46
1808 47
1811 48
1812 48
1814 48
1817 47
1879 48
1893 48
1894 49
1894 50
1907 51
1907 50
1912 49
1918 48
1933 49
1986 48
1995 49
1999 50
2036 51
2068 52
2071 53
2098 54
2108 53
2114 52
2135 51
2150 52
2174 53
2195 54
2196 55
2205 54
2254 55
2256 54
2257 54
2262 55
2273 55
2273 54
2277 54
2527 55
2532 54
2545 53
2555 54
2556 53
2558 52
2592 53
2594 52
2594 53
2601 54
2611 53
2615 52
2699 51
2700 50
2717 51
2758 52
2766 53
2776 52
2778 52
2934 53
2972 54
3035 55
3072 56
3147 55
3175 56
3178 56
3187 56
3193 56
3247 57
3288 57
3318 58
3325 59
3337 58
3347 57
3372 58
3403 59
3419 60
3445 59
3459 60
3462 61
3479 62
3503 63
3671 63
3674 62
3722 61
3750 62
3794 61
3798 62
3811 61
3871 62
3967 63
3974 64
3990 63
4002 62
4015 61
4048 61
4049 62
4052 61
4053 60
4063 61
4093 61
4105 62
4148 63
4156 62
4229 63
4322 64
4355 65
4357 64
4363 65
4516 66
4609 67
4651 68
4723 69
4732 68
4733 68
4860 69
4895 68
4907 67
4909 68
4971 67
4988 68
5003 69
5013 68
5074 69
5147 70
5148 69
5185 68
5201 69
5296 68
5346 67
5361 66
5450 67
5480 68
5484 67
5488 66
5670 67
5673 66
5687 66
5805 65
5831 66
5846 65
5873 66
5874 67
5949 68
5952 68
6055 69
6060 68
6068 67
6094 68
6148 69
6174 70
6176 71
6226 70
6295 71
6379 70
6407 69
6451 68
6484 67
6487 66
6537 67
6585 68
6593 69
6680 68
6699 69
6699 70
6703 71
6795 72
6927 71
6929 72
6944 73
6983 72
7000 71
7005 70
7006 69
7043 68
7061 67
7091 66
7092 65
7119 64
7224 65
7263 66
7329 65
7343 64
7359 65
7379 66
7379 65
7380 64
7403 65
7433 64
7489 63
7491 62
7522 63
7525 64
7539 65
7647 66
7681 67
7764 68
7870 68
7887 67
7899 66
7945 67
8012 68
8029 69
8039 68
8071 67
8071 68
8167 69
8168 69
8239 70
8279 71
8319 72
8371 73
8412 74
8423 74
8426 75
8455 76
8491 75
8540 74
8595 75
8731 76
8858 75
8946 74
8959 73
8971 72
8986 73
8995 74
9091 75
9111 74
9182 75
9183 74
9284 75
9387 75
9559 74
9579 73
9647 74
9659 73
9661 73
9719 74
9723 73
9782 74
9826 73
9843 74
9914 75
9927 76
10019 75
10045 74
10063 75
10073 76
10211 75
10211 76
10304 75
10371 74
10413 75
10483 74
10492 75
10507 76
10661 75
10675 74
10704 75
10783 74
10801 73
10931 74
10992 75
11007 74
11055 75
11066 74
11067 75
11120 76
11199 75
11207 74
11229 75
11255 74
11258 75
11349 74
11372 75
11439 74
11525 73
11547 74
11567 75
11676 74
11679 73
11683 72
11718 73
11825 74
11835 75
11885 74
11939 73
11959 74
11993 73
12043 74
12076 73
12114 74
12120 73
12131 72
12311 71
12315 72
12377 71
12398 70
12497 69
12497 68
12536 69
12551 70
12593 71
12657 72
12665 73
12671 74
12687 75
12744 76
13045 77
13079 76
13140 77
13150 76
13155 77
13174 76
13210 77
13299 78
13365 77
13437 78
13598 77
13633 76
13660 77
13703 78
13721 77
13791 76
13817 75
13890 74
14008 75
14044 74
14136 75
14144 76
14191 75
14207 74
14226 75
14230 76
14376 75
14380 74
14651 75
14713 76
14723 75
14755 74
14759 75
14765 74
14845 73
14860 74
14862 75
14907 74
14907 73
14939 74
14939 73
14967 74
14982 73
14988 74
15060 73
15148 72
15157 73
15251 74
15284 73
15303 72
15315 73
15414 72
15462 71
15511 70
15511 69
15525 68
15555 69
15589 68
15634 69
15647 68
15675 69
15697 68
15813 69
15845 70
15938 69
15954 70
16024 71
16097 72
16103 73
16117 72
16121 73
16194 74
16211 75
16275 74
16327 75
16339 74
16366 75
16421 74
16480 75
16496 74
16571 75
16594 74
16605 73
16735 74
16736 73
16739 74
16847 75
16876 76
16944 77
16978 76
16991 75
17009 76
17131 75
17159 74
17164 73
17203 72
17242 71
17245 72
17247 73
17303 74
17337 73
17341 74
17375 75
17419 74
17487 73
17503 72
17671 73
17725 74
17889 73
17898 72
17898 71
17899 70
17906 69
17918 70
17972 71
17987 72
18057 73
18062 72
18077 71
18102 70
18104 69
18159 70
18195 71
18231 70
18235 71
18245 72
18287 71
18340 70
18351 70
18381 71
18397 72
18403 73
18447 74
18474 73
18591 74
18615 73
18643 72
18691 71
18707 72
18757 73
18805 74
18831 73
19004 72
19016 73
19081 72
19094 73
19099 74
19280 75
19291 76
19297 75
19311 76
19350 77
19435 78
19464 77
19479 76
19480 75
19481 76
19492 75
19529 76
19545 75
19595 76
19666 75
19727 74
19759 75
19768 74
19781 75
19832 74
19943 75
19943 74
20086 75
20114 74
20123 73
20239 74
20241 75
20312 76
20404 77
20502 76
20531 77
20547 78
20571 77
20578 78
20591 77
20888 78
20896 77
21003 76
21056 75
21079 76
21099 75
21146 74
21154 75
21275 76
21439 75
21463 76
21471 75
21518 76
21543 77
21564 78
21597 77
21600 76
21607 75
21624 74
21646 75
21678 74
21807 75
21831 76
21875 77
21914 78
21945 77
22008 76
22073 77
22250 78
22259 79
22260 78
22396 79
22431 79
22483 80
22520 81
22534 80
22719 79
22723 80
22741 81
22820 82
22861 81
22911 80
23063 79
23117 78
23147 77
23151 78
23199 77
23221 77
23276 78
23295 77
23408 76
23475 75
23480 74
23501 73
23551 74
23631 75
23667 74
23668 73
23675 74
23727 75
23731 76
23771 77
23803 76
23816 75
23829 74
23851 75
23947 76
24059 75
24147 74
24159 73
24169 74
24223 75
24224 76
24257 75
24305 76
24332 77
24355 76
24385 77
24395 76
24415 77
24463 76
24514 77
24596 78
24638 77
24663 78
24844 79
24881 80
24915 79
24995 78
25059 79
25087 80
25149 79
25245 80
25287 79
25299 78
25304 77
25318 76
25386 77
25403 78
25506 77
25521 78
25691 79
25706 80
25783 79
25879 78
25986 77
26004 78
26065 79
26117 78
26157 79
26160 80
26318 81
26399 82
26399 81
26412 80
26494 79
26504 78
26535 77
26583 78
26602 77
26650 76
26675 75
26747 76
26815 75
26828 75
26876 76
27010 75
27011 76
27063 77
27068 78
27091 79
27114 80
27159 79
27171 80
27177 79
27195 78
27223 77
27245 76
27267 77
27365 78
27388 77
27495 76
27518 77
27535 76
27569 75
27631 74
27632 75
27632 74
27651 73
27762 72
27781 73
27826 74
27847 75
27854 76
27938 75
27989 74
28041 75
28074 76
28076 75
28191 76
28211 75
28218 76
28235 77
28248 78
28273 77
28290 76
28290 77
28349 78
28402 79
28462 78
28604 79
28647 78
28750 79
28756 78
28956 77
28967 76
28970 77
29041 78
29050 77
29062 76
29071 77
29094 76
29096 77
29132 78
29186 79
29276 80
29427 79
29471 78
29472 77
29508 78
29523 79
29608 78
29647 79
29727 78
29735 77
29745 78
29847 79
29858 78
29868 79
29956 78
30050 79
30123 78
30220 77
30291 78
30332 79
30380 80
30447 81
30496 82
30504 83
30536 82
30563 81
30575 80
30675 79
30768 80
30876 79
31068 78
31073 79
31080 80
31180 79
31206 80
31212 81
31220 80
31250 79
31392 80
31408 79
31451 80
31473 81
31502 80
31593 81
31628 80
31679 81
31704 80
31847 81
31855 82
31935 81
31947 80
31967 81
32041 82
32059 83
32072 82
32143 81
32229 82
32332 81
32357 80
32446 81
32546 80
32562 79
32580 80
32587 81
32680 82
32724 83
32740 82
32880 83
32932 84
33032 83
33039 84
33060 83
33061 82
33190 81
33357 80
33443 79
33602 80
33628 81
33651 82
33659 81
33821 82
33824 83
33826 82
33834 83
33956 82
34000 83
34052 82
34130 81
34219 82
34389 81
34416 80
34607 81
34716 82
34771 81
34928 80
34946 81
35022 82
35051 81
35108 80
35133 81
35148 80
35197 81
35284 80
35361 81
35503 80
35553 79
35597 80
35637 81
35763 80
35784 81
35877 82
35932 83
35935 84
36040 83
36076 84
36110 83
36164 82
36181 81
36220 80
36224 81
36226 80
36248 79
36400 80
36424 81
36509 80
36615 79
36825 80
36846 79
36858 80
36881 79
36901 80
36957 79
37008 80
37048 81
37200 82
37211 83
37276 82
37332 81
37424 80
37426 79
37578 78
37648 77
37719 78
37728 77
37736 78
37813 77
37864 78
37871 79
37925 78
37932 79
37944 80
37958 79
37996 80
38067 79
38181 78
38196 77
38260 76
38329 75
38353 76
38464 77
38475 76
38544 75
38550 74
38561 75
38602 76
38636 75
38692 76
38754 77
38869 76
38876 77
38897 78
38903 77
38904 78
39034 77
39047 78
39078 79
39104 78
39191 77
39192 78
39198 77
39205 78
39220 79
39221 80
39287 79
39463 78
39500 77
39500 78
39505 77
39509 76
39528 75
39558 76
39564 75
39596 74
39804 73
39834 72
39892 73
40081 72
40110 73
40121 74
40136 75
40152 76
40169 77
40179 78
40214 77
40216 76
40219 77
40248 78
40467 79
40480 80
40524 81
40528 80
40553 81
40568 80
40599 79
40663 78
40704 79
40893 80
40956 79
40992 78
41012 79
41208 78
41240 79
41248 80
41349 81
41416 82
41455 81
41460 82
41492 81
41568 82
41588 81
41588 80
41633 81
41652 80
41697 79
41712 78
41760 79
41826 80
41955 81
41968 80
42020 81
42200 82
42223 83
42258 82
42352 81
42356 80
42428 81
42460 82
42504 81
42559 80
42663 81
42680 80
42702 79
42812 78
42878 77
42892 76
42909 77
42980 78
43005 79
43071 78
43148 79
43180 80
43227 81
43244 82
43256 83
43309 82
43456 81
43672 80
43708 81
43730 80
43736 81
43752 80
43838 79
43866 78
43947 79
43987 78
44069 79
44120 80
44190 81
44323 80
44332 81
44336 80
44340 79
44388 80
44423 79
44529 80
44568 79
44616 80
44630 79
44651 80
44679 79
44694 80
44795 79
44916 80
44964 81
45185 80
45192 81
45199 82
45217 81
45288 82
45392 81
45408 80
45473 79
45478 78
45506 79
45520 80
45568 79
45697 80
45725 79
45729 78
45730 77
45888 76
45892 77
45901 76
46016 77
46063 76
46091 75
46109 76
46111 77
46143 78
46178 77
46222 78
46262 77
46276 78
46300 77
46318 76
46338 77
46364 78
46510 79
46552 80
46599 79
46632 80
46644 79
46644 80
46667 79
46730 80
46762 81
46780 80
46783 81
46810 80
46902 81
47028 80
47136 79
47164 78
47190 79
47348 80
47404 81
47432 80
47590 81
47656 82
47677 83
47697 82
47708 81
47720 82
47780 81
47898 80
47942 81
47948 80
47948 81
48069 80
48097 79
48239 80
48344 79
48361 80
48399 79
48407 80
48480 81
48487 80
48547 79
48609 80
48652 79
48653 78
48672 77
48700 76
48824 75
48852 74
48865 75
48956 76
48968 77
48980 78
48998 79
49092 80
49126 79
49210 78
49227 79
49296 80
49378 79
49464 80
49472 81
49492 82
49494 81
49501 82
49539 81
49617 82
49669 83
49743 82
49760 81
49783 82
49952 81
50000 82
50156 83
50170 82
50286 83
50359 82
50362 81
50508 82
50715 83
50732 82
50744 81
50747 80
50747 79
50832 78
50870 79
50901 78
51028 79
51049 78
51302 79
51430 80
51462 79
51564 80
51573 81
51637 80
51639 79
51728 80
51873 81
51879 82
51890 83
51977 82
51992 81
52052 80
52092 79
52184 78
52191 77
52210 78
52321 77
52370 78
52409 79
52448 80
52452 81
52512 82
52520 81
52559 80
52621 79
52672 78
52724 77
52744 78
52822 79
52842 80
52936 81
53116 82
53145 83
53164 82
53268 83
53345 82
53444 83
53456 82
53468 81
53559 80
53568 81
53672 80
53684 79
53692 80
53732 79
53748 80
53825 79
53881 78
53892 79
53948 78
54059 77
54090 78
54126 77
54196 76
54206 75
54216 76
54244 77
54264 76
54304 75
54364 76
54400 77
54415 78
54574 79
54580 78
54593 77
54812 78
54844 77
54852 78
54880 79
54900 78
54928 79
54964 78
54984 77
54984 78
55098 79
55163 78
55232 79
55533 80
55576 79
55639 80
55727 81
55740 80
55743 81
55749 82
55812 83
55912 82
55916 83
55953 82
56064 81
56067 80
56067 81
56076 80
56285 79
56336 78
56356 79
56418 78
56644 77
56654 76
56712 77
56733 78
56739 77
56740 78
56864 79
56868 78
56877 79
56879 80
56904 79
56920 80
56930 81
56984 80
57055 81
57092 80
57100 81
57176 80
57281 81
57286 82
57388 81
57448 80
57448 79
57590 80
57600 79
57616 78
57633 79
57646 78
57674 79
57757 78
57780 77
57852 78
57855 77
57857 78
57868 79
57948 78
57962 77
57985 76
58144 77
58162 76
58168 75
58170 76
58262 75
58288 74
58308 75
58328 74
58348 75
58356 74
58394 75
58460 76
58472 77
58495 78
58519 79
58614 80
58685 81
58761 82
58850 83
58872 84
58892 83
58932 82
58938 83
59080 82
59172 81
59206 80
59207 81
59219 80
59220 79
59235 78
59363 79
59374 78
59409 79
59420 80
59445 79
59501 80
59525 81
59592 80
59717 79
59737 80
59762 81
59773 80
59807 79
59823 78
59852 77
59860 78
59978 77
59996 78
60132 77
60175 78
60257 79
60307 80
60352 81
60376 80
60506 81
60530 80
60539 79
60593 80
60616 81
60714 82
60771 81
60792 80
60800 79
60837 80
60884 79
60895 78
60912 77
61024 76
61234 75
61246 76
61266 75
61271 74
61294 75
61327 74
61328 73
61364 72
61368 73
61368 74
61417 73
61452 74
61588 75
61680 74
61693 75
61759 76
61768 77
61861 76
61884 77
61948 78
61985 79
61996 78
62008 77
62028 78
62029 79
62059 80
62088 79
62200 78
62229 79
62234 78
62274 79
62414 78
62416 77
62445 76
62452 77
62524 78
62535 77
62599 76
62661 77
62680 76
62708 75
62772 76
62779 75
62787 74
62839 75
62890 76
62891 77
62901 76
62931 75
62957 76
63004 77
63060 76
63076 77
63128 76
63216 75
63235 76
63292 77
63312 76
63316 75
63351 76
63351 77
63480 76
63491 77
63549 76
63568 77
63570 76
63620 77
63680 78
63799 79
63811 80
63859 79
63892 78
63953 77
64008 78
64015 79
64028 78
64040 77
64059 78
64174 79
64239 80
64359 79
64364 80
64380 79
64384 80
64424 79
64460 80
64571 79
64610 78
64615 77
64743 78
64760 79
64776 80
64797 81
64828 80
64844 81
64985 82
65152 81
65236 82
65327 83
65359 82
65452 81
65461 82
65510 81
65531 80
65568 79
65612 80
65624 81
65669 80
65751 79
65805 80
65813 81
65906 80
65908 79
65908 78
65942 77
66008 78
66010 79
66062 80
66184 79
66224 80
66254 79
66264 78
66339 79
66419 80
66424 81
66476 82
66688 81
66696 82
66796 81
66816 80
66879 81
67006 80
67013 81
67068 82
67072 81
67075 80
67181 81
67256 80
67321 81
67432 80
67452 81
67592 80
67631 79
67669 80
67741 81
67760 80
67852 81
67996 80
68032 81
68049 80
68079 81
68205 82
68256 81
68275 80
68289 79
68300 80
68300 79
68372 80
68480 81
68717 82
68718 83
68747 82
69005 83
69085 84
69124 83
69125 82
69229 81
69264 82
69353 81
69395 80
69588 79
69616 78
69625 77
69635 78
69651 77
69742 76
69780 75
69792 74
69846 75
69896 76
69932 75
69938 74
70027 73
70035 72
70060 73
70166 74
70201 73
70210 74
70227 75
70349 74
70365 75
70365 76
70384 75
70412 74
70420 75
70477 76
70524 75
70547 76
70621 77
70664 78
70680 79
70742 80
70905 79
70956 80
70974 81
70989 82
71092 83
71101 82
71104 81
71112 80
71120 79
71137 78
71240 77
71256 78
71276 79
71332 78
71361 77
71366 76
71481 75
71494 76
71511 77
71522 76
71668 77
71678 78
71743 79
71856 78
71892 79
71895 78
71896 79
71901 80
71939 81
71978 80
71984 81
72009 80
72026 79
72060 78
72084 77
72106 78
72186 77
72199 76
72212 75
72237 76
72260 75
72299 74
72456 75
72477 74
72484 73
72492 74
72528 73
72534 74
72560 75
72578 76
72612 75
72636 74
72664 75
72808 74
72828 73
72943 74
72968 75
72978 74
72991 73
73016 74
73044 75
73049 76
73090 75
73121 74
73124 75
73135 74
73152 75
73173 74
73188 73
73235 72
73332 73
73412 74
73420 73
73499 74
73536 75
73549 76
73631 77
73647 76
73672 77
73691 78
73699 77
73728 78
73784 79
73825 80
73892 81
73932 82
73981 83
74026 84
74094 83
74103 82
74148 81
74331 82
74357 81
74400 82
74441 81
74523 82
74600 81
74609 80
74628 79
74820 78
74851 79
74991 80
74992 81
74997 82
75048 81
75052 82
75100 83
75149 82
75206 81
75211 80
75291 81
75320 82
75493 83
75509 82
75587 81
75595 80
75600 79
75632 78
75644 77
75690 78
75697 77
75700 76
75717 75
75725 74
75789 73
75791 74
75832 75
75922 74
75958 73
75967 74
76037 75
76041 74
76043 75
76079 74
76193 75
76198 76
76217 77
76228 78
76273 79
76325 78
76380 79
76403 78
76411 79
76428 78
76505 79
76564 78
76666 79
76670 80
76688 79
76690 78
76828 77
76832 78
76832 77
76893 76
76908 75
76923 76
77048 77
77187 76
77196 75
77280 74
77314 75
77323 76
77380 77
77435 76
77440 77
77473 78
77504 79
77532 80
77532 81
77540 80
77556 79
77608 78
77663 79
77671 80
77735 79
77799 78
77820 79
77922 80
77928 81
77940 80
77942 81
78040 80
78104 79
78172 78
78188 77
78232 78
78294 79
78307 78
78355 77
78373 76
78437 77
78440 78
78444 77
78669 76
78768 77
78768 78
78787 79
78818 78
78831 77
78835 78
78847 79
78861 78
78865 79
78899 80
79036 79
79053 78
79072 79
79092 78
79143 79
79273 80
79312 79
79375 80
79423 79
79424 78
79508 77
79562 78
79592 79
79728 80
79737 79
79803 78
79868 79
80004 80
80132 79
80141 80
80162 79
80196 80
80204 79
80225 80
80291 79
80356 78
80371 79
80384 78
80404 79
80406 78
80503 79
80516 80
80537 81
80544 82
80577 81
80607 80
80629 79
80636 80
80660 79
80683 78
80768 77
80834 78
80899 79
80945 78
81136 77
81144 78
81148 77
81259 76
81366 75
81385 74
81431 75
81440 76
81517 77
81562 78
81568 79
81612 80
81652 79
81759 78
81776 79
81804 80
81808 79
81865 78
81902 77
81914 78
81926 77
82044 76
82104 77
82162 78
82318 77
82324 78
82356 79
82357 80
82369 81
82416 80
82465 79
82477 78
82554 79
82588 80
82605 81
82744 82
82764 83
82792 84
82812 83
82908 82
82910 81
82976 80
83042 79
83128 78
83145 77
83149 78
83170 77
83194 76
83289 77
83345 78
83415 77
83484 78
83512 77
83616 78
83624 77
83641 78
83642 79
83660 78
83665 77
83679 78
83752 79
83780 80
83845 81
83904 80
83972 81
83984 82
83994 81
84068 82
84163 81
84201 82
84216 81
84229 82
84240 81
84254 80
84266 79
84275 80
84283 79
84347 78
84462 79
84486 80
84521 79
84535 80
84941 79
84983 78
84983 79
84998 80
85044 79
85046 80
85070 81
85073 80
85125 81
85232 80
85276 79
85333 80
85356 79
85366 78
85435 77
85515 76
85544 75
85578 76
85588 77
85681 78
85770 79
85794 78
85823 79
85884 80
85952 79
85954 80
85962 81
85981 80
86032 79
86088 80
86137 81
86157 80
86210 81
86245 80
86279 81
86319 82
86352 81
86368 80
86487 79
86516 78
86568 79
86607 80
86691 81
86836 80
86840 79
86849 78
86937 79
87033 80
87036 81
87044 80
87084 79
87280 80
87296 81
87352 80
87365 79
87386 78
87459 79
87486 78
87500 79
87515 80
87518 79
87606 78
87775 79
87867 80
87948 81
87952 80
87953 79
87965 78
88002 77
88131 78
88191 79
88203 78
88217 79
88236 78
88240 79
88276 80
88284 81
88332 82
88447 83
88538 84
88549 85
88623 84
88676 83
88846 84
88916 85
88943 84
88970 83
89032 82
89142 81
89200 80
89420 81
89436 80
89442 81
89794 82
89804 81
89824 82
89882 83
89891 82
89944 83
90041 82
90050 83
90220 82
90276 83
90310 82
90463 83
90464 82
90552 81
90557 80
90593 79
90595 78
90646 79
90715 78
90728 79
90839 80
90898 79
91002 78
91052 77
91065 76
91085 77
91097 78
91304 79
91345 80
91375 81
91470 82
91480 83
91520 82
91522 81
91592 82
91660 81
91668 80
91736 81
91749 80
91808 81
91908 82
91912 83
92037 82
92038 81
92053 82
92098 83
92150 82
92303 81
92315 80
92324 79
92357 80
92361 81
92452 80
92526 81
92626 82
92688 81
92772 80
92784 79
92876 78
92879 77
92886 76
92889 75
92908 74
92930 75
92946 74
93002 73
93035 74
93092 75
93120 76
93151 75
93175 76
93232 75
93240 76
93256 75
93261 76
93264 75
93374 76
93435 75
93488 76
93489 77
93512 76
93517 75
93619 76
93799 75
93804 76
93805 77
93814 78
93819 77
93879 76
93886 77
93972 78
94024 77
94040 78
94044 77
94114 76
94165 77
94168 76
94251 77
94271 76
94307 77
94356 78
94375 79
94473 80
94482 81
94514 80
94727 81
94740 82
94762 81
94816 80
94820 81
95034 80
95065 81
95227 82
95261 81
95284 80
95364 79
95370 80
95418 79
95609 80
95676 81
95687 80
95697 79
95744 80
95748 79
95754 80
95787 79
95790 78
95797 79
95852 78
96037 79
96058 78
96079 79
96086 80
96108 81
96208 82
96244 81
96275 80
96279 79
96312 80
96346 79
96406 78
96410 79
96424 78
96601 79
96820 78
96828 79
96854 80
96980 81
97024 80
97025 81
97112 82
97121 81
97166 82
97170 83
97356 82
97424 81
97500 80
97510 79
97534 80
97548 79
97726 78
97758 79
97772 80
97858 81
97864 80
97883 79
97961 78
97990 77
98034 78
98065 79
98089 78
98135 77
98138 76
98152 75
98256 76
98269 75
98269 74
98280 75
98308 76
98468 75
98507 74
98555 75
98572 76
98579 77
98616 78
98636 77
98688 76
98697 75
98724 76
98757 77
98789 78
98797 77
98875 76
98940 77
99081 76
99144 77
99194 78
99229 79
99333 80
99351 81
99362 82
99516 83
99560 84
99575 85
99711 84
99772 83
99788 82
99791 81
99859 80
99871 79
99894 80
99949 79
99950 80
99990 79
100301 78
100340 79
100381 80
100423 79
100458 78
100489 77
100557 76
100730 77
100730 78
100777 79
100802 78
100844 79
100907 80
100924 79
100944 80
100951 81
101157 82
101251 83
101357 82
101417 81
101488 80
101571 79
101607 78
101612 77
101701 78
101723 77
101754 76
101793 77
101969 76
101988 77
101990 78
102013 77
102023 76
102043 77
102073 78
102119 79
102140 80
102140 81
102203 80
102225 81
102340 80
102375 81
102458 80
102460 79
102493 78
102497 79
102580 80
102601 81
102781 80
102795 79
102813 80
102831 79
102878 78
102897 79
102912 78
103015 77
103081 78
103153 77
103240 78
103262 77
103317 76
103349 77
103393 78
103485 79
103535 80
103544 79
103576 78
103580 79
103609 80
103637 81
103825 80
103872 81
103893 80
103896 81
103958 82
104046 83
104115 82
104193 81
104245 82
104379 81
104436 82
104584 81
104610 80
104637 79
104798 78
104879 79
105013 80
105053 81
105078 82
105080 83
105101 82
105176 81
105194 82
105225 81
105392 80
105465 81
105545 80
105569 79
105639 78
105707 77
105725 78
105775 79
105866 80
105903 81
105973 82
105989 83
106024 84
106075 83
106184 82
106198 83
106261 84
106341 83
106349 82
106365 81
106461 80
106489 79
106534 78
106609 77
106664 78
106713 79
106761 78
106985 77
106996 78
107041 79
107206 80
107297 79
107404 80
107412 79
107441 80
107485 81
107505 80
107519 79
107601 78
107611 77
107617 76
107653 77
107709 76
107730 77
107731 78
107785 79
107793 78
107866 79
107881 80
107881 79
107954 80
107985 79
108037 78
108048 77
108069 76
108138 77
108164 78
108176 79
108207 78
108223 79
108333 80
108365 81
108397 80
108426 81
108449 80
108481 79
108554 80
108741 81
108759 80
108828 79
108841 80
108885 81
108896 82
108941 83
109019 82
109082 83
109094 82
109125 81
109202 80
109252 79
109301 78
109416 79
109418 80
109522 81
109538 82
109563 81
109566 80
109622 79
109625 78
109740 77
109769 76
109845 77
109875 76
109921 75
109931 76
109938 77
109971 78
110034 77
110064 76
110078 77
110116 76
110116 77
110136 78
110162 79
110197 78
110220 77
110328 76
110374 75
110379 76
110479 77
110529 78
110556 79
110639 78
110767 79
110798 78
110821 79
110883 80
110984 81
111011 82
111025 81
111097 82
111184 83
111298 84
111361 83
111431 82
111440 81
111513 82
111530 83
111615 82
111637 81
111740 80
111789 79
111908 80
111912 79
111933 80
111985 79
112053 78
112102 77
112180 76
112221 77
112277 78
112346 77
112409 76
112521 77
112529 76
112564 75
112586 76
112592 75
112605 76
112617 75
112669 76
112741 75
112776 76
112786 77
112930 78
112949 79
112966 78
113070 79
113133 78
113134 77
113165 76
113169 77
113189 76
113284 75
113305 76
113309 77
113311 76
113333 77
113344 78
113356 77
113371 78
113523 79
113548 80
113549 79
113621 80
113702 79
113707 78
113715 79
113758 78
113759 79
114025 80
114039 81
114144 80
114169 81
114334 80
114393 81
114511 80
114579 81
114582 82
114621 83
114735 82
114778 81
114852 80
114904 81
115017 80
115045 79
115069 78
115121 77
115163 78
115196 79
115230 78
115257 79
115269 80
115312 81
115325 82
115346 83
115350 84
115593 83
115761 82
115783 81
115785 80
115876 79
115891 78
115917 79
115961 78
116008 79
116065 78
116067 79
116236 78
116236 77
116291 76
116291 75
116296 76
116383 75
116389 76
116501 75
116508 74
116571 75
116595 74
116601 75
116677 74
116694 73
116716 72
116717 71
116736 72
116776 73
116781 74
116781 75
116832 76
116857 77
116877 78
116941 79
116965 78
117060 77
117077 76
117089 75
117161 76
117194 75
117269 74
117386 75
117417 76
117425 77
117493 78
117532 79
117536 80
117621 79
117656 80
117673 81
117747 82
117870 81
117893 82
118046 81
118058 80
118077 79
118085 80
118142 79
118144 80
118194 79
118290 78
118306 77
118396 78
118433 77
118439 78
118457 79
118574 78
118592 77
118725 76
118733 77
118744 78
118820 77
118832 76
118863 77
118907 76
119002 77
119006 78
119058 79
119101 80
119106 79
119160 78
119165 77
119262 78
119304 77
119315 76
119357 75
119405 76
119497 77
119597 78
119621 79
119665 80
119670 79
119674 78
119744 79
119784 78
119813 79
119856 80
120209 79
120298 78
120336 79
120415 78
120452 79
120498 80
120529 81
120543 82
120651 81
120681 80
120681 81
120747 80
120858 79
120876 80
120924 79
120933 78
120981 77
121045 76
121072 75
121140 76
121145 77
121192 78
121193 77
121305 76
121321 75
121338 74
121352 75
121389 74
121411 75
121432 76
121581 75
121653 76
121753 77
121765 78
121769 79
121803 80
121806 79
121833 80
121871 79
121873 80
121895 79
121903 78
121985 79
122045 80
122110 81
122148 82
122184 81
122257 80
122285 81
122341 82
122362 81
122410 82
122428 81
122496 82
122505 83
122527 82
122554 81
122594 80
122609 79
122649 78
122670 79
122805 78
122897 77
123074 78
123111 77
123158 76
123177 75
123199 76
123289 77
123372 76
123381 75
123381 76
123381 77
123409 78
123428 79
123465 78
123485 79
123488 78
123525 77
123581 76
123621 77
123625 76
123650 77
123686 76
123689 75
123743 74
123778 75
123810 76
123827 75
123851 76
123921 77
124020 76
124109 77
124274 78
124302 77
124369 76
124384 77
124399 76
124412 75
124450 76
124499 77
124526 76
124533 75
124571 76
124614 77
124623 78
124746 79
124791 78
124802 77
124804 78
124853 79
124876 80
124973 81
125029 80
125123 79
125229 80
125264 81
125265 80
125271 81
125409 80
125483 79
125491 78
125505 79
125587 78
125649 79
125777 80
125801 81
125897 82
125934 83
125969 82
126020 81
126144 82
126261 81
126269 82
126284 81
126304 82
126396 81
126443 80
126448 79
126460 78
126525 77
126525 78
126530 77
126680 76
126889 75
126894 74
126899 73
127002 72
127019 71
127040 72
127101 73
127127 74
127132 75
127137 76
127149 77
127175 78
127229 79
127256 80
127272 81
127398 80
127429 79
127494 80
127498 79
127553 78
127554 77
127572 76
127625 75
127678 76
127700 77
127708 76
127728 75
127789 74
127793 75
127794 74
127800 73
127805 74
127868 73
127879 74
127973 75
127990 76
128018 77
128117 76
128132 75
128145 74
128222 75
128337 76
128367 77
128437 78
128517 77
128519 78
128537 79
128542 80
128586 79
128635 80
128642 81
128736 80
128737 79
128769 80
128801 79
128905 80
128919 79
128948 78
128961 79
128987 78
129007 77
129115 76
129119 75
129196 74
129221 75
129385 76
129390 77
129446 76
129460 77
129658 76
129662 75
129691 76
129764 77
129765 76
129769 77
129790 78
129830 79
129883 80
129906 81
130083 82
130148 83
130219 82
130220 83
130221 82
130243 81
130295 80
130373 81
130454 82
130513 83
130530 82
130613 81
130655 80
130808 81
130897 80
130917 79
130995 80
131042 79
131060 80
131212 81
131270 80
131317 79
131333 78
131335 77
131357 78
131397 77
131408 78
131502 79
131518 80
131613 81
131642 82
131712 81
131891 82
131946 81
132011 80
132022 79
132040 78
132084 79
132092 78
132169 77
132262 76
132302 75
132363 76
132420 77
132433 78
132445 77
132501 78
132512 79
132594 78
132619 77
132647 78
132677 77
132788 78
132833 79
132845 78
132889 77
132895 76
132915 75
132941 76
133007 75
133024 76
133033 75
133066 76
133128 77
133219 78
133225 79
133227 80
133251 79
133377 80
133561 81
133595 82
133611 81
133630 80
133690 81
133707 80
133784 79
133793 78
133857 77
133876 78
133897 77
133913 78
133934 77
133945 78
133966 79
133982 78
134095 79
134109 80
134171 81
134301 80
134305 81
134312 82
134358 81
134467 82
134491 83
134529 82
134657 83
134740 84
134751 83
134763 82
134773 81
134977 82
135003 81
135070 80
135179 79
135265 78
135341 77
135345 78
135360 77
135543 78
135545 77
135629 76
135675 77
135722 78
135728 79
135789 80
135858 79
135937 80
135997 79
136102 78
136141 79
136153 78
136180 79
136192 78
136197 79
136244 78
136262 79
136334 78
136339 77
136434 78
136472 77
136525 78
136547 77
136662 76
136683 75
136700 74
136721 75
136745 76
136777 77
136786 78
136818 77
136825 78
136892 79
136994 80
137109 79
137118 78
137248 77
137265 76
137290 77
137458 78
137493 77
137493 76
137598 77
137669 78
137669 79
137680 80
137701 79
137753 80
137754 79
137822 78
137841 79
137886 80
137935 79
137937 78
137972 79
137986 80
138062 79
138078 78
138092 77
138173 78
138230 77
138353 78
138489 79
138518 80
138524 81
138528 82
138565 81
138713 82
138716 81
138729 82
138749 81
138872 82
138928 83
139015 82
139128 81
139169 80
139179 81
139498 80
139540 79
139573 80
139600 81
139706 80
139780 81
139785 82
139911 81
140014 82
140135 83
140145 82
140185 81
140191 82
140231 83
140261 82
140314 81
140345 80
140381 79
140433 78
140433 77
140453 76
140509 77
140577 78
140590 77
140652 76
140660 77
140828 78
140912 77
140921 78
140941 77
140973 76
141073 77
141094 78
141145 79
141193 80
141232 81
141337 82
141373 83
141421 84
141421 83
141502 84
141649 85
141655 84
141705 83
141712 82
141777 81
142041 80
142137 79
142215 80
142222 81
142232 82
142307 83
142401 82
142441 81
142443 80
142461 81
142471 80
142533 79
142544 80
142574 81
142685 80
142961 79
142969 80
142998 81
143059 80
143068 79
143132 80
143140 81
143206 82
143301 81
143376 80
143429 79
143473 80
143513 79
143534 80
143553 81
143569 80
143602 81
143611 80
143646 79
143865 78
143893 77
143961 76
144051 75
144066 76
144088 77
144121 78
144260 79
144265 78
144273 79
144349 78
144396 77
144401 78
144464 77
144489 78
144504 79
144504 80
144538 81
144609 80
144610 79
144628 80
144634 79
144667 80
144681 79
144698 80
144761 79
144793 80
144985 81
145007 80
145050 79
145058 78
145062 77
145085 78
145213 79
145233 80
145349 79
145380 78
145461 77
145577 78
145644 77
145668 78
145798 79
145816 78
145826 79
145827 80
145893 81
145961 82
146159 81
146165 80
146215 79
146261 80
146277 81
146311 82
146353 81
146381 80
146527 79
146639 78
146660 79
146755 80
146761 79
146798 80
146841 81
146930 80
146934 79
146956 80
146977 81
147021 82
147073 83
147077 84
147205 83
147216 82
147276 81
147278 80
147505 79
147566 80
147567 81
147598 80
147601 79
147661 78
147685 77
147762 76
147809 75
148013 74
148028 73
148029 72
148033 73
148052 72
148084 73
148161 74
148345 75
148349 76
148358 77
148385 76
148433 77
148461 76
148604 77
148693 78
148693 79
148721 78
148761 77
148763 76
148840 77
148842 78
148864 79
148922 80
148989 81
149037 82
149106 81
149153 80
149159 79
149173 78
149177 79
149187 78
149256 79
149407 78
149465 79
149645 80
149670 79
149688 78
149743 79
149790 80
149892 79
149894 78
149962 79
149965 80
149976 79
150087 78
150197 77
150225 78
150226 79
150245 80
150258 81
150299 80
150409 81
150613 80
150649 79
150686 78
150708 77
150787 78
150788 79
150929 80
150941 79
150993 78
151007 77
151009 76
151069 77
151078 78
151136 79
151159 78
151205 79
151250 80
151281 79
151296 80
151309 79
151389 80
151469 81
151473 80
151536 79
151608 80
151666 79
151712 80
151734 79
151758 80
151817 79
151910 78
151955 79
151998 80
152025 79
152036 80
152042 79
152045 78
152156 77
152174 78
152232 79
152456 80
152469 81
152475 80
152493 81
152505 80
152765 79
152840 78
152851 77
152890 76
152921 77
152977 78
152991 79
153064 80
153161 81
153217 80
153281 81
153329 80
153409 79
153442 78
153577 77
153672 76
153716 77
153725 76
153733 77
153745 78
153775 79
153965 80
154021 81
154048 82
154141 81
154261 80
154325 79
154353 80
154357 79
154381 80
154389 81
154390 80
154477 79
154519 78
154577 77
154620 78
154638 77
154708 78
154743 79
154883 80
154921 79
154922 78
154957 79
154961 78
155002 77
155147 78
155230 79
155290 80
155343 81
155411 82
155448 83
155450 82
155536 81
155545 82
155545 83
155780 84
155805 83
155956 84
155991 83
156019 82
156032 81
156116 80
156137 81
156276 80
156285 81
156405 80
156417 81
156453 82
156487 81
156545 80
156636 79
156641 80
156713 79
156853 78
156940 79
157007 78
157057 79
157113 80
157137 81
157140 82
157153 83
157160 82
157305 81
157351 80
157417 79
157421 78
157517 77
157564 78
157585 77
157610 76
157621 77
157632 78
157669 79
157841 80
157885 79
157980 78
157990 79
158093 78
158141 79
158228 80
158241 81
158257 80
158278 81
158293 82
158346 83
158380 82
158601 83
158615 82
158713 83
158729 82
158784 81
158807 80
159128 81
159132 80
159141 79
159172 80
159200 79
159362 78
159381 79
159433 80
159540 81
159587 80
159617 79
159720 80
159724 81
159731 80
159757 79
159889 78
159925 79
159947 78
159997 79
160090 80
160108 81
160111 80
160181 79
160201 78
160229 79
160277 78
160342 77
160346 76
160373 75
160477 76
160612 75
160661 74
160723 73
160724 72
160727 71
160766 72
160830 73
160853 72
160861 71
160869 70
160900 71
160998 70
161053 71
161065 70
161106 71
161110 72
161121 73
161122 74
161161 75
161273 76
161285 77
161355 78
161368 77
161397 78
161397 79
161462 80
161487 81
161493 82
161521 83
161591 82
161773 81
161829 80
161845 79
161891 78
161903 79
162036 80
162060 79
162062 80
162110 79
162157 78
162158 77
162163 76
162176 75
162183 74
162193 75
162205 74
162288 73
162335 74
162448 75
162493 76
162514 77
162617 78
162688 79
162780 80
162827 81
162843 80
162919 81
162949 82
163009 81
163029 82
163030 83
163211 82
163219 83
163325 82
163341 81
163359 80
163443 79
163579 78
163589 77
163604 76
163633 75
163642 74
163642 73
163650 72
163792 73
163869 74
163875 73
163917 72
163962 73
163970 74
163991 75
164076 76
164118 77
164147 76
164185 77
164253 78
164312 77
164321 78
164386 77
164401 78
164413 77
164457 78
164502 79
164541 80
164542 81
164547 80
164684 81
164699 82
164705 81
164802 80
164824 79
164837 78
164999 77
165066 76
165125 75
165128 74
165180 75
165226 74
165253 75
165254 76
165257 75
165289 74
165320 75
165337 76
165341 77
165346 78
165376 79
165416 78
165509 77
165520 76
165536 75
165557 76
165696 77
165733 78
165813 77
165827 78
165857 77
165871 76
165881 75
165894 74
165919 75
165921 74
165949 73
166021 74
166054 75
166129 74
166133 75
166162 74
166304 73
166321 72
166403 73
166410 72
166435 73
166495 74
166542 73
166608 74
166653 73
166702 74
166717 75
166739 76
166751 75
166765 76
166777 77
166781 78
166782 79
166813 78
166833 77
166876 78
166922 77
166986 78
166999 79
167007 78
167017 77
167061 76
167142 75
167144 74
167185 73
167232 72
167237 71
167242 70
167298 69
167330 70
167387 71
167388 72
167409 73
167433 72
167434 71
167438 72
167461 73
167494 74
167524 73
167529 72
167537 73
167592 72
167645 73
167655 74
167683 75
167685 74
167702 75
167735 76
167765 77
167801 76
167837 77
167876 78
167883 77
167927 76
168010 77
168025 76
168031 77
168037 78
168065 77
168088 76
168153 77
168173 76
168181 77
168265 78
168288 79
168301 80
168414 79
168471 80
168487 81
168559 82
168561 83
168630 82
168650 81
168665 80
168729 79
168760 78
168771 77
168899 78
168902 77
168933 78
168981 77
169153 78
169183 77
169241 78
169256 79
169379 78
169434 77
169446 78
169486 79
169522 80
169525 81
169571 80
169629 79
169630 80
169780 79
169832 78
169910 79
169967 80
169999 79
170000 78
170007 79
170033 78
170132 77
170261 76
170265 75
170285 74
170306 75
170322 76
170334 77
170346 76
170354 75
170385 74
170492 73
170511 74
170525 75
170574 74
170579 73
170590 72
170728 71
170738 72
170793 71
170812 72
170813 71
170818 72
170828 73
170850 72
170870 73
170915 72
170928 73
170935 74
171070 73
171102 74
171118 75
171190 76
171247 75
171325 74
171355 75
171366 76
171412 75
171422 76
171433 77
171476 78
171486 79
171496 78
171650 79
171722 80
171803 81
171806 82
171810 81
171818 82
171855 81
171969 80
171970 81
172047 80
172073 81
172254 82
172310 83
172316 84
172331 83
172573 82
172683 83
172701 82
172793 83
172860 84
172862 83
172938 82
173075 81
173090 80
173142 79
173279 78
173290 79
173350 78
173359 77
173365 78
173389 79
173445 78
173505 79
173526 78
173562 79
173615 80
173732 79
173734 78
173890 79
173926 80
173974 79
173994 78
174042 79
174098 78
174178 79
174193 80
174203 79
174288 80
174373 79
174478 78
174482 79
174522 80
174664 81
174669 80
174745 81
174802 82
174902 83
174937 82
174941 81
174990 82
175156 81
175218 80
175230 79
175230 78
175274 77
175276 78
175297 77
175390 78
175395 77
175461 78
175480 77
175486 78
175561 79
175583 80
175586 79
175658 78
175662 79
175691 80
175774 81
175776 82
175810 81
175872 82
175930 81
175942 80
175961 79
176012 78
176196 79
176333 80
176350 81
176376 82
176471 83
176523 82
176599 83
176778 84
176850 85
176889 84
176938 83
176944 82
176978 81
176987 80
177156 79
177156 80
177239 79
177340 78
177393 79
177401 80
177563 81
177567 80
177798 79
177809 78
177839 79
177846 80
177874 81
177930 80
178007 79
178014 78
178074 77
178081 76
178115 75
178151 76
178191 77
178204 78
178233 79
178350 78
178410 79
178555 80
178568 79
178623 78
178654 79
178733 78
178797 79
178816 80
178834 81
178901 80
178916 81
178943 82
178957 83
179065 82
179088 81
179102 80
179123 79
179186 78
179198 77
179243 78
179270 77
179293 76
179380 75
179427 76
179470 75
179495 76
179558 75
179574 74
179601 75
179625 74
179633 73
179651 72
179702 73
179803 74
179819 75
179850 76
179908 75
179962 76
180111 77
180118 76
180195 77
180226 76
180234 77
180262 78
180278 77
180282 76
180287 77
180445 76
180465 77
180487 76
180509 77
180561 78
180561 79
180602 78
180644 79
180646 80
180678 79
180728 80
180769 79
180857 78
180892 79
180902 78
180942 77
181027 78
181073 79
181167 80
181218 79
181334 80
181339 79
181377 80
181395 81
181480 82
181505 81
181650 82
181694 81
181766 80
181794 79
181860 78
181926 79
181999 80
182019 81
182035 80
182051 81
182058 80
182119 81
182155 82
182342 83
182346 82
182356 83
182462 82
182521 81
182610 80
182658 79
182702 78
182751 79
182812 80
182817 79
182849 80
182877 79
182904 78
182964 77
183101 76
183116 77
183118 78
183129 77
183221 78
183337 77
183351 76
183476 77
183524 78
183538 77
183558 76
183606 75
183608 74
183658 73
183698 74
183707 75
183741 76
183749 77
183822 76
183833 77
183977 76
184010 77
184113 76
184119 77
184195 78
184294 77
184352 78
184353 77
184354 76
184357 75
184376 74
184398 75
184404 76
184406 75
184448 74
184462 75
184471 76
184562 77
184602 78
184658 79
184674 80
184677 81
184747 80
184785 81
184797 82
184814 81
184882 82
184941 81
185098 80
185153 79
185193 78
185226 77
185306 78
185392 79
185466 80
185466 81
185490 80
185499 79
185574 80
185575 81
185603 82
185604 81
185690 80
185693 79
185826 80
185836 79
185858 78
185875 79
185946 80
185982 79
185990 78
186074 79
186100 80
186155 79
186156 78
186210 77
186307 76
186343 75
186412 76
186447 77
186578 76
186678 77
186690 78
186743 79
186798 78
186806 79
186854 80
186855 79
186870 80
186878 79
186913 80
186921 81
186928 82
186947 81
186987 80
187042 79
187057 78
187063 77
187093 76
187094 75
187155 76
187156 75
187168 76
187210 77
187267 76
187444 77
187446 78
187554 79
187561 78
187618 77
187623 78
187687 79
187690 78
187762 79
187813 80
187894 79
187910 80
188005 79
188034 80
188179 79
188253 80
188258 81
188283 80
188284 81
188290 80
188308 81
188374 80
188439 79
188487 80
188593 81
188734 82
188745 81
188817 80
188924 79
188984 80
189114 79
189186 78
189202 79
189269 78
189398 77
189421 78
189470 77
189494 76
189541 77
189546 78
189546 77
189630 78
189650 77
189693 78
189714 79
189720 80
189858 79
190035 78
190042 79
190051 78
190059 77
190109 78
190130 77
190146 78
190186 77
190309 76
190310 75
190343 76
190350 77
190385 76
190413 77
190425 76
190496 75
190497 76
190513 75
190592 76
190632 77
190658 76
190667 75
190702 76
190878 77
190913 78
190956 79
190974 78
191010 77
191017 76
191027 77
191038 76
191054 77
191069 78
191124 77
191214 76
191220 77
191260 78
191374 79
191378 80
191398 79
191405 78
191422 77
191463 76
191468 77
191502 78
191556 79
191575 80
191637 81
191826 82
191874 81
192019 82
192052 83
192083 82
192250 81
192312 80
192344 81
192456 82
192514 81
192534 80
192618 79
192798 80
192882 81
192973 80
192984 79
193024 78
193027 79
193096 78
193101 77
193134 78
193150 79
193195 78
193202 77
193218 76
193239 75
193418 76
193426 75
193428 76
193477 77
193531 78
193550 79
193561 78
193593 79
193613 78
193626 77
193644 76
193667 75
193679 74
193706 75
193733 76
193842 77
193870 78
193902 77
193947 78
194093 79
194099 80
194212 79
194267 80
194290 79
194295 78
194295 77
194298 76
194310 77
194362 76
194371 77
194520 78
194602 79
194632 78
194682 77
194702 78
194712 79
194888 78
194957 77
195000 78
195022 79
195023 78
195053 77
195055 76
195106 75
195108 74
195108 75
195190 76
195203 77
195230 78
195243 79
195417 78
195430 77
195436 78
195462 79
195491 78
195540 79
195649 78
195730 79
195754 80
195771 81
195954 80
195961 81
196002 82
196010 81
196096 82
196167 81
196245 82
196288 81
196333 82
196590 81
196708 82
196742 83
196807 82
196862 81
196878 80
196882 79
196914 78
196918 79
197020 80
197144 79
197181 78
197183 77
197221 78
197282 79
197340 78
197394 77
197435 78
197457 77
197462 76
197486 77
197510 78
197612 79
197670 78
197685 77
197721 78
197922 79
197955 78
197976 77
197993 78
197995 77
197996 76
198004 75
198074 74
198081 75
198081 74
198086 75
198234 76
198253 77
198450 78
198454 77
