0 0
0 0
1 1
25 2
35 3
126 4
165 4
168 4
184 4
240 5
247 5
322 6
332 6
333 6
341 6
375 6
451 7
474 7
539 6
582 6
614 7
665 8
698 9
857 10
862 10
866 10
869 10
879 10
900 10
901 11
906 11
906 11
911 11
920 12
931 13
978 14
1054 15
1054 16
1081 17
1106 17
1107 16
1145 17
1251 18
1283 17
1301 17
1373 18
1375 19
1382 20
1387 19
1398 20
1434 20
1487 19
1499 20
1505 20
1506 20
1570 20
1590 21
1592 21
1648 22
1651 21
1670 21
1694 22
1745 23
1754 24
1837 23
1858 23
1862 24
1878 25
1899 25
1953 25
1960 26
1976 27
1990 26
1999 27
2008 27
2014 26
2032 27
2120 27
2189 28
2190 29
2191 30
2199 31
2326 30
2350 30
2402 31
2410 30
2412 31
2495 31
2557 32
2563 33
2568 34
2573 34
2573 33
2590 33
2613 34
2647 33
2761 34
2797 35
2862 35
2866 36
2875 36
2890 35
2903 36
2981 36
2987 37
3020 38
3105 37
3110 37
3129 36
3160 37
3304 38
3314 39
3326 39
3354 40
3486 41
3497 42
3519 41
3542 42
3659 43
3686 43
3857 44
3890 43
3890 42
3896 41
3904 41
3915 42
3938 43
3945 42
3986 41
4037 41
4049 40
4062 41
4090 42
4147 43
4261 43
4313 44
4362 45
4442 44
4447 45
4459 46
4461 45
4531 46
4600 45
4623 46
4670 45
4706 46
4732 47
4785 47
4788 46
4795 45
4798 44
4852 45
4862 46
4909 45
5003 44
5018 45
5050 46
5058 45
5076 46
5132 45
5158 45
5210 44
5280 45
5300 46
5334 45
5338 46
5355 46
5359 45
5366 46
5384 45
5537 44
5575 43
5604 44
5612 45
5679 44
5686 44
5704 45
5710 46
5746 46
5809 45
5836 46
5840 46
5843 45
5846 45
5847 45
5850 44
5853 45
5853 44
5858 44
5862 45
5867 44
5868 44
5870 44
5899 43
5910 42
5954 42
5960 43
5961 44
5980 45
5989 45
6024 45
6028 46
6033 45
6034 45
6039 45
6041 44
6045 44
6048 43
6048 44
6069 45
6165 46
6170 45
6173 45
6185 45
6208 46
6227 45
6243 45
6244 46
6257 47
6282 46
6327 46
6331 47
6351 48
6365 49
6365 49
6371 50
6418 50
6418 49
6434 50
6448 51
6481 52
6499 51
6508 52
6508 51
6515 51
6559 52
6561 53
6597 54
6599 53
6610 52
6611 53
6623 54
6645 55
6658 54
6661 54
6756 55
6789 55
6805 56
6829 55
6850 56
6861 57
6890 58
6923 57
6974 58
6977 57
6979 58
7007 59
7062 60
7076 59
7078 58
7107 59
7138 58
7139 57
7144 57
7166 58
7171 59
7283 60
7302 61
7367 62
7371 61
7379 62
7383 63
7394 62
7470 61
7510 62
7546 61
7550 62
7551 61
7551 61
7551 60
7552 59
7556 58
7568 59
7578 60
7616 59
7700 60
7735 61
7737 60
7738 59
7739 59
7740 58
7743 57
7776 58
7881 57
7900 58
7946 57
8018 58
8025 58
8026 57
8061 58
8088 57
8090 58
8095 58
8098 57
8123 58
8158 59
8167 58
8167 58
8167 58
8167 57
8183 58
8185 57
8189 58
8252 59
8260 58
8262 59
8267 60
8293 59
8311 60
8315 59
8388 60
8443 61
8466 60
8482 59
8489 60
8502 61
8506 62
8510 62
8534 61
8534 60
8565 61
8581 62
8586 63
8637 64
8666 65
8678 66
8723 65
8730 66
8746 67
8786 68
8814 68
8814 69
8817 68
8830 69
8838 69
8849 69
8849 68
8871 67
8878 67
8882 68
8910 69
8963 70
9015 70
9029 71
9050 72
9058 72
9058 71
9088 70
9116 69
9126 68
9156 67
9200 66
9200 65
9203 66
9280 65
9283 66
9294 67
9338 68
9350 69
9379 68
9471 69
9499 68
9519 69
9524 68
9530 69
9534 70
9570 71
9586 72
9637 73
9666 74
9679 74
9738 75
9743 74
9751 73
9772 74
9811 75
9835 76
9871 75
9902 76
9906 75
9922 76
9927 75
9932 74
9966 75
9970 74
10001 73
10038 74
10049 75
10091 76
10113 75
10132 74
10178 75
10203 74
10206 73
10219 72
10318 71
10319 72
10335 71
10394 72
10409 73
10488 72
10490 73
10514 74
10517 75
10578 74
10612 75
10679 74
10734 73
10734 74
10736 73
10746 73
10762 74
10762 73
10769 72
10770 71
10782 72
10834 73
10861 72
10968 73
11045 72
11084 73
11158 72
11188 73
11200 74
11208 73
11223 72
11240 73
11282 72
11358 73
11466 74
11482 75
11485 76
11489 75
11490 76
11493 75
11499 76
11500 75
11529 76
11569 77
11607 78
11615 79
11652 78
11689 79
11697 80
11699 79
11710 80
11739 81
11761 80
11790 79
11834 78
11838 77
11839 76
11868 75
11898 74
11906 75
11912 74
12002 75
12093 76
12163 75
12180 74
12183 73
12192 74
12203 74
12205 73
12208 72
12211 71
12248 72
12315 71
12328 70
12524 69
12605 70
12619 71
12622 70
12623 71
12710 72
12758 73
12770 74
12775 75
12778 76
12799 75
12842 76
12852 75
12920 76
12930 75
12937 74
12961 73
12970 72
12983 73
12996 74
13030 75
13043 74
13047 73
13052 74
13140 73
13213 74
13217 73
13228 72
13286 71
13319 72
13380 73
13383 74
13391 75
13505 74
13518 75
13535 76
13552 77
13556 76
13649 77
13671 78
13685 77
13690 76
13803 77
13810 76
13833 77
13838 78
13892 77
13907 76
13949 77
14032 78
14114 79
14123 78
14146 79
14147 80
14194 79
14196 78
14302 77
14332 76
14334 75
14342 74
14358 75
14453 75
14465 76
14514 75
14522 74
14607 75
14621 74
14633 75
14647 74
14657 75
14716 74
14725 73
14802 74
14866 73
14874 74
14997 73
15005 72
15022 71
15038 72
15118 73
15148 74
15211 75
15239 74
15242 75
15273 76
15328 77
15336 76
15338 75
15339 74
15341 73
15342 72
15343 71
15345 70
15346 69
15347 69
15351 68
15356 67
15389 68
15399 69
15462 70
15555 71
15608 70
15654 71
15687 72
15715 71
15771 72
15775 73
15779 72
15783 71
15784 70
15788 69
15848 70
15854 71
15861 70
15902 71
15912 72
15940 73
15966 72
15982 73
16081 72
16102 71
16106 72
16126 73
16197 74
16200 75
16215 76
16222 75
16259 76
16261 77
16262 76
16321 77
16454 76
16458 75
16459 74
16495 75
16502 74
16502 73
16516 72
16552 73
16584 74
16594 73
16604 74
16616 73
16617 72
16622 72
16628 73
16631 72
16638 71
16689 72
16701 71
16719 72
16721 71
16851 72
16861 71
16861 72
16884 71
16885 72
16937 71
16940 70
17012 71
17049 70
17111 71
17126 72
17143 73
17171 74
17176 73
17180 72
17205 73
17207 74
17219 75
17231 76
17249 75
17258 74
17306 75
17438 76
17513 77
17530 76
17538 77
17590 78
17614 77
17619 76
17625 75
17699 74
17710 75
17764 74
17768 75
17826 76
17910 75
17910 76
17918 75
17918 74
17919 74
17930 73
17943 74
17972 75
17996 74
18029 73
18029 74
18033 73
18103 72
18104 73
18111 72
18150 71
18164 72
18214 71
18254 70
18297 71
18299 71
18307 72
18346 71
18365 70
18378 71
18385 72
18392 71
18397 70
18453 71
18483 70
18513 69
18520 68
18526 69
18528 70
18572 71
18573 72
18578 72
18582 73
18590 72
18590 71
18598 70
18682 69
18718 70
18736 69
18744 70
18784 69
18808 70
18840 69
18859 70
18879 69
18891 70
18898 71
18906 70
18906 69
18906 68
18962 67
18966 68
18990 69
19033 68
19038 69
19056 68
19062 69
19070 68
19078 67
19078 66
19086 66
19098 65
19135 66
19142 65
19177 66
19199 67
19214 68
19220 69
19245 70
19258 71
19267 70
19267 69
19267 68
19286 69
19287 70
19294 69
19298 70
19302 71
19304 70
19306 69
19306 69
19306 68
19310 67
19312 66
19325 67
19389 68
19390 69
19404 70
19447 71
19450 72
19487 73
19518 74
19526 73
19526 73
19570 74
19589 73
19590 73
19590 73
19590 72
19596 71
19608 72
19638 73
19678 72
19687 71
19770 71
19774 72
19846 73
19897 72
19897 71
19926 72
20026 71
20118 72
20138 71
20146 70
20146 69
20158 68
20182 67
20186 68
20264 69
20276 68
20286 67
20302 66
20323 67
20326 66
20327 67
20347 66
20464 67
20497 68
20502 69
20530 70
20532 71
20534 70
20540 71
20547 72
20557 71
20559 70
20564 71
20570 72
20571 71
20598 70
20659 69
20667 70
20673 69
20681 68
20682 69
20696 70
20722 71
20740 70
20774 69
20776 70
20784 69
20821 70
20858 71
20866 70
20890 71
20895 72
20970 73
21009 72
21023 73
21026 74
21038 73
21058 72
21078 71
21195 72
21209 71
21211 70
21224 70
21225 69
21271 68
21294 67
21302 68
21316 69
21327 68
21360 69
21373 68
21392 67
21392 66
21397 65
21399 64
21418 63
21423 64
21475 65
21486 66
21520 67
21525 68
21527 69
21533 68
21533 67
21533 67
21541 66
21544 65
21545 66
21554 65
21556 64
21584 63
21625 64
21644 65
21646 64
21661 65
21726 66
21803 65
21826 64
21827 63
21831 62
21850 63
21851 62
21872 61
21878 62
21926 63
21930 64
21939 65
21998 64
21999 63
22014 64
22079 65
22086 66
22108 67
22121 68
22139 67
22140 66
22141 67
22158 66
22175 67
22194 67
22197 66
22202 65
22208 66
22217 67
22222 66
22223 65
22227 66
22231 65
22241 66
22255 65
22290 66
22300 67
22308 66
22312 65
22312 64
22313 65
22319 65
22322 64
22360 63
22365 64
22404 65
22407 66
22423 67
22477 68
22499 69
22500 68
22547 67
22611 66
22626 67
22631 68
22639 67
22669 68
22681 67
22682 66
22682 65
22683 64
22741 65
22752 66
22761 67
22762 66
22762 65
22800 66
22854 67
22877 68
22880 69
22908 70
22926 69
22939 70
22940 71
22942 70
22955 69
22962 70
22975 69
23032 70
23063 71
23064 70
23076 71
23146 72
23159 73
23243 72
23256 71
23277 72
23278 71
23314 70
23315 71
23332 70
23339 69
23353 70
23365 69
23367 68
23375 69
23386 70
23386 71
23402 70
23403 69
23403 68
23424 67
23426 68
23472 69
23472 70
23490 69
23496 68
23510 69
23562 70
23612 71
23722 72
23725 71
23738 70
23752 69
23760 70
23762 71
23783 70
23783 71
23811 72
23881 73
23894 74
23948 73
23948 73
23949 72
23950 71
23953 72
23953 71
23992 70
23993 69
24110 70
24123 69
24124 68
24124 67
24152 68
24153 69
24158 68
24203 69
24277 70
24306 71
24335 72
24356 71
24356 70
24365 69
24378 70
24389 71
24394 70
24406 71
24407 72
24434 73
24521 74
24521 75
24537 74
24539 75
24580 76
24595 77
24619 76
24621 75
24621 76
24622 75
24625 74
24628 73
24642 72
24647 73
24665 72
24667 71
24745 72
24780 71
24786 72
24827 73
24837 72
24837 71
24892 72
24900 71
24903 70
24938 71
24951 72
24953 73
25038 72
25070 71
25088 72
25088 71
25093 72
25159 71
25173 72
25191 71
25220 70
25270 71
25274 70
25369 69
25389 70
25393 71
25454 70
25455 69
25476 68
25494 67
25498 66
25523 67
25541 68
25584 69
25592 70
25687 69
25694 70
25697 71
25712 70
25731 69
25793 70
25802 71
25826 70
25856 69
25931 70
25933 71
25973 72
25975 73
25982 74
25990 75
25994 76
26005 75
26015 76
26019 77
26137 76
26202 77
26223 78
26307 77
26352 78
26356 79
26386 78
26388 77
26400 76
26401 77
26470 76
26478 77
26492 78
26510 77
26525 76
26538 77
26544 76
26596 75
26694 76
26716 75
26717 74
26729 73
26758 72
26767 73
26784 74
26805 73
26896 72
26970 73
27021 74
27102 75
27121 76
27135 77
27144 76
27160 77
27173 76
27292 75
27295 76
27309 75
27455 76
27481 77
27486 76
27506 77
27615 78
27709 77
27715 78
27716 77
27823 76
27865 75
27880 76
27891 77
27918 78
27959 77
28126 78
28150 79
28150 80
28177 79
28184 80
28232 79
28251 80
28342 81
28360 82
28393 81
28422 82
28560 83
28622 82
28655 81
28665 80
28667 79
28685 80
28734 79
28862 80
28979 79
29020 78
29037 79
29047 80
29175 81
29194 80
29196 81
29218 80
29223 81
29233 80
29278 81
29297 80
29355 79
29388 78
29401 77
29440 76
29440 75
29573 74
29664 75
29672 76
29687 77
29768 78
29774 79
29780 78
29785 77
29791 78
29846 79
29850 78
29886 79
29939 80
29956 79
30014 78
30072 79
30087 80
30160 79
30274 78
30300 77
30314 76
30331 75
30438 76
30446 77
30465 76
30573 75
30576 76
30598 75
30605 76
30698 75
30828 76
30858 77
30865 78
30886 79
30906 78
30918 77
30926 78
31054 79
31079 80
31182 79
31213 78
31272 77
31291 76
31330 75
31338 76
31352 75
31385 76
31442 75
31530 76
31541 77
31578 76
31690 77
31778 78
31780 77
31806 78
31877 79
31903 78
31939 77
31968 78
31998 77
32064 76
32111 75
32190 76
32226 77
32228 78
32322 79
32326 80
32347 79
32381 80
32389 81
32526 80
32538 81
32542 80
32573 81
32590 80
32620 79
32629 78
32690 77
32699 78
32807 77
32826 76
32922 77
32942 78
33072 79
33130 78
33150 79
33279 78
33307 79
33314 80
33362 79
33419 80
33463 81
33470 80
33535 79
33553 80
33687 79
33730 80
33739 81
33819 80
33987 81
34119 80
34185 79
34343 80
34414 81
34440 80
34486 81
34511 80
34513 81
34537 82
34537 83
34573 82
34611 81
34645 80
34663 81
34701 80
34781 79
34796 80
34861 79
34861 80
34915 81
34949 80
34952 79
34956 78
35000 77
35028 78
35150 77
35269 76
35297 75
35300 74
35314 73
35350 74
35381 73
35398 74
35472 75
35472 76
35481 77
35544 78
35546 79
35705 80
35758 81
35779 82
35920 83
35929 82
35998 81
36028 80
36173 81
36186 82
36193 83
36395 82
36410 81
36457 82
36477 81
36502 82
36560 81
36562 80
36592 79
36631 78
36653 77
36728 76
36736 75
36895 76
37016 77
37089 76
37108 75
37141 74
37143 75
37145 76
37197 75
37210 76
37222 77
37222 76
37227 77
37251 76
37275 75
37340 76
37402 75
37406 76
37427 77
37472 76
37566 77
37586 78
37660 79
37733 78
37753 79
37783 78
37784 77
37818 78
37915 77
37923 76
37955 75
37976 74
38031 73
38130 72
38142 71
38143 70
38175 71
38198 72
38224 73
38253 72
38274 73
38285 74
38379 75
38380 76
38527 77
38546 78
38563 79
38653 80
38694 79
38703 80
38886 81
38914 82
38925 83
39000 82
39000 83
39052 82
39075 83
39329 82
39432 81
39473 80
39588 81
39618 82
39633 81
39638 80
39750 79
39762 78
39770 77
39800 76
39809 75
39866 76
39892 77
39950 78
40050 77
40160 76
40179 77
40238 78
40277 79
40306 80
40382 79
40416 78
40556 79
40573 80
40575 81
40606 82
40701 81
40738 80
40804 81
40805 82
40913 81
40965 80
40978 81
41033 82
41033 81
41037 80
41183 81
41273 80
41345 79
41448 80
41478 79
41494 78
41506 77
41527 76
41570 77
41591 76
41601 75
41618 74
41714 73
41783 74
41870 75
41898 74
41919 73
41938 74
41956 75
41957 74
41981 75
42030 74
42042 73
42182 74
42198 75
42242 76
42335 75
42339 76
42339 77
42344 76
42366 77
42429 78
42477 79
42626 80
42694 81
42714 80
42774 81
42816 82
42937 81
43020 82
43059 81
43074 80
43135 79
43162 80
43172 79
43306 78
43307 77
43450 76
43504 75
43546 76
43602 75
43604 74
43647 75
43666 76
43680 77
43710 78
43718 77
43742 76
43769 75
43791 74
43858 75
43879 76
44010 77
44046 76
44217 75
44315 76
44348 75
44366 76
44438 77
44439 78
44506 79
44566 80
44604 81
44606 80
44630 81
44638 80
44663 81
44684 82
44687 83
44753 82
44872 81
44928 80
44979 79
44987 78
45022 77
45030 76
45050 75
45070 76
45095 77
45098 76
45186 75
45281 74
45291 75
45325 76
45460 75
45558 74
45562 75
45570 74
45603 75
45641 74
45676 75
45710 74
45730 75
45730 76
45750 75
45758 76
45848 77
46002 78
46058 79
46076 78
46102 77
46194 78
46247 77
46269 78
46290 79
46318 80
46325 81
46357 80
46365 79
46371 80
46458 81
46614 80
46636 79
46717 78
46730 77
46731 78
46780 77
46788 78
46809 77
46825 78
46880 79
46955 78
46962 79
46989 78
46998 77
47034 76
47154 75
47210 74
47211 75
47223 76
47226 77
47276 78
47356 77
47408 76
47417 77
47474 78
47487 77
47488 78
47516 77
47519 76
47541 77
47541 78
47671 77
47754 76
47837 75
47879 74
47950 73
47980 74
48061 75
48134 76
48146 77
48176 78
48318 77
48319 76
48346 75
48357 74
48360 75
48451 76
48460 77
48489 78
48494 77
48522 76
48530 77
48584 78
48594 77
48713 78
48750 79
48774 78
48877 77
48919 76
48919 75
48921 76
48934 77
48941 78
48965 77
48972 76
48978 77
48982 78
49002 77
49066 78
49110 79
49189 80
49330 79
49346 78
49347 79
49422 80
49445 79
49498 78
49502 77
49518 76
49518 77
49670 78
49831 77
49845 78
49856 79
49903 80
49994 79
50001 80
50033 81
50048 80
50067 79
50093 78
50107 79
50134 80
50206 81
50253 80
50292 79
50343 78
50344 77
50430 76
50456 75
50463 76
50558 75
50610 74
50618 75
50694 74
50742 75
50745 76
50800 75
50817 74
50818 75
50870 74
50916 73
50918 72
50940 73
50962 74
51021 73
51023 72
51057 73
51063 72
51082 73
51129 72
51400 73
51410 74
51412 75
51464 76
51511 77
51538 78
51567 77
51571 76
51618 77
51654 76
51666 75
51696 76
51708 77
51731 76
51794 77
51801 78
51810 79
51842 78
51869 77
51946 78
51985 79
51994 80
52120 79
52175 78
52291 77
52297 76
52366 77
52374 78
52384 79
52393 78
52398 77
52440 76
52443 77
52537 76
52584 77
52598 78
52606 79
52620 80
52631 81
52670 80
52776 81
52800 82
52905 81
52943 80
52957 79
52958 78
53050 77
53109 78
53126 77
53302 76
53340 75
53407 76
53409 75
53420 76
53466 75
53495 76
53514 77
53610 78
53616 79
53650 80
53652 81
53701 80
53703 81
53707 82
53714 81
53723 80
53769 79
53826 78
54039 79
54134 78
54162 77
54162 76
54194 77
54259 78
54448 79
54504 78
54523 77
54583 78
54631 77
54654 78
54692 77
54739 78
54740 77
54756 78
54803 77
54804 78
54834 79
54882 78
54893 77
54965 78
55005 79
55100 78
55112 79
55291 78
55293 77
55335 76
55447 77
55465 78
55531 77
55578 76
55636 75
55638 74
55650 75
55688 76
55696 77
55709 76
55737 77
55746 76
55797 77
55822 78
55923 79
55956 80
56008 81
56152 82
56207 81
56216 80
56223 79
56268 78
56315 79
56322 78
56356 77
56387 76
56391 75
56398 76
56455 77
56480 76
56498 77
56591 78
56630 77
56739 76
56750 75
56857 76
56860 75
56867 74
56873 73
56874 72
56956 73
56963 74
56991 75
57001 74
57007 73
57011 74
57207 75
57208 76
57211 77
57216 76
57297 75
57311 76
57315 77
57371 78
57403 79
57407 78
57445 77
57464 76
57514 75
57575 74
57595 73
57627 72
57629 73
57643 72
57646 73
57668 72
57693 73
57721 74
57750 73
57753 74
57818 75
57820 74
57838 75
57846 74
57909 75
57938 76
57980 75
58010 76
58217 75
58231 74
58283 75
58314 74
58326 75
58343 74
58389 75
58403 76
58465 77
58472 78
58479 77
58498 78
58508 79
58554 80
58594 81
58711 80
58726 79
58742 80
58786 79
58948 80
58954 79
58960 78
59041 79
59144 78
59255 79
59268 78
59269 79
59283 80
59295 81
59597 82
59607 81
59647 80
59662 79
59725 78
59733 79
59766 80
59795 81
59834 80
59927 81
59935 80
59980 79
60058 78
60078 79
60124 80
60346 79
60392 80
60408 81
60442 80
60451 81
60465 80
60471 81
60496 82
60560 81
60618 80
60681 81
60688 80
60755 79
60943 80
61076 79
61087 78
61190 79
61199 78
61363 79
61389 80
61582 81
61684 80
61730 81
61760 80
61767 81
61769 80
61771 79
61867 80
61885 79
61896 80
61966 81
61987 80
62065 81
62072 82
62135 81
62146 82
62167 81
62200 80
62205 81
62215 80
62242 79
62400 78
62506 79
62570 78
62603 77
62667 76
62668 75
62683 74
62713 73
62744 74
62789 75
62839 76
62842 75
62937 76
62942 75
62983 76
62999 77
63027 78
63034 79
63058 80
63127 81
63181 82
63220 81
63239 82
63239 81
63299 80
63301 79
63344 78
63520 77
63557 78
63620 77
63629 76
63699 75
63764 76
63770 77
63782 76
63793 77
63827 78
63857 77
63881 76
63888 75
63996 76
64041 75
64043 74
64161 73
64191 72
64224 73
64235 72
64290 71
64318 72
64379 73
64407 74
64416 73
64459 74
64474 75
64477 76
64535 75
64555 76
64597 75
64611 76
64640 77
64702 78
64800 79
64945 80
64955 81
65022 80
65025 81
65078 82
65228 83
65283 84
65347 85
65390 84
65453 83
65501 82
65526 81
65633 80
65895 79
65898 78
65903 77
65907 78
65921 77
65939 76
66043 77
66074 78
66098 79
66126 78
66134 79
66143 80
66230 79
66267 78
66267 77
66269 76
66391 75
66463 76
66481 75
66485 76
66499 75
66500 74
66555 75
66575 76
66657 75
66679 74
66685 75
66696 74
66806 75
66845 74
66859 73
66870 72
66907 71
66919 72
66943 73
66959 74
66961 75
66990 74
67071 75
67081 76
67111 77
67159 78
67249 77
67323 76
67361 77
67380 78
67496 79
67532 78
67556 79
67576 80
67596 79
67618 80
67631 81
67653 80
67656 79
67661 78
67753 79
67879 80
67882 81
67957 80
68093 79
68170 80
68196 81
68279 82
68443 83
68558 82
68564 81
68609 82
68655 81
68657 80
68671 79
68707 78
68731 79
68764 78
68784 79
68826 78
68916 77
68971 76
68991 77
69039 76
69087 75
69169 76
69178 77
69179 76
69185 77
69245 76
69279 77
69288 76
69340 75
69355 74
69355 73
69399 74
69425 75
69464 76
69466 77
69519 76
69554 75
69611 76
69632 75
69674 74
69785 75
69787 76
69797 77
69823 76
69871 77
69878 76
69911 77
69925 76
70025 75
70116 76
70139 75
70214 76
70216 77
70220 78
70238 79
70268 78
70283 79
70295 80
70402 79
70538 80
70543 81
70595 80
70650 81
70756 80
70784 81
70784 82
70810 81
70898 82
70935 81
70976 80
70991 79
71034 78
71040 79
71160 78
71163 79
71205 80
71291 79
71358 80
71374 79
71424 80
71508 79
71532 78
71629 77
71686 76
71717 77
71742 76
71768 75
71780 74
71803 73
71847 74
71896 73
71899 74
71973 75
71987 76
72009 75
72073 76
72103 75
72178 76
72196 77
72246 78
72281 77
72332 78
72391 79
72427 78
72451 79
72453 80
72457 81
72457 80
72519 79
72528 80
72775 79
72801 80
72822 81
72948 80
72957 79
72991 78
72998 77
73023 76
73124 77
73189 78
73223 79
73254 78
73281 77
73317 76
73323 75
73381 76
73393 77
73410 78
73451 79
73476 78
73500 79
73501 78
73572 79
73599 78
73695 79
73755 78
73763 79
73800 80
73872 79
73955 80
73955 79
74140 80
74160 81
74234 82
74352 81
74359 82
74394 81
74455 82
74523 81
74546 80
74622 79
74622 78
74623 77
74650 76
74698 75
74759 76
74858 75
74877 74
74878 75
74939 76
74979 75
74982 76
75103 75
75111 76
75166 77
75179 78
75287 77
75339 78
75484 79
75507 78
75539 77
75555 78
75638 79
75811 78
75816 79
75833 80
75851 79
75884 80
75900 81
75957 82
76017 83
76024 82
76127 81
76306 80
76447 81
76555 82
76587 83
76615 82
76625 83
76704 82
76717 81
76779 82
76839 81
76845 82
76885 83
76923 82
76962 81
76991 80
77000 79
77044 78
77087 77
77097 76
77155 75
77176 74
77195 73
77202 72
77296 71
77383 72
77420 73
77421 72
77423 73
77433 72
77552 73
77557 74
77595 73
77603 74
77622 75
77637 76
77709 75
77724 76
77767 77
77778 76
77824 77
77949 76
77992 75
77997 76
77998 75
77999 76
78001 77
78007 76
78013 77
78059 78
78063 79
78113 78
78150 79
78282 78
78323 79
78381 78
78390 77
78439 78
78459 77
78535 76
78536 75
78603 76
78627 75
78749 76
78753 75
78755 76
78792 77
78887 76
78890 77
78899 76
78919 77
78932 78
79023 77
79130 76
79153 75
79153 74
79177 73
79225 72
79289 73
79291 74
79301 75
79313 76
79327 75
79332 76
79344 77
79375 78
79437 79
79489 78
79607 79
79631 80
79671 79
79701 80
79710 79
79768 80
79864 79
79866 80
79972 81
80066 80
80141 81
80171 80
80183 81
80217 80
80269 79
80360 80
80383 79
80404 78
80405 79
80479 78
80484 79
80536 78
80538 79
80543 80
80719 79
80799 80
80871 81
80969 82
80979 81
80989 80
81010 79
81015 80
81066 81
81294 82
81370 81
81405 80
81439 79
81483 78
81561 77
81634 78
81642 79
81648 78
81685 77
81723 78
81758 77
81782 76
81811 75
81816 74
81824 75
81840 74
81865 73
81871 74
81929 73
81963 74
81975 73
82035 74
82035 75
82098 74
82163 75
82186 74
82197 75
82222 74
82319 73
82365 74
82398 73
82468 74
82470 75
82474 76
82482 77
82487 78
82544 79
82615 80
82683 81
82695 82
82716 83
82732 82
82768 83
82791 82
82811 81
82815 80
82923 79
82929 78
82931 79
82945 78
83130 77
83201 76
83231 77
83239 76
83299 75
83374 76
83413 75
83423 76
83464 77
83474 78
83478 79
83512 78
83519 79
83542 78
83656 77
83691 76
83695 75
83727 74
83729 73
83755 74
83779 75
83831 76
83831 77
83882 78
83927 77
84063 76
84082 77
84111 78
84111 79
84177 80
84243 79
84294 78
84343 79
84397 78
84439 77
84452 78
84516 77
84535 78
84548 79
84563 80
84653 79
84659 80
84756 79
84779 78
84787 77
84804 76
84835 75
84908 76
85043 77
85106 78
85106 79
85113 80
85123 79
85216 78
85233 79
85291 80
85299 79
85315 78
85449 77
85455 78
85464 77
85465 78
85505 77
85519 76
85529 75
85544 76
85599 75
85608 76
85663 77
85765 76
85806 77
85890 76
85891 75
85895 74
85923 75
85943 74
85965 75
85996 76
85996 75
85999 74
86079 75
86100 74
86143 75
86158 76
86304 77
86362 78
86398 79
86433 80
86447 81
86474 82
86477 83
86523 82
86523 81
86523 80
86524 81
86551 80
86609 79
86632 78
86688 77
86692 76
86822 77
86871 78
86876 77
86883 78
86899 79
87032 78
87083 77
87119 78
87198 79
87252 78
87257 77
87271 78
87283 79
87320 78
87361 77
87405 78
87422 77
87494 76
87504 77
87600 78
87705 79
87726 80
87744 79
87751 80
87799 79
87813 80
88123 81
88143 80
88175 81
88177 80
88181 81
88324 80
88353 81
88369 80
88375 79
88416 78
88470 77
88543 76
88650 77
88724 76
88775 75
88807 76
88835 77
88840 76
88845 77
88872 76
88980 77
88995 76
89069 77
89069 78
89146 77
89227 76
89238 75
89373 76
89411 77
89439 78
89461 79
89466 80
89604 79
89616 80
89637 79
89707 78
89763 79
89783 80
89815 81
89820 80
89822 79
89856 78
89863 79
89913 78
90023 77
90081 78
90089 79
90131 78
90135 79
90195 80
90351 79
90398 80
90487 81
90504 82
90552 81
90557 80
90638 81
90664 80
90671 81
90875 82
90946 81
90985 82
91122 83
91123 82
91131 81
91135 80
91194 81
91276 80
91332 81
91339 80
91411 81
91463 80
91633 79
91686 80
91756 79
91762 78
91773 77
91790 76
91895 77
91904 76
91977 75
92004 74
92042 73
92068 72
92069 73
92104 74
92111 75
92115 76
92200 75
92239 76
92277 75
92427 76
92431 77
92445 78
92495 77
92570 76
92621 77
92667 76
92673 75
92681 76
92752 77
92756 78
92791 79
92814 78
92827 77
92851 78
92858 77
92915 78
92944 79
92997 80
93043 79
93113 78
93143 77
93183 76
93192 75
93235 76
93296 75
93301 74
93345 73
93357 72
93383 73
93447 74
93453 75
93465 76
93478 77
93675 76
93691 75
93704 74
93729 73
93740 74
93855 75
93932 76
93959 77
94044 76
94107 77
94107 78
94113 79
94129 78
94234 77
94279 78
94287 79
94308 80
94318 79
94478 80
94510 79
94513 80
94515 79
94535 80
94662 79
94670 78
94672 77
94705 78
94739 79
94842 78
94856 79
94938 80
95100 81
95123 82
95140 83
95175 82
95187 81
95192 82
95196 83
95207 82
95233 81
95351 80
95450 81
95542 80
95547 79
95768 78
95935 79
95939 80
96020 81
96043 82
96127 83
96152 82
96178 81
96283 80
96316 79
96347 80
96369 81
96499 82
96528 81
96530 80
96627 79
96657 78
96663 77
96677 76
96695 75
96723 74
96801 73
96834 74
96879 75
96883 74
96896 75
96902 74
96921 73
96949 74
97027 73
97030 74
97088 73
97157 74
97175 75
97216 76
97239 77
97279 78
97291 77
97298 78
97298 79
97339 80
97371 79
97443 78
97448 77
97462 78
97555 79
97566 80
97630 79
97631 78
97841 79
97843 80
97844 79
97916 80
97927 81
98006 80
98031 79
98033 80
98091 81
98098 80
98142 79
98157 78
98158 77
98182 76
98186 75
98257 76
98276 77
98289 76
98381 75
98385 76
98387 77
98408 78
98559 77
98587 78
98831 79
98846 80
98942 79
99040 78
99050 77
99057 78
99089 77
99125 76
99156 77
99180 76
99198 75
99291 74
99307 73
99351 74
99382 75
99433 74
99476 75
99480 76
99598 77
99603 76
99644 77
99680 76
99730 75
99737 74
99753 75
99813 74
99855 73
99914 74
99958 75
99960 76
99995 75
100014 76
100037 75
100087 76
100128 77
100184 78
100237 79
100271 80
100282 81
100373 82
100526 83
100586 82
100623 81
100640 80
100689 81
100775 80
100783 81
100791 80
100854 79
100863 80
100996 79
101012 78
101064 77
101147 76
101155 75
101247 74
101266 73
101266 74
101301 75
101335 76
101374 77
101444 78
101447 77
101458 78
101475 77
101522 78
101588 77
101675 78
101841 79
101879 80
101890 79
101903 78
101937 77
101963 78
101992 77
102127 78
102154 79
102270 80
102327 79
102327 78
102333 77
102360 76
102432 75
102451 74
102462 75
102505 74
102560 75
102575 76
102595 77
102607 78
102647 79
102700 80
102702 79
102956 78
102970 79
102991 80
102991 81
103006 80
103018 79
103021 78
103046 79
103063 78
103160 77
103180 78
103195 79
103239 80
103311 79
103351 78
103355 77
103382 76
103391 77
103444 76
103474 75
103624 76
103699 77
103741 78
103758 79
103767 78
103849 77
103876 78
103963 77
103985 76
104008 77
104055 78
104071 77
104087 76
104103 77
104114 76
104159 77
104226 78
104265 79
104291 78
104337 77
104407 76
104427 75
104434 74
104436 73
104559 72
104560 73
104610 72
104708 73
104750 74
104788 73
104807 74
104818 73
104880 74
104894 73
104951 72
104955 73
104960 72
104961 71
104971 72
104983 73
104987 74
105040 75
105053 76
105135 77
105136 78
105183 77
105243 76
105247 77
105339 76
105377 77
105519 78
105530 79
105555 78
105575 79
105628 78
105643 79
105691 78
105726 79
105757 78
105775 77
105903 76
105910 75
105927 74
105995 73
106056 74
106062 73
106068 72
106101 73
106102 72
106106 73
106135 74
106148 75
106152 74
106156 75
106162 76
106257 75
106259 76
106363 75
106454 74
106488 75
106493 76
106517 77
106656 76
106657 75
106693 76
106786 77
106801 76
106816 75
106823 76
106896 77
106973 78
106984 79
106992 80
107011 79
107112 78
107159 77
107186 78
107229 79
107358 78
107385 77
107401 76
107462 75
107531 74
107542 75
107579 76
107620 75
107654 76
107675 77
107756 78
107769 77
107779 76
107823 75
107910 76
108086 77
108120 78
108228 79
108271 78
108274 79
108295 80
108295 81
108297 80
108304 81
108435 80
108478 81
108535 80
108535 79
108561 78
108569 77
108675 78
108721 77
108815 78
108863 77
108931 76
108939 77
109002 78
109041 77
109053 78
109071 79
109215 80
109247 79
109248 78
109254 79
109455 80
109491 81
109581 82
109607 81
109633 80
109743 79
109780 78
109788 79
109850 80
109867 79
109901 78
109963 79
110063 80
110073 79
110077 80
110216 81
110286 82
110360 81
110370 82
110403 83
110442 82
110509 81
110534 80
110791 81
110997 82
111010 83
111078 84
111079 83
111091 84
111115 83
111167 82
111171 81
111300 80
111349 79
111384 78
111473 77
111506 78
111563 77
111563 78
111592 79
111678 78
111725 79
111764 80
111981 81
112041 80
112044 79
112075 78
112108 79
112170 78
112202 77
112214 76
112255 75
112271 74
112291 75
112323 76
112347 75
112375 76
112645 77
112647 78
112701 79
112728 80
112786 79
112867 80
112919 81
112920 82
112966 81
113031 82
113051 81
113140 80
113146 79
113198 78
113263 79
113299 78
113313 77
113318 78
113378 79
113505 78
113515 79
113544 80
113634 81
113683 80
113753 79
113765 78
113774 77
113775 76
113780 75
113836 74
113838 73
113902 74
113995 75
114015 74
114079 73
114087 74
114157 75
114171 76
114196 75
114429 76
114477 77
114504 76
114507 75
114528 76
114570 77
114652 76
114722 77
114723 78
114771 79
114808 80
114891 79
114916 78
114921 79
114928 80
115001 79
115007 80
115087 81
115103 82
115129 83
115200 82
115248 81
115476 80
115523 79
115567 78
115582 77
115596 76
115651 77
115674 76
115694 77
115735 76
115745 75
115788 74
115825 75
115827 74
115830 75
115874 76
115977 75
115981 74
115984 73
116079 74
116095 75
116104 76
116170 77
116184 78
116186 79
116267 80
116352 79
116403 78
116447 79
116544 80
116589 81
116678 80
116682 81
116691 80
116721 79
116723 80
116730 79
116758 78
116842 77
116843 76
116940 75
116982 76
116987 77
116996 78
117039 79
117075 80
117092 79
117219 80
117227 79
117355 80
117473 79
117487 78
117552 77
117558 78
117591 79
117606 80
117642 79
117774 78
117795 79
117798 80
117849 79
117865 80
117907 81
117956 80
117967 79
118013 80
118039 81
118078 82
118119 81
118222 80
118231 79
118234 80
118338 79
118449 80
118532 81
118579 80
118599 79
118659 80
118700 79
118732 78
118791 77
118796 78
118806 77
118947 76
118951 75
118954 74
118975 75
118984 74
119085 75
119098 76
119138 77
119174 76
119181 75
119195 76
119202 75
119268 74
119286 73
119314 74
119317 73
119411 74
119431 75
119457 74
119472 75
119474 74
119546 73
119590 72
119656 71
119663 72
119668 73
119702 74
119713 75
119739 74
119753 73
119780 74
119798 75
119860 76
119928 77
119955 78
119959 77
119975 76
120000 77
120062 76
120094 75
120111 74
120124 75
120141 74
120178 73
120261 72
120262 71
120338 72
120385 73
120436 72
120500 73
120555 74
120611 75
120667 76
120672 75
120675 74
120681 73
120766 74
120779 75
120788 76
120929 75
120939 76
120956 75
120961 74
120970 75
121023 74
121053 73
121086 72
121089 73
121200 74
121265 75
121290 76
121296 77
121333 78
121336 79
121386 78
121408 77
121421 78
121610 77
121692 78
121709 79
121794 78
121799 77
121832 78
121839 77
121902 78
121935 77
121946 78
121963 77
122009 78
122040 79
122298 80
122357 81
122407 80
122414 81
122424 80
122467 79
122487 78
122490 77
122535 78
122585 77
122585 76
122645 77
122808 78
122870 79
122884 78
122930 79
122948 80
123035 79
123105 78
123109 79
123154 78
123169 77
123329 78
123331 79
123352 78
123466 77
123488 76
123489 77
123543 76
123563 77
123591 76
123630 77
123791 78
123798 79
123812 78
123819 77
123840 78
123919 79
124046 78
124101 79
124128 78
124267 79
124277 80
124412 79
124429 78
124483 79
124555 80
124586 79
124698 80
124813 81
124842 82
124849 83
124971 82
125019 81
125048 82
125076 81
125102 82
125379 81
125387 80
125443 81
125449 82
125591 81
125602 80
125648 79
125655 80
125657 79
125713 80
125761 79
125784 78
125784 77
125799 76
125815 75
125847 74
125849 73
125967 74
126023 73
126036 74
126047 75
126070 74
126133 73
126194 72
126213 71
126309 72
126348 71
126358 72
126436 73
126476 74
126497 75
126535 76
126563 77
126578 76
126596 77
126628 78
126636 77
126644 78
126715 77
126723 78
126818 79
126819 80
126825 81
126954 80
126976 81
127080 80
127184 79
127211 78
127283 79
127298 78
127308 77
127341 78
127447 79
127464 80
127475 79
127500 78
127518 77
127604 78
127624 79
127641 78
127679 77
127780 76
127863 77
127941 76
127969 77
127972 78
127980 77
128011 78
128047 77
128095 76
128096 77
128168 78
128192 77
128236 78
128286 79
128288 80
128327 81
128331 82
128391 81
128429 80
128545 79
128574 80
128599 79
128624 78
128693 77
128724 76
128734 75
128788 74
128811 75
128841 76
128968 75
128981 74
129159 73
129220 74
129298 75
129305 74
129340 75
129352 74
129378 75
129435 76
129456 77
129473 78
129485 79
129505 80
129556 79
129558 78
129632 79
129656 78
129734 77
129768 78
129784 79
129876 78
129876 77
129893 78
129956 79
129973 80
130003 81
130048 82
130190 81
130200 80
130330 79
130376 80
130417 79
130480 80
130497 81
130582 80
130636 81
130709 80
130728 81
130760 82
130823 81
130854 80
130863 79
131140 78
131178 77
131180 76
131248 75
131256 76
131331 77
131337 78
131387 79
131505 80
131540 81
131541 80
131624 81
131724 80
131877 79
131895 78
131916 79
132013 80
132052 81
132099 80
132200 81
132241 82
132252 81
132283 80
132379 79
132390 78
132395 77
132420 78
132550 77
132618 76
132676 75
132695 74
132720 75
132762 74
132838 75
132919 74
132921 73
132936 72
132947 71
132983 72
133008 71
133127 72
133134 73
133170 74
133173 73
133212 72
133271 73
133309 72
133382 73
133394 74
133410 73
133424 74
133459 75
133472 74
133472 73
133480 74
133603 75
133656 74
133658 73
133659 74
133775 73
133778 74
133780 75
133808 76
133824 75
133874 76
134031 77
134073 78
134092 77
134095 76
134097 75
134110 76
134114 75
134114 74
134160 73
134192 74
134252 75
134276 76
134468 77
134502 76
134512 77
134575 78
134588 79
134604 80
134620 81
134699 80
134728 79
134741 80
134827 79
134845 78
134867 79
134892 80
134926 79
135068 78
135133 79
135226 78
135236 79
135272 78
135281 79
135368 78
135368 77
135398 76
135508 77
135511 78
135599 77
135614 76
135648 77
135749 76
135769 77
135818 76
135836 75
135840 76
135854 77
135912 78
135936 77
136052 76
136072 77
136086 78
136108 77
136118 78
136184 79
136225 80
136251 79
136339 78
136347 77
136378 78
136409 79
136514 80
136528 81
136532 80
136592 79
136706 78
136708 77
136711 76
136714 75
136758 76
136880 75
136899 76
137031 77
137117 78
137137 79
137172 80
137175 81
137225 80
137228 79
137241 78
137294 79
137394 80
137428 79
137436 78
137444 77
137445 76
137445 75
137453 74
137496 73
137527 72
137572 73
137582 74
137687 75
137696 74
137708 75
137708 76
137708 75
137801 74
137823 73
137828 74
137828 75
137832 74
137836 73
137840 72
137846 71
137847 70
137868 71
137881 70
137933 71
137940 70
137940 69
137940 68
137940 67
137961 68
137970 67
137997 68
138036 69
138044 68
138076 69
138092 68
138187 67
138204 66
138205 67
138212 68
138224 69
138232 68
138240 69
138336 70
138344 69
138365 68
138432 67
138432 66
138432 66
138432 65
138432 64
138438 63
138500 64
138512 65
138530 66
138539 65
138540 64
138542 63
138544 62
138548 63
138557 64
138560 63
138620 64
138623 65
138627 66
138629 67
138672 68
138694 69
138729 68
138744 69
138760 70
138784 71
138792 70
138827 71
138844 70
138892 71
138899 70
138900 69
138904 70
139063 71
139100 72
139116 71
139124 72
139124 73
139130 74
139137 75
139144 76
139171 77
139172 76
139177 75
139178 74
139182 73
139190 72
139190 71
139214 71
139218 72
139226 73
139319 74
139335 73
139345 72
139348 71
139364 72
139374 73
139381 73
139388 72
139456 73
139460 72
139476 71
139484 70
139511 71
139516 72
139537 71
139540 72
139543 71
139544 70
139549 69
139560 68
139617 69
139627 68
139640 67
139671 68
139672 67
139682 66
139704 65
139730 66
139747 65
139757 64
139792 63
139805 62
139843 61
139879 62
139910 63
139931 62
139936 63
139939 64
139944 63
139944 62
139945 61
139971 62
139987 61
139987 60
139989 59
139993 59
139997 60
140020 61
140049 62
140056 61
140062 60
140076 59
140089 60
140090 61
140095 60
140167 61
140168 62
140168 63
140186 62
140186 63
140189 62
140197 61
140207 60
140288 59
140309 58
140350 58
140371 59
140375 60
140389 59
140462 60
140464 61
140466 60
140467 61
140467 60
140473 60
140476 59
140476 58
140478 57
140478 56
140479 56
140480 56
140482 55
140484 56
140484 57
140492 56
140492 55
140501 56
140510 56
140510 55
140511 54
140513 54
140515 54
140518 55
140558 54
140558 55
140562 54
140563 53
140566 52
140576 51
140586 50
140588 51
140595 52
140605 51
140615 50
140620 51
140624 52
140640 53
140648 54
140655 53
140655 52
140685 53
140688 52
140750 53
140758 52
140760 53
140813 54
140813 55
140816 54
140829 55
140832 56
140835 55
140838 56
140842 56
140846 55
140847 55
140895 54
140904 55
140924 56
140929 57
140946 57
140949 58
140975 59
140982 60
140986 61
141020 60
141021 59
141024 60
141045 61
141046 60
141062 59
141068 58
141110 57
141144 58
141145 59
141162 59
141164 60
141173 59
141173 60
141178 59
141181 60
141191 61
141196 60
141197 59
141203 60
141210 61
141259 62
141272 61
141294 62
141319 63
141324 64
141328 65
141328 64
141333 64
141349 63
141388 64
141400 63
141409 62
141416 61
141417 62
141423 63
141472 64
141498 63
141500 64
141509 65
141543 64
141547 63
141550 62
141565 61
141594 62
141600 63
141615 64
141623 65
141641 66
141642 67
141699 67
141707 68
141712 67
141733 68
141738 69
141740 68
141744 69
141745 68
141767 69
141784 68
141878 67
141922 68
141956 69
141962 70
141964 71
141967 70
141970 69
141974 68
142014 67
142016 66
142031 67
142047 66
142054 65
142059 66
142075 65
142136 64
142150 65
142162 66
142169 65
142172 66
142176 67
142188 68
142234 67
142253 68
142257 67
142279 68
142299 67
142309 68
142324 67
142385 66
142406 65
142411 64
142438 63
142440 62
142474 63
142530 64
142537 63
142546 62
142547 61
142550 60
142552 59
142555 58
142556 57
142560 58
142563 57
142572 58
142576 57
142577 56
142616 57
142629 58
142640 59
142668 59
142684 60
142722 61
142729 62
142758 63
142770 64
142800 63
142806 62
142861 61
142862 62
142908 61
142922 60
142996 61
143037 60
143052 61
143062 62
143079 61
143094 62
143107 61
143108 62
143109 63
143117 62
143122 63
143126 64
143126 63
143142 64
143151 63
143162 62
143178 63
143196 64
143202 65
143224 64
143236 65
143255 66
143262 67
143275 68
143281 67
143283 66
143320 67
143327 68
143332 68
143342 69
143368 70
143376 71
143381 72
143437 73
143464 74
143500 75
143506 74
143513 73
143598 72
143631 73
143658 74
143659 73
143687 74
143742 75
143773 76
143803 75
143808 76
143809 77
143816 78
143824 77
143923 76
143970 75
143988 76
144013 75
144053 76
144070 75
144192 74
144192 73
144208 74
144310 75
144316 74
144324 73
144366 74
144380 73
144385 72
144385 71
144420 70
144423 71
144431 72
144437 71
144440 70
144509 69
144520 70
144564 69
144572 70
144576 69
144576 68
144584 67
144589 66
144595 65
144595 66
144625 65
144640 66
144668 67
144672 66
144698 66
144700 65
144720 66
144751 65
144776 66
144789 65
144832 66
144846 67
144866 68
144876 67
144882 68
144890 69
144945 70
144967 69
145002 70
145004 69
145004 70
145005 69
145009 68
145012 67
145015 66
145020 65
145022 65
145035 66
145046 65
145054 65
145081 66
145082 67
145104 66
145108 65
145121 64
145193 63
145237 63
145241 62
145256 63
145273 64
145277 63
145281 62
145325 63
145338 64
145372 65
145388 64
145388 63
145394 64
145402 63
145404 64
145407 65
145418 64
145420 65
145428 64
145428 63
145436 62
145440 62
145442 62
145443 61
145453 60
145455 59
145469 58
145476 57
145527 56
145543 57
145556 58
145573 59
145599 60
145610 61
145619 60
145644 61
145660 62
145688 63
145696 62
145698 61
145703 62
145738 61
145774 60
145776 59
145784 59
145831 60
145838 61
145858 62
145904 61
145949 60
145960 59
145961 59
145963 60
145968 61
145973 60
145979 59
146004 60
146012 60
146016 59
146020 60
146028 59
146035 60
146045 61
146056 60
146079 61
146084 60
146094 61
146106 62
146118 63
146203 62
146247 63
146260 64
146267 65
146268 64
146296 65
146308 64
146308 65
146310 66
146311 66
146364 67
146420 68
146423 67
146424 66
146425 66
146425 65
146427 64
146430 63
146431 62
146433 61
146433 62
146500 63
146518 62
146536 63
146545 64
146546 63
146549 64
146549 63
146560 62
146588 63
146627 62
146639 63
146640 64
146640 65
146649 64
146650 63
146651 62
146652 63
146652 62
146653 61
146664 60
146688 59
146708 60
146757 59
146758 60
146760 59
146764 58
146768 57
146768 56
146816 57
146851 58
146856 59
146872 60
146884 61
146912 62
146913 61
146915 60
146922 59
146945 60
146959 60
146971 61
146987 62
146989 62
146998 63
147002 62
147004 61
147011 60
147012 59
147014 58
147028 57
147032 56
147032 55
147048 56
147061 55
147103 56
147110 57
147116 58
147116 57
147117 58
147121 57
147136 58
147172 59
147186 60
147201 59
147204 59
147268 60
147288 59
147306 60
147348 61
147380 61
147401 62
147408 63
147408 64
147412 63
147412 62
147416 61
147416 60
147418 59
147443 58
147458 59
147470 58
147473 59
147477 60
147512 59
147536 60
147541 59
147541 58
147572 59
147598 58
147603 59
147655 60
147659 59
147685 60
147686 61
147689 62
147708 63
147720 64
147729 65
147738 64
147761 65
147805 66
147818 65
147820 64
147820 65
147839 66
147880 67
147908 66
147920 65
147950 66
147976 65
147976 66
148016 67
148041 68
148048 69
148052 68
148057 68
148058 69
148080 70
148087 69
148096 70
148098 69
148100 68
148116 69
148130 70
148196 69
148203 70
148219 69
148224 68
148278 67
148320 66
148344 65
148352 66
148408 67
148432 66
148458 65
148472 64
148473 64
148477 63
148478 62
148480 61
148510 60
148533 61
148545 62
148552 63
148566 64
148637 65
148752 66
148788 67
148797 66
148821 67
148823 68
148857 69
148859 68
148887 67
148901 68
148927 69
148957 70
148967 71
148986 72
148988 73
148997 72
149088 71
149108 72
149125 73
149130 72
149138 71
149181 72
149225 71
149227 72
149246 71
149259 72
149268 73
149277 72
149281 71
149296 70
149362 71
149370 72
149376 73
149404 72
149466 73
149488 74
149500 73
149584 72
149604 73
149613 72
149671 73
149680 74
149680 73
149685 72
149713 71
149750 72
149753 71
149757 70
149760 69
149761 70
149768 71
149839 72
149840 71
149849 72
150035 73
150137 72
150152 73
150187 74
150190 75
150192 76
150235 77
150236 78
150236 77
150249 76
150252 75
150436 74
150460 73
150477 72
150504 71
150505 72
150536 73
150537 74
150553 73
150555 72
150568 73
150596 74
150605 75
150632 76
150634 77
150689 76
150707 75
150728 76
150754 77
150755 78
150792 77
150819 78
150830 77
150905 78
150941 77
151077 78
151098 77
151165 78
151194 79
151221 80
151394 79
151397 80
151462 79
151466 80
151473 80
151484 81
151512 80
151535 79
151559 78
151572 77
151588 76
151666 77
151753 78
151779 79
151809 78
151815 77
151920 76
152000 77
152116 78
152141 79
152141 78
152144 77
152147 76
152147 76
152149 77
152430 78
152452 77
152542 76
152546 75
152556 74
152565 73
152576 72
152586 71
152612 72
152619 73
152627 74
152635 75
152700 74
152702 75
152733 76
152747 77
152778 78
152942 79
152958 80
152992 81
153065 80
153100 79
153174 80
153196 79
153215 78
153372 79
153373 80
153376 79
153380 80
153462 79
153484 78
153486 77
153487 76
153538 75
153663 74
153668 75
153756 74
153764 73
153804 74
153859 75
153885 76
153898 75
153952 74
154009 75
154013 76
154078 77
154092 78
154100 77
154188 78
154194 77
154252 76
154301 75
154315 76
154347 77
154376 76
154388 75
154400 76
154401 75
154456 74
154492 75
154504 74
154512 73
154567 74
154568 75
154600 76
154606 77
154681 76
154724 77
154872 76
154875 75
154892 76
154951 75
154972 74
155021 75
155052 76
155128 75
155182 76
155242 75
155246 74
155284 73
155309 74
155328 75
155328 76
155410 77
155440 78
155500 77
155616 78
155620 79
155653 80
155656 81
155687 80
155703 81
155795 82
155836 83
155881 82
155979 81
156064 80
156135 79
156148 78
156253 77
156294 78
156296 77
156312 76
156460 75
156581 76
156595 77
156626 78
156811 79
156880 80
156911 81
157024 80
157080 79
157158 80
157194 79
157203 80
157252 81
157415 82
157432 81
157464 80
157536 79
157628 78
157649 79
157710 80
157752 79
157804 80
157806 79
157825 78
157846 77
157893 78
157942 79
158016 78
158016 77
158036 78
158144 79
158214 78
158248 77
158291 76
158342 75
158384 74
158412 75
158514 76
158528 77
158594 78
158612 77
158627 78
158651 79
158708 80
158710 79
158732 80
158759 79
158788 80
158806 79
158879 80
158908 79
158932 80
158977 79
159036 80
159166 79
159214 78
159215 77
159275 76
159328 77
159427 78
159430 77
159444 78
159486 77
159548 78
159592 77
159601 76
159623 75
159630 76
159744 77
159772 78
159848 79
159922 78
159950 77
160000 76
160069 77
160082 78
160176 79
160233 78
160233 79
160373 78
160483 77
160525 78
160582 79
160583 80
160598 79
160605 78
160652 77
160681 78
160692 77
160818 76
160828 75
160834 76
160844 75
160869 74
160881 75
160973 76
160980 75
160996 74
161016 73
161028 74
161148 73
161154 74
161170 75
161187 76
161288 75
161304 76
161358 77
161370 78
161440 77
161452 76
161552 75
161571 74
161676 75
161712 74
161764 73
161774 74
161824 75
161900 74
161908 75
161959 76
161999 75
162044 76
162129 77
162143 76
162181 75
162283 74
162303 75
162365 74
162372 73
162397 74
162414 75
162417 76
162450 77
162492 78
162516 79
162549 78
162556 77
162616 76
162738 77
162780 76
162800 77
162844 78
162867 77
162888 76
162922 75
162962 76
163052 75
163122 74
163124 73
163130 74
163178 73
163221 72
163264 73
163305 74
163311 73
163316 74
163322 75
163372 74
163448 73
163456 74
163484 75
163543 74
163567 75
163638 76
163642 77
163678 78
163729 77
163754 76
163838 75
163891 76
163894 77
163934 78
163936 77
163957 78
164045 77
164116 76
164136 77
164152 76
164154 75
164160 76
164168 77
164268 78
164308 77
164336 76
164344 77
164355 76
164399 75
164403 74
164404 75
164531 76
164609 75
164660 74
164709 75
164730 76
164771 75
164774 76
164778 77
164790 76
164834 77
164918 76
164984 77
164989 76
165120 77
165148 76
165201 77
165255 76
165277 75
165277 74
165281 73
165298 74
165299 75
165408 76
165509 77
165516 78
165608 77
165640 78
165642 79
165661 78
165679 79
165771 80
165791 79
165803 80
165840 81
165912 82
166205 81
166253 80
166264 79
166312 80
166313 81
166371 80
166497 79
166505 78
166526 77
166585 78
166630 77
166656 78
166769 77
166781 78
166873 77
166873 76
166886 75
166892 74
167001 75
167002 74
167011 75
167070 74
167273 73
167285 74
167288 75
167293 76
167333 75
167341 76
167363 75
167380 74
167390 75
167412 76
167442 77
167555 78
167592 79
167699 80
167716 81
167817 82
167864 81
167920 82
167984 81
167985 82
167992 81
167996 80
168041 79
168052 80
168117 81
168118 80
168127 79
168311 80
168366 81
168406 80
168450 79
168496 80
168613 79
168744 80
168744 81
168762 80
168787 79
168912 80
168916 79
168927 80
168947 81
168958 80
169238 81
169311 82
169375 83
169517 82
169520 81
169520 80
169547 79
169592 78
169679 79
169717 78
169759 77
169788 78
169860 77
169869 78
169929 77
169959 76
170023 77
170035 78
170076 79
170099 78
170172 79
170208 78
170268 79
170279 78
170311 79
170388 80
170491 79
170545 78
170570 79
170611 78
170636 77
170696 78
170710 79
170710 78
170784 77
170835 78
170881 79
170937 78
170942 79
170968 80
171072 79
171176 80
171254 81
171256 82
171274 81
171278 80
171312 81
171358 80
171392 79
171444 78
171450 77
171455 76
171456 75
171459 74
171461 73
171516 74
171540 73
171560 74
171572 75
171596 74
171703 75
171742 76
171781 77
171820 78
171841 79
171866 80
171995 81
172010 80
172028 81
172131 80
172164 81
172295 80
172327 79
172411 80
172412 81
172487 80
172488 79
172503 78
172597 77
172669 76
172687 77
172707 76
172757 77
172804 78
172858 77
172868 78
172870 79
172912 78
172932 79
173000 78
173013 77
173090 78
173316 79
173408 78
173474 77
173474 78
173517 77
173544 76
173564 77
173615 78
173655 79
173668 80
173672 79
173751 80
173752 79
173794 78
173805 77
173807 76
173888 75
173896 76
173972 75
174027 76
174045 75
174050 74
174080 73
174100 74
174136 73
174171 74
174211 73
174238 72
174252 73
174292 74
174385 73
174460 74
174492 73
174531 72
174550 71
174612 70
174671 71
174715 72
174720 73
174813 74
174823 75
174876 76
174896 77
174921 76
174957 75
174974 74
174974 75
174992 76
175002 77
175061 76
175088 77
175133 78
175228 79
175264 80
175288 79
175293 78
175323 77
175333 78
175384 77
175451 76
175563 77
175598 76
175616 77
175725 76
175744 75
175748 76
175789 77
175841 76
175879 77
175919 78
175944 79
175946 80
175948 79
175976 78
175990 77
175996 78
176011 77
176069 78
176089 79
176196 78
176202 79
176302 80
176332 79
176352 80
176380 79
176401 78
176555 77
176571 78
176646 77
176723 78
176791 79
176793 80
176809 81
176890 80
176933 79
176956 80
177073 79
177113 80
177128 79
177244 80
177286 79
177312 78
177369 77
177383 76
177395 77
177432 76
177483 77
177486 78
177504 77
177537 78
177636 77
177890 78
177909 79
177919 78
178033 77
178036 76
178048 75
178080 74
178126 75
178180 76
178370 77
178371 78
178461 77
178462 76
178463 75
178468 76
178468 77
178565 76
178587 77
178624 78
178716 79
178740 78
178872 77
178872 76
178906 77
178938 78
178970 77
179005 78
179074 79
179100 80
179299 79
179304 78
179336 79
179422 78
179433 79
179490 78
179519 79
179531 78
179532 77
179576 76
179606 77
179624 78
179663 77
179674 76
179679 75
179787 76
179792 75
179856 76
179879 77
179893 76
180115 75
180128 76
180177 75
180320 76
180328 77
180328 78
180402 79
180418 80
180556 81
180612 82
180670 81
180681 82
180684 81
180751 82
180763 83
180786 82
180790 81
180790 80
180942 79
180974 78
181067 77
181084 76
181193 75
181211 76
181302 75
181326 76
181573 77
181577 76
181581 75
181592 76
181603 77
181605 76
181623 77
181672 76
181756 75
181806 76
181832 77
181833 78
181879 79
181912 80
181916 79
181922 78
182057 77
182062 76
182065 75
182101 74
182102 75
182182 76
182212 75
182242 76
182288 77
182296 78
182329 79
182340 78
182352 79
182352 80
182400 79
182445 80
182583 81
182595 80
182600 79
182602 78
182655 79
182759 78
182782 77
182785 78
182826 77
182848 78
182853 77
182913 78
182934 77
182955 76
182958 75
182973 74
182992 73
183088 72
183096 73
183097 72
183108 71
183124 72
183137 71
183204 72
183209 72
183218 71
183285 72
183297 71
183306 72
183315 73
183323 74
183324 73
183326 72
183368 73
183369 74
183405 75
183409 74
183418 73
183502 74
183528 73
183581 72
183583 71
183591 72
183611 73
183653 72
183681 71
183682 72
183711 73
183756 74
183758 75
183796 74
183802 73
183883 74
183884 73
183888 73
183889 72
183893 73
183899 72
183903 73
183973 72
183976 73
183979 74
183984 73
183989 72
184054 71
184062 72
184065 71
184075 72
184118 73
184131 74
184137 73
184137 72
184138 71
184139 70
184143 71
184143 70
184148 69
184154 69
184154 68
184288 69
184304 70
184324 69
184328 70
184329 69
184333 68
184340 67
184344 66
184344 65
184349 64
184352 63
184411 64
184435 65
184441 66
184448 65
184452 64
184454 63
184468 63
184472 64
184481 65
184483 64
184488 65
184492 65
184504 66
184510 65
184512 66
184525 65
184533 64
184574 65
184578 66
184593 67
184599 66
184601 65
184607 64
184613 65
184709 64
184710 65
184724 64
184812 65
184823 66
184826 67
184838 67
184856 66
184857 65
184904 66
184934 67
184939 66
184968 65
184969 64
185028 65
185040 66
185043 65
185048 66
185048 65
185049 65
185049 65
185049 64
185072 65
185141 66
185143 65
185145 64
185147 63
185156 62
185157 61
185157 60
185162 61
185175 60
185177 61
185187 60
185189 59
185227 60
185231 61
185253 62
185261 61
185269 60
185269 59
185277 58
185282 57
185282 57
185300 58
185308 57
185309 57
185315 58
185317 57
185326 56
185348 57
185364 58
185368 59
185372 58
185376 57
185392 58
185454 59
185492 58
185519 59
185530 60
185587 59
185587 60
185588 61
185589 62
185593 61
185603 60
185604 61
185611 62
185617 61
185630 62
185632 63
185652 62
185660 63
185661 64
185664 63
185665 62
185715 63
185733 64
185742 63
185746 62
185748 63
185748 62
185782 63
185824 64
185825 65
185827 66
185832 65
185833 64
185836 63
185842 64
185848 65
185863 64
185869 65
185891 66
185897 65
185899 64
185934 63
185950 64
185974 63
185981 64
185993 63
185994 62
186012 61
186014 62
186016 61
186073 62
186110 61
186152 62
186167 63
186187 64
186200 63
186208 62
186209 63
186216 62
186220 61
186225 62
186228 63
186229 64
186265 65
186289 64
186311 65
186312 64
186314 63
186318 62
186328 61
186328 62
186332 62
186333 62
186335 62
186335 61
186340 61
186344 60
186384 60
186386 59
186397 58
186400 59
186401 58
186408 57
186409 56
186409 55
186452 54
186456 55
186462 56
186476 55
186487 54
186496 55
186504 56
186536 57
186536 58
186536 57
186537 56
186537 57
186604 58
186615 57
186615 58
186631 59
186637 58
186643 57
186645 56
186648 57
186718 58
186722 57
186728 58
186732 59
186744 58
186745 57
186746 56
186746 55
186746 55
186746 55
186747 56
186753 55
186764 54
186779 55
186796 56
186802 57
186805 56
186815 55
186815 54
186816 55
186817 54
186817 53
186819 52
186824 51
186858 52
186881 53
186890 52
186890 51
186893 51
186894 50
186910 51
186941 52
186957 52
186957 52
186957 51
186957 50
186964 51
186997 50
187020 51
187027 52
187032 53
187037 52
187038 51
187060 50
187064 51
187072 50
187080 51
187088 52
187114 53
187134 54
187188 55
187190 54
187235 55
187255 56
187257 55
187265 54
187273 55
187276 56
187296 57
187327 58
187352 59
187354 60
187360 60
187361 59
187396 60
187407 61
187413 61
187426 60
187465 59
187465 58
187466 57
187468 58
187477 57
187477 57
187477 56
187478 57
187481 56
187483 56
187484 55
187484 54
187486 54
187487 53
187488 54
187490 54
187490 54
187504 53
187516 54
187523 53
187536 54
187561 55
187565 55
187571 56
187572 57
187575 56
187576 55
187580 56
187583 55
187584 54
187584 55
187592 54
187593 53
187596 53
187599 52
187599 53
187599 52
187609 52
187688 51
187706 52
187724 53
187741 52
187804 53
187816 54
187837 55
187846 56
187863 55
187874 56
187883 57
187885 56
187888 57
187896 56
187901 55
187906 55
187906 56
187910 57
187912 57
187934 58
187943 59
187945 58
187948 57
187949 58
187970 57
187984 58
188002 59
188039 60
188060 61
188068 61
188087 62
188096 61
188108 60
188108 61
188109 62
188110 63
188130 64
188154 65
188191 66
188200 65
188204 64
188205 65
188232 66
188276 67
188315 66
188320 65
188323 66
188338 67
188367 68
188379 67
188396 68
188422 69
188442 70
188510 71
188511 72
188512 73
188515 72
188518 71
188519 70
188575 70
188576 71
188600 72
188600 71
188602 72
188617 71
188636 70
188648 69
188717 70
188728 69
188729 68
188729 67
188729 66
188729 67
188765 66
188772 67
188778 66
188781 65
188796 66
188811 65
188823 66
188884 65
188887 64
188893 63
188983 64
188995 65
188998 66
189019 65
189052 65
189053 64
189062 65
189064 64
189077 65
189155 66
189168 67
189177 66
189179 67
189184 66
189196 67
189204 68
189236 69
189264 70
189264 71
189272 72
189286 71
189291 72
189392 71
189396 70
189397 71
189404 72
189512 73
189520 72
189560 73
189571 74
189576 75
189577 74
189580 73
189596 74
189604 73
189605 72
189606 71
189607 72
189679 73
189698 72
189717 73
189722 74
189749 73
189830 74
189855 73
189892 72
189893 71
189907 72
189923 71
189923 70
189942 69
189972 68
189980 69
189988 68
190003 69
190048 70
190100 69
190105 68
190106 67
190111 66
190158 65
190173 64
190182 65
190187 66
190192 67
190209 66
190244 67
190268 68
190289 67
190300 66
190307 65
190309 64
190309 63
190318 62
190324 61
190376 62
190432 63
190444 64
190488 65
190500 66
190508 65
190509 64
190516 65
190561 66
190586 65
190591 64
190594 65
190623 66
190683 67
190705 66
190708 65
190715 66
190736 67
190761 68
190763 69
190768 70
190788 71
190791 72
190870 71
190891 72
190907 71
190908 70
190909 69
190913 68
190931 69
190953 70
190960 69
190961 70
191000 71
191050 72
191098 73
191112 72
191120 73
191124 74
191128 73
191133 74
191136 75
191178 76
191216 77
191240 76
191259 77
191406 76
191453 77
191468 76
191488 77
191504 78
191507 77
191552 76
191623 77
191624 78
191632 77
191635 76
191656 75
191665 76
191672 75
191812 76
191826 77
191884 78
191894 79
192004 78
192038 79
192081 80
192157 79
192171 78
192186 79
192207 80
192229 81
192275 80
192308 79
192356 80
192363 79
192382 78
192412 79
192420 78
192505 77
192516 76
192577 75
192602 76
192657 77
192718 76
192730 77
192751 76
192751 75
192802 74
192848 75
192855 76
192867 75
192893 74
192911 73
192913 72
192980 71
192993 72
193012 73
193052 74
193058 75
193073 74
193085 73
193088 74
193430 75
193432 74
193438 73
193439 74
193468 75
193471 74
193476 73
193499 74
193504 75
193524 74
193562 75
193566 76
193638 75
193657 76
193675 75
193703 76
193728 77
193816 78
193862 77
193886 76
193912 75
193916 76
193956 77
193980 78
193984 77
194058 76
194081 77
194089 76
194092 75
194131 76
194151 75
194204 74
194211 75
194229 74
194242 73
194247 74
194258 73
194285 72
194289 71
194294 70
194307 69
194378 68
194522 69
194608 70
194618 69
194618 68
194618 67
194618 66
194636 67
194661 68
194693 67
194737 66
194740 65
194749 64
194806 63
194812 64
194852 65
194896 66
194898 67
194922 68
194959 69
194977 68
194978 69
194984 68
194991 69
195020 70
195028 69
195035 70
195052 71
195061 72
195069 73
195081 72
195086 71
195109 72
195112 73
195133 72
195133 71
195133 70
195133 69
195144 70
195292 71
195296 70
195345 71
195420 70
195427 71
195473 72
195481 71
195481 70
195481 69
195541 70
195572 71
195581 72
195633 71
195637 72
195657 71
195686 72
195692 71
195697 70
195761 71
195769 72
195870 73
195880 74
195883 75
195894 74
195895 73
195896 72
195904 71
195925 72
195946 71
195946 70
195946 71
196021 72
196055 71
196069 70
196083 69
196111 70
196113 69
196123 69
196124 68
196127 67
196129 66
196137 65
196145 66
196157 67
196170 68
196183 67
196191 68
196209 67
196365 68
196378 69
196445 70
196491 69
196494 68
196509 67
196515 68
196579 69
196589 68
196593 69
196595 70
196606 69
196637 70
196649 71
196803 72
196814 73
196860 74
196862 75
196879 74
196883 75
196892 76
196917 77
196969 78
196971 79
196979 80
196987 79
196988 78
197016 79
197169 78
197259 79
197270 80
197300 79
197319 80
197325 81
197349 80
197351 79
197385 78
197433 79
197441 78
197525 79
197534 78
197534 77
197534 76
197534 75
197534 74
197534 73
197534 72
197535 71
197549 70
197583 69
197725 68
197757 69
197824 70
197881 69
197884 70
197905 71
197909 70
197913 69
197913 68
197913 67
197915 66
197931 67
198001 68
198005 69
198007 70
198026 69
198033 70
198041 69
198041 68
198045 69
198092 70
198128 69
198157 70
198173 71
198184 70
198197 71
198203 72
198205 71
198205 71
198207 70
198233 71
198281 72
198392 71
198403 72
198409 71
198439 70
198452 69
198513 70
198516 71
198533 70
198573 71
198577 70
198579 69
198581 70
198616 69
198625 70
198653 71
198662 72
198663 71
198665 72
198753 71
198789 72
198791 71
198800 72
198804 71
198804 72
198806 71
198806 70
198844 71
198868 70
198881 69
198913 70
198915 69
198922 68
198922 67
198930 68
198961 67
198984 68
198993 67
199049 66
199075 67
199104 68
199119 67
199121 66
199132 65
199136 65
199138 64
199138 65
199138 64
199139 64
199144 63
199157 64
199169 63
199169 62
199169 62
199173 63
199178 62
199188 63
199205 62
199242 61
199282 60
199298 61
199360 60
199364 61
199400 62
199412 63
