60148 75
60161 76
60187 77
60190 76
60255 77
60265 78
60319 77
60327 78
60339 77
60350 76
60395 77
60482 76
60493 75
60572 76
60597 77
60636 76
60653 77
60758 78
60771 77
60936 76
61047 77
61052 78
61090 77
61094 76
61134 77
61144 76
61155 75
61159 74
61198 73
61209 72
61247 73
61305 74
61328 73
61369 74
61384 75
61432 74
61471 75
61478 76
61640 77
61651 76
61775 77
61796 76
61821 77
61830 76
61868 75
61874 76
61979 77
61986 78
61986 79
62003 80
62043 81
62124 80
62323 79
62421 78
62449 79
62465 80
62477 81
62511 80
62529 79
62536 78
62588 77
62623 76
62657 77
62662 76
62789 75
62845 74
62914 73
62937 74
62968 75
63075 76
63100 77
63147 76
63161 75
63179 76
63186 76
63186 75
63188 74
63188 75
63193 75
63195 75
63245 76
63251 77
63255 76
63255 75
63256 74
63257 73
63258 73
63279 74
63289 73
63338 74
63553 73
63554 72
63559 71
63560 70
63560 69
63561 68
63625 68
63633 69
63660 68
63671 69
63690 68
63696 67
63717 68
63733 69
63740 68
63741 67
63744 66
63797 67
63838 68
63845 69
63853 68
63862 69
63892 68
63898 67
63903 68
63912 69
63932 70
63946 69
63951 68
64018 67
64052 68
64054 67
64110 68
64133 69
64149 69
64150 70
64154 69
64174 70
64216 71
64238 72
64240 73
64250 74
64268 75
64299 74
64303 73
64356 72
64391 71
64425 72
64457 73
64466 72
64487 73
64498 72
64500 71
64552 70
64557 70
64559 69
64561 68
64562 69
64563 68
64668 67
64672 66
64680 67
64682 66
64692 65
64706 64
64707 65
64710 66
64714 65
64718 64
64727 65
64740 64
64769 65
64793 66
64844 67
64844 66
64845 67
64850 66
64853 65
64895 66
64899 67
64916 68
64952 69
64962 70
64968 71
65056 70
65078 71
65085 70
65089 69
65091 68
65136 69
65147 68
65150 69
65227 70
65268 71
65271 72
65313 73
65360 74
65375 73
65386 74
65438 75
65447 76
65544 75
65580 74
65584 73
65611 72
65676 73
65683 72
65711 73
65735 74
65752 75
65764 74
65769 73
65769 72
65770 73
65770 74
65773 75
65774 74
65775 73
65788 72
65812 71
65949 72
65963 73
65991 74
66013 73
66032 72
66046 73
66054 72
66059 71
66059 70
66060 69
66067 70
66076 69
66080 68
66085 68
66085 67
66088 66
66141 67
66144 68
66148 67
66149 66
66152 65
66152 65
66152 64
66152 63
66190 64
66196 63
66199 64
66224 65
66244 66
66259 65
66328 64
66336 63
66336 64
66343 63
66393 64
66420 65
66425 64
66426 63
66448 62
66452 61
66492 60
66523 59
66525 60
66557 61
66563 60
66569 59
66569 60
66569 61
66584 62
66588 63
66617 64
66636 65
66640 66
66644 65
66693 64
66695 63
66701 62
66776 63
66782 64
66786 63
66789 64
66800 63
66800 62
66801 63
66806 62
66809 62
66825 63
66848 64
66849 65
66886 64
66917 65
66957 64
66962 63
66995 62
66998 61
67013 62
67025 63
67040 64
67043 63
67045 64
67062 65
67092 66
67172 67
67177 66
67180 65
67180 64
67203 65
67238 66
67268 67
67276 66
67276 65
67303 66
67308 67
67310 66
67336 67
67343 68
67360 69
67451 68
67459 69
67516 68
67520 69
67538 68
67564 67
67570 68
67587 69
67595 70
67633 69
67656 70
67680 71
67694 72
67695 73
67704 74
67740 73
67741 74
67752 75
67761 74
67788 73
67817 74
67844 75
67852 76
67856 75
67888 74
67922 73
67944 74
67993 75
68090 74
68165 73
68192 74
68206 75
68224 74
68268 73
68303 74
68328 75
68329 76
68396 77
68408 78
68478 79
68520 80
68576 81
68678 82
68712 83
68749 82
68804 81
68809 80
68821 79
68885 80
68923 79
68929 80
69016 79
69028 80
69048 79
69048 78
69108 77
69115 76
69184 75
69198 74
69210 73
69268 72
69381 73
69393 74
69401 73
69452 74
69495 73
69546 72
69665 71
69701 72
69704 73
69756 74
69822 75
69823 76
69942 77
69976 78
70037 79
70040 80
70058 81
70148 80
70228 81
70290 80
70307 81
70498 80
70515 79
70542 78
70549 79
70582 78
70610 77
70620 78
70639 77
70653 78
70732 79
70792 78
70906 79
70927 80
70928 79
70961 80
70984 79
71040 78
71070 77
71119 78
71140 79
71192 78
71276 79
71285 80
71415 81
71425 80
71434 79
71453 80
71506 79
71507 78
71564 77
71580 78
71612 77
71629 76
71635 75
71668 74
71732 75
71793 74
71813 73
71867 74
71889 73
71896 74
71924 75
71967 76
72145 75
72183 74
72234 73
72246 72
72288 71
72307 70
72416 71
72431 72
72441 73
72445 74
72527 73
72538 74
72589 73
72594 74
72604 73
72622 74
72648 73
72657 74
72660 75
72680 74
72687 75
72708 76
72751 75
72754 76
72759 77
72774 78
72889 77
72912 78
72958 79
73005 78
73023 77
73057 76
73069 77
73077 78
73109 77
73260 76
73271 75
73369 76
73417 77
73418 78
73419 79
73494 80
73501 79
73530 78
73561 77
73658 78
73658 77
73752 78
73809 79
73816 80
73856 79
73867 78
73919 77
74018 78
74116 77
74216 78
74280 79
74297 80
74306 79
74387 78
74403 77
74425 78
74469 77
74479 78
74604 79
74608 78
74708 77
74763 76
74765 75
74807 76
74812 75
74845 76
74856 77
74943 78
74961 77
75040 78
75093 77
75112 78
75113 77
75153 78
75218 77
75241 78
75242 77
75386 76
75392 75
75440 76
75485 77
75555 76
75567 75
75584 76
75643 77
75714 78
75800 77
75814 78
75822 77
75851 76
75940 75
75941 76
75968 75
75974 76
76080 75
76089 74
76160 75
76188 74
76208 75
76230 74
76259 73
76354 72
76400 73
76424 72
76450 73
76451 74
76471 75
76477 76
76485 77
76497 76
76534 77
76590 78
76591 77
76616 78
76651 79
76672 80
76681 79
76764 80
76864 81
76879 80
76896 79
76914 80
77027 79
77100 80
77152 79
77196 80
77225 79
77242 78
77244 78
77244 79
77247 78
77254 79
77396 78
77466 79
77467 78
77480 77
77480 76
77612 77
77626 78
77680 79
77706 78
77711 77
77750 78
77804 77
77862 78
77882 77
77882 76
77901 77
77932 76
77948 75
77962 76
78004 75
78057 76
78085 77
78087 76
78102 75
78102 74
78106 73
78125 72
78133 73
78144 74
78221 75
78284 76
78421 77
78433 76
78458 75
78524 74
78549 75
78617 76
78636 75
78660 74
78710 75
78728 74
78747 73
78802 74
78844 75
78868 74
78985 75
79062 76
79064 77
79076 78
79093 79
79142 80
79190 81
79199 80
79204 79
79205 78
79205 77
79229 78
79246 77
79249 76
79254 75
79261 74
79264 73
79265 74
79342 73
79430 72
79539 73
79554 72
79555 71
79660 72
79684 73
79696 74
79714 75
79737 74
79763 75
79780 74
79839 73
79867 74
79885 75
79917 74
79962 75
79972 74
79973 73
80016 74
80038 73
80095 72
80127 73
80155 72
80157 73
80178 74
80192 73
80195 72
80201 73
80203 72
80219 73
80225 74
80243 73
80245 72
80255 73
80275 74
80312 73
80331 74
80347 73
80351 72
80355 71
80379 70
80405 71
80405 72
80412 71
80528 70
80530 71
80539 72
80553 71
80554 70
80558 69
80561 68
80563 67
80578 68
80638 69
80666 68
80671 67
80673 68
80677 67
80768 68
80823 69
80842 68
80846 68
80849 69
80851 68
80872 69
80900 68
80903 69
80910 68
80912 67
80925 66
80926 65
80959 64
80969 65
80976 66
80993 65
81031 64
81038 65
81064 66
81081 65
81093 66
81106 66
81128 67
81203 68
81209 67
81210 68
81214 69
81223 68
81227 67
81260 68
81282 69
81324 70
81328 71
81341 70
81345 71
81349 70
81349 69
81349 68
81353 69
81376 70
81421 69
81424 70
81430 71
81431 72
81444 71
81452 70
81464 71
81564 72
81565 73
81578 72
81597 73
81629 74
81631 75
81640 74
81660 73
81731 72
81736 71
81739 72
81793 71
81802 70
81815 69
81859 70
81868 69
81876 70
81883 69
81885 68
81993 69
82085 70
82102 69
82108 68
82124 69
82144 68
82144 67
82144 66
82144 65
82144 64
82196 65
82203 64
82215 65
82219 66
82234 65
82304 66
82360 67
82391 66
82404 65
82410 66
82425 67
82438 68
82472 67
82484 68
82485 69
82493 70
82494 71
82551 72
82558 71
82568 72
82576 73
82604 74
82614 75
82624 74
82624 73
82630 72
82631 71
82704 70
82807 71
82852 72
82872 71
82908 70
82920 71
82956 72
82964 73
82980 72
83030 73
83050 72
83058 73
83059 72
83070 73
83105 74
83112 75
83142 76
83155 77
83176 76
83208 77
83299 76
83320 77
83328 78
83365 79
83381 78
83430 77
83473 78
83476 77
83482 76
83496 77
83497 76
83552 77
83572 76
83676 77
83704 78
83724 77
83736 78
83908 79
83935 78
83955 77
83965 76
83970 77
83994 76
84022 77
84034 78
84068 77
84119 78
84253 79
84256 80
84310 79
84317 80
84328 79
84338 78
84387 77
84401 78
84416 79
84464 78
84655 77
84666 78
84699 77
84718 78
84732 79
84793 78
84838 79
84907 78
84974 77
85055 76
85070 77
85117 78
85173 77
85197 76
85219 75
85249 76
85308 77
85320 78
85371 79
85477 80
85485 81
85555 82
85584 81
85587 80
85589 79
85597 78
85766 79
85812 78
85839 79
85866 80
85938 81
85954 80
85968 81
86046 82
86150 81
86180 80
86236 79
86247 78
86271 77
86299 78
86323 77
86337 78
86399 77
86428 76
86448 77
86503 76
86544 77
86580 76
86593 77
86621 76
86658 77
86662 78
86681 77
86692 76
86787 75
86890 76
86932 75
87015 76
87048 75
87072 76
87135 75
87225 76
87225 77
87260 78
87269 79
87269 78
87392 77
87405 76
87443 75
87447 74
87451 73
87489 74
87506 75
87510 74
87607 75
87641 74
87648 75
87705 74
87720 73
87749 72
87808 73
87830 74
87835 75
87863 76
87908 77
87939 78
87944 79
88009 80
88016 79
88038 80
88083 81
88097 82
88103 83
88152 82
88160 81
88179 80
88186 79
88242 78
88264 79
88326 78
88335 77
88496 76
88502 75
88525 76
88622 75
88642 76
88657 75
88704 76
88744 75
88839 76
88896 75
88902 74
88908 75
88920 74
88928 73
88955 72
89068 71
89166 72
89199 73
89213 74
89232 73
89274 74
89275 73
89291 74
89295 73
89344 74
89414 73
89450 74
89489 75
89495 76
89568 77
89616 76
89669 77
89753 78
89778 79
89793 78
89803 79
89828 80
89828 81
89862 80
89916 81
89920 82
89934 81
89969 80
89974 79
90042 80
90197 81
90219 80
90295 79
90319 80
90384 79
90442 80
90470 79
90607 78
90665 77
90692 78
90705 79
90716 78
90721 77
90724 76
90797 77
90826 76
90952 77
90980 78
91122 79
91186 80
91201 79
91256 80
91260 81
91272 80
91360 81
91400 80
91405 81
91433 82
91589 83
91701 82
91716 81
91828 80
91834 79
91844 80
91916 81
92013 82
92194 83
92208 82
92268 81
92308 80
92319 79
92342 80
92348 79
92364 78
92381 77
92480 78
92492 79
92511 78
92574 79
92577 78
92634 77
92635 76
92696 75
92714 76
92734 77
92796 78
92856 77
92858 78
92940 77
92941 78
92946 77
92965 76
92986 77
93023 78
93104 79
93116 78
93137 79
93168 80
93200 79
93242 78
93268 79
93272 78
93333 79
93418 78
93465 79
93477 78
93508 79
93530 80
93570 81
93623 80
93652 79
93678 78
93693 77
93808 76
93862 77
93880 78
93916 79
93920 80
93932 79
93997 80
94003 79
94028 80
94076 81
94229 82
94299 81
94384 82
94424 81
94459 82
94506 81
94681 80
94750 79
94777 80
94808 79
94817 78
94840 79
94877 78
94918 77
95028 78
95072 79
95094 78
95116 79
95174 78
95206 77
95222 78
95228 79
95263 78
95287 79
95361 78
95373 77
95395 78
95477 77
95556 76
95652 77
95739 78
95771 77
95844 78
95860 77
95878 78
95904 77
95950 78
95962 79
95972 78
96074 79
96113 78
96116 77
96124 76
96193 75
96239 76
96241 77
96304 76
96304 77
96321 78
96332 77
96336 78
96379 79
96528 80
96564 79
96610 80
96620 79
96622 78
96680 79
96686 80
96686 81
96906 80
96920 79
96956 78
96974 79
97031 78
97064 79
97070 78
97083 79
97120 80
97127 79
97130 78
97409 77
97419 78
97439 77
97497 76
97498 75
97531 76
97607 77
97649 76
97717 75
97719 76
97737 75
97797 76
97848 77
97879 78
97884 77
97937 78
97974 77
98012 78
98089 77
98118 78
98220 79
98262 78
98293 77
98294 78
98367 77
98416 78
98435 77
98466 78
98516 77
98536 76
98564 75
98573 76
98612 75
98612 74
98615 73
98647 74
98727 75
98752 76
98788 77
98882 78
98909 77
98930 76
99004 77
99026 78
99039 79
99076 78
99081 77
99170 78
99217 79
99221 80
99256 79
99313 80
99316 81
99339 82
99548 81
99575 80
99657 79
99682 78
99687 77
99738 76
99744 77
99764 76
99784 75
99913 76
99983 75
99984 74
99987 75
99989 76
100024 75
100056 74
100106 75
100112 76
100120 75
100168 76
100334 77
100341 76
100394 75
100396 74
100404 73
100404 74
100437 75
100493 74
100512 75
100533 74
100540 75
100559 74
100644 73
100689 74
100706 75
100716 74
100852 75
100929 74
100937 73
100942 74
100944 75
100963 74
100967 75
100985 74
100992 75
101004 74
101051 75
101218 74
101242 75
101314 74
101324 73
101324 72
101331 71
101336 70
101337 69
101345 70
101383 71
101385 72
101438 73
101457 74
101508 73
101519 74
101527 75
101637 76
101671 75
101684 74
101696 73
101700 74
101708 73
101708 72
101709 71
101709 70
101713 71
101714 70
101715 70
101720 71
101775 70
101783 69
101830 68
101864 67
101908 68
101916 67
101919 68
101933 69
101934 70
101959 71
102004 72
102008 71
102011 70
102013 69
102013 68
102065 69
102112 70
102168 71
102199 70
102203 69
102204 68
102212 69
102224 68
102339 69
102360 70
102367 71
102369 70
102369 69
102376 68
102378 67
102389 66
102444 65
102445 64
102470 65
102496 66
102503 67
102504 67
102517 68
102524 69
102544 70
102550 69
102552 68
102553 67
102568 68
102573 67
102666 68
102675 67
102676 68
102826 69
102828 70
102832 71
102840 72
102842 73
102850 72
102866 73
102870 74
102876 73
102882 72
102948 71
103014 72
103020 73
103048 74
103140 75
103141 74
103143 73
103144 74
103147 73
103148 72
103184 73
103212 72
103244 71
103246 70
103248 70
103252 71
103287 70
103361 71
103368 70
103375 71
103377 70
103427 71
103441 70
103442 69
103505 68
103510 67
103564 68
103568 69
103576 68
103581 67
103581 68
103607 67
103704 68
103720 69
103732 70
103776 71
103801 70
103828 71
103844 72
103844 71
103850 70
103860 69
103918 70
103935 71
103952 72
103952 71
104084 72
104141 71
104147 70
104147 71
104149 70
104152 69
104219 70
104228 69
104240 70
104254 71
104270 72
104278 73
104279 72
104282 73
104296 74
104323 73
104336 74
104342 73
104343 73
104455 74
104457 73
104468 74
104481 75
104502 76
104522 75
104547 76
104608 77
104667 76
104680 75
104708 74
104736 75
104740 74
104742 73
104777 74
104840 75
104844 74
104847 73
104848 72
104851 73
104878 74
104880 73
104884 72
104890 71
104992 70
104996 71
105026 72
105044 71
105060 72
105066 71
105177 72
105190 71
105192 72
105209 71
105242 70
105279 71
105310 70
105312 71
105393 70
105409 71
105428 72
105464 73
105531 74
105533 75
105540 74
105552 73
105568 72
105568 71
105577 70
105581 69
105613 70
105629 71
105632 72
105675 71
105687 72
105696 73
105785 74
105844 73
105895 72
105902 71
105909 70
105910 69
106012 70
106028 71
106053 70
106057 69
106080 70
106108 71
106127 72
106182 71
106253 72
106278 73
106287 74
106336 75
106347 74
106350 73
106373 74
106376 73
106437 74
106488 73
106503 74
106556 73
106591 72
106602 73
106608 72
106720 71
106739 72
106740 73
106754 74
106780 75
106801 76
106864 77
106867 78
106933 79
107005 80
107052 81
107108 82
107111 81
107190 82
107199 81
107224 82
107251 81
107272 80
107338 81
107382 80
107395 79
107456 78
107489 77
107508 78
107573 79
107660 78
107670 77
107772 78
107785 77
107815 76
107947 75
107950 74
107984 73
108020 74
108030 75
108035 74
108038 73
108044 74
108095 75
108120 76
108156 77
108180 76
108197 75
108227 74
108306 75
108408 76
108413 75
108415 74
108419 73
108421 72
108422 72
108451 71
108457 70
108477 69
108484 68
108488 69
108498 69
108509 70
108560 69
108644 68
108644 67
108667 68
108673 69
108680 68
108691 69
108719 70
108740 71
108764 72
108800 73
108832 74
108857 73
108859 72
108861 71
108892 72
108899 73
108929 72
108933 71
108981 72
109137 73
109145 72
109152 73
109162 74
109167 73
109221 72
109232 73
109236 74
109262 73
109297 72
109369 73
109378 72
109385 71
109388 70
109433 69
109440 68
109454 69
109469 70
109486 71
109528 72
109533 73
109574 74
109588 75
109604 74
109608 73
109638 74
109647 75
109696 76
109765 77
109799 76
109840 75
109913 76
109927 77
109935 78
109973 77
109977 78
109988 77
109999 78
110026 79
110043 78
110056 77
110100 76
110125 75
110140 74
110211 75
110371 76
110375 75
110405 76
110479 77
110504 78
110523 79
110530 80
110595 81
110629 80
110680 81
110694 82
110706 81
110780 80
110875 79
110920 80
110953 79
110961 78
111051 79
111095 80
111096 81
111121 82
111168 81
111169 80
111212 79
111375 80
111447 81
111534 82
111613 81
111624 80
111664 81
111837 82
111890 83
111900 82
111905 81
112080 82
112122 81
112125 80
112192 81
112330 82
112446 81
112484 80
112485 79
112488 78
112506 79
112552 80
112578 79
112604 80
112843 81
112853 80
112961 81
112994 80
113025 81
113122 80
113148 79
113242 78
113251 79
113295 78
113304 79
113315 80
113369 81
113385 80
113388 81
113479 82
113502 81
113552 82
113601 81
113642 80
113651 79
113728 78
113774 77
113826 78
113862 77
113894 78
113901 79
113924 78
113927 77
113963 76
113991 75
114052 74
114055 73
114064 72
114086 71
114088 72
114134 71
114163 72
114166 73
114187 74
114236 75
114238 76
114281 77
114415 76
114420 77
114486 76
114499 75
114548 74
114548 73
114630 74
114682 75
114701 74
114709 73
114776 74
114802 73
114832 72
114851 71
114898 72
114923 73
114946 74
114993 75
115099 76
115132 77
115228 76
115243 75
115276 74
115279 75
115299 74
115310 75
115343 76
115359 77
115365 76
115457 77
115487 78
115533 79
115544 80
115603 79
115662 80
115710 81
115835 80
115844 79
116112 78
116183 77
116253 78
116271 79
116342 78
116391 79
116420 78
116444 77
116451 78
116487 77
116591 78
116630 79
116673 80
116689 79
116834 80
116888 81
116904 82
116939 81
116996 80
117050 79
117087 78
117119 77
117151 78
117154 79
117233 80
117256 81
117300 80
117410 81
117555 80
117612 79
117675 80
117719 81
117749 80
117788 79
117797 78
117800 77
117825 76
117875 75
117899 76
117904 77
117957 76
117964 77
118049 76
118079 75
118167 74
118256 73
118263 74
118264 73
118303 74
118365 73
118440 74
118468 73
118504 72
118569 73
118606 74
118629 73
118638 74
118652 75
118670 74
118745 75
118790 74
118797 75
118800 76
118827 75
118853 76
118874 77
118967 76
118980 77
119092 78
119119 79
119121 80
119176 79
119193 78
119212 77
119233 78
119294 79
119341 78
119413 79
119568 78
119571 79
119687 80
119702 81
119794 80
119941 79
119966 80
119974 79
120019 80
120032 79
120104 80
120116 81
120122 80
120176 81
120217 82
120292 81
120348 82
120403 83
120548 82
120632 81
120679 82
120749 81
120786 80
120794 79
120856 80
120863 79
121007 80
121033 81
121132 82
121156 81
121162 82
121171 81
121233 80
121235 79
121268 80
121300 79
121325 80
121461 79
121475 78
121563 77
121584 78
121617 77
121646 78
121730 79
121805 80
121894 79
121983 80
122057 81
122124 82
122144 83
122169 82
122253 83
122284 82
122376 81
122472 80
122490 79
122490 78
122495 79
122630 78
122691 79
122704 78
122710 79
122780 80
122788 79
122856 80
122872 79
122932 80
123074 81
123084 80
123085 79
123089 78
123108 79
123126 78
123164 79
123236 78
123283 77
123372 78
123411 77
123412 78
123543 77
123551 76
123699 77
123736 76
123757 77
123758 78
123762 77
123763 76
123769 77
123832 76
123833 75
123884 76
123905 77
123951 78
123982 79
124004 80
124100 79
124208 78
124264 79
124272 78
124352 77
124372 78
124420 77
124500 78
124526 77
124591 78
124612 77
124635 76
124642 77
124660 78
124699 79
124716 80
124752 79
124757 78
124811 77
124826 76
124870 75
124888 74
124973 73
125029 72
125044 73
125081 74
125196 75
125216 76
125243 77
125244 76
125280 77
125321 78
125385 79
125512 80
125514 81
125585 82
125720 83
125762 84
125797 83
125956 82
126044 81
126168 82
126192 81
126236 80
126364 81
126372 80
126376 81
126429 80
126496 79
126501 80
126719 79
126720 80
126789 79
126790 78
126951 77
127034 78
127051 79
127060 80
127160 81
127163 82
127175 81
127205 82
127242 81
127320 80
127329 81
127431 80
127436 79
127489 78
127666 79
127715 80
127783 81
127857 80
127866 81
127887 82
127925 81
127936 80
127992 79
128051 78
128057 79
128088 78
128139 77
128204 78
128224 77
128355 76
128364 75
128371 76
128520 77
128550 76
128568 75
128604 74
128622 73
128641 72
128650 71
128767 72
128841 73
128843 74
128877 75
128904 76
128912 75
128918 74
128929 73
128932 74
128959 75
129017 76
129022 77
129045 78
129059 79
129100 80
129165 79
129208 80
129281 79
129381 78
129381 77
129508 78
129530 77
129624 76
129642 77
129660 78
129664 77
129683 78
129706 77
129826 78
129832 77
129847 76
129923 77
129948 76
130065 77
130071 78
130102 79
130137 80
130141 81
130154 80
130203 79
130225 78
130230 79
130457 80
130488 81
130507 82
130643 81
130696 80
130710 79
130725 78
130741 77
130766 76
130808 75
130818 74
130872 75
130913 76
130958 75
130973 74
131044 75
131044 76
131110 77
131124 76
131144 75
131149 74
131184 75
131389 76
131398 75
131473 76
131565 75
131567 74
131629 75
131645 76
131660 77
131663 76
131669 77
131692 76
131721 77
131768 76
131801 75
131853 74
131891 73
131895 74
131902 73
131994 74
132037 75
132117 76
132119 77
132169 78
132242 77
132250 76
132258 75
132316 76
132319 77
132353 78
132376 79
132400 78
132525 77
132544 78
132646 77
132648 76
132687 77
132696 78
132805 77
132819 76
132833 77
132853 78
132858 79
132870 78
132933 79
132952 80
132989 79
133084 80
133165 81
133186 82
133209 81
133237 80
133437 81
133459 82
133516 81
133518 82
133685 83
133706 84
133746 83
133797 82
133838 81
133910 80
133970 81
134062 80
134103 79
134133 78
134317 77
134397 78
134518 77
134557 76
134620 77
134715 76
134755 77
134769 78
134775 79
134804 78
134815 77
134901 76
134931 77
134952 78
135036 79
135057 78
135121 77
135140 78
135140 77
135170 78
135181 79
135217 80
135249 81
135268 80
135339 81
135351 82
135426 83
135464 82
135497 83
135583 82
135602 83
135633 82
135836 81
135933 80
135971 79
135979 78
136013 77
136129 78
136175 79
136239 78
136297 77
136327 76
136361 77
136381 76
136394 75
136414 74
136425 75
136436 76
136441 77
136490 78
136551 79
136573 78
136656 77
136667 78
136703 79
136728 80
136805 79
136824 80
136964 81
137034 82
137041 81
137062 80
137066 81
137112 80
137256 81
137302 80
137331 81
137403 80
137540 81
137625 82
137707 83
137709 82
137733 83
137763 84
137811 83
137818 82
137893 81
137954 82
138050 81
138050 80
138091 81
138150 80
138156 79
138224 78
138237 77
138248 78
138303 77
138364 76
138437 77
138538 76
138637 77
138658 78
138680 77
138694 76
138718 77
138748 78
138752 79
138861 80
138909 79
138925 78
138964 77
139084 78
139191 79
139311 78
139320 77
139349 76
139349 75
139351 76
139368 75
139406 74
139428 75
139459 76
139602 77
139616 78
139721 77
139752 78
139759 77
139960 78
139969 77
139989 78
139998 79
140001 80
140005 81
140058 82
140103 81
140117 80
140125 79
140137 80
140138 81
140211 82
140294 83
140365 82
140481 81
140630 80
140644 79
140649 78
140661 79
140670 78
140766 77
140788 76
140902 75
140947 74
140951 73
140957 72
141045 73
141085 74
141143 75
141153 74
141155 73
141161 72
141196 73
141208 74
141233 75
141237 76
141253 77
141298 78
141331 77
141333 78
141333 79
141384 78
141454 77
141488 76
141491 75
141580 74
141593 73
141617 74
141698 73
141773 74
141837 73
141921 74
141935 75
141973 74
142019 75
142027 76
142053 77
142108 78
142132 77
142138 77
142141 76
142141 77
142143 76
142146 75
142147 74
142173 73
142199 74
142277 75
142317 74
142431 75
142445 76
142447 75
142451 74
142545 75
142610 76
142633 75
142636 74
142639 73
142646 72
142689 71
142691 70
142705 71
142761 72
142773 73
142796 72
142855 73
142866 72
142889 71
142925 72
142955 71
142955 72
143072 73
143144 74
143146 75
143159 76
143182 75
143262 76
143267 75
143267 74
143269 75
143270 74
143278 73
143279 72
143298 73
143304 72
143381 71
143392 72
143405 73
143408 74
143420 73
143437 72
143477 73
143510 72
143515 73
143540 74
143545 75
143546 74
143555 73
143560 74
143585 73
143586 74
143588 73
143588 72
143589 71
143594 70
143612 71
143666 70
143669 69
143678 68
143702 67
143747 66
143778 67
143785 66
143817 67
143825 66
143897 67
143899 68
143910 67
143955 68
143957 67
143968 68
144009 69
144043 70
144094 71
144118 72
144124 73
144128 72
144162 73
144211 74
144212 73
144234 72
144289 71
144295 70
144304 71
144322 70
144329 69
144330 68
144337 69
144401 70
144452 71
144461 72
144461 71
144461 70
144464 69
144464 68
144472 67
144542 68
144545 69
144573 70
144598 69
144688 70
144717 71
144753 72
144785 73
144789 72
144794 71
144799 70
144841 69
144848 70
145004 69
145005 70
145010 71
145055 70
145095 71
145129 70
145140 71
145169 72
145173 73
145177 72
145177 71
145177 70
145177 69
145177 68
145177 67
145181 68
145242 69
145339 68
145353 69
145357 70
145419 71
145436 70
145441 69
145442 70
145465 71
145532 70
145545 71
145561 70
145606 69
145612 68
145621 69
145648 68
145723 69
145725 68
145728 69
145731 68
145734 69
145745 70
145751 69
145753 68
145781 69
145841 70
145866 71
145881 72
145917 71
145917 70
145917 69
145917 68
145926 67
145949 68
145957 67
145973 66
145974 67
146010 66
146033 67
146039 68
146041 67
146101 66
146121 65
146138 64
146146 65
146157 66
146165 65
146165 64
146185 65
146233 66
146260 65
146313 66
146319 67
146323 66
146347 67
146350 66
146413 67
146451 68
146452 67
146457 68
146461 67
146461 68
146464 67
146473 68
146498 67
146513 68
146521 67
146530 68
146541 69
146569 70
146597 71
146609 72
146650 73
146679 74
146705 75
146724 74
146752 75
146773 76
146834 75
146849 76
146855 77
146865 78
146913 79
146933 78
146942 79
146993 80
147025 79
147069 78
147072 77
147099 76
147166 75
147225 76
147251 75
147296 74
147317 73
147325 74
147358 75
147425 74
147441 73
147517 72
147520 71
147535 72
147605 71
147640 72
147653 73
147656 72
147671 71
147691 70
147700 69
147765 70
147768 71
147802 70
147817 71
147820 70
147867 69
147868 70
147874 69
147879 68
147880 67
147905 66
147996 67
147998 68
148011 67
148017 66
148070 65
148125 66
148138 65
148153 66
148173 67
148193 66
148201 67
148212 68
148229 69
148293 70
148306 71
148319 70
148322 71
148323 70
148329 71
148359 72
148445 71
148530 70
148548 69
148571 70
148573 71
148610 72
148612 72
148637 71
148703 70
148736 69
148750 70
148766 71
148770 72
148804 71
148807 72
148832 73
148845 74
148868 73
148881 72
148886 73
148887 72
148909 73
148918 72
148953 71
148957 72
149061 71
149089 72
149140 71
149149 72
149201 71
149203 70
149219 69
149233 70
149249 71
149261 72
149275 73
149397 74
149402 73
149403 72
149441 71
149443 70
149474 71
149476 72
149484 71
149491 72
149501 71
149501 72
149512 71
149519 72
149529 73
149536 72
149602 73
149655 72
149669 71
149726 72
149808 73
149814 74
149854 75
149903 76
149918 75
149921 76
149921 77
149990 76
149999 75
150002 74
150005 73
150011 72
150028 71
150073 72
150102 73
150112 72
150126 73
150178 74
150189 73
150190 73
150229 72
150232 73
150271 72
150345 73
150449 72
150478 71
150483 72
150493 73
150494 74
150518 73
150584 74
150628 75
150666 76
150793 75
150805 74
150833 75
150835 74
150871 75
150922 76
150931 75
150938 74
150974 75
150977 76
151000 77
151032 76
151035 77
151081 78
151113 79
151165 78
151214 77
151224 78
151389 79
151401 80
151447 79
151577 78
151583 77
151637 78
151677 79
151679 80
151746 79
151759 80
151785 81
151809 80
151881 79
151891 80
152054 79
152204 78
152260 77
152374 76
152395 77
152403 76
152496 77
152516 78
152518 79
152667 80
152675 81
152681 82
152698 81
152713 80
152827 81
152912 82
152925 81
152951 80
153006 79
153070 80
153073 79
153098 78
153145 79
153182 78
153232 79
153242 80
153285 81
153362 80
153374 79
153439 78
153460 79
153517 80
153576 81
153703 80
153861 79
153901 80
153982 79
154030 80
154031 79
154036 80
154037 79
154057 80
154179 79
154226 80
154257 79
154277 78
154277 77
154376 78
154466 79
154513 78
154648 77
154649 76
154657 77
154738 76
154761 75
154799 74
154849 75
154895 76
154927 75
154958 76
154997 75
155031 74
155047 75
155049 76
155069 77
155108 76
155159 75
155299 76
155486 77
155494 78
155509 79
155520 80
155545 79
155569 78
155572 79
155634 80
155658 81
155737 82
155777 83
155893 84
155949 83
155960 82
155997 81
156018 80
156021 79
156039 78
156111 77
156122 78
156235 79
156277 80
156412 79
156509 80
156691 81
156701 82
156770 83
156801 84
156862 85
156897 84
156918 83
156929 82
156945 81
157071 80
157097 79
157450 78
157470 79
157533 78
157547 77
157550 78
157619 79
157693 78
157741 77
157753 76
157773 77
157897 78
157906 79
157912 80
157975 79
158009 80
158025 81
158089 80
158146 79
158153 78
158167 77
158173 78
158237 77
158343 76
158408 77
158419 78
158425 77
158517 78
158636 77
158647 76
158743 77
158763 76
158792 75
158864 74
158901 75
158968 76
158983 77
159011 76
159085 75
159124 76
159160 77
159186 78
159189 79
159198 78
159204 79
159298 80
159374 81
159513 80
159573 81
159611 82
159615 81
159663 82
159664 81
159669 82
159687 81
159876 80
159934 79
159944 80
159978 79
160115 78
160143 77
160197 76
160244 75
160258 76
160302 77
160342 78
160346 77
160349 76
160390 75
160436 76
160537 75
160539 76
160549 77
160557 78
160561 79
160778 78
160837 79
160918 80
161044 81
161054 80
161097 81
161147 80
161237 79
161261 80
161281 79
161437 78
161443 79
161473 78
161488 79
161529 78
161531 79
161664 80
161729 81
161765 80
161819 79
161846 78
161907 79
161917 80
161991 81
162087 82
162114 81
162121 80
162133 81
162143 80
162167 79
162197 78
162199 77
162206 78
162223 77
162293 76
162329 75
162344 76
162389 77
162408 76
162422 75
162441 76
162469 77
162518 76
162618 75
162628 74
162657 73
162713 72
162720 73
162731 74
162816 73
162821 72
162853 71
162926 72
162932 73
162936 72
162937 71
163169 72
163171 73
163203 74
163235 75
163274 76
163309 77
163312 78
163329 77
163337 78
163366 79
163446 80
163516 81
163660 82
163796 83
163811 84
163829 85
163831 84
163843 83
163913 84
163958 83
164001 82
164032 81
164049 80
164101 81
164161 80
164223 79
164284 78
164285 77
164296 76
164304 77
164386 76
164395 75
164503 76
164512 77
164578 76
164749 77
164774 76
164796 75
164826 76
164892 77
164922 78
164988 79
165035 80
165161 81
165253 82
165372 83
165374 84
165595 85
165672 84
165686 83
165693 82
165693 81
165693 80
165878 79
165896 78
165905 77
165980 76
166032 77
166130 76
166138 75
166139 76
166151 77
166181 78
166196 77
166247 76
166431 75
166433 76
166453 77
166465 78
166515 79
166526 80
166620 79
166767 80
166773 79
166776 78
166845 77
166885 76
166898 77
166922 78
166940 77
166957 76
167017 77
167082 76
167107 77
167155 78
167289 79
167305 80
167355 81
167364 82
167387 81
167475 80
167501 79
167535 80
167592 81
167650 82
167668 81
167761 82
167985 81
168082 82
168098 81
168254 80
168285 79
168361 80
168363 79
168365 80
168404 81
168415 80
168416 81
168470 82
168508 81
168606 82
168701 81
168718 80
168745 79
168787 78
168824 79
168841 80
168842 79
168865 78
168937 79
168994 80
169047 81
169100 80
169119 81
169199 80
169207 79
169212 80
169224 81
169253 82
169379 81
169529 82
169702 83
169716 84
169790 83
169900 82
169952 81
170036 80
170169 79
170254 80
170264 79
170321 78
170337 77
170389 76
170437 77
170463 76
170489 75
170541 74
170568 75
170578 74
170689 73
170700 72
170730 71
170754 72
170758 73
170763 74
170838 73
170889 74
170954 73
171034 74
171056 75
171093 76
171164 77
171164 78
171200 77
171209 78
171231 79
171258 78
171283 79
171340 80
171389 81
171389 80
171417 79
171462 80
171542 79
171645 80
171692 79
171697 80
171741 79
171746 78
171746 77
171801 76
171802 75
171822 76
171895 77
172021 76
172069 77
172082 76
172182 77
172234 78
172279 79
172304 80
172328 81
172332 80
172440 79
172453 80
172453 81
172577 80
172641 81
172664 80
172681 79
172690 78
172711 77
172758 78
172765 79
172845 80
172847 81
172915 80
173164 79
173181 78
173186 77
173192 76
173197 75
173219 74
173237 75
173295 74
173348 73
173357 72
173477 71
173554 72
173567 73
173602 74
173606 75
173691 76
173765 77
173775 78
173781 77
173793 76
173881 77
173883 78
173946 79
174012 80
174029 79
174048 80
174089 81
174173 82
174297 81
174332 80
174344 79
174403 78
174410 77
174417 78
174444 77
174502 78
174646 77
174677 78
174774 79
174793 80
174797 79
174829 80
174851 79
174859 78
175029 77
175061 78
175061 79
175064 80
175079 81
175153 80
175168 81
175181 80
175234 79
175271 80
175337 81
175373 80
175445 79
175460 78
175489 79
175501 80
175551 81
175682 80
175699 79
175729 78
175826 77
175865 76
175871 77
175886 76
176002 77
176081 78
176133 79
176369 80
176377 79
176459 80
176463 81
176511 80
176515 79
176533 80
176569 79
176573 80
176623 79
176652 80
176663 79
176702 80
176783 81
176811 80
176905 79
177040 78
177052 77
177224 78
177359 77
177422 78
177425 79
177466 80
177483 79
177493 78
177506 77
177555 78
177566 79
177587 78
177625 77
177763 78
177798 79
177881 80
177904 81
177932 82
177937 83
177969 82
177991 83
177994 82
178006 81
178118 80
178160 79
178289 78
178320 79
178376 78
178392 79
178443 78
178446 77
178455 78
178474 77
178499 78
178505 77
178625 76
178673 77
178765 76
178792 75
178797 76
178845 77
178988 76
179036 75
179082 74
179109 73
179131 74
179208 75
179264 76
179293 77
179300 76
179349 77
179401 76
179457 77
179482 78
179488 77
179492 76
179538 77
179558 78
179668 79
179671 80
179693 81
179697 80
179699 81
179822 82
179833 81
179956 80
180053 81
180086 80
180129 81
180221 80
180225 79
180226 78
180231 77
180239 76
180330 75
180385 74
180417 75
180446 76
180591 75
180597 76
180625 77
180641 76
180660 77
180704 78
180728 79
180735 80
180756 79
180757 80
180897 81
180927 82
181086 83
181194 82
181223 81
181283 80
181284 81
181324 82
181333 81
181346 80
181391 79
181485 78
181503 77
181567 78
181648 79
181667 80
181777 79
181828 80
181840 79
181901 80
181904 81
181942 82
181963 81
181964 80
181965 79
181991 78
182095 77
182119 76
182126 75
182159 76
182196 75
182201 76
182233 75
182421 76
182473 77
182474 78
182478 77
182492 78
182515 79
182552 80
182578 79
182600 80
182604 79
182699 80
182745 81
182761 80
182802 81
182866 80
182887 79
182975 80
182979 79
182987 80
183078 79
183081 80
183187 79
183193 78
183234 79
183295 80
183296 79
183451 78
183461 79
183484 78
183560 79
183646 80
183789 79
183874 80
183945 81
183978 80
184001 81
184029 82
184037 83
184098 82
184132 81
184195 80
184222 81
184313 80
184359 81
184409 80
184422 79
184465 78
184466 77
184545 76
184624 77
184779 76
184783 75
184789 74
184819 73
184821 74
184865 75
184904 74
184910 75
185051 74
185061 75
185081 76
185089 77
185264 78
185290 77
185292 78
185293 79
185293 80
185299 79
185374 80
185417 81
185445 82
185456 81
185527 80
185534 79
185666 78
185753 77
185763 76
185788 75
185809 74
185825 73
185846 74
185900 75
186021 76
186085 77
186112 78
186135 77
186186 78
186213 79
186219 78
186312 77
186378 78
186453 77
186479 78
186528 77
186567 78
186632 77
186633 76
186731 77
186743 78
186776 77
186790 78
186792 79
186865 78
186873 79
186902 78
186935 77
187009 76
187049 75
187055 74
187058 73
187153 72
187178 73
187273 74
187313 75
187333 74
187440 75
187476 76
187533 77
187567 78
187568 77
187610 78
187618 79
187649 78
187686 79
187733 80
187746 79
187895 78
187901 79
187950 80
187970 81
187993 82
188047 81
188253 80
188309 79
188320 78
188331 77
188366 78
188437 77
188445 76
188453 77
188491 76
188587 77
188706 76
188708 77
188721 76
188732 75
188732 74
188905 75
188985 76
189048 75
189065 76
189083 77
189113 78
189287 79
189385 80
189391 81
189392 82
189537 81
189652 82
189653 83
189735 84
189760 83
189762 82
189805 81
189925 80
189932 79
189936 80
190012 81
190031 82
190057 83
190107 82
190147 81
190242 82
190293 81
190397 80
190414 81
190519 80
190526 79
190569 80
190578 79
190654 78
190665 79
190857 78
190953 79
190968 80
191005 81
191116 82
191194 83
191226 84
191229 83
191345 82
191440 83
191604 82
191691 81
191701 80
191724 79
191724 80
191875 79
191898 78
191925 79
191951 78
191971 77
191972 76
191976 75
191978 74
191994 75
192001 76
192017 75
192066 74
192090 73
192091 72
192104 73
192106 74
192178 75
192189 74
192190 74
192193 73
192199 73
192200 72
192200 71
192201 71
