60018 59
60038 58
60066 59
60067 60
60078 60
60078 60
60083 61
60084 60
60086 60
60086 59
60140 60
60145 59
60225 60
60246 59
60256 60
60269 60
60279 59
60294 60
60302 59
60321 60
60321 61
60338 60
60344 61
60351 62
60376 63
60385 62
60385 61
60389 60
60396 59
60402 60
60410 61
60418 60
60433 59
60435 60
60445 61
60448 62
60449 63
60455 62
60465 62
60473 61
60480 60
60480 59
60481 58
60524 59
60542 60
60542 61
60546 62
60550 61
60557 61
60582 62
60608 63
60609 64
60614 63
60761 64
60770 65
60781 64
60783 63
60799 64
60809 65
60873 64
60886 63
60891 64
60891 65
60895 64
60973 65
60981 64
60993 63
61016 64
61021 65
61022 64
61022 63
61031 62
61032 62
61035 61
61036 60
61036 59
61044 60
61078 61
61090 62
61127 61
61133 60
61165 61
61167 62
61222 63
61223 64
61239 63
61248 64
61254 65
61262 64
61267 65
61275 64
61290 65
61315 66
61338 67
61370 68
61379 67
61394 66
61470 65
61470 64
61482 63
61494 64
61518 63
61521 64
61528 63
61530 64
61538 63
61547 64
61549 63
61553 62
61605 63
61606 64
61640 65
61652 66
61652 65
61675 66
61705 67
61739 68
61748 67
61782 66
61784 67
61790 68
61792 67
61855 66
61872 65
61874 66
61882 65
61899 66
61911 65
61914 64
61938 65
61946 64
61954 65
61961 64
61975 65
61982 64
61989 65
62018 66
62026 67
62094 68
62099 69
62117 68
62121 67
62174 68
62174 69
62224 68
62278 69
62286 68
62286 67
62334 68
62397 69
62402 68
62415 67
62419 68
62422 67
62426 66
62426 65
62429 66
62465 67
62537 68
62577 69
62592 68
62610 69
62626 70
62627 71
62631 72
62634 73
62658 74
62682 73
62682 72
62682 73
62682 72
62682 71
62688 72
62697 71
62704 70
62705 69
62710 68
62710 67
62714 66
62742 67
62743 66
62750 65
62766 64
62800 65
62804 66
62815 65
62817 64
62821 63
62842 62
62868 63
62881 62
62882 63
62884 63
62885 62
62890 61
62890 60
62890 59
62903 58
62938 59
62946 59
62999 59
63006 58
63026 57
63034 58
63065 59
63088 60
63094 61
63097 60
63102 61
63107 60
63133 61
63196 62
63212 63
63226 64
63253 65
63294 66
63294 65
63308 64
63309 64
63324 65
63324 66
63337 67
63340 68
63366 69
63392 68
63426 69
63482 68
63515 69
63517 68
63517 67
63518 66
63519 65
63522 66
63524 65
63528 64
63528 63
63530 64
63533 63
63537 63
63542 64
63549 63
63550 62
63552 61
63563 60
63596 61
63598 62
63601 63
63614 62
63617 61
63618 60
63626 59
63654 60
63654 61
63658 60
63664 59
63665 58
63682 59
63722 60
63851 61
63870 60
63893 59
63903 60
63906 59
63906 58
63910 57
63949 58
63951 59
63958 58
63964 58
63967 57
63994 58
63995 59
64021 60
64036 60
64046 59
64078 58
64079 57
64079 58
64081 58
64082 58
64082 57
64082 58
64085 57
64086 57
64088 56
64092 57
64139 58
64171 59
64174 59
64174 60
64179 59
64221 60
64231 61
64234 60
64240 59
64240 58
64243 57
64246 58
64249 59
64278 60
64326 61
64331 62
64333 62
64341 61
64388 62
64407 63
64429 62
64430 61
64445 60
64460 61
64478 61
64486 60
64493 60
64521 61
64548 62
64556 61
64599 60
64604 61
64607 61
64614 60
64626 61
64654 62
64670 61
64674 62
64700 63
64700 64
64709 63
64715 64
64715 63
64720 64
64721 63
64726 63
64731 64
64783 65
64800 66
64811 66
64829 67
64831 66
64835 67
64839 66
64846 67
64852 66
64880 67
64890 68
64961 69
64966 68
64971 69
64983 70
64988 69
64990 70
65031 69
65043 70
65083 69
65114 68
65146 69
65155 70
65196 71
65251 72
65253 71
65255 70
65274 69
65304 70
65306 69
65311 68
65313 67
65316 66
65317 66
65319 65
65321 66
65358 67
65369 68
65475 67
65482 68
65507 69
65515 68
65518 67
65518 66
65521 65
65566 66
65573 67
65580 66
65584 67
65587 68
65593 67
65593 66
65619 67
65620 68
65626 69
65633 68
65633 67
65707 68
65752 69
65752 70
65759 69
65807 70
65828 69
65893 70
65896 69
65897 68
65898 67
65904 68
65945 67
65955 66
65955 65
65959 66
65967 67
66033 66
66042 67
66046 68
66069 69
66078 68
66095 69
66158 70
66162 69
66190 70
66204 69
66211 70
66284 69
66298 70
66337 71
66338 70
66340 69
66341 68
66346 69
66374 70
66374 71
66377 70
66378 69
66389 68
66436 67
66438 68
66456 67
66458 68
66459 67
66466 66
66466 65
66467 66
66468 65
66470 64
66474 63
66474 62
66475 61
66534 62
66541 61
66542 61
66600 62
66603 63
66610 62
66620 61
66620 61
66623 60
66624 59
66698 58
66705 57
66722 56
66740 57
66742 58
66749 57
66760 58
66788 59
66799 60
66851 61
66858 60
66866 61
66904 62
66913 63
66915 62
66917 61
66976 62
66991 63
67030 64
67032 65
67038 64
67038 63
67038 62
67039 61
67039 60
67042 61
67053 62
67097 63
67111 64
67124 63
67126 64
67133 63
67158 62
67217 63
67220 64
67229 65
67233 66
67234 67
67283 66
67285 67
67293 66
67365 67
67432 68
67448 69
67454 70
67459 71
67463 70
67489 69
67505 68
67506 68
67519 67
67555 68
67580 69
67598 70
67609 71
67612 70
67634 71
67654 70
67700 69
67729 70
67730 71
67738 70
67743 69
67745 68
67746 69
67786 70
67789 71
67794 70
67797 69
67817 68
67922 67
67930 66
67961 67
67962 68
68022 67
68025 68
68079 69
68112 70
68170 71
68183 70
68210 71
68210 72
68264 71
68302 70
68304 69
68305 70
68355 71
68407 72
68418 73
68428 72
68470 73
68521 72
68562 71
68567 72
68575 71
68588 72
68596 71
68601 70
68617 69
68619 70
68637 71
68640 70
68692 71
68731 72
68766 73
68859 74
68862 73
68862 74
68865 73
68890 72
68891 71
68896 70
68980 71
68994 72
69082 71
69091 72
69098 71
69126 72
69201 73
69212 74
69234 73
69274 72
69280 73
69347 72
69351 73
69356 72
69367 73
69388 74
69397 75
69418 74
69471 73
69483 74
69488 75
69514 76
69530 77
69549 78
69602 77
69625 78
69723 79
69811 78
69838 77
69937 76
70002 75
70022 76
70028 77
70119 76
70173 77
70187 76
70201 77
70214 78
70228 79
70239 78
70253 79
70256 80
70318 79
70498 80
70526 79
70565 80
70566 79
70584 78
70605 79
70622 78
70690 77
70703 76
70710 77
70854 78
70860 77
70865 78
70871 79
70893 80
70924 79
70963 78
70986 79
70998 80
71259 81
71270 80
71331 79
71353 78
71494 77
71561 78
71657 79
71736 80
71757 79
71894 80
71903 81
71946 82
71996 83
72230 82
72282 83
72443 82
72497 83
72511 82
72521 81
72610 80
72707 79
72711 78
72722 79
72759 78
72778 77
72825 78
72918 79
72928 80
72942 79
72979 78
72982 79
73030 80
73108 79
73123 78
73136 79
73158 78
73311 79
73353 80
73410 79
73492 78
73554 79
73556 78
73752 77
73821 76
73826 77
73898 78
73917 79
73957 78
73966 79
74062 78
74112 77
74160 78
74175 79
74195 78
74206 77
74254 78
74263 77
74331 76
74381 75
74459 74
74558 75
74581 76
74582 75
74589 74
74682 75
74684 74
74779 75
74780 76
74824 75
74867 76
74904 77
75019 76
75059 77
75202 78
75254 77
75293 78
75374 77
75387 78
75401 79
75477 80
75510 79
75557 80
75589 81
75590 82
75690 81
75710 82
75715 81
75730 80
75783 79
75825 80
75908 81
75940 80
75953 81
76065 80
76083 79
76116 78
76147 79
76198 78
76226 77
76235 76
76319 77
76417 76
76434 75
76462 76
76463 75
76528 76
76529 77
76579 76
76609 77
76650 76
76658 77
76669 78
76676 77
76676 76
76690 75
76786 74
76813 75
76934 74
76938 73
76951 74
76957 73
77021 72
77082 71
77098 72
77117 73
77146 74
77158 73
77178 74
77184 75
77263 74
77265 73
77342 74
77370 75
77375 76
77390 77
77419 76
77455 77
77578 76
77590 77
77610 76
77625 77
77669 76
77683 77
77711 78
77739 77
77743 78
77794 79
77833 80
77967 79
77980 80
78036 79
78058 78
78137 77
78162 78
78172 77
78243 76
78278 75
78341 76
78358 77
78377 76
78380 75
78504 76
78674 75
78681 74
78682 75
78709 74
78802 73
78825 74
78836 75
78851 76
78884 77
78934 78
78943 79
78983 80
79012 79
79139 78
79161 79
79198 80
79280 79
79298 80
79421 81
79427 80
79427 79
79490 80
79515 79
79518 80
79630 81
79648 80
79882 81
79908 80
79909 79
79929 78
79945 79
79993 80
80012 79
80154 78
80157 79
80192 78
80262 77
80268 76
80290 77
80402 78
80424 77
80431 78
80446 79
80454 78
80533 77
80555 78
80604 77
80631 76
80667 77
80713 78
80759 77
80812 76
80845 75
80866 74
80896 73
80902 74
80924 75
80925 74
81127 75
81169 76
81214 77
81228 78
81298 79
81356 80
81511 81
81519 82
81529 83
81592 84
81665 85
81754 84
81808 85
81929 86
81943 85
81981 84
82023 83
82077 82
82087 81
82138 80
82419 79
82472 80
82491 81
82520 80
82597 81
82723 80
82728 79
82774 78
82794 79
82822 80
82842 79
82963 80
82980 79
82998 78
83135 77
83137 78
83158 79
83192 78
83198 77
83267 76
83283 77
83426 78
83439 79
83508 78
83515 77
83520 76
83572 75
83575 76
83612 77
83647 78
83692 77
83734 78
83795 79
83824 78
83831 77
83871 76
83882 75
83990 76
83993 75
83998 74
84045 75
84061 74
84087 75
84101 74
84151 73
84152 74
84153 75
84209 76
84209 77
84217 78
84246 77
84284 78
84312 77
84332 78
84436 79
84470 78
84519 77
84581 78
84602 77
84621 76
84662 77
84697 78
84718 79
84764 80
84805 81
84806 80
84858 79
84881 78
84914 77
84948 78
84950 79
84992 78
85100 77
85105 76
85110 75
85136 74
85186 75
85275 76
85283 77
85439 76
85471 77
85494 78
85495 79
85539 80
85584 79
85663 80
85771 81
85791 80
85854 81
85916 82
85935 83
85959 84
85966 85
86130 84
86195 83
86223 82
86319 83
86330 82
86374 81
86389 80
86394 81
86520 80
86607 79
86627 80
86713 79
86777 78
86799 77
86829 78
86843 79
86969 78
86992 77
87015 78
87017 77
87086 76
87151 77
87175 76
87199 75
87203 74
87223 73
87227 72
87231 73
87239 74
87243 73
87344 72
87367 73
87404 72
87477 73
87574 72
87588 73
87589 74
87733 75
87768 76
87795 75
87799 74
87850 75
87863 76
87951 75
87952 74
87981 75
87987 76
87993 77
87996 78
88003 79
88067 80
88096 79
88195 78
88223 79
88235 80
88292 79
88319 80
88328 81
88352 80
88376 79
88423 78
88460 77
88479 78
88500 79
88686 78
88743 77
88749 78
88775 77
88800 78
88803 77
88837 78
88909 79
88915 78
88935 79
88973 80
89045 81
89087 80
89111 81
89124 82
89137 83
89147 82
89161 81
89228 80
89433 79
89475 78
89556 77
89639 78
89689 79
89701 80
89759 81
89871 82
89894 83
89900 82
89915 81
89931 82
89993 81
90064 80
90105 79
90120 78
90183 77
90256 78
90263 79
90362 78
90381 77
90404 76
90522 77
90546 76
90573 77
90581 78
90601 79
90629 78
90725 77
90752 78
90776 77
90809 76
90882 77
90934 76
90950 75
90964 76
90964 77
90979 78
91015 77
91035 78
91058 79
91106 78
91139 77
91146 78
91157 79
91178 78
91260 77
91266 78
91292 77
91318 78
91343 79
91527 80
91614 81
91618 82
91675 81
91754 82
91809 81
91867 80
91887 79
91895 78
91959 79
91965 78
92001 77
92021 76
92024 75
92059 74
92070 75
92088 74
92093 75
92199 76
92212 75
92327 76
92360 75
92407 74
92464 75
92473 76
92475 75
92498 74
92519 73
92588 74
92605 75
92612 74
92618 73
92692 72
92695 73
92700 72
92748 73
92816 72
92867 71
92897 72
92900 73
92901 74
92927 75
92932 74
92960 75
93009 76
93023 77
93031 76
93066 77
93114 76
93206 77
93206 76
93248 77
93285 78
93315 79
93331 78
93394 79
93410 80
93438 79
93521 78
93527 77
93543 76
93550 75
93632 74
93655 73
93800 74
93820 75
93823 76
93883 75
93883 74
93919 73
93974 74
93980 73
93983 74
94151 75
94201 76
94202 77
94243 76
94320 77
94364 76
94378 77
94396 78
94407 79
94467 80
94492 81
94584 82
94666 81
94682 80
94693 79
94715 80
94715 81
94741 80
94915 79
94947 80
94959 79
94963 78
94988 77
95031 76
95091 75
95186 74
95227 73
95239 74
95258 75
95283 74
95327 73
95370 74
95435 73
95453 74
95478 75
95536 76
95739 75
95776 76
95782 77
95838 76
95855 77
95872 76
95876 77
95951 78
96044 79
96075 80
96100 79
96111 80
96123 79
96123 80
96206 81
96211 82
96217 81
96219 80
96246 79
96328 78
96328 77
96367 76
96380 75
96410 76
96439 75
96466 74
96491 75
96499 76
96547 75
96581 74
96616 73
96699 72
96780 73
96811 72
96850 73
96877 72
96891 71
96914 70
96933 71
96938 72
96967 73
97018 72
97027 71
97110 70
97133 71
97139 72
97147 71
97199 72
97202 73
97267 74
97297 75
97336 76
97390 77
97407 78
97411 79
97464 80
97475 81
97479 80
97479 81
97619 80
97634 81
97666 80
97697 79
97720 78
97720 79
97795 80
97809 79
97827 78
97864 79
97950 78
97991 77
98007 78
98061 77
98143 76
98152 75
98223 76
98231 77
98262 76
98290 77
98303 78
98317 77
98324 76
98347 75
98359 74
98386 73
98395 74
98435 73
98557 74
98586 75
98650 76
98695 77
98701 76
98813 75
98826 74
98835 75
98848 76
98849 75
98978 76
99032 77
99051 78
99080 79
99091 80
99173 79
99199 80
99256 79
99313 80
99389 79
99459 78
99497 79
99507 78
99557 77
99562 78
99589 77
99671 78
99707 77
99710 76
99724 77
99737 76
99773 75
99826 76
99862 77
99892 76
99968 75
100018 76
100034 77
100040 76
100051 75
100062 74
100075 73
100081 74
100136 75
100155 76
100167 77
100221 76
100251 77
100317 76
100475 75
100550 74
100591 75
100621 76
100621 75
100722 76
100780 77
100823 78
100871 77
100903 78
100924 77
100933 78
100970 79
100986 80
101012 81
101018 80
101056 81
101105 80
101111 79
101114 80
101139 81
101283 80
101284 79
101327 78
101399 77
101492 78
101528 79
101572 78
101586 79
101589 80
101597 79
101655 78
101702 77
101733 78
101735 79
101841 80
101874 79
101909 80
102013 79
102053 80
102083 79
102101 78
102117 77
102139 78
102148 77
102183 78
102208 77
102259 76
102272 77
102332 76
102439 75
102439 76
102495 77
102523 78
102674 79
102767 80
102767 79
102768 80
102862 79
102897 80
102937 81
102972 82
103133 81
103179 80
103179 79
103215 78
103217 77
103240 76
103261 75
103295 76
103419 77
103510 76
103591 75
103599 76
103763 77
103866 76
103876 75
103880 74
103899 75
103900 76
103990 75
104011 74
104073 75
104099 74
104107 75
104168 76
104186 77
104243 78
104321 79
104344 78
104400 79
104463 80
104471 79
104614 80
104626 81
104641 80
104719 79
104727 78
104787 79
104791 80
104822 79
104843 78
104849 79
104887 80
104899 79
104917 80
104944 79
105067 80
105067 81
105086 80
105109 79
105175 78
105299 77
105373 78
105422 79
105458 78
105501 77
105535 78
105543 77
105569 78
105628 79
105637 78
105643 77
105644 76
105644 75
105648 74
105650 73
105671 72
105752 71
105755 72
105775 71
105827 72
105839 71
105854 70
105887 71
105889 70
105896 71
105907 70
105919 69
105956 70
105959 71
106004 70
106113 71
106135 70
106163 71
106237 72
106268 73
106296 74
106308 75
106328 74
106392 75
106395 74
106401 73
106439 74
106443 75
106457 74
106472 75
106479 76
106482 75
106490 76
106492 75
106500 74
106512 75
106539 74
106541 73
106549 72
106551 71
106558 72
106596 71
106604 72
106628 71
106652 72
106662 73
106680 72
106692 72
106698 71
106720 72
106735 71
106754 70
106862 71
106867 70
106885 69
106890 68
106895 67
106911 66
106911 65
106979 64
107031 65
107034 64
107041 63
107062 62
107099 63
107104 64
107105 63
107107 62
107150 63
107168 64
107181 64
107184 63
107186 63
107191 62
107195 63
107195 62
107195 61
107196 60
107202 61
107219 62
107228 61
107285 62
107295 61
107295 60
107331 61
107335 60
107335 59
107335 58
107335 57
107401 56
107411 57
107418 56
107448 57
107461 56
107471 57
107479 56
107479 55
107479 54
107489 55
107504 56
107509 55
107510 54
107512 53
107518 54
107523 55
107552 56
107622 57
107623 56
107624 57
107629 56
107633 57
107635 56
107654 57
107657 58
107657 59
107663 60
107671 61
107672 62
107679 61
107726 62
107753 63
107807 62
107809 61
107811 60
107821 61
107831 60
107839 59
107861 58
107894 59
107932 60
107935 61
107935 62
107936 63
107944 62
107944 61
107966 60
108001 61
108015 62
108018 63
108031 64
108031 65
108035 64
108035 63
108047 62
108092 63
108098 64
108103 65
108120 64
108125 63
108127 62
108127 61
108132 62
108161 63
108217 64
108224 63
108229 62
108247 63
108279 62
108279 63
108306 64
108307 63
108319 64
108321 63
108326 64
108338 63
108339 64
108355 63
108364 62
108370 61
108395 60
108395 59
108411 58
108428 59
108452 58
108467 59
108485 60
108563 61
108568 62
108571 61
108572 60
108603 61
108609 62
108619 63
108624 62
108626 63
108628 64
108633 63
108633 62
108643 61
108673 62
108695 61
108732 60
108746 61
108779 62
108799 63
108852 64
108862 65
108874 66
108922 67
108945 68
108955 67
108957 68
108991 69
108992 70
109020 69
109046 70
109071 71
109075 72
109075 73
109144 74
109147 75
109157 74
109231 73
109238 74
109239 75
109282 76
109304 77
109320 76
109323 75
109331 76
109375 77
109383 78
109386 79
109451 78
109483 79
109529 78
109578 79
109594 78
109623 79
109642 78
109685 77
109688 78
109702 77
109784 76
109808 75
109823 74
109833 75
109850 76
109899 75
110056 74
110148 73
110197 74
110209 75
110323 76
110390 77
110391 78
110407 79
110476 78
110491 79
110565 80
110581 79
110598 80
110640 79
110713 78
110725 77
110734 78
110787 77
110851 76
110851 77
110863 78
110888 77
110925 76
110936 75
110939 74
110988 73
110991 72
111026 71
111036 72
111049 73
111050 74
111164 75
111224 74
111234 75
111319 76
111387 75
111508 76
111523 75
111527 74
111542 75
111710 76
111741 77
111742 78
111795 79
111816 78
111819 77
111827 76
111895 77
112027 78
112068 77
112074 78
112101 77
112102 78
112115 77
112122 78
112126 77
112191 78
112366 77
112499 76
112533 77
112535 76
112547 77
112563 78
112674 77
112699 78
112703 77
112765 78
112779 79
112801 78
112883 77
112931 76
112939 77
112956 76
112959 77
113123 78
113172 79
113200 80
113200 79
113235 78
113297 77
113368 78
113391 77
113391 76
113403 77
113442 78
113463 77
113529 78
113563 79
113585 78
113624 77
113630 78
113647 79
113824 80
113870 81
113892 82
113908 81
113910 80
113950 79
114003 80
114043 81
114050 80
114051 79
114149 78
114196 79
114245 80
114307 79
114347 80
114354 79
114463 78
114506 79
114703 80
114706 81
114799 82
114903 81
114909 82
114957 81
114969 80
115026 79
115133 78
115238 79
115245 78
115306 79
115335 80
115355 79
115478 78
115479 77
115482 76
115532 75
115614 74
115699 73
115782 74
115786 75
115833 76
115931 77
116006 76
116007 77
116027 76
116038 77
116069 76
116076 77
116113 78
116159 79
116167 78
116386 77
116395 78
116467 77
116497 78
116499 77
116575 76
116591 75
116609 74
116670 73
116674 72
116693 73
116708 74
116769 75
116817 74
116818 75
116897 76
116927 77
116951 76
116992 77
117021 78
117121 77
117136 78
117139 79
117151 80
117210 79
117286 78
117409 77
117421 78
117453 79
117459 78
117767 79
117848 80
117865 79
117885 78
117885 77
117901 78
117935 79
117997 78
118007 79
118009 78
118075 77
118086 76
118163 77
118306 78
118307 77
118327 76
118487 75
118545 76
118585 77
118599 76
118617 75
118619 76
118673 75
118681 76
118740 77
118748 76
118766 75
118769 74
118783 75
118803 76
118947 77
118996 78
119042 77
119105 78
119190 77
119235 76
119262 77
119308 78
119352 79
119471 78
119502 77
119511 78
119568 77
119571 76
119667 77
119709 78
119779 77
119868 78
119873 79
119879 80
119914 79
119915 78
119971 77
120004 76
120077 77
120103 76
120168 77
120174 78
120452 77
120478 76
120520 75
120528 76
120572 75
120579 76
120588 75
120614 76
120644 75
120649 76
120650 75
120783 76
120827 77
120883 78
120901 77
120911 78
120917 77
121000 78
121027 77
121051 78
121055 77
121069 76
121178 75
121208 74
121273 75
121299 76
121407 77
121462 78
121515 79
121531 80
121576 79
121580 80
121584 81
121679 80
121743 79
121749 78
121784 77
121785 76
121794 77
121823 76
121830 77
121966 78
122046 77
122082 78
122092 77
122103 76
122108 75
122308 76
122320 75
122347 76
122351 77
122387 78
122391 77
122459 76
122482 75
122491 76
122644 77
122667 76
122691 75
122777 74
122787 73
122815 72
122841 73
122869 74
122895 73
122925 74
122943 75
122943 76
122979 77
123072 78
123284 79
123560 78
123614 77
123778 78
123783 79
123807 78
123812 77
123834 78
123931 79
123950 80
124062 81
124063 80
124165 79
124207 80
124284 81
124286 80
124360 79
124370 80
124482 81
124497 80
124502 79
124534 80
124659 81
124735 80
124738 79
124783 80
124841 81
125060 80
125079 79
125081 80
125139 81
125185 82
125195 83
125259 82
125271 81
125301 80
125349 81
125350 80
125354 79
125423 78
125447 77
125455 78
125466 77
125657 76
125664 77
125749 76
125794 75
125805 74
125837 73
125863 72
125910 71
125930 70
125979 71
125992 70
126031 71
126031 70
126047 71
126099 72
126101 73
126151 74
126212 75
126219 74
126232 73
126291 74
126293 75
126334 76
126342 77
126350 78
126385 79
126470 80
126472 81
126520 82
126861 81
126920 80
126926 79
126929 78
126948 77
126967 78
126972 77
127002 76
127066 75
127128 76
127137 77
127153 76
127179 75
127186 76
127261 75
127306 76
127354 77
127426 76
127487 77
127511 76
127515 77
127518 76
127563 75
127647 76
127652 75
127663 74
127674 75
127723 76
127776 77
127802 78
127894 79
127901 78
127942 77
127974 76
127997 77
128060 76
128092 77
128101 78
128117 79
128227 80
128307 79
128364 78
128412 77
128455 76
128472 75
128545 76
128681 77
128685 78
128705 77
128758 76
128758 77
128785 76
128815 75
128832 76
128848 75
128854 76
129024 77
129033 78
129047 77
129051 78
129059 77
129081 78
129314 79
129452 80
129552 79
129613 80
129623 79
129677 80
129791 79
129798 78
129863 77
129897 76
129963 75
130027 76
130062 77
130070 76
130116 75
130155 74
130171 73
130173 74
130203 75
130215 74
130268 73
130308 74
130311 73
130343 74
130344 73
130520 72
130547 73
130583 72
130611 73
130624 72
130631 73
130643 74
130689 75
130715 74
130719 75
130727 76
130777 75
130805 74
130811 75
130850 76
130933 77
130947 78
131029 79
131093 80
131127 81
131130 82
131154 81
131223 82
131307 81
131354 80
131376 79
131391 78
131411 77
131513 78
131536 79
131559 80
131635 81
131648 80
131664 81
131804 82
132141 83
132218 82
132237 81
132283 80
132317 81
132388 82
132426 83
132461 82
132503 81
132539 80
132743 79
132759 78
132859 77
132873 78
132918 79
133001 80
133016 79
133043 78
133065 79
133151 78
133171 79
133268 80
133282 81
133528 82
133551 81
133606 80
133622 79
133813 80
133847 81
133883 82
133887 83
133925 84
133965 83
133981 82
133983 81
134003 82
134134 81
134239 80
134320 79
134335 78
134388 77
134402 76
134415 75
134443 74
134569 75
134593 74
134611 75
134620 76
134638 77
134663 76
134731 75
134732 76
134833 77
134868 76
134879 75
134883 74
134890 75
134979 76
135044 77
135094 76
135115 75
135181 74
135184 73
135237 72
135247 71
135254 70
135299 69
135337 70
135382 69
135383 70
135495 71
135512 72
135591 73
135629 74
135643 73
135643 74
135658 73
135674 74
135718 73
135734 72
135827 73
135877 74
135904 75
135919 76
135931 77
135939 78
135944 79
135964 80
135988 81
136062 82
136096 83
136167 84
136206 85
136294 84
136355 83
136433 82
136475 81
136556 80
136559 79
136569 78
136701 77
136890 76
136951 77
136966 76
136970 75
137008 76
137047 77
137090 78
137095 77
137163 78
137193 79
137217 78
137344 77
137367 76
137414 77
137421 78
137443 79
137529 78
137551 77
137631 78
137650 79
137656 80
137669 81
137774 80
137848 79
137883 80
137899 81
137959 80
137999 79
138004 78
138034 77
138059 78
138077 79
138220 80
138351 81
138453 80
138456 79
138483 78
138485 79
138500 80
138686 79
138743 78
138888 77
138892 78
138914 79
138944 80
138947 79
138973 78
139022 77
139052 78
139119 79
139175 80
139203 79
139278 78
139317 79
139337 80
139379 79
139453 78
139483 77
139489 78
139512 77
139587 76
139626 77
139629 76
139695 77
139739 78
139875 79
139922 80
139929 81
139935 80
140002 79
140031 80
140068 79
140121 80
140191 79
140195 80
140315 79
140423 80
140485 79
140488 78
140501 77
140625 76
140648 77
140787 78
140815 77
140877 78
140982 79
141002 80
141007 81
141027 82
141165 83
141268 82
141301 83
141354 82
141481 81
141488 80
141519 81
141743 82
141769 83
141769 82
141983 81
142024 80
142151 79
142289 78
142365 77
142452 78
142494 77
142531 76
142532 77
142542 78
142604 77
142615 76
142661 75
142675 76
142765 77
142804 78
142837 79
142881 78
142907 79
142961 78
143059 79
143109 78
143169 79
143205 78
143293 79
143299 78
143329 77
143383 76
143406 77
143410 78
143412 79
143432 80
143531 79
143570 80
143643 79
143712 80
143720 79
143726 78
143951 79
143962 78
143968 77
144135 78
144155 77
144161 76
144202 77
144373 78
144381 77
144398 76
144424 75
144444 76
144473 77
144628 76
144661 77
144694 76
144717 75
144756 74
144867 73
144874 72
144875 73
144907 74
144919 75
144962 76
145087 75
145106 74
145160 75
145160 76
145204 77
145313 78
145322 79
145409 80
145435 79
145510 78
145524 77
145538 78
145552 77
145622 78
145653 79
145676 78
145747 77
145775 76
145871 75
145889 74
145916 75
145918 76
145965 77
145986 76
146012 75
146060 74
146136 75
146158 74
146247 75
146257 76
146337 77
146347 78
146425 79
146572 78
146574 79
146634 78
146714 79
146755 80
146767 81
146855 82
146917 81
146934 80
146959 79
146967 78
147018 77
147066 76
147178 75
147193 76
147301 77
147337 78
147380 77
147398 78
147452 77
147464 78
147500 79
147503 78
147516 77
147527 78
147615 77
147670 78
147727 79
147743 80
147746 81
147779 80
147907 81
147919 82
148032 81
148092 82
148265 83
148287 82
148288 81
148315 80
148405 79
148412 78
148636 79
148667 80
148719 81
148721 80
148760 81
148817 80
148889 81
148963 80
148999 79
149058 78
149063 77
149139 76
149198 75
149228 76
149315 75
149325 76
149355 75
149356 74
149489 75
149596 76
149668 77
149692 76
149720 77
149720 78
149886 79
149917 78
149922 77
150003 78
150026 79
150030 80
150087 81
150111 80
150195 79
150308 80
150384 79
150459 80
150483 79
150536 78
150558 79
150579 80
150604 79
150631 78
150707 79
150726 80
150758 79
150933 80
151003 79
151011 80
151019 81
151044 80
151098 81
151105 80
151114 79
151214 78
151269 79
151412 80
151436 81
151448 82
151451 81
151723 82
151765 81
151788 80
151855 81
151858 80
151942 81
151951 80
151972 80
151978 79
152041 80
152047 79
152103 78
152115 77
152131 76
152170 77
152180 76
152183 75
152195 74
152275 75
152306 76
152310 77
152322 76
152356 77
152391 78
152469 79
152488 78
152507 79
152552 80
152561 81
152595 80
152739 81
152768 82
152823 83
152862 82
152884 81
152896 82
152936 81
152965 80
152973 79
153037 80
153272 79
153303 78
153356 79
153441 78
153457 79
153458 78
153496 77
153504 76
153504 75
153609 74
153649 75
153660 76
153660 75
153717 76
153780 77
153799 78
153803 77
153848 76
153920 77
153944 76
154064 75
154066 76
154088 77
154136 76
154157 77
154318 78
154358 79
154362 78
154420 77
154430 78
154465 77
154467 78
154542 77
154584 78
154643 79
154661 80
154724 79
154751 78
154775 77
154780 76
154785 75
154817 74
154912 75
154941 76
155016 75
155046 74
155054 73
155212 74
155226 75
155268 76
155324 77
155333 78
155348 79
155374 80
155404 81
155410 80
155453 79
155456 80
155501 81
155646 80
155652 81
155840 80
155865 79
155889 78
155929 79
156002 78
156016 77
156016 76
156033 77
156039 78
156122 77
156128 76
156244 75
156249 74
156252 73
156264 72
156284 73
156306 72
156359 71
156380 70
156408 71
156408 72
156504 73
156510 74
156616 73
156641 74
156648 73
156661 74
156764 75
156792 76
156865 77
156895 78
156956 79
156964 78
156981 77
156982 78
157058 79
157136 78
157148 77
157204 78
157205 79
157206 78
157368 79
157376 78
157377 77
157415 76
157419 75
157421 74
157457 75
157471 74
157511 75
157565 76
157568 75
157603 74
157632 75
157651 76
157752 77
157789 78
157860 79
157869 80
158096 79
158116 78
158134 79
158255 78
158296 77
158375 78
158380 79
158425 78
158592 79
158608 80
158610 79
158616 80
158636 81
158695 82
158733 83
158812 84
158844 83
158900 82
158903 81
158981 80
159024 79
159044 80
159051 79
159126 78
159129 77
159132 76
159135 77
159178 78
159235 79
159270 78
159279 77
159315 76
159484 77
159507 78
159544 77
159569 78
159572 77
159618 76
159652 75
159738 74
159752 73
159887 72
159908 73
159986 74
160072 75
160108 74
160113 75
160114 74
160184 75
160252 76
160284 77
160290 78
160299 77
160305 78
160392 79
160409 80
160473 79
160478 80
160488 81
160569 82
160572 83
160607 82
160686 81
160699 82
160752 81
160754 80
160854 81
160941 82
161031 81
161132 82
161139 81
161140 80
161140 79
161254 80
161388 79
161397 78
161440 77
161532 78
161652 79
161792 80
161794 79
161900 80
161913 81
161967 80
162175 79
162186 78
162256 79
162375 80
162398 81
162404 80
162442 81
162472 82
162612 81
162733 82
162754 81
162840 80
162875 79
162929 78
162937 77
162955 78
162957 77
163000 78
163018 77
163038 76
163133 75
163136 76
163193 77
163202 76
163211 75
163229 76
163260 75
163280 74
163492 73
163516 72
163516 71
163600 70
163706 69
163707 68
163723 67
163728 66
163739 67
163769 68
163827 69
163832 70
163850 71
163863 70
163865 69
163876 70
163880 69
163892 70
163932 71
163944 70
163960 71
163964 72
163967 73
163972 74
163988 75
164046 76
164072 77
164089 78
164093 79
164138 80
164208 81
164223 80
164244 79
164247 80
164263 81
164365 80
164412 79
164438 80
164466 79
164470 78
164512 77
164600 76
164619 75
164643 74
164690 75
164776 74
164778 73
164782 74
164787 75
164892 76
164900 75
164916 74
164923 75
165002 76
165016 77
165018 78
165055 77
165074 78
165093 77
165112 78
165138 77
165168 78
165227 79
165243 78
165353 77
165396 76
165437 75
165458 76
165481 77
165505 76
165542 77
165603 78
165607 79
165616 78
165645 79
165661 80
165704 81
165820 80
165820 79
165862 78
165880 77
165926 76
165948 77
165990 76
166046 77
166107 76
166144 77
166185 78
166212 79
166298 80
166320 81
166363 80
166369 79
166388 80
166470 79
166696 78
166708 79
166737 80
166790 79
166799 80
166880 79
166883 80
166889 81
166986 80
166988 79
167040 80
167056 79
167089 78
167110 77
167145 76
167261 75
167284 74
167291 75
167304 74
167371 73
167425 74
167484 73
167508 72
167523 73
167540 74
167628 75
167651 76
167654 75
167696 76
167789 77
167801 76
167804 77
167902 76
167903 75
167926 76
167943 77
167958 76
168027 75
168032 76
168088 75
168108 76
168188 77
168204 78
168210 79
168252 78
168280 77
168332 76
168391 75
168468 74
168500 73
168533 74
168547 73
168550 72
168553 71
168581 70
168587 71
168601 72
168650 73
168658 74
168660 75
168665 74
168805 73
168819 74
168825 73
168853 72
168944 73
168945 74
169056 75
169057 76
169094 77
169108 78
169222 77
169251 78
169280 77
169291 76
169318 77
169341 78
169392 77
169400 78
169439 77
169456 78
169466 79
169492 78
169550 77
169584 76
169597 75
169601 76
169662 75
169729 76
169781 77
169795 78
169842 79
170027 78
170074 79
170119 78
170125 79
170139 80
170249 81
170342 80
170400 79
170427 80
170440 79
170535 80
170623 79
170695 78
170713 77
170724 76
170743 77
170854 78
170973 79
170980 80
171009 81
171126 82
171140 83
171164 82
171164 83
171187 82
171238 81
171299 80
171349 81
171364 82
171399 81
171440 82
171480 81
171507 80
171511 79
171658 78
171796 77
171814 78
171816 79
171902 80
171976 79
171987 78
171992 79
172047 80
172115 81
172256 82
172280 83
172299 82
172352 83
172356 82
172463 83
172476 82
172613 83
172624 82
172629 81
172714 80
172768 79
172780 78
172811 77
172916 76
172977 75
173038 74
173094 75
173112 76
173171 77
173204 76
173220 75
173325 76
173479 77
173488 76
173520 77
173583 78
173599 79
173599 80
173606 79
173609 80
173634 79
173638 80
173655 81
173665 82
173791 83
173936 82
174032 83
174108 82
174147 83
174336 82
174414 83
174475 82
174475 81
174500 80
174500 79
174577 78
174589 77
174622 78
174728 79
174744 80
174844 79
174854 78
174890 77
175005 76
175144 77
175172 76
175217 75
175227 76
175265 77
175267 76
175315 75
175324 74
175399 75
175446 74
175506 75
175552 76
175559 77
175601 78
175609 79
175631 80
175700 81
175764 82
175793 83
175818 82
176002 81
176042 82
176070 83
176080 82
176214 81
176356 80
176393 79
176483 78
176543 77
176580 76
176594 77
176606 78
176691 77
176744 78
176758 77
176828 78
176889 77
176952 78
176994 79
177005 80
177056 79
177115 78
177156 79
177201 80
177220 81
177265 82
177316 81
177369 80
177395 81
177447 80
177576 79
177631 78
177632 77
177783 78
177806 77
177836 76
177880 75
177892 74
177901 75
177905 74
177952 75
177954 76
177972 77
177990 78
178037 77
178074 78
178114 77
178121 78
178216 79
178316 80
178322 79
178411 80
178419 81
178426 80
178525 81
178548 82
178574 81
178583 80
178592 79
178593 78
178748 79
178767 80
178911 81
178917 80
179000 79
179022 80
179152 79
179203 80
179223 79
179224 78
179280 77
179339 78
179348 79
179377 78
179588 79
179653 78
179653 77
179667 76
179705 75
179772 74
179779 75
179795 76
179826 77
179877 78
179894 77
179932 78
179979 79
179992 78
179997 79
180000 78
180028 79
180166 80
180198 79
180252 78
180271 79
180291 80
180308 79
180313 80
180388 81
180392 80
180448 79
180692 78
180708 77
180710 76
180717 75
180803 76
180818 75
180880 76
180979 75
181006 76
181016 75
181028 76
181072 77
181108 78
181138 79
181209 80
181219 81
181340 80
181348 79
181399 80
181444 79
181492 78
181586 77
181604 78
181628 77
181692 78
181744 77
181807 78
181824 79
181928 78
182004 79
182088 80
182098 79
182158 80
182208 81
182216 80
182236 81
182312 80
182356 79
182382 78
182384 79
182431 80
182528 81
182532 80
182630 79
182635 78
182740 77
182824 76
182829 77
182875 76
182909 75
182939 76
182987 75
183053 74
183068 73
183073 74
183212 75
183251 76
183308 77
183328 76
183370 75
183372 74
183377 73
183383 74
183421 75
183524 74
183584 73
183631 72
183665 73
183672 72
183683 71
183739 70
183740 69
183748 70
183817 71
183822 70
183846 71
183870 72
183898 73
183953 72
183954 71
184024 72
184085 73
184166 74
184167 75
184173 76
184195 75
184199 76
184200 77
184268 78
184309 79
184330 80
184338 79
184352 80
184356 79
184468 78
184470 77
184525 78
184525 79
184536 78
184641 79
184645 78
184651 77
184656 78
184744 77
184788 76
184868 75
184914 76
184925 75
185012 76
185041 77
185055 76
185080 77
185166 76
185194 75
185197 76
185206 75
185249 76
185286 77
185300 78
185413 79
185421 78
185444 77
185560 78
185608 77
185699 78
185761 77
185763 78
185815 79
185856 78
185867 79
185980 78
185996 77
186015 78
186068 79
186193 78
186278 77
186281 76
186304 75
186425 76
186468 77
186492 78
186497 79
186526 78
186530 77
186531 76
186533 75
186541 74
186543 73
186606 74
186628 73
186677 74
186708 73
186791 74
186880 75
186916 74
186953 73
187044 74
187083 75
187125 76
187131 77
187137 78
187150 77
187152 78
187154 78
187163 77
187163 76
187180 77
187293 76
187320 77
187342 78
187362 79
187493 78
187511 77
187518 76
187524 75
187530 75
187616 74
187657 73
187701 74
187712 73
187726 74
187745 73
187834 74
187876 73
187895 72
188003 71
188038 72
188040 73
188054 72
188100 73
188127 72
188136 73
188168 74
188177 75
188215 76
188220 75
188222 74
188262 73
188283 74
188340 73
188356 74
188376 75
188434 74
188468 73
188481 72
188482 71
188543 72
188553 71
188584 70
188602 69
188606 68
188613 67
188624 68
188672 69
188684 70
188729 69
188748 70
188803 71
188808 70
188847 71
188860 72
188861 71
188865 70
188868 71
188955 70
188962 71
189002 72
189060 73
189064 74
189112 75
189124 74
189156 73
189232 74
189237 75
189246 74
189247 73
189250 72
189256 73
189262 74
189292 73
189359 74
189369 73
189376 74
189412 75
189415 74
189421 74
189426 73
189426 72
189432 71
189476 72
189524 71
189530 70
189531 69
189535 68
189544 68
189562 69
189568 68
189568 67
189575 66
189639 67
189640 66
189640 65
189640 64
189668 65
189669 64
189703 63
189722 64
189729 64
189747 63
189846 64
189851 65
189863 64
189865 65
189915 66
189922 65
189923 64
189944 65
189952 64
189975 63
189994 64
190006 63
190040 64
190050 65
190052 66
190065 67
190093 68
190094 68
190096 67
190098 67
190101 66
190115 67
190164 68
190207 69
190211 68
190217 67
190224 66
190244 67
190267 68
190288 69
190289 70
190297 69
190324 70
190329 69
190332 68
190333 67
190333 66
190422 65
190472 64
190477 63
190484 64
190485 65
190493 64
190532 65
190579 66
190588 67
190598 66
190607 65
190615 66
190628 67
190636 66
190638 67
190640 66
190648 65
190650 64
190650 63
190664 62
190667 61
190667 60
190668 59
190668 58
190672 58
190672 57
190673 56
190673 56
190674 57
190674 56
190688 55
190689 54
190720 55
190748 54
190795 55
190810 54
190860 55
190875 56
190876 55
190882 54
190919 55
190937 56
190938 57
190959 58
190980 59
191012 60
191020 59
191021 58
191021 57
191025 57
191041 57
191043 56
191045 56
191050 55
191097 56
191148 57
191157 56
191173 55
191178 55
191182 56
191185 57
191185 56
191209 57
191215 58
191224 57
191225 57
191226 56
191268 57
191272 58
191273 59
191282 60
191290 59
191293 59
191295 58
191316 59
191324 58
191324 57
191347 58
191369 59
191372 60
191389 59
191394 60
191400 59
191406 58
191447 59
191452 60
191459 59
191463 60
191484 61
191484 60
191484 60
191484 59
191486 58
191530 59
191549 60
191557 59
191569 58
191576 59
191599 58
191604 59
191608 60
191627 61
191657 60
191660 61
191674 62
191684 63
191726 64
191728 65
191777 66
191784 67
191792 66
191809 65
191852 66
191854 67
191856 67
191857 67
191859 67
191861 66
191867 65
191920 64
191925 63
191926 62
191931 63
191973 64
192060 65
192091 66
192096 67
192099 66
192100 65
192116 64
192120 63
192136 62
192140 63
192144 64
192148 63
192148 62
192152 61
192155 60
192168 61
192203 60
192217 61
192224 62
192224 61
192233 62
192270 63
192276 64
192284 63
192302 64
192312 63
192313 62
192332 63
192337 64
192341 65
192343 66
192353 65
192426 66
192464 67
192481 68
192504 67
192515 66
192536 67
192540 66
192540 65
192552 66
192568 65
192568 65
192568 64
192569 63
192604 64
192635 65
192641 66
192656 65
192656 64
192678 65
192705 66
192721 67
192728 66
192761 65
192761 66
192762 65
192768 66
192769 65
192770 64
192776 64
192790 65
192844 66
192872 67
192877 66
192890 65
192896 64
192930 65
192934 66
192935 65
192936 64
192944 63
192955 64
192956 65
192959 64
192988 65
193028 66
193054 65
193083 64
193096 65
193101 64
193101 65
193106 64
193119 65
193130 64
193174 65
193175 64
193177 63
193202 62
193214 63
193216 62
193236 61
193248 62
193255 61
193267 60
193289 61
193304 62
193369 63
193389 64
193420 65
193428 66
193440 67
193454 66
193456 67
193473 66
193492 67
193533 68
193551 69
193552 69
193552 68
193560 67
193627 68
193632 69
193638 70
193652 71
193677 72
193754 73
193761 72
193766 71
193766 72
193772 73
193774 72
193775 72
193807 73
193808 72
193811 71
193811 70
193812 69
193816 68
193840 67
193935 66
193957 67
193977 66
193986 65
193996 66
194002 67
194011 66
194033 65
194040 64
194043 63
194048 62
194049 63
194053 62
194053 63
194097 64
194136 65
194157 66
194161 66
194198 67
194237 68
194249 67
194320 66
194336 67
194388 68
194396 69
194408 68
194440 69
194444 70
194444 69
194444 68
194445 69
194445 69
194445 68
194456 67
194525 68
194528 67
194528 67
194561 66
194563 65
194565 64
194612 63
194632 64
194657 63
194734 64
194743 63
194744 64
194749 63
194751 62
194753 63
194756 64
194760 65
194761 64
194762 63
194767 62
194772 61
194802 62
194808 63
194853 64
194856 63
194856 64
194895 65
194962 66
195000 67
195003 66
195008 65
195028 66
195036 65
195056 66
195072 67
195075 66
195076 65
195076 64
195076 63
195077 62
195077 61
195079 60
195085 59
195124 60
195138 61
195157 62
195164 62
195170 61
195173 62
195174 61
195176 61
195180 60
195196 61
195213 62
195217 63
195221 62
195222 61
195276 62
195276 63
195372 64
195376 63
195439 62
195451 63
195452 62
195454 61
195475 60
195480 61
195481 62
195488 61
195504 60
195508 59
195564 60
195620 61
195645 62
195648 63
195659 64
195669 65
195710 66
195728 67
195733 68
195737 67
195738 66
195744 65
195750 66
195790 67
195798 68
195811 67
195865 68
195869 69
195880 70
195885 69
195890 68
195892 67
195893 66
195894 65
195905 64
195908 65
195959 66
195976 67
196003 68
196016 69
196058 70
196065 71
196107 70
196119 71
196120 70
196141 69
196168 70
196174 69
196184 68
196223 69
196238 70
196254 71
196257 72
196265 71
196266 70
196269 71
196280 70
196288 69
196314 70
196334 69
196339 70
196356 69
196444 70
196496 69
196499 70
196522 69
196542 70
196547 69
196547 68
196548 67
196554 66
196557 66
196570 67
196615 67
196620 66
196646 67
196671 68
196824 67
196828 68
196870 69
196882 68
196886 67
196886 67
196887 66
196891 66
196893 65
196894 64
196895 63
196927 62
196981 63
196987 64
196993 63
197028 64
197052 63
197100 64
197109 65
197116 66
197133 67
197137 66
197150 65
197166 66
197171 66
197177 66
197200 67
197226 66
197229 67
197238 68
197283 69
197296 70
197299 69
197299 68
197306 67
197339 68
197341 69
197347 68
197348 67
197350 67
197357 66
197363 65
197364 66
197364 66
197377 65
197437 66
197439 65
197455 64
197460 63
197493 64
197505 63
197507 64
197514 64
197514 63
197575 64
197588 65
197620 64
197622 65
197626 64
197627 65
197633 64
197651 63
197657 62
197659 61
197669 60
197680 59
197680 58
197685 59
197686 58
197687 59
197697 59
197710 60
197716 59
197747 60
197805 61
197821 62
197902 63
197923 64
197948 65
197968 64
197968 63
197999 64
198005 63
198006 62
198012 61
198016 60
198017 59
198017 59
198050 58
198055 59
198065 60
198075 59
198078 60
198083 61
198092 62
198118 63
198167 64
198187 65
198194 64
198200 63
198205 62
198205 63
198212 62
198236 63
198250 62
198258 61
198260 60
198262 59
198262 60
198287 61
198349 62
198351 63
198369 62
198384 61
198384 60
198393 61
198394 60
198397 59
198400 59
198401 59
198402 58
198408 59
198414 59
198415 58
198425 59
198431 60
198434 61
198486 62
198492 61
198494 60
198495 60
198498 60
198502 60
198512 59
198512 60
198516 59
198530 60
198546 59
198591 58
198594 59
198603 58
198616 57
198640 58
198648 58
198653 57
198660 56
198666 57
198673 58
198681 57
198683 56
198685 56
198716 57
198748 58
198778 59
198781 58
198810 57
198814 58
198822 57
198844 58
198848 57
198851 58
198877 59
198880 60
198885 59
198889 58
198890 57
198897 58
198904 58
198915 57
198916 56
198916 55
198953 56
198989 57
199056 58
