0 0 0 0
4232 0 1 0.1
4309 0 1 0.2
4333 0 1 0.3
4373 0 1 0.4
4377 0 1 0.5
4387 0 1 0.6
4408 0 2 0.7
4415 0 2 0.7
4416 0 2 0.8
4428 0 2 0.9
4429 0 2 1
4436 0 3 1.1
4437 0 3 1
4439 0 3 1.1
4443 0 3 1.1
4444 0 2 1
4452 0 2 1.1
4460 0 2 1.1
4464 0 2 1.2
4471 0 2 1.2
4500 0 2 1.2
4502 0 2 1.3
4522 0 2 1.4
4523 0 2 1.5
4526 0 2 1.6
4544 0 3 1.7
4547 1 3 1.8
4551 1 2 1.7
4575 1 3 1.8
4608 1 4 1.9
4616 1 2 1.7
4640 1 2 1.7
4641 1 2 1.7
4642 1 2 1.7
4645 1 2 1.8
4656 1 2 1.9
4657 1 3 2
4665 1 2 1.9
4669 1 3 2
4745 1 3 2.1
4752 1 4 2.2
4754 1 4 2.3
4759 1 3 2.2
4763 1 3 2.2
4781 1 3 2.3
4790 1 3 2.3
4822 1 3 2.4
4827 1 3 2.5
4831 1 3 2.5
4834 1 3 2.5
4841 1 3 2.6
4842 1 3 2.6
4848 1 4 2.7
4849 1 4 2.7
4864 1 4 2.8
4872 1 5 2.9
4875 2 5 3
4884 2 5 3.1
4895 2 5 3.2
4902 2 5 3.2
4906 2 5 3.2
4913 2 5 3.2
4915 2 5 3.3
4922 2 5 3.2
4936 2 5 3.3
4950 3 5 3.5
4958 3 5 3.5
4959 3 5 3.5
4965 3 5 3.6
4967 3 5 3.7
4974 3 5 3.8
4985 3 5 3.9
4988 3 5 4
4989 3 6 4.1
4990 3 6 4.2
4992 3 6 4.1
4997 3 6 4.1
5001 3 6 4
5003 3 6 3.9
5005 3 6 4
5007 3 6 4.1
5012 3 6 4
5013 3 6 4
5014 3 6 4
5020 3 6 4.1
5021 3 6 4.1
5028 3 6 4
5032 3 6 4.1
5035 3 6 4
5038 3 6 4.1
5041 3 6 4.1
5044 3 6 4.2
5046 3 6 4.1
5050 3 6 4.1
5051 3 6 4
5053 3 6 4
5061 3 6 4.1
5068 3 6 4.2
5069 3 6 4.1
5072 3 6 4.1
5073 3 6 4.1
5075 3 6 4.1
5076 3 6 4.1
5086 3 6 4.2
5089 3 6 4.2
5090 3 6 4.3
5095 3 6 4.3
5096 3 5 4.2
5098 3 5 4.2
5099 3 5 4.2
5101 3 5 4.3
5115 3 5 4.3
5131 3 5 4.3
5139 3 5 4.3
5141 3 5 4.3
5142 3 5 4.3
5143 3 5 4.3
5144 3 5 4.4
5150 3 5 4.5
5151 3 5 4.5
5152 3 5 4.4
5158 3 5 4.4
5164 3 6 4.5
5165 3 6 4.5
5166 3 6 4.6
5167 3 6 4.5
5173 3 5 4.3
5174 4 5 4.4
5175 4 5 4.4
5181 3 5 4.3
5183 3 5 4.3
5184 3 5 4.2
5197 3 6 4.3
5206 3 6 4.3
5208 3 6 4.4
5213 3 6 4.5
5217 3 6 4.4
5222 3 6 4.4
5256 3 6 4.5
5264 3 6 4.5
5269 3 6 4.5
5271 3 6 4.5
5276 3 6 4.4
5279 3 6 4.4
5286 3 6 4.3
5287 3 6 4.3
5308 3 6 4.4
5313 3 6 4.4
5316 2 6 4.3
5325 2 6 4.4
5332 2 6 4.2
5374 2 6 4.3
5380 2 6 4.4
5381 2 6 4.4
5388 2 6 4.4
5405 2 6 4.5
5415 2 6 4.6
5423 2 6 4.5
5450 2 6 4.6
5468 3 6 4.7
5475 3 6 4.7
5476 3 6 4.7
5482 3 6 4.8
5485 3 7 5
5489 3 7 5
5493 3 7 4.9
5497 3 7 4.8
5501 3 7 4.9
5509 3 7 4.8
5515 3 7 4.9
5521 3 7 5
5529 3 7 4.9
5531 3 7 5
5532 3 7 5.1
5535 3 7 5.2
5538 3 7 5.3
5539 3 7 5.2
5546 3 7 5.1
5547 3 7 5.1
5548 3 7 5.1
5554 3 7 5.1
5555 3 7 5.1
5568 3 8 5.2
5576 3 8 5.3
5578 3 8 5.4
5584 3 8 5.3
5592 4 8 5.4
5603 4 8 5.5
5607 4 8 5.7
5612 4 8 5.8
5615 4 8 5.6
5617 4 8 5.7
5619 4 8 5.7
5624 4 8 5.6
5631 4 8 5.7
5638 4 8 5.8
5668 4 8 5.9
5676 4 8 5.8
5678 4 8 5.9
5680 4 8 6
5686 4 8 6
5688 4 8 5.9
5693 4 8 6.1
5741 4 8 6.2
5748 4 8 6.1
5750 5 8 6.2
5786 5 8 6.3
5787 5 8 6.4
5788 5 9 6.5
5794 5 9 6.4
5796 5 9 6.4
5799 5 9 6.3
5805 5 9 6.4
5808 5 9 6.5
5816 5 9 6.4
5819 5 9 6.5
5833 5 9 6.6
5837 5 9 6.7
5842 5 9 6.8
5849 5 9 6.6
5858 5 9 6.7
5867 5 9 6.8
5870 5 9 6.9
5874 5 9 6.8
5878 5 9 6.7
5900 5 9 6.8
5902 5 9 6.9
5907 5 9 6.8
5911 5 9 6.9
5935 6 9 7.1
5942 5 9 7
5943 5 9 6.9
5951 5 9 7
5955 5 9 7.1
5958 5 9 7
5959 4 9 6.9
5962 4 9 7
5963 4 9 6.9
5974 4 9 7
6005 4 9 7.1
6032 4 9 7.2
6036 4 9 7.3
6062 4 9 7.3
6070 4 9 7.4
6084 4 9 7.5
6086 4 9 7.6
6210 4 9 7.7
6213 4 9 7.8
6238 4 9 7.9
6270 4 9 8
6278 4 9 7.9
6290 4 9 8
6292 4 9 8.1
6309 5 9 8.2
6317 4 9 8.1
6350 4 9 8.2
6353 4 9 8.3
6377 5 9 8.4
6385 5 9 8.4
6404 6 9 8.5
6459 7 9 8.6
6490 7 9 8.7
6584 8 9 8.8
6591 7 9 8.7
6669 7 9 8.8
6913 8 9 8.9
7297 9 9 9
13730 8 9 8.9
14231 9 9 9
122997 8 9 8.9
123711 9 9 9
300000 9 9 9
