0 0 0 0
4179 0 1 0.1
4208 0 1 0.2
4227 0 1 0.3
4293 0 2 0.5
4301 0 2 0.5
4302 0 2 0.5
4312 0 2 0.6
4316 0 2 0.7
4320 0 2 0.7
4332 0 2 0.8
4333 0 2 0.9
4350 0 2 1
4358 0 2 1
4365 0 2 1.1
4371 0 2 1.2
4372 0 2 1.2
4379 0 2 1.2
4381 0 2 1.3
4389 0 2 1.3
4390 0 2 1.4
4391 0 3 1.5
4393 1 3 1.6
4398 1 3 1.7
4401 1 3 1.7
4419 1 3 1.8
4422 1 3 1.9
4450 1 4 2
4462 1 4 2.1
4463 1 4 2.2
4464 1 4 2.3
4469 1 4 2.2
4470 1 4 2.2
4472 1 4 2.2
4474 1 4 2.3
4481 1 4 2.4
4482 1 4 2.5
4488 1 4 2.5
4497 1 5 2.6
4498 1 5 2.7
4501 1 5 2.8
4505 1 5 2.8
4509 1 5 2.9
4516 1 5 2.9
4518 1 5 2.9
4521 2 5 3
4522 2 5 3.1
4524 2 5 3.2
4529 2 5 3.2
4532 2 5 3.2
4538 2 5 3.3
4540 2 5 3.4
4541 2 5 3.5
4544 2 5 3.7
4546 2 5 3.7
4548 2 5 3.7
4552 2 5 3.6
4556 2 5 3.6
4567 2 5 3.7
4568 2 5 3.8
4573 2 5 3.9
4574 2 5 3.9
4575 2 5 3.9
4576 3 5 4
4581 3 5 4
4584 3 5 4
4586 3 5 4
4593 3 6 4.1
4594 3 6 4.2
4601 3 6 4.2
4602 3 6 4.1
4603 3 6 4.1
4605 3 6 4.1
4625 3 6 4.2
4627 3 6 4.3
4632 3 6 4.4
4640 3 6 4.5
4649 3 6 4.6
4655 3 6 4.7
4661 3 6 4.8
4662 3 6 4.9
4668 3 6 4.9
4669 3 6 4.9
4671 3 6 4.9
4672 3 6 4.9
4677 3 7 5
4678 3 8 5.1
4702 3 8 5.2
4709 3 8 5.2
4710 3 8 5.2
4711 3 8 5.1
4712 4 8 5.2
4713 4 8 5.3
4720 4 8 5.3
4721 4 8 5.3
4727 4 8 5.3
4738 4 8 5.4
4742 4 8 5.4
4743 5 8 5.5
4745 5 8 5.6
4746 5 8 5.6
4747 5 8 5.8
4749 5 8 5.9
4752 5 8 5.9
4755 5 8 5.9
4757 5 8 5.9
4758 5 8 5.9
4759 5 8 6
4764 5 8 6.1
4766 5 8 6.3
4768 5 8 6.4
4769 5 8 6.4
4771 5 8 6.4
4772 5 8 6.5
4774 5 8 6.5
4776 5 9 6.6
4777 5 9 6.5
4778 5 9 6.6
4779 5 9 6.7
4780 5 9 6.7
4782 5 9 6.8
4784 5 8 6.7
4786 5 8 6.7
4790 5 8 6.6
4791 5 8 6.9
4792 5 8 7
4794 5 8 7.1
4797 5 8 7
4799 5 8 7
4809 5 8 7.1
4811 5 8 7.2
4813 5 8 7.3
4815 5 8 7.4
4819 5 8 7.3
4827 5 8 7.3
4829 5 9 7.5
4835 5 9 7.6
4836 5 9 7.6
4837 5 9 7.6
4838 5 9 7.6
4839 5 9 7.6
4840 5 9 7.8
4841 5 9 7.8
4842 5 9 7.7
4844 5 9 7.8
4846 5 9 7.8
4848 5 9 7.9
4851 5 10 8
4856 5 10 7.9
4859 5 10 8
4861 5 10 8.1
4866 5 10 8
4867 6 10 8.1
4874 6 10 8.1
4875 6 10 8
4884 6 10 8.1
4892 6 10 8.1
4894 6 10 8.2
4898 6 10 8.2
4899 6 10 8.2
4900 6 10 8.1
4901 6 10 8.1
4902 6 10 8.1
4907 6 10 8.2
4914 6 10 8.3
4915 6 10 8.2
4916 6 10 8.2
4917 6 10 8.1
4918 6 10 8.1
4919 6 10 8.2
4920 6 10 8.2
4922 6 10 8.2
4923 6 10 8.2
4926 6 10 8.1
4928 6 10 8
4936 6 11 8.1
4938 6 10 8
4944 6 10 8
4950 6 10 8.1
4952 6 10 8
4956 6 10 8
4957 6 10 8.1
4958 6 10 8.2
4962 7 10 8.3
4964 7 10 8.4
4966 7 10 8.5
4969 7 11 8.6
4970 7 11 8.6
4972 7 11 8.6
4976 7 11 8.6
4981 7 11 8.7
4983 7 11 8.8
4985 7 11 8.9
4990 7 11 9
4991 7 11 9
4992 7 11 9
4993 7 11 8.9
4998 7 11 8.9
5003 7 11 8.9
5005 7 11 8.9
5006 7 11 9.1
5009 7 11 9.1
5014 7 11 9
5015 7 11 9
5017 7 11 8.9
5032 7 11 8.9
5033 7 11 8.8
5036 7 11 8.9
5038 7 11 8.8
5041 7 11 8.8
5042 7 11 8.8
5043 7 11 8.8
5044 8 11 8.9
5046 8 11 9
5051 8 11 9.1
5052 8 11 9.1
5054 8 11 9.2
5055 8 11 9.1
5056 8 11 9.1
5059 8 11 9
5060 8 11 9.1
5062 8 11 9.2
5063 8 11 9.2
5068 8 11 9.3
5070 8 11 9.1
5076 8 11 9
5079 8 11 9
5080 8 11 9
5082 8 11 9.1
5089 8 11 9.2
5092 8 12 9.3
5097 8 12 9.3
5098 8 12 9.3
5100 8 12 9.3
5107 8 12 9.4
5111 8 12 9.4
5115 8 12 9.4
5116 8 12 9.4
5118 8 12 9.4
5120 8 11 9.3
5121 8 11 9.4
5122 8 10 9.3
5124 8 10 9.3
5126 8 10 9.4
5127 9 10 9.6
5128 9 10 9.7
5131 9 11 9.8
5134 9 11 9.7
5135 9 11 9.6
5138 9 10 9.5
5139 9 10 9.5
5140 9 10 9.5
5142 9 10 9.6
5144 9 10 9.6
5146 9 10 9.6
5147 9 10 9.6
5148 9 10 9.7
5149 9 10 9.8
5150 9 11 9.9
5151 9 11 9.8
5152 9 11 9.9
5154 9 11 10
5156 9 11 10.1
5158 9 11 10.1
5160 9 11 10
5163 9 11 10.1
5164 8 11 10
5167 9 11 10
5168 9 12 10.2
5169 9 12 10.1
5171 9 12 10.1
5174 9 12 10.1
5175 8 12 10
5176 8 11 9.8
5182 8 11 9.8
5185 8 11 9.9
5188 8 11 9.9
5189 9 11 10
5193 9 11 9.9
5197 9 11 10
5198 9 11 10.1
5201 9 11 10.1
5204 9 11 9.9
5205 9 11 10
5206 9 11 9.9
5207 9 11 10
5208 9 11 10.1
5209 9 11 10.1
5210 9 12 10.2
5215 9 12 10.2
5217 9 12 10.2
5218 9 11 10.1
5219 9 11 10.1
5223 9 12 10.2
5224 8 12 10.2
5225 8 12 10.2
5227 8 12 10.1
5229 8 12 10.3
5232 8 12 10.2
5233 8 12 10.2
5236 8 12 10.2
5237 8 12 10
5238 8 12 10
5243 8 12 10.1
5244 8 12 10.1
5248 8 12 10
5250 8 12 10
5255 8 12 10.1
5257 8 12 10.2
5260 8 12 10.3
5264 8 12 10.4
5267 8 12 10.4
5268 8 12 10.4
5269 8 12 10.4
5272 8 12 10.4
5273 8 12 10.4
5274 8 13 10.5
5278 8 13 10.6
5279 8 13 10.7
5280 8 13 10.8
5281 8 13 10.9
5282 8 13 10.9
5284 8 13 10.8
5285 9 13 10.9
5286 9 13 10.8
5287 9 13 10.5
5288 9 13 10.5
5289 8 13 10.4
5291 8 13 10.4
5292 8 13 10.3
5293 8 13 10.3
5294 8 13 10.4
5295 8 13 10.3
5296 9 13 10.6
5298 9 13 10.7
5299 9 13 10.8
5301 10 13 11
5302 10 13 10.8
5304 8 13 10.6
5305 8 13 10.7
5306 8 13 10.7
5307 9 13 10.7
5308 9 13 10.7
5312 9 13 10.7
5316 9 13 10.7
5317 9 13 10.8
5325 9 13 10.7
5327 9 13 10.8
5329 9 13 10.9
5335 9 13 10.8
5341 9 13 10.8
5348 9 13 10.9
5349 9 13 10.7
5350 8 13 10.7
5355 8 13 10.6
5356 8 13 10.6
5357 8 13 10.6
5360 8 13 10.6
5367 8 13 10.7
5372 8 13 10.7
5376 8 13 10.7
5377 8 14 10.8
5378 8 14 10.9
5380 8 14 10.9
5381 8 13 10.8
5384 8 13 10.9
5386 8 13 10.8
5388 8 13 10.9
5389 8 14 11.1
5390 8 14 11.2
5394 8 14 11.3
5395 8 14 11.3
5396 8 14 11.3
5397 8 14 11.2
5398 8 14 11.2
5405 8 14 11.2
5409 8 14 11.4
5416 8 14 11.3
5417 8 14 11.4
5425 8 14 11.3
5433 8 14 11.4
5435 8 14 11.5
5439 8 15 11.6
5441 8 15 11.6
5444 8 15 11.5
5447 8 13 11.3
5453 8 13 11.4
5455 8 13 11.5
5459 9 13 11.6
5460 9 13 11.6
5461 9 13 11.5
5462 9 14 11.5
5464 9 14 11.6
5465 9 14 11.7
5466 9 14 11.7
5467 9 14 11.7
5470 9 14 11.7
5472 9 14 11.5
5475 9 14 11.6
5476 9 14 11.7
5482 9 14 11.7
5484 9 14 11.6
5485 9 14 11.5
5487 10 14 11.6
5490 10 14 11.6
5501 10 14 11.7
5502 10 14 11.8
5506 10 14 11.9
5508 10 14 12
5511 10 14 11.9
5513 10 14 12
5514 9 14 11.8
5515 9 14 11.8
5529 9 14 11.9
5531 9 14 12
5534 10 14 12.2
5537 10 14 12.1
5539 10 14 12
5540 10 14 11.9
5541 10 14 11.9
5542 9 14 11.8
5553 9 14 11.9
5559 9 14 12
5561 9 14 11.9
5563 9 14 12
5568 9 14 12.1
5570 9 14 12
5572 10 14 12
5580 10 14 12
5594 10 14 12.2
5598 10 14 12.3
5603 10 14 12.2
5606 10 14 12.3
5610 10 15 12.4
5613 10 15 12.4
5614 10 15 12.5
5616 10 15 12.6
5617 10 14 12.5
5618 10 14 12.4
5620 10 14 12.3
5622 10 14 12.2
5624 10 14 12.2
5628 11 14 12.3
5640 11 14 12.4
5643 11 14 12.5
5651 11 14 12.5
5655 11 14 12.6
5656 11 14 12.7
5660 11 14 12.8
5667 11 14 12.7
5668 11 14 12.8
5670 11 14 12.7
5672 10 14 12.6
5677 10 14 12.7
5678 10 14 12.6
5679 10 15 12.7
5682 10 15 12.7
5683 10 15 12.8
5686 10 15 12.7
5687 10 14 12.5
5691 10 15 12.6
5698 10 15 12.5
5699 10 15 12.6
5700 10 15 12.5
5704 10 15 12.6
5707 10 14 12.5
5717 10 14 12.6
5724 10 14 12.5
5735 10 15 12.6
5737 10 15 12.7
5739 10 15 12.8
5743 10 15 12.7
5745 10 15 12.6
5746 10 14 12.5
5747 10 14 12.6
5753 10 14 12.7
5756 10 14 12.7
5760 10 14 12.7
5761 10 14 12.6
5765 10 14 12.7
5768 10 14 12.7
5774 10 14 12.9
5782 10 14 12.8
5783 10 14 12.7
5785 11 14 12.8
5789 11 14 12.9
5792 11 14 13
5793 10 14 12.9
5794 10 15 13
5797 10 15 12.9
5799 10 15 12.8
5800 10 15 13
5801 10 15 13.1
5802 10 15 13.1
5807 10 15 12.9
5808 10 15 12.8
5809 10 14 12.7
5810 11 14 12.8
5814 11 14 12.9
5818 11 14 12.9
5820 11 14 13
5822 11 14 12.9
5826 11 14 13
5828 11 14 13
5833 11 14 13
5836 11 14 13.1
5837 11 14 13.2
5841 11 14 13.1
5844 11 14 13.1
5845 11 16 13.3
5848 11 16 13.4
5851 12 16 13.5
5853 12 14 13.3
5854 12 15 13.4
5855 11 15 13.3
5857 11 15 13.4
5858 11 16 13.5
5860 11 16 13.4
5862 11 16 13.5
5863 11 15 13.3
5864 11 15 13.2
5865 11 15 13.2
5870 11 16 13.3
5877 11 15 13.2
5878 11 14 13.1
5882 11 14 13.2
5884 11 14 13.3
5891 11 15 13.4
5894 11 15 13.6
5898 11 15 13.6
5903 11 15 13.8
5906 11 16 13.9
5910 11 16 13.8
5914 11 16 13.9
5922 11 16 13.8
5923 11 16 13.7
5925 11 16 13.8
5940 11 16 13.9
5946 11 16 14
5947 12 16 14.1
5948 12 16 14.1
5954 12 16 14.2
5955 11 16 14.3
5956 11 17 14.5
5961 11 17 14.4
5962 11 17 14.4
5963 11 17 14.3
5964 11 16 14.2
5965 12 16 14.3
5969 12 16 14.4
5974 12 16 14.5
5977 12 16 14.4
5978 13 16 14.5
5980 13 16 14.7
5982 12 16 14.6
5983 11 16 14.5
5984 11 16 14.4
5985 11 16 14.5
5988 11 16 14.4
5989 11 16 14.5
5991 11 16 14.5
5992 11 16 14.6
5993 11 16 14.5
5994 11 16 14.5
5995 11 16 14.5
5996 11 16 14.6
5998 11 16 14.5
5999 11 17 14.4
6006 11 17 14.3
6007 10 17 14.2
6013 10 17 14.3
6021 10 17 14.4
6026 10 17 14.5
6035 10 17 14.6
6036 10 18 14.7
6041 10 18 14.8
6043 10 17 14.7
6045 10 17 14.6
6054 11 17 14.7
6067 11 17 14.8
6075 11 17 14.7
6081 11 17 14.8
6088 11 17 14.9
6089 11 17 14.8
6090 11 17 14.8
6091 11 17 14.9
6095 11 17 14.8
6099 11 17 14.8
6104 11 17 14.9
6110 11 17 15
6111 11 17 14.8
6112 11 17 14.9
6115 12 17 15
6123 12 17 15.1
6126 12 17 15.2
6131 12 17 15.3
6133 12 17 15.3
6136 12 18 15.4
6138 13 18 15.5
6139 13 18 15.4
6144 13 17 15
6145 13 17 15.1
6146 13 17 15.1
6152 13 18 15.1
6159 13 18 15
6160 13 17 14.9
6166 13 17 15
6173 13 17 15
6178 13 18 15.1
6184 13 18 15.2
6185 13 18 15.2
6186 13 18 15.3
6187 13 18 15.2
6189 13 18 15.4
6191 13 18 15.4
6193 13 18 15.3
6196 13 18 15
6200 13 18 15.1
6202 13 18 15.2
6207 13 18 15.3
6212 14 18 15.4
6214 14 18 15.3
6215 13 18 15.2
6226 13 18 15.3
6234 13 18 15.3
6235 13 18 15.4
6241 13 18 15.5
6243 13 18 15.4
6245 13 18 15.5
6247 13 19 15.6
6253 13 19 15.7
6255 13 18 15.6
6256 13 18 15.7
6260 13 18 15.6
6290 13 19 15.8
6298 13 18 15.7
6303 13 18 15.8
6308 13 18 16
6309 13 18 16.1
6311 13 18 16
6312 13 18 16.1
6315 14 18 16.1
6321 13 18 16
6322 13 18 15.9
6323 12 18 15.8
6325 12 19 15.9
6330 12 19 16
6332 12 19 16
6333 12 18 15.9
6339 12 19 16
6345 12 19 16.1
6351 12 19 16.2
6356 12 19 16.3
6362 12 19 16.4
6363 12 19 16.2
6366 12 19 16.3
6371 12 19 16.4
6375 12 19 16.3
6378 12 19 16.2
6380 12 19 16.1
6396 12 19 16.2
6404 12 19 16.1
6424 12 19 16.2
6431 12 19 16.3
6432 12 19 16.1
6435 12 19 16.2
6438 12 19 16.1
6442 12 19 16.2
6449 12 20 16.3
6455 12 20 16.4
6457 12 19 16.3
6463 12 19 16.2
6488 12 19 16.3
6493 12 19 16.5
6495 12 19 16.4
6497 12 19 16.4
6501 12 19 16.3
6502 12 19 16.4
6507 12 19 16.5
6509 12 19 16.6
6510 12 19 16.7
6511 12 19 16.7
6514 12 19 16.8
6515 12 19 16.8
6517 12 19 16.8
6518 12 19 16.7
6521 13 19 16.8
6529 11 19 16.6
6530 12 19 16.7
6538 11 19 16.7
6546 11 20 16.8
6549 11 20 16.9
6556 11 20 16.8
6557 12 20 16.9
6562 12 20 17
6569 12 20 16.9
6571 13 20 17
6577 12 20 16.9
6590 13 20 17
6597 12 20 16.9
6601 12 21 17
6626 12 21 17.1
6627 12 21 17.3
6632 12 21 17.5
6634 12 21 17.4
6635 12 21 17.2
6639 12 21 17
6640 12 21 17.1
6647 12 21 17
6665 12 21 17.1
6666 12 21 17.2
6672 12 21 17.2
6675 12 21 17.3
6688 12 21 17.4
6699 13 21 17.5
6701 13 21 17.6
6707 13 21 17.6
6708 13 21 17.8
6713 13 21 17.9
6714 14 21 18
6715 14 21 17.9
6716 14 21 17.8
6720 14 21 18
6721 14 21 17.9
6722 14 21 17.9
6723 13 21 17.8
6727 13 21 17.7
6729 13 21 17.6
6730 14 21 17.7
6737 14 21 17.8
6744 14 21 17.7
6751 14 21 17.8
6755 14 21 17.9
6762 14 21 17.9
6771 14 21 18
6779 14 21 17.8
6788 14 21 17.9
6795 14 21 18
6804 14 21 17.9
6805 14 21 18
6817 14 21 18.1
6819 14 21 18.2
6823 14 21 18.3
6824 14 21 18.2
6826 14 21 18.3
6827 14 21 18.2
6836 14 21 18.3
6839 14 21 18.4
6845 14 21 18.3
6847 14 21 18.2
6854 14 21 18.3
6861 14 22 18.4
6869 14 21 18.3
6872 14 21 18.4
6873 14 21 18.5
6880 14 21 18.6
6887 14 21 18.5
6907 14 21 18.6
6919 14 21 18.7
6926 14 21 18.8
6927 14 21 18.7
6940 14 21 18.8
6947 14 21 18.7
6948 14 21 18.8
6950 14 22 19
6956 15 22 19.1
6958 15 22 19.2
6965 15 22 19.1
6969 15 22 19.2
6974 17 22 19.4
6982 16 22 19.3
6983 15 22 19.2
6989 15 22 19.3
6996 15 23 19.3
6998 15 23 19.4
7005 15 23 19.2
7013 15 23 19.4
7021 15 23 19.3
7026 15 23 19.4
7029 16 23 19.5
7031 17 23 19.6
7037 16 23 19.5
7039 15 23 19.4
7044 15 23 19.5
7070 16 23 19.6
7071 16 23 19.7
7079 16 23 19.5
7083 16 23 19.6
7087 16 23 19.7
7090 16 23 19.8
7094 16 23 19.9
7097 16 23 19.8
7099 16 23 19.9
7115 16 23 20
7118 16 23 20.1
7120 16 23 20.2
7122 16 23 20.1
7125 17 23 20.2
7128 17 23 20.1
7134 17 23 20.2
7139 17 23 20.3
7141 17 23 20.2
7149 17 24 20.3
7153 17 24 20.4
7161 17 24 20.5
7183 17 24 20.6
7191 17 24 20.5
7202 17 24 20.6
7214 17 24 20.7
7217 17 24 20.8
7222 17 24 20.9
7237 17 24 21
7244 17 24 20.9
7245 17 24 21
7252 17 24 20.9
7258 17 24 21
7263 18 24 21.1
7270 17 24 21
7276 18 24 21.1
7284 16 25 21
7285 16 25 21.1
7290 16 25 21.2
7293 16 25 21.1
7298 16 25 21
7303 16 25 21.1
7304 16 25 21.2
7312 16 25 21.1
7354 16 25 21.2
7361 16 25 21.1
7386 17 25 21.2
7388 17 25 21.3
7394 16 25 21.2
7399 16 25 21.4
7428 16 25 21.5
7436 16 25 21.4
7447 15 25 21.3
7450 15 25 21.4
7451 15 25 21.5
7454 16 25 21.6
7456 16 25 21.7
7458 16 25 21.6
7465 16 25 21.5
7489 16 25 21.6
7524 17 25 21.8
7525 17 25 21.9
7530 17 25 22
7533 16 25 21.9
7540 16 25 22
7550 16 25 22.1
7559 16 25 22.1
7566 16 25 22.2
7592 18 25 22.4
7593 18 25 22.5
7595 18 25 22.6
7600 17 25 22.5
7602 17 25 22.6
7613 17 25 22.7
7616 17 25 22.8
7620 18 25 22.9
7628 18 25 23
7633 18 25 23.1
7634 18 25 23
7656 18 25 23.1
7662 18 25 23.2
7664 18 25 23.1
7681 18 25 23.2
7731 18 25 23.3
7784 19 25 23.4
7800 19 25 23.5
7811 19 25 23.4
7849 19 25 23.5
7894 20 25 23.6
7902 19 25 23.5
7935 20 25 23.6
7943 20 25 23.6
7946 20 25 23.7
8032 21 25 23.8
8059 22 25 23.9
8124 22 25 24
8155 23 25 24.1
8158 23 25 24.2
8166 23 25 24.1
8178 23 25 24.2
8264 23 25 24.3
8305 23 25 24.4
8412 23 25 24.5
8457 24 25 24.6
8480 24 25 24.7
8581 24 25 24.8
8650 24 25 24.9
8776 25 25 25
9286 24 25 24.9
9657 23 25 24.8
9841 24 25 24.9
10047 25 25 25
10157 24 25 24.9
10342 24 25 24.8
10348 24 25 24.7
10528 23 25 24.6
10671 24 25 24.7
10697 24 25 24.8
10713 23 25 24.7
10719 23 25 24.6
11055 23 25 24.7
11234 23 25 24.8
11255 24 25 24.9
11845 25 25 25
15075 21 25 24.6
15590 22 25 24.7
15599 19 25 24.4
15892 20 25 24.5
15901 19 25 24.4
15933 20 25 24.5
15942 18 25 24.3
16070 19 25 24.4
16079 18 25 24.3
16249 19 25 24.4
16318 20 25 24.5
16326 19 25 24.4
16414 20 25 24.5
16634 22 25 24.7
16642 19 25 24.4
16785 20 25 24.5
16949 21 25 24.6
16957 20 25 24.5
16963 21 25 24.6
16971 20 25 24.5
17114 21 25 24.6
17123 20 25 24.5
17197 21 25 24.6
17205 20 25 24.5
17279 21 25 24.6
17347 22 25 24.7
17355 20 25 24.5
17361 21 25 24.6
17568 22 25 24.7
17577 19 25 24.4
17580 18 25 24.3
17663 19 25 24.4
17842 20 25 24.5
17850 20 25 24.5
17877 21 25 24.6
17905 22 25 24.7
17912 21 25 24.6
17979 22 25 24.7
17988 20 25 24.5
18110 21 25 24.6
18124 22 25 24.7
18130 21 25 24.6
18213 22 25 24.7
18295 23 25 24.8
18351 24 25 24.9
18363 23 25 24.8
18900 24 25 24.9
18908 23 25 24.8
18968 24 25 24.9
19594 23 25 24.8
19772 22 25 24.7
19915 23 25 24.8
19964 22 25 24.7
20143 21 25 24.6
20217 22 25 24.7
20300 23 25 24.8
20767 24 25 24.9
21014 25 25 25
22278 24 25 24.9
22282 22 25 24.7
22683 23 25 24.8
22691 20 25 24.5
22724 21 25 24.6
22733 20 25 24.5
22875 21 25 24.6
22883 20 25 24.5
23081 21 25 24.6
23090 20 25 24.5
23177 21 25 24.6
23186 19 25 24.4
23218 20 25 24.5
23226 19 25 24.4
23227 18 25 24.3
23314 19 25 24.4
23328 20 25 24.5
23336 18 25 24.3
23438 19 25 24.4
23590 20 25 24.5
23599 19 25 24.4
23602 18 25 24.3
23712 19 25 24.4
23720 17 25 24.2
23726 18 25 24.3
23919 19 25 24.4
23927 19 25 24.4
24028 20 25 24.5
24036 18 25 24.3
24042 19 25 24.4
24050 17 25 24.2
24152 18 25 24.3
24317 19 25 24.4
24413 20 25 24.5
24422 19 25 24.4
24425 18 25 24.3
24468 19 25 24.4
24495 21 25 24.6
24504 21 25 24.6
24674 22 25 24.7
24683 21 25 24.6
24729 22 25 24.7
24825 23 25 24.8
25182 24 25 24.9
25190 23 25 24.8
25306 24 25 24.9
25456 25 25 25
28115 24 25 24.9
28485 23 25 24.8
28698 24 25 24.9
28821 25 25 25
34406 24 25 24.9
34408 22 25 24.7
34992 23 25 24.8
35000 21 25 24.6
35019 22 25 24.7
35028 21 25 24.6
35041 20 25 24.5
35156 21 25 24.6
35164 20 25 24.5
35225 21 25 24.6
35233 20 25 24.5
35458 21 25 24.6
35473 19 25 24.4
35637 20 25 24.5
35646 18 25 24.3
35664 19 25 24.4
35747 20 25 24.5
35756 18 25 24.3
35788 19 25 24.4
35925 20 25 24.5
35932 19 25 24.4
35933 18 25 24.3
35994 19 25 24.4
36003 18 25 24.3
36008 17 25 24.2
36145 18 25 24.3
36154 17 25 24.2
36310 18 25 24.3
36318 16 25 24.1
36323 17 25 24.2
36331 16 25 24.1
36406 17 25 24.2
36461 18 25 24.3
36470 17 25 24.2
36557 18 25 24.3
36585 19 25 24.4
36593 18 25 24.3
36625 19 25 24.4
36639 20 25 24.5
36721 21 25 24.6
36873 22 25 24.7
37024 23 25 24.8
37032 22 25 24.7
37339 24 25 24.9
37601 25 25 25
60120 24 25 24.9
60504 25 25 25
66882 24 25 24.9
67198 25 25 25
162104 24 25 24.9
162722 25 25 25
234418 21 25 24.6
234657 22 25 24.7
234665 19 25 24.4
234666 18 25 24.3
234878 19 25 24.4
234886 17 25 24.2
234919 18 25 24.3
235014 19 25 24.4
235023 18 25 24.3
235111 19 25 24.4
235120 18 25 24.3
235166 20 25 24.5
235207 21 25 24.6
235216 20 25 24.5
235290 22 25 24.7
235298 21 25 24.6
235304 20 25 24.5
235537 21 25 24.6
235545 19 25 24.4
235550 20 25 24.5
235573 19 25 24.4
235674 20 25 24.5
235683 19 25 24.4
235838 20 25 24.5
235846 18 25 24.3
235866 19 25 24.4
235921 20 25 24.5
235932 20 25 24.5
235933 19 25 24.4
236141 20 25 24.5
236265 21 25 24.6
236273 20 25 24.5
236429 21 25 24.6
236498 22 25 24.7
236505 21 25 24.6
236506 20 25 24.5
236539 21 25 24.6
236759 22 25 24.7
236937 23 25 24.8
237047 24 25 24.9
237116 25 25 25
238250 23 25 24.8
238579 21 25 24.6
238730 20 25 24.5
238736 21 25 24.6
238744 20 25 24.5
238901 21 25 24.6
239052 22 25 24.7
239066 23 25 24.8
239300 24 25 24.9
239341 25 25 25
241861 24 25 24.9
242232 23 25 24.8
242746 24 25 24.9
242883 25 25 25
254555 22 25 24.7
254926 23 25 24.8
254932 22 25 24.7
255083 23 25 24.8
255092 20 25 24.5
255317 21 25 24.6
255325 20 25 24.5
255413 21 25 24.6
255421 20 25 24.5
255422 19 25 24.4
255563 21 25 24.6
255571 20 25 24.5
255646 21 25 24.6
255655 19 25 24.4
255839 20 25 24.5
255847 19 25 24.4
255907 20 25 24.5
255915 19 25 24.4
255948 20 25 24.5
255956 19 25 24.4
256018 20 25 24.5
256026 18 25 24.3
256030 17 25 24.2
256049 18 25 24.3
256063 16 25 24.1
256064 16 25 24.1
256162 17 25 24.2
256170 16 25 24.1
256209 17 25 24.2
256218 16 25 24.1
256250 17 25 24.2
256332 18 25 24.3
256341 16 25 24.1
256388 17 25 24.2
256511 18 25 24.3
256520 17 25 24.2
256608 18 25 24.3
256616 18 25 24.3
256662 19 25 24.4
256670 18 25 24.3
256772 19 25 24.4
256781 18 25 24.3
256841 20 25 24.5
256855 21 25 24.6
256965 22 25 24.7
257129 23 25 24.8
257514 24 25 24.9
257733 25 25 25
258867 24 25 24.9
259409 25 25 25
259719 24 25 24.9
260329 25 25 25
288167 21 25 24.6
288545 22 25 24.7
288553 18 25 24.3
288805 19 25 24.4
288813 17 25 24.2
288919 18 25 24.3
288926 15 25 24
288929 16 25 24.1
288938 15 25 24
288984 16 25 24.1
288993 15 25 24
289006 16 25 24.1
289012 15 25 24
289094 16 25 24.1
289102 15 25 24
289149 16 25 24.1
289203 17 25 24.2
289212 15 25 24
289217 16 25 24.1
289225 15 25 24
289396 16 25 24.1
289405 15 25 24
289410 16 25 24.1
289419 15 25 24
289506 16 25 24.1
289514 15 25 24
289519 16 25 24.1
289630 17 25 24.2
289643 18 25 24.3
289652 17 25 24.2
289671 18 25 24.3
289767 19 25 24.4
289776 18 25 24.3
289781 19 25 24.4
289794 20 25 24.5
289849 21 25 24.6
289857 20 25 24.5
289904 21 25 24.6
289931 22 25 24.7
290124 23 25 24.8
290330 24 25 24.9
290715 25 25 25
292260 24 25 24.9
292988 23 25 24.8
293159 24 25 24.9
293351 25 25 25
300000 25 25 25
