0 0 0 0
4179 0 1 0.1
4208 0 1 0.2
4227 0 1 0.3
4293 0 2 0.5
4301 0 2 0.5
4302 0 2 0.5
4312 0 2 0.6
4316 0 2 0.7
4320 0 2 0.7
4332 0 2 0.8
4333 0 2 0.9
4350 0 2 1
4358 0 2 1
4365 0 2 1.1
4371 0 2 1.2
4372 0 2 1.2
4379 0 2 1.2
4381 0 2 1.3
4389 0 2 1.3
4390 0 2 1.4
4391 0 3 1.5
4393 1 3 1.6
4398 1 3 1.7
4401 1 3 1.7
4419 1 3 1.8
4422 1 3 1.9
4450 1 4 2
4462 1 4 2.1
4463 1 4 2.2
4464 1 4 2.3
4469 1 4 2.2
4470 1 4 2.2
4472 1 4 2.2
4474 1 4 2.3
4481 1 4 2.4
4482 1 4 2.5
4488 1 4 2.5
4497 1 5 2.6
4498 1 5 2.7
4501 1 5 2.8
4505 1 5 2.8
4509 1 5 2.9
4516 1 5 2.9
4518 1 5 2.9
4521 2 5 3
4522 2 5 3.1
4524 2 5 3.2
4529 2 5 3.2
4532 2 5 3.2
4538 2 5 3.3
4540 2 5 3.4
4541 2 5 3.5
4544 2 5 3.7
4546 2 5 3.7
4548 2 5 3.7
4552 2 5 3.6
4556 2 5 3.6
4567 2 5 3.7
4568 2 5 3.8
4573 2 5 3.9
4574 2 5 3.9
4575 2 5 3.9
4576 3 5 4
4581 3 5 4
4584 3 5 4
4586 3 5 4
4593 3 6 4.1
4594 3 6 4.2
4601 3 6 4.2
4602 3 6 4.1
4603 3 6 4.1
4605 3 6 4.1
4625 3 6 4.2
4627 3 6 4.3
4632 3 6 4.4
4640 3 6 4.5
4649 3 6 4.6
4655 3 6 4.7
4661 3 6 4.8
4662 3 6 4.9
4668 3 6 4.9
4669 3 6 4.9
4671 3 6 4.9
4672 3 6 4.9
4677 3 7 5
4678 3 8 5.1
4702 3 8 5.2
4709 3 8 5.2
4710 3 8 5.2
4711 3 8 5.1
4712 4 8 5.2
4713 4 8 5.3
4720 4 8 5.3
4721 4 8 5.3
4727 4 8 5.3
4738 4 8 5.4
4742 4 8 5.4
4743 5 8 5.5
4745 5 8 5.6
4746 5 8 5.6
4747 5 8 5.8
4749 5 8 5.9
4752 5 8 5.9
4755 5 8 5.9
4757 5 8 5.9
4758 5 8 5.9
4759 5 8 6
4764 5 8 6.1
4766 5 8 6.3
4768 5 8 6.4
4769 5 8 6.4
4771 5 8 6.4
4772 5 8 6.5
4774 5 8 6.5
4776 5 9 6.6
4777 5 9 6.5
4778 5 9 6.6
4779 5 9 6.7
4780 5 9 6.7
4782 5 9 6.8
4784 5 8 6.7
4786 5 8 6.7
4790 5 8 6.6
4791 5 8 6.9
4792 5 8 7
4794 5 8 7.1
4797 5 8 7
4799 5 8 7
4809 5 8 7.1
4811 5 8 7.2
4813 5 8 7.3
4815 5 8 7.4
4819 5 8 7.3
4827 5 8 7.3
4829 5 9 7.5
4835 5 9 7.6
4836 5 9 7.6
4837 5 9 7.7
4838 5 9 7.6
4839 5 9 7.6
4840 5 9 7.8
4841 5 9 7.8
4842 5 9 7.7
4844 5 9 7.8
4846 5 9 7.8
4848 5 9 7.9
4851 5 10 8
4856 5 10 7.9
4859 5 10 8
4861 5 10 8.1
4866 5 10 8
4867 6 10 8.1
4874 6 10 8.1
4875 6 10 8
4884 6 10 8.1
4892 6 10 8.1
4894 6 10 8.2
4898 6 10 8.2
4899 6 10 8.2
4900 6 10 8.1
4901 6 10 8.1
4902 6 10 8.1
4907 6 10 8.2
4914 6 10 8.3
4915 6 10 8.2
4916 6 10 8.2
4917 6 10 8.1
4918 6 10 8.1
4919 6 10 8.2
4920 6 10 8.2
4922 6 10 8.2
4923 6 10 8.2
4926 6 10 8.1
4928 6 10 8
4936 6 11 8.1
4938 6 10 8
4944 6 10 8
4950 6 10 8.1
4952 6 10 8
4956 6 10 8
4957 6 10 8.1
4958 6 10 8.2
4962 7 10 8.3
4964 7 10 8.4
4966 7 10 8.5
4969 7 11 8.6
4970 7 11 8.6
4972 7 11 8.6
4976 7 11 8.6
4981 7 11 8.7
4983 7 11 8.8
4985 7 11 8.9
4990 7 11 9
4991 7 11 9
4992 7 11 9
4993 7 11 8.9
4998 7 11 8.9
5003 7 11 8.9
5005 7 11 8.9
5006 7 11 9.1
5009 7 11 9.1
5014 7 11 9
5015 7 11 9
5017 7 11 8.9
5032 7 11 8.9
5033 7 11 8.8
5036 7 11 8.9
5038 7 11 8.8
5041 7 11 8.8
5042 7 11 8.8
5043 7 11 8.8
5044 8 11 8.9
5046 8 11 9
5051 8 11 9.1
5052 8 11 9.1
5054 8 11 9.2
5055 8 11 9.1
5056 8 11 9.1
5059 8 11 9
5060 8 11 9.1
5062 8 11 9.2
5063 8 11 9.2
5068 8 11 9.3
5070 8 11 9.1
5076 8 11 9
5079 8 11 9
5080 8 11 9
5082 8 11 9.1
5089 8 11 9.2
5092 8 12 9.3
5097 8 12 9.3
5098 8 12 9.3
5100 8 12 9.3
5107 8 12 9.4
5111 8 12 9.4
5115 8 12 9.4
5116 8 12 9.4
5118 8 12 9.4
5120 8 11 9.3
5121 8 11 9.4
5122 8 10 9.3
5124 8 10 9.3
5126 8 10 9.4
5127 9 10 9.6
5128 9 10 9.7
5131 9 11 9.8
5134 9 11 9.7
5135 9 11 9.6
5138 9 10 9.5
5139 9 10 9.5
5140 9 10 9.5
5142 9 10 9.6
5144 9 10 9.6
5146 9 10 9.6
5147 9 10 9.6
5148 9 10 9.7
5149 9 10 9.8
5150 9 11 9.9
5151 9 11 9.8
5152 9 11 9.9
5154 9 11 10
5156 9 11 10.1
5158 9 11 10.1
5160 9 11 10
5163 9 11 10.1
5164 8 11 10
5167 9 11 10
5168 9 12 10.2
5169 9 12 10.1
5171 9 12 10.1
5174 9 12 10.1
5175 8 12 10
5176 8 11 9.8
5182 8 11 9.8
5185 8 11 9.9
5188 8 11 9.9
5189 9 11 10
5193 9 11 9.9
5197 9 11 10
5198 9 11 10.1
5201 9 11 10.1
5204 9 11 9.9
5205 9 11 10
5206 9 11 9.9
5207 9 11 10
5208 9 11 10.1
5209 9 11 10.1
5210 9 12 10.2
5215 9 12 10.2
5217 9 12 10.2
5218 9 11 10.1
5219 9 11 10
5223 9 12 10.1
5224 8 12 10.1
5225 8 12 10.1
5227 8 12 10.1
5229 8 12 10.3
5232 8 12 10.2
5233 8 12 10.2
5236 8 12 10.2
5237 8 12 10
5238 8 12 10
5243 8 12 10.1
5244 8 12 10.1
5247 8 12 10.2
5248 8 12 10.1
5250 8 12 10.1
5254 8 12 10
5255 8 12 10.1
5257 8 12 10.2
5260 8 12 10.3
5264 8 12 10.4
5267 8 12 10.4
5268 8 12 10.4
5269 8 12 10.4
5272 8 12 10.4
5273 8 12 10.4
5274 8 13 10.5
5278 8 13 10.6
5279 8 13 10.7
5280 8 13 10.8
5281 8 13 10.9
5282 8 13 10.9
5284 8 13 10.8
5285 9 13 10.9
5286 9 13 10.8
5287 9 13 10.5
5288 9 13 10.5
5289 8 13 10.4
5291 8 13 10.4
5292 8 13 10.3
5293 8 13 10.3
5294 8 13 10.4
5295 8 13 10.3
5296 9 13 10.6
5298 9 13 10.7
5299 9 13 10.8
5301 10 13 11
5302 10 13 10.8
5304 8 13 10.6
5305 8 13 10.7
5306 8 13 10.7
5307 9 13 10.7
5308 9 13 10.7
5312 9 13 10.7
5316 9 13 10.7
5317 9 13 10.8
5325 9 13 10.7
5327 9 13 10.8
5329 9 13 10.9
5335 9 13 10.8
5341 9 13 10.8
5348 9 13 10.9
5349 9 13 10.7
5350 9 13 10.8
5355 9 13 10.7
5356 9 13 10.7
5357 9 13 10.7
5360 9 13 10.7
5364 9 13 10.8
5367 9 13 10.9
5372 9 13 10.9
5376 9 13 10.9
5377 9 14 11
5378 9 14 11.1
5380 9 14 11.1
5381 9 13 11
5384 9 13 11.1
5386 9 13 11
5389 9 14 11.2
5390 9 14 11.3
5391 9 14 11.4
5394 9 14 11.5
5396 9 14 11.5
5397 9 14 11.4
5398 9 14 11.4
5399 9 14 11.3
5405 9 14 11.3
5409 9 14 11.5
5416 9 14 11.4
5417 9 14 11.5
5425 9 14 11.4
5433 9 14 11.5
5435 9 14 11.6
5439 9 15 11.7
5441 9 15 11.7
5444 9 15 11.6
5447 9 13 11.4
5453 9 13 11.5
5455 9 13 11.6
5460 9 13 11.6
5461 9 13 11.5
5462 9 14 11.5
5464 9 14 11.6
5465 9 14 11.7
5470 9 14 11.7
5472 10 14 11.6
5474 10 14 11.7
5475 10 14 11.8
5476 10 14 11.9
5480 10 14 11.8
5482 10 14 11.8
5484 10 14 11.7
5485 10 14 11.6
5487 9 14 11.5
5490 9 14 11.5
5501 10 14 11.7
5502 10 14 11.8
5506 10 14 11.9
5508 10 14 12
5511 10 14 11.9
5513 10 14 12
5514 9 14 11.8
5515 9 14 11.8
5529 9 14 11.9
5531 9 14 12
5534 10 14 12.1
5537 10 14 12
5539 10 14 11.9
5540 10 14 11.8
5542 9 14 11.7
5547 9 14 11.8
5553 9 14 11.9
5555 9 14 11.9
5559 9 14 12
5561 9 14 11.9
5568 9 14 12
5572 10 14 12.1
5580 10 14 12.1
5594 10 14 12.3
5598 10 14 12.4
5603 10 14 12.3
5606 10 14 12.4
5610 10 15 12.5
5613 10 15 12.5
5614 10 15 12.6
5617 10 14 12.5
5618 10 14 12.4
5620 10 14 12.3
5622 10 14 12.2
5624 10 14 12.3
5628 11 14 12.5
5633 11 14 12.5
5636 11 14 12.6
5640 11 14 12.7
5642 11 14 12.6
5643 11 14 12.7
5649 11 14 12.6
5651 11 14 12.6
5655 11 14 12.7
5660 11 14 12.8
5667 11 14 12.7
5668 11 14 12.8
5670 11 14 12.7
5672 10 14 12.6
5677 10 14 12.7
5678 10 14 12.6
5679 10 15 12.7
5682 10 15 12.7
5683 10 15 12.8
5686 10 15 12.7
5687 10 14 12.5
5690 10 14 12.6
5691 10 15 12.7
5698 10 15 12.6
5699 10 15 12.7
5700 10 15 12.6
5707 10 14 12.5
5717 10 14 12.6
5720 10 14 12.7
5724 10 14 12.6
5735 10 15 12.7
5737 10 15 12.8
5739 10 15 12.9
5743 10 15 12.8
5745 10 15 12.7
5746 10 14 12.6
5748 10 14 12.7
5765 10 14 12.8
5774 10 14 13
5782 10 14 12.9
5783 10 14 12.8
5785 11 14 12.9
5789 11 14 13
5792 11 14 13.1
5793 10 14 13
5794 10 15 13.1
5797 10 15 13
5799 10 15 12.9
5800 10 15 13.1
5801 10 15 13.2
5802 10 15 13.2
5807 10 15 13
5808 10 15 13
5809 10 14 12.9
5810 11 14 13
5814 11 14 13.1
5816 11 14 13
5817 11 14 12.9
5818 11 14 12.9
5820 11 14 13
5822 11 14 12.9
5826 11 14 13
5828 11 14 13
5833 11 14 13
5836 11 14 13.1
5837 11 14 13.2
5841 11 15 13.2
5844 11 15 13.1
5845 11 17 13.3
5848 11 17 13.4
5849 11 16 13.3
5851 12 16 13.4
5853 12 14 13.2
5855 11 14 13.1
5857 11 15 13.2
5858 11 16 13.3
5860 11 16 13.2
5862 11 16 13.3
5863 11 15 13.2
5864 11 15 13.1
5865 11 15 13.1
5870 11 16 13.2
5877 11 15 13.2
5878 11 14 13.1
5882 11 14 13.2
5884 11 14 13.3
5894 11 15 13.5
5903 11 15 13.7
5910 11 15 13.6
5914 11 15 13.7
5919 11 15 13.8
5923 11 15 13.7
5925 11 15 13.8
5926 11 15 13.8
5931 11 15 13.7
5933 11 16 13.8
5940 11 16 13.9
5947 12 16 14
5948 12 16 14
5954 12 16 14.1
5955 11 16 14.2
5956 11 17 14.4
5959 11 17 14.5
5961 11 17 14.4
5962 11 17 14.4
5963 11 17 14.3
5964 11 16 14.2
5965 12 16 14.3
5968 12 16 14.3
5969 12 16 14.4
5974 12 16 14.5
5977 12 16 14.4
5978 13 16 14.5
5980 13 16 14.7
5982 12 16 14.6
5983 11 16 14.5
5984 11 16 14.4
5985 11 16 14.5
5988 11 16 14.4
5989 11 16 14.5
5991 11 16 14.5
5992 11 16 14.6
5993 11 16 14.5
5994 11 16 14.5
5995 11 16 14.5
5996 11 16 14.6
5998 11 16 14.5
5999 11 17 14.4
6006 11 17 14.3
6007 10 17 14.2
6013 10 17 14.3
6021 10 17 14.4
6026 10 17 14.5
6035 10 17 14.7
6036 10 18 14.8
6043 10 17 14.6
6045 10 17 14.5
6054 11 17 14.6
6055 11 17 14.7
6067 11 17 14.8
6075 11 17 14.7
6081 11 17 14.8
6088 11 17 14.9
6089 11 17 14.8
6090 11 17 14.8
6091 11 17 14.9
6095 11 17 14.8
6099 11 17 14.8
6103 11 17 14.9
6110 11 17 15
6111 11 17 14.8
6112 11 17 14.9
6115 12 17 15
6123 12 17 15.1
6126 12 17 15.2
6131 12 17 15.3
6133 12 17 15.3
6138 13 17 15.4
6139 13 17 15.3
6145 13 17 15.4
6146 13 17 15.4
6152 14 18 15.4
6159 13 18 15.3
6160 13 17 15.2
6166 14 17 15.3
6173 13 17 15.3
6178 13 18 15.4
6184 13 18 15.5
6185 13 18 15.4
6186 13 18 15.5
6187 13 18 15.4
6189 13 18 15.6
6191 13 18 15.6
6193 13 18 15.5
6196 13 18 15.2
6199 13 18 15.3
6200 13 18 15.4
6202 13 18 15.5
6207 13 18 15.5
6212 14 18 15.6
6234 14 18 15.7
6235 14 18 15.8
6240 14 18 15.9
6241 14 18 16
6242 14 18 15.9
6243 13 18 15.7
6245 13 18 15.8
6247 13 19 15.9
6253 13 19 16
6255 13 18 15.9
6256 13 18 16
6260 13 18 15.9
6290 14 19 16.1
6298 14 18 16
6303 14 18 16.1
6308 14 18 16.2
6309 14 18 16.3
6311 14 18 16.2
6312 14 18 16.3
6315 14 18 16.2
6321 13 18 16.1
6325 13 19 16.2
6330 14 19 16.3
6332 14 19 16.3
6333 14 18 16.2
6335 14 18 16.3
6339 14 19 16.4
6342 14 19 16.4
6345 14 19 16.5
6351 14 19 16.6
6356 14 19 16.7
6357 14 19 16.8
6362 15 19 16.9
6363 13 19 16.7
6366 13 19 16.8
6371 14 19 16.9
6375 14 19 16.8
6378 13 19 16.7
6380 12 19 16.6
6396 12 19 16.7
6404 12 19 16.6
6424 12 19 16.7
6431 12 19 16.8
6432 12 19 16.6
6435 12 19 16.7
6438 12 19 16.6
6442 12 19 16.7
6449 12 20 16.8
6453 12 20 16.9
6455 12 20 17
6457 12 19 16.9
6462 12 19 16.7
6463 12 19 16.6
6488 12 19 16.7
6493 12 19 16.9
6495 12 19 16.9
6497 12 19 16.9
6501 12 19 16.8
6502 12 19 16.8
6507 12 19 16.9
6509 13 19 17
6510 13 19 17.1
6511 13 19 17.1
6515 13 19 17.1
6516 13 19 17.2
6517 13 19 17.2
6518 13 19 17.1
6524 13 19 17
6528 13 19 17.1
6535 13 19 17
6538 13 19 17.1
6546 13 20 17.2
6549 13 20 17.3
6556 13 20 17.2
6562 14 20 17.3
6569 13 20 17.2
6585 13 20 17.3
6601 13 21 17.4
6626 13 21 17.5
6627 13 21 17.7
6632 13 21 17.8
6634 13 21 17.7
6635 13 21 17.5
6639 13 21 17.5
6640 13 21 17.6
6646 13 21 17.7
6647 13 21 17.6
6665 13 21 17.7
6666 13 21 17.8
6672 13 21 17.8
6673 13 21 17.9
6675 13 21 18
6687 13 22 18.2
6688 13 22 18.3
6694 13 21 18.1
6695 13 21 18
6708 13 21 18.2
6714 14 21 18.3
6715 14 21 18.2
6716 14 21 18.1
6720 14 21 18.2
6722 14 21 18.2
6723 13 21 18.1
6727 13 21 18
6730 14 21 18.1
6734 14 21 18.2
6737 14 21 18.3
6743 14 21 18.2
6744 14 21 18.1
6751 14 21 18.2
6755 14 21 18.3
6762 14 21 18.3
6771 14 21 18.4
6779 14 21 18.2
6802 14 21 18.3
6805 14 21 18.4
6809 14 21 18.5
6817 14 21 18.6
6818 14 21 18.5
6819 14 21 18.6
6823 15 21 18.7
6824 15 21 18.6
6826 15 21 18.7
6827 15 21 18.6
6836 15 21 18.7
6838 15 21 18.9
6839 16 21 19
6845 16 21 18.9
6846 16 21 18.7
6847 15 21 18.6
6854 15 21 18.7
6861 15 22 18.8
6866 15 22 18.9
6869 15 21 18.8
6872 15 21 18.9
6873 15 21 19
6874 15 21 18.9
6880 16 21 19
6887 15 21 18.9
6907 16 21 19
6912 16 21 19.1
6919 16 21 19.2
6927 16 21 19.1
6928 16 21 19.2
6934 16 21 19.3
6940 16 21 19.4
6947 16 21 19.3
6948 17 21 19.4
6950 17 22 19.6
6958 17 22 19.7
6965 17 22 19.6
6969 17 22 19.7
6996 17 23 19.8
6998 17 23 19.9
7005 17 23 19.7
7013 17 23 19.9
7021 17 23 19.8
7026 17 23 19.9
7044 17 23 20.2
7051 17 23 20.1
7052 17 23 19.9
7083 17 23 20
7087 17 23 20.1
7090 17 23 20.2
7092 17 23 20.1
7094 17 23 20.2
7097 17 23 20.1
7099 18 23 20.2
7115 18 23 20.3
7118 18 23 20.4
7120 18 23 20.5
7122 18 23 20.4
7128 18 23 20.3
7134 18 23 20.4
7139 18 23 20.5
7141 18 23 20.4
7149 18 24 20.5
7161 18 24 20.6
7183 18 24 20.7
7191 18 24 20.6
7194 18 24 20.7
7202 18 24 20.8
7217 18 24 20.9
7222 18 24 21
7237 18 24 21.1
7244 18 24 21
7245 18 24 21.1
7252 18 24 21
7258 18 24 21.1
7263 18 24 21.2
7284 18 25 21.3
7285 18 25 21.4
7293 18 25 21.3
7303 20 25 21.5
7312 19 25 21.4
7346 19 25 21.6
7354 19 25 21.7
7355 19 25 21.6
7361 19 25 21.5
7388 19 25 21.7
7396 19 25 21.6
7399 20 25 21.8
7415 20 25 21.9
7427 20 25 21.8
7429 20 25 21.7
7450 20 25 21.8
7451 20 25 21.9
7456 20 25 22
7458 20 25 21.9
7465 20 25 21.8
7475 21 25 21.9
7482 21 25 22
7489 21 25 22.1
7491 21 25 22.1
7511 21 25 22.3
7525 21 25 22.4
7530 21 25 22.5
7540 21 25 22.6
7550 21 25 22.7
7559 21 25 22.7
7566 21 25 22.8
7595 21 25 22.9
7602 22 25 23
7613 22 25 23.1
7616 22 25 23.2
7628 22 25 23.3
7633 22 25 23.4
7634 22 25 23.3
7648 22 25 23.4
7656 22 25 23.5
7662 22 25 23.6
7664 22 25 23.5
7681 22 25 23.6
7731 22 25 23.7
7849 23 25 23.8
7946 23 25 23.9
8114 23 25 24
8124 23 25 24.1
8158 23 25 24.2
8166 23 25 24.1
8178 23 25 24.2
8184 23 25 24.3
8238 24 25 24.4
8264 24 25 24.5
8335 24 25 24.6
8412 24 25 24.7
8444 24 25 24.8
8480 24 25 24.9
8776 25 25 25
9286 24 25 24.9
9657 23 25 24.8
9841 24 25 24.9
9872 24 25 24.8
10047 24 25 24.9
10157 24 25 24.8
10243 23 25 24.7
10342 23 25 24.6
10348 23 25 24.5
10528 23 25 24.4
10567 23 25 24.3
10634 23 25 24.4
10671 24 25 24.5
10697 24 25 24.6
10713 23 25 24.5
10719 23 25 24.4
10738 23 25 24.5
10938 23 25 24.4
11055 23 25 24.5
11234 23 25 24.6
11251 23 25 24.7
11255 24 25 24.8
11576 24 25 24.9
11845 25 25 25
13615 24 25 24.9
14363 25 25 25
21237 24 25 24.9
21614 25 25 25
30636 24 25 24.9
30980 25 25 25
33129 24 25 24.9
33672 25 25 25
56358 24 25 24.9
56619 25 25 25
60120 24 25 24.9
60504 25 25 25
88266 24 25 24.9
89035 25 25 25
162104 24 25 24.9
162722 25 25 25
300000 25 25 25
