0 0 0 0
4144 0 1 0.1
4169 0 1 0.2
4191 0 1 0.3
4249 0 1 0.4
4253 0 1 0.5
4257 0 1 0.6
4260 0 2 0.7
4274 0 2 0.8
4276 0 2 0.9
4284 0 2 1
4285 0 2 1
4286 0 3 1.1
4290 0 4 1.2
4292 0 4 1.3
4298 0 4 1.4
4303 1 4 1.5
4305 1 5 1.6
4312 1 4 1.5
4314 1 4 1.5
4328 1 4 1.7
4333 1 4 1.8
4336 1 4 1.9
4357 1 4 2
4388 1 4 2.1
4395 1 4 2.2
4396 1 4 2.1
4397 1 4 2.2
4398 1 4 2.3
4417 1 4 2.4
4422 1 4 2.5
4429 1 4 2.5
4434 1 4 2.6
4438 1 4 2.7
4442 1 4 2.7
4447 1 4 2.8
4449 1 4 2.9
4453 2 4 3
4456 2 4 3
4460 2 4 3
4471 2 4 3.1
4474 2 4 3.2
4475 3 4 3.3
4478 3 4 3.3
4484 3 4 3.4
4486 3 4 3.5
4487 3 5 3.6
4491 2 5 3.6
4494 2 4 3.5
4532 2 4 3.6
4539 2 5 3.7
4541 2 5 3.8
4564 2 5 3.9
4571 2 5 3.8
4577 2 5 3.7
4580 2 5 3.6
4581 2 6 3.7
4588 2 6 3.8
4596 2 5 3.7
4604 2 5 3.8
4606 2 5 3.9
4610 2 6 4
4613 2 6 3.9
4616 2 7 4.1
4618 2 6 4
4620 2 6 3.9
4621 2 6 3.9
4624 2 6 3.9
4625 2 6 4
4634 2 6 4.1
4635 2 6 4.2
4641 2 6 4
4642 2 6 4
4645 3 6 4.1
4650 3 6 4.1
4653 3 6 4.2
4654 3 6 4.3
4655 3 5 4.2
4660 3 5 4.1
4661 3 6 4.2
4668 3 5 4.1
4674 3 5 4.2
4680 3 5 4.2
4681 3 5 4.3
4682 3 5 4.2
4683 3 5 4.3
4689 3 5 4.3
4691 4 5 4.4
4695 4 6 4.5
4703 4 7 4.6
4707 4 7 4.7
4710 4 7 4.6
4718 4 7 4.6
4720 4 6 4.5
4722 3 6 4.4
4734 3 6 4.5
4740 3 6 4.4
4743 3 6 4.3
4768 3 6 4.4
4769 3 6 4.5
4772 4 6 4.6
4773 4 6 4.7
4776 4 6 4.6
4780 4 6 4.6
4784 4 6 4.8
4785 4 7 4.9
4786 4 7 5
4791 4 7 5
4792 4 6 4.9
4795 4 6 4.9
4797 4 6 5
4803 4 6 5.1
4804 4 6 5.1
4805 4 6 5
4807 4 6 5
4809 4 6 4.9
4811 4 6 4.9
4814 4 6 4.9
4826 4 6 5
4833 4 6 5
4839 4 6 5.2
4846 4 6 5
4853 4 6 5.1
4855 4 6 5.1
4860 4 6 5.1
4863 4 6 5.1
4865 4 6 5.2
4872 4 6 5.2
4875 4 6 5.3
4883 4 6 5.4
4884 4 7 5.5
4886 4 7 5.6
4889 4 7 5.6
4891 4 6 5.6
4896 4 6 5.4
4897 4 7 5.4
4899 4 7 5.3
4902 4 7 5.5
4909 4 7 5.4
4911 4 7 5.4
4912 4 7 5.6
4914 5 7 5.7
4916 5 7 5.8
4920 5 7 5.8
4921 5 7 5.7
4923 5 7 5.8
4924 5 7 5.8
4926 5 7 5.9
4927 5 7 5.9
4928 5 7 5.9
4931 5 7 5.8
4933 5 7 5.8
4938 5 7 5.7
4942 5 7 5.7
4954 5 7 5.8
4958 5 7 5.9
4964 5 8 6
4966 5 8 5.9
4969 5 8 5.9
4972 5 7 5.8
4976 5 7 5.7
4977 5 7 5.8
4979 5 8 5.9
4986 5 7 5.8
4989 5 7 5.9
4991 5 8 6
4995 5 8 6
4997 5 8 6
4999 5 8 6.1
5003 5 8 6.1
5025 5 8 6.2
5030 5 9 6.3
5033 5 9 6.4
5034 5 9 6.4
5036 5 9 6.5
5043 5 9 6.6
5044 5 9 6.5
5045 5 9 6.6
5048 5 9 6.7
5054 5 9 6.8
5055 5 9 6.8
5062 5 9 6.8
5066 5 9 6.9
5068 5 9 7
5070 5 9 7.1
5074 5 9 7.3
5082 5 9 7.3
5083 5 9 7.2
5084 5 9 7.3
5085 5 9 7.4
5090 5 9 7.5
5091 5 9 7.5
5097 5 9 7.4
5098 5 9 7.3
5099 5 9 7.1
5100 5 9 7.2
5104 5 10 7.4
5105 6 10 7.5
5106 6 10 7.6
5107 6 10 7.7
5111 6 10 7.7
5112 5 10 7.7
5113 5 10 7.8
5114 5 10 7.9
5121 5 10 7.9
5122 5 9 7.8
5123 6 9 7.8
5129 6 9 7.7
5131 6 9 7.7
5136 6 9 7.8
5138 6 9 7.8
5144 6 9 7.8
5145 6 9 7.5
5148 6 9 7.6
5152 6 9 7.5
5153 6 9 7.7
5155 6 9 7.7
5160 6 9 7.6
5161 6 9 7.7
5164 7 9 7.9
5169 7 10 8
5171 5 10 7.9
5172 5 10 7.7
5174 6 10 7.9
5176 6 10 7.8
5177 6 10 7.7
5178 6 10 7.8
5182 6 10 7.8
5183 6 10 7.8
5184 6 11 7.9
5190 6 11 8
5191 6 11 8.1
5192 6 10 8
5198 6 11 8
5204 6 11 8.2
5205 6 10 8.1
5208 6 10 8.1
5211 6 10 8
5212 6 10 7.8
5213 6 10 7.6
5230 6 10 7.5
5231 6 10 7.6
5238 6 10 7.7
5239 6 10 7.7
5242 6 10 7.8
5248 6 10 7.8
5252 6 10 7.7
5256 6 10 7.6
5259 6 10 7.8
5264 7 10 7.9
5266 7 10 7.9
5267 6 10 7.7
5273 6 10 7.7
5278 6 10 7.8
5280 6 10 7.9
5281 6 10 7.8
5283 6 10 7.7
5286 6 10 7.8
5288 6 10 7.7
5307 6 10 7.8
5317 6 10 7.9
5329 6 10 8
5334 6 10 8.1
5337 6 10 8
5341 6 10 8
5342 6 10 8.1
5343 6 10 8.1
5344 6 10 8.1
5345 6 10 8.1
5349 6 11 8.2
5350 6 11 8.2
5353 7 11 8.3
5357 7 10 8.2
5362 7 10 8.3
5365 6 10 8.2
5366 6 10 8.2
5369 6 10 8.1
5370 6 10 7.9
5373 6 10 8
5379 6 10 8.1
5380 6 10 8.2
5381 6 10 8.1
5384 6 10 8.2
5386 6 10 8.2
5392 6 10 8
5394 7 10 8.1
5401 7 10 8.1
5404 7 11 8.2
5410 7 11 8.3
5411 7 10 8.1
5414 7 10 8.2
5424 7 10 8.3
5432 7 10 8.2
5434 7 9 8.1
5451 7 9 8.2
5458 7 9 8.3
5465 6 9 8.1
5467 5 9 8
5476 5 9 8.1
5479 5 10 8.2
5482 5 10 8.3
5484 5 10 8.3
5485 5 10 8.2
5487 5 10 8.1
5492 5 9 8
5493 5 9 8.1
5500 5 9 8.1
5513 5 10 8.2
5514 6 10 8.3
5521 6 10 8.4
5522 5 10 8.2
5523 5 10 8.3
5531 5 10 8.2
5539 5 10 8.2
5541 5 10 8.3
5543 5 10 8.4
5550 5 10 8.4
5551 5 10 8.5
5557 5 10 8.6
5559 5 10 8.6
5564 5 10 8.7
5580 6 11 9
5581 7 11 9.1
5587 7 10 8.9
5594 8 10 9
5599 8 10 9.1
5600 7 10 9
5601 7 10 9.1
5603 7 10 9.2
5607 7 10 9.1
5608 7 10 9
5616 8 10 9.1
5617 8 10 9.2
5622 8 11 9.3
5623 8 12 9.4
5625 8 12 9.3
5631 8 12 9.4
5638 8 12 9.4
5639 8 12 9.5
5643 8 12 9.6
5647 8 12 9.5
5649 8 12 9.7
5651 8 12 9.6
5652 8 12 9.5
5653 8 12 9.6
5656 8 12 9.4
5661 8 12 9.4
5671 8 12 9.5
5672 8 12 9.7
5678 9 12 9.7
5680 9 12 9.6
5685 9 12 9.6
5686 8 12 9.5
5694 8 12 9.6
5696 8 12 9.5
5701 8 12 9.4
5703 8 12 9.5
5705 8 13 9.6
5711 8 13 9.5
5713 8 12 9.4
5716 8 12 9.5
5719 9 12 9.6
5726 8 12 9.5
5734 9 12 9.6
5741 8 12 9.5
5750 8 12 9.6
5758 8 12 9.5
5759 8 12 9.5
5771 8 12 9.6
5773 8 13 9.7
5781 8 13 9.8
5788 9 13 10
5793 9 13 10.1
5794 9 13 10.2
5805 9 13 10.1
5809 9 13 10.2
5819 9 13 10.3
5823 9 13 10.4
5828 8 13 10.2
5839 8 13 10.3
5843 8 13 10.4
5846 8 13 10.5
5847 8 13 10.4
5850 8 13 10.5
5857 8 13 10.4
5864 8 13 10.5
5868 8 13 10.6
5870 8 13 10.7
5877 8 13 10.8
5878 8 13 10.7
5884 8 13 10.6
5885 8 13 10.7
5896 8 13 10.8
5900 9 13 10.9
5903 9 13 10.9
5905 9 13 10.9
5908 9 13 11
5911 8 13 10.9
5912 9 13 11
5914 9 13 11.1
5919 9 13 11.1
5920 9 13 11
5922 9 13 11
5925 10 13 11.1
5929 10 13 11.3
5933 10 13 11.4
5937 9 13 11
5945 9 13 11.1
5953 9 13 11.1
5957 10 13 11.2
5960 10 13 11.1
5967 10 13 11.2
5972 10 13 11
5973 10 13 11.1
5975 10 13 11
5990 10 13 11.1
5991 9 13 11
5998 10 13 11.1
6002 10 14 11.2
6005 10 14 11.2
6008 10 14 11.3
6015 10 14 11.2
6029 10 14 11.3
6037 9 14 11.1
6041 9 14 11.2
6047 9 14 11.3
6048 9 14 11.4
6056 9 14 11.2
6062 9 14 11.3
6074 9 14 11.4
6081 9 14 11.3
6082 9 14 11.3
6089 9 14 11.1
6097 9 14 10.9
6100 9 14 11
6103 9 14 11.1
6104 9 14 11.2
6108 9 14 11.1
6110 9 14 11
6121 9 14 11.1
6128 9 14 11
6133 9 14 11.1
6135 9 14 11.2
6139 10 14 11.3
6141 10 14 11.2
6143 10 14 11.1
6147 10 14 11.1
6152 9 14 11
6157 9 14 11.1
6158 9 14 11.2
6166 9 14 11.1
6188 9 14 11.2
6208 9 15 11.3
6212 9 15 11.4
6218 9 15 11.5
6225 9 15 11.6
6233 9 15 11.5
6261 9 15 11.6
6268 9 15 11.7
6304 9 15 11.8
6318 9 15 11.9
6325 9 15 11.9
6329 10 15 12
6338 10 15 12
6343 10 15 12.1
6349 10 15 12.2
6378 10 15 12.3
6383 10 15 12.1
6388 11 15 12.3
6403 11 15 12.4
6409 11 15 12.5
6419 11 15 12.6
6423 11 15 12.8
6427 11 15 12.9
6431 11 15 12.8
6434 11 15 12.9
6435 11 15 13
6441 11 15 12.9
6443 11 15 12.8
6450 11 15 12.9
6454 11 16 13
6459 11 16 13.1
6460 11 16 13.2
6462 11 16 13.1
6474 11 16 13.2
6485 11 16 13.3
6492 11 16 13.1
6496 11 16 13.2
6503 11 16 13.1
6512 11 16 13.2
6530 12 16 13.3
6545 12 16 13.4
6557 12 16 13.5
6562 12 16 13.4
6565 12 16 13.3
6584 12 16 13.4
6602 12 16 13.5
6606 12 16 13.6
6614 12 16 13.5
6646 12 16 13.6
6648 10 16 13.4
6654 10 16 13.1
6658 9 16 13
6716 9 16 13.1
6732 9 16 13.2
6739 9 16 13
6765 9 16 13.1
6793 9 16 12.9
6804 10 16 13
6811 9 16 12.9
6816 9 16 13
6824 10 16 13.1
6832 10 16 13.1
6845 10 16 13.2
6883 10 16 13
6887 10 16 13.1
6897 10 16 13.2
6904 10 16 13.2
6907 10 16 13.3
6926 10 16 13.4
6943 10 16 13.3
6959 10 16 13.4
6961 10 16 13.5
6975 11 16 13.7
6983 11 16 13.6
6994 11 16 13.7
7032 11 16 13.8
7039 11 16 13.9
7051 11 16 14
7061 11 16 14.1
7077 11 16 14.2
7080 11 16 14.1
7084 10 16 13.9
7104 10 16 14
7114 10 16 14.1
7116 10 16 14.2
7124 10 16 14.1
7126 10 16 14
7175 10 16 14.1
7182 9 16 13.9
7267 9 16 14
7280 9 16 13.9
7295 9 16 14
7297 8 16 13.9
7311 9 16 14
7316 9 16 14.1
7322 9 16 14.2
7329 9 16 14.2
7339 9 16 14.3
7380 9 16 14.4
7405 9 16 14.6
7412 9 16 14.4
7428 9 16 14.3
7436 9 16 14.1
7473 9 16 14.2
7501 9 16 14.4
7508 9 16 14.2
7542 9 16 14.3
7583 9 16 14.4
7590 9 16 14.2
7620 10 16 14.3
7677 10 16 14.4
7717 11 16 14.5
7723 11 16 14.6
7725 10 16 14.5
7728 10 16 14.6
7776 10 16 14.7
7785 11 16 14.8
7793 10 16 14.7
7817 10 16 14.9
7824 10 16 14.8
7826 11 16 14.9
7834 10 16 14.8
7835 9 16 14.7
7854 10 16 14.8
7929 11 16 14.9
7937 10 16 14.8
8022 10 16 14.9
8053 11 16 15
8089 11 16 15.1
8222 10 16 14.9
8229 11 16 15
8325 11 16 15.1
8353 11 16 15.2
8417 12 16 15.3
8425 10 16 15.1
8463 10 16 15.2
8499 11 16 15.3
8508 10 16 15.2
8572 10 16 15.3
8595 12 16 15.5
8603 12 16 15.5
8634 12 16 15.4
8705 13 16 15.5
8860 13 16 15.6
9053 13 16 15.7
9062 15 16 15.9
9351 16 16 16
9989 15 16 15.9
10340 16 16 16
22941 15 16 15.9
23177 15 16 15.8
23263 15 16 15.9
23679 16 16 16
37102 15 16 15.9
37589 16 16 16
53034 15 16 15.9
53039 14 16 15.8
53349 15 16 15.9
53351 14 16 15.8
53356 13 16 15.7
53362 11 16 15.5
53535 12 16 15.6
53544 11 16 15.5
53576 12 16 15.6
53586 12 16 15.6
53699 13 16 15.7
54015 14 16 15.8
54023 12 16 15.6
54071 13 16 15.7
54079 11 16 15.5
54235 12 16 15.6
54290 13 16 15.7
54302 12 16 15.6
54530 10 16 15.4
54538 11 16 15.5
54546 10 16 15.4
54716 12 16 15.6
54725 10 16 15.4
54730 9 16 15.3
54771 10 16 15.4
54908 11 16 15.5
54963 12 16 15.6
54971 11 16 15.5
55059 12 16 15.6
55101 13 16 15.7
55128 14 16 15.8
55292 15 16 15.9
55300 14 16 15.8
55430 15 16 15.9
56117 16 16 16
104335 15 16 15.9
104678 16 16 16
113092 14 16 15.8
113096 13 16 15.7
113236 14 16 15.8
113244 12 16 15.6
113510 13 16 15.7
113524 12 16 15.6
113634 13 16 15.7
113641 11 16 15.5
113661 12 16 15.6
113669 11 16 15.5
113675 12 16 15.6
113813 13 16 15.7
113821 12 16 15.6
113922 13 16 15.7
113931 12 16 15.6
113950 13 16 15.7
113959 12 16 15.6
113963 11 16 15.5
113978 12 16 15.6
113987 11 16 15.5
113990 10 16 15.4
114032 11 16 15.5
114041 10 16 15.4
114197 11 16 15.5
114205 11 16 15.5
114430 12 16 15.6
114431 13 16 15.7
114439 12 16 15.6
114588 11 16 15.5
114622 13 16 15.7
114630 12 16 15.6
114815 13 16 15.7
114931 12 16 15.6
114952 13 16 15.7
115076 14 16 15.8
115351 15 16 15.9
115474 16 16 16
135043 15 16 15.9
135379 16 16 16
146127 15 16 15.9
146460 16 16 16
172211 15 16 15.9
172987 16 16 16
188530 13 16 15.7
188757 14 16 15.8
188765 10 16 15.4
188852 11 16 15.5
188860 10 16 15.4
189059 13 16 15.7
189067 12 16 15.6
189141 13 16 15.7
189168 14 16 15.8
189176 13 16 15.7
189443 14 16 15.8
189452 13 16 15.7
189491 11 16 15.5
189759 12 16 15.6
189768 11 16 15.5
189869 12 16 15.6
189882 11 16 15.5
189896 12 16 15.6
189904 10 16 15.4
189951 11 16 15.5
189979 12 16 15.6
190336 13 16 15.7
190350 14 16 15.8
190358 13 16 15.7
190404 14 16 15.8
190507 13 16 15.7
190638 14 16 15.8
190707 15 16 15.9
191077 16 16 16
192252 15 16 15.9
192665 16 16 16
197003 15 16 15.9
197497 16 16 16
205204 15 16 15.9
205857 16 16 16
208651 15 16 15.9
208850 16 16 16
211072 15 16 15.9
211230 16 16 16
245077 15 16 15.9
245627 16 16 16
260332 15 16 15.9
260655 16 16 16
262770 15 16 15.9
263024 16 16 16
278867 15 16 15.9
278970 16 16 16
292542 15 16 15.9
293105 16 16 16
300000 16 16 16
