0 0 0 0
4144 0 1 0.1
4169 0 1 0.2
4191 0 1 0.3
4260 0 2 0.4
4291 0 2 0.5
4298 0 2 0.6
4299 0 1 0.5
4336 0 1 0.6
4397 0 2 0.7
4398 0 2 0.8
4427 0 1 0.7
4438 0 1 0.8
4490 0 1 0.9
4512 0 2 1
4569 0 2 1
4591 0 2 1
4606 0 2 1.1
4622 0 2 1.1
4653 0 2 1.2
4670 0 2 1.1
4683 1 2 1.2
4695 1 2 1.3
4779 1 2 1.5
4786 1 2 1.5
4789 1 3 1.6
4798 1 2 1.5
4803 1 2 1.6
4806 1 2 1.5
4863 1 2 1.6
4867 1 2 1.6
4875 1 2 1.7
4883 1 2 1.8
4885 1 2 1.7
4890 1 2 1.7
4898 1 2 1.7
4911 1 3 1.8
4912 1 3 1.9
4939 1 2 1.8
4957 1 3 1.9
4960 1 3 1.9
4964 1 3 1.9
4992 1 3 2
4999 1 3 2.1
5005 1 3 2.1
5013 1 3 2.1
5022 1 3 2.1
5033 1 3 2
5041 1 3 2
5047 1 3 2.1
5050 1 3 2.2
5062 1 3 2.3
5067 1 3 2.4
5068 1 3 2.5
5075 1 3 2.3
5076 1 3 2.4
5084 1 3 2.3
5106 1 3 2.4
5113 1 3 2.4
5117 2 3 2.5
5118 2 3 2.4
5119 2 3 2.5
5122 2 4 2.6
5129 2 4 2.6
5130 2 4 2.5
5132 2 3 2.4
5134 2 3 2.3
5153 2 3 2.4
5162 2 3 2.3
5184 2 4 2.4
5185 2 4 2.4
5191 2 4 2.5
5215 2 4 2.6
5229 2 4 2.7
5236 2 4 2.6
5240 2 4 2.7
5250 2 4 2.7
5254 2 4 2.6
5301 2 4 2.8
5309 2 4 2.9
5311 2 4 3
5316 2 4 3.1
5317 2 4 3.2
5318 2 4 3.3
5328 2 4 3.4
5338 2 4 3.3
5344 2 4 3.4
5351 2 4 3.3
5370 2 4 3.2
5413 2 4 3.3
5414 2 4 3.4
5419 2 4 3.5
5421 2 4 3.4
5448 2 4 3.5
5452 2 4 3.6
5535 2 4 3.5
5544 2 4 3.6
5564 2 4 3.7
5579 2 4 3.6
5627 2 4 3.7
5632 2 4 3.8
5679 3 4 3.9
5940 4 4 4
7480 3 4 3.9
7514 4 4 4
36903 3 4 3.9
37061 4 4 4
56959 3 4 3.9
57103 4 4 4
106917 3 4 3.9
107254 4 4 4
163079 3 4 3.9
163265 4 4 4
198715 3 4 3.9
198900 4 4 4
210948 3 4 3.9
211146 4 4 4
216110 2 4 3.8
216272 2 4 3.7
216295 3 4 3.8
216302 1 4 3.6
216370 2 4 3.7
216403 2 4 3.8
216460 3 4 3.9
216514 4 4 4
300000 4 4 4
