0 0 0 0
4167 0 1 0.1
4169 0 2 0.2
4174 0 2 0.2
4179 0 2 0.3
4186 0 2 0.3
4208 0 2 0.4
4227 0 2 0.5
4234 0 2 0.6
4236 0 2 0.7
4237 0 2 0.8
4239 0 3 0.9
4240 0 3 1
4242 0 3 1.1
4244 0 3 1.2
4261 0 3 1.3
4270 0 3 1.3
4276 0 3 1.5
4277 0 3 1.6
4283 0 4 1.7
4285 0 4 1.7
4293 0 4 1.9
4302 0 4 1.9
4307 0 4 2
4312 0 4 2.1
4313 0 5 2.2
4316 1 5 2.3
4320 1 6 2.4
4323 1 6 2.5
4324 1 6 2.5
4325 1 6 2.5
4331 1 6 2.4
4332 1 6 2.5
4333 1 6 2.6
4338 1 6 2.7
4339 1 6 2.7
4350 1 6 2.8
4364 1 6 2.9
4369 1 6 3
4370 1 6 3.1
4371 1 6 3.2
4378 1 6 3.2
4379 1 6 3.2
4381 1 6 3.3
4387 2 6 3.4
4389 2 6 3.5
4390 2 7 3.7
4391 2 8 3.8
4393 2 8 3.9
4397 2 7 3.9
4398 2 7 3.9
4399 2 6 3.8
4400 2 6 3.8
4401 2 6 3.9
4405 2 6 3.9
4407 2 6 4
4415 2 6 4
4419 2 6 4.1
4422 2 6 4.2
4427 2 6 4.3
4430 2 6 4.4
4434 2 6 4.3
4438 2 6 4.4
4442 2 6 4.5
4444 3 6 4.6
4446 3 7 4.7
4450 3 7 4.7
4451 3 7 4.8
4458 3 7 4.9
4459 4 7 5
4462 4 7 5.2
4463 4 7 5.5
4464 4 7 5.9
4470 4 7 5.8
4471 4 8 5.8
4472 4 8 5.9
4479 4 8 6
4481 5 8 6.1
4482 5 8 6.2
4484 5 8 6.3
4488 5 8 6.3
4492 5 8 6.3
4497 5 8 6.4
4498 5 8 6.5
4501 5 8 6.6
4507 5 9 6.7
4509 5 9 6.8
4510 5 9 6.9
4513 5 9 7
4514 5 9 7.1
4516 5 9 7.1
4520 5 9 7.1
4521 5 9 7.3
4522 5 9 7.3
4524 5 9 7.4
4530 5 9 7.4
4532 5 9 7.4
4534 5 10 7.5
4535 5 10 7.6
4538 5 10 7.7
4541 5 10 7.9
4542 5 10 7.8
4544 5 10 7.8
4545 5 10 7.8
4546 5 10 7.9
4548 5 10 7.9
4549 5 10 8
4553 5 10 8
4554 5 10 8.1
4555 5 10 8.2
4556 5 10 8.2
4561 5 11 8.3
4563 5 11 8.3
4564 5 11 8.4
4568 5 11 8.5
4569 5 12 8.6
4570 5 11 8.5
4571 5 11 8.5
4574 5 11 8.5
4575 5 11 8.5
4576 5 11 8.6
4577 5 10 8.5
4581 5 10 8.7
4583 5 10 8.7
4588 5 10 8.6
4589 5 11 8.7
4590 6 11 8.8
4593 6 11 8.7
4595 6 11 8.8
4606 7 11 8.9
4607 7 11 9
4609 7 11 9.1
4611 6 11 9
4612 6 11 9
4613 6 11 9
4615 6 11 9
4616 6 11 9
4617 7 11 9.1
4619 7 11 9
4620 7 11 9
4621 7 11 9
4623 7 11 9
4627 7 11 9.1
4632 7 12 9.2
4637 7 12 9.3
4638 7 12 9.3
4639 7 12 9.3
4640 7 12 9.4
4642 8 12 9.5
4647 8 12 9.6
4648 8 12 9.7
4649 8 13 9.8
4653 8 13 9.8
4655 8 13 9.9
4656 8 13 10
4657 8 13 10
4658 8 13 10.1
4659 8 13 10
4660 8 13 9.9
4661 8 13 10
4662 8 13 10
4663 8 13 10
4664 8 13 9.9
4666 8 13 10
4668 8 13 10
4670 8 14 10.1
4672 8 14 10.2
4674 8 14 10.3
4677 8 14 10.4
4678 9 13 10.4
4679 9 13 10.3
4680 9 13 10.4
4681 9 13 10.5
4682 9 13 10.4
4684 9 13 10.4
4686 9 13 10.5
4692 9 13 10.6
4693 9 13 10.6
4694 9 13 10.5
4698 9 13 10.6
4699 9 13 10.7
4701 9 13 10.7
4706 9 13 10.8
4707 9 13 10.7
4709 9 13 10.8
4710 9 13 10.8
4716 9 13 10.9
4722 9 13 11
4727 9 13 11.2
4728 9 13 11.3
4730 9 14 11.4
4734 9 14 11.4
4736 9 14 11.5
4738 9 15 11.7
4739 9 15 11.8
4742 9 16 12.1
4743 9 16 12.2
4744 9 16 12.2
4745 9 16 12.4
4746 9 17 12.5
4747 9 17 12.6
4748 9 17 12.6
4749 9 16 12.5
4750 9 16 12.5
4751 9 15 12.5
4753 9 16 12.6
4754 9 16 12.6
4756 9 16 12.7
4758 9 16 12.7
4759 9 16 12.8
4760 9 16 12.8
4761 9 16 12.9
4762 9 16 13
4763 10 16 13.1
4764 10 16 13
4765 10 16 13.1
4766 10 16 13.4
4767 10 17 13.6
4768 10 17 13.5
4769 10 17 13.5
4770 10 18 13.6
4771 10 18 13.5
4773 10 18 13.5
4774 10 18 13.3
4777 10 17 13.1
4778 10 17 13
4779 10 17 13.1
4781 10 17 13.2
4785 10 17 13.2
4787 11 17 13.4
4788 11 17 13.5
4791 11 17 13.7
4795 11 17 13.8
4796 11 17 13.9
4797 11 17 13.9
4799 11 17 13.9
4800 11 17 14
4803 11 17 14
4804 11 17 13.9
4805 11 17 14
4806 11 17 13.9
4807 11 17 13.8
4808 11 17 13.7
4809 11 17 13.9
4812 11 17 14
4813 11 17 14.1
4814 11 17 14.2
4815 11 17 14.3
4816 11 17 14.3
4817 11 17 14.2
4820 11 17 14
4821 11 17 14
4822 11 17 13.9
4823 11 17 14.1
4825 12 17 14.2
4826 12 17 14.3
4827 12 18 14.4
4828 12 18 14.4
4831 12 18 14.4
4832 12 18 14.5
4833 11 18 14.4
4834 11 18 14.6
4835 11 18 14.5
4836 11 18 14.5
4838 11 19 14.6
4839 11 18 14.5
4840 11 18 14.6
4841 11 18 14.6
4842 11 18 14.6
4845 11 18 14.7
4846 11 17 14.6
4847 11 17 14.8
4848 11 18 14.9
4849 11 18 14.9
4850 11 18 15
4852 12 18 15
4853 12 18 14.9
4854 12 18 14.7
4855 12 18 14.6
4856 12 18 14.6
4857 12 18 14.6
4859 12 18 14.6
4860 12 18 14.6
4861 11 18 14.5
4863 11 18 14.4
4864 11 18 14.3
4865 11 18 14.3
4867 12 18 14.5
4873 12 18 14.4
4874 12 18 14.4
4875 12 18 14.4
4876 12 19 14.5
4883 12 19 14.6
4887 12 19 14.6
4890 12 19 14.5
4891 12 19 14.5
4892 12 19 14.5
4894 12 19 14.6
4897 12 19 14.6
4898 12 19 14.5
4899 12 19 14.6
4900 12 19 14.6
4902 12 19 14.6
4907 13 19 14.7
4909 13 19 14.8
4913 13 19 14.9
4914 13 19 15
4915 13 19 14.9
4916 13 19 14.9
4917 13 19 14.9
4918 13 19 15.1
4921 13 19 15.1
4922 13 19 15.1
4924 13 20 15.1
4925 13 20 15.1
4926 13 20 15.2
4927 13 20 15.1
4929 13 20 15.1
4931 13 20 15.1
4933 13 20 15.2
4936 13 20 15.3
4937 13 20 15.2
4939 13 20 15.2
4942 13 20 15.1
4943 13 21 15.3
4945 13 21 15.5
4950 13 21 15.5
4952 13 21 15.6
4953 13 21 15.6
4956 13 21 15.7
4957 13 21 15.6
4958 13 21 15.7
4961 13 21 15.8
4962 13 21 15.9
4964 13 21 15.8
4965 13 21 15.8
4968 13 21 15.8
4969 13 21 16
4976 13 21 16
4977 13 21 16
4978 13 21 16.1
4981 13 21 16.3
4982 13 21 16.4
4984 13 21 16.4
4986 13 21 16.3
4987 13 21 16.2
4988 13 21 16.3
4990 13 21 16.2
4991 13 22 16.3
4993 13 22 16.4
4994 13 22 16.6
4996 13 22 16.6
4998 13 23 16.8
4999 13 22 16.8
5003 13 22 16.9
5006 14 22 16.9
5007 14 22 17
5008 14 22 17
5009 14 22 17
5010 14 22 17.1
5012 14 22 17.2
5013 14 22 17.2
5014 14 22 17.3
5015 14 22 17.3
5020 14 22 17.3
5021 14 22 17.4
5024 14 22 17.4
5025 13 22 17.3
5026 13 22 17.3
5031 14 22 17.4
5032 14 22 17.5
5033 14 22 17.6
5034 14 22 17.6
5036 14 22 17.7
5038 14 22 17.7
5039 14 22 17.6
5040 14 22 17.6
5041 14 22 17.6
5042 14 22 17.6
5043 14 22 17.6
5044 14 22 17.6
5045 14 22 17.7
5047 14 22 17.8
5048 14 22 17.8
5051 14 22 17.7
5053 14 22 17.7
5054 14 22 17.7
5055 14 22 17.8
5056 14 21 17.6
5057 14 21 17.6
5058 14 22 17.8
5059 14 22 17.9
5060 15 22 18.1
5062 15 22 18.2
5063 15 22 18.3
5064 15 22 18.1
5065 15 22 18.1
5066 15 22 17.7
5067 15 22 17.7
5068 15 22 17.7
5070 15 22 17.5
5071 15 22 17.6
5072 15 22 17.7
5073 15 22 17.8
5074 15 22 17.9
5075 15 22 17.9
5076 15 22 18
5079 15 22 18
5081 15 22 17.9
5082 13 22 17.6
5083 13 22 17.6
5085 13 22 17.7
5087 12 22 17.7
5089 12 22 17.8
5091 12 22 17.9
5092 12 22 18
5093 12 21 17.8
5094 12 21 17.8
5095 13 21 18
5096 13 22 18.1
5098 13 22 18.2
5099 13 21 18.1
5100 13 21 18.1
5103 13 21 18
5105 13 21 18.2
5106 13 21 18.2
5107 13 21 18.1
5108 13 21 18.2
5109 13 21 18.3
5111 13 21 18.2
5112 13 21 18.2
5114 13 21 18.3
5115 14 21 18.3
5116 14 21 18.3
5117 14 21 18.4
5118 14 21 18.4
5120 14 21 18.4
5121 14 21 18.5
5122 14 21 18.3
5123 14 21 18.3
5125 14 21 18.4
5127 14 21 18.5
5128 15 21 18.6
5131 15 22 18.8
5132 15 22 19
5133 15 21 18.9
5135 14 21 18.9
5137 14 21 18.9
5138 14 21 18.8
5139 14 21 18.7
5140 14 21 18.4
5141 14 21 18.4
5142 14 21 18.5
5143 14 21 18.5
5144 14 21 18.5
5145 14 21 18.4
5146 14 21 18.5
5147 14 21 18.5
5148 14 22 18.7
5149 14 22 18.6
5150 14 22 18.5
5151 14 22 18.4
5152 14 22 18.3
5153 14 22 18.2
5155 14 22 18.3
5157 14 22 18.3
5162 14 22 18.2
5163 14 22 18.4
5166 14 22 18.4
5168 14 22 18.5
5170 14 22 18.5
5171 14 22 18.3
5172 14 22 18.4
5173 14 22 18.5
5174 14 22 18.5
5175 15 22 18.6
5176 15 22 18.7
5179 15 22 18.5
5181 15 22 18.3
5183 15 22 18.3
5184 15 22 18.1
5185 15 22 18.1
5188 15 22 18.2
5189 15 22 18.3
5190 15 22 18.3
5192 15 22 18.4
5194 16 23 18.6
5195 16 23 18.7
5196 16 23 18.7
5197 16 23 18.8
5198 16 23 18.8
5199 16 23 18.8
5200 15 23 18.7
5201 16 23 18.8
5205 16 23 18.9
5208 16 23 18.8
5209 14 23 18.6
5210 14 22 18.5
5211 14 22 18.5
5212 14 22 18.5
5213 14 22 18.6
5214 14 22 18.7
5216 14 22 18.8
5219 14 22 18.7
5220 14 22 18.8
5221 14 22 18.8
5222 14 22 18.8
5223 14 22 18.9
5227 14 22 19
5231 14 22 18.9
5233 14 22 19
5234 14 23 19.1
5236 14 23 19.2
5237 14 24 19.3
5239 14 24 19.2
5240 14 24 19.2
5241 14 24 19.2
5242 14 24 19.2
5244 14 24 19.2
5245 14 24 19.1
5246 14 24 19.1
5248 14 24 19.1
5249 14 24 19.1
5250 14 24 19.1
5252 14 24 19.3
5254 14 25 19.4
5256 14 25 19.7
5257 14 24 19.6
5258 14 24 19.7
5259 14 24 19.6
5260 14 24 19.7
5261 14 24 19.8
5262 14 24 19.8
5263 14 24 19.7
5264 14 24 19.8
5265 14 24 19.7
5267 14 24 19.7
5268 14 24 19.8
5269 15 24 20.2
5270 15 24 20.2
5272 15 24 20.2
5273 15 24 20.3
5276 15 24 20.4
5277 15 24 20.3
5278 15 24 20.3
5280 15 25 20.4
5281 15 25 20.2
5282 16 25 20.3
5283 16 25 20.4
5286 16 25 20.5
5287 16 25 20.6
5288 17 24 20.6
5290 16 24 20.5
5291 16 24 20.4
5292 16 24 20.5
5294 16 24 20.5
5295 16 25 20.6
5296 17 25 20.7
5297 17 25 20.8
5298 17 25 20.8
5299 17 25 20.7
5300 17 25 20.5
5303 17 25 20.5
5305 17 25 20.6
5306 17 25 20.6
5307 17 25 20.8
5309 17 25 20.8
5310 18 25 20.8
5313 18 25 20.7
5315 18 25 20.7
5316 18 25 20.5
5317 18 25 20.5
5318 16 25 20.3
5320 16 25 20.2
5321 16 25 20.1
5322 16 25 20.2
5323 16 25 20.2
5325 16 25 20.3
5327 16 25 20.4
5329 16 25 20.5
5332 17 25 20.5
5334 17 25 20.7
5337 17 25 20.6
5338 17 25 20.5
5339 17 25 20.5
5341 17 25 20.4
5342 17 25 20.3
5343 17 25 20.3
5350 17 25 20.3
5351 17 25 20.4
5355 17 25 20.4
5356 17 25 20.3
5359 17 25 20.3
5360 18 25 20.4
5362 18 25 20.3
5364 18 25 20.3
5367 19 25 20.5
5368 19 25 20.6
5370 19 25 20.7
5373 19 25 20.8
5374 19 25 20.7
5375 19 25 20.8
5376 19 25 20.7
5377 19 25 20.7
5378 19 25 20.6
5379 19 25 20.8
5380 19 25 20.8
5381 19 25 20.8
5382 19 25 20.7
5384 19 26 20.8
5385 19 26 20.9
5387 19 26 21
5391 19 26 21.1
5392 19 25 21
5393 19 25 20.8
5394 19 25 20.7
5400 19 25 20.6
5401 19 25 20.7
5406 19 25 20.8
5407 19 25 20.7
5408 19 25 20.6
5410 19 25 20.7
5412 19 25 20.8
5417 19 25 21
5419 19 25 20.9
5420 19 25 21
5425 19 25 20.8
5428 19 26 20.9
5433 19 25 20.8
5434 19 25 20.9
5435 19 24 20.8
5437 19 24 20.9
5439 19 24 21
5442 19 24 20.9
5446 19 24 21.1
5447 19 24 21.1
5449 19 24 21.2
5450 19 24 21.1
5453 19 23 21.1
5454 19 23 21
5457 19 23 21
5458 19 23 21
5459 19 23 21.1
5461 20 23 21.3
5462 20 23 21.4
5463 20 23 21.5
5464 20 23 21.6
5466 21 23 21.7
5468 21 23 21.6
5470 20 23 21.5
5471 20 23 21.5
5472 20 24 21.6
5473 19 24 21.4
5475 19 24 21.5
5479 19 23 21.4
5480 20 23 21.5
5482 20 23 21.6
5485 20 24 21.7
5486 20 24 21.9
5487 19 24 21.9
5488 19 24 22
5490 19 24 22.1
5493 19 24 21.9
5494 19 24 21.7
5495 19 24 21.6
5496 19 24 21.8
5497 19 24 21.9
5498 19 24 21.9
5499 19 25 22.1
5500 19 25 22.2
5504 19 25 22
5505 19 25 22
5506 19 25 21.9
5507 19 24 21.8
5508 19 24 21.9
5509 19 24 21.7
5511 19 24 21.9
5512 19 24 22
5513 18 24 21.9
5517 18 24 21.8
5518 18 24 21.7
5519 18 24 21.6
5521 19 24 21.7
5524 19 24 21.9
5526 19 24 22
5531 19 24 22
5532 19 24 22
5533 19 24 21.9
5534 19 24 21.8
5538 19 24 21.9
5539 19 24 22
5545 19 24 22
5546 19 24 22
5547 19 24 22.1
5548 19 25 22.4
5553 19 25 22.7
5554 19 25 22.9
5555 19 26 22.9
5556 19 25 22.7
5559 19 25 22.8
5560 19 25 22.7
5562 19 25 22.7
5563 19 25 22.6
5564 19 25 22.7
5565 19 25 22.6
5567 19 25 22.5
5568 19 26 22.6
5572 19 27 22.6
5573 19 27 22.7
5575 19 27 22.8
5576 19 25 22.6
5577 19 25 22.7
5579 19 25 22.7
5581 19 25 22.6
5585 19 25 22.6
5587 19 25 22.5
5588 19 25 22.6
5592 19 25 22.7
5594 19 26 22.8
5596 19 26 22.8
5598 19 27 22.9
5599 19 27 22.9
5601 19 27 22.8
5609 19 27 22.9
5610 19 27 23
5613 19 27 23.1
5615 19 27 23.2
5617 19 27 23.2
5618 19 27 23
5620 19 27 23.1
5621 19 27 23.1
5623 19 27 23.3
5625 19 27 23.4
5626 20 27 23.5
5628 20 27 23.6
5629 20 27 23.6
5630 20 27 23.5
5631 20 27 23.4
5633 20 27 23.5
5634 19 28 23.5
5635 19 29 23.6
5636 19 29 23.7
5638 19 29 23.7
5640 19 29 23.8
5641 19 28 23.8
5642 19 28 23.7
5643 19 27 23.6
5644 19 27 23.5
5647 19 27 23.7
5648 19 27 23.6
5649 19 27 23.6
5650 19 27 23.7
5651 19 27 23.8
5654 19 27 23.9
5655 19 27 23.7
5656 19 27 23.8
5657 19 27 23.7
5660 19 28 23.8
5661 19 28 23.8
5663 19 29 23.9
5664 19 29 23.8
5665 19 29 23.7
5667 19 29 23.5
5669 19 29 23.4
5670 19 28 23.5
5674 19 28 23.6
5676 19 29 23.7
5678 19 29 23.6
5679 19 29 23.6
5680 19 29 23.7
5681 20 29 23.9
5685 20 28 23.8
5687 20 28 23.4
5688 20 28 23.3
5692 20 29 23.5
5693 20 29 23.4
5695 20 29 23.5
5698 20 29 23.7
5699 20 29 23.7
5700 20 28 23.5
5701 20 28 23.6
5702 20 28 23.5
5703 20 28 23.4
5705 20 28 23.6
5706 20 28 23.6
5708 20 28 23.7
5709 20 28 23.8
5710 20 28 23.9
5712 20 28 24.1
5713 20 28 23.9
5714 21 28 23.9
5715 21 28 24
5716 21 28 24.1
5717 21 28 23.9
5719 21 28 23.9
5721 21 28 23.9
5722 20 28 23.8
5723 19 28 23.7
5726 19 28 23.8
5728 20 28 23.9
5729 20 28 23.8
5730 21 28 23.9
5731 20 28 23.6
5732 20 28 23.8
5733 20 28 23.9
5734 21 28 24
5735 21 28 24.1
5737 20 28 24
5739 20 28 24
5742 20 28 24
5744 20 28 24.1
5746 20 28 24.2
5747 20 28 24.3
5750 20 28 24.4
5752 20 28 24.2
5753 21 28 24.3
5757 21 28 24.2
5758 21 28 24.4
5760 21 28 24.4
5761 21 28 24.6
5764 21 28 24.9
5766 22 28 24.8
5767 22 28 24.9
5769 22 28 25
5772 21 28 24.9
5773 21 28 24.8
5775 21 28 25
5777 21 28 24.9
5778 21 28 25
5779 21 28 25
5780 21 28 24.9
5781 21 28 25
5783 21 28 25
5784 21 28 25.1
5785 21 29 25.2
5789 22 29 25.2
5791 22 29 25.1
5792 22 28 25
5793 22 28 25.1
5794 22 28 25.2
5796 22 28 25.2
5799 22 28 25.3
5800 22 28 25.1
5801 22 28 25.2
5802 22 28 25.1
5805 22 28 25.1
5806 22 29 25.2
5807 22 29 25.1
5808 22 29 25.3
5815 22 28 25.2
5816 22 28 25.1
5818 22 28 25.2
5836 23 28 25.4
5842 23 29 25.5
5843 23 29 25.6
5844 23 29 25.5
5845 23 29 25.4
5847 22 29 25.3
5851 22 29 25.2
5857 23 29 25.3
5858 23 29 25.4
5860 23 29 25.5
5863 23 29 25.6
5866 23 29 25.5
5867 23 29 25.4
5868 23 29 25.5
5870 23 29 25.6
5871 22 29 25.5
5873 22 29 25.6
5876 22 28 25.5
5877 22 28 25.4
5878 22 28 25.5
5880 22 28 25.4
5881 22 28 25.5
5883 22 29 25.6
5884 22 29 25.7
5885 22 29 25.5
5886 22 29 25.6
5887 22 29 25.7
5890 22 29 25.8
5891 22 29 25.9
5892 23 29 26
5893 23 29 26
5894 23 29 26.1
5895 24 29 26.2
5898 24 29 26.1
5899 24 29 26
5900 24 30 26.1
5901 23 30 26
5902 23 30 26
5903 23 30 26
5908 23 29 25.9
5909 24 29 26
5910 24 29 26.1
5912 24 30 26.3
5914 24 31 26.5
5916 24 31 26.6
5919 24 31 26.4
5922 24 31 26.5
5923 25 31 26.7
5924 25 31 26.8
5925 25 31 26.9
5928 25 31 27.2
5930 25 31 27.1
5931 25 31 27.1
5932 25 31 27.2
5933 25 31 27.2
5936 25 31 27
5939 25 31 27.1
5941 25 31 27.2
5945 25 31 27.4
5946 25 31 27.5
5947 25 31 27.5
5950 25 32 27.6
5952 25 32 27.6
5954 25 32 27.6
5957 25 32 27.7
5959 25 32 27.6
5960 26 32 27.7
5964 26 32 27.8
5966 26 32 27.9
5967 26 32 27.9
5968 24 33 27.8
5970 24 33 28
5971 24 33 27.9
5973 24 33 28
5974 24 33 27.9
5975 24 33 27.8
5976 25 33 27.9
5978 25 33 28
5979 25 33 28.1
5980 25 33 28.3
5984 25 33 28.5
5985 25 33 28.5
5986 25 33 28.4
5987 26 33 28.5
5988 26 33 28.6
5989 26 33 28.7
5990 26 33 28.8
5991 26 33 28.8
5992 26 33 28.9
5996 26 33 28.8
5997 26 33 28.7
5998 26 33 28.7
6000 26 33 28.7
6009 26 34 28.8
6010 26 34 28.9
6011 26 34 29
6014 26 34 28.9
6017 26 34 28.9
6019 26 34 28.9
6020 26 34 29
6021 26 34 29.1
6022 26 34 29.2
6026 26 34 29.3
6028 26 34 29.2
6029 26 34 29.1
6031 26 34 29.3
6034 26 34 29.1
6035 26 34 29.1
6036 26 34 28.9
6039 26 34 28.7
6042 26 34 28.8
6043 26 34 28.6
6045 26 34 28.8
6046 26 34 28.9
6048 26 34 29
6049 26 34 28.9
6053 26 34 28.9
6054 26 34 28.7
6055 26 34 28.8
6056 26 34 28.6
6059 26 34 28.7
6060 26 34 28.8
6062 26 34 28.9
6063 26 34 29
6066 26 34 28.9
6068 26 34 28.7
6069 26 34 28.8
6070 26 34 28.7
6072 26 34 28.8
6075 26 34 28.9
6076 26 35 29.1
6077 26 35 29.2
6081 26 35 29.3
6083 26 35 29.4
6084 26 34 29.2
6086 26 34 29.3
6088 26 34 29.4
6089 26 34 29.2
6093 26 34 29.2
6096 26 34 29.1
6097 26 34 29.1
6103 23 34 28.8
6106 23 34 28.8
6107 23 34 28.9
6108 24 34 29
6111 25 34 29.1
6115 26 34 29.2
6117 26 34 29.3
6118 26 34 29.4
6122 26 34 29.5
6125 26 34 29.3
6126 26 34 29.2
6128 26 34 29.3
6129 26 34 29.4
6131 26 35 29.5
6133 26 36 29.6
6136 26 36 29.5
6137 26 36 29.4
6138 26 36 29.4
6139 26 35 29.3
6140 26 35 29.3
6141 26 34 29.2
6145 26 34 29.2
6150 26 34 29.3
6157 26 34 29.4
6158 26 34 29.4
6162 26 34 29.5
6165 26 34 29.5
6170 26 34 29.4
6172 26 34 29.7
6174 26 35 29.8
6176 26 35 29.9
6180 26 35 29.6
6181 26 35 29.4
6183 27 35 29.5
6186 27 35 29.6
6187 27 34 29.5
6191 27 34 29.5
6193 27 34 29.6
6195 27 34 29.7
6196 27 34 29.8
6200 27 34 29.7
6201 27 34 29.7
6203 27 34 29.6
6207 27 34 29.7
6208 27 34 29.8
6212 27 34 29.9
6215 27 34 29.8
6225 27 35 29.9
6226 27 35 30
6230 27 36 30.1
6231 27 36 30.3
6232 27 36 30.3
6238 27 34 30.1
6239 27 34 30
6240 27 34 30.2
6241 27 34 30.3
6243 27 35 30.4
6244 27 35 30.3
6247 27 35 30.2
6248 27 35 30.2
6249 27 35 30.3
6250 27 35 30.2
6251 27 34 30
6252 28 34 30.1
6254 28 34 30
6256 27 34 29.6
6259 26 34 29.4
6263 27 34 29.5
6269 27 34 29.6
6272 27 34 29.9
6277 27 34 30
6278 27 34 30
6280 27 34 29.8
6282 26 34 29.8
6285 26 34 29.7
6289 28 34 29.9
6291 28 33 29.8
6294 28 33 29.9
6297 27 33 29.8
6300 27 33 29.7
6303 28 33 29.8
6310 27 33 29.8
6315 27 33 29.9
6322 27 33 29.9
6326 27 33 30
6327 27 33 30.1
6337 27 33 30.2
6338 27 33 30.3
6343 27 33 30.2
6345 27 33 30.1
6347 27 33 30.2
6348 27 33 30.5
6350 27 33 30.6
6351 27 34 30.9
6354 27 34 30.8
6355 27 34 30.4
6356 27 34 30.3
6358 27 33 30.1
6359 27 33 30.1
6360 27 33 30
6362 27 33 30.1
6364 27 33 30.2
6366 27 33 30.3
6369 27 33 30.2
6370 27 33 30.2
6372 27 33 30.1
6373 27 33 30.2
6374 27 33 30.1
6380 27 33 30.1
6384 27 33 30.2
6390 28 33 30.3
6391 28 33 30.3
6392 28 33 30.4
6396 28 33 30.5
6397 28 33 30.6
6398 27 33 30.5
6403 28 33 30.5
6404 28 33 30.5
6410 27 33 30.4
6411 27 33 30.4
6412 27 33 30.4
6413 27 33 30.5
6417 26 34 30.5
6418 26 34 30.6
6421 26 35 30.7
6422 26 35 30.8
6426 26 35 30.8
6429 26 34 30.8
6430 26 34 30.9
6431 26 34 30.8
6432 26 34 30.9
6435 26 35 31
6436 26 35 31
6438 26 35 31
6443 26 35 31
6446 26 35 31
6447 26 35 31.1
6450 26 35 31.2
6453 27 35 31.4
6454 27 35 31.3
6457 27 35 31.2
6459 27 35 31.2
6460 27 35 31.3
6461 27 35 31.2
6462 27 35 31.3
6466 27 35 31.4
6467 27 35 31.4
6468 28 35 31.3
6469 28 35 31.2
6473 28 35 31.2
6474 28 35 31.3
6475 27 35 31.2
6478 27 35 31.3
6481 27 35 31.2
6482 27 35 31.1
6485 27 35 31.2
6500 27 35 31.3
6502 27 35 31.4
6506 28 35 31.6
6507 29 35 31.7
6508 29 35 31.6
6509 29 35 31.7
6510 29 35 31.8
6513 29 35 31.7
6514 29 35 31.6
6515 29 35 31.7
6516 29 35 31.8
6517 29 35 31.8
6520 29 35 31.9
6521 28 35 31.9
6523 28 35 31.9
6524 28 35 31.7
6527 28 35 31.8
6529 28 35 31.7
6530 28 36 31.9
6531 28 37 32
6538 28 37 32.1
6539 28 37 32.2
6540 28 35 32.1
6543 28 35 32.2
6545 28 35 32.1
6546 28 35 32
6550 29 35 32.1
6551 29 35 32
6556 29 35 32.1
6558 28 35 32
6563 28 35 31.8
6564 29 35 31.9
6569 29 35 32
6571 28 36 31.9
6572 28 36 32
6576 28 36 31.8
6577 29 36 32
6579 29 36 31.9
6580 29 36 31.9
6582 29 36 32
6583 29 36 31.9
6584 29 36 32
6585 28 36 31.9
6586 28 37 32
6588 28 37 32.1
6589 29 37 32.2
6591 30 37 32.3
6592 30 37 32.2
6594 30 36 32.1
6595 30 36 32.1
6598 30 36 32.2
6599 28 36 32
6601 28 36 32.2
6603 28 36 32.3
6606 28 36 32.2
6608 28 36 32.2
6610 28 36 32.3
6611 28 36 32.4
6612 28 36 32.6
6615 28 36 32.7
6618 28 36 32.9
6619 28 36 32.7
6620 28 36 32.8
6622 28 36 32.9
6623 28 36 32.8
6625 28 36 32.7
6629 28 36 32.9
6632 29 36 33.1
6634 29 36 33
6637 29 36 32.8
6639 29 36 32.8
6640 29 36 32.7
6643 29 36 33
6649 29 36 33.1
6650 29 36 33.1
6653 29 36 33.3
6656 29 36 33.2
6658 30 36 33.3
6660 30 36 33.2
6666 30 36 33.3
6671 30 36 33.2
6677 30 36 33.3
6679 30 36 33.4
6684 30 37 33.5
6685 30 37 33.4
6689 29 37 33.3
6691 29 36 33.2
6693 30 36 33.3
6695 30 36 33.4
6701 29 36 33.3
6704 29 36 33.4
6709 29 36 33.5
6717 29 36 33.4
6719 30 36 33.5
6721 30 36 33.5
6727 28 36 33.3
6733 28 36 33.4
6738 28 36 33.3
6740 28 36 33.2
6745 28 36 33.3
6746 28 36 33.2
6747 28 36 33.2
6748 28 36 33.3
6749 28 36 33.4
6751 28 37 33.5
6755 29 37 33.5
6756 29 37 33.4
6759 29 36 33.3
6762 28 36 33.2
6763 28 37 33.3
6764 28 37 33.4
6776 28 37 33.6
6777 28 37 33.7
6781 28 37 33.8
6784 28 37 33.5
6785 28 37 33.4
6786 28 37 33.3
6787 29 37 33.4
6790 29 37 33.2
6793 29 37 33.3
6801 30 37 33.4
6804 30 38 33.7
6805 30 38 33.8
6809 29 38 33.7
6811 29 37 33.3
6812 29 37 33.4
6813 29 37 33.4
6829 29 37 33.5
6831 29 37 33.3
6833 29 37 33.4
6836 29 37 33.5
6837 29 37 33.4
6838 30 37 33.6
6841 30 37 33.4
6843 30 37 33.3
6845 30 37 33.4
6848 30 37 33.5
6850 29 37 33.4
6852 29 37 33.5
6853 29 37 33.4
6856 29 37 33.5
6859 30 38 33.7
6862 30 38 33.8
6865 30 38 33.9
6867 30 38 34
6868 29 38 33.9
6870 30 38 34
6871 28 38 33.8
6872 28 39 34
6873 28 39 34.1
6874 29 39 34.2
6875 29 39 34.1
6876 29 39 34.3
6878 28 39 34.2
6879 28 39 34.1
6880 28 38 33.9
6884 28 38 33.8
6887 28 38 33.9
6890 28 38 34
6891 28 38 34.1
6892 29 38 34.2
6894 29 38 34.2
6897 29 38 34.2
6899 28 38 34.1
6900 28 38 34.2
6901 28 38 34.3
6903 28 38 34.4
6907 28 38 34.6
6908 28 38 34.6
6909 28 38 34.5
6910 28 38 34.4
6913 28 38 34.5
6915 28 39 34.6
6916 28 39 34.5
6922 28 39 34.6
6927 28 38 34.5
6928 28 38 34.4
6930 28 38 34.3
6933 28 38 34.2
6934 28 38 34.3
6935 28 38 34.3
6938 28 38 34.4
6939 30 38 34.6
6940 30 38 34.7
6941 30 38 34.8
6946 29 38 34.6
6947 29 38 34.5
6949 29 38 34.4
6954 29 38 34.5
6961 29 38 34.4
6962 29 38 34.7
6966 30 38 34.8
6968 30 38 34.9
6970 30 38 34.8
6974 30 38 34.9
6975 31 38 34.9
6976 31 38 34.9
6982 30 38 34.8
6985 30 38 34.9
6986 30 38 35
6987 30 38 35.1
6992 30 38 35
6994 31 38 35.1
6996 31 39 35.1
7001 30 39 35
7003 30 39 35.2
7004 30 39 35.3
7005 30 38 35.2
7009 30 38 35.3
7011 30 38 35.2
7017 30 38 35.1
7024 30 38 35.2
7025 30 39 35.3
7031 30 39 35.2
7033 30 38 35.1
7034 30 38 35.3
7037 30 39 35.5
7038 30 40 35.6
7040 30 40 35.7
7041 30 40 35.8
7043 30 40 35.6
7045 31 39 35.4
7046 31 38 35.3
7047 31 38 35.2
7048 31 38 35.2
7050 31 38 35.3
7053 30 38 35.3
7055 30 38 35.4
7056 30 38 35.4
7058 30 38 35.5
7061 30 38 35.6
7062 30 38 35.4
7063 30 38 35.3
7065 30 38 35.1
7066 30 38 35
7069 30 38 35
7080 30 39 35.1
7081 30 39 35.2
7082 30 39 35.3
7085 30 39 35.4
7086 30 39 35.5
7087 30 39 35.5
7089 30 39 35.5
7090 30 39 35.6
7091 30 39 35.7
7094 30 39 35.7
7095 30 39 35.6
7099 30 39 35.7
7102 30 39 35.8
7103 31 39 35.9
7107 31 39 35.8
7110 31 39 35.7
7111 31 39 35.7
7120 31 39 35.8
7125 32 39 35.7
7127 32 39 35.6
7132 31 39 35.5
7137 31 39 35.6
7148 31 39 35.7
7150 31 39 35.8
7154 31 39 35.8
7156 31 39 35.7
7158 32 39 35.7
7159 32 39 35.9
7161 32 39 36
7166 32 39 35.7
7168 32 39 35.7
7169 32 39 35.6
7174 32 39 35.7
7179 32 39 35.8
7180 33 39 35.9
7182 33 39 35.8
7187 32 39 35.7
7188 32 39 35.7
7189 32 39 35.6
7195 32 39 35.7
7197 32 39 35.6
7203 32 39 35.5
7204 32 39 35.6
7212 32 39 35.6
7213 32 39 35.5
7216 32 39 35.6
7217 32 39 35.7
7218 32 39 35.8
7221 32 39 35.9
7222 33 39 36
7228 33 39 36.1
7229 32 39 35.8
7230 32 39 35.9
7236 32 39 36
7237 32 39 35.8
7243 32 41 36
7244 32 41 35.8
7248 32 41 35.9
7251 32 41 35.9
7255 32 41 36
7257 32 42 36
7261 32 42 36.1
7262 32 42 36.1
7268 32 42 36.2
7269 32 42 36.3
7270 33 42 36.4
7277 31 42 36.2
7284 32 42 36.2
7287 32 42 36.3
7291 32 41 36.2
7293 32 41 36.3
7294 32 41 36.3
7300 32 41 36.1
7301 32 41 36.2
7305 32 41 36.3
7307 32 41 36.4
7308 32 41 36.4
7309 32 41 36.5
7312 32 41 36.6
7314 32 41 36.6
7320 32 41 36.4
7323 32 41 36.5
7326 32 41 36.6
7332 32 41 36.5
7333 32 41 36.6
7337 32 41 36.7
7346 32 41 36.8
7352 33 41 36.9
7353 33 41 37
7357 33 41 37.1
7360 31 41 36.8
7361 31 41 36.9
7363 31 41 36.7
7365 31 41 36.6
7366 31 41 36.5
7367 31 41 36.6
7368 31 41 36.5
7369 31 41 36.4
7375 31 41 36.5
7379 31 41 36.6
7380 32 41 36.7
7381 32 41 36.8
7382 32 41 36.6
7388 32 41 36.7
7394 32 41 36.9
7395 32 41 36.9
7400 32 41 37
7402 32 41 36.8
7404 32 41 36.5
7409 32 41 36.6
7415 32 41 36.7
7417 31 41 36.5
7422 31 43 36.5
7423 32 43 36.6
7434 32 43 36.7
7440 32 43 36.8
7441 32 43 36.7
7446 32 43 36.8
7449 32 43 36.7
7453 32 43 36.6
7456 32 43 36.7
7464 32 44 36.8
7466 32 44 36.9
7469 32 44 37
7473 32 43 36.9
7475 32 43 36.8
7476 32 43 36.7
7477 32 43 36.9
7478 32 43 37
7481 33 43 37.1
7484 33 43 36.8
7486 32 43 36.7
7490 32 43 36.6
7492 32 43 36.4
7494 32 43 36.5
7495 32 43 36.6
7496 32 43 36.5
7499 32 43 36.6
7506 32 43 36.4
7530 32 43 36.5
7534 32 43 36.7
7536 32 43 36.6
7541 32 43 36.3
7542 32 43 36.2
7545 32 43 36.3
7551 32 43 36.5
7552 32 43 36.6
7557 32 43 36.7
7559 32 44 36.8
7563 32 44 36.7
7564 32 44 36.6
7565 32 44 36.7
7567 32 44 36.8
7570 32 44 36.9
7573 33 44 37.1
7575 32 44 36.9
7576 32 44 36.8
7580 32 44 36.8
7581 32 44 36.9
7585 32 44 36.8
7587 32 44 36.9
7594 32 44 36.8
7595 32 44 36.9
7602 33 44 37
7606 33 44 37.1
7607 33 45 37.3
7611 33 45 37.4
7612 33 45 37.5
7613 33 45 37.3
7615 33 44 37.1
7619 33 44 36.8
7620 33 44 36.7
7622 33 44 36.8
7627 33 44 36.9
7628 33 44 37.1
7630 32 44 37
7635 32 44 36.9
7636 32 44 36.7
7638 32 44 36.6
7639 32 44 36.6
7661 32 44 36.7
7662 32 44 36.8
7664 33 44 36.9
7667 33 44 37
7668 33 44 37.2
7669 33 44 37.1
7670 33 44 37.2
7671 33 44 37.3
7675 33 44 37
7676 33 44 37
7683 33 44 37.1
7686 33 44 37.2
7690 33 45 37.2
7693 33 45 37.3
7694 33 45 37.4
7700 33 45 37.5
7703 33 45 37.3
7708 33 45 37.2
7709 33 45 37.3
7710 33 44 37.3
7711 33 44 37.4
7713 33 44 37.5
7716 33 44 37.5
7718 33 44 37.4
7720 33 44 37.3
7724 33 44 37.4
7732 33 44 37.4
7740 33 44 37.3
7749 33 44 37.3
7752 33 44 37.4
7757 33 44 37.5
7758 33 45 37.6
7759 33 45 37.5
7762 33 45 37.6
7764 33 45 37.5
7767 33 45 37.6
7774 33 45 37.5
7779 33 45 37.6
7799 33 45 37.7
7800 33 45 37.6
7807 33 45 37.7
7819 33 45 37.8
7820 33 45 37.9
7826 33 45 38
7827 33 45 37.8
7828 33 45 37.7
7830 33 45 37.8
7833 34 45 37.9
7834 34 45 38
7835 35 45 38.1
7841 35 45 38
7842 35 45 37.9
7846 35 45 38.1
7848 35 45 38.2
7849 36 45 38.3
7851 36 45 38.2
7853 34 45 38.1
7854 34 45 38.1
7856 34 45 38
7859 33 45 38
7860 33 45 37.9
7861 33 45 37.8
7862 33 45 37.7
7863 33 45 37.5
7865 33 45 37.5
7866 33 45 37.6
7867 33 45 37.3
7870 33 45 37.4
7875 33 45 37.2
7877 33 45 37
7878 33 45 36.9
7881 33 45 37
7883 33 45 37.1
7888 33 45 37.1
7893 33 45 37.2
7896 33 45 37.2
7901 33 45 37.4
7902 33 45 37.3
7908 32 45 37
7914 32 45 37.1
7918 32 45 37.2
7919 32 45 37.3
7921 32 45 37.2
7926 32 45 37
7930 32 45 37.2
7938 32 45 37
7944 32 45 37.2
7949 32 45 37.2
7950 32 45 37.3
7952 32 45 37.4
7959 32 45 37.3
7960 32 45 37.3
7970 32 45 37.4
7972 32 45 37.5
7977 32 45 37.6
7978 31 45 37.4
7979 31 45 37.2
7981 31 45 37.1
7985 31 45 37.2
7987 31 45 37.1
7988 31 45 36.9
7992 31 45 37
7993 31 45 36.9
7994 31 45 37
8006 31 45 36.9
8008 31 45 36.8
8013 31 45 36.9
8014 31 45 37
8019 31 45 36.8
8021 31 45 36.8
8026 32 45 37
8031 33 45 37.1
8037 32 45 37
8039 32 45 37.1
8040 32 45 37.2
8042 32 45 37.4
8045 31 45 37.3
8051 31 45 37.2
8052 31 45 37.2
8055 31 45 37.3
8056 31 45 37.4
8058 32 45 37.5
8063 32 45 37.4
8066 32 45 37.5
8073 32 45 37.4
8076 32 45 37.5
8080 32 45 37.4
8083 32 45 37.3
8107 33 45 37.5
8111 33 45 37.6
8112 33 45 37.7
8114 33 45 37.6
8119 33 45 37.7
8121 33 45 38.1
8123 33 45 38.2
8128 33 45 38.1
8130 33 45 38
8134 33 45 38.1
8142 33 45 37.9
8144 33 45 38
8148 33 45 38.1
8150 33 45 38.3
8156 33 45 38.2
8157 33 46 38
8175 33 46 38.1
8195 33 46 38.2
8204 33 46 38.2
8205 33 46 38.4
8206 33 46 38.5
8212 33 46 38.5
8213 33 46 38.4
8214 33 46 38.4
8216 34 46 38.6
8218 34 46 38.7
8221 34 46 38.8
8223 34 46 38.9
8224 34 46 39
8230 34 46 39.2
8231 34 46 39.1
8232 34 46 39.1
8237 34 46 38.8
8238 34 46 38.6
8244 34 46 38.7
8257 34 46 38.8
8261 34 46 38.9
8266 34 47 39
8269 34 47 38.8
8273 34 47 38.9
8275 34 46 38.9
8276 34 46 39
8282 34 46 39.2
8285 34 46 39.1
8293 34 46 39.2
8294 34 46 39.1
8299 34 46 39.3
8300 34 46 39.2
8306 34 46 39.1
8307 34 46 39
8316 34 46 38.8
8319 34 46 38.6
8322 34 47 38.7
8323 34 47 38.8
8326 34 47 38.9
8329 34 47 38.9
8330 34 47 39
8334 34 47 38.9
8337 34 47 38.8
8338 34 47 38.7
8340 34 47 38.8
8342 34 47 38.9
8343 34 47 39
8344 34 47 39.1
8347 34 47 39
8350 34 47 38.9
8351 34 47 38.8
8356 34 47 38.8
8362 34 47 38.9
8363 34 47 38.8
8365 33 47 38.6
8382 33 47 38.7
8384 33 47 38.8
8388 33 47 38.8
8398 32 47 38.7
8402 32 47 38.8
8403 32 47 38.9
8410 32 47 38.8
8411 32 47 38.9
8415 32 47 38.8
8418 32 47 38.7
8423 32 47 38.8
8425 32 47 38.9
8429 32 47 39
8430 32 47 38.9
8432 32 47 38.8
8445 32 47 38.9
8452 32 47 39
8453 32 47 39.1
8457 32 47 39
8458 32 47 39.1
8460 32 47 38.8
8466 32 47 38.9
8468 32 47 39
8473 33 47 39
8481 31 47 38.8
8492 31 47 38.9
8499 31 47 38.7
8506 31 47 38.8
8507 31 47 38.9
8509 31 47 39
8514 31 47 38.9
8516 31 47 38.8
8517 31 47 38.7
8519 31 47 38.8
8521 31 47 38.9
8526 31 47 38.8
8528 32 47 38.7
8530 32 47 38.6
8534 32 47 38.7
8536 31 47 38.7
8542 32 47 38.8
8544 32 47 38.7
8547 32 47 38.9
8548 32 47 39.1
8552 32 47 39.2
8555 32 47 39.1
8556 32 47 39
8561 32 47 38.9
8567 32 47 38.9
8575 32 47 38.7
8579 32 47 38.6
8582 32 47 38.7
8583 32 47 38.6
8589 32 47 38.7
8590 32 47 38.6
8595 32 47 38.7
8596 32 47 38.6
8598 32 47 38.4
8600 32 47 38.3
8608 32 47 38.4
8616 32 47 38.3
8617 32 47 38.4
8629 32 47 38.3
8632 32 47 38.4
8639 33 47 38.5
8640 33 47 38.4
8646 33 47 38.5
8652 33 47 38.6
8654 33 47 38.4
8656 33 47 38.5
8657 33 47 38.6
8658 33 47 38.7
8660 33 47 38.7
8662 33 47 38.8
8665 33 47 38.7
8669 33 47 38.6
8671 33 47 38.5
8676 33 47 38.4
8679 33 47 38.3
8684 33 47 38.4
8688 33 47 38.5
8691 33 47 38.4
8694 33 47 38.3
8697 33 47 38.4
8699 33 47 38.5
8700 34 47 38.6
8701 34 47 38.6
8705 33 47 38.7
8707 33 47 38.6
8708 33 47 38.6
8709 33 47 38.5
8712 33 47 38.2
8713 33 47 38.3
8714 32 47 38.1
8720 32 47 37.9
8721 33 47 38
8741 32 47 38
8748 33 47 38.1
8759 33 47 38.2
8765 33 47 38.3
8767 33 47 38.2
8769 33 47 38.3
8776 33 47 38.4
8782 33 47 38.5
8784 32 47 38.3
8786 32 47 38.1
8789 32 47 38
8793 32 47 38.1
8800 32 47 38
8802 32 48 38.1
8807 32 48 38.4
8815 32 48 38
8830 32 49 38.2
8837 32 49 38.3
8848 32 49 38.5
8856 32 49 38.4
8858 32 49 38.5
8862 32 49 38.7
8863 32 49 38.5
8867 32 49 38.5
8870 32 49 38.3
8872 32 49 38.4
8876 32 49 38.5
8878 32 49 38.6
8884 32 49 38.7
8887 32 49 38.6
8891 32 49 38.6
8892 32 49 38.7
8896 33 49 39.1
8903 33 49 39.2
8904 33 49 39
8905 33 49 39.2
8906 33 49 39.3
8912 33 49 39.4
8913 33 49 39.3
8917 34 49 39.4
8919 34 49 39.5
8926 34 49 39.4
8938 34 49 39.5
8946 34 49 39.6
8948 34 49 39.7
8953 34 49 39.6
8954 34 49 39.7
8956 34 49 39.5
8963 34 49 39.5
8967 34 49 39.3
8975 34 49 39.4
8976 34 49 39.5
8983 34 49 39.2
8986 34 49 39
8989 34 49 39.1
8999 34 49 39.2
9007 34 49 39.1
9024 34 49 38.9
9030 34 49 39
9033 34 49 39.2
9038 34 49 39.1
9041 34 49 39.1
9062 34 49 39.2
9064 34 49 39.3
9070 34 49 39.4
9072 34 49 39.4
9078 34 49 39.5
9098 34 49 39.2
9099 34 49 39.3
9103 34 49 39.4
9109 34 49 39.5
9111 34 49 39.6
9112 33 49 39.6
9116 33 49 39.7
9118 33 49 39.5
9124 33 49 39.5
9125 33 49 39.6
9127 33 49 39.7
9131 33 49 39.8
9133 34 49 39.9
9134 33 49 39.8
9137 33 49 39.9
9141 32 49 39.9
9144 32 49 39.8
9153 32 49 39.9
9154 32 49 40
9158 32 49 40.2
9160 32 49 40.1
9166 32 49 40.2
9167 32 49 40.3
9179 32 49 40.4
9180 32 49 40.5
9186 32 49 40.4
9193 32 49 40.5
9201 34 49 40.6
9205 34 49 40.7
9209 33 49 40.7
9215 34 49 40.8
9222 34 49 40.9
9223 34 49 41
9230 34 49 40.8
9235 34 49 40.9
9237 34 49 41
9240 34 49 41.1
9249 34 49 41.2
9256 34 49 41.1
9257 34 49 40.9
9260 34 49 41
9268 34 49 41.1
9275 34 49 41
9279 34 49 40.9
9297 35 49 41
9311 35 49 41.1
9315 36 49 41.2
9317 36 49 41.3
9323 36 49 41.4
9325 36 49 41.3
9329 36 49 41.4
9330 36 49 41.3
9342 36 49 41.4
9343 36 49 41.5
9344 36 49 41.7
9345 36 49 41.8
9351 36 49 41.7
9352 36 49 41.6
9358 36 49 41.7
9359 36 49 41.8
9366 36 49 41.7
9368 36 49 41.6
9372 36 49 41.7
9377 36 49 41.6
9386 36 49 41.7
9387 36 49 41.9
9395 36 49 41.8
9408 37 49 41.9
9411 38 49 42
9415 38 49 42
9418 38 49 42.2
9419 37 49 42.1
9425 38 49 42.3
9443 38 49 42.4
9449 39 49 42.5
9450 39 49 42.4
9460 39 49 42.6
9473 39 49 42.7
9474 39 49 42.8
9480 39 49 42.9
9487 39 49 42.8
9488 39 49 42.9
9490 39 49 43
9514 39 49 43.1
9518 39 49 42.9
9523 39 49 42.9
9529 39 49 43
9535 39 49 43.1
9537 39 49 43.3
9544 39 49 42.9
9549 39 49 43.1
9551 39 49 43.2
9553 40 49 43.4
9556 40 49 43.5
9557 38 49 43.3
9563 38 49 43.2
9565 38 49 43.3
9572 38 49 43.3
9583 38 49 43.4
9586 38 49 43.5
9592 38 49 43.7
9594 38 49 43.8
9599 38 49 43.7
9600 38 49 43.8
9601 38 49 43.7
9610 38 49 43.8
9618 38 49 43.9
9624 38 49 43.8
9633 39 49 44
9640 39 49 43.9
9641 39 49 44
9659 40 49 44.1
9666 38 49 43.9
9672 40 49 44.1
9674 40 49 44.2
9676 40 49 44.3
9680 38 49 44.1
9682 38 49 44.3
9685 38 49 44.2
9696 38 49 44.3
9699 39 49 44.4
9727 39 49 44.5
9737 39 49 44.6
9754 41 49 44.8
9755 41 49 44.9
9758 41 49 45.1
9762 40 49 45
9788 40 49 45.1
9797 40 49 45.1
9823 41 49 45.2
9826 41 49 45.3
9831 40 49 45.2
9837 40 49 45.3
9839 40 49 45.4
9845 40 49 45.5
9851 41 49 45.6
9855 41 49 45.7
9858 40 49 45.6
9893 40 49 45.4
9909 40 49 45.5
9917 40 49 45.3
9920 41 49 45.4
9922 41 49 45.5
9923 41 49 45.6
9932 40 49 45.5
9940 40 49 45.6
9942 40 49 45.4
9971 40 49 45.2
9974 41 49 45.3
9978 41 49 45.4
9982 40 49 45.3
9986 40 49 45.2
9996 40 49 45.3
9998 40 49 45.4
10011 40 49 45.3
10015 40 49 45.2
10016 41 49 45.3
10018 41 49 45.4
10046 41 49 45.2
10063 41 49 45.3
10072 41 49 45.2
10074 41 49 45.3
10084 42 49 45.4
10092 41 49 45.3
10119 41 49 45.4
10128 41 49 45.5
10142 41 49 45.6
10151 41 49 45.5
10155 41 49 45.6
10198 41 49 45.7
10224 41 49 45.5
10238 41 49 45.8
10242 41 49 45.9
10249 41 49 45.8
10250 41 49 45.7
10252 41 49 45.8
10263 41 49 45.9
10279 41 49 46
10281 41 49 46.1
10292 41 49 46.2
10293 41 49 46.3
10302 41 49 46.1
10400 42 49 46.2
10406 42 49 46.3
10420 40 49 46.1
10430 40 49 45.9
10455 41 49 46
10462 40 49 45.9
10496 41 49 46
10498 41 49 46.1
10510 42 49 46.2
10518 40 49 46
10551 41 49 46.1
10554 41 49 46.2
10555 41 49 46.3
10589 41 49 46.4
10599 41 49 46.5
10607 41 49 46.4
10614 41 49 46.5
10620 43 49 46.7
10623 43 49 46.8
10627 42 49 46.7
10631 42 49 46.6
10640 42 49 46.8
10650 42 49 46.9
10651 42 49 47
10654 42 49 47.1
10668 41 49 47
10691 41 49 47.1
10709 41 49 47.2
10786 41 49 47.3
10802 41 49 47.4
10836 41 49 47.5
10894 43 49 47.7
10902 42 49 47.6
10922 43 49 47.7
10949 44 49 47.8
10957 42 49 47.6
11018 43 49 47.7
11042 43 49 47.8
11069 43 49 47.6
11083 43 49 47.7
11096 43 49 47.8
11101 44 49 47.9
11131 44 49 48
11138 44 49 48.1
11162 44 49 48.2
11265 45 49 48.3
11273 44 49 48.2
11310 44 49 48.3
11320 45 49 48.4
11419 45 49 48.4
11420 45 49 48.3
11471 46 49 48.4
11526 47 49 48.5
11557 47 49 48.6
11605 47 49 48.7
11649 48 49 48.8
11760 48 49 48.9
11849 47 49 48.7
12044 47 49 48.8
12322 48 49 48.9
12789 49 49 49
18664 48 49 48.9
19715 49 49 49
20736 48 49 48.9
21278 49 49 49
22137 48 49 48.9
23023 49 49 49
28925 48 49 48.9
29193 49 49 49
29296 48 49 48.9
29784 49 49 49
32709 48 49 48.9
33128 49 49 49
34936 48 49 48.9
35122 49 49 49
36179 48 49 48.9
37141 49 49 49
44670 48 49 48.9
45488 49 49 49
54235 48 49 48.9
54997 49 49 49
86572 48 49 48.9
87224 49 49 49
88396 48 49 48.9
88952 47 49 48.8
89035 48 49 48.9
89899 49 49 49
94475 48 49 48.9
95223 49 49 49
111057 48 49 48.9
111435 49 49 49
117025 48 49 48.9
117335 49 49 49
122532 48 49 48.9
122959 49 49 49
122971 48 49 48.9
123686 49 49 49
123706 48 49 48.9
123906 49 49 49
129350 48 49 48.9
129673 49 49 49
132261 48 49 48.9
132686 49 49 49
136257 46 49 48.7
136566 47 49 48.8
136574 44 49 48.5
136854 45 49 48.6
136863 43 49 48.4
136923 44 49 48.5
137032 45 49 48.6
137040 44 49 48.5
137041 43 49 48.4
137087 44 49 48.5
137095 43 49 48.4
137170 44 49 48.5
137184 45 49 48.6
137192 43 49 48.4
137389 44 49 48.5
137494 45 49 48.6
137499 44 49 48.5
137568 45 49 48.6
137577 43 49 48.4
137628 44 49 48.5
137632 43 49 48.4
137635 42 49 48.3
137719 44 49 48.5
137727 42 49 48.3
137732 40 49 48.1
137746 41 49 48.2
137754 39 49 48
137767 38 49 47.9
137843 39 49 48
137898 40 49 48.1
137907 38 49 47.9
137967 39 49 48
137975 37 49 47.8
137994 38 49 47.9
138000 38 49 47.9
138172 39 49 48
138180 38 49 47.9
138200 39 49 48
138227 40 49 48.1
138235 39 49 48
138236 38 49 47.9
138337 39 49 48
138338 40 49 48.1
138346 38 49 47.9
138347 37 49 47.8
138350 36 49 47.7
138420 37 49 47.8
138434 38 49 47.9
138435 39 49 48
138443 37 49 47.8
138626 37 49 47.6
138630 37 49 47.5
138653 38 49 47.6
138662 37 49 47.5
138667 38 49 47.6
138708 40 49 47.8
138717 37 49 47.5
138722 38 49 47.6
138763 39 49 47.7
138788 39 49 47.6
138831 40 49 47.7
138840 40 49 47.7
138900 41 49 47.8
138908 40 49 47.7
138941 41 49 47.8
138949 39 49 47.6
139120 40 49 47.7
139140 38 49 47.5
139141 39 49 47.6
139147 38 49 47.5
139153 37 49 47.4
139175 38 49 47.5
139182 37 49 47.4
139216 38 49 47.5
139224 37 49 47.4
139230 38 49 47.5
139249 38 49 47.6
139271 39 49 47.7
139279 37 49 47.5
139346 36 49 47.4
139374 36 49 47.5
139383 36 49 47.2
139477 37 49 47.3
139511 37 49 47.4
139518 38 49 47.5
139520 38 49 47.4
139525 38 49 47.3
139573 39 49 47.4
139581 37 49 47.2
139587 38 49 47.3
139676 38 49 47.4
139683 39 49 47.5
139684 39 49 47.4
139691 38 49 47.3
139711 39 49 47.4
139738 40 49 47.5
139766 41 49 47.6
139793 42 49 47.7
139802 41 49 47.6
139807 42 49 47.7
139821 43 49 47.8
139875 43 49 47.9
139944 43 49 48
139964 44 49 48.1
139971 43 49 48
139972 40 49 47.7
140019 41 49 47.8
140027 40 49 47.7
140061 41 49 47.8
140069 40 49 47.7
140088 40 49 47.6
140136 40 49 47.7
140143 41 49 47.8
140152 40 49 47.7
140170 42 49 47.9
140179 40 49 47.7
140205 40 49 47.8
140267 41 49 47.9
140275 40 49 47.8
140280 41 49 47.9
140287 40 49 47.8
140321 40 49 47.6
140351 41 49 47.7
140358 40 49 47.6
140364 39 49 47.5
140372 39 49 47.5
140411 39 49 47.6
140493 39 49 47.7
140692 40 49 47.8
140700 38 49 47.6
140774 40 49 47.8
140782 38 49 47.6
140871 40 49 47.8
140994 41 49 47.9
140995 42 49 48
141002 42 49 48.1
141003 41 49 48
141015 40 49 47.9
141022 41 49 48
141035 42 49 48.1
141043 41 49 48
141063 42 49 48.1
141070 42 49 48.2
141071 40 49 48
141090 41 49 48.1
141098 39 49 47.9
141104 40 49 48
141125 40 49 48.1
141187 41 49 48.2
141242 42 49 48.3
141250 40 49 48.1
141324 42 49 48.3
141333 40 49 48.1
141434 41 49 48.2
141509 39 49 48
141571 40 49 48.1
141580 39 49 48
141654 40 49 48.1
141662 38 49 47.9
141681 40 49 48.1
141690 39 49 48
141736 41 49 48.2
141745 40 49 48.1
141845 41 49 48.2
141853 39 49 48
141894 40 49 48.1
141900 40 49 48.1
141906 38 49 47.9
141928 39 49 48
141937 38 49 47.9
141970 39 49 48
142203 41 49 48.2
142230 42 49 48.3
142238 41 49 48.2
142285 42 49 48.3
142294 40 49 48.1
142340 41 49 48.2
142478 42 49 48.3
142532 43 49 48.4
142615 44 49 48.5
142656 45 49 48.6
142663 44 49 48.5
142697 45 49 48.6
142766 46 49 48.7
143233 47 49 48.8
143242 46 49 48.7
143301 47 49 48.8
143329 48 49 48.9
144153 49 49 49
147105 48 49 48.9
147854 49 49 49
158922 48 49 48.9
159520 49 49 49
162407 48 49 48.9
163430 49 49 49
169189 48 49 48.9
169484 49 49 49
175086 48 49 48.9
175422 49 49 49
176149 48 49 48.9
176898 49 49 49
182521 48 49 48.9
182967 49 49 49
184534 48 49 48.9
184815 49 49 49
186669 48 49 48.9
186799 49 49 49
192693 48 49 48.9
193009 49 49 49
193083 48 49 48.9
193132 49 49 49
204253 48 49 48.9
204713 49 49 49
210950 48 49 48.9
211493 49 49 49
220472 48 49 48.9
221042 49 49 49
238697 48 49 48.9
239308 49 49 49
242212 48 49 48.9
242280 48 49 48.8
242892 48 49 48.9
242925 49 49 49
248577 48 49 48.9
249106 49 49 49
260828 48 49 48.9
261522 49 49 49
266891 48 49 48.9
267579 49 49 49
284737 48 49 48.9
285650 49 49 49
286827 48 49 48.9
287822 49 49 49
292403 48 49 48.9
292931 49 49 49
300000 49 49 49
