0 0 0 0
4232 0 1 0.1
4309 0 1 0.2
4333 0 1 0.3
4373 0 1 0.4
4377 0 1 0.5
4386 0 1 0.6
4408 0 2 0.7
4415 0 2 0.7
4416 0 2 0.8
4428 0 2 0.9
4429 0 2 1
4436 0 3 1.1
4437 0 3 1
4439 0 3 1.1
4443 0 3 1.1
4444 0 2 1
4452 0 2 1.1
4460 0 2 1.1
4463 0 2 1.2
4471 0 2 1.2
4500 0 2 1.2
4502 0 2 1.3
4522 0 2 1.4
4523 0 2 1.5
4525 0 2 1.6
4544 0 3 1.7
4547 1 3 1.8
4551 1 2 1.7
4574 1 3 1.8
4608 1 4 1.9
4616 1 2 1.7
4639 1 2 1.7
4641 1 2 1.7
4645 1 2 1.8
4656 1 2 1.9
4657 1 3 2
4664 1 3 2
4665 1 2 1.9
4668 1 3 2
4745 1 3 2.1
4752 1 4 2.2
4754 1 4 2.3
4759 1 3 2.2
4762 1 3 2.2
4781 1 3 2.3
4789 1 3 2.3
4790 1 3 2.3
4822 1 3 2.4
4827 1 3 2.5
4831 1 3 2.5
4834 1 3 2.5
4838 1 3 2.5
4841 1 3 2.6
4842 1 3 2.6
4848 1 4 2.7
4849 1 4 2.7
4864 1 4 2.8
4872 1 5 2.9
4875 2 5 3
4884 2 5 3.1
4894 2 5 3.2
4902 2 5 3.2
4906 2 5 3.2
4912 2 5 3.2
4915 2 5 3.3
4922 2 5 3.2
4935 2 5 3.3
4950 3 5 3.5
4958 3 5 3.5
4959 3 5 3.5
4964 3 5 3.6
4967 3 5 3.7
4974 3 5 3.8
4985 3 5 3.9
4988 3 5 4
4989 3 6 4.1
4990 3 6 4.2
4992 3 6 4.1
4997 3 6 4.1
5001 3 6 4
5003 3 6 3.9
5005 3 6 4
5007 3 6 4.1
5012 3 6 4
5013 3 6 4
5014 3 6 4
5019 3 6 4.1
5020 3 6 4.1
5021 3 6 4.1
5028 3 6 4
5032 3 6 4.1
5035 3 6 4
5038 3 6 4.1
5040 3 6 4.1
5041 3 6 4.1
5044 3 6 4.2
5046 3 6 4.1
5050 3 6 4.1
5051 3 6 4
5053 3 6 4
5061 3 6 4.1
5068 3 6 4
5072 3 6 4
5074 3 6 4
5081 3 6 4.1
5086 3 6 4.2
5088 3 6 4.3
5089 3 6 4.3
5090 3 6 4.4
5096 3 5 4.3
5098 3 5 4.3
5115 3 5 4.3
5131 3 5 4.3
5138 3 5 4.3
5140 3 5 4.3
5142 3 5 4.3
5143 3 5 4.3
5144 3 5 4.4
5150 3 5 4.5
5151 3 5 4.4
5158 3 5 4.4
5164 3 6 4.5
5165 3 6 4.5
5166 3 6 4.6
5167 3 6 4.5
5172 3 5 4.4
5173 3 5 4.3
5174 4 5 4.4
5181 3 5 4.3
5183 3 5 4.3
5184 3 5 4.2
5197 3 6 4.3
5205 3 6 4.3
5206 3 6 4.3
5208 3 6 4.4
5212 3 6 4.5
5217 3 6 4.4
5220 3 6 4.4
5243 3 6 4.5
5250 3 6 4.5
5256 3 6 4.6
5264 3 6 4.6
5271 3 6 4.6
5276 3 6 4.5
5278 3 6 4.5
5286 3 6 4.4
5287 3 6 4.4
5308 3 6 4.5
5312 3 6 4.5
5315 2 6 4.4
5324 2 6 4.5
5331 2 6 4.4
5332 2 6 4.3
5352 2 6 4.4
5360 2 6 4.4
5373 2 6 4.5
5381 2 6 4.5
5405 2 6 4.6
5415 2 6 4.7
5423 2 6 4.4
5450 2 6 4.5
5468 3 6 4.6
5475 3 6 4.6
5481 3 6 4.7
5485 3 6 4.9
5488 3 6 4.8
5489 3 6 4.9
5492 3 6 4.8
5497 3 6 4.7
5501 3 7 4.8
5509 3 6 4.7
5521 3 7 4.8
5530 3 6 4.7
5531 3 6 4.8
5535 3 6 4.9
5538 3 7 5
5540 3 7 5.1
5546 3 6 5
5554 3 6 5
5575 3 7 5.1
5578 3 7 5.2
5584 3 6 5.1
5592 4 6 5.2
5596 4 7 5.3
5598 4 7 5.4
5605 4 7 5.4
5607 4 8 5.6
5615 4 7 5.4
5617 4 7 5.5
5624 4 7 5.4
5631 4 7 5.6
5638 4 7 5.7
5668 4 7 5.8
5676 4 7 5.7
5677 4 7 5.8
5679 4 7 5.9
5680 4 7 6
5686 4 7 6
5688 4 7 5.9
5693 4 8 6
5723 5 8 6.1
5741 5 8 6.2
5746 5 8 6.3
5748 5 8 6.2
5780 5 8 6.3
5785 5 8 6.4
5787 5 8 6.5
5793 5 8 6.4
5794 5 8 6.3
5796 5 8 6.3
5799 5 8 6.2
5805 5 8 6.3
5806 5 8 6.5
5819 5 8 6.6
5832 5 8 6.7
5837 5 8 6.8
5849 5 8 6.7
5854 5 8 6.8
5867 6 8 6.9
5874 5 8 6.8
5883 5 8 6.9
5885 5 8 7
5898 5 8 6.9
5902 5 9 7
5905 5 9 7
5911 5 9 7.1
5935 6 9 7.2
5942 5 9 7.1
5955 5 9 7.2
5958 5 9 7.2
5962 6 9 7.2
5965 6 9 7.2
5974 6 9 7.3
5998 6 9 7.4
6005 6 9 7.5
6006 6 9 7.4
6032 6 9 7.5
6062 6 9 7.5
6070 6 9 7.6
6077 6 9 7.7
6084 6 9 7.8
6086 6 9 7.9
6104 6 9 7.8
6120 6 9 7.7
6149 6 9 7.8
6157 6 9 7.8
6159 6 9 7.9
6180 6 9 8
6188 6 9 7.9
6189 4 9 7.7
6209 4 9 7.8
6235 5 9 7.9
6238 5 9 8
6243 5 9 8
6290 5 9 8.1
6292 5 9 8.2
6293 5 9 8
6316 5 9 7.8
6332 6 9 7.9
6340 5 9 7.8
6455 6 9 7.9
6463 5 9 7.8
6474 5 9 7.9
6498 5 9 8
6561 5 9 8.1
6578 6 9 8.2
6603 6 9 8.3
6633 6 9 8.4
6661 7 9 8.5
6666 7 9 8.6
6669 6 9 8.5
6675 6 9 8.4
6726 6 9 8.5
6743 7 9 8.6
6881 7 9 8.7
6900 8 9 8.8
7133 8 9 8.9
7224 9 9 9
10997 8 9 8.9
11271 9 9 9
13730 8 9 8.9
14231 9 9 9
29096 8 9 8.9
29529 9 9 9
131007 6 9 8.7
131247 7 9 8.8
131256 6 9 8.7
131268 5 9 8.6
131439 6 9 8.7
131447 5 9 8.6
131590 6 9 8.7
131598 5 9 8.6
131658 7 9 8.8
131666 6 9 8.7
131707 5 9 8.6
131810 6 9 8.7
131818 5 9 8.6
131837 6 9 8.7
132194 7 9 8.8
132386 8 9 8.9
132414 9 9 9
148542 8 9 8.9
148652 9 9 9
150909 8 9 8.9
151150 9 9 9
151170 8 9 8.9
151727 9 9 9
151747 8 9 8.9
152097 9 9 9
181226 8 9 8.9
181686 9 9 9
271067 8 9 8.9
271514 9 9 9
278785 8 9 8.9
279176 9 9 9
300000 9 9 9
